[맵 상태 출력]
10111000001100110000000000000101100010001000101111
00000000110100000011100000001000010100100000001100
00010001000000100001100100000000100101001000000000
01000001100000100000000000000000001001000110001000
00000000000001101010100010000110000000000001000000
00100011001100001010100100000000000100000001000100
11100000001000000100000100001010000010100000100001
00001001100000000100110010000100000000001000001010
10000000101000101000000001000001011100000000010100
00000000000011001000000000000000100111000010000000
01000100000100000000001010001000010000001001000100
00011010010000000001110000000110000000000100011101
01000010000000000000000000001010000010000000010001
01010001001000011000000010000010000000000000111010
11001001011100100100000000100100101100001000000000
00000100000001100000000000000010011100010000000000
00010000010100000001000010100110101000000001100100
01000100000000011010010000011000001000001010001001
00000001100011000000000000001000000000000000000000
00000000111110100000100100000000000000010001000001
00010001100000011001000000101100000010000001000000
01010100010100100100101101000001000000000000000011
10001001000001000100000000000000101101010000000111
00000000010001100000100100000000001100010101010000
00101000010000100001010000000110100000000000010011
00000000010100010100000001000001011011101010000001
10100000000000011000000000000000000000101000100001
00000000000010001000000000010000100100010000001000
00110001100100100000011000010010001000100010001000
01000000000000000010010000001110001000000001000000
10000100010000000010001110000000110000100000010000
00110000011000000100000100000100100001000000000001
00000111000000000000000000110000000000001000000001
10000000001101001000000010000000100000000000000110
10000111001001000000000000000100010000001100010000
10010010000000101000110000001000101000100010000000
10100000000001000000100000001101100000010000000000
10001010100000000000000000000000100100000010000010
00100010000000100000000100101100000101101001000100
00000001000010000110100000000000010000000000100000
01100010000000100001000000000100001100101000110000
00001100110101000000000000101000010001000000000100
00000000001110000010000010010000000001010001000000
00001000010110100001001010000001010000000000010000
01000000000100000100000000000000000010000001011000
00100000001001000000010000110100100000000100000000
00000110000000001000100001100001000000000011000010
01001000000000000001010000000000010101110100110000
10001100000000001011100000000100000001001000000100
00100001000000011000000000000000110000000000001010