<Hierarchy>:
	<Frame>: 0 5 Barn2_Door_A
		<Transform>: 0 0 0 0 0 0 1 1 1 0 0 0 1  
		<TransformMatrix>: 1 0 0 0 0 1 0 0 0 0 1 0 0 0 0 1  
		<BoxCollider>: 1 -2.297525 1.629994 0.05779624 4.594944 3.538213 0.1921678  
		<Mesh>: 538 Barn2_Door_A
			<Bounds>: -2.297525 1.620057 0.05779624 2.297472 1.759169 0.09608388
			<Positions>: 538 -0.2694929 -0.08036546 0.0869906 -0.2694929 0.01832949 0.08699059 -0.2694929 -0.08036546 0.07176756 -0.2694929 0.01832949 0.07176755 -0.3305056 -0.08036546 0.0869906 -0.3305056 0.01832949 0.08699059 -0.3305056 -0.08036546 0.07176756 -0.3305056 0.01832949 0.07176755 -0.3000002 0.0008879304 0.02867056 -0.3000002 0.0008879378 0.07356349 -0.3350002 -0.008490294 0.02867056 -0.3350002 -0.008490283 0.0735635 -0.360622 -0.03411208 0.02867056 -0.360622 -0.03411207 0.0735635 -0.3700002 -0.06911208 0.02867056 -0.3700002 -0.06911208 0.0735635 -0.360622 -0.1041121 0.02867056 -0.360622 -0.1041121 0.0735635 -0.3350002 -0.1297339 0.02867057 -0.3350002 -0.1297339 0.07356351 -0.3000002 -0.1391121 0.02867058 -0.3000002 -0.1391121 0.07356351 -0.2650002 -0.1297339 0.02867057 -0.2650002 -0.1297339 0.07356351 -0.2393784 -0.1041121 0.02867056 -0.2393784 -0.1041121 0.0735635 -0.2300002 -0.06911211 0.02867056 -0.2300002 -0.06911211 0.0735635 -0.2393784 -0.03411211 0.02867056 -0.2393784 -0.0341121 0.0735635 -0.2650001 -0.008490317 0.02867056 -0.2650001 -0.008490302 0.0735635 -1.878202 -0.08036546 0.0869906 -1.878202 0.01832949 0.08699059 -1.878202 -0.08036546 0.07176756 -1.878202 0.01832949 0.07176755 -1.939215 -0.08036546 0.0869906 -1.939215 0.01832949 0.08699059 -1.939215 -0.08036546 0.07176756 -1.939215 0.01832949 0.07176755 -1.90871 0.0008879304 0.02867056 -1.90871 0.0008879378 0.07356349 -1.94371 -0.008490294 0.02867056 -1.94371 -0.008490283 0.0735635 -1.969332 -0.03411208 0.02867056 -1.969332 -0.03411207 0.0735635 -1.97871 -0.06911208 0.02867056 -1.97871 -0.06911208 0.0735635 -1.969332 -0.1041121 0.02867056 -1.969332 -0.1041121 0.0735635 -1.94371 -0.1297339 0.02867057 -1.94371 -0.1297339 0.07356351 -1.90871 -0.1391121 0.02867058 -1.90871 -0.1391121 0.07356351 -1.87371 -0.1297339 0.02867057 -1.87371 -0.1297339 0.07356351 -1.848088 -0.1041121 0.02867056 -1.848088 -0.1041121 0.0735635 -1.83871 -0.06911211 0.02867056 -1.83871 -0.06911211 0.0735635 -1.848088 -0.03411211 0.02867056 -1.848088 -0.0341121 0.0735635 -1.87371 -0.008490317 0.02867056 -1.87371 -0.008490302 0.0735635 -3.561336 -0.08036546 0.0869906 -3.561336 0.01832949 0.08699059 -3.561336 -0.08036546 0.07176756 -3.561336 0.01832949 0.07176755 -3.622348 -0.08036546 0.0869906 -3.622348 0.01832949 0.08699059 -3.622348 -0.08036546 0.07176756 -3.622348 0.01832949 0.07176755 -3.591843 0.0008879304 0.02867056 -3.591843 0.0008879378 0.07356349 -3.626843 -0.008490294 0.02867056 -3.626843 -0.008490283 0.0735635 -3.652465 -0.03411208 0.02867056 -3.652465 -0.03411207 0.0735635 -3.661843 -0.06911208 0.02867056 -3.661843 -0.06911208 0.0735635 -3.652465 -0.1041121 0.02867056 -3.652465 -0.1041121 0.0735635 -3.626843 -0.1297339 0.02867057 -3.626843 -0.1297339 0.07356351 -3.591843 -0.1391121 0.02867058 -3.591843 -0.1391121 0.07356351 -3.556843 -0.1297339 0.02867057 -3.556843 -0.1297339 0.07356351 -3.531221 -0.1041121 0.02867056 -3.531221 -0.1041121 0.0735635 -3.521843 -0.06911211 0.02867056 -3.521843 -0.06911211 0.0735635 -3.531221 -0.03411211 0.02867056 -3.531221 -0.0341121 0.0735635 -3.556843 -0.008490317 0.02867056 -3.556843 -0.008490302 0.0735635 -1.880904 1.712501 0.1538801 -1.880904 1.712501 0.06962872 -1.870118 1.871396 0.1538801 -4.083259 1.777718 0.06175041 -3.991399 1.936613 0.1460018 -4.083258 1.777718 0.1460018 -4.588207 1.902144 0.1501226 -1.870117 1.871396 0.07476521 -4.588207 1.902144 0.07100773 -3.991398 1.936613 0.0668869 -0.1130427 1.902144 0.1501226 -0.07797119 1.743249 0.06587124 -0.1130426 1.902144 0.07100773 -0.07797107 1.743249 0.1501226 -4.542809 1.743249 0.06587124 -4.542809 1.743249 0.1501226 -5.301856E-05 -0.0002174547 0.09402084 -4.594997 3.379227 0.0940218 -2.297525 3.379227 0.0940218 -5.301856E-05 3.379227 0.0940218 -4.594997 -0.0002174547 0.09402084 -2.297525 -0.0002174547 0.09402084 -0.07743225 3.301847 0.009687431 -2.220146 3.301847 0.009687431 -2.297525 -0.0002174547 0.009688377 -4.594997 -0.0002174547 0.009688377 -2.220146 3.301847 0.0940218 -0.07743236 3.301847 0.0940218 -0.07743236 0.07716189 0.09402084 -2.220146 0.07716189 0.09402084 -4.517618 3.301847 0.0940218 -2.374904 3.301847 0.0940218 -2.374904 0.07716189 0.09402084 -4.517618 0.07716189 0.09402084 -5.301856E-05 3.379227 0.009687431 -2.297525 3.379227 0.009687431 -4.594997 3.379227 0.009687431 -5.301856E-05 -0.0002174547 0.009688377 -2.987889 1.743249 0.1501226 -2.987889 1.743249 0.06587124 -2.936567 1.902144 0.1501226 -2.936565 1.902144 0.07100773 -0.934813 1.71264 0.06300259 -0.946956 1.871535 0.147254 -0.9469553 1.871535 0.06813908 -0.9348128 1.71264 0.147254 -0.07743225 0.07716189 0.009688377 -2.220146 0.07716189 0.009688377 -4.517618 3.301847 0.009687431 -2.374904 3.301847 0.009687431 -2.374904 0.07716189 0.009688377 -4.517618 0.07716189 0.009688377 -1.880904 1.643082 -0.03828764 -1.880904 1.643082 0.01776505 -1.870118 1.801977 -0.03828764 -4.083259 1.708299 0.02564335 -3.991399 1.867194 -0.03040934 -4.083258 1.708299 -0.03040934 -4.588207 1.832725 -0.03453016 -1.870117 1.801977 0.01262856 -4.588207 1.832725 0.01638603 -3.991398 1.867194 0.02050686 -0.1130427 1.832725 -0.03453016 -0.07797131 1.67383 0.02152252 -0.1130427 1.832725 0.01638603 -0.07797107 1.67383 -0.03453016 -4.542809 1.67383 0.02152252 -4.542809 1.67383 -0.03453016 -2.987889 1.67383 -0.03453016 -2.987889 1.67383 0.02152252 -2.936567 1.832725 -0.03453016 -2.936565 1.832725 0.01638603 -0.934813 1.700775 0.02439117 -0.946956 1.85967 -0.03166151 -0.9469553 1.85967 0.01925468 -0.9348128 1.700775 -0.03166151 -0.2694929 -0.08036546 0.03044979 -0.2694929 0.01832949 0.03044979 -0.2694929 -0.08036546 0.01379179 -0.2694929 0.01832949 0.01379178 -0.3305056 -0.08036546 0.03044979 -0.3305056 0.01832949 0.03044979 -0.3305056 -0.08036546 0.01379179 -0.3305056 0.01832949 0.01379178 -1.878202 -0.08036546 0.03044979 -1.878202 0.01832949 0.03044979 -1.878202 -0.08036546 0.01379179 -1.878202 0.01832949 0.01379178 -1.939215 -0.08036546 0.03044979 -1.939215 0.01832949 0.03044979 -1.939215 -0.08036546 0.01379179 -1.939215 0.01832949 0.01379178 -3.561336 -0.08036546 0.03044979 -3.561336 0.01832949 0.03044979 -3.561336 -0.08036546 0.01379179 -3.561336 0.01832949 0.01379178 -3.622348 -0.08036546 0.03044979 -3.622348 0.01832949 0.03044979 -3.622348 -0.08036546 0.01379179 -3.622348 0.01832949 0.01379178 -0.2694929 0.01832949 0.07176755 -0.2694929 -0.08036546 0.07176756 -0.3305056 0.01832949 0.07176755 -0.3305056 -0.08036546 0.07176756 -0.3305056 0.01832949 0.08699059 -0.3305056 -0.08036546 0.0869906 -0.2694929 -0.08036546 0.0869906 -0.2694929 0.01832949 0.08699059 -0.2694929 -0.08036546 0.0869906 -0.3305056 -0.08036546 0.0869906 -0.3305056 -0.08036546 0.07176756 -0.2694929 -0.08036546 0.07176756 -0.3350002 -0.008490294 0.02867056 -0.3350002 -0.008490283 0.0735635 -0.360622 -0.03411208 0.02867056 -0.360622 -0.03411207 0.0735635 -0.3350002 -0.1297339 0.02867057 -0.3350002 -0.1297339 0.07356351 -0.2393784 -0.1041121 0.02867056 -0.2393784 -0.1041121 0.0735635 -0.360622 -0.03411207 0.0735635 -0.3700002 -0.06911208 0.0735635 -0.360622 -0.1041121 0.0735635 -0.3350002 -0.008490283 0.0735635 -0.3350002 -0.1297339 0.07356351 -0.3000002 0.0008879378 0.07356349 -0.3000002 -0.1391121 0.07356351 -0.2650002 -0.1297339 0.07356351 -0.2393784 -0.1041121 0.0735635 -0.2393784 -0.0341121 0.0735635 -0.2300002 -0.06911211 0.0735635 -0.2650001 -0.008490302 0.0735635 -0.2650001 -0.008490317 0.02867056 -0.2650001 -0.008490302 0.0735635 -0.360622 -0.1041121 0.02867056 -0.3700002 -0.06911208 0.02867056 -0.360622 -0.03411208 0.02867056 -0.3350002 -0.1297339 0.02867057 -0.3350002 -0.008490294 0.02867056 -0.3000002 -0.1391121 0.02867058 -0.3000002 0.0008879304 0.02867056 -0.2650002 -0.1297339 0.02867057 -0.2650001 -0.008490317 0.02867056 -0.2393784 -0.1041121 0.02867056 -0.2393784 -0.03411211 0.02867056 -0.2300002 -0.06911211 0.02867056 -1.878202 0.01832949 0.07176755 -1.878202 -0.08036546 0.07176756 -1.939215 0.01832949 0.07176755 -1.939215 -0.08036546 0.07176756 -1.939215 0.01832949 0.08699059 -1.939215 -0.08036546 0.0869906 -1.878202 -0.08036546 0.0869906 -1.878202 0.01832949 0.08699059 -1.878202 -0.08036546 0.0869906 -1.939215 -0.08036546 0.0869906 -1.939215 -0.08036546 0.07176756 -1.878202 -0.08036546 0.07176756 -1.94371 -0.008490294 0.02867056 -1.94371 -0.008490283 0.0735635 -1.969332 -0.03411208 0.02867056 -1.969332 -0.03411207 0.0735635 -1.94371 -0.1297339 0.02867057 -1.94371 -0.1297339 0.07356351 -1.848088 -0.1041121 0.02867056 -1.848088 -0.1041121 0.0735635 -1.969332 -0.03411207 0.0735635 -1.97871 -0.06911208 0.0735635 -1.969332 -0.1041121 0.0735635 -1.94371 -0.008490283 0.0735635 -1.94371 -0.1297339 0.07356351 -1.90871 0.0008879378 0.07356349 -1.90871 -0.1391121 0.07356351 -1.87371 -0.1297339 0.07356351 -1.848088 -0.0341121 0.0735635 -1.848088 -0.1041121 0.0735635 -1.83871 -0.06911211 0.0735635 -1.87371 -0.008490302 0.0735635 -1.87371 -0.008490317 0.02867056 -1.87371 -0.008490302 0.0735635 -1.969332 -0.1041121 0.02867056 -1.97871 -0.06911208 0.02867056 -1.969332 -0.03411208 0.02867056 -1.94371 -0.1297339 0.02867057 -1.94371 -0.008490294 0.02867056 -1.90871 -0.1391121 0.02867058 -1.90871 0.0008879304 0.02867056 -1.87371 -0.1297339 0.02867057 -1.87371 -0.008490317 0.02867056 -1.848088 -0.1041121 0.02867056 -1.848088 -0.03411211 0.02867056 -1.83871 -0.06911211 0.02867056 -3.561336 0.01832949 0.07176755 -3.561336 -0.08036546 0.07176756 -3.622348 0.01832949 0.07176755 -3.622348 -0.08036546 0.07176756 -3.622348 0.01832949 0.08699059 -3.622348 -0.08036546 0.0869906 -3.561336 -0.08036546 0.0869906 -3.561336 0.01832949 0.08699059 -3.561336 -0.08036546 0.0869906 -3.622348 -0.08036546 0.0869906 -3.622348 -0.08036546 0.07176756 -3.561336 -0.08036546 0.07176756 -3.626843 -0.008490294 0.02867056 -3.626843 -0.008490283 0.0735635 -3.652465 -0.03411208 0.02867056 -3.652465 -0.03411207 0.0735635 -3.626843 -0.1297339 0.02867057 -3.626843 -0.1297339 0.07356351 -3.531221 -0.1041121 0.02867056 -3.531221 -0.1041121 0.0735635 -3.652465 -0.03411207 0.0735635 -3.661843 -0.06911208 0.0735635 -3.652465 -0.1041121 0.0735635 -3.626843 -0.008490283 0.0735635 -3.626843 -0.1297339 0.07356351 -3.591843 0.0008879378 0.07356349 -3.591843 -0.1391121 0.07356351 -3.556843 -0.1297339 0.07356351 -3.531221 -0.0341121 0.0735635 -3.531221 -0.1041121 0.0735635 -3.521843 -0.06911211 0.0735635 -3.556843 -0.008490302 0.0735635 -3.556843 -0.008490317 0.02867056 -3.556843 -0.008490302 0.0735635 -3.652465 -0.1041121 0.02867056 -3.661843 -0.06911208 0.02867056 -3.652465 -0.03411208 0.02867056 -3.626843 -0.1297339 0.02867057 -3.626843 -0.008490294 0.02867056 -3.591843 -0.1391121 0.02867058 -3.591843 0.0008879304 0.02867056 -3.556843 -0.1297339 0.02867057 -3.556843 -0.008490317 0.02867056 -3.531221 -0.1041121 0.02867056 -3.531221 -0.03411211 0.02867056 -3.521843 -0.06911211 0.02867056 -4.083259 1.777718 0.06175041 -4.542809 1.743249 0.06587124 -2.987889 1.743249 0.06587124 -2.936565 1.902144 0.07100773 -1.870117 1.871396 0.07476521 -0.9469553 1.871535 0.06813908 -0.1130426 1.902144 0.07100773 -2.936567 1.902144 0.1501226 -4.083258 1.777718 0.1460018 -2.987889 1.743249 0.1501226 -4.542809 1.743249 0.06587124 -4.542809 1.743249 0.1501226 -4.588207 1.902144 0.07100773 -0.946956 1.871535 0.147254 -1.870118 1.871396 0.1538801 -0.934813 1.71264 0.06300259 -0.9348128 1.71264 0.147254 -1.880904 1.712501 0.1538801 -1.880904 1.712501 0.06962872 -4.588207 1.902144 0.1501226 -4.542809 1.743249 0.1501226 -4.588207 1.902144 0.07100773 -4.588207 1.902144 0.1501226 -3.991399 1.936613 0.1460018 -3.991398 1.936613 0.0668869 -0.07797119 1.743249 0.06587124 -0.1130426 1.902144 0.07100773 -0.1130427 1.902144 0.1501226 -4.594997 -0.0002174547 0.009688377 -4.517618 0.07716189 0.009688377 -2.297525 -0.0002174547 0.009688377 -2.374904 0.07716189 0.009688377 -4.594997 3.379227 0.009687431 -2.297525 3.379227 0.009687431 -2.374904 3.301847 0.009687431 -4.517618 3.301847 0.009687431 -2.297525 -0.0002174547 0.009688377 -2.297525 3.379227 0.009687431 -2.297525 -0.0002174547 0.009688377 -2.220146 0.07716189 0.009688377 -2.220146 3.301847 0.0940218 -0.07743236 3.301847 0.0940218 -5.301856E-05 3.379227 0.0940218 -0.07743236 3.301847 0.0940218 -0.07743236 0.07716189 0.09402084 -5.301856E-05 -0.0002174547 0.09402084 -0.07743236 0.07716189 0.09402084 -2.220146 0.07716189 0.09402084 -2.297525 -0.0002174547 0.09402084 -2.220146 0.07716189 0.09402084 -2.220146 3.301847 0.0940218 -2.297525 3.379227 0.0940218 -4.517618 3.301847 0.0940218 -2.374904 3.301847 0.0940218 -2.297525 3.379227 0.0940218 -2.297525 3.379227 0.0940218 -2.374904 3.301847 0.0940218 -2.374904 0.07716189 0.09402084 -2.297525 -0.0002174547 0.09402084 -2.297525 -0.0002174547 0.09402084 -2.374904 0.07716189 0.09402084 -4.517618 0.07716189 0.09402084 -4.594997 -0.0002174547 0.09402084 -4.517618 0.07716189 0.09402084 -4.517618 3.301847 0.0940218 -4.594997 3.379227 0.0940218 -5.301856E-05 -0.0002174547 0.009688377 -0.07743225 0.07716189 0.009688377 -2.297525 3.379227 0.009687431 -5.301856E-05 3.379227 0.009687431 -0.07743225 3.301847 0.009687431 -2.220146 3.301847 0.009687431 -4.517618 3.301847 0.009687431 -2.374904 3.301847 0.009687431 -2.374904 0.07716189 0.009688377 -4.517618 0.07716189 0.009688377 -2.220146 3.301847 0.009687431 -0.07743225 3.301847 0.009687431 -0.07743225 0.07716189 0.009688377 -2.220146 0.07716189 0.009688377 -0.07797119 1.743249 0.06587124 -0.07797107 1.743249 0.1501226 -0.1130427 1.902144 0.1501226 -0.07797107 1.743249 0.1501226 -5.301856E-05 3.379227 0.0940218 -5.301856E-05 -0.0002174547 0.09402084 -5.301856E-05 -0.0002174547 0.009688377 -5.301856E-05 3.379227 0.009687431 -4.594997 3.379227 0.009687431 -4.594997 -0.0002174547 0.009688377 -4.594997 -0.0002174547 0.09402084 -4.594997 3.379227 0.0940218 -2.297525 -0.0002174547 0.09402084 -4.594997 -0.0002174547 0.09402084 -4.594997 -0.0002174547 0.009688377 -2.297525 -0.0002174547 0.009688377 -2.297525 3.379227 0.0940218 -5.301856E-05 3.379227 0.0940218 -5.301856E-05 3.379227 0.009687431 -2.297525 3.379227 0.009687431 -4.594997 3.379227 0.0940218 -4.594997 3.379227 0.009687431 -5.301856E-05 -0.0002174547 0.09402084 -5.301856E-05 -0.0002174547 0.009688377 -4.083259 1.708299 0.02564335 -4.542809 1.67383 0.02152252 -2.987889 1.67383 0.02152252 -2.936565 1.832725 0.01638603 -1.870117 1.801977 0.01262856 -0.9469553 1.85967 0.01925468 -0.1130427 1.832725 0.01638603 -2.936567 1.832725 -0.03453016 -2.987889 1.67383 -0.03453016 -4.083258 1.708299 -0.03040934 -4.542809 1.67383 0.02152252 -4.588207 1.832725 0.01638603 -4.542809 1.67383 -0.03453016 -0.946956 1.85967 -0.03166151 -1.870118 1.801977 -0.03828764 -0.934813 1.700775 0.02439117 -1.880904 1.643082 0.01776505 -1.880904 1.643082 -0.03828764 -0.9348128 1.700775 -0.03166151 -4.542809 1.67383 -0.03453016 -4.588207 1.832725 -0.03453016 -4.588207 1.832725 0.01638603 -3.991398 1.867194 0.02050686 -3.991399 1.867194 -0.03040934 -4.588207 1.832725 -0.03453016 -0.07797131 1.67383 0.02152252 -0.1130427 1.832725 -0.03453016 -0.1130427 1.832725 0.01638603 -0.07797131 1.67383 0.02152252 -0.07797107 1.67383 -0.03453016 -0.1130427 1.832725 -0.03453016 -0.07797107 1.67383 -0.03453016 -0.2694929 0.01832949 0.01379178 -0.2694929 -0.08036546 0.01379179 -0.3305056 0.01832949 0.01379178 -0.3305056 -0.08036546 0.01379179 -0.3305056 0.01832949 0.03044979 -0.3305056 -0.08036546 0.03044979 -0.2694929 -0.08036546 0.03044979 -0.2694929 0.01832949 0.03044979 -0.2694929 -0.08036546 0.03044979 -0.3305056 -0.08036546 0.03044979 -0.3305056 -0.08036546 0.01379179 -0.2694929 -0.08036546 0.01379179 -1.878202 0.01832949 0.01379178 -1.878202 -0.08036546 0.01379179 -1.939215 0.01832949 0.01379178 -1.939215 -0.08036546 0.01379179 -1.939215 0.01832949 0.03044979 -1.939215 -0.08036546 0.03044979 -1.878202 -0.08036546 0.03044979 -1.878202 0.01832949 0.03044979 -1.878202 -0.08036546 0.03044979 -1.939215 -0.08036546 0.03044979 -1.939215 -0.08036546 0.01379179 -1.878202 -0.08036546 0.01379179 -3.561336 0.01832949 0.01379178 -3.561336 -0.08036546 0.01379179 -3.622348 0.01832949 0.01379178 -3.622348 -0.08036546 0.01379179 -3.622348 0.01832949 0.03044979 -3.622348 -0.08036546 0.03044979 -3.561336 -0.08036546 0.03044979 -3.561336 0.01832949 0.03044979 -3.561336 -0.08036546 0.03044979 -3.622348 -0.08036546 0.03044979 -3.622348 -0.08036546 0.01379179 -3.561336 -0.08036546 0.01379179 -4.594997 -0.0002174547 0.009688377 -4.517618 3.301847 0.009687431 -2.297525 -0.0002174547 0.009688377 -4.517618 0.07716189 0.009688377 -2.297525 3.379227 0.009687431 -2.374904 0.07716189 0.009688377 -4.594997 3.379227 0.009687431 -2.374904 3.301847 0.009687431 -2.297525 -0.0002174547 0.009688377 -2.220146 3.301847 0.009687431 -5.301856E-05 -0.0002174547 0.009688377 -2.220146 0.07716189 0.009688377 -2.297525 3.379227 0.0940218 -0.07743236 3.301847 0.0940218 -5.301856E-05 3.379227 0.0940218 -0.07743236 0.07716189 0.09402084 -5.301856E-05 -0.0002174547 0.09402084 -2.220146 0.07716189 0.09402084 -2.297525 -0.0002174547 0.09402084 -2.220146 3.301847 0.0940218 -4.594997 3.379227 0.0940218 -2.374904 3.301847 0.0940218 -2.297525 3.379227 0.0940218 -2.374904 0.07716189 0.09402084 -2.297525 -0.0002174547 0.09402084 -4.517618 0.07716189 0.09402084 -4.594997 -0.0002174547 0.09402084 -4.517618 3.301847 0.0940218 -5.301856E-05 3.379227 0.009687431 -0.07743225 0.07716189 0.009688377 -2.297525 3.379227 0.009687431 -0.07743225 3.301847 0.009687431  
			<Colors>: 0  
			<TextureCoords0>: 538 0.8696289 0.5297852 0.8901367 0.5297852 0.8696289 0.5239258 0.8901367 0.5239258 0.8569336 0.5297852 0.8369141 0.5297852 0.9785156 0.5493164 0.9785156 0.5307617 0.8427734 0.5292969 0.8427734 0.5239258 0.8383789 0.5292969 0.8383789 0.5239258 0.8881836 0.5292969 0.8881836 0.5239258 0.8837891 0.5292969 0.8837891 0.5239258 0.8793945 0.5292969 0.8793945 0.5239258 0.8745117 0.5292969 0.8745117 0.5239258 0.8701172 0.5292969 0.8701172 0.5239258 0.8657227 0.5292969 0.8657227 0.5239258 0.8608398 0.5292969 0.8608398 0.5239258 0.8564453 0.5292969 0.8564453 0.5239258 0.8515625 0.5292969 0.8515625 0.5239258 0.847168 0.5292969 0.940918 0.5449219 0.8696289 0.5297852 0.8901367 0.5297852 0.8696289 0.5239258 0.8901367 0.5239258 0.8569336 0.5297852 0.8369141 0.5297852 0.9785156 0.5493164 0.9785156 0.5307617 0.8427734 0.5292969 0.8427734 0.5239258 0.8383789 0.5292969 0.8383789 0.5239258 0.8881836 0.5292969 0.8881836 0.5239258 0.8837891 0.5292969 0.8837891 0.5239258 0.8793945 0.5292969 0.8793945 0.5239258 0.8745117 0.5292969 0.8745117 0.5239258 0.8701172 0.5292969 0.8701172 0.5239258 0.8657227 0.5292969 0.8657227 0.5239258 0.8608398 0.5292969 0.8608398 0.5239258 0.8564453 0.5292969 0.8564453 0.5239258 0.8515625 0.5292969 0.8515625 0.5239258 0.847168 0.5292969 0.940918 0.5449219 0.8696289 0.5297852 0.8901367 0.5297852 0.8696289 0.5239258 0.8901367 0.5239258 0.8569336 0.5297852 0.8369141 0.5297852 0.9785156 0.5493164 0.9785156 0.5307617 0.8427734 0.5292969 0.8427734 0.5239258 0.8383789 0.5292969 0.8383789 0.5239258 0.8881836 0.5292969 0.8881836 0.5239258 0.8837891 0.5292969 0.8837891 0.5239258 0.8793945 0.5292969 0.8793945 0.5239258 0.8745117 0.5292969 0.8745117 0.5239258 0.8701172 0.5292969 0.8701172 0.5239258 0.8657227 0.5292969 0.8657227 0.5239258 0.8608398 0.5292969 0.8608398 0.5239258 0.8564453 0.5292969 0.8564453 0.5239258 0.8515625 0.5292969 0.8515625 0.5239258 0.847168 0.5292969 0.940918 0.5449219 0.7749023 0.3300781 0.7021484 0.3300781 0.75 0.3295898 0.7978516 0.4633789 0.75 0.4575195 0.7749023 0.4633789 0.7495117 0.1411133 0.7275391 0.3295898 0.7275391 0.4937072 0.7275391 0.4575195 0.75 0.2223414 0.7021484 0.2200766 0.7275391 0.2223414 0.7495117 0.09423828 0.7021484 0.4912364 0.7760289 0.4912364 0.3378906 0.6328125 0.3862305 0.9433594 0.3364258 0.9433594 0.3378906 0.6328125 0.3876953 0.6328125 0.3378906 0.6328125 0.3486328 0.9433594 0.3496094 0.6328125 0.3862305 0.9433594 0.3862305 0.9433594 0.8886772 0.8530181 0.8886772 0.6093843 0.4614204 0.6093843 0.4614204 0.8530181 0.8886772 0.6093842 0.8886772 0.8530181 0.4614204 0.8530181 0.4614204 0.6093842 0.3364258 0.9433594 0.3862305 0.9433594 0.3876953 0.6328125 0.3364258 0.9433594 0.7749023 0.3967285 0.7978516 0.3967285 0.75 0.3935547 0.7275391 0.3935547 0.7021484 0.2750773 0.75 0.2759656 0.7275391 0.2759656 0.7749023 0.2750773 0.3486328 0.9433594 0.3486328 0.9433594 0.3994141 0.6328125 0.3984375 0.9433594 0.3984375 0.9433594 0.3984375 0.9433594 0.7749023 0.3300781 0.7021484 0.3300781 0.75 0.3295898 0.7978516 0.4633789 0.75 0.4575195 0.7749023 0.4633789 0.7495117 0.1411133 0.7275391 0.3295898 0.7275391 0.4937072 0.7275391 0.4575195 0.75 0.2223414 0.7021484 0.2200766 0.7275391 0.2223414 0.7495117 0.09423828 0.7021484 0.4912364 0.7760289 0.4912364 0.7749023 0.3967285 0.7978516 0.3967285 0.75 0.3935547 0.7275391 0.3935547 0.7021484 0.2750773 0.75 0.2759656 0.7275391 0.2759656 0.7749023 0.2750773 0.8696289 0.5297852 0.8901367 0.5297852 0.8696289 0.5239258 0.8901367 0.5239258 0.8569336 0.5297852 0.8369141 0.5297852 0.9785156 0.5493164 0.9785156 0.5307617 0.8696289 0.5297852 0.8901367 0.5297852 0.8696289 0.5239258 0.8901367 0.5239258 0.8569336 0.5297852 0.8369141 0.5297852 0.9785156 0.5493164 0.9785156 0.5307617 0.8696289 0.5297852 0.8901367 0.5297852 0.8696289 0.5239258 0.8901367 0.5239258 0.8569336 0.5297852 0.8369141 0.5297852 0.9785156 0.5493164 0.9785156 0.5307617 0.9672852 0.5307617 0.9672852 0.5493164 0.8369141 0.5239258 0.8569336 0.5239258 0.9785156 0.5307617 0.9785156 0.5493164 0.9672852 0.5493164 0.9672852 0.5307617 0.8696289 0.5297852 0.8569336 0.5297852 0.8569336 0.5239258 0.8696289 0.5239258 0.8925781 0.5292969 0.8925781 0.5239258 0.8881836 0.5292969 0.8881836 0.5239258 0.8745117 0.5292969 0.8745117 0.5239258 0.8608398 0.5292969 0.8608398 0.5239258 0.9448242 0.5458984 0.9453125 0.5473633 0.9448242 0.5488281 0.9438477 0.5449219 0.9438477 0.5498047 0.9418945 0.5444336 0.9418945 0.550293 0.940918 0.5498047 0.9394531 0.5488281 0.9394531 0.5458984 0.9389648 0.5473633 0.847168 0.5239258 0.847168 0.5292969 0.847168 0.5239258 0.9448242 0.5488281 0.9453125 0.5473633 0.9448242 0.5458984 0.9438477 0.5498047 0.9438477 0.5449219 0.9418945 0.550293 0.9418945 0.5444336 0.940918 0.5498047 0.940918 0.5449219 0.9394531 0.5488281 0.9394531 0.5458984 0.9389648 0.5473633 0.9672852 0.5307617 0.9672852 0.5493164 0.8369141 0.5239258 0.8569336 0.5239258 0.9785156 0.5307617 0.9785156 0.5493164 0.9672852 0.5493164 0.9672852 0.5307617 0.8696289 0.5297852 0.8569336 0.5297852 0.8569336 0.5239258 0.8696289 0.5239258 0.8925781 0.5292969 0.8925781 0.5239258 0.8881836 0.5292969 0.8881836 0.5239258 0.8745117 0.5292969 0.8745117 0.5239258 0.8608398 0.5292969 0.8608398 0.5239258 0.9448242 0.5458984 0.9453125 0.5473633 0.9448242 0.5488281 0.9438477 0.5449219 0.9438477 0.5498047 0.9418945 0.5444336 0.9418945 0.550293 0.940918 0.5498047 0.9394531 0.5458984 0.9394531 0.5488281 0.9389648 0.5473633 0.847168 0.5239258 0.847168 0.5292969 0.847168 0.5239258 0.9448242 0.5488281 0.9453125 0.5473633 0.9448242 0.5458984 0.9438477 0.5498047 0.9438477 0.5449219 0.9418945 0.550293 0.9418945 0.5444336 0.940918 0.5498047 0.940918 0.5449219 0.9394531 0.5488281 0.9394531 0.5458984 0.9389648 0.5473633 0.9672852 0.5307617 0.9672852 0.5493164 0.8369141 0.5239258 0.8569336 0.5239258 0.9785156 0.5307617 0.9785156 0.5493164 0.9672852 0.5493164 0.9672852 0.5307617 0.8696289 0.5297852 0.8569336 0.5297852 0.8569336 0.5239258 0.8696289 0.5239258 0.8925781 0.5292969 0.8925781 0.5239258 0.8881836 0.5292969 0.8881836 0.5239258 0.8745117 0.5292969 0.8745117 0.5239258 0.8608398 0.5292969 0.8608398 0.5239258 0.9448242 0.5458984 0.9453125 0.5473633 0.9448242 0.5488281 0.9438477 0.5449219 0.9438477 0.5498047 0.9418945 0.5444336 0.9418945 0.550293 0.940918 0.5498047 0.9394531 0.5458984 0.9394531 0.5488281 0.9389648 0.5473633 0.847168 0.5239258 0.847168 0.5292969 0.847168 0.5239258 0.9448242 0.5488281 0.9453125 0.5473633 0.9448242 0.5458984 0.9438477 0.5498047 0.9438477 0.5449219 0.9418945 0.550293 0.9418945 0.5444336 0.940918 0.5498047 0.940918 0.5449219 0.9394531 0.5488281 0.9394531 0.5458984 0.9389648 0.5473633 0.7021484 0.4633789 0.7978516 0.4912364 0.7021484 0.3967285 0.7289084 0.3935547 0.7289084 0.3295898 0.7289084 0.2759656 0.7289084 0.2223414 0.75 0.3935547 0.7749023 0.4633789 0.7749023 0.3967285 0.7263184 0.09423828 0.7495117 0.09423828 0.7263184 0.1411133 0.75 0.2759656 0.75 0.3295898 0.7978516 0.2750773 0.7749023 0.2750773 0.7749023 0.3300781 0.7978516 0.3300781 0.75 0.4937072 0.7760289 0.4912364 0.7289084 0.4937072 0.75 0.4937072 0.75 0.4575195 0.7289084 0.4575195 0.7758789 0.09423828 0.7758789 0.140625 0.7495117 0.140625 0.3876953 0.6328125 0.3994141 0.6328125 0.3876953 0.6328125 0.3994141 0.6328125 0.3862305 0.9433594 0.3876953 0.6328125 0.3994141 0.6328125 0.3984375 0.9433594 0.3364258 0.9433594 0.3378906 0.6328125 0.3378906 0.6328125 0.3496094 0.6328125 0.3486328 0.9433594 0.3496094 0.6328125 0.3364258 0.9433594 0.3486328 0.9433594 0.3496094 0.6328125 0.3364258 0.9433594 0.3486328 0.9433594 0.3496094 0.6328125 0.3364258 0.9433594 0.3486328 0.9433594 0.3496094 0.6328125 0.3378906 0.6328125 0.3984375 0.9433594 0.3994141 0.6328125 0.3876953 0.6328125 0.3862305 0.9433594 0.3984375 0.9433594 0.3994141 0.6328125 0.3876953 0.6328125 0.3862305 0.9433594 0.3984375 0.9433594 0.3994141 0.6328125 0.3862305 0.9433594 0.3984375 0.9433594 0.3994141 0.6328125 0.3876953 0.6328125 0.3378906 0.6328125 0.3496094 0.6328125 0.3364258 0.9433594 0.3378906 0.6328125 0.3496094 0.6328125 0.3486328 0.9433594 0.8886772 0.6093842 0.8886772 0.8530181 0.4614204 0.8530181 0.4614204 0.6093842 0.8886772 0.8530181 0.8886772 0.6093843 0.4614204 0.6093843 0.4614204 0.8530181 0.7978516 0.2200766 0.7749023 0.2200766 0.75 0.2223414 0.7749023 0.2200766 0.7509766 0.4604492 0.7509766 0.0004882813 0.7260742 0.0004882813 0.7260742 0.4604492 0.7260742 0.0004882813 0.7260742 0.4604492 0.7509766 0.4604492 0.7509766 0.0004882813 0.7509766 0.300293 0.7509766 0.5979004 0.7260742 0.5979004 0.7260742 0.300293 0.7509766 0.300293 0.7509766 0.5979004 0.7260742 0.5979004 0.7260742 0.300293 0.7509766 0.0004882813 0.7260742 0.0004882813 0.7509766 0.0004882813 0.7260742 0.0004882813 0.7021484 0.4633789 0.7978516 0.4912364 0.7021484 0.3967285 0.7289084 0.3935547 0.7289084 0.3295898 0.7289084 0.2759656 0.7289084 0.2223414 0.75 0.3935547 0.7749023 0.3967285 0.7749023 0.4633789 0.7263184 0.09423828 0.7263184 0.1411133 0.7495117 0.09423828 0.75 0.2759656 0.75 0.3295898 0.7978516 0.2750773 0.7978516 0.3300781 0.7749023 0.3300781 0.7749023 0.2750773 0.7760289 0.4912364 0.75 0.4937072 0.7289084 0.4937072 0.7289084 0.4575195 0.75 0.4575195 0.75 0.4937072 0.7758789 0.09423828 0.7495117 0.140625 0.7758789 0.140625 0.7978516 0.2200766 0.7749023 0.2200766 0.75 0.2223414 0.7749023 0.2200766 0.9672852 0.5307617 0.9672852 0.5493164 0.8369141 0.5239258 0.8569336 0.5239258 0.9785156 0.5307617 0.9785156 0.5493164 0.9672852 0.5493164 0.9672852 0.5307617 0.8696289 0.5297852 0.8569336 0.5297852 0.8569336 0.5239258 0.8696289 0.5239258 0.9672852 0.5307617 0.9672852 0.5493164 0.8369141 0.5239258 0.8569336 0.5239258 0.9785156 0.5307617 0.9785156 0.5493164 0.9672852 0.5493164 0.9672852 0.5307617 0.8696289 0.5297852 0.8569336 0.5297852 0.8569336 0.5239258 0.8696289 0.5239258 0.9672852 0.5307617 0.9672852 0.5493164 0.8369141 0.5239258 0.8569336 0.5239258 0.9785156 0.5307617 0.9785156 0.5493164 0.9672852 0.5493164 0.9672852 0.5307617 0.8696289 0.5297852 0.8569336 0.5297852 0.8569336 0.5239258 0.8696289 0.5239258 0.3862305 0.9433594 0.3994141 0.6328125 0.3862305 0.9433594 0.3994141 0.6328125 0.3862305 0.9433594 0.3994141 0.6328125 0.3862305 0.9433594 0.3994141 0.6328125 0.3364258 0.9433594 0.3496094 0.6328125 0.3364258 0.9433594 0.3496094 0.6328125 0.3364258 0.9433594 0.3496094 0.6328125 0.3364258 0.9433594 0.3496094 0.6328125 0.3364258 0.9433594 0.3496094 0.6328125 0.3364258 0.9433594 0.3496094 0.6328125 0.3862305 0.9433594 0.3994141 0.6328125 0.3862305 0.9433594 0.3994141 0.6328125 0.3862305 0.9433594 0.3994141 0.6328125 0.3862305 0.9433594 0.3994141 0.6328125 0.3364258 0.9433594 0.3496094 0.6328125 0.3364258 0.9433594 0.3496094 0.6328125  
			<TextureCoords1>: 538 0.5404826 0.7433614 0.5519239 0.7433614 0.5404826 0.7451261 0.5519239 0.7451261 0.5749986 0.9443097 0.5635573 0.9443097 0.5404826 0.6841965 0.5519239 0.6841965 0.9403523 0.982411 0.9403523 0.9772068 0.9445528 0.982411 0.9445528 0.9772068 0.9487533 0.982411 0.9487533 0.9772068 0.5446832 0.7691844 0.5446832 0.7639802 0.5488837 0.7691844 0.5488837 0.7639802 0.5530842 0.7691844 0.5530842 0.7639802 0.5446832 0.8147367 0.5446832 0.8095325 0.5488837 0.8147367 0.5488837 0.8095325 0.5530842 0.8147367 0.5530842 0.8095325 0.5446832 0.7965158 0.5446832 0.7913116 0.5488837 0.7965158 0.5488837 0.7913116 0.9361517 0.982411 0.5425829 0.8609126 0.5404826 0.7376903 0.5519239 0.7376903 0.5404826 0.7394551 0.5519239 0.7394551 0.5749986 0.9386387 0.5635573 0.9386387 0.5404826 0.6183215 0.5519239 0.6183215 0.9568601 0.982411 0.9568601 0.9772068 0.9610606 0.982411 0.9610606 0.9772068 0.9652611 0.982411 0.9652611 0.9772068 0.5446832 0.7782948 0.5446832 0.7730906 0.5488837 0.7782948 0.5488837 0.7730906 0.5530842 0.7782948 0.5530842 0.7730906 0.9733679 0.982411 0.9733679 0.9772068 0.9775684 0.982411 0.9775684 0.9772068 0.9817689 0.982411 0.9817689 0.9772068 0.5446832 0.7874053 0.5446832 0.7822011 0.5488837 0.7874053 0.5488837 0.7822011 0.9526595 0.982411 0.5425829 0.8413298 0.5404826 0.7320194 0.5519239 0.7320194 0.5404826 0.7337841 0.5519239 0.7337841 0.5749986 0.9329677 0.5635573 0.9329677 0.5404826 0.6732173 0.5519239 0.6732173 0.9861969 0.9960938 0.9861969 0.9908895 0.9903974 0.9960938 0.9903974 0.9908895 0.994598 0.9960938 0.994598 0.9908895 0.5446832 0.8056263 0.5446832 0.8004221 0.5488837 0.8056263 0.5488837 0.8004221 0.5530842 0.8056263 0.5530842 0.8004221 0.5446832 0.8238472 0.5446832 0.818643 0.5488837 0.8238472 0.5488837 0.818643 0.5530842 0.8238472 0.5530842 0.818643 0.5446832 0.7600739 0.5446832 0.7548696 0.5488837 0.7600739 0.5488837 0.7548696 0.9819964 0.9960938 0.5425829 0.8804953 0.3179374 0.1496931 0.212875 0.1773899 0.2076606 0.04273403 0.05732933 0.02761185 0.07305484 0.1258886 0.05732937 0.01784497 0.540494 0.9589376 0.2117877 0.15895 0.5269075 0.1581886 0.4577574 0.1535994 0.00390625 0.04325289 0.00390625 0.1719923 0.008134777 0.1535994 0.5404826 0.9452645 0.5214825 0.1765711 0.00390625 0.01736724 0.5365761 0.6004245 0.00390625 0.2086614 0.2702413 0.2086615 0.5365764 0.2086614 0.003906255 0.6004242 0.2702413 0.6004243 0.01287683 0.613301 0.2612713 0.6133012 0.2702412 0.9960938 0.5365761 0.9960938 0.2792116 0.2176317 0.5276061 0.2176319 0.5276059 0.5914543 0.2792115 0.591454 0.01287658 0.2176316 0.261271 0.2176317 0.2612709 0.591454 0.01287644 0.5914539 0.003906545 0.6043308 0.2702415 0.6043308 0.5365764 0.6043308 0.00390625 0.9960938 0.1843731 0.01736814 0.1843731 0.02713495 0.3313404 0.04311842 0.3354438 0.1564955 0.1032007 0.1764282 0.1006431 0.04354554 0.1047713 0.1580118 0.4276114 0.1487025 0.01287645 0.9871233 0.2612709 0.9871235 0.5276062 0.6133012 0.2792118 0.613301 0.2792114 0.9871233 0.5276058 0.9871235 0.2129056 0.09272075 0.3178096 0.1219823 0.2078549 0.06343901 0.4685882 0.03882778 0.4576303 0.06734526 0.4685856 0.03232986 0.9361591 0.9960938 0.3190147 0.1035497 0.00390625 0.1007741 0.07308426 0.096627 0.00390625 0.06300348 0.526811 0.1179205 0.5227001 0.09950095 0.9592224 0.9960794 0.009213698 0.1191909 0.5220084 0.03183097 0.3415415 0.03190267 0.3415441 0.03840059 0.3315345 0.06300342 0.1953769 0.1003049 0.4274731 0.1150531 0.1006283 0.06267095 0.4260203 0.096627 0.1032439 0.08576173 0.9856752 0.98048 0.9971164 0.98048 0.9856752 0.982411 0.9971164 0.982411 0.5519239 0.6054112 0.5404826 0.6054112 0.5404826 0.7061548 0.5519239 0.7061548 0.9856752 0.9746426 0.9971164 0.9746426 0.9856752 0.9765737 0.9971164 0.9765737 0.5749986 0.9558181 0.5635573 0.9558181 0.5404826 0.6402799 0.5519239 0.6402799 0.5404826 0.7490323 0.5519239 0.7490323 0.5404826 0.7509634 0.5519239 0.7509634 0.5749986 0.9499807 0.5635573 0.9499807 0.5404826 0.6951756 0.5519239 0.6951756 0.5519239 0.6771235 0.5404826 0.6771235 0.5635573 0.9460744 0.5749986 0.9460744 0.5404826 0.7281131 0.5519239 0.7281131 0.5519239 0.7210402 0.5404826 0.7210402 0.5706302 0.9041138 0.5635573 0.9041138 0.5635573 0.9058785 0.5706302 0.9058785 0.9445528 0.982411 0.9445528 0.9772068 0.5404826 0.7691844 0.5404826 0.7639802 0.5404826 0.8147367 0.5404826 0.8095325 0.5404826 0.7965158 0.5404826 0.7913116 0.5540589 0.8609126 0.5561592 0.8572748 0.5561592 0.8530743 0.5504212 0.8630128 0.5540589 0.8494365 0.5462207 0.8630128 0.5504212 0.8473363 0.5462207 0.8473363 0.5425829 0.8494365 0.5404826 0.8572748 0.5404826 0.8530743 0.9361517 0.9772068 0.5530842 0.7965158 0.5530842 0.7913116 0.5425829 0.9196609 0.5462207 0.9217612 0.5504212 0.9217612 0.5404826 0.9160232 0.5540589 0.9196609 0.5404826 0.9118227 0.5561592 0.9160231 0.5425829 0.9081849 0.5561592 0.9118226 0.5462207 0.9060847 0.5540589 0.9081849 0.5504212 0.9060847 0.5519239 0.6112486 0.5404826 0.6112486 0.5635573 0.9404035 0.5749986 0.9404035 0.5404826 0.6293007 0.5519239 0.6293007 0.5519239 0.6222277 0.5404826 0.6222277 0.5706303 0.9214594 0.5635573 0.9214594 0.5635573 0.9232242 0.5706303 0.9232242 0.9610606 0.982411 0.9610606 0.9772068 0.5404826 0.7782948 0.5404826 0.7730906 0.9691674 0.982411 0.9691674 0.9772068 0.5404826 0.7874053 0.5404826 0.7822011 0.5540589 0.8413298 0.5561592 0.837692 0.5561592 0.8334914 0.5504212 0.84343 0.5540589 0.8298537 0.5462207 0.84343 0.5504212 0.8277535 0.5462207 0.8277535 0.5404826 0.837692 0.5425829 0.8298538 0.5404826 0.8334915 0.9526595 0.9772068 0.5530842 0.7874053 0.5530842 0.7822011 0.5425829 0.9392437 0.5462207 0.941344 0.5504212 0.941344 0.5404826 0.9356059 0.5540589 0.9392437 0.5404826 0.9314054 0.5561592 0.9356059 0.5425829 0.9277677 0.5561592 0.9314054 0.5462207 0.9256674 0.5540589 0.9277677 0.5504212 0.9256674 0.5519239 0.6661444 0.5404826 0.6661444 0.5635573 0.9347325 0.5749986 0.9347325 0.5404826 0.717134 0.5519239 0.717134 0.5519239 0.7100611 0.5404826 0.7100611 0.5706302 0.8984428 0.5635573 0.8984428 0.5635573 0.9002075 0.5706302 0.9002075 0.9903974 0.9960938 0.9903974 0.9908895 0.5404826 0.8056263 0.5404826 0.8004221 0.5404826 0.8238472 0.5404826 0.818643 0.5404826 0.7600739 0.5404826 0.7548696 0.5540589 0.8804953 0.5561592 0.8768576 0.5561592 0.8726571 0.5504212 0.8825956 0.5540589 0.8690193 0.5462207 0.8825956 0.5504211 0.866919 0.5462206 0.866919 0.5404826 0.8768576 0.5425829 0.8690193 0.5404826 0.8726571 0.9819964 0.9908895 0.5530841 0.7600739 0.5530841 0.7548696 0.5425829 0.9000781 0.5462207 0.9021784 0.5504212 0.9021784 0.5404826 0.8964404 0.5540589 0.9000781 0.5404826 0.8922399 0.5561592 0.8964404 0.5425829 0.8886021 0.5561592 0.8922398 0.5462207 0.8865018 0.5540589 0.8886021 0.5504212 0.8865018 0.4682428 0.1721225 0.00390625 0.02713412 0.3412301 0.174977 0.331344 0.05228984 0.2076642 0.05190545 0.1006468 0.05271691 0.003910017 0.05242431 0.1953681 0.1287973 0.06257024 0.1444025 0.1895826 0.1472694 0.5596389 0.9687283 0.5596511 0.9589614 0.5404826 0.968109 0.4260402 0.1302958 0.3190239 0.1312628 0.422426 0.0274682 0.422426 0.01770133 0.3127501 0.01693338 0.3127501 0.02670026 0.00390625 0.1304985 0.009332221 0.148871 0.5229915 0.05221111 0.5229878 0.04303968 0.4536876 0.04354554 0.4536912 0.05271691 0.5404901 0.9550314 0.5593529 0.9544216 0.559346 0.9452502 0.5365761 0.9960938 0.5276058 0.9871235 0.2702412 0.9960938 0.2792114 0.9871233 0.5365764 0.6043308 0.2702415 0.6043308 0.2792118 0.613301 0.5276062 0.6133012 0.2702412 0.9960938 0.2702415 0.6043308 0.2702412 0.9960938 0.2612709 0.9871235 0.2792116 0.2176317 0.5276061 0.2176319 0.5365764 0.2086614 0.5276061 0.2176319 0.5276059 0.5914543 0.5365761 0.6004245 0.5276059 0.5914543 0.2792115 0.591454 0.2702413 0.6004243 0.2792115 0.591454 0.2792116 0.2176317 0.2702413 0.2086615 0.01287658 0.2176316 0.261271 0.2176317 0.2702413 0.2086615 0.2702413 0.2086615 0.261271 0.2176317 0.2612709 0.591454 0.2702413 0.6004243 0.2702413 0.6004243 0.2612709 0.591454 0.01287644 0.5914539 0.003906255 0.6004242 0.01287644 0.5914539 0.01287658 0.2176316 0.00390625 0.2086614 0.00390625 0.9960938 0.01287645 0.9871233 0.2702415 0.6043308 0.003906545 0.6043308 0.01287683 0.613301 0.2612713 0.6133012 0.5276062 0.6133012 0.2792118 0.613301 0.2792114 0.9871233 0.5276058 0.9871235 0.2612713 0.6133012 0.01287683 0.613301 0.01287645 0.9871233 0.2612709 0.9871235 0.5218189 0.02713627 0.5218189 0.01736939 0.5226771 0.1258886 0.5269063 0.1442717 0.9322455 0.9726346 0.5404826 0.9726347 0.5404826 0.9824109 0.9322455 0.982411 0.5404826 0.9960938 0.9322455 0.9960936 0.9322455 0.9863174 0.5404826 0.9863173 0.2702411 0.1812961 0.003906254 0.1812961 0.00390625 0.1910723 0.2702411 0.1910723 0.2702413 0.1949786 0.003906255 0.1949786 0.00390625 0.2047551 0.2702413 0.2047551 0.5365763 0.1949786 0.5365763 0.2047551 0.5365761 0.1812961 0.5365761 0.1910723 0.06248071 0.1150827 0.522011 0.03832889 0.1894725 0.1187491 0.3315344 0.05710095 0.2078548 0.05753654 0.1006282 0.05676848 0.00390625 0.05710101 0.3353383 0.07103884 0.3412422 0.08947343 0.4682335 0.08579153 0.955308 0.989572 0.9361517 0.9901913 0.9553161 0.99607 0.104697 0.06734526 0.2117008 0.07429779 0.1032877 0.03882778 0.2131669 0.03801602 0.2131643 0.0315181 0.1032851 0.03232986 0.5214991 0.08991832 0.526807 0.07151133 0.5231819 0.05710089 0.4538813 0.05662316 0.4538814 0.06252563 0.5231819 0.06300336 0.9592273 0.9895815 0.9780856 0.9960938 0.9780901 0.9901913 0.003908861 0.03853476 0.00390625 0.03203684 0.008017329 0.07023054 0.00390625 0.08864039 0.5519239 0.6990819 0.5404826 0.6990819 0.5404826 0.6073423 0.5519239 0.6073423 0.5404826 0.6622382 0.5519239 0.6622382 0.5519239 0.6551653 0.5404826 0.6551653 0.5706302 0.9156221 0.5635573 0.9156221 0.5635573 0.9175532 0.5706302 0.9175532 0.5519239 0.633207 0.5404826 0.633207 0.5635573 0.9577491 0.5749986 0.9577491 0.5635573 0.9687283 0.5749986 0.9687283 0.5749986 0.9616554 0.5635573 0.9616554 0.5706303 0.9271304 0.5635573 0.9271304 0.5635573 0.9290615 0.5706303 0.9290615 0.5519239 0.6881027 0.5404826 0.6881027 0.5635573 0.9519118 0.5749986 0.9519118 0.5404826 0.651259 0.5519239 0.651259 0.5519239 0.6441861 0.5404826 0.6441861 0.5706302 0.9097847 0.5635573 0.9097847 0.5635573 0.9117159 0.5706302 0.9117159 0.5365761 0.9960938 0.5276062 0.6133012 0.2702412 0.9960938 0.5276058 0.9871235 0.2702415 0.6043308 0.2792114 0.9871233 0.5365764 0.6043308 0.2792118 0.613301 0.2702412 0.9960938 0.2612713 0.6133012 0.00390625 0.9960938 0.2612709 0.9871235 0.2702413 0.2086615 0.5276061 0.2176319 0.5365764 0.2086614 0.5276059 0.5914543 0.5365761 0.6004245 0.2792115 0.591454 0.2702413 0.6004243 0.2792116 0.2176317 0.00390625 0.2086614 0.261271 0.2176317 0.2702413 0.2086615 0.2612709 0.591454 0.2702413 0.6004243 0.01287644 0.5914539 0.003906255 0.6004242 0.01287658 0.2176316 0.003906545 0.6043308 0.01287645 0.9871233 0.2702415 0.6043308 0.01287683 0.613301  
			<Normals>: 538 0.5773502 -0.5773502 0.5773503 0.7071067 0 0.7071068 0.5773502 -0.5773503 -0.5773503 0.7071067 0 -0.7071068 -0.5773502 -0.5773502 0.5773503 -0.7071067 0 0.7071068 -0.5773502 -0.5773503 -0.5773503 -0.7071067 0 -0.7071068 0 0.7571622 -0.6532269 0 0.7571625 0.6532266 -0.3785811 0.6557217 -0.6532269 -0.3785812 0.6557218 0.6532268 -0.6557219 0.3785811 -0.6532267 -0.655722 0.3785812 0.6532266 -0.7571622 0 -0.653227 -0.7571622 0 0.653227 -0.6557219 -0.3785813 -0.6532267 -0.6557219 -0.3785811 0.6532266 -0.3785811 -0.655722 -0.6532266 -0.378581 -0.6557217 0.653227 0 -0.7571624 -0.6532267 0 -0.7571622 0.6532269 0.378581 -0.6557221 -0.6532266 0.3785809 -0.6557218 0.653227 0.6557217 -0.3785816 -0.6532267 0.6557217 -0.3785814 0.6532268 0.7571624 0 -0.6532267 0.7571624 0 0.6532267 0.6557219 0.3785806 -0.6532269 0.655722 0.3785808 0.6532267 0.3785813 0.6557215 -0.6532268 0.3785815 0.6557218 0.6532266 0.5773502 -0.5773503 0.5773503 0.7071067 0 0.7071068 0.5773502 -0.5773503 -0.5773503 0.7071067 0 -0.7071068 -0.5773502 -0.5773503 0.5773503 -0.7071067 0 0.7071068 -0.5773502 -0.5773503 -0.5773503 -0.7071067 0 -0.7071068 0 0.7571622 -0.6532269 0 0.7571625 0.6532266 -0.3785813 0.6557215 -0.6532269 -0.3785814 0.6557217 0.6532269 -0.6557218 0.3785812 -0.6532267 -0.6557219 0.3785813 0.6532266 -0.757162 0 -0.6532271 -0.757162 0 0.6532272 -0.6557219 -0.3785814 -0.6532266 -0.6557219 -0.3785813 0.6532267 -0.3785813 -0.6557218 -0.6532267 -0.3785813 -0.6557216 0.6532269 0 -0.7571623 -0.6532268 0 -0.7571622 0.653227 0.3785813 -0.6557221 -0.6532264 0.3785811 -0.6557217 0.653227 0.6557218 -0.3785815 -0.6532266 0.6557218 -0.3785814 0.6532267 0.757162 0 -0.6532272 0.757162 0 0.6532271 0.6557219 0.3785811 -0.6532267 0.6557219 0.3785813 0.6532265 0.3785817 0.6557215 -0.6532269 0.3785817 0.6557217 0.6532266 0.5773502 -0.5773503 0.5773503 0.7071067 0 0.7071068 0.5773502 -0.5773503 -0.5773503 0.7071067 0 -0.7071068 -0.5773502 -0.5773503 0.5773503 -0.7071067 0 0.7071068 -0.5773502 -0.5773503 -0.5773503 -0.7071067 0 -0.7071068 0 0.7571622 -0.6532269 0 0.7571625 0.6532266 -0.3785805 0.6557217 -0.6532273 -0.3785805 0.6557219 0.6532271 -0.6557221 0.3785813 -0.6532264 -0.6557221 0.3785815 0.6532263 -0.757162 0 -0.6532271 -0.757162 0 0.6532271 -0.655722 -0.3785815 -0.6532263 -0.6557221 -0.3785814 0.6532263 -0.3785804 -0.655722 -0.653227 -0.3785804 -0.6557218 0.6532273 0 -0.7571623 -0.6532269 0 -0.7571622 0.6532269 0.3785814 -0.6557223 -0.6532261 0.3785813 -0.6557219 0.6532266 0.655723 -0.3785782 -0.6532273 0.6557229 -0.3785781 0.6532274 0.7571628 0 -0.6532262 0.7571629 0 0.6532261 0.655723 0.3785778 -0.6532274 0.655723 0.378578 0.6532273 0.3785818 0.6557217 -0.6532266 0.3785818 0.6557219 0.6532263 0.00164298 0.0003622894 0.9999986 -0.001174353 0.0318559 -0.9994918 0.01435381 0.999897 0 0.02161416 -0.9997664 0 0 0.0007773694 0.9999998 0.02178927 -0.9997626 0 -0.9615238 -0.2747214 0 -0.001564737 0.03188381 -0.9994904 -0.01000079 0.03376839 -0.9993796 0 0.03132366 -0.9995093 -0.03668158 0.9993271 0 0.002209784 0.03263732 -0.9994648 0.002209784 0.03263732 -0.9994648 0.9764964 0.2155334 0 -0.01000079 0.03376839 -0.9993796 0.07479462 -0.9971989 0 0 0 1 0 0 1 0 0 1 0 0 1 0 0 1 0 0 1 0 0 -1 0 0 -1 0 0 -1 0 0 -1 0 0 1 0 0 1 0 0 1 0 0 1 0 0 1 0 0 1 0 0 1 0 0 1 0 0 -1 0 0 -1 0 0 -1 0 0 -1 -0.02960473 -0.9995616 0 -0.02961313 -0.9995614 0 0.03073542 0.9995276 0 0.004531482 0.0309225 -0.9995116 -0.0022656 0.03246497 -0.9994703 -0.01839711 0.9998307 0 -0.002609749 0.03245168 -0.9994699 0.001660579 -0.000245572 0.9999986 0 0 -1 0 0 -1 0 0 -1 0 0 -1 0 0 -1 0 0 -1 0.001533704 0.0003688926 -0.9999988 -0.001995418 0.0318434 0.9994909 -0.01674015 0.9998599 0 0.02161423 -0.9997664 0 0 0.0007773695 -0.9999998 0.02178915 -0.9997626 0 -0.9615236 -0.2747224 0 -0.002716605 0.03188685 0.9994878 -0.01000079 0.03376839 0.9993796 0 0.03132367 0.9995093 0.03229453 0.9994784 0 0.004442272 0.0329684 0.9994465 0.004442272 0.0329684 0.9994465 0.9764964 0.2155335 0 -0.01000079 0.03376839 0.9993796 0.07479458 -0.9971989 0 -0.02960473 -0.9995616 0 -0.02961314 -0.9995614 0 0.03073543 0.9995276 0 0.004531478 0.03092246 0.9995116 -0.002060303 0.03263297 0.9994653 -0.01511282 0.9998858 0 -0.002589407 0.03260562 0.9994649 0.001639316 -0.0002483512 -0.9999987 0.5773503 -0.5773503 0.5773503 0.7071068 0 0.7071068 0.5773503 -0.5773503 -0.5773503 0.7071067 0 -0.7071068 -0.5773503 -0.5773503 0.5773503 -0.7071068 0 0.7071068 -0.5773503 -0.5773503 -0.5773503 -0.7071067 0 -0.7071068 0.5773503 -0.5773503 0.5773503 0.7071068 0 0.7071068 0.5773503 -0.5773503 -0.5773503 0.7071067 0 -0.7071068 -0.5773503 -0.5773503 0.5773503 -0.7071068 0 0.7071068 -0.5773503 -0.5773503 -0.5773503 -0.7071067 0 -0.7071068 0.5773503 -0.5773503 0.5773503 0.7071068 0 0.7071068 0.5773503 -0.5773503 -0.5773503 0.7071067 0 -0.7071068 -0.5773503 -0.5773503 0.5773503 -0.7071068 0 0.7071068 -0.5773503 -0.5773503 -0.5773503 -0.7071067 0 -0.7071068 0.7071067 0 -0.7071068 0.5773502 -0.5773503 -0.5773503 -0.7071067 0 -0.7071068 -0.5773502 -0.5773503 -0.5773503 -0.7071067 0 0.7071068 -0.5773502 -0.5773502 0.5773503 0.5773502 -0.5773502 0.5773503 0.7071067 0 0.7071068 0.5773502 -0.5773502 0.5773503 -0.5773502 -0.5773502 0.5773503 -0.5773502 -0.5773503 -0.5773503 0.5773502 -0.5773503 -0.5773503 -0.3785811 0.6557217 -0.6532269 -0.3785812 0.6557218 0.6532268 -0.6557219 0.3785811 -0.6532267 -0.655722 0.3785812 0.6532266 -0.3785811 -0.655722 -0.6532266 -0.378581 -0.6557217 0.653227 0.6557217 -0.3785816 -0.6532267 0.6557217 -0.3785814 0.6532268 -0.655722 0.3785812 0.6532266 -0.7571622 0 0.653227 -0.6557219 -0.3785811 0.6532266 -0.3785812 0.6557218 0.6532268 -0.378581 -0.6557217 0.653227 0 0.7571625 0.6532266 0 -0.7571622 0.6532269 0.3785809 -0.6557218 0.653227 0.6557217 -0.3785814 0.6532268 0.655722 0.3785808 0.6532267 0.7571624 0 0.6532267 0.3785815 0.6557218 0.6532266 0.3785813 0.6557215 -0.6532268 0.3785815 0.6557218 0.6532266 -0.6557219 -0.3785813 -0.6532267 -0.7571622 0 -0.653227 -0.6557219 0.3785811 -0.6532267 -0.3785811 -0.655722 -0.6532266 -0.3785811 0.6557217 -0.6532269 0 -0.7571624 -0.6532267 0 0.7571622 -0.6532269 0.378581 -0.6557221 -0.6532266 0.3785813 0.6557215 -0.6532268 0.6557217 -0.3785816 -0.6532267 0.6557219 0.3785806 -0.6532269 0.7571624 0 -0.6532267 0.7071067 0 -0.7071068 0.5773502 -0.5773503 -0.5773503 -0.7071067 0 -0.7071068 -0.5773502 -0.5773503 -0.5773503 -0.7071067 0 0.7071068 -0.5773502 -0.5773503 0.5773503 0.5773502 -0.5773503 0.5773503 0.7071067 0 0.7071068 0.5773502 -0.5773503 0.5773503 -0.5773502 -0.5773503 0.5773503 -0.5773502 -0.5773503 -0.5773503 0.5773502 -0.5773503 -0.5773503 -0.3785813 0.6557215 -0.6532269 -0.3785814 0.6557217 0.6532269 -0.6557218 0.3785812 -0.6532267 -0.6557219 0.3785813 0.6532266 -0.3785813 -0.6557218 -0.6532267 -0.3785813 -0.6557216 0.6532269 0.6557218 -0.3785815 -0.6532266 0.6557218 -0.3785814 0.6532267 -0.6557219 0.3785813 0.6532266 -0.757162 0 0.6532272 -0.6557219 -0.3785813 0.6532267 -0.3785814 0.6557217 0.6532269 -0.3785813 -0.6557216 0.6532269 0 0.7571625 0.6532266 0 -0.7571622 0.653227 0.3785811 -0.6557217 0.653227 0.6557219 0.3785813 0.6532265 0.6557218 -0.3785814 0.6532267 0.757162 0 0.6532271 0.3785817 0.6557217 0.6532266 0.3785817 0.6557215 -0.6532269 0.3785817 0.6557217 0.6532266 -0.6557219 -0.3785814 -0.6532266 -0.757162 0 -0.6532271 -0.6557218 0.3785812 -0.6532267 -0.3785813 -0.6557218 -0.6532267 -0.3785813 0.6557215 -0.6532269 0 -0.7571623 -0.6532268 0 0.7571622 -0.6532269 0.3785813 -0.6557221 -0.6532264 0.3785817 0.6557215 -0.6532269 0.6557218 -0.3785815 -0.6532266 0.6557219 0.3785811 -0.6532267 0.757162 0 -0.6532272 0.7071067 0 -0.7071068 0.5773502 -0.5773503 -0.5773503 -0.7071067 0 -0.7071068 -0.5773502 -0.5773503 -0.5773503 -0.7071067 0 0.7071068 -0.5773502 -0.5773503 0.5773503 0.5773502 -0.5773503 0.5773503 0.7071067 0 0.7071068 0.5773502 -0.5773503 0.5773503 -0.5773502 -0.5773503 0.5773503 -0.5773502 -0.5773503 -0.5773503 0.5773502 -0.5773503 -0.5773503 -0.3785805 0.6557217 -0.6532273 -0.3785805 0.6557219 0.6532271 -0.6557221 0.3785813 -0.6532264 -0.6557221 0.3785815 0.6532263 -0.3785804 -0.655722 -0.653227 -0.3785804 -0.6557218 0.6532273 0.655723 -0.3785782 -0.6532273 0.6557229 -0.3785781 0.6532274 -0.6557221 0.3785815 0.6532263 -0.757162 0 0.6532271 -0.6557221 -0.3785814 0.6532263 -0.3785805 0.6557219 0.6532271 -0.3785804 -0.6557218 0.6532273 0 0.7571625 0.6532266 0 -0.7571622 0.6532269 0.3785813 -0.6557219 0.6532266 0.655723 0.378578 0.6532273 0.6557229 -0.3785781 0.6532274 0.7571629 0 0.6532261 0.3785818 0.6557219 0.6532263 0.3785818 0.6557217 -0.6532266 0.3785818 0.6557219 0.6532263 -0.655722 -0.3785815 -0.6532263 -0.757162 0 -0.6532271 -0.6557221 0.3785813 -0.6532264 -0.3785804 -0.655722 -0.653227 -0.3785805 0.6557217 -0.6532273 0 -0.7571623 -0.6532269 0 0.7571622 -0.6532269 0.3785814 -0.6557223 -0.6532261 0.3785818 0.6557217 -0.6532266 0.655723 -0.3785782 -0.6532273 0.655723 0.3785778 -0.6532274 0.7571628 0 -0.6532262 -0.005087656 0.03256773 -0.9994566 0.07479462 -0.9971989 0 0.004612641 0.03068694 -0.9995184 0.03074445 0.9995272 0 0.01431979 0.9998975 0 -0.01844081 0.9998299 0 -0.03668158 0.9993271 0 -0.003578066 0.001094928 0.9999931 0.004008142 -0.0002042611 0.999992 -0.003639111 0.001280049 0.9999926 -0.9615238 -0.2747214 0 -0.9615238 -0.2747214 0 -0.9615238 -0.2747214 0 0.002047649 -0.0002259033 0.9999979 0.002002867 0.0003403526 0.999998 0.01794743 -0.9998389 0 0.01790605 -0.9998397 0 -0.01382719 -0.9999044 0 -0.01379516 -0.9999049 0 0.007876841 -0.001151574 0.9999683 0.007876841 -0.001151574 0.9999683 -0.05765844 0.9983364 0 -0.05765844 0.9983364 0 -0.01255557 0.9999212 0 -0.01246887 0.9999223 0 0.9764964 0.2155334 0 0.9764964 0.2155334 0 0.9764964 0.2155334 0 0 0 -1 0 0 -1 0 0 -1 0 0 -1 0 0 -1 0 0 -1 0 0 -1 0 0 -1 0 0 -1 0 0 -1 0 0 -1 0 0 -1 0 0 1 0 0 1 0 0 1 0 0 1 0 0 1 0 0 1 0 0 1 0 0 1 0 0 1 0 0 1 0 0 1 0 0 1 0 0 1 0 0 1 0 0 1 0 0 1 0 0 1 0 0 1 0 0 1 0 0 1 0 0 1 0 0 1 0 0 1 0 0 1 0 0 1 0 0 1 0 0 -1 0 0 -1 0 0 -1 0 0 -1 0 0 -1 0 0 -1 0 0 -1 0 0 -1 0 0 -1 0 0 -1 0 0 -1 0 0 -1 0 0 -1 0 0 -1 0.03570126 -0.9993625 0 0.03570126 -0.9993625 0 -0.003375169 -0.0005014553 0.9999942 -0.003375169 -0.0005014553 0.9999942 1 0 0 1 0 0 1 0 0 1 0 0 -1 0 0 -1 0 0 -1 0 0 -1 0 0 0 -1 0 0 -1 0 0 -1 0 0 -1 0 0 1 0 0 1 0 0 1 0 0 1 0 0 1 0 0 1 0 0 -1 0 0 -1 0 -0.005087656 0.03256774 0.9994566 0.07479458 -0.9971989 0 0.004612639 0.03068691 0.9995184 0.03074444 0.9995272 0 -0.01684747 0.999858 0 -0.01499959 0.9998875 0 0.03229453 0.9994784 0 -0.003578059 0.001094928 -0.9999931 -0.003639102 0.00128005 -0.9999926 0.004008156 -0.0002042617 -0.999992 -0.9615236 -0.2747224 0 -0.9615236 -0.2747224 0 -0.9615236 -0.2747224 0 0.002049973 -0.0002273493 -0.9999979 0.00209985 0.0003343766 -0.9999977 0.01468019 -0.9998922 0 0.0166176 -0.999862 0 0.01651625 -0.9998636 0 0.01478725 -0.9998907 0 0.007876856 -0.001151575 -0.9999683 0.007876856 -0.001151575 -0.9999683 -0.05765841 0.9983364 0 -0.01246867 0.9999223 0 -0.01255575 0.9999212 0 -0.05765841 0.9983364 0 0.9764964 0.2155335 0 0.9764964 0.2155335 0 0.9764964 0.2155335 0 -0.0314312 -0.999506 0 -0.0314312 -0.999506 0 -0.003409468 -0.0005065516 -0.999994 -0.003409468 -0.0005065516 -0.999994 0.7071067 0 -0.7071068 0.5773503 -0.5773503 -0.5773503 -0.7071067 0 -0.7071068 -0.5773503 -0.5773503 -0.5773503 -0.7071068 0 0.7071068 -0.5773503 -0.5773503 0.5773503 0.5773503 -0.5773503 0.5773503 0.7071068 0 0.7071068 0.5773503 -0.5773503 0.5773503 -0.5773503 -0.5773503 0.5773503 -0.5773503 -0.5773503 -0.5773503 0.5773503 -0.5773503 -0.5773503 0.7071067 0 -0.7071068 0.5773503 -0.5773503 -0.5773503 -0.7071067 0 -0.7071068 -0.5773503 -0.5773503 -0.5773503 -0.7071068 0 0.7071068 -0.5773503 -0.5773503 0.5773503 0.5773503 -0.5773503 0.5773503 0.7071068 0 0.7071068 0.5773503 -0.5773503 0.5773503 -0.5773503 -0.5773503 0.5773503 -0.5773503 -0.5773503 -0.5773503 0.5773503 -0.5773503 -0.5773503 0.7071067 0 -0.7071068 0.5773503 -0.5773503 -0.5773503 -0.7071067 0 -0.7071068 -0.5773503 -0.5773503 -0.5773503 -0.7071068 0 0.7071068 -0.5773503 -0.5773503 0.5773503 0.5773503 -0.5773503 0.5773503 0.7071068 0 0.7071068 0.5773503 -0.5773503 0.5773503 -0.5773503 -0.5773503 0.5773503 -0.5773503 -0.5773503 -0.5773503 0.5773503 -0.5773503 -0.5773503 0 0 -1 0 0 -1 0 0 -1 0 0 -1 0 0 -1 0 0 -1 0 0 -1 0 0 -1 0 0 -1 0 0 -1 0 0 -1 0 0 -1 0 0 1 0 0 1 0 0 1 0 0 1 0 0 1 0 0 1 0 0 1 0 0 1 0 0 1 0 0 1 0 0 1 0 0 1 0 0 1 0 0 1 0 0 1 0 0 1 0 0 -1 0 0 -1 0 0 -1 0 0 -1  
			<Tangents>: 538 0.4082482 0.8164967 0.4082482 3.77455E-08 1 -3.77455E-08 0.4082482 0.8164966 -0.4082483 -3.77455E-08 1 -3.774549E-08 0.4082482 -0.8164967 -0.4082482 3.77455E-08 -1 3.77455E-08 -0.8164967 0.4082482 0.4082482 -0.7071069 0 0.7071067 1 -6.820807E-08 -7.90607E-08 1 -1.066319E-08 1.235983E-08 0.9093684 0.3949781 -0.1305427 0.9093684 0.3949782 0.1305427 0.5900472 0.7967452 -0.130543 0.5900471 0.7967452 0.1305429 -1.166851E-08 1 1.352509E-08 8.445679E-09 1 9.789475E-09 -0.5051899 0.86298 0.006974662 -0.50519 0.86298 -0.006974872 -0.7967454 0.590047 -0.1305428 -0.7967454 0.5900469 0.1305425 -1 2.285206E-08 -2.648808E-08 -1 -4.801766E-08 -5.565778E-08 -0.8629802 -0.5051897 0.006974864 -0.8629802 -0.5051897 -0.006974702 -0.5900473 -0.7967451 -0.1305424 -0.5900475 -0.7967449 0.1305429 0.006017202 -0.9999576 0.006974606 0.006017218 -0.9999576 -0.006974625 0.494767 -0.8689977 -0.006974733 0.4947671 -0.8689976 0.006974794 0.9093683 -0.3949782 0.1305429 -0.9253663 0.2534158 0.2819178 0.4082483 0.8164966 0.4082483 3.77455E-08 1 -3.77455E-08 0.4082482 0.8164966 -0.4082483 -3.77455E-08 1 -3.774549E-08 0.4082483 -0.8164966 -0.4082483 3.77455E-08 -1 3.77455E-08 -0.8164967 0.4082482 0.4082482 -0.7071069 0 0.7071067 1 2.262628E-08 2.622636E-08 1 8.017113E-08 -9.292728E-08 0.9093683 0.3949783 -0.1305428 0.9093683 0.3949784 0.1305428 0.5900471 0.7967453 -0.1305427 0.590047 0.7967454 0.1305425 -1.166852E-08 1 1.352509E-08 8.445682E-09 1 9.789476E-09 -0.5051899 0.8629801 0.006974442 -0.5051899 0.86298 -0.006974654 -0.7967451 0.5900474 -0.1305429 -0.7967452 0.5900473 0.1305426 -1 2.045202E-07 -2.370616E-07 -1 1.336509E-07 1.549161E-07 -0.8629801 -0.5051898 0.006974639 -0.8629801 -0.5051898 -0.006974455 -0.5900471 -0.7967453 -0.1305424 -0.5900473 -0.7967451 0.1305428 0.00601736 -0.9999576 0.006974782 0.006017376 -0.9999576 -0.0069748 0.4947673 -0.8689975 -0.006975073 0.4947674 -0.8689975 0.006975138 0.9093682 -0.3949784 0.1305432 -0.9255295 0.261775 0.2736217 0.4082483 0.8164966 0.4082483 3.77455E-08 1 -3.77455E-08 0.4082482 0.8164966 -0.4082483 -3.77455E-08 1 -3.774549E-08 0.4082483 -0.8164966 -0.4082483 3.77455E-08 -1 3.77455E-08 -0.8164967 0.4082482 0.4082482 -0.7071069 0 0.7071067 1 -1.590422E-07 -1.843475E-07 1 -1.014973E-07 1.176468E-07 0.9093688 0.3949773 -0.1305427 0.9093688 0.3949774 0.1305426 0.5900477 0.7967446 -0.1305438 0.5900477 0.7967447 0.1305436 -1.166852E-08 1 1.352509E-08 8.445682E-09 1 9.789475E-09 -0.5051903 0.8629798 0.006975036 -0.5051904 0.8629797 -0.006975237 -0.796746 0.5900462 -0.1305423 -0.7967461 0.590046 0.1305421 -1 2.285191E-08 -2.648789E-08 -1 -4.801764E-08 -5.565775E-08 -0.8629798 -0.5051902 0.006975236 -0.8629798 -0.5051903 -0.006975055 -0.5900444 -0.7967471 -0.1305435 -0.5900447 -0.7967469 0.1305439 0.006017343 -0.9999576 0.006974779 0.006017357 -0.9999576 -0.006974798 0.4947646 -0.8689991 -0.006973412 0.4947647 -0.8689989 0.006973492 0.9093682 -0.3949785 0.1305432 -0.9255295 0.2617753 0.2736217 -0.0162553 -0.9998678 0.0003889492 0.01454742 0.9993873 0.03183547 -1.65325E-05 2.373289E-07 1 -5.473902E-06 -1.183414E-07 -1 0.029768 -0.9995565 0.0007770248 -5.559871E-06 -1.211743E-07 -1 0 0 1 0.01608094 0.9993631 0.03185458 -0.02926659 0.9989916 0.03404814 -0.02691203 0.9991473 0.03131232 -1.367441E-05 -5.019369E-07 1 0.002229987 0.9994646 0.03264225 0.0009275603 0.9994668 0.03263944 -6.572996E-08 2.977956E-07 -1 -0.02857729 0.9990118 0.03404193 -6.800198E-07 -5.100469E-08 -1 -0.7071073 0.7071062 0 0.7071068 -0.7071068 0 0.7071068 -0.7071068 0 -0.7071078 -0.7071057 0 0.7071063 0.7071073 0 0.7071063 0.7071073 0 -0.7071068 -0.7071068 0 0.7071068 -0.7071068 0 0.7071063 0.7071073 0 0.7071068 -0.7071068 0 -5.093347E-08 1 0 -8.128103E-08 1 0 -3.034757E-08 1 0 0 1 0 -3.034755E-08 1 0 0 1 0 -5.093346E-08 1 0 -8.1281E-08 1 0 -0.7071068 0.7071068 0 -0.7071068 0.7071068 0 0.7071068 -0.7071068 0 0.7071063 0.7071073 0 -2.827367E-06 8.374014E-08 -1 -2.896429E-06 8.580997E-08 -1 -1.498194E-05 4.606938E-07 1 -0.006551675 0.9995012 0.03089247 0.01473679 0.9993654 0.03242815 -2.123375E-05 -3.907056E-07 1 0.01478548 0.9993653 0.03240968 -0.01441105 -0.9998961 -0.0002216161 -0.7071063 0.7071073 0 0.7071063 0.7071073 0 0.7071068 -0.7071068 0 -0.7071068 -0.7071068 0 -0.7071063 0.7071073 0 0.7071063 0.7071073 0 -0.01628841 -0.9998673 -0.0003938257 0.01455936 0.9993879 -0.03181105 -2.570814E-05 -4.304184E-07 -1 -8.318711E-06 -1.798446E-07 1 0.029768 -0.9995565 -0.0007770249 -8.405675E-06 -1.83196E-07 1 0 0 -1 0.01607945 0.9993637 -0.03183919 -0.02926659 0.9989916 -0.03404815 -0.02691203 0.9991473 -0.03131232 -1.875029E-05 6.058478E-07 -1 0.00229494 0.9994534 -0.03297883 0.0009429292 0.9994558 -0.0329729 -1.975942E-07 8.952184E-07 1 -0.02857729 0.9990118 -0.03404193 -6.858689E-07 -5.144337E-08 1 -4.249745E-06 1.258677E-07 1 -4.318875E-06 1.279516E-07 1 -2.331895E-05 7.170566E-07 -1 -0.006551675 0.9995012 -0.03089243 0.01472969 0.99936 -0.03259917 -3.307755E-05 -4.999524E-07 -1 0.0147615 0.9993606 -0.03256397 -0.01440635 -0.9998962 0.0002247092 0.4082483 0.8164966 0.4082483 3.77455E-08 1 -3.77455E-08 0.4082483 0.8164966 -0.4082484 -3.77455E-08 1 -3.77455E-08 0.4082483 -0.8164966 -0.4082483 3.77455E-08 -1 3.77455E-08 -0.8164966 0.4082483 0.4082483 -0.7071069 0 0.7071066 0.4082483 0.8164966 0.4082483 3.77455E-08 1 -3.77455E-08 0.4082483 0.8164966 -0.4082484 -3.77455E-08 1 -3.77455E-08 0.4082483 -0.8164966 -0.4082483 3.77455E-08 -1 3.77455E-08 -0.8164966 0.4082483 0.4082483 -0.7071069 0 0.7071066 0.4082483 0.8164966 0.4082483 3.77455E-08 1 -3.77455E-08 0.4082483 0.8164966 -0.4082484 -3.77455E-08 1 -3.77455E-08 0.4082483 -0.8164966 -0.4082483 3.77455E-08 -1 3.77455E-08 -0.8164966 0.4082483 0.4082483 -0.7071069 0 0.7071066 -0.7071069 0 -0.7071067 -0.8164967 -0.4082482 -0.4082482 -3.77455E-08 -1 3.774549E-08 0.4082482 -0.8164966 0.4082483 -0.7071069 0 -0.7071066 -0.8164967 0.4082482 -0.4082483 -0.8164967 -0.4082482 0.4082483 -0.7071069 0 0.7071066 0.8164967 0.4082482 -0.4082483 0.8164967 -0.4082482 0.4082483 0.8164967 -0.4082482 -0.4082482 0.8164967 0.4082482 0.4082482 0.7967453 0.5900471 0.1305425 0.7967453 0.5900471 -0.1305426 0.3949777 0.9093685 0.1305431 0.3949777 0.9093685 -0.1305431 -0.9093685 0.394978 0.1305427 -0.9093685 0.394978 -0.1305426 -0.3949786 -0.9093682 0.1305428 -0.3949785 -0.9093682 -0.1305427 -0.7517237 -0.4079163 -0.5181851 -0.6532269 -6.081024E-07 -0.7571622 -0.7541539 0.3694392 -0.542924 -0.9244075 -0.2325394 -0.3023179 -0.9252848 0.2506615 -0.2846346 -0.9999952 0.002027185 -0.002349733 -0.9997822 -0.01363273 -0.01580185 -0.9253729 -0.253652 0.2816837 -0.7541351 -0.3698875 0.5426449 -0.7516101 0.4092462 0.5173005 -0.6532267 1.216202E-06 0.7571624 0.9093683 -0.3949784 -0.1305428 0.7967449 -0.5900475 -0.1305429 0.7967449 -0.5900475 0.130543 -0.7517237 0.4079164 0.518185 -0.653227 0 0.7571622 -0.7541539 -0.3694395 0.5429239 -0.9244076 0.2325394 0.3023178 -0.9252847 -0.2506616 0.2846347 -0.9999952 -0.002027042 0.002349568 -0.9997822 0.01363283 0.01580196 -0.9255298 -0.2617742 -0.2736216 -0.9249955 0.2432209 -0.2919365 -0.7541351 -0.3698885 -0.5426443 -0.7516102 0.4092461 -0.5173004 -0.6532267 6.081008E-07 -0.7571624 -0.7071069 0 -0.7071067 -0.8164967 -0.4082482 -0.4082482 -3.77455E-08 -1 3.774549E-08 0.4082482 -0.8164966 0.4082483 -0.7071069 0 -0.7071066 -0.8164966 0.4082482 -0.4082482 -0.8164966 -0.4082482 0.4082482 -0.7071069 0 0.7071066 0.8164966 0.4082482 -0.4082482 0.8164966 -0.4082482 0.4082482 0.8164967 -0.4082482 -0.4082482 0.8164967 0.4082482 0.4082482 0.7967451 0.5900474 0.1305427 0.7967451 0.5900474 -0.1305427 0.3949777 0.9093685 0.1305431 0.3949778 0.9093685 -0.1305432 -0.9093683 0.3949783 0.1305428 -0.9093683 0.3949783 -0.1305427 -0.394978 -0.9093684 0.1305433 -0.3949779 -0.9093684 -0.1305432 -0.7517237 -0.4079164 -0.518185 -0.6532271 -6.081023E-07 -0.757162 -0.7541538 0.3694393 -0.542924 -0.9244074 -0.2325395 -0.3023182 -0.9252847 0.2506617 -0.2846349 -0.9999952 0.002027205 -0.002349757 -0.9997822 -0.01363277 -0.01580188 -0.9249955 -0.2432203 0.2919369 -0.7541349 0.3698891 0.5426441 -0.7516103 -0.409245 0.517301 -0.6532271 1.216205E-06 0.757162 0.9093682 -0.3949785 -0.1305431 0.7967449 -0.5900477 -0.1305426 0.7967449 -0.5900476 0.1305427 -0.7517237 0.4079166 0.5181848 -0.6532271 0 0.757162 -0.754154 -0.3694395 0.5429238 -0.9244075 0.2325395 0.3023181 -0.9252846 -0.2506617 0.2846349 -0.9999952 -0.002027077 0.002349608 -0.9997822 0.01363285 0.01580198 -0.9255297 -0.2617745 -0.2736217 -0.9249953 0.2432211 -0.2919368 -0.7541349 -0.3698886 -0.5426444 -0.7516102 0.4092465 -0.5173001 -0.6532271 6.081023E-07 -0.757162 -0.7071069 0 -0.7071067 -0.8164967 -0.4082482 -0.4082482 -3.77455E-08 -1 3.774549E-08 0.4082482 -0.8164966 0.4082483 -0.7071069 0 -0.7071066 -0.8164966 0.4082482 -0.4082482 -0.8164966 -0.4082482 0.4082482 -0.7071069 0 0.7071066 0.8164966 0.4082482 -0.4082482 0.8164966 -0.4082482 0.4082482 0.8164967 -0.4082482 -0.4082482 0.8164967 0.4082482 0.4082482 0.796746 0.5900462 0.1305421 0.7967461 0.5900462 -0.1305421 0.3949778 0.9093685 0.1305431 0.394978 0.9093684 -0.1305432 -0.9093688 0.3949772 0.1305426 -0.9093688 0.3949772 -0.1305426 -0.3949757 -0.9093697 0.130541 -0.3949756 -0.9093698 -0.130541 -0.7517235 -0.4079164 -0.5181852 -0.6532271 -6.081024E-07 -0.757162 -0.7541537 0.3694395 -0.5429242 -0.9244078 -0.232539 -0.3023174 -0.925285 0.2506611 -0.2846342 -0.9999952 0.002027149 -0.002349693 -0.9997822 -0.0136327 -0.01580181 -0.9249955 -0.2432205 0.2919369 -0.7541338 0.3698877 0.5426465 -0.7516094 -0.409244 0.5173032 -0.653226 1.216207E-06 0.757163 0.9093682 -0.3949786 -0.130543 0.7967442 -0.5900483 -0.1305437 0.7967442 -0.5900483 0.1305438 -0.7517237 0.4079165 0.518185 -0.6532271 0 0.757162 -0.7541537 -0.3694397 0.5429241 -0.9244079 0.2325389 0.3023173 -0.925285 -0.2506612 0.2846342 -0.9999952 -0.002027022 0.002349543 -0.9997822 0.01363279 0.01580191 -0.9255297 -0.2617747 -0.2736216 -0.9249952 0.2432213 -0.2919368 -0.7541339 -0.3698873 -0.5426467 -0.7516092 0.4092455 -0.5173023 -0.6532262 6.081032E-07 -0.7571628 -0.02913633 0.9990404 0.03270248 0 0 -1 -0.008391057 0.999495 0.03064749 -1.508908E-05 4.641248E-07 1 -1.670578E-05 2.392478E-07 1 -2.115239E-05 -3.901337E-07 1 -1.322082E-05 -4.852869E-07 1 0.009021747 -0.9999587 0.001127171 0.02860366 -0.9995908 -0.0003188275 0.005882135 -0.9999819 0.001301442 0 0 1 0 0 1 0 0 1 -0.01507495 -0.9998863 -0.0001950098 -0.01466855 -0.9998924 0.0003696959 -1.454562E-06 -2.610986E-08 -1 -1.41447E-06 -2.533163E-08 -1 -2.79305E-06 3.862372E-08 -1 -2.829308E-06 3.903447E-08 -1 0.02927294 -0.9995705 -0.001381701 0.02861282 -0.9995896 -0.001376523 -1.239071E-05 -7.156194E-07 1 -1.2425E-05 -7.175997E-07 1 -1.206386E-05 -1.514805E-07 1 -1.214435E-05 -1.51438E-07 1 -2.638426E-08 1.195363E-07 -1 6.999744E-08 -3.171298E-07 -1 2.871549E-08 -1.300981E-07 -1 0.7071063 0.7071073 0 0.7071063 0.7071073 0 -0.7071068 0.7071068 0 -0.7071068 0.7071068 0 -0.7071068 -0.7071068 0 -0.7071068 -0.7071068 0 -0.7071068 -0.7071068 0 0.7071068 -0.7071068 0 0.7071068 -0.7071068 0 0.7071068 -0.7071068 0 0.7071063 0.7071073 0 0.7071063 0.7071073 0 0.7071068 -0.7071068 0 0.7071068 -0.7071068 0 -0.7071073 -0.7071062 0 -0.7071073 -0.7071062 0 -0.7071073 -0.7071062 0 -0.7071068 0.7071068 0 -0.7071068 0.7071068 0 -0.7071068 0.7071068 0 0.7071063 0.7071073 0 0.7071063 0.7071073 0 0.7071063 0.7071073 0 0.7071068 -0.7071068 0 0.7071068 -0.7071068 0 0.7071068 -0.7071068 0 -0.7071068 -0.7071068 0 -0.7071068 -0.7071068 0 -0.7071068 -0.7071068 0 -0.7071068 -0.7071068 0 -0.7071068 0.7071068 0 -0.7071063 0.7071073 0 -0.7071063 0.7071073 0 -0.7071063 0.7071073 0 0.7071063 0.7071073 0 0.7071063 0.7071073 0 0.7071063 0.7071073 0 0.7071068 -0.7071068 0 -0.7071068 0.7071068 0 -0.7071068 0.7071068 0 -0.7071068 -0.7071068 0 -0.7071068 -0.7071068 0 -0.7071068 -0.7071068 0 0.7071068 -0.7071068 0 -3.034755E-08 1 0 0 1 0 -5.093346E-08 1 0 -8.1281E-08 1 0 -5.093348E-08 1 0 -8.128104E-08 1 0 -3.034757E-08 1 0 0 1 0 -1.41312E-06 -5.048235E-08 -1 -1.41312E-06 -5.048235E-08 -1 -0.002284303 -0.9999973 -0.0005091668 -0.001312932 -0.999999 -0.0005058891 0 0 1 0 0 1 0 0 1 0 0 1 0 0 1 0 0 1 0 0 1 0 0 1 0 0 1 0 0 1 0 0 1 0 0 1 0 0 1 0 0 1 0 0 1 0 0 1 0 0 1 0 0 1 0 0 1 0 0 1 -0.02913633 0.9990404 -0.03270249 0 0 1 -0.008391056 0.999495 -0.03064747 -2.342621E-05 7.205662E-07 -1 -2.588157E-05 -4.361008E-07 -1 -3.294964E-05 -4.942866E-07 -1 -1.820471E-05 5.882193E-07 -1 0.009021747 -0.9999587 -0.001127171 0.005882135 -0.9999819 -0.001301442 0.02860366 -0.9995908 0.0003188285 0 0 -1 0 0 -1 0 0 -1 -0.01506464 -0.9998865 0.0001964417 -0.01469717 -0.9998919 -0.0003652032 -2.16637E-06 -3.180615E-08 1 -4.252298E-06 -7.067277E-08 1 -4.216066E-06 -6.964309E-08 1 -2.170327E-06 -3.209667E-08 1 0.02861282 -0.9995896 0.001376525 0.02927294 -0.9995705 0.001381703 -1.927189E-05 -1.113038E-06 -1 -1.88194E-05 -2.346711E-07 -1 -1.873882E-05 -2.352985E-07 -1 -1.930628E-05 -1.115025E-06 -1 -1.590587E-07 7.206301E-07 1 -4.173083E-08 1.890653E-07 1 0 0 1 -4.161127E-06 1.308539E-07 1 -4.249271E-06 1.336257E-07 1 -0.00227925 -0.9999973 0.0005143243 -0.001332668 -0.999999 0.0005110979 -0.7071069 0 -0.7071066 -0.8164966 -0.4082483 -0.4082483 -3.77455E-08 -1 3.77455E-08 0.4082483 -0.8164966 0.4082484 -0.7071068 0 -0.7071068 -0.8164966 0.4082483 -0.4082483 -0.8164966 -0.4082483 0.4082483 -0.7071068 0 0.7071068 0.8164966 0.4082483 -0.4082483 0.8164966 -0.4082483 0.4082483 0.8164966 -0.4082483 -0.4082483 0.8164966 0.4082483 0.4082483 -0.7071069 0 -0.7071066 -0.8164966 -0.4082483 -0.4082483 -3.77455E-08 -1 3.77455E-08 0.4082483 -0.8164966 0.4082484 -0.7071068 0 -0.7071068 -0.8164966 0.4082483 -0.4082483 -0.8164966 -0.4082483 0.4082483 -0.7071068 0 0.7071068 0.8164966 0.4082483 -0.4082483 0.8164966 -0.4082483 0.4082483 0.8164966 -0.4082483 -0.4082483 0.8164966 0.4082483 0.4082483 -0.7071069 0 -0.7071066 -0.8164966 -0.4082483 -0.4082483 -3.77455E-08 -1 3.77455E-08 0.4082483 -0.8164966 0.4082484 -0.7071068 0 -0.7071068 -0.8164966 0.4082483 -0.4082483 -0.8164966 -0.4082483 0.4082483 -0.7071068 0 0.7071068 0.8164966 0.4082483 -0.4082483 0.8164966 -0.4082483 0.4082483 0.8164966 -0.4082483 -0.4082483 0.8164966 0.4082483 0.4082483 0.7071063 0.7071073 0 0.7071063 0.7071073 0 -0.7071063 0.7071073 0 -0.7071063 0.7071073 0 -0.7071068 -0.7071068 0 -0.7071068 -0.7071068 0 0.7071068 -0.7071068 0 0.7071068 -0.7071068 0 0.7071063 0.7071073 0 0.7071063 0.7071073 0 -0.7071063 0.7071073 0 -0.7071063 0.7071073 0 -0.7071078 -0.7071057 0 -0.7071078 -0.7071057 0 -0.7071073 0.7071062 0 -0.7071073 0.7071062 0 0.7071063 0.7071073 0 0.7071063 0.7071073 0 0.7071068 -0.7071068 0 0.7071068 -0.7071068 0 -0.7071068 -0.7071068 0 -0.7071068 -0.7071068 0 -0.7071068 0.7071068 0 -0.7071068 0.7071068 0 0.7071063 0.7071073 0 0.7071063 0.7071073 0 0.7071068 -0.7071068 0 0.7071068 -0.7071068 0 -0.7071068 -0.7071068 0 -0.7071068 -0.7071068 0 0.7071068 -0.7071068 0 0.7071068 -0.7071068 0  
			<BiTangents>: 538 0.7071068 -4.866698E-08 -0.7071067 0.7071068 -5.33802E-08 -0.7071068 -0.7071069 -6.16984E-08 -0.7071067 -0.7071068 -5.338019E-08 -0.7071067 -0.7071068 -4.866698E-08 -0.7071067 -0.7071068 -5.33802E-08 -0.7071068 0 0.7071068 -0.7071068 0 1 0 1.044171E-07 0.6532269 0.7571623 -1.632388E-08 -0.6532266 0.7571625 -0.1724106 0.643445 0.7458238 0.1724106 -0.6434448 0.745824 -0.4710341 0.4710345 0.745824 0.4710341 -0.4710343 0.7458241 -0.653227 -1.786288E-08 0.7571622 0.653227 -1.292917E-08 0.7571622 -0.5610811 -0.334577 0.7571303 0.561081 0.3345771 0.7571303 -0.4710342 -0.4710342 0.745824 0.4710341 0.4710347 0.7458239 -3.498336E-08 -0.6532267 0.7571624 -7.35084E-08 0.6532269 0.7571622 0.3345768 -0.561081 0.7571303 -0.3345769 0.5610814 0.75713 0.4710342 -0.4710342 0.7458241 -0.471034 0.4710346 0.7458239 0.653199 0.009211507 0.7571303 -0.653199 -0.009211532 0.7571303 0.5702932 0.3186217 0.75713 -0.570293 -0.3186216 0.7571302 0.1724106 0.6434449 0.7458239 -0.01932171 0.7112027 -0.7027214 0.7071068 -4.866699E-08 -0.7071067 0.7071068 -5.33802E-08 -0.7071068 -0.7071069 -6.16984E-08 -0.7071067 -0.7071068 -5.338019E-08 -0.7071067 -0.7071068 -4.866699E-08 -0.7071067 -0.7071068 -5.33802E-08 -0.7071068 0 0.7071068 -0.7071068 0 1 0 -3.46377E-08 0.6532269 0.7571622 1.22731E-07 -0.6532266 0.7571625 -0.1724108 0.6434449 0.7458239 0.1724108 -0.6434448 0.7458239 -0.4710343 0.4710342 0.745824 0.4710343 -0.471034 0.7458242 -0.6532271 -1.786288E-08 0.757162 0.6532272 -1.292917E-08 0.757162 -0.5610811 -0.3345768 0.7571303 0.5610811 0.3345769 0.7571303 -0.4710345 -0.471034 0.745824 0.4710344 0.4710344 0.7458239 -3.130922E-07 -0.6532268 0.7571623 2.04601E-07 0.653227 0.7571622 0.3345767 -0.5610809 0.7571304 -0.3345769 0.5610815 0.75713 0.4710343 -0.4710339 0.7458242 -0.4710341 0.4710344 0.7458241 0.6531994 0.009211743 0.7571299 -0.6531994 -0.009211767 0.7571299 0.570293 0.3186215 0.7571303 -0.5702929 -0.3186214 0.7571304 0.1724105 0.643445 0.7458239 -0.008421275 0.7081687 -0.7059931 0.7071068 -4.866699E-08 -0.7071067 0.7071068 -5.33802E-08 -0.7071068 -0.7071069 -6.16984E-08 -0.7071067 -0.7071068 -5.338019E-08 -0.7071067 -0.7071068 -4.866699E-08 -0.7071067 -0.7071068 -5.33802E-08 -0.7071068 0 0.7071068 -0.7071068 0 1 0 2.434716E-07 0.6532269 0.7571622 -1.553785E-07 -0.6532266 0.7571625 -0.1724103 0.6434454 0.7458236 0.1724103 -0.6434452 0.7458237 -0.4710332 0.4710352 0.7458241 0.4710332 -0.471035 0.7458243 -0.6532271 -1.786288E-08 0.757162 0.6532271 -1.292917E-08 0.757162 -0.5610805 -0.3345773 0.7571306 0.5610803 0.3345775 0.7571306 -0.4710336 -0.4710352 0.7458239 0.4710335 0.4710356 0.7458237 -3.498312E-08 -0.6532269 0.7571623 -7.350836E-08 0.6532269 0.7571622 0.3345773 -0.5610803 0.7571308 -0.3345774 0.5610808 0.7571303 0.471036 -0.4710335 0.7458234 -0.4710359 0.471034 0.7458232 0.6531985 0.009211729 0.7571307 -0.6531984 -0.009211753 0.7571308 0.5702941 0.3186212 0.7571296 -0.5702939 -0.3186212 0.7571297 0.1724104 0.6434447 0.7458241 -0.008421258 0.7081684 -0.7059934 0.9998665 -0.01625592 -0.001636874 0.9998935 -0.01450264 -0.001637054 0.999897 -0.01435381 1.653421E-05 0.9997664 0.02161416 -5.475181E-06 0.9995568 0.02976799 -2.314073E-05 0.9997626 0.02178927 -5.561191E-06 0.2747214 -0.9615239 0 0.9998695 -0.0160229 -0.002076462 0.9995216 0.02958894 -0.009002417 0.9996378 0.02689882 0.0008429833 0.9993271 0.03668158 1.368362E-05 0.9999951 -0.002300926 0.00213582 0.9999971 -0.0009991899 0.002178333 0.2155334 -0.9764965 -3.049633E-07 0.9995416 0.02890001 -0.009025896 0.9971989 0.07479462 -6.819299E-07 -0.7071062 -0.7071073 0 0.7071068 0.7071068 0 0.7071068 0.7071068 0 0.7071057 -0.7071078 0 -0.7071073 0.7071063 0 -0.7071073 0.7071063 0 0.7071068 -0.7071068 0 0.7071068 0.7071068 0 -0.7071073 0.7071063 0 0.7071068 0.7071068 0 1 5.093347E-08 0 1 8.128103E-08 0 1 3.034757E-08 0 1 0 0 -1 -3.034755E-08 0 -1 0 0 -1 -5.093346E-08 0 -1 -8.1281E-08 0 -0.7071068 -0.7071068 0 -0.7071068 -0.7071068 0 0.7071068 0.7071068 0 -0.7071073 0.7071063 0 0.9995617 -0.02960473 -2.828607E-06 0.9995614 -0.02961314 -2.8977E-06 0.9995276 -0.03073542 1.498902E-05 0.9999682 0.006408486 0.004731816 0.9998888 -0.01465551 -0.002742592 0.9998308 0.01839711 2.123734E-05 0.9998873 -0.01469306 -0.003087906 0.9998948 -0.01441066 -0.001663945 -0.7071073 -0.7071063 0 -0.7071073 0.7071063 0 0.7071068 0.7071068 0 0.7071068 -0.7071068 0 -0.7071073 -0.7071063 0 -0.7071073 0.7071063 0 0.9998662 -0.016289 0.001527492 0.999892 -0.01448847 0.002457815 0.9998599 0.01674015 -2.571174E-05 0.9997664 0.02161423 8.320655E-06 0.9995568 0.02976799 2.314073E-05 0.9997626 0.02178915 8.407671E-06 0.2747224 -0.9615236 0 0.999867 -0.01598472 0.003227599 0.9995216 0.02958894 0.009002417 0.9996378 0.02689882 -0.0008429834 0.9994784 -0.03229453 -1.876008E-05 0.9999875 -0.002440171 -0.004364184 0.9999897 -0.001088882 -0.004408768 0.2155335 -0.9764965 9.167658E-07 0.9995416 0.02890001 0.009025896 0.9971989 0.07479458 6.877955E-07 0.9995617 -0.02960473 4.251609E-06 0.9995614 -0.02961314 4.32077E-06 0.9995276 -0.03073543 -2.332997E-05 0.9999682 0.006408487 -0.004731811 0.9998894 -0.01465465 0.002539658 0.9998858 0.01511282 -3.308133E-05 0.9998877 -0.01466929 0.003069059 0.9998949 -0.01440596 0.001642724 0.7071068 -4.153987E-08 -0.7071068 0.7071068 -5.33802E-08 -0.7071068 -0.7071068 -5.161914E-08 -0.7071068 -0.7071068 -5.33802E-08 -0.7071068 -0.7071068 -4.153987E-08 -0.7071068 -0.7071068 -5.33802E-08 -0.7071068 -7.127115E-09 0.7071068 -0.7071068 0 1 0 0.7071068 -4.153987E-08 -0.7071068 0.7071068 -5.33802E-08 -0.7071068 -0.7071068 -5.161914E-08 -0.7071068 -0.7071068 -5.33802E-08 -0.7071068 -0.7071068 -4.153987E-08 -0.7071068 -0.7071068 -5.33802E-08 -0.7071068 -7.127115E-09 0.7071068 -0.7071068 0 1 0 0.7071068 -4.153987E-08 -0.7071068 0.7071068 -5.33802E-08 -0.7071068 -0.7071068 -5.161914E-08 -0.7071068 -0.7071068 -5.33802E-08 -0.7071068 -0.7071068 -4.153987E-08 -0.7071068 -0.7071068 -5.33802E-08 -0.7071068 -7.127115E-09 0.7071068 -0.7071068 0 1 0 0 1 0 0 0.7071068 -0.7071068 0.7071068 -5.338019E-08 -0.7071067 0.7071069 -6.16984E-08 -0.7071067 0 1 0 -2.952154E-09 0.7071068 0.7071067 2.952154E-09 0.7071068 0.7071067 0 1 0 -2.952154E-09 -0.7071068 -0.7071067 2.952154E-09 -0.7071068 -0.7071067 0 0.7071068 -0.7071068 0 0.7071068 -0.7071068 -0.4710342 0.4710345 0.7458239 0.4710341 -0.4710344 0.745824 -0.643445 0.17241 0.745824 0.6434449 -0.17241 0.745824 -0.1724105 -0.6434447 0.7458241 0.1724106 0.643445 0.7458238 0.6434447 -0.1724108 0.745824 -0.6434447 0.1724108 0.745824 -0.07028663 0.8308313 -0.5520681 -3.972289E-07 1 -4.604321E-07 0.03578673 0.8486407 0.5277579 0.04633546 0.7182996 -0.6941892 -0.02290226 0.7121782 0.701625 0.003103341 0.6532235 -0.7571588 -0.02086983 0.6530846 0.7569973 0.01901381 0.7111186 0.7028149 -0.03618513 0.8484452 0.5280448 0.07149056 0.8301771 -0.5528969 7.944554E-07 1 -9.208621E-07 -0.1724107 -0.6434447 0.7458241 0.4710347 0.471034 0.7458239 -0.4710346 -0.4710338 0.745824 0.07028678 0.8308312 -0.5520682 0 1 0 -0.03578698 0.8486406 0.527758 -0.04633551 0.7182994 -0.6941894 0.02290221 0.7121782 0.701625 -0.003103122 0.6532236 -0.7571588 0.02086998 0.6530846 0.7569973 0.008421887 0.7081686 -0.7059931 -0.03255069 0.7147536 0.6986184 -0.03618588 0.8484448 -0.5280455 0.07149073 0.8301772 0.5528967 3.972277E-07 1 4.60431E-07 0 1 0 0 0.7071068 -0.7071068 0.7071068 -5.338019E-08 -0.7071067 0.7071069 -6.16984E-08 -0.7071067 0 1 0 7.127112E-09 0.7071068 0.7071068 -7.127112E-09 0.7071068 0.7071068 0 1 0 7.127112E-09 -0.7071068 -0.7071068 -7.127112E-09 -0.7071068 -0.7071068 0 0.7071068 -0.7071068 0 0.7071068 -0.7071068 -0.4710345 0.4710343 0.7458239 0.4710344 -0.4710342 0.7458239 -0.643445 0.17241 0.7458239 0.6434449 -0.17241 0.745824 -0.1724106 -0.6434447 0.745824 0.1724108 0.6434449 0.7458239 0.6434448 -0.1724101 0.7458241 -0.6434449 0.1724101 0.745824 -0.07028672 0.8308312 -0.5520683 -3.972289E-07 1 -4.60432E-07 0.03578676 0.8486406 0.527758 0.04633552 0.7182997 -0.6941891 -0.02290228 0.7121783 0.701625 0.003103372 0.6532235 -0.7571589 -0.02086988 0.6530847 0.7569972 0.03255129 0.7147539 0.6986182 0.03618643 0.8484446 -0.5280458 -0.07148924 0.8301775 0.5528966 7.944579E-07 1 -9.208641E-07 -0.1724106 -0.6434447 0.745824 0.4710345 0.4710341 0.745824 -0.4710344 -0.4710339 0.7458241 0.07028685 0.830831 -0.5520684 0 1 0 -0.03578703 0.8486405 0.5277581 -0.04633556 0.7182996 -0.6941893 0.02290226 0.7121783 0.701625 -0.003103176 0.6532236 -0.7571587 0.02087001 0.6530846 0.7569973 0.008421782 0.7081685 -0.7059932 -0.03255069 0.7147537 0.6986184 -0.03618589 0.8484448 -0.5280455 0.07149071 0.8301769 0.5528973 3.972289E-07 1 4.60432E-07 0 1 0 0 0.7071068 -0.7071068 0.7071068 -5.338019E-08 -0.7071067 0.7071069 -6.16984E-08 -0.7071067 0 1 0 7.127112E-09 0.7071068 0.7071068 -7.127112E-09 0.7071068 0.7071068 0 1 0 7.127112E-09 -0.7071068 -0.7071068 -7.127112E-09 -0.7071068 -0.7071068 0 0.7071068 -0.7071068 0 0.7071068 -0.7071068 -0.4710336 0.4710355 0.7458237 0.4710334 -0.4710354 0.7458238 -0.6434447 0.1724099 0.7458243 0.6434445 -0.1724099 0.7458243 -0.1724101 -0.6434451 0.7458237 0.1724103 0.6434453 0.7458236 0.6434451 -0.1724101 0.7458238 -0.6434453 0.1724101 0.7458237 -0.07028639 0.8308311 -0.5520685 -3.972289E-07 1 -4.60432E-07 0.03578654 0.8486404 0.5277582 0.04633532 0.7182997 -0.6941892 -0.02290215 0.7121783 0.7016249 0.003103287 0.6532235 -0.7571589 -0.02086978 0.6530846 0.7569973 0.03255129 0.7147535 0.6986185 0.03618673 0.8484466 -0.5280425 -0.07148974 0.8301795 0.5528936 7.944579E-07 1 -9.208665E-07 -0.1724105 -0.6434444 0.7458243 0.4710355 0.471033 0.745824 -0.4710355 -0.4710328 0.7458242 0.07028653 0.830831 -0.5520685 0 1 0 -0.03578683 0.8486403 0.5277582 -0.04633537 0.7182996 -0.6941893 0.02290212 0.7121783 0.7016249 -0.003103091 0.6532237 -0.7571587 0.02086992 0.6530846 0.7569973 0.008421768 0.7081682 -0.7059935 -0.03255067 0.7147534 0.6986186 -0.03618621 0.8484468 -0.5280423 0.0714912 0.8301789 0.5528943 3.972289E-07 1 4.604331E-07 0.9995625 0.02928688 -0.004133869 0.9971989 0.07479462 0 0.9999542 0.00824565 0.004867808 0.9995273 -0.03074446 1.509621E-05 0.9998975 -0.01431979 1.670749E-05 0.9998299 0.01844081 2.115599E-05 0.9993271 0.03668158 1.322972E-05 0.9999529 0.009025717 0.00356804 0.9995828 0.02860471 -0.004000659 0.999976 0.005886827 0.003631515 0.2747214 -0.9615239 0 0.2747214 -0.9615239 0 0.2747214 -0.9615239 0 0.9998842 -0.01507451 -0.002050822 0.9998904 -0.01466926 -0.001997659 0.9998389 0.01794743 -1.454797E-06 0.9998397 0.01790605 -1.414697E-06 0.9999044 -0.01382719 -2.793317E-06 0.9999049 -0.01379516 -2.829578E-06 0.9995404 0.02928289 -0.00783975 0.9995595 0.02862276 -0.007840659 0.9983364 0.05765844 1.241136E-05 0.9983364 0.05765844 1.24457E-05 0.9999212 0.01255557 1.206481E-05 0.9999223 0.01246887 1.214529E-05 0.2155334 -0.9764965 -1.224135E-07 0.2155334 -0.9764965 3.247629E-07 0.2155334 -0.9764965 1.332295E-07 -0.7071073 0.7071063 0 -0.7071073 0.7071063 0 -0.7071068 -0.7071068 0 -0.7071068 -0.7071068 0 0.7071068 -0.7071068 0 0.7071068 -0.7071068 0 0.7071068 -0.7071068 0 0.7071068 0.7071068 0 0.7071068 0.7071068 0 0.7071068 0.7071068 0 -0.7071073 0.7071063 0 -0.7071073 0.7071063 0 0.7071068 0.7071068 0 0.7071068 0.7071068 0 0.7071062 -0.7071073 0 0.7071062 -0.7071073 0 0.7071062 -0.7071073 0 -0.7071068 -0.7071068 0 -0.7071068 -0.7071068 0 -0.7071068 -0.7071068 0 -0.7071073 0.7071063 0 -0.7071073 0.7071063 0 -0.7071073 0.7071063 0 0.7071068 0.7071068 0 0.7071068 0.7071068 0 0.7071068 0.7071068 0 0.7071068 -0.7071068 0 0.7071068 -0.7071068 0 0.7071068 -0.7071068 0 0.7071068 -0.7071068 0 -0.7071068 -0.7071068 0 -0.7071073 -0.7071063 0 -0.7071073 -0.7071063 0 -0.7071073 -0.7071063 0 -0.7071073 0.7071063 0 -0.7071073 0.7071063 0 -0.7071073 0.7071063 0 0.7071068 0.7071068 0 -0.7071068 -0.7071068 0 -0.7071068 -0.7071068 0 0.7071068 -0.7071068 0 0.7071068 -0.7071068 0 0.7071068 -0.7071068 0 0.7071068 0.7071068 0 -1 -3.034755E-08 0 -1 0 0 -1 -5.093346E-08 0 -1 -8.1281E-08 0 1 5.093348E-08 0 1 8.128104E-08 0 1 3.034757E-08 0 1 0 0 0.9993625 0.03570126 -1.414021E-06 0.9993625 0.03570126 -1.414021E-06 0.9999917 -0.002286009 0.003374014 0.9999934 -0.001314631 0.003374507 0 -1 0 0 -1 0 0 -1 0 0 -1 0 0 1 0 0 1 0 0 1 0 0 1 0 1 0 0 1 0 0 1 0 0 1 0 0 -1 0 0 -1 0 0 -1 0 0 -1 0 0 -1 0 0 -1 0 0 1 0 0 1 0 0 0.9995625 0.02928688 0.004133869 0.9971989 0.07479458 0 0.9999542 0.00824565 -0.004867805 0.9995273 -0.03074444 -2.343729E-05 0.9998581 0.01684747 -2.588525E-05 0.9998875 0.01499959 -3.295335E-05 0.9994784 -0.03229453 -1.821421E-05 0.9999529 0.009025717 -0.003568033 0.999976 0.005886827 -0.003631507 0.9995828 0.02860471 0.004000673 0.2747224 -0.9615236 0 0.2747224 -0.9615236 0 0.2747224 -0.9615236 0 0.9998844 -0.0150642 0.002053166 0.9998898 -0.01469791 0.002094708 0.9998922 0.01468019 2.166603E-06 0.999862 0.0166176 4.252886E-06 0.9998636 0.01651625 4.216641E-06 0.9998907 0.01478725 2.170564E-06 0.9995595 0.02862276 0.007840674 0.9995404 0.02928289 0.007839764 0.9983364 0.05765841 -1.930401E-05 0.9999223 0.01246867 -1.882086E-05 0.9999212 0.01255575 -1.87403E-05 0.9983364 0.05765841 -1.933846E-05 0.2155335 -0.9764965 7.379753E-07 0.2155335 -0.9764965 1.93616E-07 0.2155335 -0.9764965 0 0.9995059 -0.0314312 4.163184E-06 0.9995059 -0.0314312 4.251371E-06 0.9999916 -0.00228099 -0.003408305 0.9999933 -0.001334402 -0.00340879 0 1 0 7.127115E-09 0.7071068 -0.7071068 0.7071068 -5.33802E-08 -0.7071068 0.7071068 -5.161914E-08 -0.7071068 0 1 0 7.127115E-09 0.7071068 0.7071068 -7.127115E-09 0.7071068 0.7071068 0 1 0 7.127115E-09 -0.7071068 -0.7071068 -7.127115E-09 -0.7071068 -0.7071068 -7.127115E-09 0.7071068 -0.7071068 7.127115E-09 0.7071068 -0.7071068 0 1 0 7.127115E-09 0.7071068 -0.7071068 0.7071068 -5.33802E-08 -0.7071068 0.7071068 -5.161914E-08 -0.7071068 0 1 0 7.127115E-09 0.7071068 0.7071068 -7.127115E-09 0.7071068 0.7071068 0 1 0 7.127115E-09 -0.7071068 -0.7071068 -7.127115E-09 -0.7071068 -0.7071068 -7.127115E-09 0.7071068 -0.7071068 7.127115E-09 0.7071068 -0.7071068 0 1 0 7.127115E-09 0.7071068 -0.7071068 0.7071068 -5.33802E-08 -0.7071068 0.7071068 -5.161914E-08 -0.7071068 0 1 0 7.127115E-09 0.7071068 0.7071068 -7.127115E-09 0.7071068 0.7071068 0 1 0 7.127115E-09 -0.7071068 -0.7071068 -7.127115E-09 -0.7071068 -0.7071068 -7.127115E-09 0.7071068 -0.7071068 7.127115E-09 0.7071068 -0.7071068 -0.7071073 0.7071063 0 -0.7071073 0.7071063 0 -0.7071073 -0.7071063 0 -0.7071073 -0.7071063 0 0.7071068 -0.7071068 0 0.7071068 -0.7071068 0 0.7071068 0.7071068 0 0.7071068 0.7071068 0 -0.7071073 0.7071063 0 -0.7071073 0.7071063 0 -0.7071073 -0.7071063 0 -0.7071073 -0.7071063 0 0.7071057 -0.7071078 0 0.7071057 -0.7071078 0 -0.7071062 -0.7071073 0 -0.7071062 -0.7071073 0 -0.7071073 0.7071063 0 -0.7071073 0.7071063 0 0.7071068 0.7071068 0 0.7071068 0.7071068 0 0.7071068 -0.7071068 0 0.7071068 -0.7071068 0 -0.7071068 -0.7071068 0 -0.7071068 -0.7071068 0 -0.7071073 0.7071063 0 -0.7071073 0.7071063 0 0.7071068 0.7071068 0 0.7071068 0.7071068 0 0.7071068 -0.7071068 0 0.7071068 -0.7071068 0 0.7071068 0.7071068 0 0.7071068 0.7071068 0  
			<SubMeshes>: 1
				<SubMesh>: 0 996 1 0 2 1 2 3 196 197 6 196 6 7 198 199 4 198 4 5 200 201 202 200 202 203 204 205 206 204 206 207 8 10 11 8 11 9 208 12 13 208 13 209 210 14 15 210 15 211 14 16 17 14 17 15 16 18 19 16 19 17 212 20 21 212 21 213 20 22 23 20 23 21 22 24 25 22 25 23 214 26 27 214 27 215 26 28 29 26 29 27 216 217 218 218 219 216 218 220 219 220 221 219 220 222 221 222 31 221 222 223 31 223 224 31 224 225 31 224 226 225 30 8 9 30 9 227 28 228 229 28 229 29 230 231 232 232 233 230 232 234 233 234 235 233 234 236 235 236 237 235 236 238 237 238 239 237 238 240 239 240 241 239 33 32 34 33 34 35 242 243 38 242 38 39 244 245 36 244 36 37 246 247 248 246 248 249 250 251 252 250 252 253 40 42 43 40 43 41 254 44 45 254 45 255 256 46 47 256 47 257 46 48 49 46 49 47 48 50 51 48 51 49 258 52 53 258 53 259 52 54 55 52 55 53 54 56 57 54 57 55 260 58 59 260 59 261 58 60 61 58 61 59 262 263 264 264 265 262 264 266 265 266 267 265 266 268 267 268 63 267 268 269 63 269 270 63 269 271 270 271 272 270 62 40 41 62 41 273 60 274 275 60 275 61 276 277 278 278 279 276 278 280 279 280 281 279 280 282 281 282 283 281 282 284 283 284 285 283 284 286 285 286 287 285 65 64 66 65 66 67 288 289 70 288 70 71 290 291 68 290 68 69 292 293 294 292 294 295 296 297 298 296 298 299 72 74 75 72 75 73 300 76 77 300 77 301 302 78 79 302 79 303 78 80 81 78 81 79 80 82 83 80 83 81 304 84 85 304 85 305 84 86 87 84 87 85 86 88 89 86 89 87 306 90 91 306 91 307 90 92 93 90 93 91 308 309 310 310 311 308 310 312 311 312 313 311 312 314 313 314 95 313 314 315 95 315 316 95 315 317 316 317 318 316 94 72 73 94 73 319 92 320 321 92 321 93 322 323 324 324 325 322 324 326 325 326 327 325 326 328 327 328 329 327 328 330 329 330 331 329 330 332 331 332 333 331 135 134 101 135 101 99 104 105 334 104 334 110 99 101 111 99 111 335 140 108 107 140 107 138 137 103 97 137 97 336 337 136 98 337 98 338 339 139 106 339 106 340 341 100 342 341 342 343 344 345 102 344 102 346 347 348 96 347 96 141 349 350 351 349 351 352 342 100 353 342 353 354 355 356 357 355 357 358 359 360 361 359 361 109 121 132 144 506 507 147 122 125 124 122 124 123 126 129 128 126 128 127 120 362 363 508 509 146 131 364 365 510 511 145 366 367 368 512 513 369 370 371 119 514 515 143 133 372 373 516 517 142 114 374 375 518 519 115 376 377 378 520 521 112 379 380 381 522 523 117 382 383 384 524 525 385 113 386 387 526 527 388 389 390 391 528 529 392 393 394 395 530 531 116 396 397 398 532 533 399 130 400 401 534 535 118 402 403 404 536 537 405 406 407 408 406 408 409 410 411 412 410 412 413 348 341 343 348 343 96 358 357 136 358 136 337 105 137 336 105 336 334 352 351 134 352 134 135 414 415 350 414 350 349 416 347 141 416 141 417 338 98 139 338 139 339 103 140 138 103 138 97 418 419 420 418 420 421 422 423 424 422 424 425 426 427 428 426 428 429 430 431 432 430 432 433 434 430 433 434 433 435 436 426 429 436 429 437 165 151 153 165 153 164 156 162 438 156 438 157 151 439 163 151 163 153 170 168 159 170 159 160 167 440 149 167 149 155 441 442 150 441 150 166 443 444 158 443 158 169 445 446 447 445 447 152 448 449 154 448 154 450 451 171 148 451 148 452 453 454 455 453 455 456 447 457 458 447 458 152 459 460 461 459 461 462 463 161 464 463 464 465 452 148 446 452 446 445 460 441 166 460 166 461 157 438 440 157 440 167 454 165 164 454 164 455 466 453 456 466 456 467 468 469 171 468 171 451 442 443 169 442 169 150 155 149 168 155 168 170 173 172 174 173 174 175 470 471 178 470 178 179 472 473 176 472 176 177 474 475 476 474 476 477 478 479 480 478 480 481 181 180 182 181 182 183 482 483 186 482 186 187 484 485 184 484 184 185 486 487 488 486 488 489 490 491 492 490 492 493 189 188 190 189 190 191 494 495 194 494 194 195 496 497 192 496 192 193 498 499 500 498 500 501 502 503 504 502 504 505  
		</Mesh>
		<Materials>: 1
			<Material>: 0
				<AlbedoColor>: 1 1 1 1
				<EmissiveColor>: 0 0 0 0
				<Glossiness>: 0
				<Metallic>: 0
				<SpecularHighlight>: 1
				<GlossyReflection>: 1
				<AlbedoMap>: BLD_Cabins1_A
				<MetallicMap>: BLD_Cabins1_MS
				<NormalMap>: BLD_Cabins1_N
				<EmissionMap>: null
				<DetailAlbedoMap>: DET_Concrete1_A
				<DetailNormalMap>: DET_Concrete1_N
		</Materials>
		<Children>: 0
	</Frame>
</Hierarchy>
