<Hierarchy>:
	<Frame>: 0 2 BGR_Pipe_B
		<Transform>: 0 0 0 0 0 0 1 1 1 0 0 0 1  
		<TransformMatrix>: 1 0 0 0 0 1 0 0 0 0 1 0 0 0 0 1  
		<BoxCollider>: 1 -11.5549 -16.12754 -2.502316 24.83253 36.99916 9.748712  
		<Mesh>: 434 BGR_Pipe_B
			<Bounds>: -11.5549 -16.12754 -2.502316 12.41623 18.49955 4.874321
			<Positions>: 434 0.8613243 2.372002 -4.901364E-07 -1.082684 2.372002 -1.319728E-07 0.8613243 2.054213 -1.186002 -1.082684 2.054214 -1.186002 0.8613243 1.185999 -2.054217 -1.082684 1.185999 -2.054216 0.8613243 -2.750626E-06 -2.372004 -1.082684 -2.381687E-06 -2.372004 0.8613243 -1.186005 -2.054216 -1.082684 -1.186005 -2.054215 0.8613243 -2.054218 -1.186002 -1.082684 -2.054218 -1.186002 0.8613243 -2.372006 -2.261973E-07 -1.082684 -2.372006 1.319657E-07 0.8613243 -2.054219 1.186002 -1.082684 -2.054218 1.186002 0.8613243 -1.186005 2.054215 -1.082684 -1.186005 2.054215 0.8613243 -3.127614E-06 2.372004 -1.082684 -2.758676E-06 2.372004 0.8613243 1.185999 2.054216 -1.082684 1.185999 2.054216 0.8613243 2.054212 1.186003 -1.082684 2.054213 1.186003 -0.0340538 1.397715 1.397717 -0.0340538 1.909315 0.5115999 -0.0340538 1.909315 -0.5116 -0.0340538 1.397715 -1.397717 -0.0340538 0.5115978 -1.909317 -0.0340538 -0.5116017 -1.909317 -0.0340538 -1.397719 -1.397717 -0.0340538 -1.909318 -0.5116003 -0.0340538 -1.909319 0.5115992 -0.0340538 -1.397719 1.397717 -0.0340538 -0.511603 1.909316 -0.0340538 0.5115967 1.909317 -0.0340538 1.976668 -5.000001 -0.0340538 1.711844 -5.988336 -0.0340538 0.988332 -6.711847 -0.0340538 -3.057867E-06 -6.976671 -0.0340538 -0.9883381 -6.711847 -0.0340538 -1.711849 -5.988336 -0.0340538 -1.976673 -5.000001 -0.0340538 -1.711849 -4.011666 -0.0340538 -0.9883381 -3.288154 -0.0340538 -3.372024E-06 -3.02333 -0.0340538 0.9883316 -3.288153 -0.0340538 1.711843 -4.011664 -23.39217 -18.17728 1.397717 -23.90377 -18.17728 0.5116 -23.90377 -18.17728 -0.5115999 -23.39217 -18.17728 -1.397717 -22.50606 -18.17728 -1.909317 -21.48286 -18.17728 -1.909317 -20.59674 -18.17728 -1.397717 -20.08514 -18.17728 -0.5116001 -20.08514 -18.17728 0.5115994 -20.59674 -18.17728 1.397716 -21.48286 -18.17728 1.909316 -22.50606 -18.17728 1.909317 -23.97113 -18.17728 -5.000001 -23.7063 -18.17728 -5.988336 -22.98279 -18.17728 -6.711847 -21.99446 -18.17728 -6.976671 -21.00612 -18.17728 -6.711846 -20.28261 -18.17728 -5.988336 -20.01779 -18.17728 -5.000001 -20.28261 -18.17728 -4.011666 -21.00612 -18.17728 -3.288154 -21.99446 -18.17728 -3.02333 -22.98279 -18.17728 -3.288153 -23.7063 -18.17728 -4.011664 -1.082684 2.054212 -3.818629 0.8613243 2.054212 -3.818629 -1.082684 1.185999 -2.950416 0.8613243 1.185998 -2.950416 -1.082684 -3.414954E-06 -2.632628 0.8613243 -3.783893E-06 -2.632628 -1.082684 -1.186005 -2.950417 0.8613243 -1.186005 -2.950417 -1.082684 -2.054219 -3.81863 0.8613243 -2.054219 -3.818631 -1.082684 -2.372007 -5.004632 0.8613243 -2.372007 -5.004632 -1.082684 -2.054219 -6.190634 0.8613243 -2.054219 -6.190635 -1.082684 -1.186005 -7.058847 0.8613243 -1.186006 -7.058848 -1.082684 -3.037966E-06 -7.376636 0.8613243 -3.406904E-06 -7.376637 -1.082684 1.185999 -7.058847 0.8613243 1.185998 -7.058848 -1.082684 2.054213 -6.190634 0.8613243 2.054212 -6.190634 -1.082684 2.372001 -5.004632 0.8613243 2.372001 -5.004632 -19.11561 -2.985987E-06 -6.976671 -19.11561 1.711844 -5.988336 -19.11561 0.5115967 1.909317 -19.11561 -1.397719 1.397717 -19.11561 -1.909318 -0.5116002 -19.11561 -0.5116017 -1.909317 -19.11561 1.397715 -1.397717 -19.11561 1.909315 0.5116 -19.11561 1.976668 -5.000001 -19.11561 1.397715 1.397717 -19.11561 0.9883317 -3.288153 -19.11561 -0.9883381 -3.288154 -19.11561 -1.976673 -5.000001 -19.11561 -0.9883381 -6.711847 -19.11561 0.9883321 -6.711847 -19.11561 -0.511603 1.909316 -19.11561 -1.909319 0.5115994 -19.11561 -1.397719 -1.397717 -19.11561 0.5115978 -1.909317 -19.11561 1.909315 -0.5116 -19.11561 1.711843 -4.011664 -19.11561 -3.300144E-06 -3.02333 -19.11561 -1.711849 -4.011666 -19.11561 -1.711849 -5.988336 -21.18162 -1.063067 -6.976672 -22.644 0.1645049 -0.5116001 -20.42464 -1.698504 -6.711847 -22.644 0.164505 0.5115998 -22.49276 0.03754346 -5.988336 -22.49276 0.03754339 -4.011664 -21.93861 -0.4276291 -6.711848 -22.69559 0.2078083 -5.000001 -22.25216 -0.1644217 1.397717 -21.18163 -1.063067 -3.02333 -20.78978 -1.391993 1.909316 -20.11109 -1.961711 1.397716 -19.87049 -2.163677 -4.011666 -19.71924 -2.290637 0.5115994 -21.93861 -0.4276293 -3.288154 -19.71924 -2.290637 -0.5116001 -19.87049 -2.163677 -5.988336 -20.11109 -1.961711 -1.397717 -20.42464 -1.698504 -3.288154 -20.78978 -1.391993 -1.909317 -21.57347 -0.73414 1.909317 -21.57347 -0.7341394 -1.909317 -19.66766 -2.333942 -5.000001 -22.25216 -0.1644219 -1.397717 -22.50606 -2.97148 1.909317 -22.98279 -2.97148 -3.288154 -21.00612 -2.97148 -6.711846 -22.50606 -2.971479 -1.909317 -20.08514 -2.97148 -0.5116003 -21.99446 -2.97148 -3.02333 -23.90377 -2.971479 0.5115999 -23.97113 -2.97148 -5.000001 -20.01779 -2.97148 -5.000001 -20.28261 -2.97148 -5.988336 -21.48286 -2.97148 1.909316 -23.7063 -2.971479 -5.988336 -23.39217 -2.97148 1.397717 -23.39217 -2.971479 -1.397717 -20.59674 -2.97148 -1.397717 -20.59674 -2.97148 1.397716 -23.7063 -2.97148 -4.011664 -21.00612 -2.97148 -3.288154 -20.28261 -2.97148 -4.011666 -22.98279 -2.971479 -6.711848 -21.99446 -2.97148 -6.976672 -21.48286 -2.97148 -1.909317 -20.08514 -2.97148 0.5115993 -23.90377 -2.971479 -0.5116 -21.48286 -31.44255 1.909316 -23.39218 -31.44255 1.397717 -23.90377 -31.44255 0.5116001 -23.70631 -31.44255 -4.011664 -20.28261 -31.44255 -5.988336 -22.50606 -31.44255 1.909317 -21.48286 -31.44255 -1.909317 -22.98279 -31.44255 -3.288153 -20.01779 -31.44255 -5 -20.59674 -31.44255 -1.397717 -20.28261 -31.44255 -4.011666 -23.70631 -31.44255 -5.988336 -20.08514 -31.44255 -0.5116002 -22.50606 -31.44255 -1.909317 -21.00612 -31.44255 -3.288155 -22.98279 -31.44255 -6.711847 -20.08514 -31.44255 0.5115994 -23.90377 -31.44255 -0.5115999 -21.99446 -31.44255 -3.02333 -21.99446 -31.44255 -6.976671 -20.59674 -31.44255 1.397716 -23.39217 -31.44255 -1.397717 -23.97113 -31.44255 -5.000001 -21.00612 -31.44255 -6.711847 -20.28261 -34.62708 -5.988336 -23.39218 -34.62709 1.397717 -21.00612 -34.62709 -6.711847 -23.90377 -34.62709 -0.5116 -23.70631 -34.62709 -5.988336 -22.50606 -34.62709 1.909317 -21.99446 -34.62709 -3.023331 -20.08514 -34.62709 -0.5116001 -21.48286 -34.62709 -1.909317 -21.48286 -34.62709 1.909316 -21.99446 -34.62709 -6.976671 -22.50606 -34.62709 -1.909317 -22.98279 -34.62709 -3.288153 -20.59674 -34.62709 1.397717 -21.00612 -34.62709 -3.288155 -20.01779 -34.62709 -5 -23.90377 -34.62709 0.5116 -23.39217 -34.62709 -1.397717 -22.98279 -34.62709 -6.711847 -20.59674 -34.62709 -1.397717 -23.70631 -34.62709 -4.011664 -23.97113 -34.62709 -5 -20.08514 -34.62709 0.5115994 -20.28261 -34.62708 -4.011666 0.8613243 1.185999 -2.054217 -1.082684 1.185999 -2.054216 0.8613243 -2.054218 -1.186002 -1.082684 -2.054218 -1.186002 0.8613243 -1.186005 2.054215 -1.082684 -1.186005 2.054215 -1.082684 -2.054218 -1.186002 -1.082684 -2.372006 1.319657E-07 -1.082684 -2.054218 1.186002 -1.082684 -1.186005 2.054215 -1.082684 -1.186005 -2.054215 -1.082684 -2.381687E-06 -2.372004 -1.082684 -2.758676E-06 2.372004 -1.082684 1.185999 2.054216 -1.082684 1.185999 -2.054216 -1.082684 2.054214 -1.186002 -1.082684 2.372002 -1.319728E-07 -1.082684 2.054213 1.186003 0.8613243 2.054212 1.186003 -1.082684 2.054213 1.186003 0.8613243 -2.054219 1.186002 0.8613243 -2.372006 -2.261973E-07 0.8613243 -2.054218 -1.186002 0.8613243 -1.186005 2.054215 0.8613243 -1.186005 -2.054216 0.8613243 -2.750626E-06 -2.372004 0.8613243 -3.127614E-06 2.372004 0.8613243 1.185999 2.054216 0.8613243 1.185999 -2.054217 0.8613243 2.054212 1.186003 0.8613243 2.054213 -1.186002 0.8613243 2.372002 -4.901364E-07 -23.39217 -18.17728 1.397717 -23.90377 -31.44255 0.5116001 -23.39217 -31.44255 -1.397717 -22.50606 -34.62709 -1.909317 -22.50606 -31.44255 -1.909317 -22.50606 -34.62709 -1.909317 -20.08514 -18.17728 -0.5116001 -20.08514 -31.44255 0.5115994 -21.48286 -18.17728 1.909316 -21.48286 -31.44255 1.909316 -23.70631 -31.44255 -5.988336 -23.70631 -34.62709 -5.988336 -21.99446 -31.44255 -6.976671 -21.99446 -34.62709 -6.976671 -21.00612 -31.44255 -6.711847 -21.00612 -34.62709 -6.711847 -20.28261 -18.17728 -4.011666 -21.00612 -31.44255 -3.288155 -21.99446 -18.17728 -3.02333 -21.99446 -31.44255 -3.02333 -23.97113 -31.44255 -5.000001 -0.0340538 0.9883316 -3.288153 -19.11561 1.711843 -4.011664 -0.0340538 -0.9883381 -3.288154 -19.11561 -0.9883381 -3.288154 -20.28261 -2.97148 -5.988336 -20.28261 -18.17728 -5.988336 -21.99446 -2.97148 -6.976672 -21.99446 -18.17728 -6.976671 -23.7063 -2.971479 -5.988336 -23.7063 -18.17728 -5.988336 -23.97113 -18.17728 -5.000001 -0.0340538 0.5115967 1.909317 -19.11561 0.5115967 1.909317 -0.0340538 -1.397719 1.397717 -19.11561 -0.511603 1.909316 -19.11561 -1.909319 0.5115994 -22.50606 -2.971479 -1.909317 -22.50606 -18.17728 -1.909317 -23.39217 -2.971479 -1.397717 -22.50606 -18.17728 -1.909317 -23.90377 -18.17728 0.5116 0.8613243 -2.054219 -3.818631 -1.082684 -2.054219 -3.81863 0.8613243 -2.054219 -6.190635 -1.082684 -2.054219 -6.190634 0.8613243 -1.186006 -7.058848 -1.082684 -1.186005 -7.058847 -1.082684 -2.054219 -6.190634 -1.082684 -2.372007 -5.004632 -1.082684 -2.054219 -3.81863 -1.082684 -1.186005 -2.950417 -1.082684 -1.186005 -7.058847 -1.082684 -3.037966E-06 -7.376636 -1.082684 -3.414954E-06 -2.632628 -1.082684 1.185999 -2.950416 -1.082684 1.185999 -7.058847 -1.082684 2.054212 -3.818629 -1.082684 2.054213 -6.190634 -1.082684 2.372001 -5.004632 0.8613243 2.054212 -6.190634 -1.082684 2.054213 -6.190634 0.8613243 1.185998 -2.950416 -1.082684 1.185999 -2.950416 0.8613243 -2.054219 -3.818631 0.8613243 -2.372007 -5.004632 0.8613243 -2.054219 -6.190635 0.8613243 -1.186005 -2.950417 0.8613243 -1.186006 -7.058848 0.8613243 -3.406904E-06 -7.376637 0.8613243 -3.783893E-06 -2.632628 0.8613243 1.185998 -2.950416 0.8613243 1.185998 -7.058848 0.8613243 2.054212 -3.818629 0.8613243 2.054212 -6.190634 0.8613243 2.372001 -5.004632 -0.0340538 -0.9883381 -6.711847 -19.11561 -1.711849 -5.988336 -0.0340538 0.988332 -6.711847 -19.11561 -2.985987E-06 -6.976671 -0.0340538 1.976668 -5.000001 -19.11561 1.711844 -5.988336 -22.25216 -0.1644217 1.397717 -19.11561 -1.909319 0.5115994 -19.11561 -1.397719 1.397717 -19.71924 -2.290637 0.5115994 -19.11561 0.9883317 -3.288153 -22.49276 0.03754339 -4.011664 -19.11561 -1.711849 -4.011666 -19.87049 -2.163677 -4.011666 -0.0340538 1.711844 -5.988336 -19.11561 1.711844 -5.988336 -20.78978 -1.391993 1.909316 -0.0340538 -1.909318 -0.5116003 -0.0340538 -0.5116017 -1.909317 -19.11561 -1.397719 -1.397717 -0.0340538 1.397715 -1.397717 -0.0340538 0.5115978 -1.909317 -19.11561 0.5115978 -1.909317 -19.11561 1.397715 -1.397717 -22.49276 0.03754339 -4.011664 -22.69559 0.2078083 -5.000001 -23.97113 -2.97148 -5.000001 -20.01779 -2.97148 -5.000001 -19.11561 1.976668 -5.000001 -22.69559 0.2078083 -5.000001 -21.93861 -0.4276293 -3.288154 -20.28261 -2.97148 -4.011666 -19.11561 -1.909318 -0.5116002 -19.71924 -2.290637 -0.5116001 -21.57347 -0.73414 1.909317 -23.39217 -2.97148 1.397717 -22.50606 -2.97148 1.909317 -19.66766 -2.333942 -5.000001 -19.71924 -2.290637 0.5115994 -20.11109 -1.961711 1.397716 -22.49276 0.03754346 -5.988336 -22.25216 -0.1644217 1.397717 -22.644 0.164505 0.5115998 -23.90377 -2.971479 0.5115999 -22.98279 -2.97148 -3.288154 -19.71924 -2.290637 -0.5116001 -20.08514 -2.97148 -0.5116003 -20.59674 -2.97148 1.397716 -21.57347 -0.7341394 -1.909317 -22.25216 -0.1644219 -1.397717 -21.18162 -1.063067 -6.976672 -22.50606 -18.17728 1.909317 -21.99446 -2.97148 -3.02333 -22.98279 -18.17728 -3.288153 -22.644 0.1645049 -0.5116001 -22.25216 -0.1644219 -1.397717 -20.59674 -18.17728 1.397716 -19.87049 -2.163677 -5.988336 -20.01779 -2.97148 -5.000001 -22.644 0.1645049 -0.5116001 -23.90377 -2.971479 -0.5116 -20.28261 -2.97148 -4.011666 -23.90377 -18.17728 -0.5115999 -23.90377 -31.44255 -0.5115999 -22.50606 -31.44255 -1.909317 -20.28261 -31.44255 -5.988336 -23.39218 -31.44255 1.397717 -23.90377 -34.62709 0.5116 -20.08514 -34.62709 0.5115994 -22.98279 -31.44255 -3.288153 -21.99446 -34.62709 -3.023331 -22.98279 -34.62709 -3.288153 -21.48286 -34.62709 1.909316 -23.70631 -31.44255 -4.011664 -23.97113 -34.62709 -5 -23.90377 -34.62709 -0.5116 -20.01779 -18.17728 -5.000001 -20.08514 -18.17728 -0.5116001 -20.78978 -1.391993 -1.909317 -21.18163 -1.063067 -3.02333 -23.39217 -18.17728 1.397717 -22.98279 -18.17728 -3.288153 -21.99446 -18.17728 -3.02333 -23.97113 -18.17728 -5.000001 -23.7063 -18.17728 -4.011664 -21.00612 -18.17728 -3.288154 -20.28261 -18.17728 -4.011666 -22.50606 -18.17728 1.909317 -21.48286 -18.17728 1.909316 -20.59674 -18.17728 1.397716 -20.08514 -18.17728 0.5115994 -23.90377 -18.17728 0.5116 -20.08514 -18.17728 -0.5116001 -20.78978 -1.391993 -1.909317 -20.28261 -18.17728 -4.011666 -23.90377 -18.17728 -0.5115999 -23.39217 -18.17728 -1.397717 -22.50606 -18.17728 -1.909317 -21.48286 -18.17728 -1.909317 -20.59674 -18.17728 -1.397717 -23.7063 -18.17728 -5.988336 -22.98279 -18.17728 -6.711847 -21.99446 -18.17728 -6.976671 -21.00612 -18.17728 -6.711846 -20.28261 -18.17728 -5.988336 -22.50606 -18.17728 -1.909317 -23.97113 -18.17728 -5.000001 -23.7063 -18.17728 -5.988336 -21.99446 -18.17728 -6.976671 -20.28261 -18.17728 -5.988336  
			<Colors>: 0  
			<TextureCoords0>: 434 0.8012695 0.9013672 0.8012695 0.9223633 0.8193359 0.9013672 0.8193359 0.9223633 0.8374023 0.9013672 0.8374023 0.9223633 0.855957 0.9013672 0.855957 0.9223633 0.8735352 0.9013672 0.8735352 0.9223633 0.8916016 0.9013672 0.8916016 0.9223633 0.6933594 0.9013672 0.6933594 0.9223633 0.7104492 0.9013672 0.7104492 0.9223633 0.7294922 0.9013672 0.7294922 0.9223633 0.7475586 0.9013672 0.7475586 0.9223633 0.7651367 0.9013672 0.7651367 0.9223633 0.7832031 0.9013672 0.690918 0.4658203 0.7529297 0.4477539 0.7353516 0.4477539 0.7172852 0.4477539 0.6967773 0.4477539 0.9042969 0.4477539 0.8862305 0.4477539 0.8657227 0.4477539 0.8481445 0.4477539 0.8305664 0.4477539 0.809082 0.4477539 0.7915039 0.4477539 0.7734375 0.4477539 0.6972656 0.4477539 0.6791992 0.4477539 0.8862305 0.4477539 0.8657227 0.4477539 0.8481445 0.4477539 0.8300781 0.4477539 0.809082 0.4477539 0.7915039 0.4477539 0.7734375 0.4477539 0.7529297 0.4477539 0.7353516 0.4477539 0.7177734 0.4477539 0.7529297 0.00390625 0.7353516 0.00390625 0.7172852 0.00390625 0.6967773 0.00390625 0.9042969 0.00390625 0.8862305 0.00390625 0.8657227 0.00390625 0.8481445 0.00390625 0.8305664 0.00390625 0.809082 0.00390625 0.7915039 0.00390625 0.7734375 0.00390625 0.6972656 0.00390625 0.9042969 0.00390625 0.8862305 0.00390625 0.8657227 0.00390625 0.8481445 0.00390625 0.8300781 0.00390625 0.809082 0.00390625 0.7915039 0.00390625 0.7734375 0.00390625 0.7529297 0.00390625 0.7353516 0.00390625 0.7177734 0.00390625 0.7832031 0.9223633 0.7832031 0.9013672 0.7651367 0.9223633 0.7651367 0.9013672 0.7475586 0.9223633 0.7475586 0.9013672 0.7294922 0.9223633 0.7294922 0.9013672 0.7104492 0.9223633 0.7104492 0.9013672 0.6933594 0.9223633 0.6933594 0.9013672 0.675293 0.9223633 0.675293 0.9013672 0.8735352 0.9223633 0.8735352 0.9013672 0.855957 0.9223633 0.855957 0.9013672 0.8374023 0.9223633 0.8374023 0.9013672 0.8193359 0.9223633 0.8193359 0.9013672 0.8012695 0.9223633 0.8012695 0.9013672 0.8657227 0.233971 0.6791992 0.233971 0.7734375 0.233971 0.809082 0.233971 0.8481445 0.233971 0.8862305 0.233971 0.6967773 0.233971 0.7353516 0.233971 0.6972656 0.2339709 0.7529297 0.2339709 0.7353516 0.233971 0.7734375 0.233971 0.809082 0.233971 0.8481445 0.233971 0.8862305 0.233971 0.7915039 0.233971 0.8305664 0.233971 0.8657227 0.233971 0.9042969 0.233971 0.7172852 0.233971 0.7177734 0.233971 0.7529297 0.233971 0.7915039 0.233971 0.8300781 0.233971 0.8657227 0.2024558 0.7172852 0.2024558 0.8481445 0.2024558 0.7353516 0.2024558 0.6791992 0.2024558 0.7177734 0.2024558 0.8862305 0.2024558 0.6972656 0.2024556 0.7529297 0.2024556 0.7529297 0.2024558 0.7915039 0.2024558 0.809082 0.2024558 0.7915039 0.2024558 0.8305664 0.2024558 0.7353516 0.2024558 0.8481445 0.2024558 0.8300781 0.2024558 0.8657227 0.2024558 0.7734375 0.2024558 0.8862305 0.2024558 0.7734375 0.2024558 0.9042969 0.2024558 0.809082 0.2024558 0.6967773 0.2024558 0.7734375 0.1727313 0.7353516 0.1727313 0.8481445 0.1727313 0.9042969 0.1727313 0.8481445 0.1727313 0.7529297 0.1727313 0.7353516 0.1727313 0.6972656 0.1727312 0.809082 0.1727313 0.8300781 0.1727313 0.7915039 0.1727313 0.9042969 0.1727313 0.7529297 0.1727312 0.6967773 0.1727313 0.8657227 0.1727313 0.809082 0.1727313 0.7177734 0.1727313 0.7734375 0.1727313 0.7915039 0.1727313 0.8862305 0.1727313 0.8657227 0.1727313 0.8862305 0.1727313 0.8305664 0.1727313 0.7172852 0.1727313 0.7915039 0.1511861 0.7529297 0.1511861 0.7353516 0.1511861 0.7177734 0.1511861 0.8300781 0.1511861 0.7734375 0.1511861 0.8862305 0.1511861 0.7353516 0.1511861 0.809082 0.1511861 0.8657227 0.1511861 0.7915039 0.1511861 0.6791992 0.1511861 0.8481445 0.1511861 0.6791992 0.1511861 0.7734375 0.1511861 0.8862305 0.1511861 0.8305664 0.1511861 0.7172852 0.1511861 0.7529297 0.1511861 0.8657227 0.1511861 0.809082 0.1511861 0.6967773 0.1511861 0.6972656 0.1511861 0.8481445 0.1511861 0.8300781 0.1865429 0.7529297 0.186543 0.8481445 0.186543 0.7172852 0.186543 0.6791992 0.186543 0.7734375 0.186543 0.7529297 0.186543 0.8481445 0.186543 0.8862305 0.186543 0.7915039 0.186543 0.8657227 0.186543 0.6791992 0.186543 0.7353516 0.186543 0.809082 0.186543 0.7734375 0.186543 0.809082 0.186543 0.7353516 0.186543 0.6967773 0.186543 0.8862305 0.186543 0.8657227 0.186543 0.7177734 0.186543 0.6972656 0.186543 0.8305664 0.186543 0.7915039 0.1865429 0.8374023 0.9013672 0.8374023 0.9223633 0.675293 0.9013672 0.675293 0.9223633 0.7294922 0.9013672 0.7294922 0.9223633 0.7475586 0.5229492 0.7294922 0.5332031 0.7089844 0.5332031 0.690918 0.5229492 0.7578125 0.5048828 0.7578125 0.4838867 0.6806641 0.5048828 0.6806641 0.4838867 0.7475586 0.4658203 0.7294922 0.4555664 0.7089844 0.4555664 0.7832031 0.9223633 0.7832031 0.9013672 0.7832031 0.9223633 0.7094727 0.4555664 0.7304688 0.4555664 0.7480469 0.4658203 0.6914063 0.4658203 0.7583008 0.4838867 0.7583008 0.5048828 0.6806641 0.4838867 0.6806641 0.5048828 0.7480469 0.5229492 0.6914063 0.5229492 0.7304688 0.5332031 0.7094727 0.5332031 0.7529297 0.00390625 0.7353516 0.1511861 0.6967773 0.1511861 0.6791992 0.186543 0.9042969 0.1511861 0.9042969 0.186543 0.8481445 0.00390625 0.8305664 0.1511861 0.7915039 0.00390625 0.7915039 0.1511861 0.9042969 0.1511861 0.9042969 0.186543 0.8657227 0.1511861 0.8657227 0.186543 0.8481445 0.1511861 0.8481445 0.186543 0.7915039 0.00390625 0.7734375 0.1511861 0.7529297 0.00390625 0.7529297 0.1511861 0.6972656 0.1511861 0.7353516 0.4477539 0.7177734 0.233971 0.7734375 0.4477539 0.7734375 0.233971 0.8300781 0.1727313 0.8300781 0.00390625 0.8657227 0.1727313 0.8657227 0.00390625 0.6791992 0.1727313 0.6791992 0.00390625 0.6972656 0.00390625 0.7734375 0.4477539 0.7734375 0.233971 0.809082 0.4477539 0.7915039 0.233971 0.8305664 0.233971 0.6791992 0.1727313 0.6791992 0.00390625 0.6967773 0.1727313 0.6791992 0.00390625 0.7353516 0.00390625 0.7104492 0.9013672 0.7104492 0.9223633 0.8916016 0.9013672 0.8916016 0.9223633 0.8735352 0.9013672 0.8735352 0.9223633 0.7475586 0.5229492 0.7294922 0.5332031 0.7089844 0.5332031 0.690918 0.5229492 0.7578125 0.5048828 0.7578125 0.4838867 0.6806641 0.5048828 0.6806641 0.4838867 0.7475586 0.4658203 0.690918 0.4658203 0.7294922 0.4555664 0.7089844 0.4555664 0.8193359 0.9013672 0.8193359 0.9223633 0.7651367 0.9013672 0.7651367 0.9223633 0.7094727 0.4555664 0.7304688 0.4555664 0.7480469 0.4658203 0.6914063 0.4658203 0.7583008 0.4838867 0.7583008 0.5048828 0.6806641 0.4838867 0.6806641 0.5048828 0.7480469 0.5229492 0.6914063 0.5229492 0.7304688 0.5332031 0.7094727 0.5332031 0.8481445 0.4477539 0.8300781 0.233971 0.8862305 0.4477539 0.8657227 0.233971 0.6972656 0.4477539 0.6791992 0.233971 0.7529297 0.2024556 0.8305664 0.233971 0.809082 0.233971 0.8305664 0.2024558 0.7353516 0.233971 0.7177734 0.2024558 0.7915039 0.233971 0.7915039 0.2024558 0.9042969 0.4477539 0.9042969 0.233971 0.7915039 0.2024558 0.8481445 0.4477539 0.8862305 0.4477539 0.8657227 0.233971 0.6967773 0.4477539 0.6791992 0.4477539 0.6791992 0.233971 0.6967773 0.233971 0.7177734 0.2024558 0.6972656 0.2024556 0.6972656 0.1727312 0.809082 0.1727313 0.6972656 0.2339709 0.6972656 0.2024556 0.7353516 0.2024558 0.7915039 0.1727313 0.8481445 0.233971 0.8481445 0.2024558 0.7734375 0.2024558 0.7529297 0.1727312 0.7734375 0.1727313 0.809082 0.2024558 0.8305664 0.2024558 0.809082 0.2024558 0.9042969 0.2024558 0.7529297 0.2024556 0.7353516 0.2024558 0.7353516 0.1727313 0.7353516 0.1727313 0.8481445 0.2024558 0.8481445 0.1727313 0.809082 0.1727313 0.6791992 0.2024558 0.6967773 0.2024558 0.8657227 0.2024558 0.7734375 0.00390625 0.7529297 0.1727313 0.7353516 0.00390625 0.7172852 0.2024558 0.6967773 0.2024558 0.809082 0.00390625 0.8300781 0.2024558 0.809082 0.1727313 0.7172852 0.2024558 0.7172852 0.1727313 0.7915039 0.1727313 0.7172852 0.00390625 0.7172852 0.1511861 0.6791992 0.1511861 0.8300781 0.1511861 0.7529297 0.1511861 0.7353516 0.186543 0.8305664 0.186543 0.7353516 0.1511861 0.7529297 0.186543 0.7353516 0.186543 0.7915039 0.186543 0.7177734 0.1511861 0.6972656 0.186543 0.7172852 0.186543 0.809082 0.00390625 0.8481445 0.00390625 0.8862305 0.2024558 0.7529297 0.2024558 0.7529297 0.00390625 0.7353516 0.00390625 0.7529297 0.00390625 0.6972656 0.00390625 0.7177734 0.00390625 0.7734375 0.00390625 0.7915039 0.00390625 0.7734375 0.00390625 0.7915039 0.00390625 0.809082 0.00390625 0.8305664 0.00390625 0.7353516 0.00390625 0.8481445 0.00390625 0.8862305 0.2024558 0.7915039 0.00390625 0.7172852 0.00390625 0.6967773 0.00390625 0.9042969 0.00390625 0.8862305 0.00390625 0.8657227 0.00390625 0.9042969 0.00390625 0.8862305 0.00390625 0.8657227 0.00390625 0.8481445 0.00390625 0.8300781 0.00390625 0.6791992 0.00390625 0.6972656 0.00390625 0.6791992 0.00390625 0.8657227 0.00390625 0.8300781 0.00390625  
			<TextureCoords1>: 434 0.9754605 0.7712394 0.9754605 0.793161 0.9616147 0.7712394 0.9616147 0.793161 0.947769 0.7712394 0.947769 0.793161 0.8784201 0.6798912 0.8784201 0.7018127 0.8645744 0.6798912 0.8645744 0.7018127 0.8507286 0.6798912 0.8507286 0.7018127 0.9339993 0.7354704 0.9339993 0.757392 0.9201536 0.7354704 0.9201536 0.757392 0.9063079 0.7354704 0.9063079 0.757392 0.9794427 0.7354704 0.9794427 0.757392 0.965597 0.7354704 0.965597 0.757392 0.9893062 0.7712394 0.8576515 0.7126419 0.5313516 0.6838925 0.5313189 0.6957597 0.5313189 0.7076305 0.5313343 0.7191087 0.5184032 0.6270241 0.5095786 0.6200541 0.9877464 0.6046263 0.9871284 0.5931048 0.7664511 0.6566875 0.02310476 0.004056692 0.01350547 0.0104987 0.00390625 0.01694083 0.5313444 0.7460911 0.5753264 0.8318312 0.5208409 0.4532577 0.5122826 0.4453732 0.7597004 0.6161479 0.7596709 0.60458 0.7596561 0.5934847 0.759656 0.5819152 0.02171941 0.226484 0.01281282 0.2338212 0.5313189 0.723015 0.5313315 0.734553 0.7968627 0.9652359 0.797395 0.9767618 0.7956644 0.8880287 0.7956645 0.8995668 0.1742975 0.7360207 0.1789079 0.7253336 0.1834724 0.7147304 0.7728001 0.8725843 0.7720777 0.8610444 0.77136 0.849706 0.7706483 0.8382676 0.3231943 0.1131211 0.795077 0.9498031 0.1815343 0.9155772 0.1859852 0.9047399 0.1666122 0.5329899 0.1719341 0.5228251 0.7168155 0.8074489 0.7168154 0.7959108 0.7168152 0.7843727 0.3393865 0.3093966 0.3451384 0.3192623 0.7950897 0.9266087 0.7950861 0.9381306 0.8228409 0.6462336 0.8228409 0.6243119 0.8507286 0.6759849 0.8507286 0.6540633 0.8645744 0.6759849 0.8645744 0.6540633 0.8784201 0.6759849 0.8784201 0.6540633 0.8922659 0.6759849 0.8922659 0.6540633 0.8645744 0.650157 0.8645744 0.6282355 0.8784201 0.650157 0.8784201 0.6282354 0.8922658 0.650157 0.8922659 0.6282354 0.9616147 0.8189888 0.9616147 0.7970672 0.9754605 0.8189888 0.9754605 0.7970672 0.9893062 0.8189889 0.9893062 0.7970672 0.8089951 0.6462336 0.8089952 0.6243119 0.3652433 0.604977 0.4117174 0.972105 0.1240441 0.1959566 0.5509688 0.6566875 0.7722641 0.6046264 0.3780081 0.7865839 0.7453893 0.7188224 0.7431176 0.6961556 0.7465172 0.7458539 0.7438278 0.6848867 0.1407365 0.4072574 0.1585498 0.3925816 0.5430872 0.5934774 0.356313 0.597569 0.4045223 0.9629195 0.1336433 0.1895145 0.5515867 0.6682091 0.7728819 0.6161479 0.3871317 0.7932644 0.7435718 0.7074361 0.7465044 0.7343158 0.1496557 0.3999214 0.5438976 0.5819152 0.5439425 0.6051315 0.3717054 0.9628705 0.788948 0.7039649 0.3401974 0.6045176 0.7877627 0.6914822 0.372704 0.984662 0.7887229 0.7293822 0.3722433 0.9738958 0.7912432 0.7406416 0.783834 0.6796724 0.1737098 0.4107669 0.1524435 0.1996778 0.1531566 0.1882627 0.534479 0.5822446 0.7636067 0.5935358 0.1730754 0.422309 0.7642244 0.6050574 0.3389651 0.5928424 0.3568452 0.7843083 0.1742569 0.3989457 0.3585774 0.7962611 0.151206 0.2111719 0.3602699 0.8076953 0.5356035 0.5933089 0.7872883 0.7164487 0.1780675 0.2058346 0.6249613 0.9266843 0.3240187 0.6023818 0.3331481 0.8047983 0.3469051 0.7723416 0.1967158 0.4059305 0.6241963 0.8764906 0.3351965 0.9908536 0.8882835 0.7959101 0.8882835 0.8074482 0.1716596 0.1961777 0.3386322 0.9800313 0.1833609 0.2189639 0.3283425 0.8153027 0.3433444 0.7834346 0.9443155 0.8385646 0.6254591 0.9380531 0.1904464 0.3962415 0.5247472 0.5838097 0.3430779 0.9694861 0.3182707 0.6124867 0.3383943 0.7942607 0.9458039 0.8502325 0.6241964 0.8880287 0.6223542 0.8474945 0.4549244 0.04266399 0.9468215 0.9698622 0.9454401 0.9382054 0.5672299 0.8074504 0.4487427 0.03297997 0.04146457 0.666088 0.9454401 0.9266083 0.5672297 0.7959123 0.04604106 0.6554909 0.5672296 0.7843742 0.04186618 0.8582042 0.05061733 0.6448944 0.0368881 0.676686 0.4678522 0.234533 0.04628577 0.8474274 0.6237764 0.8703712 0.9452501 0.8880278 0.4736227 0.2444435 0.0507057 0.8366507 0.6230657 0.858933 0.9452502 0.8995659 0.03744639 0.8689803 0.04070615 0.4541389 0.5313194 0.8074507 0.4850642 0.02342469 0.009207609 0.4376392 0.9811606 0.8880275 0.008325876 0.8444483 0.4788826 0.01374066 0.5044678 0.226484 0.01763603 0.6306509 0.008482911 0.6518446 0.5867546 0.8497079 0.01716528 0.8228951 0.00390625 0.6624417 0.5102382 0.2363946 0.5874657 0.8611462 0.531319 0.7728363 0.5313192 0.7959126 0.9826937 0.968206 0.9811607 0.8995656 0.01274557 0.8336717 0.01305953 0.6412477 0.9815341 0.9382054 0.00390625 0.8552249 0.02221245 0.6200541 0.5313192 0.7843745 0.8922659 0.6798912 0.8922659 0.7018127 0.947845 0.7354704 0.947845 0.757392 0.9932885 0.7354704 0.9932885 0.757392 0.8954787 0.7504691 0.9024016 0.7384784 0.9024016 0.7246326 0.8954788 0.7126419 0.8834879 0.757392 0.8696422 0.757392 0.883488 0.705719 0.8696423 0.7057191 0.8576515 0.7504691 0.8507286 0.7384784 0.8507286 0.7246326 0.9893062 0.793161 0.9517513 0.7354704 0.9517513 0.757392 0.9369399 0.8120659 0.9438627 0.8000752 0.9438627 0.7862295 0.9249491 0.8189888 0.9369398 0.7742387 0.9249491 0.7673159 0.9111034 0.8189889 0.8991126 0.812066 0.9111034 0.7673159 0.8921898 0.8000752 0.8991126 0.7742388 0.8921897 0.7862295 0.3293758 0.1228051 0.4611059 0.05234802 0.03231143 0.6872832 0.9811608 0.9111037 0.0368881 0.676686 0.00390625 0.6624417 0.1879981 0.7042125 0.05519326 0.6342975 0.3170127 0.103437 0.4425611 0.023296 0.04186618 0.8582042 0.008325876 0.8444483 0.03540479 0.4642594 0.00390625 0.4477597 0.56723 0.8189886 0.5313194 0.8189889 0.3335887 0.2994444 0.5672295 0.7728361 0.7950897 0.9150116 0.9454401 0.9150112 0.9454411 0.9498039 0.00390625 0.2411584 0.1318298 0.4145945 0.7596559 0.5703458 0.5438976 0.5703458 0.3289674 0.5920199 0.1772077 0.5127451 0.3482665 0.9591988 0.1904193 0.8939595 0.3386322 0.9800313 0.1815343 0.9155772 0.1771461 0.9262795 0.5314133 0.6721153 0.7455356 0.6734734 0.7658331 0.645166 0.5503511 0.645166 0.7716464 0.5931048 0.3331481 0.8047983 0.1742975 0.7360207 0.6241965 0.8995668 0.7956647 0.9111049 0.7956644 0.8764906 0.8507286 0.6282355 0.8507286 0.650157 0.8784201 0.6282354 0.8784201 0.650157 0.947769 0.7970672 0.947769 0.8189888 0.8398995 0.6948899 0.8468224 0.6828991 0.8468224 0.6690534 0.8398995 0.6570626 0.8279088 0.7018127 0.8140631 0.7018127 0.8279088 0.6501398 0.814063 0.6501398 0.8020723 0.6948899 0.8020723 0.6570626 0.7951494 0.6828992 0.7951494 0.6690534 0.7951494 0.6243119 0.7951494 0.6462336 0.8366866 0.6243119 0.8366866 0.6462336 0.8398995 0.7504691 0.8468224 0.7384783 0.8468224 0.7246326 0.8279088 0.757392 0.8398995 0.7126418 0.8279088 0.705719 0.8140631 0.757392 0.8020723 0.7504691 0.8140631 0.705719 0.7951494 0.7384784 0.8020723 0.7126419 0.7951494 0.7246326 0.5039001 0.4376392 0.3480876 0.5891625 0.5676535 0.8228951 0.3967233 0.9545861 0.5828484 0.8406042 0.7465301 0.757392 0.1493211 0.2225778 0.1478672 0.1743236 0.1412321 0.1836396 0.1553711 0.1770417 0.7488324 0.723015 0.1713309 0.433733 0.1658577 0.3842009 0.1750166 0.3872798 0.5753264 0.8318312 0.4117174 0.972105 0.5313189 0.6547964 0.7670688 0.6682091 0.988364 0.6161479 0.369272 0.779249 0.5274127 0.6341385 0.5184032 0.6270241 0.3871317 0.7932644 0.3960373 0.8003986 0.5896682 0.9316176 0.5867546 0.9428184 0.6249187 0.9495177 0.527789 0.594507 0.4165941 0.9831029 0.373307 0.9960938 0.5943027 0.920713 0.185025 0.3858958 0.3628466 0.7698513 0.3553298 0.772421 0.5988806 0.9537101 0.625577 0.9731448 0.6250448 0.961619 0.3355986 0.5819085 0.9546353 0.8509098 0.9569657 0.8395591 0.372704 0.984662 0.5917617 0.9682719 0.5883796 0.9793032 0.6261094 0.9846706 0.2031908 0.4154438 0.9542071 0.8621308 0.9457958 0.861932 0.1655785 0.1862806 0.3602699 0.8076953 0.3619709 0.8189889 0.3414146 0.6161479 0.7963306 0.9537101 0.6249561 0.9152364 0.3509702 0.3292497 0.5867546 0.8951319 0.5906421 0.9059954 0.3107806 0.09366643 0.5378411 0.6042029 0.3312158 0.580927 0.5867546 0.9907263 0.6244843 0.9960938 0.8882835 0.784372 0.7979271 0.9882876 0.9473536 0.981388 0.9452504 0.9111041 0.04600763 0.4440194 0.9462892 0.9583364 0.4912459 0.03310865 0.5881768 0.8725843 0.4793932 0.2543541 0.5313189 0.7612982 0.9815341 0.9266083 0.4727009 0.004056692 0.03302676 0.8797569 0.9815341 0.9498026 0.9832258 0.9797318 0.7168154 0.7959108 0.1879981 0.7042125 0.3585774 0.7962611 0.1737098 0.4107669 0.7968627 0.9652359 0.7950897 0.9266087 0.3451384 0.3192623 0.795077 0.9498031 0.7950861 0.9381306 0.3393865 0.3093966 0.3335887 0.2994444 0.3231943 0.1131211 0.3170127 0.103437 0.77136 0.849706 0.7720777 0.8610444 0.797395 0.9767618 0.7728001 0.8725843 0.3585774 0.7962611 0.7168152 0.7843727 0.7956644 0.8880287 0.7956645 0.8995668 0.1742975 0.7360207 0.1789079 0.7253336 0.1834724 0.7147304 0.1815343 0.9155772 0.1859852 0.9047399 0.1666122 0.5329899 0.1719341 0.5228251 0.7168155 0.8074489 0.7956647 0.9111049 0.1771461 0.9262795 0.1815343 0.9155772 0.1904193 0.8939595 0.1772077 0.5127451  
			<Normals>: 434 0 1 0 0 1 0 0 0.8660316 -0.4999893 0 0.8660316 -0.4999893 0 0.4999893 -0.8660316 0 0.4999893 -0.8660316 0 0 -1 0 0 -1 0 -0.4999893 -0.8660316 0 -0.4999893 -0.8660316 0 -0.8660316 -0.4999893 0 -0.8660316 -0.4999893 0 -1 0 0 -1 0 0 -0.8660316 0.4999893 0 -0.8660316 0.4999893 0 -0.4999893 0.8660316 0 -0.4999893 0.8660316 0 0 1 0 0 1 0 0.4999893 0.8660316 0 0.4999893 0.8660316 0 0.8660316 0.4999893 -1 0 0 0 0.7071068 0.7071068 0 0.9659303 0.2588022 0 0.9659303 -0.2588022 0 0.7071068 -0.7071068 0 0.2588022 -0.9659303 0 -0.2588022 -0.9659303 0 -0.7071068 -0.7071068 0 -0.9659303 -0.2588022 0 -0.9659303 0.2588022 0 -0.7071068 0.7071068 0 -0.2588022 0.9659303 0 0.2588022 0.9659303 0 1 0 0 0.8660316 -0.4999893 0 0.4999893 -0.8660316 0 0 -1 0 -0.4999893 -0.8660316 0 -0.8660316 -0.4999893 0 -1 0 0 -0.8660316 0.4999893 0 -0.4999893 0.8660316 0 0 1 0 0.4999893 0.8660316 0 0.8660316 0.4999893 -0.7071068 0 0.7071068 -0.9659303 0 0.2588022 -0.9659303 0 -0.2588022 -0.7071068 0 -0.7071068 -0.2588022 0 -0.9659303 0.2588022 0 -0.9659303 0.7071068 0 -0.7071068 0.9659303 0 -0.2588022 0.9659303 0 0.2588022 0.7071068 0 0.7071068 0.2588022 0 0.9659303 -0.2588022 0 0.9659303 -1 0 0 -0.8660316 0 -0.4999893 -0.4999893 0 -0.8660316 0 0 -1 0.4999893 0 -0.8660316 0.8660316 0 -0.4999893 1 0 0 0.8660316 0 0.4999893 0.4999893 0 0.8660316 0 0 1 -0.4999893 0 0.8660316 -0.8660316 0 0.4999893 0 0.8660316 0.4999893 0 0.8660316 0.4999893 0 0.4999893 0.8660316 0 0.4999893 0.8660316 0 0 1 0 0 1 0 -0.4999893 0.8660316 0 -0.4999893 0.8660316 0 -0.8660316 0.4999893 0 -0.8660316 0.4999893 0 -1 0 0 -1 0 0 -0.8660316 -0.4999893 0 -0.8660316 -0.4999893 0 -0.4999893 -0.8660316 0 -0.4999893 -0.8660316 0 0 -1 0 0 -1 0 0.4999893 -0.8660316 0 0.4999893 -0.8660316 0 0.8660316 -0.4999893 0 0.8660316 -0.4999893 0 1 0 0 1 0 -0.01870834 0.03857642 -0.9990805 -0.1980112 0.855495 -0.4784558 -0.0796253 0.2901181 0.9536725 0.180492 -0.6668804 0.7229752 0.2724757 -0.9243971 -0.2669212 0.04837263 -0.2178752 -0.9747772 -0.1702674 0.7109481 -0.682321 -0.2143937 0.9451633 0.2463772 -0.2197991 0.9755452 0 -0.1702674 0.7109481 0.682321 -0.1306829 0.5189779 0.844739 0.1165821 -0.45937 0.880561 0.2862417 -0.9581574 0 0.1165821 -0.45937 -0.880561 -0.1306829 0.5189779 -0.844739 0.04837263 -0.2178752 0.9747772 0.2724757 -0.9243971 0.2669212 0.180492 -0.6668804 -0.7229752 -0.0796253 0.2901181 -0.9536725 -0.2143937 0.9451633 -0.2463772 -0.1980112 0.855495 0.4784558 -0.01870834 0.03857642 0.9990805 0.2347245 -0.8252742 0.5136409 0.2347245 -0.8252742 -0.5136409 -0.03979729 0.0413843 -0.9983504 -0.7132651 0.657537 -0.242689 0.3418112 -0.3199903 -0.8836126 -0.7132651 0.657537 0.242689 -0.6471637 0.598699 -0.4719519 -0.6471637 0.598699 0.4719519 -0.3983714 0.3739863 -0.8375168 -0.7356371 0.6773758 0 -0.5404393 0.5029919 0.6744809 -0.03979729 0.0413843 0.9983504 0.1550382 -0.1425863 0.9775645 0.5045121 -0.4742371 0.7215032 0.628394 -0.5906415 0.5062249 0.7042305 -0.6608933 0.2593827 -0.3983714 0.3739863 0.8375168 0.7042305 -0.6608933 -0.2593827 0.628394 -0.5906415 -0.5062249 0.5045121 -0.4742371 -0.7215032 0.3418112 -0.3199903 0.8836126 0.1550382 -0.1425863 -0.9775645 -0.2282814 0.2173861 0.9490158 -0.2282814 0.2173861 -0.9490158 0.7294487 -0.6840355 0 -0.5404393 0.5029919 -0.6744809 -0.2853552 0.06341904 0.9563214 -0.5166595 0.106573 0.8495323 0.464712 -0.1007736 -0.8797086 -0.2853552 0.06341904 -0.9563214 0.933791 -0.2376518 -0.2674994 -0.03277766 0.01263496 0.9993829 -0.9516573 0.1795459 0.2492218 -0.9828525 0.1843936 0 0.9682505 -0.2499823 0 0.8329657 -0.2039306 -0.5143738 0.2234925 -0.04321526 0.9737472 -0.8597099 0.1649896 -0.4834017 -0.7119557 0.1406332 0.687998 -0.7119557 0.1406332 -0.687998 0.6728944 -0.1560158 -0.723099 0.6728944 -0.1560158 0.723099 -0.8597099 0.1649896 0.4834017 0.464712 -0.1007736 0.8797086 0.8329657 -0.2039306 0.5143738 -0.5166595 0.106573 -0.8495323 -0.03277766 0.01263496 -0.9993829 0.2234925 -0.04321526 -0.9737472 0.933791 -0.2376518 0.2674994 -0.9516573 0.1795459 -0.2492218 0.2588022 0 0.9659303 -0.7071068 0 0.7071068 -0.9659303 0 0.2588022 -0.8660316 0 0.4999893 0.8660316 0 -0.4999893 -0.2588022 0 0.9659303 0.2588022 0 -0.9659303 -0.4999893 0 0.8660316 1 0 0 0.7071068 0 -0.7071068 0.8660316 0 0.4999893 -0.8660316 0 -0.4999893 0.9659303 0 -0.2588022 -0.2588022 0 -0.9659303 0.4999893 0 0.8660316 -0.4999893 0 -0.8660316 0.9659303 0 0.2588022 -0.9659303 0 -0.2588022 0 0 1 0 0 -1 0.7071068 0 0.7071068 -0.7071068 0 -0.7071068 -1 0 0 0.4999893 0 -0.8660316 0.8660316 0 -0.4999893 -0.7071068 0 0.7071068 0.4999893 0 -0.8660316 -0.9659303 0 -0.2588022 -0.8660316 0 -0.4999893 -0.2588022 0 0.9659303 0 0 1 0.9659303 0 -0.2588022 0.2588022 0 -0.9659303 0.2588022 0 0.9659303 0 0 -1 -0.2588022 0 -0.9659303 -0.4999893 0 0.8660316 0.7071068 0 0.7071068 0.4999893 0 0.8660316 1 0 0 -0.9659303 0 0.2588022 -0.7071068 0 -0.7071068 -0.4999893 0 -0.8660316 0.7071068 0 -0.7071068 -0.8660316 0 0.4999893 -1 0 0 0.9659303 0 0.2588022 0.8660316 0 0.4999893 0 0.4999893 -0.8660316 0 0.4999893 -0.8660316 0 -0.8660316 -0.4999893 0 -0.8660316 -0.4999893 0 -0.4999893 0.8660316 0 -0.4999893 0.8660316 -1 0 0 -1 0 0 -1 0 0 -1 0 0 -1 0 0 -1 0 0 -1 0 0 -1 0 0 -1 0 0 -1 0 0 -1 0 0 0 0.8660316 0.4999893 0 0.8660316 0.4999893 0 0.8660316 0.4999893 1 0 0 1 0 0 1 0 0 1 0 0 1 0 0 1 0 0 1 0 0 1 0 0 1 0 0 1 0 0 1 0 0 1 0 0 -0.7071068 0 0.7071068 -0.9659303 0 0.2588022 -0.7071068 0 -0.7071068 -0.2588022 0 -0.9659303 -0.2588022 0 -0.9659303 -0.2588022 0 -0.9659303 0.9659303 0 -0.2588022 0.9659303 0 0.2588022 0.2588022 0 0.9659303 0.2588022 0 0.9659303 -0.8660316 0 -0.4999893 -0.8660316 0 -0.4999893 0 0 -1 0 0 -1 0.4999893 0 -0.8660316 0.4999893 0 -0.8660316 0.8660316 0 0.4999893 0.4999893 0 0.8660316 0 0 1 0 0 1 -1 0 0 0 0.4999893 0.8660316 -0.1980112 0.855495 0.4784558 0 -0.4999893 0.8660316 0.1165821 -0.45937 0.880561 0.8329657 -0.2039306 -0.5143738 0.8660316 0 -0.4999893 -0.03277766 0.01263496 -0.9993829 0 0 -1 -0.8597099 0.1649896 -0.4834017 -0.8660316 0 -0.4999893 -1 0 0 0 0.2588022 0.9659303 -0.0796253 0.2901181 0.9536725 0 -0.7071068 0.7071068 0.04837263 -0.2178752 0.9747772 0.2724757 -0.9243971 0.2669212 -0.2853552 0.06341904 -0.9563214 -0.2588022 0 -0.9659303 -0.7119557 0.1406332 -0.687998 -0.2588022 0 -0.9659303 -0.9659303 0 0.2588022 0 -0.8660316 0.4999893 0 -0.8660316 0.4999893 0 -0.8660316 -0.4999893 0 -0.8660316 -0.4999893 0 -0.4999893 -0.8660316 0 -0.4999893 -0.8660316 -1 0 0 -1 0 0 -1 0 0 -1 0 0 -1 0 0 -1 0 0 -1 0 0 -1 0 0 -1 0 0 -1 0 0 -1 0 0 -1 0 0 0 0.8660316 -0.4999893 0 0.8660316 -0.4999893 0 0.4999893 0.8660316 0 0.4999893 0.8660316 1 0 0 1 0 0 1 0 0 1 0 0 1 0 0 1 0 0 1 0 0 1 0 0 1 0 0 1 0 0 1 0 0 1 0 0 0 -0.4999893 -0.8660316 0.2347245 -0.8252742 -0.5136409 0 0.4999893 -0.8660316 -0.01870834 0.03857642 -0.9990805 0 1 0 -0.1980112 0.855495 -0.4784558 -0.5404393 0.5029919 0.6744809 0.2724757 -0.9243971 0.2669212 0.180492 -0.6668804 0.7229752 0.7042305 -0.6608933 0.2593827 -0.1306829 0.5189779 0.844739 -0.6471637 0.598699 0.4719519 0.2347245 -0.8252742 0.5136409 0.628394 -0.5906415 0.5062249 0 0.8660316 -0.4999893 -0.1980112 0.855495 -0.4784558 0.1550382 -0.1425863 0.9775645 0 -0.9659303 -0.2588022 0 -0.2588022 -0.9659303 0.180492 -0.6668804 -0.7229752 0 0.7071068 -0.7071068 0 0.2588022 -0.9659303 -0.0796253 0.2901181 -0.9536725 -0.1702674 0.7109481 -0.682321 -0.6471637 0.598699 0.4719519 -0.7356371 0.6773758 0 -0.9828525 0.1843936 0 0.9682505 -0.2499823 0 -0.2197991 0.9755452 0 -0.7356371 0.6773758 0 -0.3983714 0.3739863 0.8375168 0.8329657 -0.2039306 0.5143738 0.2724757 -0.9243971 -0.2669212 0.7042305 -0.6608933 -0.2593827 -0.2282814 0.2173861 0.9490158 -0.7119557 0.1406332 0.687998 -0.2853552 0.06341904 0.9563214 0.7294487 -0.6840355 0 0.7042305 -0.6608933 0.2593827 0.5045121 -0.4742371 0.7215032 -0.6471637 0.598699 -0.4719519 -0.5404393 0.5029919 0.6744809 -0.7132651 0.657537 0.242689 -0.9516573 0.1795459 0.2492218 -0.5166595 0.106573 0.8495323 0.7042305 -0.6608933 -0.2593827 0.933791 -0.2376518 -0.2674994 0.6728944 -0.1560158 0.723099 -0.2282814 0.2173861 -0.9490158 -0.5404393 0.5029919 -0.6744809 -0.03979729 0.0413843 -0.9983504 -0.2588022 0 0.9659303 -0.03277766 0.01263496 0.9993829 -0.4999893 0 0.8660316 -0.7132651 0.657537 -0.242689 -0.5404393 0.5029919 -0.6744809 0.7071068 0 0.7071068 0.628394 -0.5906415 -0.5062249 0.9682505 -0.2499823 0 -0.7132651 0.657537 -0.242689 -0.9516573 0.1795459 -0.2492218 0.8329657 -0.2039306 0.5143738 -0.9659303 0 -0.2588022 -0.9659303 0 -0.2588022 -0.2588022 0 -0.9659303 0.8660316 0 -0.4999893 -0.7071068 0 0.7071068 -0.9659303 0 0.2588022 0.9659303 0 0.2588022 -0.4999893 0 0.8660316 0 0 1 -0.4999893 0 0.8660316 0.2588022 0 0.9659303 -0.8660316 0 0.4999893 -1 0 0 -0.9659303 0 -0.2588022 1 0 0 0.9659303 0 -0.2588022 0.1550382 -0.1425863 -0.9775645 -0.03979729 0.0413843 0.9983504 -0.7071068 0 0.7071068 -0.4999893 0 0.8660316 0 0 1 -1 0 0 -0.8660316 0 0.4999893 0.4999893 0 0.8660316 0.8660316 0 0.4999893 -0.2588022 0 0.9659303 0.2588022 0 0.9659303 0.7071068 0 0.7071068 0.9659303 0 0.2588022 -0.9659303 0 0.2588022 0.9659303 0 -0.2588022 0.1550382 -0.1425863 -0.9775645 0.8660316 0 0.4999893 -0.9659303 0 -0.2588022 -0.7071068 0 -0.7071068 -0.2588022 0 -0.9659303 0.2588022 0 -0.9659303 0.7071068 0 -0.7071068 -0.8660316 0 -0.4999893 -0.4999893 0 -0.8660316 0 0 -1 0.4999893 0 -0.8660316 0.8660316 0 -0.4999893 -0.2588022 0 -0.9659303 -1 0 0 -0.8660316 0 -0.4999893 0 0 -1 0.8660316 0 -0.4999893  
			<Tangents>: 434 0 0 -1 0 0 -1 0 -0.4999893 -0.8660316 0 -0.4999893 -0.8660316 0 -0.8660316 -0.4999893 0 -0.8660316 -0.4999893 0 -1 0 0 -1 0 0 -0.8660316 0.4999893 0 -0.8660316 0.4999893 0 -0.4999893 0.8660316 0 -0.4999893 0.8660316 0 0 1 0 0 1 0 0.4999893 0.8660316 0 0.4999893 0.8660316 0 0.8660316 0.4999893 0 0.8660316 0.4999893 0 1 0 0 1 0 0 0.8660316 -0.4999893 0 0.8660316 -0.4999893 0 0.4999893 -0.8660316 0 -0.2588189 -0.9659259 8.472968E-08 -0.7071068 0.7071068 0 -0.2588022 0.9659303 0 0.2588022 0.9659303 0 0.7071068 0.7071068 0 0.9659303 0.2588021 0 0.9659303 -0.2588022 0 0.7071068 -0.7071068 0 0.2588022 -0.9659303 0 -0.2588022 -0.9659303 0 -0.7071068 -0.7071068 0 -0.9659303 -0.2588022 0 -0.9659303 0.2588021 1.570088E-07 0 1 0 0.4999893 0.8660316 0 0.8660316 0.4999893 0 1 0 0 0.8660316 -0.4999893 0 0.4999893 -0.8660316 0 0 -1 0 -0.4999893 -0.8660316 0 -0.8660316 -0.4999893 0 -1 0 0 -0.8660316 0.4999893 -9.885127E-08 -0.4999893 0.8660316 0.7071068 -9.448415E-08 0.7071068 0.2588022 8.018169E-08 0.9659303 -0.2588022 0 0.9659303 -0.7071068 0 0.7071068 -0.9659303 0 0.2588021 -0.9659303 5.162063E-09 -0.2588022 -0.7071068 0 -0.7071068 -0.2588021 0 -0.9659303 0.2588022 0 -0.9659303 0.7071068 0 -0.7071068 0.9659303 0 -0.2588022 0.9659303 0 0.2588022 0 -1.295996E-07 1 -0.4999893 0 0.8660316 -0.8660316 0 0.4999893 -1 0 0 -0.8660316 2.717679E-09 -0.4999893 -0.4999893 0 -0.8660316 0 0 -1 0.4999893 0 -0.8660316 0.8660316 0 -0.4999893 1 0 0 0.8660316 0 0.4999893 0.4999893 0 0.8660316 0 0.4999893 -0.8660316 0 0.4999893 -0.8660316 0 0.8660316 -0.4999893 0 0.8660316 -0.4999893 0 1 0 0 1 0 0 0.8660316 0.4999893 0 0.8660316 0.4999893 0 0.4999893 0.8660316 0 0.4999893 0.8660316 0 0 1 0 0 1 0 -0.4999893 0.8660316 0 -0.4999893 0.8660316 0 -0.8660316 0.4999893 0 -0.8660316 0.4999893 0 -1 0 0 -1 0 0 -0.8660316 -0.4999893 0 -0.8660316 -0.4999893 0 -0.4999893 -0.8660316 0 -0.4999893 -0.8660316 0 0 -1 0 0 -1 -0.02374044 0.9989565 0.03901621 -0.04910684 0.4788497 0.8765224 -0.003317059 -0.956782 0.2907871 0.008962314 -0.7339017 -0.6791966 -0.009887359 0.2747132 -0.9614754 -0.01916583 0.9755375 -0.2189962 -0.04124599 0.6866831 0.7257859 -0.0001358876 -0.2522714 0.9676565 -0.007281511 -0.001640585 0.9999722 -0.00166428 -0.6926384 0.7212831 0.002133364 -0.8518968 0.5237054 0.005627368 -0.886287 -0.4631022 0.01399281 0.004180238 -0.9998934 -0.02036612 0.8853146 -0.4645463 -0.006599254 0.8515717 0.5241966 0.01376927 -0.9756814 -0.2187606 -0.06094968 -0.2934437 -0.9540314 -0.0515375 0.7276253 -0.6840361 -0.001888215 0.9566646 0.2911859 -0.0003314014 0.2521721 0.9676824 0.04272537 -0.4801239 0.8761596 0.008912169 -0.9992093 0.03874828 0.01059213 -0.5262007 -0.8502945 -0.06577335 0.5137085 -0.8554399 -0.7189322 0.6927083 0.05737345 -0.1865236 0.1556962 0.9700349 -0.6766702 0.5686646 -0.4676944 0.1616501 -0.1825942 0.9698085 -0.3439418 0.3231921 0.8816183 0.3083799 -0.3605753 0.8802769 -0.6535326 0.5249521 0.5452709 -0.01648814 -0.01790631 0.9997037 0.4330967 -0.5209708 0.7355384 0.7192097 -0.6924202 0.05737256 0.7784892 -0.5915731 -0.2097517 0.5406964 -0.477962 -0.6922425 0.3317285 -0.3851556 -0.8611686 0.1891388 -0.177499 -0.9657746 0.6023382 -0.5819504 0.5463721 -0.1891383 0.1774995 -0.9657746 -0.3662025 0.3495291 -0.862395 -0.5370626 0.4819378 -0.6923148 0.6706619 -0.5755892 -0.4678778 -0.7155526 0.6660468 -0.2106328 0.6936979 -0.6476286 0.3152148 -0.8040122 0.5076071 0.3096764 0.04141864 0.04416842 -0.9981651 -0.4706678 0.4837416 0.7378793 0.9580207 -0.009989629 0.2865247 0.8543848 -0.0002404997 0.5196408 -0.8831124 0.01957902 -0.4687529 -0.9584218 -0.01888157 0.2847298 -0.2824281 -0.03050485 -0.9588034 0.9991551 -0.02439027 0.03307857 0.2449012 -0.04620467 0.9684464 -0.009098491 -0.04849676 0.9987819 -0.001483633 -0.005746531 -0.9999824 -0.5138414 0.05977093 -0.8558005 0.9743497 -0.01709204 -0.2243893 -0.4962368 -0.04554391 0.8669918 0.5276229 -0.5393941 0.656253 -0.6984109 -0.03984132 0.7145872 -0.7297225 0.02031648 -0.6834415 0.7220417 -0.07401214 -0.6878794 0.4887725 -0.009089775 0.8723639 0.8833498 -0.01581717 -0.4684474 0.4878708 -0.1679047 -0.8566155 -0.854192 0.0036012 0.5199451 -0.9994568 -0.003833074 0.03273165 -0.9743913 0.01546315 -0.2243266 0.2760707 0.002902923 -0.9611329 -0.2546335 -0.007374266 0.9670095 0.9659303 0 -0.2588022 0.7071068 0 0.7071068 0.2588022 0 0.9659303 0.4999893 0 0.8660316 -0.4999893 7.513192E-08 -0.8660316 0.9659303 0 0.2588022 -0.9659303 0 -0.2588022 0.8660316 0 0.4999893 0 -3.994072E-08 -1 -0.7071068 0 -0.7071068 0.4999893 4.442407E-08 -0.8660316 -0.4999893 0 0.8660316 -0.2588022 0 -0.9659303 -0.9659303 0 0.2588022 0.8660316 0 -0.4999893 -0.8660316 0 0.4999893 0.2588022 0 -0.9659303 -0.2588022 0 0.9659303 1 0 0 -1 0 0 0.7071068 0 -0.7071068 -0.7071068 0 0.7071068 0 0 1 -0.8660316 0 -0.4999893 -0.4999893 3.809617E-07 -0.8660316 0.7071068 0 0.7071068 -0.8660316 0 -0.4999893 -0.2588022 0 0.9659303 -0.4999893 0 0.8660316 0.9659303 0 0.2588022 1 0 0 -0.2588022 0 -0.9659303 -0.9659303 0 -0.2588022 0.9659303 0 -0.2588022 -1 0 0 -0.9659303 0 0.2588022 0.8660316 0 0.4999893 0.7071068 0 -0.7071068 0.8660316 8.593496E-07 -0.4999893 0 -4.373582E-08 -1 0.2588022 0 0.9659303 -0.7071068 0 0.7071068 -0.8660316 0 0.4999893 -0.7071068 0 -0.7071068 0.4999893 0 0.8660316 0 0 1 0.2588021 0 -0.9659303 0.4999893 2.546083E-07 -0.8660316 0 -0.8660316 -0.4999893 0 -0.8660316 -0.4999893 0 -0.4999893 0.8660316 0 -0.4999893 0.8660316 0 0.8660316 0.4999893 0 0.8660316 0.4999893 0 -0.258819 -0.9659259 0 -0.258819 -0.9659258 0 -0.258819 -0.9659259 0 -0.2596975 -0.96569 0 -0.2575525 -0.9662643 0 -0.2583331 -0.9660559 0 -0.25954 -0.9657323 0 -0.2588189 -0.9659259 0 -0.2588189 -0.9659259 0 -0.2588189 -0.9659259 0 -0.2588193 -0.9659258 0 0.4999893 -0.8660316 0 0.4999893 -0.8660316 0 0.4999893 -0.8660316 0 -0.258819 -0.9659258 0 -0.2588188 -0.9659259 0 -0.2588191 -0.9659258 0 -0.2597024 -0.9656887 0 -0.2575526 -0.9662643 0 -0.2583372 -0.9660548 0 -0.259542 -0.9657319 0 -0.2588189 -0.9659259 0 -0.2588189 -0.9659259 0 -0.2588188 -0.9659259 0 -0.2588188 -0.9659259 0 -0.2588196 -0.9659257 0.7071068 0 0.7071068 0.2588022 0 0.9659303 -0.7071068 0 0.7071068 -0.9659303 0 0.2588022 -0.9659303 0 0.2588021 -0.9659303 0 0.2588021 -0.2588022 0 -0.9659303 0.2588021 0 -0.9659303 0.9659303 0 -0.2588022 0.9659303 0 -0.2588021 -0.4999893 0 0.8660316 -0.4999893 0 0.8660316 -1 0 0 -1 0 0 -0.8660316 -4.527482E-07 -0.4999893 -0.8660316 -2.287586E-06 -0.4999893 0.4999893 0 -0.8660316 0.8660316 0 -0.4999893 1 0 0 1 0 0 0 0 1 0 -0.8660316 0.4999893 -0.05477379 -0.4970152 0.8660114 0 -0.8660316 -0.4999893 0.0363719 -0.8840373 -0.4659991 -0.5261317 -0.004068317 -0.8503934 -0.4999893 0 -0.8660316 -0.9991075 0.0262422 0.03310037 -1 5.510849E-09 0 -0.4827828 0.0465622 0.8745014 -0.4999893 1.185767E-07 0.8660316 0 0 1 -1.835818E-07 -0.9659303 0.2588022 0.01843224 -0.9561181 0.2924011 0 -0.7071068 -0.7071068 0.01514029 -0.9756476 -0.218821 0.07546781 -0.2560304 -0.9637184 -0.9570802 0.033923 0.2878312 -0.9659303 0 0.2588022 -0.6899844 0.04203076 0.7226028 -0.9659303 0 0.2588022 0.2588021 0 0.9659303 0 0.4999893 0.8660316 0 0.4999893 0.8660316 0 -0.4999893 0.8660316 0 -0.4999893 0.8660316 0 -0.8660316 0.4999893 0 -0.8660316 0.4999893 0 -0.258819 -0.9659259 0 -0.2588189 -0.9659259 0 -0.258819 -0.9659259 0 -0.2596975 -0.96569 0 -0.2575526 -0.9662643 0 -0.2583331 -0.9660559 0 -0.25954 -0.9657323 0 -0.2588189 -0.9659259 0 -0.2588189 -0.9659259 0 -0.2588189 -0.9659259 0 -0.2588189 -0.9659259 0 -0.2588193 -0.9659258 0 -0.4999893 -0.8660316 0 -0.4999893 -0.8660316 0 0.8660316 -0.4999893 0 0.8660316 -0.4999893 0 -0.258819 -0.9659258 0 -0.2588188 -0.9659259 0 -0.258819 -0.9659258 0 -0.2597023 -0.9656887 0 -0.2575526 -0.9662643 0 -0.2583372 -0.9660548 0 -0.2595419 -0.9657319 0 -0.2588189 -0.9659259 0 -0.2588189 -0.9659259 0 -0.2588188 -0.9659259 0 -0.2588188 -0.9659259 0 -0.2588196 -0.9659257 0 0.8660316 -0.4999893 0.02684352 0.5337051 -0.8452445 0 0.8660316 0.4999893 -0.00424581 0.9992433 0.0386622 0 0 1 -0.04910729 0.4788496 0.8765224 0.5248524 -0.4250075 0.7374948 0.1293328 -0.239712 -0.9621908 0.2272201 -0.6868938 -0.6903245 0.2086464 -0.156557 -0.965379 0.03093434 -0.8494966 0.5266864 0.3703822 -0.2941761 0.8810661 0.1688123 -0.4857666 -0.8576323 0.4523457 -0.2519758 -0.8555066 0 0.4999893 0.8660316 0.04143568 0.4949899 0.8679101 0.06083996 -0.9862731 -0.1535055 0 0.2588021 -0.9659303 0 0.9659303 -0.2588022 0.01145508 0.7364227 -0.6764247 0 0.7071068 0.7071068 0 0.9659303 0.2588022 -0.01843765 0.9561179 0.2924015 0.03108514 0.6959625 0.717405 0.3733194 -0.2908852 0.8809191 0.008310852 0.009025652 0.9999247 0.008151452 0.04344887 0.9990224 0.02143283 0.08301528 -0.9963177 0.01949711 0.004392842 0.9998003 -0.01948564 -0.02116159 0.9995862 0.6901088 -0.4792656 0.5422677 0.5331628 0.04715367 -0.8446975 0.06470271 0.294394 -0.9534913 -0.1418836 0.226965 -0.9635123 0.9670015 -0.06262692 0.2469534 0.6952756 0.003683188 0.7187338 0.9578674 -0.01506487 0.2868155 -0.01006536 -0.01073359 -0.9998918 0.2578967 -0.1022587 -0.9607458 0.5454998 -0.4726587 -0.6921154 -0.4070118 0.2521169 0.8779399 0.5491121 -0.3965251 0.7356927 0.1860348 -0.1562294 0.970043 0.2579777 0.02680737 0.9657789 0.8291271 -0.1852222 0.5274856 -0.1891385 0.1774994 -0.9657746 -0.2592356 0.06597599 -0.963558 0.7354012 0.03538622 -0.6767074 -0.6872732 0.6544359 0.3152286 -0.5746437 0.3648888 0.7325577 -0.8465426 0.5293998 0.0556908 0.9659303 0 0.2588022 0.999457 -0.002945002 0.0328173 0.8660316 0 0.4999893 -0.2422099 0.09368673 0.96569 -0.5114117 0.4401783 0.7380388 0.7071068 0 -0.7071068 -0.3791343 0.3356926 -0.8623037 -0.01670677 -0.06471004 -0.9977642 -0.178436 0.1644947 0.9701042 -0.2449012 0.04620469 0.9684464 0.5138414 -0.05977097 -0.8558005 -0.2588021 0 0.9659303 -0.2588021 0 0.9659303 -0.9659303 0 0.2588022 -0.4999893 0 -0.8660316 0.7071068 0 0.7071068 0.2588022 0 0.9659303 0.2588022 0 -0.9659303 0.8660316 0 0.4999893 1 0 0 0.8660316 0 0.4999893 0.9659303 0 -0.2588021 0.4999893 0 0.8660316 0 0 1 -0.2588021 0 0.9659303 0 0 -1 -0.2588022 0 -0.9659303 -0.7575568 0.6179718 -0.2102823 0.7883419 -0.612608 0.05681995 0.7071068 -9.448415E-08 0.7071068 0.8660316 0 0.4999893 1 0 0 0 -1.295996E-07 1 0.4999893 0 0.8660316 0.8660316 0 -0.4999893 0.4999893 0 -0.8660316 0.9659303 0 0.2588022 0.9659303 0 -0.2588022 0.7071068 0 -0.7071068 0.2588022 0 -0.9659303 0.2588022 8.018169E-08 0.9659303 -0.2588021 0 -0.9659303 -0.78735 0.5798385 -0.2094453 0.4999893 0 -0.8660316 -0.2588022 0 0.9659303 -0.7071068 0 0.7071068 -0.9659303 0 0.2588021 -0.9659303 5.162063E-09 -0.2588022 -0.7071068 0 -0.7071068 -0.4999893 0 0.8660316 -0.8660316 0 0.4999893 -1 0 0 -0.8660316 2.717679E-09 -0.4999893 -0.4999893 0 -0.8660316 -0.9659303 0 0.2588022 0 0 1 -0.4999893 1.185767E-07 0.8660316 -1 5.510849E-09 0 -0.4999893 0 -0.8660316  
			<BiTangents>: 434 1 0 0 1 0 0 1 0 0 1 0 0 1 0 0 1 0 0 1 0 0 1 0 0 1 0 0 1 0 0 1 0 0 1 0 0 1 0 0 1 0 0 1 0 0 1 0 0 1 0 0 1 0 0 1 0 0 1 0 0 1 0 0 1 0 0 1 0 0 0 0.9659259 -0.2588189 -1 -5.991294E-08 5.991294E-08 -1 0 0 -1 0 0 -1 0 0 -1 0 0 -1 0 0 -1 0 0 -1 0 0 -1 0 0 -1 0 0 -1 0 0 -1 0 0 -1 0 1.570088E-07 -1 0 0 -1 0 0 -1 0 0 -1 0 0 -1 0 0 -1 0 0 -1 0 0 -1 0 0 -1 0 0 -1 0 0 -1 4.942457E-08 -8.560833E-08 6.681039E-08 1 6.681039E-08 -2.07512E-08 1 -7.744993E-08 0 -1 0 0 -1 0 0 -1 0 -4.986193E-09 -1 -1.335953E-09 0 -1 0 0 1 0 0 1 0 0 1 0 0 1 0 0 1 0 0 1 1.295996E-07 0 -1 0 0 -1 0 0 -1 0 -2.353596E-09 -1 -1.35881E-09 0 -1 0 0 1 0 0 1 0 0 1 0 0 1 0 0 1 0 0 1 0 1 0 0 1 0 0 1 0 0 1 0 0 1 0 0 1 0 0 1 0 0 1 0 0 1 0 0 1 0 0 1 0 0 1 0 0 1 0 0 1 0 0 1 0 0 1 0 0 1 0 0 1 0 0 1 0 0 1 0 0 1 0 0 1 0 0 1 0 0 1 0 0 -0.9995431 -0.02444854 0.017773 -0.9789689 -0.1970567 0.05280694 -0.9968193 -0.01999062 -0.0771464 -0.9835356 -0.1290691 0.1264866 -0.9621118 -0.2646178 -0.06571283 -0.9986454 -0.02927583 -0.04301355 -0.9845343 -0.1517207 0.087596 -0.9767473 -0.207426 -0.05421383 -0.975518 -0.2197929 -0.007464042 -0.9853965 -0.1216754 -0.119117 -0.9914219 -0.07024149 -0.1102212 -0.9931651 -0.05894467 0.1007402 -0.9580553 -0.2862112 -0.01460387 -0.9929722 -0.0720914 -0.09385625 -0.9914022 -0.07407818 0.107861 -0.9987344 -0.02400399 0.04419629 -0.9602302 -0.2436816 0.136298 -0.9822253 -0.1607234 -0.09696119 -0.9968231 -0.02498651 0.07562691 -0.9767473 -0.2075466 0.05375088 -0.9792682 -0.1939316 -0.05851856 -0.9997853 -0.009628891 -0.01834975 -0.9720043 -0.2050255 0.1147707 -0.9698342 -0.2345766 -0.06629889 -0.69394 -0.7200296 -0.002184596 -0.6756196 -0.7371593 -0.01159354 -0.6521369 -0.7577775 0.02215193 -0.6819986 -0.7309613 -0.02394719 -0.6803551 -0.7328754 0.003240636 -0.6971951 -0.7152238 -0.04872451 -0.6435801 -0.7645649 -0.03528632 -0.6771751 -0.7354192 -0.02434121 -0.7213547 -0.6896293 -0.06370892 -0.6936524 -0.7203066 0.00220754 -0.6082086 -0.793543 -0.01928547 -0.6731381 -0.7393589 -0.01528071 -0.7036173 -0.7090824 0.04609685 -0.6843141 -0.7291874 -3.837991E-07 -0.6917289 -0.7221274 -0.006566188 -0.6843143 -0.7291872 -3.491561E-07 -0.6863066 -0.7273047 -0.003347571 -0.6760409 -0.7367735 0.01155157 -0.6583143 -0.7525312 -0.01786241 -0.6811371 -0.7321549 -0.001234695 -0.6831331 -0.7302879 0.002958755 -0.5490465 -0.8337136 -0.05890385 -0.6827804 -0.7281103 -0.06055042 -0.6974218 -0.7162355 0.02469085 -0.02772442 -0.997937 0.05790617 -0.055584 -0.9943048 0.0909301 -0.06446174 -0.9947167 0.07989579 -4.393912E-07 -0.9978084 -0.06617015 -0.2197013 -0.9708713 0.09560469 -0.02479316 -0.9996227 0.01182483 -0.1853958 -0.9826639 -3.621983E-10 -0.184169 -0.9816553 -0.04934287 -0.2499779 -0.9682334 0.005934963 -0.2052685 -0.977159 0.05500083 -0.02634036 -0.9989196 -0.03828683 -0.1210286 -0.9852432 -0.1210285 -0.4633931 -0.8302267 -0.3098234 -0.07308397 -0.9892598 -0.1265851 -0.1213185 -0.9875456 0.1001774 -0.1608382 -0.9849778 -0.06284755 -0.148325 -0.9862534 0.0728278 -0.06112162 -0.9947836 -0.08166789 -0.2610559 -0.9644793 0.04036705 -0.05847146 -0.9942983 -0.08917323 0.003417146 -0.9999129 -0.01275374 -0.02475153 -0.9989461 0.03865267 -0.2276384 -0.9713461 -0.06831942 -0.1717848 -0.983722 -0.05273619 0 1 0 0 1 0 0 1 0 0 1 0 3.756515E-08 1 6.506662E-08 0 1 0 0 1 0 0 1 0 0 1 -3.994072E-08 0 1 0 -2.221156E-08 1 3.847265E-08 0 1 0 0 1 0 0 1 0 0 1 0 0 1 0 0 1 0 0 1 0 0 1 0 0 1 0 0 1 0 0 1 0 0 1 0 0 1 0 1.904767E-07 1 3.299248E-07 0 1 0 0 1 0 0 1 0 0 1 0 0 1 0 0 1 0 0 1 0 0 1 0 0 1 0 0 1 0 0 1 0 0 1 0 0 1 0 -7.442239E-07 1 4.296656E-07 0 1 -4.373582E-08 0 1 0 0 1 0 0 1 0 0 1 0 0 1 0 0 1 0 0 1 0 -1.273014E-07 1 2.204988E-07 1 0 0 1 0 0 1 0 0 1 0 0 1 0 0 1 0 0 0 0.9659259 -0.258819 0 0.9659258 -0.258819 0 0.9659259 -0.258819 0 0.96569 -0.2596975 0 0.9662643 -0.2575525 0 0.9660559 -0.2583331 0 0.9657323 -0.25954 0 0.9659259 -0.2588189 0 0.9659259 -0.2588189 0 0.9659259 -0.2588189 0 0.9659258 -0.2588193 1 0 0 1 0 0 1 0 0 0 -0.9659258 0.258819 0 -0.9659259 0.2588188 0 -0.9659258 0.2588191 0 -0.9656887 0.2597024 0 -0.9662643 0.2575526 0 -0.9660548 0.2583372 0 -0.9657319 0.259542 0 -0.9659259 0.2588189 0 -0.9659259 0.2588189 0 -0.9659259 0.2588188 0 -0.9659259 0.2588188 0 -0.9659257 0.2588196 0 1 0 0 1 0 0 1 0 0 1 0 0 1 0 0 1 0 0 1 0 0 1 0 0 1 0 0 1 0 0 1 0 0 1 0 0 1 0 0 1 0 -3.920942E-07 1 -2.263692E-07 -1.981122E-06 1 -1.143769E-06 0 1 0 0 1 0 0 1 0 0 1 0 0 1 0 -1 0 0 -0.9786682 -0.1452731 -0.1452733 -1 0 0 -0.9925148 -0.08635483 0.08635477 -0.1713286 -0.9789769 0.1106831 0 -1 0 -0.02664423 -0.9995757 -0.01176353 -5.510849E-09 -1 0 -0.1667919 -0.9851956 -0.03962415 -5.92871E-08 -1 1.026912E-07 0 -1 0 -1 1.773272E-07 -4.751137E-08 -0.9966545 -0.04086085 -0.07078367 -1 0 0 -0.9987146 -0.02534335 0.04389594 -0.9591984 -0.2827338 -1.714956E-07 -0.05069526 -0.9974102 -0.051017 0 -1 0 -0.1305391 -0.9891692 -0.06711071 0 -1 0 0 -1 0 1 0 0 1 0 0 1 0 0 1 0 0 1 0 0 1 0 0 0 0.9659259 -0.258819 0 0.9659259 -0.2588189 0 0.9659259 -0.258819 0 0.96569 -0.2596975 0 0.9662643 -0.2575526 0 0.9660559 -0.2583331 0 0.9657323 -0.25954 0 0.9659259 -0.2588189 0 0.9659259 -0.2588189 0 0.9659259 -0.2588189 0 0.9659259 -0.2588189 0 0.9659258 -0.2588193 1 0 0 1 0 0 1 0 0 1 0 0 0 -0.9659258 0.258819 0 -0.9659259 0.2588188 0 -0.9659258 0.258819 0 -0.9656887 0.2597023 0 -0.9662643 0.2575526 0 -0.9660548 0.2583372 0 -0.9657319 0.2595419 0 -0.9659259 0.2588189 0 -0.9659259 0.2588189 0 -0.9659259 0.2588188 0 -0.9659259 0.2588188 0 -0.9659257 0.2588196 -1 0 0 -0.9716912 -0.1846116 -0.1474269 -1 0 0 -0.999816 -0.004965212 0.0185304 -1 0 0 -0.9789689 -0.1970569 0.05280655 -0.6576133 -0.7525741 0.03430577 -0.9534307 -0.2966953 -0.05423919 -0.9569711 -0.2888726 -0.02754982 -0.6786206 -0.7339687 -0.02764079 -0.9909415 -0.09496036 -0.09496047 -0.6663303 -0.7449966 0.03136731 -0.9572914 -0.2880161 -0.0252951 -0.6328541 -0.7665838 -0.108834 -1 0 0 -0.9793236 -0.1520308 0.1334615 -0.9860333 -0.08327419 0.144235 -1 0 0 -1 0 0 -0.9835097 -0.1138075 -0.1405576 -1 0 0 -1 0 0 -0.9966543 -0.04086603 0.07078209 -0.9849075 -0.1009407 0.1405997 -0.6646892 -0.7462877 0.03525553 -0.6773248 -0.7355818 0.01226918 -0.1842133 -0.9818917 0.0442069 -0.2490618 -0.9646851 -0.08573741 -0.9753503 -0.2197551 0.01998585 -0.6770955 -0.7353327 -0.02876636 -0.6041937 -0.7940017 0.06716549 -0.1480051 -0.9778491 -0.1480056 -0.9599847 -0.2425327 -0.1400262 -0.6956496 -0.715337 -0.06606578 -0.1131182 -0.9740745 0.1959162 -0.09854383 -0.9900549 0.1004011 -0.03259642 -0.9978733 0.0564482 -0.6839615 -0.7293697 0.01471466 -0.6614746 -0.7434805 -0.09842851 -0.6692516 -0.7427604 -0.02023422 -0.6446088 -0.7602609 -0.08051658 -0.6374961 -0.7679629 0.06190124 -0.6757544 -0.7370464 0.01089175 -0.1667207 -0.9833843 0.07183027 -0.213568 -0.9769007 -0.007334241 -0.6843143 -0.7291873 -1.35243E-07 -0.2466398 -0.9691072 3.746491E-09 -0.07998931 -0.9871205 -0.1385454 -0.6895964 -0.724194 -8.123235E-06 -0.6145811 -0.7834892 -0.09184089 -0.5308313 -0.8473625 -0.0139649 0 -1 0 -0.00335783 -0.9999158 0.01253157 0 -1 0 -0.6577137 -0.7475746 -0.09243848 -0.6681194 -0.7438025 -0.01934629 0 -1 0 -0.6792483 -0.7337937 0.01298526 -0.2494234 -0.9660857 0.06683192 -0.6778005 -0.7352459 8.271289E-08 -0.1853958 -0.9826639 2.16334E-08 -0.2052685 -0.977159 -0.0550008 0 1 0 0 1 0 0 1 0 0 1 0 0 1 0 0 1 0 0 1 0 0 1 0 0 1 0 0 1 0 0 1 0 0 1 0 0 1 0 0 1 0 0 -1 0 0 -1 0 -0.6340906 -0.7731623 0.01220799 -0.6139489 -0.7893027 0.008244839 -6.681039E-08 -1 -6.681039E-08 0 -1 0 0 -1 0 0 -1 -1.295996E-07 0 -1 0 0 -1 0 0 -1 0 0 -1 0 0 -1 0 0 -1 0 0 -1 0 2.07512E-08 -1 7.744993E-08 0 -1 0 -0.5966935 -0.8021575 0.02236822 0 -1 0 0 1 0 0 1 0 0 1 0 4.986193E-09 1 1.335953E-09 0 1 0 0 1 0 0 1 0 0 1 0 2.353596E-09 1 1.35881E-09 0 1 0 0 1 0 0 1 0 5.92871E-08 1 -1.026912E-07 5.510849E-09 1 0 0 1 0  
			<SubMeshes>: 1
				<SubMesh>: 0 1128 0 2 3 0 3 1 2 4 5 2 5 3 216 6 7 216 7 217 6 8 9 6 9 7 8 10 11 8 11 9 218 12 13 218 13 219 12 14 15 12 15 13 14 16 17 14 17 15 220 18 19 220 19 221 18 20 21 18 21 19 222 223 224 224 225 222 225 226 222 225 227 226 225 228 227 228 229 227 229 230 227 229 23 230 23 231 230 23 232 231 22 0 1 22 1 233 20 234 235 20 235 21 236 237 238 238 239 236 238 240 239 240 241 239 241 242 239 241 243 242 241 244 243 244 245 243 244 246 245 246 247 245 48 49 170 248 249 169 185 189 209 185 209 195 250 181 203 189 251 209 252 174 200 252 200 253 174 177 211 174 211 200 177 180 199 177 199 211 55 56 184 254 255 180 56 57 188 56 188 184 57 58 168 57 168 188 59 248 169 59 169 173 256 59 173 256 173 257 190 179 196 190 196 213 258 183 210 258 210 259 183 187 202 183 202 210 260 191 194 260 194 261 262 172 192 262 192 263 172 176 207 172 207 192 66 67 178 66 178 176 264 68 182 67 265 178 68 69 186 68 186 182 266 70 175 266 175 267 71 60 268 71 268 171 70 71 171 70 171 175 46 47 116 269 270 106 47 36 104 47 104 116 45 269 106 45 106 117 44 45 117 44 117 107 43 271 272 43 272 118 42 43 118 42 118 108 153 152 400 153 400 65 146 273 274 146 274 64 164 146 64 164 64 63 163 275 276 163 276 62 155 163 62 155 62 61 151 277 278 151 278 279 34 35 98 34 98 111 280 24 105 280 105 281 33 34 111 282 283 99 32 282 99 32 99 112 100 284 133 100 133 135 158 148 401 158 401 54 165 158 54 165 54 53 147 165 53 147 53 52 157 285 286 287 288 51 167 287 51 167 51 50 150 167 50 150 50 289 24 25 103 24 103 105 73 95 94 73 94 72 77 75 74 77 74 76 79 77 76 79 76 78 81 79 78 81 78 80 83 290 291 83 291 82 85 83 82 85 82 84 87 292 293 87 293 86 89 294 295 89 295 88 91 89 88 91 88 90 93 91 90 93 90 92 296 297 298 298 299 296 299 300 296 299 301 300 299 302 301 302 303 301 303 304 301 303 305 304 305 306 304 305 307 306 95 308 309 95 309 94 310 73 72 310 72 311 312 313 314 314 315 312 314 316 315 316 317 315 317 318 315 317 319 318 317 320 319 320 321 319 320 322 321 322 323 321 116 104 127 116 127 125 107 117 129 107 129 138 108 118 132 108 132 142 40 41 119 324 325 109 38 39 96 326 327 110 328 37 97 36 329 104 281 105 128 98 330 140 331 332 131 331 131 333 30 31 100 30 100 113 28 29 101 28 101 114 26 27 102 26 102 115 105 103 123 105 123 128 334 116 125 106 335 134 117 106 134 117 134 129 336 107 138 336 138 337 41 42 108 41 108 119 39 324 109 39 109 96 338 326 110 338 110 339 111 98 140 111 140 130 99 283 340 332 130 131 341 32 112 31 284 100 342 30 113 29 343 101 344 345 346 344 346 347 25 26 115 25 115 103 348 349 350 348 350 160 142 132 162 142 162 351 109 325 136 109 136 122 110 327 120 110 120 126 352 97 124 352 124 353 354 348 160 354 160 145 337 138 161 337 161 355 343 356 357 343 357 137 130 140 144 130 144 154 115 102 143 115 143 121 114 101 139 114 402 141 140 330 156 358 359 360 138 129 149 138 149 161 119 108 142 325 361 136 362 363 159 362 159 166 339 110 126 339 126 364 365 366 367 365 367 359 129 134 368 403 368 149 369 362 166 369 166 370 101 343 137 101 137 402 131 130 154 131 154 371 103 115 121 103 121 123 347 346 372 347 372 373 96 109 122 96 122 374 360 359 404 360 404 375 376 145 405 149 377 406 122 136 273 122 273 146 126 120 275 126 275 163 353 124 277 353 277 151 137 357 148 137 148 158 141 402 165 141 165 147 378 379 287 378 287 167 160 350 407 160 407 408 355 161 409 355 409 410 154 144 411 154 411 412 161 149 406 161 406 409 166 159 413 166 413 414 359 367 415 359 415 404 370 166 414 370 414 416 371 154 412 371 412 380 364 126 163 364 163 155 381 142 351 136 382 273 374 122 146 374 146 164 402 137 158 417 158 165 373 372 285 373 285 157 366 383 384 366 384 367 152 385 418 152 418 400 145 160 408 145 408 405 419 420 189 419 189 185 421 422 174 421 174 252 423 254 180 423 180 177 424 425 183 424 183 258 426 427 191 426 191 260 428 66 176 428 176 172 49 386 387 49 387 170 420 429 388 420 388 189 422 423 177 422 177 174 180 255 214 180 214 199 430 431 179 430 179 190 425 432 187 425 187 183 427 433 389 427 389 191 390 170 208 169 391 193 184 188 205 184 205 392 186 393 204 186 204 198 182 186 198 265 394 206 188 168 201 188 201 205 173 169 193 173 193 197 175 171 212 175 212 395 257 173 197 257 197 396 178 265 206 178 206 215 397 190 213 171 398 212 170 387 399 170 399 208 176 178 215 176 215 207  
		</Mesh>
		<Materials>: 1
			<Material>: 0
				<AlbedoMap>: BLD_Bridge1_A
				<NormalMap>: BLD_Bridge1_N
		</Materials>
		<Children>: 0
	</Frame>
</Hierarchy>
