<Hierarchy>:
	<Frame>: 0 5 BrickHouse_Deco_Handrail_Cap_A
		<Transform>: 0 0 0 0 0 0 1 1 1 0 0 0 1  
		<TransformMatrix>: 1 0 0 0 0 1 0 0 0 0 1 0 0 0 0 1  
		<BoxCollider>: 1 0 0.55 -2.235174E-08 0.1999999 1.1 0.2  
		<Mesh>: 32 BrickHouse_Deco_Handrail_Cap_A
			<Bounds>: 0 0.55 -2.235174E-08 0.09999996 0.55 0.09999999
			<Positions>: 32 0.09999996 4.371137E-09 0.09999996 0.09999996 1.06 0.09999992 0.09999996 -4.371137E-09 -0.09999996 0.09999996 1.06 -0.1 -0.09999996 4.371137E-09 0.09999996 -0.09999996 1.06 0.09999992 -0.09999996 -4.371137E-09 -0.09999996 -0.09999996 1.06 -0.1 0 1.1 -4.808253E-08 0.09999996 1.06 -0.1 0.09999996 -4.371137E-09 -0.09999996 -0.09999996 1.06 -0.1 -0.09999996 -4.371137E-09 -0.09999996 -0.09999996 1.06 0.09999992 -0.09999996 4.371137E-09 0.09999996 0.09999996 4.371137E-09 0.09999996 0.09999996 1.06 0.09999992 0.09999996 4.371137E-09 0.09999996 -0.09999996 4.371137E-09 0.09999996 -0.09999996 -4.371137E-09 -0.09999996 0.09999996 -4.371137E-09 -0.09999996 0.09999996 1.06 0.09999992 -0.09999996 1.06 0.09999992 -0.09999996 1.06 -0.1 0.09999996 1.06 -0.1 -0.09999996 1.06 0.09999992 0 1.1 -4.808253E-08 -0.09999996 1.06 -0.1 0 1.1 -4.808253E-08 0.09999996 1.06 -0.1 0 1.1 -4.808253E-08 0.09999996 1.06 0.09999992  
			<Colors>: 0  
			<TextureCoords0>: 32 0.6652357 0.9428549 0.6652357 0.8780335 0.6508921 0.9428549 0.6508921 0.8780335 0.6238213 0.9428549 0.6238212 0.8780335 0.6360517 0.9428549 0.6360517 0.8780335 0.6184393 0.7995973 0.6508921 0.8780335 0.6508921 0.9428549 0.6360517 0.8780335 0.6360517 0.9428549 0.6796777 0.8780335 0.6796777 0.9428549 0.6652357 0.9428549 0.6652357 0.8780335 0.6085216 0.7902575 0.6287139 0.7902575 0.6287139 0.8093373 0.6085216 0.8093373 0.6083606 0.809069 0.6285181 0.809069 0.6285181 0.7901257 0.6083606 0.7901257 0.6285181 0.809069 0.6184393 0.7995973 0.6285181 0.7901257 0.6184393 0.7995973 0.6083606 0.7901257 0.6184393 0.7995973 0.6083606 0.809069  
			<TextureCoords1>: 32 0.003906282 0.4267963 0.9958642 0.4267963 0.00390625 0.6139579 0.9958641 0.6139579 0.9958637 0.2357282 0.003906255 0.2357283 0.00390625 0.9960938 0.9958641 0.9960938 0.1010247 0.1347035 0.9958642 0.8089321 0.003906282 0.8089321 0.00390625 0.42289 0.9958637 0.4228899 0.00390625 0.8050258 0.9958641 0.8050258 0.9958642 0.6178642 0.003906282 0.6178642 0.2020495 0.04466021 0.2020495 0.231822 0.3892112 0.231822 0.3892112 0.04466021 0.1981433 0.03758502 0.198143 0.231822 0.003906329 0.2318218 0.00390625 0.03758502 0.198143 0.231822 0.1010247 0.1347035 0.003906329 0.2318218 0.1010247 0.1347035 0.00390625 0.03758502 0.1010247 0.1347035 0.1981433 0.03758502  
			<Normals>: 32 1 0 0 1 0 0 1 0 0 1 0 0 -1 0 0 -1 0 0 0 0 -1 0 0 -1 0 0.9284788 0.3713854 0 0 -1 0 0 -1 -1 0 0 -1 0 0 0 0 1 0 0 1 0 0 1 0 0 1 0 -1 0 0 -1 0 0 -1 0 0 -1 0 0 0.9284788 0.3713854 0 0.9284788 0.3713854 -0.3713854 0.9284788 0 0 0.9284788 -0.3713854 -0.3713854 0.9284788 0 -0.3713854 0.9284788 0 0 0.9284788 -0.3713854 0 0.9284788 -0.3713854 0.3713854 0.9284788 0 0.3713854 0.9284788 0 0.3713854 0.9284788 0  
			<Tangents>: 32 0 0 1 0 0 1 0 0 1 0 0 1 0 0 -1 0 0 -1 1 0 0 1 0 0 -1 -1.570852E-07 3.927194E-07 1 0 0 1 0 0 0 0 -1 0 0 -1 -1 0 0 -1 0 0 -1 0 0 -1 0 0 -1 0 0 -1 0 0 -1 0 0 -1 0 0 -0.9974521 0.02649422 -0.06623662 -0.9974521 -0.02649438 0.06623702 -0.9284788 -0.3713854 -1.136174E-06 -0.997452 0.02649506 0.06623872 -0.9284788 -0.3713854 -1.136172E-06 -0.9284788 -0.3713854 -7.236713E-12 -0.997452 -0.02649522 -0.06623913 -1 -1.570899E-07 -3.92731E-07 -0.9284788 0.3713854 1.136168E-06 -0.9284788 0.3713854 -7.23672E-12 -0.9284788 0.3713854 1.136165E-06  
			<BiTangents>: 32 0 1 0 0 1 0 0 1 0 0 1 0 0 1 0 0 1 0 0 1 0 0 1 0 -4.229708E-07 0.3713854 -0.9284788 0 1 0 0 1 0 0 1 0 0 1 0 0 1 0 0 1 0 0 1 0 0 1 0 0 0 1 0 0 1 0 0 1 0 0 1 0.07133887 0.3704392 -0.9261132 -0.07133931 0.3704392 -0.9261131 1.054914E-06 4.219585E-07 -1 -0.07134113 -0.3704391 -0.926113 1.054911E-06 4.219576E-07 -1 6.719135E-12 2.68761E-12 -1 0.07134157 -0.3704391 -0.926113 4.229832E-07 -0.3713854 -0.9284788 -1.054908E-06 4.219561E-07 -1 6.719141E-12 -2.687612E-12 -1 -1.054905E-06 4.219552E-07 -1  
			<SubMeshes>: 1
				<SubMesh>: 0 42 1 0 2 1 2 3 9 10 6 9 6 7 11 12 4 11 4 5 13 14 15 13 15 16 17 18 19 17 19 20 21 8 22 25 26 23 27 28 24 29 30 31  
		</Mesh>
		<Materials>: 1
			<Material>: 0
				<AlbedoColor>: 1 1 1 1
				<EmissiveColor>: 0 0 0 0
				<Glossiness>: 0
				<Metallic>: 0
				<SpecularHighlight>: 1
				<GlossyReflection>: 1
				<AlbedoMap>: BLD_BrickHouse1_A
				<MetallicMap>: BLD_BrickHouse1_MS
				<NormalMap>: BLD_BrickHouse1_N
				<EmissionMap>: null
				<DetailAlbedoMap>: DET_Concrete1_A
				<DetailNormalMap>: DET_Concrete1_N
		</Materials>
		<Children>: 0
	</Frame>
</Hierarchy>
