<Hierarchy>:
	<Frame>: 0 5 BrickHouse_Deco_IntColumn_B
		<Transform>: 0 0 0 0 0 0 1 1 1 0 0 0 1  
		<TransformMatrix>: 1 0 0 0 0 1 0 0 0 0 1 0 0 0 0 1  
		<BoxCollider>: 1 1.490116E-08 3.142101 -1.117587E-07 0.3999999 6.284203 0.4000002  
		<Mesh>: 167 BrickHouse_Deco_IntColumn_B
			<Bounds>: 1.490116E-08 3.142101 -1.266599E-07 0.2 3.142101 0.2000001
			<Positions>: 167 -0.1369247 6.284203 -0.174951 0.1749535 6.284203 -0.1369252 0.1749535 6.284203 0.1369262 -0.1369247 6.284203 0.1749521 -0.1749496 6.284203 -0.1369252 0.1369267 6.284203 -0.174951 -0.1749496 6.284203 0.1369262 0.1369267 6.284203 0.1749521 -0.1369247 5.851791 0.1749521 0.1749535 5.851791 -0.1369252 0.1749535 5.851791 0.1369262 -0.1749496 5.851791 0.1369262 0.1369267 5.851791 -0.174951 0.1369267 5.851791 0.1749521 -0.1749496 5.851791 -0.1369252 -0.1369247 5.851791 -0.174951 -0.1369247 5.771538 0.1749521 0.1749535 5.771537 0.1369262 -0.1369247 5.771538 -0.174951 0.1369267 5.771537 0.1749521 0.1749535 5.771537 -0.1369252 0.1369267 5.771537 -0.174951 -0.1749496 5.771538 -0.1369252 -0.1749496 5.771538 0.1369262 0.1118069 5.812733 -0.1428556 -0.111805 5.812733 0.1428566 -0.111805 5.812733 -0.1428556 0.1118069 5.812733 0.1428566 0.1428566 5.812733 -0.1118059 0.1428566 5.812733 0.1118064 -0.1428547 5.812733 0.1118064 -0.1428547 5.812733 -0.1118059 -0.1369247 6.254121 -0.174951 0.1749535 6.254121 -0.1369252 -0.1749496 6.254121 0.1369262 0.1369267 6.254121 0.1749521 -0.1369247 6.254121 0.1749521 0.1749535 6.254121 0.1369262 0.1369267 6.254121 -0.174951 -0.1749496 6.254121 -0.1369252 0.1813119 8.742277E-09 0.2 0.2 7.925395E-09 0.1813119 0.2 5.8 0.1813117 0.1813119 5.8 0.1999997 0.2 -7.925395E-09 -0.1813119 0.1813119 -8.742277E-09 -0.2 0.1813119 5.8 -0.2000002 0.2 5.8 -0.1813122 -0.2 7.925395E-09 0.1813119 -0.1813119 8.742277E-09 0.2 -0.1813119 5.8 0.1999997 -0.2 5.8 0.1813117 -0.1813119 -8.742277E-09 -0.2 -0.2 -7.925395E-09 -0.1813119 -0.2 5.8 -0.1813122 -0.1813119 5.8 -0.2000002 0.1564843 8.742277E-09 0.2 0.1564843 -8.742277E-09 -0.2 0.1564843 5.8 0.1999997 0.1564843 5.8 -0.2000002 -0.1584646 -8.742277E-09 -0.2 -0.1584646 8.742277E-09 0.2 -0.1584646 5.8 0.1999997 -0.1584646 5.8 -0.2000002 0.2 5.8 -0.1644584 0.2 -7.188695E-09 -0.1644582 -0.2 -7.188695E-09 -0.1644582 -0.2 5.8 -0.1644584 0.1813119 5.8 -0.1814093 -0.1813119 5.8 -0.1814093 0.1813119 -7.929644E-09 -0.1814091 -0.1813119 -7.929644E-09 -0.1814091 0.1564843 -7.929644E-09 -0.1814091 0.1564843 5.8 -0.1814093 -0.1584646 -7.929644E-09 -0.1814091 -0.1584646 5.8 -0.1814093 0.2 7.190624E-09 0.1645023 -0.2 7.190624E-09 0.1645023 0.1813119 5.8 0.1814575 0.2 5.8 0.164502 -0.2 5.8 0.164502 -0.1813119 5.8 0.1814575 0.1813119 7.931771E-09 0.1814578 -0.1813119 7.931771E-09 0.1814578 0.1564843 7.931771E-09 0.1814578 0.1564843 5.8 0.1814575 -0.1584646 7.931771E-09 0.1814578 -0.1584646 5.8 0.1814575 0.1369267 6.254121 -0.174951 0.1369267 5.851791 -0.174951 -0.1369247 6.254121 -0.174951 -0.1369247 5.851791 -0.174951 0.1749535 5.851791 -0.1369252 0.1749535 6.254121 -0.1369252 0.1749535 6.254121 0.1369262 0.1428566 5.812733 -0.1118059 -0.1749496 5.851791 0.1369262 -0.1749496 6.254121 0.1369262 0.1118069 5.812733 -0.1428556 -0.111805 5.812733 -0.1428556 0.1369267 5.771537 0.1749521 0.1118069 5.812733 0.1428566 -0.111805 5.812733 0.1428566 -0.1369247 5.771538 0.1749521 -0.1749496 5.771538 0.1369262 -0.1428547 5.812733 0.1118064 0.1369267 5.771537 -0.174951 0.1428566 5.812733 0.1118064 0.1749535 5.851791 0.1369262 0.1749535 5.771537 -0.1369252 -0.1369247 5.771538 -0.174951 -0.1428547 5.812733 0.1118064 0.1369267 6.284203 0.1749521 0.1749535 6.284203 0.1369262 -0.1749496 6.284203 -0.1369252 -0.1749496 6.284203 0.1369262 -0.1369247 6.284203 0.1749521 -0.1749496 6.284203 0.1369262 0.1749535 6.284203 0.1369262 0.1749535 6.284203 -0.1369252 -0.1369247 6.284203 -0.174951 0.1369267 6.284203 -0.174951 0.1749535 6.284203 -0.1369252 0.1369267 6.284203 -0.174951 -0.1369247 6.284203 -0.174951 0.1813119 5.8 -0.2000002 0.2 5.8 -0.1813122 0.2 -7.925395E-09 -0.1813119 0.1813119 -8.742277E-09 -0.2 -0.2 5.8 0.1813117 -0.2 7.925395E-09 0.1813119 0.2 5.8 -0.1644584 0.2 -7.188695E-09 -0.1644582 0.2 -7.925395E-09 -0.1813119 0.2 5.8 -0.1813122 -0.1813119 5.8 -0.2000002 -0.2 5.8 -0.1813122 -0.1584646 5.8 -0.2000002 -0.2 -7.925395E-09 -0.1813119 -0.1813119 -8.742277E-09 -0.2 -0.1584646 -8.742277E-09 -0.2 0.1564843 -8.742277E-09 -0.2 0.1564843 5.8 -0.2000002 -0.1813119 5.8 0.1999997 -0.1813119 8.742277E-09 0.2 -0.2 7.190624E-09 0.1645023 -0.2 5.8 0.164502 0.2 5.8 0.164502 -0.2 5.8 -0.1813122 -0.2 -7.925395E-09 -0.1813119 -0.2 -7.188695E-09 -0.1644582 -0.2 5.8 -0.1644584 0.2 7.190624E-09 0.1645023 0.1813119 8.742277E-09 0.2 0.2 7.925395E-09 0.1813119 0.1813119 5.8 0.1999997 0.2 5.8 0.1813117 0.2 5.8 0.1813117 0.2 7.925395E-09 0.1813119 -0.1813119 5.8 0.1999997 -0.2 5.8 0.1813117 -0.1584646 5.8 0.1999997 0.1564843 8.742277E-09 0.2 -0.2 7.925395E-09 0.1813119 -0.1813119 8.742277E-09 0.2 -0.1584646 8.742277E-09 0.2 0.1564843 5.8 0.1999997  
			<Colors>: 0  
			<TextureCoords0>: 167 0.6654693 0.791081 0.6631284 0.8102807 0.6671955 0.8138493 0.6439286 0.791081 0.6631283 0.78874 0.6654693 0.8079398 0.6462696 0.78874 0.664629 0.8137863 0.6516925 0.8326802 0.678965 0.8332899 0.6668593 0.8325932 0.6495388 0.8328058 0.6237737 0.8341304 0.664733 0.8325098 0.6370692 0.8330733 0.6351171 0.8332442 0.6516184 0.838415 0.6667441 0.838091 0.6352035 0.8380507 0.6646126 0.8381887 0.6788679 0.8379631 0.6809412 0.8378293 0.6371631 0.8381166 0.6494972 0.8383542 0.6804392 0.8356314 0.6520348 0.8356725 0.6351017 0.8356116 0.6642985 0.835144 0.6784764 0.835578 0.6669371 0.8352677 0.6493738 0.8355806 0.6375197 0.8355659 0.633899 0.81643 0.679804 0.815877 0.6489314 0.8154402 0.6646206 0.8152233 0.6514603 0.8153563 0.6671495 0.8152563 0.6222469 0.8173482 0.6363132 0.816273 0.7643762 0.9928388 0.7620034 0.9928388 0.7620033 0.7263889 0.7643761 0.7263889 0.6267061 0.8102825 0.6276079 0.8093806 0.6267061 0.8100961 0.6276079 0.8091943 0.69295 0.9928388 0.7913731 0.9928388 0.791373 0.7263889 0.69295 0.726389 0.7123749 0.9928388 0.7100433 0.9928388 0.7100433 0.726389 0.7123749 0.726389 0.7662246 0.9928388 0.6276079 0.8081825 0.7662244 0.7263889 0.625508 0.8100961 0.7141485 0.9928388 0.7896721 0.9928388 0.789672 0.7263889 0.7141485 0.726389 0.6276079 0.808381 0.6258928 0.8102825 0.6258928 0.7909796 0.608305 0.808381 0.6267061 0.809199 0.6092069 0.809199 0.6267108 0.8093807 0.6267108 0.7918814 0.6267108 0.8081825 0.625508 0.809199 0.6267108 0.7929839 0.6103095 0.809199 0.7611204 0.9928388 0.6937424 0.9928388 0.6267061 0.791688 0.7611204 0.7263889 0.6937423 0.726389 0.6092068 0.791688 0.6091998 0.8093807 0.6091998 0.7918814 0.6091999 0.8081825 0.625508 0.791688 0.6091998 0.792984 0.6103094 0.791688 0.6821845 0.8160177 0.681051 0.8334961 0.633899 0.81643 0.6351171 0.8332442 0.678965 0.8332899 0.679804 0.815877 0.6671495 0.8152563 0.6784764 0.835578 0.6495388 0.8328058 0.6489314 0.8154402 0.6247985 0.8359039 0.6351017 0.8356116 0.6646126 0.8381887 0.6642985 0.835144 0.6520348 0.8356725 0.6516184 0.838415 0.6494972 0.8383542 0.6493738 0.8355806 0.6238712 0.8377905 0.6669371 0.8352677 0.6668593 0.8325932 0.6788679 0.8379631 0.6352035 0.8380507 0.6493738 0.8355806 0.6439286 0.8079397 0.6462696 0.8102807 0.636211 0.8149102 0.648864 0.8140317 0.6514214 0.8139251 0.648864 0.8140317 0.6671955 0.8138493 0.6798769 0.8145128 0.6338041 0.8151135 0.6822758 0.8146759 0.6798769 0.8145128 0.6221423 0.8160672 0.6338041 0.8151135 0.7405249 0.726389 0.7429571 0.726389 0.7429572 0.9928388 0.7405249 0.9928388 0.7927642 0.7263889 0.7927644 0.9928388 0.7438424 0.726389 0.7438425 0.9928388 0.7429572 0.9928388 0.7429571 0.726389 0.6092069 0.8100961 0.608305 0.8091943 0.6103095 0.8100961 0.6267061 0.7909796 0.6276079 0.7918814 0.6276079 0.7929839 0.7385976 0.9928388 0.7385975 0.726389 0.791373 0.7263889 0.7913731 0.9928388 0.610018 0.7909796 0.608305 0.7925062 0.6276079 0.7925062 0.7100433 0.726389 0.7100433 0.9928388 0.7092488 0.9928388 0.7092488 0.726389 0.6100181 0.8102825 0.608305 0.8093807 0.6092069 0.8102825 0.6267061 0.7907932 0.6276079 0.7916951 0.7620033 0.7263889 0.7620034 0.9928388 0.6092069 0.7907932 0.608305 0.7916951 0.6103094 0.7907932 0.6083051 0.8081825 0.6092069 0.7909796 0.608305 0.7918814 0.608305 0.7929839 0.625508 0.7907932  
			<TextureCoords1>: 167 0.003906254 0.3099633 0.0104074 0.2566426 0.004220768 0.4649563 0.06372797 0.3099633 0.0104074 0.3164643 0.00390625 0.2631439 0.05722681 0.3164643 0.00390625 0.4749166 0.07725504 0.5223635 0.02341417 0.658023 0.02147793 0.546636 0.07915244 0.5311279 0.02382381 0.6665081 0.07598971 0.4783566 0.07576162 0.6452623 0.0214011 0.7144088 0.09486045 0.5234654 0.00390625 0.546636 0.00390625 0.7128866 0.09415054 0.4765129 0.006034736 0.6578382 0.004422285 0.6653326 0.09516285 0.6464379 0.08674543 0.46105 0.01436284 0.667864 0.08584173 0.519294 0.0120448 0.7092133 0.08526193 0.4809552 0.01432189 0.6598324 0.01283474 0.5509306 0.07683805 0.46105 0.0852225 0.6439065 0.09054211 0.7136719 0.09020312 0.6578789 0.009594785 0.5346358 0.009420008 0.4750252 0.009301728 0.5251361 0.09026284 0.546636 0.09023374 0.6668876 0.00935166 0.6448828 0.9955118 0.9340972 0.9955126 0.9295788 0.003907021 0.9295788 0.003906269 0.9340972 0.06909783 0.3926634 0.07229288 0.3958585 0.003906257 0.3235656 0.007101286 0.3203706 0.995512 0.7887363 0.9955119 0.7842178 0.00390625 0.7842178 0.003906304 0.7887363 0.00390625 0.9211541 0.003906304 0.9256725 0.9955118 0.9256725 0.9955117 0.9211541 0.9955118 0.9383419 0.07229286 0.4001032 0.003906265 0.9383419 0.00390625 0.3278103 0.003906253 0.917248 0.9955118 0.9921876 0.00390625 0.9921876 0.9955117 0.917248 0.009982708 0.3203706 0.06621639 0.3926635 0.06621639 0.46105 0.009982748 0.3887572 0.00708467 0.3235656 0.007084688 0.3855621 0.06911445 0.3958585 0.06911443 0.457855 0.06911445 0.4001032 0.00708467 0.3278103 0.06911443 0.4539489 0.007084685 0.3816561 0.003906269 0.7211889 0.995512 0.7916101 0.06912275 0.3235656 0.9955119 0.7211889 0.0039063 0.7916102 0.06912277 0.3855621 0.00707638 0.3958585 0.007076358 0.457855 0.007076378 0.4001032 0.06912275 0.3278103 0.007076361 0.4539489 0.06912277 0.3816559 0.09023374 0.6668876 0.02382381 0.6665081 0.009382277 0.6538913 0.07617123 0.6537473 0.0214779 0.5934554 0.09026282 0.5934554 0.009790263 0.465147 0.01283472 0.5891609 0.07818428 0.5973617 0.009043313 0.5980985 0.01436284 0.667864 0.08526344 0.6519381 0.008582614 0.53872 0.01665304 0.5444669 0.07619913 0.4535699 0.085963 0.4518895 0.09567906 0.5988837 0.08754054 0.6025572 0.004422285 0.6653326 0.08756955 0.473365 0.07810837 0.469557 0.003906287 0.5934554 0.09355047 0.653932 0.08874949 0.5269638 0.06372796 0.2631439 0.05722674 0.2566426 0.004259304 0.6449035 0.00390625 0.5981373 0.00390625 0.5252129 0.004224281 0.5348137 0.09540574 0.546636 0.09540572 0.5934554 0.004331818 0.653932 0.0953261 0.6668669 0.09525345 0.6578382 0.0953261 0.6668669 0.0956792 0.7136332 0.9955117 0.8591576 0.9955125 0.8546391 0.003907024 0.8546391 0.003906272 0.8591576 0.003906304 0.7887363 0.995512 0.7887363 0.9955119 0.7774301 0.00390625 0.7774301 0.003906261 0.7803115 0.9955119 0.7803116 0.003906257 0.3855621 0.007101309 0.3887572 0.003906266 0.381656 0.06909782 0.46105 0.07229286 0.457855 0.07229285 0.4539489 0.00390627 0.8634022 0.9955117 0.8634022 0.003906259 0.9960938 0.9955118 0.9960938 0.009975194 0.46105 0.06622395 0.3887571 0.06622388 0.3203706 0.003906315 0.8507328 0.9955121 0.8507328 0.995512 0.8478514 0.003906287 0.8478515 0.009975202 0.3926634 0.003906271 0.3958585 0.007101315 0.3926634 0.07229286 0.3235656 0.06909778 0.3203706 0.9955119 0.718315 0.003906272 0.718315 0.07229288 0.3855621 0.06909784 0.3887571 0.07229286 0.3816559 0.00390628 0.4001032 0.007101299 0.46105 0.00390625 0.457855 0.003906264 0.4539489 0.07229284 0.3278103  
			<Normals>: 167 -0.2971048 0.6302528 -0.7172937 0.7172937 0.6302528 -0.2971048 0.7172937 0.6302528 0.2971048 -0.2971048 0.6302528 0.7172937 -0.7172937 0.6302528 -0.2971048 0.2971048 0.6302528 -0.7172937 -0.7172937 0.6302528 0.2971048 0.2971048 0.6302528 0.7172937 -0.369838 -0.3562262 0.8580924 0.8580831 -0.3562528 -0.369834 0.8580831 -0.3562528 0.369834 -0.8581005 -0.3562169 0.3698283 0.3698283 -0.3562169 -0.8581005 0.369834 -0.3562528 0.8580831 -0.8581005 -0.3562169 -0.3698283 -0.369838 -0.3562262 -0.8580924 -0.3002515 0.6934045 0.6550109 0.6549971 0.6934204 0.3002451 -0.3002515 0.6934045 -0.6550109 0.3002515 0.6934045 0.6550109 0.6549971 0.6934204 -0.3002451 0.3002515 0.6934045 -0.6550109 -0.6550109 0.6934045 -0.3002515 -0.6550109 0.6934045 0.3002515 0.3242326 -0.01605293 -0.9458412 -0.3242599 -0.01605277 0.9458318 -0.3242599 -0.01605277 -0.9458318 0.3242326 -0.01605293 0.9458412 0.9458286 -0.01605324 -0.3242693 0.9458318 -0.01605277 0.3242599 -0.9458412 -0.01605293 0.3242326 -0.9458412 -0.01605293 -0.3242326 -0.3826815 0 -0.9238803 0.9238803 0 -0.3826815 -0.9238803 0 0.3826815 0.3826815 0 0.9238803 -0.3826815 0 0.9238803 0.9238803 0 0.3826815 0.3826815 0 -0.9238803 -0.9238803 0 -0.3826815 0.3826815 0 0.9238803 0.9238803 0 0.3826815 0.9238803 0 0.3826815 0.3826815 0 0.9238803 0 -1 0 0 -1 0 0 1 0 0 1 0 -0.9238803 0 0.3826815 -0.3826815 0 0.9238803 -0.3826815 0 0.9238803 -0.9238803 0 0.3826815 -0.3826815 0 -0.9238803 -0.9238803 0 -0.3826815 -0.9238803 0 -0.3826815 -0.3826815 0 -0.9238803 0 0 1 0 -1 0 0 0 1 0 1 0 0 0 -1 0 0 1 0 0 1 0 0 -1 0 1 0 0 -1 0 0 -1 0 0 1 0 0 1 0 0 1 0 0 -1 0 0 -1 0 0 -1 0 0 1 0 0 -1 0 0 1 0 1 0 0 -1 0 0 0 1 0 1 0 0 -1 0 0 0 1 0 0 -1 0 0 -1 0 0 -1 0 0 1 0 0 -1 0 0 1 0 0.3826815 0 -0.9238803 0.3698283 -0.3562169 -0.8581005 -0.3826815 0 -0.9238803 -0.369838 -0.3562262 -0.8580924 0.8580831 -0.3562528 -0.369834 0.9238803 0 -0.3826815 0.9238803 0 0.3826815 0.9458286 -0.01605324 -0.3242693 -0.8581005 -0.3562169 0.3698283 -0.9238803 0 0.3826815 0.3242326 -0.01605293 -0.9458412 -0.3242599 -0.01605277 -0.9458318 0.3002515 0.6934045 0.6550109 0.3242326 -0.01605293 0.9458412 -0.3242599 -0.01605277 0.9458318 -0.3002515 0.6934045 0.6550109 -0.6550109 0.6934045 0.3002515 -0.9458412 -0.01605293 0.3242326 0.3002515 0.6934045 -0.6550109 0.9458318 -0.01605277 0.3242599 0.8580831 -0.3562528 0.369834 0.6549971 0.6934204 -0.3002451 -0.3002515 0.6934045 -0.6550109 -0.9458412 -0.01605293 0.3242326 0.2971048 0.6302528 0.7172937 0.7172937 0.6302528 0.2971048 -0.7172937 0.6302528 -0.2971048 -0.7172937 0.6302528 0.2971048 -0.2971048 0.6302528 0.7172937 -0.7172937 0.6302528 0.2971048 0.7172937 0.6302528 0.2971048 0.7172937 0.6302528 -0.2971048 -0.2971048 0.6302528 -0.7172937 0.2971048 0.6302528 -0.7172937 0.7172937 0.6302528 -0.2971048 0.2971048 0.6302528 -0.7172937 -0.2971048 0.6302528 -0.7172937 0.3826815 0 -0.9238803 0.9238803 0 -0.3826815 0.9238803 0 -0.3826815 0.3826815 0 -0.9238803 -0.9238803 0 0.3826815 -0.9238803 0 0.3826815 1 0 0 1 0 0 0.9238803 0 -0.3826815 0.9238803 0 -0.3826815 0 1 0 0 1 0 0 1 0 0 -1 0 0 -1 0 0 -1 0 0 0 -1 0 0 -1 -0.3826815 0 0.9238803 -0.3826815 0 0.9238803 0 -1 0 0 1 0 0 1 0 -0.9238803 0 -0.3826815 -0.9238803 0 -0.3826815 -1 0 0 -1 0 0 0 -1 0 0 -1 0 0 -1 0 0 1 0 0 1 0 0.9238803 0 0.3826815 0.9238803 0 0.3826815 0 1 0 0 1 0 0 1 0 0 -1 0 0 -1 0 0 -1 0 0 -1 0 0 1 0  
			<Tangents>: 167 0.3058557 -0.6488163 -0.6967709 -0.2231911 -0.1961045 -0.9548449 0.5110739 -0.1860734 -0.8391545 -0.3058579 0.6488153 -0.6967709 0.2231895 -0.1961064 -0.9548449 -0.3058576 -0.6488154 -0.6967709 -0.2231895 0.1961064 -0.9548449 0.9520122 -0.1377037 -0.273332 0.9288666 -0.1212286 0.3500151 -0.4131276 -0.05117775 -0.9092339 0.362714 -0.08932611 -0.9276095 0.4507811 -0.1777062 0.8747668 -0.9265526 -0.2097504 -0.312258 0.9279786 0.09631733 -0.3599705 -0.3463573 -0.1301763 0.9290268 -0.9262436 0.06904631 0.3705474 0.9537311 0.2069453 0.2181068 0.2903606 0.135868 -0.9472226 -0.9536775 -0.2316594 0.1919196 0.9532159 -0.2433527 -0.1793292 -0.5471531 0.1611904 -0.8213654 -0.7725501 -0.2259962 -0.5933735 -0.2606563 0.1656208 0.9511194 0.5777026 0.2034238 0.7904925 -0.9458037 0.01366005 -0.3244516 0.9458028 -0.02418588 0.3238395 -0.945208 -0.03457323 0.3246329 0.9457899 -0.01440682 -0.3244596 -0.3237429 0.02864256 -0.9457114 0.3243622 0.004170948 -0.9459237 0.3237571 0.02653808 0.945768 -0.3242928 0.001225818 0.945956 -0.9204204 -0.08646324 0.3812484 -0.3818575 0.06558739 -0.921891 0.382385 -0.03935834 0.9231645 0.9238534 -0.007628983 -0.3826704 0.9237365 -0.01764291 0.382622 0.3820213 0.05871629 -0.9222863 -0.9205038 -0.08541685 -0.381283 -0.3819666 -0.06109948 0.9221542 -0.9238803 -2.139302E-07 0.3826815 -0.3826815 -3.816787E-07 0.9238803 -0.3826815 -1.107229E-09 0.9238803 -0.9238803 0 0.3826815 5.86667E-06 0 -1 1.167174E-05 0 -1 1 0 3.111079E-06 1 0 1.136395E-05 -0.3826815 0 -0.9238803 -0.9238803 0 -0.3826815 -0.9238803 2.64915E-05 -0.3826815 -0.3826815 0 -0.9238803 0.9238803 0 -0.3826815 0.3826815 0 -0.9238803 0.3826815 0 -0.9238803 0.9238803 0 -0.3826815 -1 -6.593802E-08 0 0 0 -1 -1 -1.909282E-06 0 1 0 0 1 0 0 -1 0 0 -1 -1.854148E-06 0 1 0 0 1 0 5.026191E-06 7.994817E-07 0 -1 1.931882E-07 0 -1 1 0 -5.026199E-06 1 0 1.753132E-06 1 0 -1.856473E-06 1.242305E-06 0 -1 0 0 -1 4.330874E-07 0 -1 1 0 0 7.569298E-07 0 -1 1 0 0 0 -1.876179E-06 1 0 0 -1 1 0 -2.902724E-07 0 -3.684702E-06 1 0 0 -1 1 0 3.077513E-07 -6.040962E-07 0 -1 5.287493E-07 0 -1 2.84912E-08 0 -1 1 0 0 -3.875583E-07 0 -1 1 0 0 -0.9217893 0.06724228 -0.3818154 -0.8638139 0.208269 -0.4587479 -0.9211985 -0.07613826 0.3815707 -0.867359 -0.198673 0.4563085 -0.3197164 0.1929446 -0.9276604 -0.3820671 0.05664838 -0.9223967 0.3826266 0.01694233 -0.9237477 -0.3234498 0.03979317 -0.9454082 0.3563924 0.1053312 0.9283802 0.3815785 -0.07587304 0.9212172 -0.9459646 -0.01069345 -0.3240935 -0.9451966 -0.0348745 0.324634 0.8047024 0.184571 -0.5642584 0.9455833 0.0343574 -0.3235611 0.9451913 0.03501045 0.3246345 0.8205065 -0.1624377 0.5480723 0.2093068 -0.2153101 0.9538513 0.3242876 -0.000878098 0.9459581 -0.9535157 0.2366385 -0.1865744 0.3246456 0.05512224 -0.9442281 0.4473063 0.1648237 -0.8790621 -0.2228111 -0.2024405 -0.9536105 -0.8062015 0.1825268 0.5627816 0.3243471 -0.00506671 0.9459245 0.3058516 0.6488182 -0.6967709 0.2231875 0.1961087 -0.9548449 -0.3098554 0.09338968 0.946186 0.1878399 -0.2357035 0.9534988 0.9508169 0.1263506 0.2828123 0.5013741 0.1707643 0.8482119 0.1979594 0.2244961 -0.9541559 -0.2510166 -0.1640302 -0.9539836 -0.8632372 0.1437813 0.4838889 -0.8548008 -0.1591933 -0.4939363 -0.5408422 0.2347845 -0.8076918 -0.9529549 0.1484767 -0.2642567 -0.9530387 -0.2419189 0.1821881 0.9238803 0 0.3826815 0.3826815 0 0.9238803 0.3826815 0 0.9238803 0.9238803 0 0.3826815 -0.3826815 2.656857E-05 -0.9238803 -0.3826815 7.707201E-08 -0.9238803 0 -3.75188E-06 1 0 -1.943603E-06 1 0.3826815 0 0.9238803 0.3826815 0 0.9238803 1 0 -3.302422E-06 1 0 -1.136395E-05 1 0 0 1.83212E-05 0 -1 1.86915E-06 0 -1 0 0 -1 1 0 0 1 0 0 -0.9238803 0 -0.3826815 -0.9238803 0 -0.3826815 0 0 -1 1 0 7.625484E-07 1 0 -7.62548E-07 0.3826815 0 -0.9238803 0.3826815 0 -0.9238803 0 0 -1 0 0 -1 -1.060389E-06 0 -1 -1.505649E-05 0 -1 0 0 -1 1 0 -1.524198E-06 1 0 -5.478845E-06 -0.3826815 0 0.9238803 -0.3826815 0 0.9238803 1 0 1.61883E-06 1 0 5.478845E-06 1 0 0 -4.969006E-07 0 -1 0 0 -1 -5.130035E-06 0 -1 -1.607189E-05 0 -1 1 0 0  
			<BiTangents>: 167 -0.9045336 -0.4264023 6.747544E-10 -0.6600572 0.7512152 2.302619E-06 -0.4735962 0.7537626 -0.455575 -0.9045329 -0.4264039 1.690317E-06 -0.6600578 -0.7512148 6.269108E-09 -0.904533 0.4264037 1.448287E-06 -0.6600578 -0.7512148 -6.269108E-09 -0.07349426 0.7640806 -0.6409209 -0.02065921 0.9265023 0.3757216 0.3049899 0.932987 -0.1910927 0.3634994 0.93011 0.05256867 -0.2458859 0.9173495 0.3130656 -0.0687554 0.9105572 -0.4076253 0.04559226 0.9294121 0.3662165 -0.3790779 0.9252911 -0.01167401 -0.07275059 0.9318452 -0.3554882 0.01568484 0.6901911 -0.7234571 -0.6976171 0.7076073 -0.1123488 -0.01866153 0.6822933 0.7308404 0.035051 0.6782106 -0.7340312 -0.5211549 0.7022719 0.4849863 -0.5594778 0.68419 0.467834 0.7092384 0.701256 0.07225681 0.4870528 0.6912373 -0.5338265 0.01812864 0.9997779 -0.01075389 0.01767725 0.9995786 0.02302527 -0.03791172 0.9992732 -0.003962496 0.0188351 0.9997674 0.01051154 0.02446963 0.9994608 0.02189383 0.01383223 0.9998625 0.009151929 -0.02378686 0.9995189 -0.01990355 -0.01478792 0.9998704 -0.00636528 -0.07988168 0.996255 0.03308788 0.02509909 0.9978468 0.06059491 0.01506171 0.9992252 0.0363624 0.007048267 0.9999709 -0.002919471 0.01629994 0.9998444 0.006751617 -0.02246964 0.9982747 0.05424683 -0.07891495 0.9963453 -0.03268746 -0.02338164 0.9981317 0.05644861 -1.976459E-07 1 8.186716E-08 -1.460614E-07 1 3.526254E-07 -4.237159E-10 1 1.022947E-09 0 1 0 -1 0 -5.86667E-06 -1 0 -1.167174E-05 -3.111079E-06 0 1 -1.136395E-05 0 1 0 1 0 0 1 0 2.447498E-05 1 1.013781E-05 0 1 0 0 1 0 0 1 0 0 1 0 0 1 0 -6.593802E-08 1 0 -1 0 0 -1.909282E-06 1 0 0 0 1 0 1 0 0 1 0 -1.854148E-06 1 0 0 1 0 -5.026191E-06 0 1 -1 0 -7.994817E-07 -1 0 -1.931882E-07 5.026199E-06 0 1 -1.753132E-06 0 1 1.856473E-06 0 1 -1 0 -1.242305E-06 -1 0 0 -1 0 -4.330874E-07 0 0 1 -1 0 -7.569298E-07 0 0 1 0 1 1.876179E-06 0 1 0 2.902724E-07 0 1 0 1 3.684702E-06 0 1 0 -3.077513E-07 0 1 -1 0 6.040962E-07 -1 0 -5.287493E-07 -1 0 -2.84912E-08 0 0 1 -1 0 3.875583E-07 0 0 1 0.06212382 0.9977367 0.02573238 0.3421295 0.9108971 -0.2306813 -0.07034264 0.9970973 0.02913671 -0.3330289 0.9130344 -0.2354992 0.4018391 0.9142517 0.05166261 0.02167829 0.9983942 0.05233632 -0.006483519 0.9998565 0.01565269 0.02808056 0.999079 0.0324451 -0.3696592 0.9284475 0.03656821 0.02903521 0.9971175 0.07009761 -0.004911652 0.999814 -0.01865267 -0.03819669 0.9992628 -0.003864623 -0.5121554 0.6965083 -0.5025666 -0.02730253 0.9992806 0.02631917 -0.03832528 0.999258 0.003820457 0.4864343 0.7020001 -0.5201707 0.7260519 0.6876276 -0.004103835 -0.01490069 0.9998708 0.006036309 0.02562921 0.6805824 0.7322232 -0.002716454 0.9983506 0.05734783 0.252211 0.9197375 0.3007866 -0.7220348 0.69151 0.02190383 0.5097923 0.6970468 0.5042198 -0.01354207 0.9998583 0.009999027 -0.9045349 0.4263994 3.15941E-06 -0.6600584 0.7512142 2.920151E-06 0.6240829 0.7707528 0.1282994 0.670974 0.7397467 0.05068201 0.08761282 0.7660397 -0.6367943 0.483853 0.7573776 -0.4384806 -0.6680583 0.7432247 0.03626519 -0.649985 0.7588646 0.04054612 0.4081057 0.7629602 0.5013395 -0.4254932 0.759894 0.4914435 -0.4392944 0.740039 0.5092767 -0.06004714 0.7620605 0.6447157 -0.05870231 0.7377376 0.6725306 0 1 0 0 1 0 0 1 0 0 1 0 1.01673E-05 1 2.454618E-05 2.949404E-08 1 7.120531E-08 0 1 3.75188E-06 0 1 1.943603E-06 0 1 0 0 1 0 3.302422E-06 0 1 1.136395E-05 0 1 0 0 1 -1 0 -1.83212E-05 -1 0 -1.86915E-06 -1 0 0 0 1 0 0 1 0 0 1 0 0 1 0 -1 0 0 -7.625484E-07 0 1 7.62548E-07 0 1 0 1 0 0 1 0 0 1 0 0 1 0 -1 0 1.060389E-06 -1 0 1.505649E-05 -1 0 0 1.524198E-06 0 1 5.478845E-06 0 1 0 1 0 0 1 0 -1.61883E-06 0 1 -5.478845E-06 0 1 0 0 1 -1 0 4.969006E-07 -1 0 0 -1 0 5.130035E-06 -1 0 1.607189E-05 0 0 1  
			<SubMeshes>: 1
				<SubMesh>: 0 486 38 12 15 38 15 32 88 33 9 88 9 89 39 90 91 39 91 14 37 10 92 37 92 93 36 8 13 36 13 35 35 94 2 35 2 7 89 9 28 89 28 24 10 29 95 10 95 92 36 34 11 36 11 8 39 14 96 39 96 97 12 98 26 12 26 15 14 91 99 14 99 31 25 16 19 25 19 27 100 17 29 100 29 101 102 30 23 102 23 103 31 22 104 31 104 105 24 28 20 24 20 21 98 106 18 98 18 26 27 107 108 27 108 13 14 31 105 14 105 96 29 17 109 29 109 95 31 99 110 31 110 22 8 25 27 8 27 13 8 11 111 8 111 25 0 4 6 0 6 3 1 5 112 1 112 113 5 0 3 5 3 112 114 39 97 114 97 115 116 117 34 116 34 36 13 108 94 13 94 35 116 36 35 116 35 7 118 37 93 118 93 119 114 120 90 114 90 39 121 122 33 121 33 88 123 38 32 123 32 124 70 45 44 70 44 65 80 77 48 80 48 51 68 64 47 68 47 46 58 56 40 58 40 43 63 60 52 63 52 55 40 41 42 40 42 43 125 126 127 125 127 128 54 55 52 54 52 53 50 129 130 50 130 49 131 132 133 131 133 134 69 135 136 69 136 67 75 137 135 75 135 69 72 57 45 72 45 70 66 138 139 66 139 71 74 140 57 74 57 72 68 46 59 68 59 73 125 128 141 125 141 142 62 61 56 62 56 58 143 144 61 143 61 62 71 139 140 71 140 74 73 59 137 73 137 75 142 141 60 142 60 63 85 73 75 85 75 87 83 71 74 83 74 86 78 68 73 78 73 85 86 74 72 86 72 84 145 66 71 145 71 83 84 72 70 84 70 82 87 75 69 87 69 81 81 69 67 81 67 146 79 76 132 79 132 131 78 147 64 78 64 68 148 149 150 148 150 151 82 70 65 82 65 152 153 82 152 153 152 154 155 156 147 155 147 78 157 158 76 157 76 79 159 81 146 159 146 160 161 87 81 161 81 159 162 84 82 162 82 153 163 145 83 163 83 164 165 86 84 165 84 162 155 78 85 155 85 166 164 83 86 164 86 165 166 85 87 166 87 161 151 150 77 151 77 80  
		</Mesh>
		<Materials>: 1
			<Material>: 0
				<AlbedoColor>: 1 1 1 1
				<EmissiveColor>: 0 0 0 0
				<Glossiness>: 0
				<Metallic>: 0
				<SpecularHighlight>: 1
				<GlossyReflection>: 1
				<AlbedoMap>: BLD_BrickHouse1_A
				<MetallicMap>: BLD_BrickHouse1_MS
				<NormalMap>: BLD_BrickHouse1_N
				<EmissionMap>: null
				<DetailAlbedoMap>: DET_Concrete1_A
				<DetailNormalMap>: DET_Concrete1_N
		</Materials>
		<Children>: 0
	</Frame>
</Hierarchy>
