<Hierarchy>:
	<Frame>: 0 5 BrickHouse_Floor_End_A
		<Transform>: 0 0 0 0 0 0 1 1 1 0 0 0 1  
		<TransformMatrix>: 1 0 0 0 0 1 0 0 0 0 1 0 0 0 0 1  
		<BoxCollider>: 1 1.1 -0.05 0 2.2 0.3000005 11.2  
		<Mesh>: 72 BrickHouse_Floor_End_A
			<Bounds>: 1.1 -0.05 0 1.1 0.1500002 5.6
			<Positions>: 72 2.2 0.1 -4.371139E-09 2.2 0.1000002 5.6 2.2 0.09999976 -5.6 2.2 -0.1999998 5.6 2.2 -0.2000002 -5.6 0 -0.2000002 -5.6 0 0.1 -4.371139E-09 0 -0.1999998 5.6 0 0.09999976 -5.6 0 0.1000002 5.6 0.2831694 0.1000002 5.316831 1.916831 0.1000002 5.316831 1.916831 0.1 -4.371139E-09 1.916831 0.09999977 -5.316831 0.2831694 0.09999977 -5.316831 0.2831694 0.1 -4.371139E-09 2.2 -0.2 -3.156538E-08 0 -0.2 -3.156538E-08 0.2831694 -0.1999998 5.316831 1.916831 -0.1999998 5.316831 1.916831 -0.2 -3.156538E-08 1.916831 -0.2000002 -5.316831 0.2831694 -0.2000002 -5.316831 0.2831694 -0.2 -3.156538E-08 0.2831694 0.1000002 5.316831 0 0.1000002 5.6 2.2 0.1000002 5.6 1.916831 0.1000002 5.316831 1.916831 0.1 -4.371139E-09 2.2 0.09999976 -5.6 1.916831 0.09999977 -5.316831 1.916831 0.1000002 5.316831 2.2 0.1000002 5.6 1.916831 0.09999977 -5.316831 2.2 0.09999976 -5.6 0 0.09999976 -5.6 0.2831694 0.09999977 -5.316831 0.2831694 0.1 -4.371139E-09 0 0.1000002 5.6 0.2831694 0.1000002 5.316831 0 0.09999976 -5.6 0 -0.2000002 -5.6 0 0.1 -4.371139E-09 2.2 0.09999976 -5.6 2.2 0.1 -4.371139E-09 2.2 -0.2000002 -5.6 0 -0.1999998 5.6 0 0.1000002 5.6 2.2 0.1000002 5.6 2.2 -0.1999998 5.6 0.2831694 -0.1999998 5.316831 1.916831 -0.1999998 5.316831 2.2 -0.1999998 5.6 0 -0.1999998 5.6 1.916831 -0.2 -3.156538E-08 1.916831 -0.2000002 -5.316831 2.2 -0.2000002 -5.6 2.2 -0.2 -3.156538E-08 1.916831 -0.1999998 5.316831 2.2 -0.1999998 5.6 1.916831 -0.2000002 -5.316831 0.2831694 -0.2000002 -5.316831 0 -0.2000002 -5.6 2.2 -0.2000002 -5.6 0.2831694 -0.2 -3.156538E-08 0 -0.2 -3.156538E-08 0.2831694 -0.1999998 5.316831 0 -0.1999998 5.6 0.2831694 0.09999977 -5.316831 0 0.09999976 -5.6 0.2831694 -0.2000002 -5.316831 0 -0.2000002 -5.6  
			<Colors>: 0  
			<TextureCoords0>: 72 0.3992829 0.8793747 0.5954832 0.8668457 0.3453535 0.8525123 0.5954832 0.8525123 0.3453535 0.8668457 0.206393 0.8668457 0.3992829 0.8793747 0.4565224 0.8525122 0.206393 0.8525122 0.4565224 0.8668457 0.2057455 0.986912 0.2057455 0.9331015 0.3971353 0.9331015 0.5885251 0.9331015 0.5885251 0.9869119 0.3971353 0.986912 0.400938 0.8668457 0.400938 0.8525122 0.2057455 0.986912 0.2057455 0.9331015 0.3971353 0.9331015 0.5885251 0.9331015 0.5885251 0.9869119 0.3971353 0.986912 0.5025232 0.8934032 0.4927034 0.8793748 0.5934798 0.8793746 0.5836601 0.8934031 0.3992829 0.8934031 0.5934798 0.8793746 0.5836601 0.893403 0.2149058 0.8934031 0.205086 0.8793747 0.5025232 0.8934031 0.4927034 0.8793747 0.5934798 0.8793746 0.5836601 0.893403 0.3992829 0.8934031 0.205086 0.8793747 0.2149058 0.8934031 0.206393 0.8668457 0.206393 0.8525122 0.400938 0.8668457 0.206393 0.8525122 0.400938 0.8525122 0.206393 0.8668457 0.5954832 0.8525122 0.5954832 0.8668457 0.5954832 0.8525122 0.5954832 0.8668457 0.5025232 0.8934032 0.5836601 0.8934031 0.5934798 0.8793746 0.4927034 0.8793748 0.3992829 0.8934031 0.5836601 0.893403 0.5934798 0.8793746 0.3992829 0.8793747 0.2149058 0.8934031 0.205086 0.8793747 0.5025232 0.8934031 0.5836601 0.893403 0.5934798 0.8793746 0.4927034 0.8793747 0.3992829 0.8934031 0.3992829 0.8793747 0.2149058 0.8934031 0.205086 0.8793747 0.5836601 0.893403 0.5934798 0.8793746 0.5836601 0.893403 0.5934798 0.8793746  
			<TextureCoords1>: 72 0.5000299 0.5414072 0.1988119 0.5109228 0.00390625 0.4804385 0.1988121 0.5375009 0.003906392 0.5070165 0.1988121 0.5070165 0.5000303 0.736313 0.003906392 0.5375009 0.1988119 0.4804385 0.00390625 0.5109228 0.9710667 0.711226 0.9710667 0.5664941 0.5000299 0.5664941 0.02899323 0.5664941 0.02899323 0.711226 0.5000303 0.711226 0.5000302 0.7972816 0.5000302 0.7667973 0.02899344 0.9710068 0.02899346 0.8262749 0.5000302 0.826275 0.9710671 0.8262749 0.9710671 0.9710068 0.5000302 0.9710067 0.9710667 0.711226 0.9961537 0.7363129 0.9961537 0.5414071 0.9710667 0.5664941 0.5000299 0.5664941 0.00390625 0.5414071 0.02899323 0.5664941 0.9710667 0.5664941 0.9961537 0.5414071 0.02899323 0.5664941 0.00390625 0.5414071 0.003906267 0.736313 0.02899323 0.711226 0.5000303 0.711226 0.9961537 0.7363129 0.9710667 0.711226 0.00390625 0.7402192 0.00390648 0.7667973 0.5000299 0.7402192 0.996154 0.7707036 0.5000302 0.7707036 0.996154 0.7972817 0.9961538 0.7667973 0.9961536 0.7402192 0.003906259 0.7707036 0.00390625 0.7972816 0.02899344 0.9710068 0.02899346 0.8262749 0.00390625 0.801188 0.003906449 0.9960937 0.5000302 0.826275 0.9710671 0.8262749 0.9961541 0.8011879 0.5000302 0.801188 0.02899346 0.8262749 0.00390625 0.801188 0.9710671 0.8262749 0.9710671 0.9710068 0.9961543 0.9960938 0.9961541 0.8011879 0.5000302 0.9710067 0.5000302 0.9960937 0.02899344 0.9710068 0.003906449 0.9960937 0.02899323 0.711226 0.003906267 0.736313 0.9710671 0.9710068 0.9961543 0.9960938  
			<Normals>: 72 0 1 0 0 0 1 0 0 -1 0 0 1 0 0 -1 0 0 -1 0 1 0 0 0 1 0 0 -1 0 0 1 0 1 0 0 1 0 0 1 0 0 1 0 0 1 0 0 1 0 1 0 0 -1 0 0 0 -1 0 0 -1 0 0 -1 0 0 -1 0 0 -1 0 0 -1 0 0 1 0 0 1 0 0 1 0 0 1 0 0 1 0 0 1 0 0 1 0 0 1 0 0 1 0 0 1 0 0 1 0 0 1 0 0 1 0 0 1 0 0 1 0 0 1 0 -1 0 0 -1 0 0 -1 0 0 1 0 0 1 0 0 1 0 0 -1 0 0 -1 0 0 1 0 0 1 0 0 0 -1 0 0 -1 0 0 -1 0 0 -1 0 0 -1 0 0 -1 0 0 -1 0 0 -1 0 0 -1 0 0 -1 0 0 -1 0 0 -1 0 0 -1 0 0 -1 0 0 -1 0 0 -1 0 0 -1 0 0 -1 0 0 1 0 0 1 0 0 -1 0 0 -1 0  
			<Tangents>: 72 -9.634961E-08 0 -1 1 -4.252946E-07 0 1 1.417649E-07 0 1 -4.252946E-07 0 1 1.417649E-07 0 1 1.417649E-07 0 1.096476E-07 0 -1 1 -4.252946E-07 0 1 1.417649E-07 0 1 -4.252946E-07 0 0 0 -1 0 0 -1 -4.254345E-08 0 -1 -1.540261E-07 0 -1 -1.701739E-07 0 -1 -5.061736E-08 0 -1 0 4.321731E-08 1 0 4.321731E-08 1 0 0 -1 0 0 -1 -4.254345E-08 0 -1 -1.540261E-07 0 -1 -1.701739E-07 0 -1 -5.061736E-08 0 -1 1 0 -1.460331E-06 1 0 -1.503937E-06 1 0 -8.351501E-07 1 0 -6.44411E-07 -9.695826E-08 0 -1 -2.23705E-07 0 -1 -2.262911E-07 0 -1 0 0 -1 0 0 -1 -1 0 4.916118E-07 -1 0 4.785255E-07 -1 0 6.792331E-07 -1 0 7.364757E-07 1.103027E-07 0 -1 0 0 -1 0 0 -1 0 4.262008E-08 1 0 4.257475E-08 1 0 4.326264E-08 1 0 4.262008E-08 1 0 4.326264E-08 1 0 4.257475E-08 1 0 4.385988E-08 1 0 4.390521E-08 1 0 4.390521E-08 1 0 4.385988E-08 1 1 0 -1.460331E-06 1 0 -6.44411E-07 1 0 -8.351501E-07 1 0 -1.503937E-06 -9.695826E-08 0 -1 -2.262911E-07 0 -1 -2.23705E-07 0 -1 -9.634961E-08 0 -1 0 0 -1 0 0 -1 -1 0 4.916118E-07 -1 0 7.364757E-07 -1 0 6.792331E-07 -1 0 4.785255E-07 1.103027E-07 0 -1 1.096476E-07 0 -1 0 0 -1 0 0 -1 1.888146E-07 0 -1 1.879925E-07 0 -1 1.888146E-07 0 -1 1.879925E-07 0 -1  
			<BiTangents>: 72 1 0 -9.634961E-08 -4.252946E-07 -1 0 -1.417649E-07 1 0 -4.252946E-07 -1 0 -1.417649E-07 1 0 -1.417649E-07 1 0 -1 0 -1.096476E-07 -4.252946E-07 -1 0 -1.417649E-07 1 0 -4.252946E-07 -1 0 1 0 0 1 0 0 1 0 -4.254345E-08 1 0 -1.540261E-07 1 0 -1.701739E-07 1 0 -5.061736E-08 0 1 -4.321731E-08 0 -1 4.321731E-08 1 0 0 1 0 0 1 0 -4.254345E-08 1 0 -1.540261E-07 1 0 -1.701739E-07 1 0 -5.061736E-08 1.460331E-06 0 1 1.503937E-06 0 1 8.351501E-07 0 1 6.44411E-07 0 1 1 0 -9.695826E-08 1 0 -2.23705E-07 1 0 -2.262911E-07 1 0 0 1 0 0 -4.916118E-07 0 -1 -4.785255E-07 0 -1 -6.792331E-07 0 -1 -7.364757E-07 0 -1 -1 0 -1.103027E-07 -1 0 0 -1 0 0 0 -1 4.262008E-08 0 -1 4.257475E-08 0 -1 4.326264E-08 0 1 -4.262008E-08 0 1 -4.326264E-08 0 1 -4.257475E-08 0 -1 4.385988E-08 0 -1 4.390521E-08 0 1 -4.390521E-08 0 1 -4.385988E-08 1.460331E-06 0 1 6.44411E-07 0 1 8.351501E-07 0 1 1.503937E-06 0 1 1 0 -9.695826E-08 1 0 -2.262911E-07 1 0 -2.23705E-07 1 0 -9.634961E-08 1 0 0 1 0 0 -4.916118E-07 0 -1 -7.364757E-07 0 -1 -6.792331E-07 0 -1 -4.785255E-07 0 -1 -1 0 -1.103027E-07 -1 0 -1.096476E-07 -1 0 0 -1 0 0 -1 0 -1.888146E-07 -1 0 -1.879925E-07 -1 0 -1.888146E-07 -1 0 -1.879925E-07  
			<SubMeshes>: 1
				<SubMesh>: 0 132 9 7 3 9 3 1 18 23 20 18 20 19 15 12 13 15 13 14 2 4 5 2 5 8 10 11 12 10 12 15 23 22 21 23 21 20 24 25 26 24 26 27 28 0 29 28 29 30 31 32 0 31 0 28 33 34 35 33 35 36 68 69 6 68 6 37 37 6 38 37 38 39 40 41 17 40 17 42 43 44 16 43 16 45 42 17 46 42 46 47 44 48 49 44 49 16 50 51 52 50 52 53 54 55 56 54 56 57 58 54 57 58 57 59 60 61 62 60 62 63 70 64 65 70 65 71 64 66 67 64 67 65  
		</Mesh>
		<Materials>: 1
			<Material>: 0
				<AlbedoColor>: 1 1 1 1
				<EmissiveColor>: 0 0 0 0
				<Glossiness>: 0
				<Metallic>: 0
				<SpecularHighlight>: 1
				<GlossyReflection>: 1
				<AlbedoMap>: BLD_BrickHouse1_A
				<MetallicMap>: BLD_BrickHouse1_MS
				<NormalMap>: BLD_BrickHouse1_N
				<EmissionMap>: null
				<DetailAlbedoMap>: DET_Concrete1_A
				<DetailNormalMap>: DET_Concrete1_N
		</Materials>
		<Children>: 0
	</Frame>
</Hierarchy>
