<Hierarchy>:
	<Frame>: 0 4 BrickHouse_Deco_WindowGlass_B
		<Transform>: 0 0 0 0 0 0 1 1 1 0 0 0 1  
		<TransformMatrix>: 1 0 0 0 0 1 0 0 0 0 1 0 0 0 0 1  
		<BoxCollider>: 1 0 0 0 0.0357968 4.829816 2.669759  
		<Mesh>: 42 BrickHouse_Deco_WindowGlass_B
			<Bounds>: 0 0 0 0.01789379 2.414904 1.334875
			<Positions>: 42 0.01789379 -2.414904 1.334875 0.01789379 2.414904 1.334875 0.01789379 -2.414904 -1.334875 0.01789379 2.414904 -1.334875 -0.01789379 -2.414904 1.334875 -0.01789379 2.414904 1.334875 -0.01789379 -2.414904 -1.334875 -0.01789379 2.414904 -1.334875 0.01789379 2.414904 -0.04470239 0.01789379 -2.414904 -0.04470218 -0.01789379 2.414904 -0.04470239 -0.01789379 -2.414904 -0.04470218 0.01789379 -0.2999684 1.334875 0.01789379 -0.2999685 -1.334875 -0.01789379 -0.2999685 -1.334875 -0.01789379 -0.2999684 1.334875 -0.01789379 -0.2999685 -0.04470227 0.01789379 -0.2999685 -0.04470227 0.01789379 -0.2999685 -1.334875 0.01789379 -2.414904 -1.334875 -0.01789379 -0.2999684 1.334875 -0.01789379 -2.414904 1.334875 0.01789379 -2.414904 -0.04470218 -0.01789379 -2.414904 -0.04470218 -0.01789379 -2.414904 -1.334875 0.01789379 -2.414904 -1.334875 0.01789379 -2.414904 1.334875 -0.01789379 -2.414904 1.334875 -0.01789379 -0.2999685 -1.334875 -0.01789379 -2.414904 -1.334875 0.01789379 -0.2999684 1.334875 0.01789379 -2.414904 1.334875 0.01789379 2.414904 1.334875 0.01789379 2.414904 -0.04470239 -0.01789379 2.414904 -1.334875 -0.01789379 2.414904 -0.04470239 -0.01789379 2.414904 1.334875 0.01789379 2.414904 1.334875 -0.01789379 2.414904 1.334875 0.01789379 2.414904 -1.334875 -0.01789379 2.414904 -1.334875 0.01789379 2.414904 -1.334875  
			<Colors>: 0  
			<TextureCoords0>: 42 0.0127824 1.015273 0.0127824 -1.205373 1.240278 1.015273 1.240278 -1.205373 0.0127824 1.015273 0.0127824 -1.205373 1.240278 1.015273 1.240278 -1.205373 0.6470832 -1.205373 0.6470832 1.015273 0.6470832 -1.205373 0.6470832 1.015273 0.0127824 0.04286963 1.240278 0.04286963 1.240278 0.04286963 0.0127824 0.04286963 0.6470832 0.04286963 0.6470832 0.04286963 1.240278 0.04286963 1.240278 1.015273 0.0127824 0.04286963 0.0127824 1.015273 0.6470832 1.015273 0.6470832 1.015273 1.240278 1.015273 1.240278 1.015273 0.0127824 1.015273 0.0127824 1.015273 1.240278 0.04286963 1.240278 1.015273 0.0127824 0.04286963 0.0127824 1.015273 0.0127824 -1.205373 0.6470832 -1.205373 1.240278 -1.205373 0.6470832 -1.205373 0.0127824 -1.205373 0.0127824 -1.205373 0.0127824 -1.205373 1.240278 -1.205373 1.240278 -1.205373 1.240278 -1.205373  
			<TextureCoords1>: 42 0.8516727 0.03457963 0.4725223 0.02438796 0.00390625 0.9960938 0.003906287 0.02438796 0.8516731 0.0549556 0.4725222 0.03066969 0.00390625 0.05104929 0.00390625 0.03066969 0.2303677 0.02439165 0.003906347 0.7696323 0.2303676 0.03067333 0.851673 0.29711 0.4804423 0.03457963 0.3751365 0.9960937 0.3751366 0.05104929 0.4804429 0.0549556 0.4804428 0.29711 0.3751366 0.7696323 0.3751366 0.04476756 0.003906252 0.04476756 0.4804423 0.04086131 0.8516727 0.04086131 0.2460607 0.01420003 0.2460606 0.02048171 0.4725222 0.02047831 0.4725222 0.01419657 0.003906274 0.01419657 0.00390625 0.02047831 0.4804427 0.5235715 0.8516729 0.5235714 0.3751367 0.5274779 0.003906416 0.5274779 0.8516731 0.5274779 0.8516731 0.7696323 0.00390625 0.5235716 0.003906284 0.29711 0.00390625 0.04086131 0.003906253 0.03457958 0.00390641 0.05495554 0.8516728 0.04476756 0.8516728 0.05104929 0.8516729 0.9960938  
			<Normals>: 42 0 -0.7071068 0.7071068 0 0.7071068 0.7071068 1 0 0 0 0.7071068 -0.7071068 -1 0 0 0 0.7071068 0.7071068 0 -0.7071068 -0.7071068 0 0.7071068 -0.7071068 0 1 0 1 0 0 0 1 0 -1 0 0 0 0 1 1 0 0 0 0 -1 -1 0 0 -1 0 0 1 0 0 0 0 -1 0 -0.7071068 -0.7071068 0 0 1 0 -0.7071068 0.7071068 0 -1 0 0 -1 0 0 -0.7071068 -0.7071068 0 -0.7071068 -0.7071068 0 -0.7071068 0.7071068 0 -0.7071068 0.7071068 -1 0 0 -1 0 0 1 0 0 1 0 0 1 0 0 1 0 0 -1 0 0 -1 0 0 0 0.7071068 0.7071068 0 0.7071068 0.7071068 -1 0 0 0 0.7071068 -0.7071068 0 0.7071068 -0.7071068 1 0 0  
			<Tangents>: 42 1 0 0 1 0 0 0 -1.611031E-08 -1 1 0 0 0 -1.589776E-08 -1 1 0 0 1 0 0 1 0 0 1 0 0 0 -8.21507E-09 -1 1 0 0 0 -7.785408E-09 -1 1 0 0 0 -2.023017E-08 -1 1 0 0 0 -1.891914E-08 -1 0 -1.595539E-08 -1 0 -1.614353E-08 -1 1 0 0 1 0 0 1 0 0 1 0 0 1 0 0 1 0 0 1 0 0 1 0 0 1 0 0 1 0 0 0 -1.317559E-08 -1 0 0 -1 0 -1.195763E-08 -1 0 0 -1 0 0 -1 0 0 -1 0 0 -1 0 0 -1 1 0 0 1 0 0 0 0 -1 1 0 0 1 0 0 0 0 -1  
			<BiTangents>: 42 0 0.7071068 0.7071068 0 0.7071068 -0.7071068 0 1 -1.611031E-08 0 0.7071068 0.7071068 0 1 -1.589776E-08 0 0.7071068 -0.7071068 0 0.7071068 -0.7071068 0 0.7071068 0.7071068 0 0 1 0 1 -8.21507E-09 0 0 1 0 1 -7.785408E-09 0 1 0 0 1 -2.023017E-08 0 1 0 0 1 -1.891914E-08 0 1 -1.595539E-08 0 1 -1.614353E-08 0 1 0 0 0.7071068 -0.7071068 0 1 0 0 0.7071068 0.7071068 0 0 1 0 0 1 0 0.7071068 -0.7071068 0 0.7071068 -0.7071068 0 0.7071068 0.7071068 0 0.7071068 0.7071068 0 1 -1.317559E-08 0 1 0 0 1 -1.195763E-08 0 1 0 0 1 0 0 1 0 0 1 0 0 1 0 0 0.7071068 -0.7071068 0 0.7071068 -0.7071068 0 1 0 0 0.7071068 0.7071068 0 0.7071068 0.7071068 0 1 0  
			<SubMeshes>: 1
				<SubMesh>: 0 96 17 9 2 17 2 13 18 19 6 18 6 14 16 11 4 16 4 15 20 21 0 20 0 12 22 23 24 22 24 25 10 8 3 10 3 7 5 1 8 5 8 10 26 27 23 26 23 22 28 29 11 28 11 16 30 31 9 30 9 17 32 30 17 32 17 33 34 28 16 34 16 35 36 20 12 36 12 37 35 16 15 35 15 38 39 18 14 39 14 40 33 17 13 33 13 41  
		</Mesh>
		<Materials>: 1
			<Material>: 0
				<AlbedoColor>: 1 1 1 0.3921569
				<EmissiveColor>: 0 0 0 1
				<Glossiness>: 1
				<Metallic>: 0
				<SpecularHighlight>: 1
				<GlossyReflection>: 1
				<AlbedoMap>: BLD_WindowGlass1_A
				<MetallicMap>: BLD_WindowGlass1_MS
				<NormalMap>: BLD_WindowGlass1_N
				<EmissionMap>: null
				<DetailAlbedoMap>: DET_Concrete1_A
				<DetailNormalMap>: null
		</Materials>
		<Children>: 0
	</Frame>
</Hierarchy>
