<Hierarchy>:
	<Frame>: 0 4 Cabin1_Deco_WindowGlass_A
		<Transform>: 0 0 0 0 0 0 1 1 1 0 0 0 1  
		<TransformMatrix>: 1 0 0 0 0 1 0 0 0 0 1 0 0 0 0 1  
		<BoxCollider>: 1 4.656613E-10 0 5.960464E-08 0.01596355 2.111354 1.375041  
		<Mesh>: 24 Cabin1_Deco_WindowGlass_A
			<Bounds>: 4.656613E-10 0 5.960464E-08 0.007981773 1.055677 0.6875204
			<Positions>: 24 -0.007981773 -1.055677 0.6875204 -0.007981772 1.055677 0.6875203 0.007981735 -1.055677 0.6875204 0.007981737 1.055677 0.6875203 -0.007981736 -1.055677 -0.6875202 -0.007981734 1.055677 -0.6875203 0.007981773 -1.055677 -0.6875202 0.007981774 1.055677 -0.6875203 0.007981737 1.055677 0.6875203 0.007981735 -1.055677 0.6875204 0.007981774 1.055677 -0.6875203 0.007981773 -1.055677 -0.6875202 -0.007981734 1.055677 -0.6875203 -0.007981736 -1.055677 -0.6875202 -0.007981773 -1.055677 0.6875204 -0.007981772 1.055677 0.6875203 -0.007981773 -1.055677 0.6875204 -0.007981736 -1.055677 -0.6875202 0.007981773 -1.055677 -0.6875202 0.007981735 -1.055677 0.6875204 -0.007981734 1.055677 -0.6875203 -0.007981772 1.055677 0.6875203 0.007981737 1.055677 0.6875203 0.007981774 1.055677 -0.6875203  
			<Colors>: 0  
			<TextureCoords0>: 24 0 0.9609375 0 -0.6953125 0 0.9609375 0 -0.6953125 1.074219 0.9609375 1.074219 -0.6953125 1.074219 0.9609375 1.074219 -0.6953125 0 -0.6953125 0 0.9609375 1.074219 -0.6953125 1.074219 0.9609375 1.074219 -0.6953125 1.074219 0.9609375 0 0.9609375 0 -0.6953125 0 0.9609375 1.074219 0.9609375 1.074219 0.9609375 0 0.9609375 1.074219 -0.6953125 0 -0.6953125 0 -0.6953125 1.074219 -0.6953125  
			<TextureCoords1>: 24 0.7190409 0.0568037 0.00390625 0.0568037 0.7190409 0.05139673 0.003906254 0.05139673 0.00390625 0.04749048 0.7190406 0.04749048 0.00390625 0.9960937 0.7190408 0.9960938 0.7190409 0.530355 0.003906406 0.530355 0.7190406 0.0420835 0.003906254 0.0420835 0.00390625 0.5264487 0.7190408 0.5264487 0.7190409 0.06070995 0.003906406 0.06071001 0.00390625 0.02886403 0.4696447 0.02886397 0.4696448 0.02345699 0.003906254 0.02345699 0.00390625 0.03817725 0.4696449 0.03817725 0.4696449 0.03277028 0.003906254 0.03277028  
			<Normals>: 24 0 0 1 0 0 1 0 0 1 0 0 1 0 0 -1 0 0 -1 1 0 0 1 0 0 1 0 0 1 0 0 0 0 -1 0 0 -1 -1 0 0 -1 0 0 -1 0 0 -1 0 0 0 -1 0 0 -1 0 0 -1 0 0 -1 0 0 1 0 0 1 0 0 1 0 0 1 0  
			<Tangents>: 24 1 0 0 1 0 0 1 0 0 1 0 0 1 0 0 1 0 0 0 0 -1 0 0 -1 0 0 -1 0 0 -1 1 0 0 1 0 0 0 0 -1 0 0 -1 0 0 -1 0 0 -1 1 0 0 1 0 0 1 0 0 1 0 0 1 0 0 1 0 0 1 0 0 1 0 0  
			<BiTangents>: 24 0 1 0 0 1 0 0 1 0 0 1 0 0 1 0 0 1 0 0 1 0 0 1 0 0 1 0 0 1 0 0 1 0 0 1 0 0 1 0 0 1 0 0 1 0 0 1 0 0 0 1 0 0 1 0 0 1 0 0 1 0 0 1 0 0 1 0 0 1 0 0 1  
			<SubMeshes>: 1
				<SubMesh>: 0 36 1 0 2 1 2 3 8 9 6 8 6 7 10 11 4 10 4 5 12 13 14 12 14 15 16 17 18 16 18 19 20 21 22 20 22 23  
		</Mesh>
		<Materials>: 1
			<Material>: 0
				<AlbedoColor>: 1 1 1 0.3921569
				<EmissiveColor>: 0 0 0 1
				<Glossiness>: 1
				<Metallic>: 0
				<SpecularHighlight>: 1
				<GlossyReflection>: 1
				<AlbedoMap>: BLD_WindowGlass1_A
				<MetallicMap>: BLD_WindowGlass1_MS
				<NormalMap>: BLD_WindowGlass1_N
				<EmissionMap>: null
				<DetailAlbedoMap>: DET_Concrete1_A
				<DetailNormalMap>: null
		</Materials>
		<Children>: 0
	</Frame>
</Hierarchy>
