<Hierarchy>:
	<Frame>: 0 5 Cabin1_Door_A
		<Transform>: 0 0 0 0 0 0 1 1 1 0 0 0 1  
		<TransformMatrix>: 1 0 0 0 0 1 0 0 0 0 1 0 0 0 0 1  
		<BoxCollider>: 1 -0.674349 1.422689 -0.03205276 1.346096 2.853553 0.1377245  
		<Mesh>: 522 Cabin1_Door_A
			<Bounds>: -0.674349 1.405723 -0.03205276 0.6730481 1.409761 0.06886227
			<Positions>: 522 -0.02167702 0.2974374 -0.05813774 -0.02167702 0.5462484 -0.05813775 -0.04205323 0.2974374 -0.04637353 -0.04205323 0.5462484 -0.04637354 -0.04205323 0.2974374 -0.02284511 -0.04205323 0.5462484 -0.02284512 -0.02167702 0.2974374 -0.01108089 -0.02167702 0.5462484 -0.01108091 -0.001300804 0.2974374 -0.02284511 -0.001300804 0.5462484 -0.02284512 -0.001300804 0.2974374 -0.04637353 -0.001300804 0.5462484 -0.04637354 -0.02167702 2.087522 -0.05813782 -0.02167702 2.336333 -0.05813783 -0.04205323 2.087522 -0.04637361 -0.04205323 2.336333 -0.04637362 -0.04205323 2.087522 -0.02284518 -0.04205323 2.336333 -0.0228452 -0.02167702 2.087522 -0.01108097 -0.02167702 2.336333 -0.01108099 -0.001300804 2.087522 -0.02284519 -0.001300804 2.336333 -0.0228452 -0.001300804 2.087522 -0.04637361 -0.001300804 2.336333 -0.04637362 -0.2056821 1.474728 -0.05342071 -1.183959 1.474728 -0.05342071 -1.209236 1.200809 -0.07557508 -0.1804051 1.200809 -0.07557508 -0.6948208 1.307525 -0.07557508 -0.6948208 2.659187 -0.05342077 -0.6948208 1.474728 -0.05342071 -0.6948208 0.1472336 -0.07557502 -0.6948208 1.200809 -0.07557508 -0.2526127 1.127725 -0.03755398 -0.6182263 1.127725 -0.03755398 -0.6182263 0.2203172 -0.03755394 -0.7678373 1.127725 -0.03755398 -1.138188 1.127725 -0.03755398 -0.7678373 0.2203172 -0.03755394 -0.04467136 1.318431 -0.07557508 -1.34497 1.307525 -0.07557508 -0.6948207 2.815484 -0.07557514 -0.2136513 2.659187 -0.05342077 -0.2056821 2.651504 -0.05342078 -1.183959 2.651504 -0.05342077 -1.17599 2.659187 -0.05342075 -1.205698 0.1508596 -0.07557502 -0.1839434 0.1508596 -0.07557502 -0.2559516 0.2239432 -0.03755394 -1.134806 0.2239432 -0.03755394 -0.05264068 2.815484 -0.07557514 -0.04467136 2.807801 -0.07557514 -1.34497 2.807801 -0.07557514 -1.337001 2.815484 -0.07557514 -0.6948208 -0.004038349 -0.07557502 -0.04224443 -0.0004124732 -0.07557502 -1.347397 -0.0004124732 -0.07557502 -0.6422125 1.147635 -0.07557508 -0.2330135 1.147635 -0.07557508 -0.6422125 0.2004077 -0.07557503 -1.156628 1.147635 -0.07557508 -0.7474291 1.147635 -0.07557508 -0.7474291 0.2004077 -0.07557503 -0.2365517 0.2040337 -0.07557503 -1.15309 0.2040339 -0.07557503 -0.1747822 1.449941 -0.07557508 -1.214859 1.449941 -0.07557508 -0.6948207 2.683974 -0.07557514 -0.6948208 1.449941 -0.07557508 -0.1747822 2.676291 -0.07557514 -0.1827513 2.683974 -0.07557514 -1.20689 2.683974 -0.07557514 -1.214859 2.676291 -0.07557514 -1.216491 1.215255 -0.009309819 -1.214327 1.217442 -0.009309823 -1.322887 1.217442 -0.00930983 -1.320723 1.215255 -0.009309826 -1.214327 1.419315 -0.009310305 -1.216491 1.421503 -0.009310309 -1.320723 1.421503 -0.009310316 -1.322887 1.419315 -0.009310313 -0.2056821 1.474728 -0.01634737 -1.183959 1.474728 -0.01634737 -1.209236 1.200809 0.008008098 -0.1804051 1.200809 0.008008098 -0.6948208 1.307525 0.008008095 -0.6948208 2.659187 -0.01634742 -0.6948208 1.474728 -0.01634737 -0.6948208 0.1472336 0.008008147 -0.6948208 1.200809 0.008008098 -0.2526127 1.127725 -0.03001299 -0.6182263 1.127725 -0.03001299 -0.6182263 0.2203172 -0.03001294 -0.7678373 1.127725 -0.03001299 -1.138188 1.127725 -0.03001299 -0.7678373 0.2203172 -0.03001294 -0.04467136 1.318431 0.008008091 -1.34497 1.307525 0.008008095 -0.6948207 2.815484 0.008008024 -0.2136513 2.659187 -0.01634742 -0.2056821 2.651504 -0.01634742 -1.183959 2.651504 -0.01634742 -1.17599 2.659187 -0.01634745 -1.205698 0.1508596 0.008008147 -0.1839434 0.1508596 0.008008147 -0.2559516 0.2239432 -0.03001294 -1.134806 0.2239432 -0.03001294 -0.05264068 2.815484 0.008008024 -0.04467136 2.807801 0.008008024 -1.34497 2.807801 0.008008024 -1.337001 2.815484 0.008008024 -0.6948208 -0.004038349 0.008008154 -0.04224443 -0.0004124732 0.008008154 -1.347397 -0.0004123568 0.008008154 -0.6422125 1.147635 0.008008098 -0.2330135 1.147635 0.008008098 -0.6422125 0.2004077 0.008008143 -1.156628 1.147635 0.008008098 -0.7474291 1.147635 0.008008098 -0.7474291 0.2004077 0.008008143 -0.2365517 0.2040337 0.008008143 -1.15309 0.2040339 0.008008143 -0.1747822 1.449941 0.008008087 -1.214859 1.449941 0.008008087 -0.6948207 2.683974 0.008008031 -0.6948208 1.449941 0.008008087 -0.1747822 2.676291 0.008008031 -0.1827513 2.683974 0.008008031 -1.20689 2.683974 0.008008031 -1.214859 2.676291 0.008008031 -1.216491 1.215255 0.02835825 -1.214327 1.217442 0.02835825 -1.222779 1.225561 0.0368095 -1.224524 1.223797 0.0368095 -1.214327 1.419315 0.02835824 -1.216491 1.421503 0.02835824 -1.224524 1.41296 0.0368095 -1.222779 1.411196 0.0368095 -1.322887 1.217442 0.02835825 -1.320723 1.215255 0.02835825 -1.31269 1.223797 0.0368095 -1.314436 1.225561 0.0368095 -1.320723 1.421503 0.02835824 -1.322887 1.419315 0.02835824 -1.314436 1.411196 0.0368095 -1.31269 1.41296 0.0368095 -1.216491 1.215255 -0.0547957 -1.214327 1.217442 -0.05479569 -1.322887 1.217442 -0.05479569 -1.320723 1.215255 -0.05479569 -1.214327 1.419315 -0.05479523 -1.216491 1.421503 -0.05479523 -1.320723 1.421503 -0.05479521 -1.322887 1.419315 -0.05479523 -1.216491 1.215255 -0.09246377 -1.214327 1.217442 -0.09246377 -1.222779 1.225561 -0.100915 -1.224524 1.223797 -0.100915 -1.214327 1.419315 -0.09246377 -1.216491 1.421503 -0.09246377 -1.224524 1.41296 -0.100915 -1.222779 1.411196 -0.100915 -1.322887 1.217442 -0.09246377 -1.320723 1.215255 -0.09246377 -1.31269 1.223797 -0.100915 -1.314436 1.225561 -0.100915 -1.320723 1.421503 -0.09246377 -1.322887 1.419315 -0.09246377 -1.314436 1.411196 -0.100915 -1.31269 1.41296 -0.100915 -0.04205323 0.2974374 -0.04637353 -0.04205323 0.5462484 -0.04637354 -0.04205323 0.2974374 -0.02284511 -0.04205323 0.5462484 -0.02284512 -0.02167702 0.2974374 -0.01108089 -0.02167702 0.5462484 -0.01108091 -0.02167702 0.5462484 -0.05813775 -0.04205323 0.5462484 -0.04637354 -0.001300804 0.5462484 -0.02284512 -0.04205323 0.5462484 -0.02284512 -0.02167702 0.5462484 -0.01108091 -0.02167702 0.2974374 -0.05813774 -0.02167702 0.5462484 -0.05813775 -0.001300804 0.5462484 -0.04637354 -0.001300804 0.2974374 -0.02284511 -0.001300804 0.2974374 -0.04637353 -0.001300804 0.5462484 -0.04637354 -0.001300804 0.5462484 -0.02284512 -0.04205323 0.2974374 -0.04637353 -0.02167702 0.2974374 -0.05813774 -0.001300804 0.2974374 -0.04637353 -0.04205323 0.2974374 -0.02284511 -0.001300804 0.2974374 -0.02284511 -0.02167702 0.2974374 -0.01108089 -0.04205323 2.087522 -0.04637361 -0.04205323 2.336333 -0.04637362 -0.04205323 2.087522 -0.02284518 -0.04205323 2.336333 -0.0228452 -0.02167702 2.087522 -0.01108097 -0.02167702 2.336333 -0.01108099 -0.02167702 2.336333 -0.05813783 -0.04205323 2.336333 -0.04637362 -0.04205323 2.336333 -0.0228452 -0.001300804 2.336333 -0.0228452 -0.02167702 2.336333 -0.01108099 -0.02167702 2.087522 -0.05813782 -0.02167702 2.336333 -0.05813783 -0.001300804 2.336333 -0.04637362 -0.001300804 2.087522 -0.02284519 -0.001300804 2.087522 -0.04637361 -0.001300804 2.336333 -0.04637362 -0.001300804 2.336333 -0.0228452 -0.04205323 2.087522 -0.04637361 -0.02167702 2.087522 -0.05813782 -0.001300804 2.087522 -0.04637361 -0.04205323 2.087522 -0.02284518 -0.001300804 2.087522 -0.02284519 -0.02167702 2.087522 -0.01108097 -0.2136513 2.659187 -0.05342077 -0.2056821 2.651504 -0.05342078 -0.6948208 1.474728 -0.05342071 -0.6948208 2.659187 -0.05342077 -0.1827513 2.683974 -0.07557514 -1.214859 1.449941 -0.07557508 -1.183959 2.651504 -0.05342077 -1.183959 1.474728 -0.05342071 -0.6948208 1.449941 -0.07557508 -0.6948208 1.474728 -0.05342071 -0.2056821 1.474728 -0.05342071 -1.34497 1.307525 -0.07557508 -1.214859 2.676291 -0.07557514 -0.1747822 1.449941 -0.07557508 -1.20689 2.683974 -0.07557514 -1.17599 2.659187 -0.05342075 -1.183959 2.651504 -0.05342077 -1.214859 2.676291 -0.07557514 -0.6948208 1.200809 -0.07557508 -1.209236 1.200809 -0.07557508 -0.6948208 1.307525 -0.07557508 -0.7474291 1.147635 -0.07557508 -0.6948208 1.200809 -0.07557508 -0.7474291 1.147635 -0.07557508 -0.7474291 0.2004077 -0.07557503 -0.7678373 1.127725 -0.03755398 -0.6948207 2.815484 -0.07557514 -1.337001 2.815484 -0.07557514 -1.209236 1.200809 -0.07557508 -0.7474291 1.147635 -0.07557508 -1.156628 1.147635 -0.07557508 -1.337001 2.815484 0.008008024 -1.337001 2.815484 -0.07557514 -1.34497 2.807801 -0.07557514 -0.6948208 0.1472336 -0.07557502 -0.6948208 1.200809 -0.07557508 -0.6422125 1.147635 -0.07557508 -0.1747822 1.449941 -0.07557508 -0.1747822 2.676291 -0.07557514 -0.04467136 1.318431 -0.07557508 -1.34497 1.307525 -0.07557508 -0.05264068 2.815484 -0.07557514 -1.214859 1.449941 -0.07557508 -1.34497 1.307525 -0.07557508 -1.34497 2.807801 -0.07557514 -0.6948207 2.683974 -0.07557514 -0.6948208 2.659187 -0.05342077 -0.2330135 1.147635 -0.07557508 -0.6422125 1.147635 -0.07557508 -1.347397 -0.0004124732 -0.07557502 -0.1747822 1.449941 -0.07557508 -0.2056821 1.474728 -0.05342071 -1.347397 -0.0004123568 0.008008154 -1.347397 -0.0004124732 -0.07557502 -0.04467136 1.318431 -0.07557508 -0.04467136 2.807801 -0.07557514 -0.1804051 1.200809 -0.07557508 -0.2330135 1.147635 -0.07557508 -0.2330135 1.147635 -0.07557508 -0.2365517 0.2040337 -0.07557503 -0.2526127 1.127725 -0.03755398 -0.1804051 1.200809 -0.07557508 -0.04467136 1.318431 -0.07557508 -0.2365517 0.2040337 -0.07557503 -0.6422125 0.2004077 -0.07557503 -0.2559516 0.2239432 -0.03755394 -0.6948208 0.1472336 -0.07557502 -0.1839434 0.1508596 -0.07557502 -0.04224443 -0.0004124732 -0.07557502 -0.6948208 -0.004038349 -0.07557502 -0.1839434 0.1508596 -0.07557502 -0.6948208 0.1472336 -0.07557502 -0.6422125 0.2004077 -0.07557503 -0.2365517 0.2040337 -0.07557503 -1.214859 1.449941 -0.07557508 -1.183959 1.474728 -0.05342071 -0.6422125 0.2004077 -0.07557503 -0.6422125 1.147635 -0.07557508 -0.6182263 1.127725 -0.03755398 -0.6182263 0.2203172 -0.03755394 -0.04467136 2.807801 -0.07557514 -0.1747822 2.676291 -0.07557514 -0.1827513 2.683974 -0.07557514 -0.2136513 2.659187 -0.05342077 -0.04467136 2.807801 0.008008024 -0.04467136 2.807801 -0.07557514 -1.214327 1.419315 0.02835824 -1.214327 1.419315 -0.009310305 -1.214327 1.217442 0.02835825 -1.216491 1.215255 0.02835825 -1.322887 1.419315 -0.009310313 -1.322887 1.217442 -0.00930983 -1.322887 1.217442 0.02835825 -1.322887 1.419315 0.02835824 -0.6948207 2.815484 0.008008024 -1.337001 2.815484 0.008008024 -0.2136513 2.659187 -0.01634742 -0.2056821 2.651504 -0.01634742 -0.6948208 1.474728 -0.01634737 -0.6948208 2.659187 -0.01634742 -0.1827513 2.683974 0.008008031 -0.05264068 2.815484 0.008008024 -1.34497 1.307525 0.008008095 -1.214859 1.449941 0.008008087 -1.183959 1.474728 -0.01634737 -1.183959 2.651504 -0.01634742 -0.2056821 1.474728 -0.01634737 -0.6948208 1.474728 -0.01634737 -0.6948208 1.449941 0.008008087 -1.34497 1.307525 0.008008095 -1.347397 -0.0004123568 0.008008154 -1.34497 2.807801 0.008008024 -1.214859 2.676291 0.008008031 -0.04467136 1.318431 0.008008091 -0.1747822 1.449941 0.008008087 -1.20689 2.683974 0.008008031 -1.214859 2.676291 0.008008031 -1.183959 2.651504 -0.01634742 -1.17599 2.659187 -0.01634745 -0.6948208 1.200809 0.008008098 -0.6948208 1.307525 0.008008095 -1.209236 1.200809 0.008008098 -0.7474291 1.147635 0.008008098 -0.6948208 1.200809 0.008008098 -0.7474291 1.147635 0.008008098 -0.7678373 1.127725 -0.03001299 -0.7474291 0.2004077 0.008008143 -1.209236 1.200809 0.008008098 -1.156628 1.147635 0.008008098 -0.7474291 1.147635 0.008008098 -0.6182263 1.127725 -0.03755398 -0.2526127 1.127725 -0.03755398 -0.2559516 0.2239432 -0.03755394 -0.6182263 0.2203172 -0.03755394 -0.6948208 0.1472336 0.008008147 -0.6422125 1.147635 0.008008098 -0.6948208 1.200809 0.008008098 -0.1747822 1.449941 0.008008087 -0.04467136 1.318431 0.008008091 -0.04467136 2.807801 0.008008024 -0.1747822 2.676291 0.008008031 -1.214859 1.449941 0.008008087 -1.34497 2.807801 0.008008024 -1.34497 1.307525 0.008008095 -0.6948208 2.659187 -0.01634742 -0.6948207 2.683974 0.008008031 -0.2330135 1.147635 0.008008098 -0.6422125 1.147635 0.008008098 -0.1747822 1.449941 0.008008087 -0.2056821 1.474728 -0.01634737 -0.6948208 -0.004038349 0.008008154 -0.6948208 0.1472336 0.008008147 -1.205698 0.1508596 0.008008147 -0.1804051 1.200809 0.008008098 -0.04467136 1.318431 0.008008091 -0.04224443 -0.0004124732 0.008008154 -1.138188 1.127725 -0.03001299 -0.7678373 0.2203172 -0.03001294 -0.7678373 1.127725 -0.03001299 -0.6948208 0.1472336 0.008008147 -0.7474291 0.2004077 0.008008143 -1.183959 1.474728 -0.01634737 -1.214859 1.449941 0.008008087 -0.7474291 0.2004077 0.008008143 -0.7678373 0.2203172 -0.03001294 -1.134806 0.2239432 -0.03001294 -1.15309 0.2040339 0.008008143 -0.6422125 0.2004077 0.008008143 -0.6182263 1.127725 -0.03001299 -0.6422125 1.147635 0.008008098 -0.1747822 2.676291 0.008008031 -0.04467136 2.807801 0.008008024 -0.2136513 2.659187 -0.01634742 -0.1827513 2.683974 0.008008031 -1.216491 1.421503 0.02835824 -1.214327 1.419315 0.02835824 -1.322887 1.419315 0.02835824 -1.320723 1.421503 0.02835824 -1.320723 1.215255 0.02835825 -1.322887 1.217442 0.02835825 -1.214327 1.419315 0.02835824 -1.222779 1.411196 0.0368095 -1.222779 1.225561 0.0368095 -1.214327 1.217442 0.02835825 -1.322887 1.217442 0.02835825 -1.314436 1.225561 0.0368095 -1.314436 1.411196 0.0368095 -1.322887 1.419315 0.02835824 -1.214327 1.217442 -0.009309823 -1.214327 1.217442 0.02835825 -0.1839434 0.1508596 -0.07557502 -0.1804051 1.200809 -0.07557508 -0.04467136 1.318431 -0.07557508 -0.04224443 -0.0004124732 -0.07557502 -1.15309 0.2040339 0.008008143 -1.134806 0.2239432 -0.03001294 -1.138188 1.127725 -0.03001299 -1.156628 1.147635 0.008008098 -0.1839434 0.1508596 0.008008147 -0.04224443 -0.0004124732 0.008008154 -0.04467136 1.318431 0.008008091 -0.1804051 1.200809 0.008008098 -0.6182263 1.127725 -0.03001299 -0.6182263 0.2203172 -0.03001294 -0.2526127 1.127725 -0.03001299 -0.1839434 0.1508596 0.008008147 -0.6422125 0.2004077 0.008008143 -0.2365517 0.2040337 0.008008143 -0.2559516 0.2239432 -0.03001294 -0.6182263 0.2203172 -0.03001294 -0.6422125 0.2004077 0.008008143 -0.2330135 1.147635 0.008008098 -0.2526127 1.127725 -0.03001299 -0.2559516 0.2239432 -0.03001294 -0.2365517 0.2040337 0.008008143 -0.1804051 1.200809 0.008008098 -0.2330135 1.147635 0.008008098 -0.2365517 0.2040337 0.008008143 -0.1839434 0.1508596 0.008008147 -1.156628 1.147635 -0.07557508 -1.138188 1.127725 -0.03755398 -0.7474291 0.2004077 -0.07557503 -1.15309 0.2040339 -0.07557503 -1.134806 0.2239432 -0.03755394 -0.7678373 0.2203172 -0.03755394 -1.205698 0.1508596 -0.07557502 -1.15309 0.2040339 -0.07557503 -0.7474291 0.2004077 -0.07557503 -1.138188 1.127725 -0.03755398 -0.7678373 1.127725 -0.03755398 -0.7678373 0.2203172 -0.03755394 -1.134806 0.2239432 -0.03755394 -0.04224443 -0.0004124732 -0.07557502 -0.04224443 -0.0004124732 0.008008154 -1.214327 1.419315 -0.05479523 -1.214327 1.419315 -0.09246377 -1.214327 1.217442 -0.09246377 -1.216491 1.215255 -0.09246377 -1.322887 1.419315 -0.05479523 -1.322887 1.419315 -0.09246377 -1.322887 1.217442 -0.09246377 -1.322887 1.217442 -0.05479569 -1.216491 1.421503 -0.09246377 -1.214327 1.419315 -0.09246377 -1.322887 1.419315 -0.09246377 -1.320723 1.421503 -0.09246377 -1.320723 1.215255 -0.09246377 -1.322887 1.217442 -0.09246377 -1.214327 1.419315 -0.09246377 -1.214327 1.217442 -0.09246377 -1.222779 1.225561 -0.100915 -1.222779 1.411196 -0.100915 -1.322887 1.217442 -0.09246377 -1.322887 1.419315 -0.09246377 -1.314436 1.411196 -0.100915 -1.314436 1.225561 -0.100915 -1.214327 1.217442 -0.09246377 -1.214327 1.217442 -0.05479569 -1.214859 2.676291 -0.07557514 -1.34497 1.307525 -0.07557508 -1.34497 2.807801 0.008008024 -1.34497 2.807801 -0.07557514 -0.05264068 2.815484 0.008008024 -0.05264068 2.815484 -0.07557514 -1.31269 1.223797 0.0368095 -1.31269 1.41296 0.0368095 -1.224524 1.223797 0.0368095 -1.224524 1.41296 0.0368095 -1.216491 1.421503 0.02835824 -1.216491 1.421503 -0.009310309 -1.214327 1.217442 0.02835825 -1.183959 1.474728 -0.01634737 -1.17599 2.659187 -0.01634745 -1.214859 2.676291 0.008008031 -1.34497 1.307525 0.008008095 -1.205698 0.1508596 0.008008147 -1.347397 -0.0004123568 0.008008154 -1.156628 1.147635 0.008008098 -1.209236 1.200809 0.008008098 -1.15309 0.2040339 0.008008143 -1.15309 0.2040339 0.008008143 -1.205698 0.1508596 0.008008147 -1.222779 1.411196 0.0368095 -1.314436 1.411196 0.0368095 -1.320723 1.215255 0.02835825 -1.314436 1.225561 0.0368095 -1.15309 0.2040339 -0.07557503 -1.205698 0.1508596 -0.07557502 -1.209236 1.200809 -0.07557508 -1.156628 1.147635 -0.07557508 -1.15309 0.2040339 -0.07557503 -1.205698 0.1508596 -0.07557502 -1.347397 -0.0004124732 -0.07557502 -1.31269 1.41296 -0.100915 -1.31269 1.223797 -0.100915 -1.224524 1.41296 -0.100915 -1.224524 1.223797 -0.100915 -1.216491 1.421503 -0.09246377 -1.216491 1.421503 -0.05479523 -1.214327 1.217442 -0.09246377 -1.222779 1.411196 -0.100915 -1.314436 1.411196 -0.100915 -1.314436 1.225561 -0.100915 -1.320723 1.215255 -0.09246377  
			<Colors>: 0  
			<TextureCoords0>: 522 0.5957031 0.5556641 0.6547852 0.5556641 0.5957031 0.550293 0.6547852 0.550293 0.5957031 0.5444336 0.6547852 0.5444336 0.5957031 0.5717773 0.6547852 0.5717773 0.5957031 0.5664063 0.6547852 0.5664063 0.5957031 0.5610352 0.6035156 0.5869141 0.5957031 0.5556641 0.6547852 0.5556641 0.5957031 0.550293 0.6547852 0.550293 0.5957031 0.5444336 0.6547852 0.5444336 0.5957031 0.5717773 0.6547852 0.5717773 0.5957031 0.5664063 0.6547852 0.5664063 0.5957031 0.5610352 0.6035156 0.5869141 0.4511719 0.5009766 0.4511719 0.5986328 0.362793 0.7128906 0.2875977 0.9418945 0.2749023 0.800293 0.6977539 0.5991211 0.4511719 0.5991211 0.3378906 0.9448242 0.3378906 0.7084961 0.6098633 0.7749023 0.487793 0.7749023 0.6074219 0.7749023 0.6083984 0.7749023 0.4858398 0.7749023 0.7851563 0.7749023 0.2749023 0.6875 0.2749023 0.9125977 0.2768555 0.8022461 0.487793 0.7749023 0.4897461 0.7749023 0.6967773 0.5986328 0.6977539 0.5986328 0.362793 0.9135742 0.2875977 0.9433594 0.7832031 0.7749023 0.7832031 0.7749023 0.2768555 0.9140625 0.2768555 0.6889648 0.2788086 0.6889648 0.2768555 0.690918 0.3129883 0.6572266 0.3129883 0.6020508 0.338623 0.9421387 0.2998047 0.8369141 0.2998047 0.9301758 0.2998047 0.9331055 0.4794922 0.7871094 0.3496094 0.7207031 0.3496094 0.9331055 0.2998047 0.9316406 0.7895508 0.7871094 0.4794922 0.7871094 0.2988281 0.8896484 0.300293 0.8022461 0.2988281 0.800293 0.4824219 0.7871094 0.4794922 0.7841797 0.300293 0.7138672 0.4794922 0.7749023 0.8461914 0.5239258 0.8466797 0.5239258 0.8369141 0.5239258 0.8374023 0.5239258 0.8642578 0.5239258 0.8642578 0.5239258 0.8735352 0.5239258 0.8740234 0.5239258 0.4511719 0.5991211 0.4511719 0.5014648 0.362793 0.7128906 0.2875977 0.9418945 0.2749023 0.800293 0.6977539 0.5009766 0.4511719 0.5009766 0.3378906 0.9448242 0.3378906 0.7084961 0.6098633 0.7749023 0.487793 0.7749023 0.7851563 0.7749023 0.6083984 0.7749023 0.4858398 0.7749023 0.7851563 0.7749023 0.3251953 0.7133789 0.3251953 0.8212891 0.3251953 0.8930664 0.487793 0.7749023 0.4897461 0.7749023 0.6967773 0.5014648 0.6977539 0.5014648 0.362793 0.9135742 0.362793 0.7192383 0.4829102 0.7128906 0.4829102 0.762207 0.3251953 0.8388672 0.3251953 0.8378906 0.3251953 0.9482422 0.3251953 0.9467773 0.3251953 0.6572266 0.3251953 0.6020508 0.3251953 0.7119141 0.2998047 0.8369141 0.2998047 0.9301758 0.2998047 0.9331055 0.4794922 0.7871094 0.3496094 0.7207031 0.3496094 0.9331055 0.300293 0.7214355 0.300293 0.9301758 0.4794922 0.7871094 0.2988281 0.8896484 0.300293 0.8022461 0.2988281 0.800293 0.4824219 0.7871094 0.4794922 0.7841797 0.300293 0.7138672 0.4794922 0.7749023 0.8461914 0.5297852 0.8466797 0.5297852 0.9394531 0.5297852 0.9394531 0.5297852 0.8642578 0.5297852 0.8642578 0.5297852 0.9814453 0.5297852 0.9804688 0.5297852 0.8369141 0.5297852 0.8374023 0.5297852 0.9394531 0.5507813 0.9394531 0.5507813 0.8735352 0.5297852 0.8740234 0.5297852 0.9804688 0.5507813 0.9814453 0.5507813 0.8461914 0.5239258 0.8466797 0.5239258 0.8369141 0.5239258 0.8374023 0.5239258 0.8642578 0.5239258 0.8642578 0.5239258 0.8735352 0.5239258 0.8740234 0.5239258 0.8461914 0.5297852 0.8466797 0.5297852 0.9394531 0.5297852 0.9394531 0.5297852 0.8642578 0.5297852 0.8642578 0.5297852 0.9814453 0.5297852 0.9804688 0.5297852 0.8369141 0.5297852 0.8374023 0.5297852 0.9394531 0.5507813 0.9394531 0.5507813 0.8735352 0.5297852 0.8740234 0.5297852 0.9804688 0.5507813 0.9814453 0.5507813 0.5957031 0.550293 0.6547852 0.550293 0.5957031 0.5776367 0.6547852 0.5776367 0.5957031 0.5717773 0.6547852 0.5717773 0.5981445 0.5869141 0.5957031 0.5820313 0.6064453 0.5820313 0.5981445 0.5776367 0.6035156 0.5776367 0.5957031 0.5556641 0.6547852 0.5556641 0.6547852 0.5610352 0.5957031 0.5664063 0.5957031 0.5610352 0.6547852 0.5610352 0.6547852 0.5664063 0.6147461 0.5869141 0.609375 0.5869141 0.6064453 0.5820313 0.6176758 0.5820313 0.609375 0.5776367 0.6147461 0.5776367 0.5957031 0.550293 0.6547852 0.550293 0.5957031 0.5776367 0.6547852 0.5776367 0.5957031 0.5717773 0.6547852 0.5717773 0.5981445 0.5869141 0.5957031 0.5820313 0.5981445 0.5776367 0.6064453 0.5820313 0.6035156 0.5776367 0.5957031 0.5556641 0.6547852 0.5556641 0.6547852 0.5610352 0.5957031 0.5664063 0.5957031 0.5610352 0.6547852 0.5610352 0.6547852 0.5664063 0.6147461 0.5869141 0.609375 0.5869141 0.6064453 0.5820313 0.6176758 0.5820313 0.609375 0.5776367 0.6147461 0.5776367 0.6977539 0.5019531 0.6967773 0.5009766 0.4511719 0.5009766 0.6977539 0.5009766 0.300293 0.8911133 0.8833008 0.7749023 0.4863281 0.7871094 0.8745117 0.7871094 0.6533203 0.7871094 0.6533203 0.7749023 0.4897461 0.7749023 0.3388672 0.6918945 0.3007813 0.7119141 0.2988281 0.7099609 0.4824219 0.7871094 0.4926758 0.7749023 0.4897461 0.7749023 0.4794922 0.7841797 0.362793 0.8173828 0.362793 0.7182617 0.3378906 0.8173828 0.6157227 0.7871094 0.2875977 0.8251953 0.4794922 0.7871094 0.7919922 0.7871094 0.4858398 0.7749023 0.3129883 0.8930664 0.3129883 0.9467773 0.2875977 0.7084961 0.2998047 0.8134766 0.2998047 0.7207031 0.3251953 0.9467773 0.3129883 0.9467773 0.3129883 0.9482422 0.2875977 0.9448242 0.2875977 0.7084961 0.2998047 0.7207031 0.300293 0.921875 0.300293 0.7114258 0.2768555 0.9453125 0.3129883 0.8212891 0.3129883 0.8388672 0.300293 0.921875 0.2768555 0.9472656 0.2768555 0.6889648 0.6523438 0.7871094 0.6523438 0.7749023 0.6157227 0.7871094 0.4794922 0.7871094 0.3129883 0.7119141 0.8852539 0.7871094 0.8779297 0.7749023 0.3251953 0.7119141 0.3129883 0.7119141 0.3129883 0.7133789 0.3129883 0.8378906 0.2875977 0.7084961 0.2998047 0.7207031 0.4794922 0.7871094 0.7895508 0.7871094 0.4858398 0.7749023 0.362793 0.9174805 0.3378906 0.9438477 0.480957 0.7856445 0.6157227 0.7871094 0.4873047 0.7749023 0.362793 0.8173828 0.362793 0.7192383 0.3378906 0.6918945 0.3378906 0.8173828 0.2883301 0.7094727 0.2875977 0.8256836 0.2993164 0.8134766 0.300293 0.7214355 0.8261719 0.7871094 0.8164063 0.7749023 0.7919922 0.7871094 0.4794922 0.7871094 0.4858398 0.7749023 0.7851563 0.7749023 0.2788086 0.9150391 0.3007813 0.8920898 0.8232422 0.7871094 0.8134766 0.7749023 0.3251953 0.8378906 0.3129883 0.8378906 0.8642578 0.5297852 0.8642578 0.5239258 0.9384766 0.5273438 0.9379883 0.527832 0.8740234 0.5239258 0.8916016 0.5239258 0.8916016 0.5297852 0.8740234 0.5297852 0.2768555 0.8022461 0.2768555 0.690918 0.6977539 0.5981445 0.6967773 0.5991211 0.4511719 0.5991211 0.6977539 0.5991211 0.300293 0.8911133 0.2768555 0.9140625 0.2749023 0.9125977 0.8833008 0.7749023 0.8745117 0.7871094 0.4863281 0.7871094 0.4897461 0.7749023 0.6533203 0.7749023 0.6533203 0.7871094 0.3388672 0.6918945 0.338623 0.9421387 0.2788086 0.6889648 0.3007813 0.7119141 0.2749023 0.6875 0.2988281 0.7099609 0.4824219 0.7871094 0.4794922 0.7841797 0.4897461 0.7749023 0.4926758 0.7749023 0.362793 0.8173828 0.3378906 0.8173828 0.362793 0.7182617 0.6157227 0.7871094 0.2875977 0.8251953 0.4794922 0.7871094 0.4858398 0.7749023 0.7919922 0.7871094 0.2875977 0.7084961 0.2998047 0.7207031 0.2998047 0.8134766 0.6054688 0.762207 0.6054688 0.7124023 0.4829102 0.7128906 0.4824219 0.762207 0.2875977 0.9448242 0.2998047 0.7207031 0.2875977 0.7084961 0.300293 0.921875 0.2768555 0.9453125 0.2768555 0.6889648 0.300293 0.7114258 0.300293 0.921875 0.2768555 0.6889648 0.2768555 0.9472656 0.6523438 0.7749023 0.6523438 0.7871094 0.6157227 0.7871094 0.4794922 0.7871094 0.8852539 0.7871094 0.8779297 0.7749023 0.3378906 0.8173828 0.362793 0.8173828 0.2883301 0.9418945 0.362793 0.9174805 0.3378906 0.9438477 0.3378906 0.6918945 0.6054688 0.7631836 0.4824219 0.7124023 0.6054688 0.7124023 0.2875977 0.8256836 0.2993164 0.8369141 0.8164063 0.7749023 0.8261719 0.7871094 0.4794922 0.7871094 0.4863281 0.7749023 0.6086426 0.7749023 0.6147461 0.7856445 0.7919922 0.7871094 0.4858398 0.7749023 0.4794922 0.7871094 0.3007813 0.8920898 0.2788086 0.9150391 0.8134766 0.7749023 0.8232422 0.7871094 0.9829102 0.527832 0.9829102 0.5273438 0.9829102 0.5527344 0.9829102 0.5522461 0.9379883 0.5522461 0.9384766 0.5527344 0.9829102 0.5273438 0.9804688 0.5297852 0.9394531 0.5297852 0.9384766 0.5273438 0.9384766 0.5527344 0.9394531 0.5507813 0.9804688 0.5507813 0.9829102 0.5527344 0.8466797 0.5239258 0.8466797 0.5297852 0.362793 0.9147949 0.362793 0.7143555 0.3388672 0.6918945 0.338623 0.9440918 0.7895508 0.7871094 0.7832031 0.7749023 0.4858398 0.7749023 0.4794922 0.7871094 0.362793 0.9147949 0.338623 0.9440918 0.3388672 0.6918945 0.362793 0.7143555 0.6054688 0.762207 0.4824219 0.762207 0.6054688 0.7124023 0.2883301 0.7094727 0.2993164 0.8134766 0.480957 0.7856445 0.4873047 0.7749023 0.6074219 0.7749023 0.6157227 0.7871094 0.4794922 0.7871094 0.4858398 0.7749023 0.7832031 0.7749023 0.7895508 0.7871094 0.2875977 0.7084961 0.2998047 0.7207031 0.2998047 0.9316406 0.2875977 0.9433594 0.4794922 0.7871094 0.4858398 0.7749023 0.4794922 0.7871094 0.6147461 0.7856445 0.6086426 0.7749023 0.4863281 0.7749023 0.2883301 0.9418945 0.300293 0.9301758 0.2993164 0.8369141 0.6054688 0.7631836 0.6054688 0.7124023 0.4824219 0.7124023 0.4829102 0.762207 0.3129883 0.6035156 0.3251953 0.6035156 0.8642578 0.5239258 0.8642578 0.5297852 0.9384766 0.5273438 0.9379883 0.527832 0.8740234 0.5239258 0.8740234 0.5297852 0.8916016 0.5297852 0.8916016 0.5239258 0.9829102 0.527832 0.9829102 0.5273438 0.9829102 0.5527344 0.9829102 0.5522461 0.9379883 0.5522461 0.9384766 0.5527344 0.9829102 0.5273438 0.9384766 0.5273438 0.9394531 0.5297852 0.9804688 0.5297852 0.9384766 0.5527344 0.9829102 0.5527344 0.9804688 0.5507813 0.9394531 0.5507813 0.8466797 0.5297852 0.8466797 0.5239258 0.3007813 0.7119141 0.3378906 0.6918945 0.3251953 0.9482422 0.3129883 0.9482422 0.3251953 0.8388672 0.3129883 0.8388672 0.9394531 0.5507813 0.9814453 0.5507813 0.9394531 0.5297852 0.9814453 0.5297852 0.8642578 0.5297852 0.8642578 0.5239258 0.9384766 0.5273438 0.4511719 0.5014648 0.6977539 0.5014648 0.3007813 0.7119141 0.3378906 0.6918945 0.362793 0.9135742 0.338623 0.9421387 0.2998047 0.7207031 0.2875977 0.7084961 0.300293 0.9301758 0.300293 0.9301758 0.2883301 0.9418945 0.9804688 0.5297852 0.9804688 0.5507813 0.9379883 0.5522461 0.9394531 0.5507813 0.300293 0.9301758 0.2883301 0.9418945 0.2875977 0.7084961 0.2998047 0.7207031 0.300293 0.9301758 0.362793 0.9135742 0.338623 0.9421387 0.9814453 0.5507813 0.9394531 0.5507813 0.9814453 0.5297852 0.9394531 0.5297852 0.8642578 0.5297852 0.8642578 0.5239258 0.9384766 0.5273438 0.9804688 0.5297852 0.9804688 0.5507813 0.9394531 0.5507813 0.9379883 0.5522461  
			<TextureCoords1>: 522 0.8303478 0.90364 0.8959196 0.90364 0.8303478 0.9098408 0.8959197 0.9098408 0.8264415 0.8935331 0.7608696 0.8935331 0.9653978 0.90364 0.8998259 0.90364 0.9653978 0.8935331 0.8998259 0.8935331 0.7608696 0.8834261 0.9874637 0.9853538 0.7608696 0.913747 0.8264415 0.913747 0.7608697 0.9199477 0.8264415 0.9199477 0.9372602 0.9442208 0.8716883 0.9442208 0.9372602 0.9289839 0.8716883 0.9289839 0.9653978 0.913747 0.8998259 0.913747 0.8303478 0.913747 0.9856074 0.9549198 0.4005601 0.3410339 0.3993599 0.5954468 0.3248211 0.603821 0.3261749 0.3321431 0.3511153 0.4684532 0.7120091 0.4686062 0.3960975 0.4686872 0.04432334 0.4664892 0.323105 0.4682503 0.8635451 0.969566 0.7671909 0.969566 0.8614141 0.9543752 0.9750787 0.969566 0.8774762 0.969566 0.2482923 0.1412604 0.3581395 0.296433 0.353357 0.6398721 0.7549484 0.4687088 0.7081816 0.3428451 0.7060934 0.3406969 0.7055681 0.596571 0.7076218 0.5943925 0.04495774 0.602873 0.04631603 0.3300114 0.2473577 0.1108176 0.009135067 0.08060795 0.7509103 0.2991192 0.7491274 0.2967785 0.7479282 0.6406566 0.7498354 0.6383466 0.1758895 0.2360083 0.3478726 0.2360083 0.004573264 0.6406566 0.309375 0.4542339 0.3118359 0.3459175 0.05854263 0.4526066 0.8726165 0.9808767 0.3092418 0.4820557 0.05836546 0.4805282 0.06035936 0.3441859 0.00390625 0.09173495 0.3920206 0.330928 0.3909062 0.6054878 0.720747 0.4686482 0.3875776 0.4686763 0.7141846 0.331114 0.7163067 0.3333949 0.7157499 0.6038121 0.7136046 0.6061379 0.910484 0.8625366 0.7608696 0.8467175 0.8822038 0.8625366 0.8830146 0.8625366 0.8140716 0.8467176 0.9419773 0.9504216 0.9694467 0.9504216 0.9702576 0.9504216 0.3587626 0.6900036 0.3570186 0.9448143 0.4320617 0.9545217 0.433956 0.6815233 0.4077681 0.8185146 0.04671716 0.8144729 0.3623748 0.818357 0.7162402 0.8201636 0.4358914 0.8186198 0.8635451 0.9960938 0.7671909 0.9960938 0.009153195 0.1683864 0.9750787 0.9960938 0.8774762 0.9960938 0.2482923 0.1373541 0.3514762 0.2399156 0.4022076 0.2658494 0.1760642 0.1880469 0.05233581 0.6907949 0.05448346 0.688666 0.0522361 0.9415925 0.05009305 0.9394051 0.7137336 0.9574918 0.7159592 0.6826141 0.9970383 0.5451825 0.9970382 0.5395049 0.00682363 0.1880464 0.7439861 0.2399146 0.006823524 0.2658495 0.3453051 0.1880464 0.1758894 0.2139807 0.3478725 0.2139807 0.7469031 0.2658494 0.4498302 0.8046781 0.4482531 0.6955508 0.7020996 0.8060191 0.8726165 0.984783 0.4495896 0.8326483 0.7019376 0.8341145 0.7016402 0.69673 0.6996415 0.9431825 0.3678014 0.6795458 0.3656681 0.9553898 0.03768292 0.8144017 0.3713067 0.818368 0.04626243 0.6788275 0.04409526 0.6811091 0.04158626 0.9489672 0.04377638 0.9513171 0.910484 0.8526095 0.7608696 0.8367904 0.8140975 0.8530852 0.8145406 0.8535607 0.8140716 0.8367904 0.9419773 0.9404944 0.7641373 0.8536078 0.7645853 0.8531237 0.8822038 0.8526096 0.8830146 0.8526095 0.8144411 0.8765359 0.8139932 0.87702 0.9694467 0.9404944 0.9702576 0.9404944 0.7644809 0.8770585 0.7640378 0.876583 0.9675922 0.8526095 0.8822038 0.866443 0.939312 0.8526095 0.9401228 0.8526095 0.9354057 0.8664429 0.9419773 0.9252574 0.9694467 0.9252574 0.9702575 0.9252574 0.9675922 0.8625366 0.8822038 0.8763701 0.8252564 0.8531588 0.8248065 0.8536448 0.9354057 0.8763701 0.9419773 0.9351846 0.8752308 0.8535669 0.8747892 0.8530926 0.939312 0.8625366 0.9401228 0.8625366 0.8246819 0.8766115 0.8251235 0.8770859 0.9694467 0.9351847 0.9702576 0.9351847 0.8746563 0.8770197 0.8751062 0.8765338 0.8264415 0.8997338 0.7608697 0.8997338 0.9653978 0.9098408 0.8998259 0.9098408 0.9653978 0.8997338 0.8998259 0.8997338 0.9843634 0.9907238 0.9874637 0.9960938 0.9936644 0.9853538 0.9936644 0.9960938 0.9967648 0.9907238 0.7608696 0.8896269 0.8264415 0.8896269 0.8264415 0.8834261 0.8303478 0.8935331 0.8303478 0.8997338 0.8959196 0.8997338 0.8959196 0.8935331 0.9834649 0.9504216 0.9865652 0.9450516 0.9834649 0.9396816 0.9772642 0.9504216 0.9772642 0.9396816 0.9741638 0.9450516 0.9372602 0.9504216 0.8716884 0.9504216 0.9372602 0.9351847 0.8716884 0.9351847 0.9653978 0.9199477 0.8998259 0.9199477 0.9825071 0.9602898 0.9856074 0.9656597 0.9918081 0.9656597 0.9918081 0.9549198 0.9949085 0.9602898 0.8303478 0.9199477 0.8959197 0.9199477 0.8959197 0.913747 0.7608696 0.90364 0.7608696 0.9098408 0.8264415 0.9098408 0.8264415 0.90364 0.9936644 0.9808767 0.9967648 0.9755068 0.9936644 0.9701368 0.9874637 0.9808767 0.9874637 0.9701368 0.9843634 0.9755068 0.7081816 0.3428451 0.7060934 0.3406969 0.3960975 0.4686872 0.7120091 0.4686062 0.7163067 0.3333949 0.3909062 0.6054878 0.7055681 0.596571 0.3993599 0.5954468 0.3875776 0.4686763 0.3960975 0.4686872 0.4005601 0.3410339 0.353357 0.6398721 0.7136046 0.6061379 0.3920206 0.330928 0.7157499 0.6038121 0.7076218 0.5943925 0.7055681 0.596571 0.7136046 0.6061379 0.323105 0.4682503 0.3248211 0.603821 0.3511153 0.4684532 0.9804571 0.9808767 0.323105 0.4682503 0.00390625 0.1526327 0.2535393 0.1526327 0.009153183 0.1412604 0.1760643 0.2100744 0.3453052 0.2100739 0.3248211 0.603821 0.3092418 0.4820557 0.3106401 0.5898868 0.003906257 0.2658495 0.00390625 0.287877 0.006823517 0.287877 0.04432334 0.4664892 0.323105 0.4682503 0.309375 0.4542339 0.3920206 0.330928 0.7141846 0.331114 0.3581395 0.296433 0.4022076 0.287877 0.006823687 0.2100739 0.3909062 0.6054878 0.353357 0.6398721 0.7479282 0.6406566 0.720747 0.4686482 0.7120091 0.4686062 0.8687103 0.9808767 0.7608696 0.9808767 0.7469031 0.287877 0.3920206 0.330928 0.4005601 0.3410339 0.003906267 0.2139807 0.00390625 0.2360083 0.3514761 0.2619432 0.743986 0.2619421 0.3261749 0.3321431 0.3118359 0.3459175 0.00390625 0.1220756 0.2525854 0.1220756 0.009172513 0.1108115 0.3261749 0.3321431 0.3581395 0.296433 0.7608696 0.9656597 0.8677821 0.9656597 0.7659351 0.9543278 0.04432334 0.4664892 0.04631603 0.3300114 0.006340565 0.2917833 0.00390625 0.4662657 0.04631603 0.3300114 0.04432334 0.4664892 0.05854263 0.4526066 0.06035936 0.3441859 0.3909062 0.6054878 0.3993599 0.5954468 0.00390625 0.1841401 0.2535393 0.1841401 0.2482923 0.1722927 0.009153195 0.1722926 0.7491274 0.2967785 0.7141846 0.331114 0.7163067 0.3333949 0.7081816 0.3428451 0.00390625 0.1880464 0.003906307 0.2100739 0.9411665 0.9404944 0.9411665 0.9504216 0.8171823 0.8506238 0.8177089 0.8513052 0.7608696 0.8297343 0.8140715 0.8297342 0.8140715 0.8198071 0.7608696 0.8198071 0.00390625 0.8140941 0.007311999 0.9828466 0.05233581 0.6907949 0.05448346 0.688666 0.3623748 0.818357 0.04671716 0.8144729 0.04409526 0.6811091 0.0101492 0.6469442 0.4028363 0.9903652 0.3656681 0.9553898 0.3570186 0.9448143 0.0522361 0.9415925 0.3587626 0.6900036 0.3623748 0.818357 0.3713067 0.818368 0.4028363 0.9903652 0.7538583 0.9960938 0.009109645 0.9852616 0.04377638 0.9513171 0.4020869 0.6451727 0.3678014 0.6795458 0.04158626 0.9489672 0.04377638 0.9513171 0.0522361 0.9415925 0.05009305 0.9394051 0.4358914 0.8186198 0.4077681 0.8185146 0.4320617 0.9545217 0.9804571 0.984783 0.4358914 0.8186198 0.00390625 0.1259818 0.009153184 0.1373541 0.2535393 0.1259818 0.4320617 0.9545217 0.4465205 0.9407173 0.4495896 0.8326483 0.5909179 0.2360083 0.5909178 0.1396541 0.3527344 0.1405339 0.3517789 0.2360082 0.7162402 0.8201636 0.4498302 0.8046781 0.4358914 0.8186198 0.3678014 0.6795458 0.4020869 0.6451727 0.01190605 0.6445628 0.04626243 0.6788275 0.3656681 0.9553898 0.009109645 0.9852616 0.4028363 0.9903652 0.04671716 0.8144729 0.03768292 0.8144017 0.8687103 0.984783 0.7608696 0.984783 0.3678014 0.6795458 0.3587626 0.6900036 0.7569634 0.8204678 0.7162402 0.8201636 0.7137336 0.9574918 0.433956 0.6815233 0.4020869 0.6451727 0.756699 0.6445628 0.7588547 0.5403963 0.9979938 0.4427937 0.7588547 0.4427938 0.7162402 0.8201636 0.7019376 0.8341145 0.3570186 0.9448143 0.3656681 0.9553898 0.7608696 0.9390909 0.7662947 0.9503793 0.8630106 0.9504216 0.8677821 0.9390909 0.00390625 0.156539 0.2482923 0.1683864 0.2535393 0.156539 0.04626243 0.6788275 0.01190605 0.6445628 0.05233581 0.6907949 0.04409526 0.6811091 0.7610541 0.8513051 0.7615716 0.8506572 0.7613962 0.8795199 0.7608696 0.8788385 0.8175244 0.8788385 0.8170069 0.8794864 0.8140716 0.8367904 0.8119318 0.8336406 0.7630094 0.8336406 0.7608696 0.8367904 0.8140715 0.8198071 0.8119318 0.8166573 0.7630093 0.8166573 0.7608696 0.8198071 0.9112949 0.8625366 0.9112949 0.8526095 0.04631603 0.3300114 0.3261749 0.3321431 0.3581395 0.296433 0.006340565 0.2917833 0.00390625 0.0655731 0.009135067 0.07670015 0.2473203 0.07670093 0.2525854 0.06557316 0.7159592 0.6826141 0.756699 0.6445628 0.4020869 0.6451727 0.433956 0.6815233 0.7588547 0.6406566 0.9979939 0.6406566 0.7588547 0.5443025 0.7159592 0.6826141 0.7020996 0.8060191 0.8716883 0.9543278 0.8767539 0.9656597 0.9722328 0.9656124 0.9786008 0.9543278 0.00390625 0.09564126 0.009172513 0.1069053 0.2473577 0.1068993 0.2525854 0.0956412 0.433956 0.6815233 0.4482531 0.6955508 0.7016402 0.69673 0.7159592 0.6826141 0.2525854 0.09173495 0.2473203 0.08060718 0.7608696 0.9351847 0.8677821 0.9351847 0.8630106 0.9238539 0.7662947 0.9238962 0.04495774 0.602873 0.05915112 0.588854 0.05836546 0.4805282 0.9979938 0.4388874 0.9979936 0.3412849 0.7588547 0.3412849 0.7598103 0.4379961 0.00390625 0.2619421 0.003906323 0.2399145 0.9411665 0.9252574 0.9411665 0.9351847 0.8221598 0.8506587 0.8216251 0.8513429 0.939312 0.8664429 0.939312 0.8763701 0.992514 0.8763701 0.992514 0.866443 0.8782976 0.851303 0.8777869 0.8506585 0.8777529 0.8795199 0.8782877 0.8788357 0.8216152 0.8788754 0.8221258 0.8795199 0.9354057 0.8763701 0.8822038 0.8763701 0.8843436 0.8795199 0.933266 0.8795199 0.992514 0.8763701 0.939312 0.8763701 0.9414517 0.8795199 0.9903741 0.8795199 0.9684031 0.8625366 0.9684031 0.8526095 0.7136046 0.6061379 0.353357 0.6398721 0.006823524 0.2658495 0.006823517 0.287877 0.00682363 0.1880464 0.006823687 0.2100739 0.8144411 0.8765359 0.7640378 0.876583 0.8145406 0.8535607 0.7641373 0.8536078 0.9419773 0.9404944 0.9419773 0.9504216 0.8171823 0.8506238 0.3570186 0.9448143 0.05009305 0.9394051 0.04377638 0.9513171 0.4028363 0.9903652 0.7137336 0.9574918 0.7538583 0.9960938 0.4465205 0.9407173 0.4320617 0.9545217 0.6996415 0.9431825 0.6996415 0.9431825 0.7137336 0.9574918 0.7645853 0.8531237 0.7644809 0.8770585 0.8175244 0.8788385 0.8139932 0.87702 0.05915112 0.588854 0.04495774 0.602873 0.3248211 0.603821 0.3106401 0.5898868 0.05915112 0.588854 0.04495774 0.602873 0.004573264 0.6406566 0.8751062 0.8765338 0.8246819 0.8766115 0.8752308 0.8535669 0.8248065 0.8536448 0.9419773 0.9351846 0.9419773 0.9252574 0.8221598 0.8506587 0.8747892 0.8530926 0.8746563 0.8770197 0.8251235 0.8770859 0.8216152 0.8788754  
			<Normals>: 522 0 0 -1 0 0 -1 -0.8660316 0 -0.4999893 -0.8660316 0 -0.4999893 -0.8660316 0 0.4999893 -0.8660316 0 0.4999893 0 0 1 0 0 1 0.8660316 0 0.4999893 0.8660316 0 0.4999893 0.8660316 0 -0.4999893 0 1 0 0 0 -1 0 0 -1 -0.8660316 0 -0.4999893 -0.8660316 0 -0.4999893 -0.8660316 0 0.4999893 -0.8660316 0 0.4999893 0 0 1 0 0 1 0.8660316 0 0.4999893 0.8660316 0 0.4999893 0.8660316 0 -0.4999893 0 1 0 0 0 -1 0 0 -1 0 0 -1 0 0 -1 0 0 -1 0 0 -1 0 0 -1 0 0 -1 0 0 -1 -0.5735578 -0.5663551 -0.5918391 0.5231537 -0.5735403 -0.6303663 0.518639 0.5759535 -0.6318948 -0.5625623 -0.5689103 -0.5998874 0.5868285 -0.5647324 -0.5802668 -0.558296 0.5713279 -0.6015729 0 0 -1 0 0 -1 0 0 -1 -0.1353834 -0.5610967 -0.816604 -0.4878784 -0.1589435 -0.8583192 0 0 -1 0 0 -1 0 0 -1 0 0 -1 -0.576632 0.5668353 -0.5883819 0.5895947 0.5653016 -0.5768988 0.3829227 0.3972057 -0.834025 0.3870721 0.4014771 -0.830055 -0.3870721 0.4014771 -0.830055 -0.3829274 0.39718 -0.8340352 0.005554453 -0.9999846 0 0.005554453 -0.9999846 0 0 0 -1 0 0 -1 0 0 -1 0 0 -1 0.5723644 -0.5789566 -0.5806962 0 0 -1 0 0 -1 0 0 -1 0.5734861 0.5811465 -0.5773926 -0.3553935 0.3364107 -0.8720798 0 0 -1 0 0 -1 0 0 -1 -0.4490227 -0.2153099 -0.867191 -0.2350253 -0.4682804 -0.8517491 0 0 -1 0.4490227 -0.2153099 -0.867191 0.3851463 -0.9228556 0 0.924903 -0.3802033 0 -0.924903 -0.3802033 0 -0.3851202 -0.9228663 0 0.9248878 0.3802401 0 0.3851202 0.9228663 0 -0.3851831 0.9228402 0 -0.9249136 0.3801771 0 0 0 1 0 0 1 0 0 1 0 0 1 0 0 1 0 0 1 0 0 1 0 0 1 0 0 1 -0.5735578 -0.5663551 0.5918391 0.5231537 -0.5735403 0.6303663 0.518639 0.5759535 0.6318948 -0.5625623 -0.5689103 0.5998874 0.5868285 -0.5647324 0.5802668 -0.558296 0.5713279 0.6015729 0.9999996 0.0009155829 0 -0.9999996 0.0009155829 0 0 1 0 -0.1467344 -0.5941402 0.7908644 -0.5212364 -0.1716091 0.8359802 0 0 1 0 0 1 0 0 1 0 0 1 0 0 1 0 0 1 0 1 0 1 0 0 -0.3870721 0.4014771 0.830055 0 1 0 0.005554453 -0.9999846 0 0.005554453 -0.9999846 0 -0.9999983 0.001831163 0 0 0 1 0 0 1 0 0 1 0.5723644 -0.5789566 0.5806962 0 0 1 0 0 1 0 0 1 0 0 1 -0.3811492 0.3610984 0.8510777 0 0 1 0 0 1 0 0 1 -0.4815917 -0.2304194 0.8455628 -0.2505968 -0.5013157 0.8281811 0 0 1 0.4815917 -0.2304194 0.8455628 0.3851463 -0.9228556 0 0.924903 -0.3802033 0 0.3870756 -0.1150271 0.914845 0.1175 -0.384576 0.9155845 0.9248878 0.3802401 0 0.3851202 0.9228663 0 0.1175 0.384576 0.9155845 0.3870756 0.1150271 0.914845 -0.924903 -0.3802033 0 -0.3851202 -0.9228663 0 -0.1175 -0.384576 0.9155845 -0.3870756 -0.1150271 0.914845 -0.3851831 0.9228402 0 -0.9249136 0.3801771 0 -0.3870756 0.1150271 0.914845 -0.1175 0.384576 0.9155845 0.3851463 -0.9228556 0 0.924903 -0.3802033 0 -0.924903 -0.3802033 0 -0.3851463 -0.9228556 0 0.924903 0.3802033 0 0.3851463 0.9228556 0 -0.3851463 0.9228556 0 -0.924903 0.3802033 0 0.3851463 -0.9228556 0 0.924903 -0.3802033 0 0.3870756 -0.1150271 -0.914845 0.1175 -0.384576 -0.9155845 0.924903 0.3802033 0 0.3851463 0.9228556 0 0.1175 0.384576 -0.9155845 0.3870756 0.1150271 -0.914845 -0.924903 -0.3802033 0 -0.3851463 -0.9228556 0 -0.1174967 -0.3845653 -0.9155895 -0.3870756 -0.1150271 -0.914845 -0.3851463 0.9228556 0 -0.924903 0.3802033 0 -0.3870756 0.1150271 -0.914845 -0.1174967 0.3845653 -0.9155895 -0.8660316 0 -0.4999893 -0.8660316 0 -0.4999893 -0.8660316 0 0.4999893 -0.8660316 0 0.4999893 0 0 1 0 0 1 0 1 0 0 1 0 0 1 0 0 1 0 0 1 0 0 0 -1 0 0 -1 0.8660316 0 -0.4999893 0.8660316 0 0.4999893 0.8660316 0 -0.4999893 0.8660316 0 -0.4999893 0.8660316 0 0.4999893 0 -1 0 0 -1 0 0 -1 0 0 -1 0 0 -1 0 0 -1 0 -0.8660316 0 -0.4999893 -0.8660316 0 -0.4999893 -0.8660316 0 0.4999893 -0.8660316 0 0.4999893 0 0 1 0 0 1 0 1 0 0 1 0 0 1 0 0 1 0 0 1 0 0 0 -1 0 0 -1 0.8660316 0 -0.4999893 0.8660316 0 0.4999893 0.8660316 0 -0.4999893 0.8660316 0 -0.4999893 0.8660316 0 0.4999893 0 -1 0 0 -1 0 0 -1 0 0 -1 0 0 -1 0 0 -1 0 0 0 -1 0 0 -1 0 0 -1 0 0 -1 0 0 -1 0.3553935 0.3364107 -0.8720798 0.4878551 -0.1589458 -0.8583319 0.3126107 0.3860099 -0.8679119 0 0.6664147 -0.7455813 0 0.6664147 -0.7455813 -0.3126107 0.3860099 -0.8679119 0 0 -1 0 0 -1 0 0 -1 0.2350253 -0.4682804 -0.8517491 0.1353834 -0.5610967 -0.816604 0.4878551 -0.1589458 -0.8583319 0.4490227 -0.2153099 -0.867191 0 0 -1 0 0 -1 0 0 -1 -0.5670832 -0.5643669 -0.5999222 0 0 -1 -0.5670832 -0.5643669 -0.5999222 -0.564546 0.5650954 -0.601627 -0.5625623 -0.5689103 -0.5998874 0 1 0 0 1 0 0 0 -1 0 0 -1 0 0 -1 -0.3829274 0.39718 0.8340352 -0.3829274 0.39718 -0.8340352 -0.3870721 0.4014771 -0.830055 0 0 -1 0 0 -1 0 0 -1 0 0 -1 0 0 -1 0 0 -1 -0.9999996 0.0009155829 0 0 1 0 0 0 -1 0 0 -1 -0.3870721 0.4014771 -0.830055 0 -0.6664147 -0.7455813 0 -0.6664147 -0.7455813 -0.5700145 -0.5698925 -0.5918666 0.5575641 -0.5370854 -0.6329783 -0.9999983 0.001831163 0 -0.3553935 0.3364107 -0.8720798 -0.3126107 0.3860099 -0.8679119 -0.005554453 -0.9999846 0 -0.005554453 -0.9999846 0 0.9999996 0.0009155829 0 1 0 0 0 0 -1 0 0 -1 -0.5700145 -0.5698925 -0.5918666 -0.5709891 0.5724845 -0.5884157 -0.5735578 -0.5663551 -0.5918391 0 0 -1 0 0 -1 -0.5709891 0.5724845 -0.5884157 0.5551131 0.5376561 -0.634646 -0.576632 0.5668353 -0.5883819 0 0 -1 0 0 -1 0 0 -1 0 0 -1 0 0 -1 0 0 -1 0 0 -1 0 0 -1 0.3553935 0.3364107 -0.8720798 0.3126107 0.3860099 -0.8679119 0.5551131 0.5376561 -0.634646 0.5575641 -0.5370854 -0.6329783 0.5231537 -0.5735403 -0.6303663 0.518639 0.5759535 -0.6318948 0.3870721 0.4014771 -0.830055 0 0 -1 -0.2350253 -0.4682804 -0.8517491 -0.1353834 -0.5610967 -0.816604 0.3870721 0.4014771 0.830055 0.3870721 0.4014771 -0.830055 0.9248878 0.3802401 0 0.9248878 0.3802401 0 0.5452011 -0.2615219 0.7964684 0.2625608 -0.5425482 0.7979369 -0.9249136 0.3801771 0 -0.924903 -0.3802033 0 -0.924903 -0.3802033 0 -0.9249136 0.3801771 0 0 0 1 -0.3829274 0.39718 0.8340352 0 0 1 0 0 1 0 0 1 0 0 1 0 0 1 0.3829227 0.3972057 0.834025 0 0 1 0.3811492 0.3610984 0.8510777 0.3373274 0.4114278 0.8467215 0.5212364 -0.1716091 0.8359802 -0.3373274 0.4114278 0.8467215 0 0.700869 0.7132902 0 0.700869 0.7132902 0 0 1 0 0 1 -0.3870721 0.4014771 0.830055 0 0 1 0 0 1 0 0 1 0.2505968 -0.5013157 0.8281811 0.4815917 -0.2304194 0.8455628 0.5212364 -0.1716091 0.8359802 0.146738 -0.5941545 0.790853 0 0 1 0 0 1 0 0 1 -0.5670832 -0.5643669 0.5999222 0 0 1 -0.5670832 -0.5643669 0.5999222 -0.5625623 -0.5689103 0.5998874 -0.564546 0.5650954 0.601627 0 0 1 0 0 1 0 0 1 0 0 -1 0 0 -1 0 0 -1 0 0 -1 0 0 1 0 0 1 0 0 1 0 0 1 0 0 1 0.3870721 0.4014771 0.830055 0 0 1 0 0 1 -0.3870721 0.4014771 0.830055 0 0 1 0 -0.700869 0.7132902 0 -0.700869 0.7132902 -0.5700145 -0.5698925 0.5918666 0.5575641 -0.5370854 0.6329783 -0.3811492 0.3610984 0.8510777 -0.3373274 0.4114278 0.8467215 0 0 1 0 0 1 0 0 1 0 0 1 0 0 1 0 0 1 0 0 1 0 0 1 0 0 1 0 0 1 0 0 1 0.3373274 0.4114278 0.8467215 0.3811492 0.3610984 0.8510777 -0.564546 0.5650954 0.601627 -0.558296 0.5713279 0.6015729 0.5895947 0.5653016 0.5768988 0.5734861 0.5811465 0.5773926 0.5551131 0.5376561 0.634646 0.5231537 -0.5735403 0.6303663 0.5575641 -0.5370854 0.6329783 0 0 1 0.3870721 0.4014771 0.830055 -0.1467344 -0.5941402 0.7908644 -0.2505968 -0.5013157 0.8281811 0.2625543 0.542535 0.7979479 0.5452011 0.2615219 0.7964684 -0.5452011 0.2615219 0.7964684 -0.2625543 0.542535 0.7979479 -0.2625608 -0.5425482 0.7979369 -0.5452011 -0.2615219 0.7964684 0.5452011 0.2615219 0.7964684 0.3870756 0.1150271 0.914845 0.3870756 -0.1150271 0.914845 0.5452011 -0.2615219 0.7964684 -0.5452011 -0.2615219 0.7964684 -0.3870756 -0.1150271 0.914845 -0.3870756 0.1150271 0.914845 -0.5452011 0.2615219 0.7964684 0.924903 -0.3802033 0 0.924903 -0.3802033 0 0 0 -1 0 0 -1 0 0 -1 0 0 -1 0.5734861 0.5811465 0.5773926 0.5895947 0.5653016 0.5768988 0.5868285 -0.5647324 0.5802668 0.5723644 -0.5789566 0.5806962 0 0 1 0 0 1 0 0 1 0 0 1 0 0 1 0 0 1 0 0 1 0 0 1 0 0 1 -0.5709891 0.5724845 0.5884157 -0.576632 0.5668353 0.5883819 0.518639 0.5759535 0.6318948 0.5551131 0.5376561 0.634646 -0.5700145 -0.5698925 0.5918666 -0.5735578 -0.5663551 0.5918391 -0.576632 0.5668353 0.5883819 -0.5709891 0.5724845 0.5884157 0 0 1 0 0 1 0 0 1 0 0 1 0.5723644 -0.5789566 -0.5806962 0.5868285 -0.5647324 -0.5802668 -0.564546 0.5650954 -0.601627 0.5734861 0.5811465 -0.5773926 0.5895947 0.5653016 -0.5768988 -0.558296 0.5713279 -0.6015729 0 0 -1 0 0 -1 0 0 -1 0 0 -1 0 0 -1 0 0 -1 0 0 -1 0.9999983 0.001831163 0 0.9999983 0.001831163 0 0.924903 0.3802033 0 0.924903 0.3802033 0 0.5452011 -0.2615219 -0.7964684 0.2625608 -0.5425482 -0.7979369 -0.924903 0.3802033 0 -0.924903 0.3802033 0 -0.924903 -0.3802033 0 -0.924903 -0.3802033 0 0.2625608 0.5425482 -0.7979369 0.5452011 0.2615219 -0.7964684 -0.5452011 0.2615219 -0.7964684 -0.2625543 0.542535 -0.7979479 -0.2625543 -0.542535 -0.7979479 -0.5452011 -0.2615219 -0.7964684 0.5452011 0.2615219 -0.7964684 0.5452011 -0.2615219 -0.7964684 0.3870756 -0.1150271 -0.914845 0.3870756 0.1150271 -0.914845 -0.5452011 -0.2615219 -0.7964684 -0.5452011 0.2615219 -0.7964684 -0.3870756 0.1150271 -0.914845 -0.3870756 -0.1150271 -0.914845 0.924903 -0.3802033 0 0.924903 -0.3802033 0 0 0 -1 0 0 -1 -1 0 0 -1 0 0 0.3829227 0.3972057 0.834025 0.3829227 0.3972057 -0.834025 -0.1175 -0.384576 0.9155845 -0.1175 0.384576 0.9155845 0.1175 -0.384576 0.9155845 0.1175 0.384576 0.9155845 0.3851202 0.9228663 0 0.3851202 0.9228663 0 0.5452011 -0.2615219 0.7964684 0 0 1 0 0 1 0 0 1 0 0 1 0 0 1 0 0 1 0 0 1 0 0 1 0 0 1 0 0 1 0 0 1 0.3870756 0.1150271 0.914845 -0.3870756 0.1150271 0.914845 -0.2625608 -0.5425482 0.7979369 -0.3870756 -0.1150271 0.914845 0 0 -1 0 0 -1 0 0 -1 0 0 -1 0 0 -1 0 0 -1 0 0 -1 -0.1174967 0.3845653 -0.9155895 -0.1174967 -0.3845653 -0.9155895 0.1175 0.384576 -0.9155845 0.1175 -0.384576 -0.9155845 0.3851463 0.9228556 0 0.3851463 0.9228556 0 0.5452011 -0.2615219 -0.7964684 0.3870756 0.1150271 -0.914845 -0.3870756 0.1150271 -0.914845 -0.3870756 -0.1150271 -0.914845 -0.2625543 -0.542535 -0.7979479  
			<Tangents>: 522 0 1 0 0 1 0 1.94494E-08 1 -3.368831E-08 2.55434E-08 1 -4.424373E-08 -1.94494E-08 1 -3.368831E-08 -1.94494E-08 1 -3.368831E-08 0 1 0 0 1 0 1.94494E-08 1 -3.368831E-08 1.94494E-08 1 -3.368831E-08 -2.55434E-08 1 -4.424373E-08 0.8660254 0 0.4999999 0 1 0 0 1 0 2.593253E-08 1 -4.491775E-08 1.983853E-08 1 -3.436233E-08 -1.94494E-08 1 -3.368831E-08 -2.55434E-08 1 -4.424373E-08 0 1 0 0 1 0 1.94494E-08 1 -3.368831E-08 1.94494E-08 1 -3.368831E-08 -1.94494E-08 1 -3.368831E-08 0.8731257 0 0.4874952 -0.0006460649 0.9999998 0 0 1 0 0.9997617 0.0218303 0 -0.01789192 -0.9998399 0 -0.001798352 0.9999984 0 -0.001980815 0.999998 0 0 1 0 -0.9998435 0.01768903 0 -0.9997227 0.02355009 0 0.8191651 -0.3965469 -0.4143901 0.8522384 0.3520725 0.3869556 -0.8549796 0.3535535 -0.3794861 0.8267549 -0.3871129 -0.4081911 0.8097113 0.409283 0.4205413 -0.3886458 -0.8207219 -0.418772 -0.00419587 0.9999912 0 -0.01927609 0.9998142 0 0.001128259 -0.9999993 0 0.5974141 -0.7037422 0.384504 0.08063043 -0.9872848 0.1369941 0.01393455 0.9999029 0 0.00285432 0.9999959 0 0.9999175 0.01284484 0 -0.9998892 0.0148855 0 -0.3990651 -0.8238268 -0.4025623 0.4062681 -0.8248802 -0.393089 0.1846157 -0.9175308 -0.3522134 -0.9220113 0.1603439 -0.3523989 -0.01730481 -0.9032329 -0.4288018 -0.1677499 -0.9177385 -0.3600223 3.122945E-10 1.729243E-12 1 0 0 1 0.9998945 0.01452594 0 0.02238567 -0.9997494 0 -0.01630723 -0.999867 0 0.9998493 0.01735861 0 0.8199994 0.4041151 0.4053294 -0.9997115 0.02402101 0 -0.9998413 0.01781594 0 -0.9998854 0.01513488 0 0.4118439 -0.8137947 -0.4100279 -0.9347168 -0.1279085 0.331578 -0.0174595 0.9998476 0 -0.001251601 -0.9999992 0 -0.0003520702 0.9999999 0 0.09638685 -0.9765415 0.1925518 -0.08126774 -0.8637595 0.497308 -0.01843318 -0.9998301 0 -0.09900103 -0.9765458 0.1911993 0.9228555 0.3851463 7.907794E-09 0.3802033 0.924903 -3.55091E-07 0.3802032 -0.924903 1.241217E-06 0.9228664 -0.3851202 8.52533E-08 -0.3802401 0.9248878 -2.573839E-06 -0.9228664 0.3851202 -1.709985E-08 -0.9228402 -0.3851831 5.081345E-08 -0.3801772 -0.9249136 2.618309E-06 -0.002618873 0.9999965 0 1 0 0 0.9997617 0.0218302 0 -0.01789192 -0.9998399 0 -0.001798352 0.9999984 0 0 1 0 -0.001980466 0.999998 0 -0.9998435 0.01768903 0 -0.9997227 0.02355009 0 0.8191651 -0.3965469 0.4143901 0.8522384 0.3520725 -0.3869556 0.3654047 -0.8174825 0.4451986 0.8267549 -0.3871129 0.4081911 0.8097113 0.409283 -0.4205413 -0.3886457 -0.8207219 0.418772 0 0 1 0 0 1 0 0 1 0.6126456 -0.6823005 -0.3989128 0.0927996 -0.9851624 -0.1443722 1 0 0 1 0 0 0.9999175 0.012844 0 0.004170096 0.9999913 0 -6.631148E-05 1 0 0.004219648 0.9999911 0 0 0 1 0 0 1 0.5761194 -0.5975598 0.5576816 0 0 1 0 0 1 0 0 1 2.446836E-09 1.336217E-06 1 0.02238567 -0.9997494 0 -0.01630723 -0.999867 0 0.9998493 0.01735861 0 0.8199994 0.4041151 -0.4053294 -0.9997115 0.02402101 0 -0.9998413 0.01781594 0 0.002177737 0.9999976 0 0.8844107 0.4667095 0 -0.9245135 -0.1488701 -0.3508738 -0.0174595 0.9998476 0 -0.001251601 -0.9999992 0 -0.0003520702 0.9999999 0 0.1111549 -0.9730861 -0.2018615 -0.07650735 -0.8425468 -0.5331618 -0.01843318 -0.9998301 0 -0.1140366 -0.9730914 -0.2002217 0.9228555 0.3851463 5.717951E-08 0.3802033 0.924903 -5.985574E-08 0.04482168 0.9933624 0.1059351 0.04522952 0.9230868 0.3819228 -0.3802401 0.9248878 -2.278602E-06 -0.9228664 0.3851202 0 -0.04726328 0.923092 -0.3816639 -0.04482168 0.9933624 -0.1059351 0.3802032 -0.924903 0 0.9228664 -0.3851202 3.582712E-09 0.9930729 -0.04550289 0.1083316 -0.04482168 0.9933624 0.1059351 -0.9228402 -0.3851831 -5.733901E-08 -0.3801772 -0.9249136 1.358443E-07 0.04482168 0.9933624 -0.1059351 0.9930729 0.04550289 0.1083316 0.9228555 0.3851463 1.151282E-07 0.3802033 0.924903 2.90549E-07 0.3802032 -0.924903 0 0.9228555 -0.3851463 -3.239972E-08 -0.3802033 0.924903 2.474037E-06 -0.9228555 0.3851463 3.420011E-08 -0.9228555 -0.3851463 -1.016248E-07 -0.3802032 -0.924903 -5.236558E-06 0.9228555 0.3851463 -1.14359E-07 0.3802033 0.924903 0 0.04482168 0.9933624 -0.1059351 0.04522951 0.9230868 -0.3819228 -0.3802033 0.924903 2.183491E-06 -0.9228555 0.3851463 0 -0.04726329 0.923092 0.3816639 -0.04482168 0.9933624 0.1059351 0.3802032 -0.924903 0 0.9228555 -0.3851463 0 0.9930732 -0.04550033 -0.1083291 -0.04482168 0.9933624 -0.1059351 -0.9228555 -0.3851463 1.146763E-07 -0.3802032 -0.924903 -2.716854E-07 0.04482168 0.9933624 0.1059351 0.9930732 0.04550033 -0.1083291 1.94494E-08 1 -3.368831E-08 1.94494E-08 1 -3.368831E-08 -1.94494E-08 1 -3.368831E-08 -1.94494E-08 1 -3.368831E-08 0 1 0 0 1 0 0.8660254 0 0.5000001 0.8660254 0 0.4999999 0.8660254 0 0.4999999 0.8660254 0 0.4999999 0.8660254 0 0.4999999 0 1 0 0 1 0 -1.94494E-08 1 -3.368831E-08 1.94494E-08 1 -3.368831E-08 -1.94494E-08 1 -3.368831E-08 -1.94494E-08 1 -3.368831E-08 1.94494E-08 1 -3.368831E-08 -0.8660254 0 0.4999999 -0.8660254 0 0.4999999 -0.8660254 0 0.4999999 -0.8660254 0 0.5 -0.8660254 0 0.5 -0.8660253 0 0.5000001 1.983853E-08 1 -3.436233E-08 2.593253E-08 1 -4.491775E-08 -1.94494E-08 1 -3.368831E-08 -1.94494E-08 1 -3.368831E-08 0 1 0 0 1 0 0.8660254 0 0.5000001 0.8456883 0 0.533677 0.8601928 0 0.5099689 0.8847151 0 0.4661322 0.8660254 0 0.4999999 0 1 0 0 1 0 -1.94494E-08 1 -3.368831E-08 1.94494E-08 1 -3.368831E-08 -1.94494E-08 1 -3.368831E-08 -1.94494E-08 1 -3.368831E-08 1.94494E-08 1 -3.368831E-08 -0.8660254 0 0.5 -0.8660254 0 0.5000001 -0.8660254 0 0.5 -0.8660254 0 0.5 -0.8660254 0 0.5 -0.8660253 0 0.5000001 -0.002631996 0.9999965 0 0 1 0 1.47539E-05 1 0 0 1 0 0.01320648 -0.9999128 0 0.1269579 -0.9417154 -0.3115346 -0.07854098 -0.9872873 0.138185 0.1308092 -0.9224946 -0.3631702 -1 0 0 -1 0 0 -0.9498813 -0.1270378 0.2856341 0.9997528 0.02223421 0 0.9999209 -0.01257786 0 -0.006113308 0.9999813 0 0.9719722 0.108037 0.2088014 0.9907717 0.0821123 0.1078383 0.7181237 0.6321016 0.2911116 0.8893669 0.01422697 0.4569728 -0.0004772978 -0.9999999 0 -0.01036106 -0.9999463 0 -0.0001216383 -1 0 0.8236606 -0.3885618 -0.4130413 -0.002838866 -0.9999959 0 0.3876846 -0.825524 0.4101349 -0.3866818 -0.8250256 -0.41208 0.389163 -0.8223996 0.4149833 0 0 1 0 0 1 -0.02226075 -0.9997522 0 -0.01809918 -0.9998362 0 -0.02319257 -0.999731 0 0.5788805 -0.6004265 0.5517113 -0.5788805 0.6004265 0.5517113 -0.5761194 0.5975598 0.5576816 0.999841 0.01782856 0 0.9997197 0.02367694 0 0.9997227 0.02355033 0 -0.9993957 -0.03476066 0 -0.9999885 -0.004794193 0 -0.9993591 -0.03579722 0 2.397798E-11 2.618875E-08 1 0 0 1 0.9992877 -0.03773826 0 0.999245 -0.03884957 0 0.9220073 0.1599235 -0.3526003 1 1.171997E-08 -1.047553E-08 1 3.066903E-10 -2.741256E-10 0.8216346 -0.3953667 -0.4106114 0.8301339 0.3607364 0.4251434 2.550455E-09 1.392803E-06 1 -0.1269579 -0.9417154 -0.3115346 -0.1308092 -0.9224946 -0.3631702 -7.108791E-09 3.936294E-11 1 -7.736168E-09 4.283687E-11 1 0 0 1 0 0 1 -0.9996518 0.02638574 0 -0.9996267 0.02732144 0 0.3929858 -0.8217149 0.4127308 -0.4010271 -0.8199111 -0.4085621 0.3918253 -0.824157 0.4089477 -0.001465849 -0.9999989 0 -0.001572607 -0.9999987 0 -0.8209385 -0.4030538 0.4044843 -0.8317598 0.3634163 -0.4196478 -0.8169726 -0.4063729 0.4091661 0.0002735589 0.9999999 0 0.004170096 0.9999913 0 0.00279943 0.9999961 0 -0.005035223 0.9999873 0 -0.001582665 0.9999987 0 -0.03560494 0.9993659 0 -0.01907609 0.999818 0 0.002177737 0.9999976 0 -0.9347168 0.1279085 -0.331578 -0.9498813 0.1270378 -0.2856341 0.353976 -0.8431642 -0.4046913 -0.3550085 -0.8435279 0.4030257 -0.3662817 -0.8191774 0.4413458 0.3654048 -0.8174825 -0.4451986 0.3236396 -0.9021086 -0.2854076 0.1801729 -0.9836349 0 0.9719893 -0.1132286 -0.2059518 0.9907933 -0.07666845 -0.1115824 -0.5761194 -0.5975598 0.5576816 0.5761194 0.5975598 0.5576816 0 0 1 0 0 1 0.1477232 0.9651975 0.2158045 -0.009051591 0.8255288 0.5642874 -0.3801771 -0.9249137 3.738641E-07 0.3802033 -0.924903 2.583773E-06 0.3802033 -0.924903 2.289709E-06 -0.3801771 -0.9249137 7.980672E-08 0.001128259 -0.9999993 0 -0.1677499 -0.9177385 0.3600223 -0.0006533994 0.9999998 0 0 1 0 0.005075297 0.9999871 0 0 1 0 0.01320648 -0.9999128 0 0.1846157 -0.9175308 0.3522134 -0.01927609 0.9998142 0 0.1475906 -0.9325277 0.3295589 0.1522706 -0.9114423 0.3822126 -0.09079587 -0.9851651 -0.1456221 -0.9413874 -0.147427 -0.3034058 -1 0 0 -1 0 0 0.9997528 0.02223413 0 0.9998945 0.01452524 0 -0.01730479 -0.9032329 0.4288018 0.9999209 -0.01257786 0 -0.00419587 0.9999912 0 -0.006113308 0.9999813 0 0.9680651 0.1234478 -0.2181984 0.8708318 0.01726941 -0.4912777 0.7014597 0.6440808 -0.3051462 0.9891546 0.09332699 -0.1134166 -0.0004772978 -0.9999999 0 -0.0001216383 -1 0 -0.01036106 -0.9999463 0 0.8236606 -0.3885618 0.4130413 -0.002838866 -0.9999959 0 0.3876847 -0.825524 -0.4101349 0.389163 -0.8223996 -0.4149833 -0.3866817 -0.8250256 0.4120801 -0.02226075 -0.9997522 0 -0.02319257 -0.999731 0 -0.01809918 -0.9998362 0 -0.0002060901 1 0 -0.0002717512 0.9999999 0 -6.631148E-05 1 0 0 1 0 0.999841 0.01782856 0 0.9997227 0.02355033 0 0.9997197 0.02367694 0 -0.9993957 -0.03476066 0 -0.9993591 -0.03579722 0 -0.9220113 0.1603439 0.3523989 -0.9999885 -0.004794193 0 0.9992877 -0.03773826 0 0.9220073 0.1599235 0.3526003 0.999245 -0.03884957 0 1 5.644251E-10 5.54596E-10 1 1.121025E-08 1.101503E-08 0.8216346 -0.3953667 0.4106114 0.8301339 0.3607364 -0.4251434 -0.1475906 -0.9325277 0.3295589 -0.1522706 -0.9114423 0.3822126 -0.005035223 0.9999873 0 0.0002735589 0.9999999 0 0.8706639 0.4918784 0 -0.001465849 -0.9999989 0 -0.001572607 -0.9999987 0 0.00279943 0.9999961 0 0.001015164 0.9999995 0 0.003153512 0.9999951 0 0 1 0 -0.03560494 0.9993659 0 -0.07109942 0.9974692 0 -0.9413874 0.147427 0.3034058 -0.9245135 0.1488701 0.3508738 -0.8253808 -0.3813274 -0.4163363 -0.8296106 -0.3781624 -0.4107791 -0.8076737 0.4069543 0.4266748 -0.819182 0.4004592 0.4105767 0.353976 -0.8431642 0.4046914 -0.3662817 -0.8191774 -0.4413458 -0.3550085 -0.8435279 -0.4030257 0.1801729 -0.9836349 0 0.3236396 -0.9021086 0.2854076 0.9891759 -0.08813421 0.1173173 0.9680915 -0.1297681 0.2143805 0.008166258 0.825681 -0.5640781 -0.03426315 0.9562513 -0.2905331 0.03709994 0.9566899 -0.2887352 -0.170251 0.7879391 -0.5917487 0.9649155 -0.1476315 0.2171246 0.05992764 0.9355041 0.3481964 -0.1477232 0.9651976 -0.2158045 -0.04482166 0.9933624 -0.1059351 0.0448217 0.9933624 0.1059351 0.1477232 0.9651976 0.2158045 -0.1477232 0.9651976 0.2158045 -0.04482169 0.9933624 0.1059351 0.04482166 0.9933624 -0.1059351 0.1477231 0.9651976 -0.2158045 0.3802032 0.924903 -1.309139E-06 0.3802032 0.924903 -6.792223E-08 -0.9999138 -0.01313454 0 -0.9999999 0.0002480382 0 -0.9999977 -0.002142678 0 -0.9999065 -0.01367011 0 0.4118438 -0.8137947 0.4100279 0.406268 -0.8248802 0.3930891 -0.3993126 -0.8252699 -0.3993482 -0.4040762 -0.815354 -0.4146326 -0.9999138 -0.01313454 0 -0.9999065 -0.01367011 0 -0.9999977 -0.002142678 0 -0.9999999 0.0002480382 0 -0.0002060901 1 0 0 1 0 -0.0002717512 0.9999999 0 -0.001582665 0.9999987 0 -0.01907609 0.999818 0 -0.8209385 -0.4030538 -0.4044843 -0.8169726 -0.4063729 -0.4091661 -0.8549796 0.3535535 0.3794861 -0.8317598 0.3634163 0.4196478 0.3929859 -0.8217149 -0.4127307 0.3918253 -0.824157 -0.4089476 -0.399065 -0.8238268 0.4025624 -0.401027 -0.8199111 0.4085622 -0.9996518 0.02638574 0 -0.9996267 0.02732144 0 -0.9998854 0.01513488 0 -0.9998892 0.0148855 0 -0.4040762 -0.815354 0.4146327 -0.3993126 -0.8252699 0.3993483 -0.8253808 -0.3813274 0.4163364 -0.819182 0.4004592 -0.4105767 -0.8076737 0.4069543 -0.4266748 -0.8296106 -0.3781624 0.4107791 0.8706639 0.4918784 0 0.8765349 0.4813383 0 -0.07109942 0.9974692 0 0.001015164 0.9999995 0 0 1 0 0.003153512 0.9999951 0 0.004219648 0.9999911 0 0 0 1 0 0 1 0 0 1 0 0 1 -0.0401768 0.9408503 -0.336432 -0.00905144 0.8255288 -0.5642874 -0.3802033 -0.924903 -2.905461E-07 -0.3802033 -0.924903 0 0.3802033 -0.924903 -2.183488E-06 0.3802033 -0.924903 -2.474037E-06 0.008162602 0.8256716 0.564092 -0.03426311 0.9562513 0.2905331 0.03709953 0.9566898 0.2887355 -0.1702508 0.7879391 0.5917487 0.1717925 0.7874653 -0.5919338 0.05992743 0.9355041 -0.3481963 -0.1477232 0.9651976 0.2158045 0.1477232 0.9651976 -0.2158045 0.04482168 0.9933624 -0.1059351 -0.04482171 0.9933624 0.1059351 -0.1477231 0.9651976 -0.2158045 0.1477232 0.9651976 0.2158045 0.04482168 0.9933624 0.1059351 -0.04482165 0.9933624 -0.1059351 0.3802032 0.924903 2.716889E-07 0.3802032 0.924903 5.236558E-06 0.9999209 -0.01257786 0 -0.00735357 -0.9999729 0 0 0 1 0 0 1 -0.5788504 -0.6004414 0.5517267 0.5788504 0.6004414 0.5517267 -0.03613335 0.9230163 0.3830605 0.03841107 0.9230412 -0.3827786 0.9930729 0.04550289 -0.1083316 0.9930729 -0.04550289 -0.1083316 0 0 1 0 0 1 -0.04017701 0.9408503 0.3364321 0.006728036 0.9999774 0 0.001674413 0.9999986 0 0.9999209 -0.01257786 0 -0.00735357 -0.9999729 0 -0.04558246 0.9989606 0 -0.0506681 0.9987155 0 0.9994669 0.03264878 0 0.99945 0.0331618 0 0.01688544 0.9998574 0 0.8765349 0.4813383 0 0.8706639 0.4918784 0 -0.5998163 0.7849636 0.1550888 0.6413401 0.7464423 0.1775012 0.1717882 0.7874554 0.5919483 0.1153334 0.9783554 0.1718106 0.01688544 0.9998574 0 0.8706639 0.4918784 0 0.99945 0.0331618 0 0.9994669 0.03264878 0 0.8844107 0.4667095 0 -0.04558243 0.9989606 0 -0.05066806 0.9987155 0 0.03840829 0.9230457 0.3827682 -0.03613059 0.9230207 -0.38305 0.9930729 -0.04550289 0.1083316 0.9930729 0.04550289 0.1083316 0 0 1 0 0 1 0.1477232 0.9651975 -0.2158045 -0.5998147 0.784965 -0.155088 0.6413386 0.7464438 -0.1775004 0.1153332 0.9783555 -0.1718105 0.9649172 -0.147624 -0.217122  
			<BiTangents>: 522 -1 0 0 -1 0 0 -0.4999893 3.889964E-08 0.8660316 -0.4999893 5.108789E-08 0.8660316 0.4999893 3.889964E-08 0.8660316 0.4999893 3.889964E-08 0.8660316 1 0 0 1 0 0 0.4999893 -3.889964E-08 -0.8660316 0.4999893 -3.889964E-08 -0.8660316 -0.4999893 -5.108789E-08 -0.8660316 -0.4999999 0 0.8660254 -1 0 0 -1 0 0 -0.4999893 5.186618E-08 0.8660316 -0.4999893 3.967792E-08 0.8660316 0.4999893 3.889964E-08 0.8660316 0.4999893 5.10879E-08 0.8660316 1 0 0 1 0 0 0.4999893 -3.889964E-08 -0.8660316 0.4999893 -3.889964E-08 -0.8660316 -0.4999893 -3.889964E-08 -0.8660316 -0.4874952 0 0.8731257 0.9999998 0.0006460649 0 1 0 0 -0.0218303 0.9997617 0 -0.9998399 0.01789192 0 0.9999984 0.001798352 0 0.999998 0.001980815 0 1 0 0 0.01768903 0.9998435 0 0.02355009 0.9997227 0 -7.633687E-09 -0.7224905 0.6913809 5.256529E-09 -0.7396597 0.6729811 0.004842219 0.7370735 0.6757952 -1.515888E-09 -0.7255927 0.6881245 3.486591E-09 -0.7166343 0.6974491 -0.7329802 3.432111E-08 0.68025 0.9999912 0.00419587 0 0.9998142 0.01927609 0 -0.9999993 -0.001128259 0 -0.7904225 -0.4357952 0.430482 -0.8691797 -0.002370182 0.4944905 0.9999029 -0.01393455 0 0.9999959 -0.00285432 0 -0.01284484 0.9999175 0 0.0148855 0.9998892 0 -0.7129114 0.002672362 0.7012491 0.6980862 0.002612364 0.716009 -0.9051449 -0.01910358 -0.4246738 -0.008385773 0.9017239 0.4322311 -0.921887 -0.1516133 0.3565637 -0.9084198 0.002046958 0.4180541 0.9999846 0.005554453 -3.122993E-10 0.9999846 0.005554453 0 -0.01452594 0.9998945 0 -0.9997494 -0.02238567 0 -0.999867 0.01630723 0 -0.01735861 0.9998493 0 -1.893952E-11 -0.7081667 0.7060452 0.02402101 0.9997115 0 0.01781594 0.9998413 0 0.01513488 0.9998854 0 0.7081653 0.002650317 0.7060416 -4.153532E-09 0.9329883 0.3599066 0.9998476 0.0174595 0 -0.9999992 0.001251601 0 0.9999999 0.0003520702 0 -0.8883064 0.002874343 0.4592424 -0.968586 0.1860997 0.1649492 -0.9998301 0.01843318 0 -0.8880188 -2.649418E-08 -0.4598072 7.297752E-09 3.045657E-09 -1 -1.350068E-07 -3.284248E-07 -1 4.719148E-07 -1.148005E-06 -1 7.867741E-08 -3.283277E-08 -1 9.786769E-07 -2.380512E-06 -1 1.578088E-08 -6.585499E-09 -1 -4.68927E-08 -1.957248E-08 -1 -9.954214E-07 -2.42171E-06 -1 -0.9999965 -0.002618873 0 0 1 0 -0.0218302 0.9997617 0 -0.9998399 0.01789192 0 0.9999984 0.001798352 0 -1 0 0 -0.999998 -0.001980466 0 0.01768903 0.9998435 0 0.02355009 0.9997227 0 -7.633687E-09 -0.7224905 -0.6913809 5.256529E-09 -0.7396597 -0.6729811 0.7729767 -2.208666E-08 -0.6344345 -1.515888E-09 -0.7255927 -0.6881245 3.486591E-09 -0.7166343 -0.6974491 -0.7329803 -3.481246E-08 -0.68025 0.0009155828 -0.9999995 0 -0.0009155828 -0.9999995 0 1 0 0 -0.7766173 -0.4259853 -0.4641143 -0.8483518 -0.002326591 -0.5294277 0 1 0 0 1 0 -0.012844 0.9999175 0 0.9999913 -0.004170096 0 1 6.631148E-05 0 0.9999911 -0.004219648 0 1 0 0 0 -1 0 0.7199039 0.6940738 2.942269E-09 1 0 0 0.9999846 0.005554453 0 0.9999846 0.005554453 0 -0.001831163 -0.9999983 1.336219E-06 -0.9997494 -0.02238567 0 -0.999867 0.01630723 0 -0.01735861 0.9998493 0 -1.893952E-11 -0.7081667 -0.7060452 0.02402101 0.9997115 0 0.01781594 0.9998413 0 0.9999976 -0.002177737 0 -0.4667095 0.8844107 0 3.996043E-09 0.9205681 -0.3905821 0.9998476 0.0174595 0 -0.9999992 0.001251601 0 0.9999999 0.0003520702 0 -0.8693181 0.003226364 -0.4942424 -0.9650637 0.1969706 -0.1727852 -0.9998301 0.01843318 0 -0.8689448 2.694944E-08 0.494909 5.276843E-08 2.202248E-08 -1 -2.275735E-08 -5.536075E-08 -1 0.9209579 -1.683449E-10 -0.389662 0.9920424 0.003464485 -0.1258569 8.664159E-07 -2.107451E-06 -1 0 0 -1 0.9919475 -0.001571994 -0.1266396 0.9209579 1.683449E-10 -0.389662 0 0 -1 3.306365E-09 -1.379775E-09 -1 -5.824604E-10 0.9219711 0.3872586 0.9209579 1.683449E-10 0.389662 5.291474E-08 2.208602E-08 -1 -5.164489E-08 -1.256442E-07 -1 0.9209579 -1.683449E-10 0.389662 5.824604E-10 0.9219711 -0.3872586 -1.062467E-07 -4.434119E-08 1 -1.104677E-07 -2.687297E-07 1 0 0 1 2.990027E-08 -1.247863E-08 1 9.406371E-07 -2.288244E-06 1 3.156176E-08 -1.317204E-08 1 -9.378503E-08 -3.914042E-08 1 -1.990956E-06 -4.843308E-06 1 1.055369E-07 4.404495E-08 1 0 0 1 0.9209579 -1.683449E-10 0.389662 0.9920424 0.003464488 0.1258569 8.301706E-07 -2.019518E-06 1 0 0 1 0.9919475 -0.001571983 0.1266396 0.9209579 1.683449E-10 0.389662 0 0 1 0 0 1 1.482516E-09 0.9219757 -0.3872477 0.9209579 1.683449E-10 -0.389662 1.058297E-07 4.416716E-08 1 -1.032957E-07 -2.512826E-07 1 0.9209579 -1.683449E-10 -0.389662 -1.482516E-09 0.9219757 0.3872477 -0.4999893 3.889964E-08 0.8660316 -0.4999893 3.889964E-08 0.8660316 0.4999893 3.889964E-08 0.8660316 0.4999893 3.889964E-08 0.8660316 1 0 0 1 0 0 -0.5000001 0 0.8660254 -0.4999999 0 0.8660254 -0.4999999 0 0.8660254 -0.4999999 0 0.8660254 -0.4999999 0 0.8660254 -1 0 0 -1 0 0 -0.4999893 -3.889964E-08 -0.8660316 0.4999893 -3.889964E-08 -0.8660316 -0.4999893 -3.889964E-08 -0.8660316 -0.4999893 -3.889964E-08 -0.8660316 0.4999893 -3.889964E-08 -0.8660316 0.4999999 0 0.8660254 0.4999999 0 0.8660254 0.4999999 0 0.8660254 0.5 0 0.8660254 0.5 0 0.8660254 0.5000001 0 0.8660253 -0.4999893 3.967792E-08 0.8660316 -0.4999893 5.186618E-08 0.8660316 0.4999893 3.889964E-08 0.8660316 0.4999893 3.889964E-08 0.8660316 1 0 0 1 0 0 -0.5000001 0 0.8660254 -0.533677 0 0.8456883 -0.5099689 0 0.8601928 -0.4661322 0 0.8847151 -0.4999999 0 0.8660254 -1 0 0 -1 0 0 -0.4999893 -3.889964E-08 -0.8660316 0.4999893 -3.889964E-08 -0.8660316 -0.4999893 -3.889964E-08 -0.8660316 -0.4999893 -3.889964E-08 -0.8660316 0.4999893 -3.889964E-08 -0.8660316 0.5 0 0.8660254 0.5000001 0 0.8660254 0.5 0 0.8660254 0.5 0 0.8660254 0.5 0 0.8660254 0.5000001 0 0.8660254 0.9999965 0.002631996 0 1 0 0 1 -1.47539E-05 0 1 0 0 -0.9999128 -0.01320648 0 -0.9260546 -2.600503E-08 -0.3773896 -0.8693841 -2.500291E-08 -0.4941369 -0.9408312 -2.277546E-08 -0.3388753 0 0.7455813 0.6664147 0 0.7455813 0.6664147 7.420082E-09 0.9137055 0.406377 -0.02223421 0.9997528 0 -0.01257786 -0.9999209 0 0.9999813 0.006113308 0 -0.005757235 -0.8769501 0.480547 0.006545531 -0.8236675 0.5670353 0.496282 -0.7584087 0.4225168 -0.0860533 -0.9764421 0.1978778 -0.9999999 0.0004772978 0 -0.9999463 0.01036106 0 -1 0.0001216383 0 -5.375078E-10 -0.728361 0.6851937 -0.9999959 0.002838866 0 -0.7267168 2.821242E-08 0.6869372 -0.7292222 4.166917E-08 0.684277 -0.7294354 2.875369E-08 0.6840498 1 0 0 1 0 0 -0.9997522 0.02226075 0 -0.9998362 0.01809918 0 -0.999731 0.02319257 0 0.7199055 0.6940721 1.41026E-09 0.7199055 0.6940721 -1.41026E-09 0.7199039 0.6940738 -2.942269E-09 -0.01782856 0.999841 0 -0.02367694 0.9997197 0 -0.02355033 0.9997227 0 -0.03476066 0.9993957 0 -0.004794193 0.9999885 0 -0.03579722 0.9993591 0 -0.0009155828 -0.9999995 2.618876E-08 1 0 0 0.03773826 0.9992877 0 0.03884957 0.999245 0 0.008815629 0.9017985 0.4320667 1.571923E-08 -0.7455813 0.6664147 4.113438E-10 -0.7455813 0.6664147 -4.334755E-09 -0.7203525 0.6936082 3.692101E-09 -0.7625015 0.6469865 -0.001831163 -0.9999983 1.392806E-06 -0.9260546 2.600503E-08 0.3773896 -0.9408312 2.277546E-08 0.3388753 0.9999846 -0.005554453 7.1089E-09 0.9999846 -0.005554453 7.736287E-09 0.0009155828 -0.9999995 0 0 -1 0 0.02638574 0.9996518 0 0.02732144 0.9996267 0 -0.7215577 0.002667383 0.6923491 -0.7163441 0.002686117 0.6977421 -0.7193779 0.002657628 0.6946139 -0.9999989 0.001465849 0 -0.9999987 0.001572607 0 -0.005602215 0.7140092 0.7001139 0.005014535 0.760825 0.6489378 -0.00717271 0.7166302 0.6974165 0.9999999 -0.0002735589 0 0.9999913 -0.004170096 0 0.9999961 -0.00279943 0 0.9999873 0.005035223 0 0.9999987 0.001582665 0 0.9993659 0.03560494 0 0.999818 0.01907609 0 0.9999976 -0.002177737 0 4.153532E-09 0.9329883 0.3599066 -7.420082E-09 0.9137055 0.406377 0.7526955 2.141936E-08 0.6583688 0.750394 2.963307E-08 0.6609907 0.7695115 3.562393E-08 0.638633 0.7729766 3.103385E-08 0.6344345 -0.8633844 -0.1581653 -0.479115 -0.9836349 -0.1801729 0 8.134297E-07 -0.8762949 0.4817751 7.448776E-07 -0.824192 0.5663104 0.7199039 -0.6940738 -2.942269E-09 0.7199039 -0.6940738 2.942269E-09 -0.3802401 0.9248878 0 -0.3802401 0.9248878 0 0.825187 3.333634E-09 -0.5648596 0.964873 0.1553823 -0.2118405 -1.421346E-07 -3.457921E-07 -1 9.823589E-07 -2.389739E-06 -1 8.705547E-07 -2.117758E-06 -1 -3.03407E-08 -7.381433E-08 -1 -0.9999993 -0.001128259 0 -0.9084198 0.002046933 -0.4180541 -0.9999998 -0.0006533994 0 -1 0 0 -0.9999871 0.005075297 0 -1 0 0 -0.9999128 -0.01320648 0 -0.9051449 -0.01910356 0.4246738 0.9998142 0.01927609 0 -0.9126567 1.732272E-08 0.408727 -0.9289908 2.067631E-08 0.3701029 -0.8485687 2.261198E-08 0.5290853 -7.479036E-09 0.8994401 -0.4370441 0 0.7132901 -0.7008689 0 0.7132901 -0.7008689 -0.02223413 0.9997528 0 -0.01452524 0.9998945 0 -0.921887 -0.1516133 -0.3565637 0.01257786 0.9999209 0 0.9999912 0.00419587 0 0.9999813 0.006113308 0 -0.007149185 -0.8564129 -0.5162418 -0.09859753 -0.9729382 -0.2089733 0.486073 -0.7454597 -0.4560952 0.006420927 -0.7989184 -0.6014052 -0.9999999 0.0004772978 0 -1 0.0001216383 0 -0.9999463 0.01036106 0 -5.375078E-10 -0.728361 -0.6851937 -0.9999959 0.002838866 0 -0.7267168 -2.444613E-08 -0.6869372 -0.7294353 -4.05337E-08 -0.6840498 -0.7292222 -2.784016E-08 -0.684277 -0.9997522 0.02226075 0 -0.999731 0.02319257 0 -0.9998362 0.01809918 0 1 0.0002060901 0 0.9999999 0.0002717512 0 1 6.631148E-05 0 1 0 0 -0.01782856 0.999841 0 -0.02355033 0.9997227 0 -0.02367694 0.9997197 0 -0.03476066 0.9993957 0 -0.03579722 0.9993591 0 -0.008385773 0.9017239 -0.4322311 -0.004794193 0.9999885 0 0.03773826 0.9992877 0 0.008815616 0.9017985 -0.4320667 0.03884957 0.999245 0 7.912979E-10 -0.7132901 -0.7008689 1.571625E-08 -0.7132901 -0.7008689 -4.334755E-09 -0.7203525 -0.6936082 3.692101E-09 -0.7625015 -0.6469865 -0.9126567 -1.732272E-08 -0.408727 -0.9289908 -2.067631E-08 -0.3701029 0.9999873 0.005035223 0 0.9999999 -0.0002735589 0 -0.4918784 0.8706639 0 -0.9999989 0.001465849 0 -0.9999987 0.001572607 0 0.9999961 -0.00279943 0 0.9999995 -0.001015164 0 0.9999951 -0.003153512 0 1 0 0 0.9993659 0.03560494 0 0.9974692 0.07109942 0 7.479036E-09 0.8994401 -0.4370441 -3.996043E-09 0.9205681 -0.3905821 0.005852878 0.7316124 -0.6816958 0.007197327 0.7284076 -0.6851063 -0.006428481 0.7175111 -0.6965173 -0.007383028 0.7084498 -0.7057226 0.7526956 -3.058188E-08 -0.6583688 0.7695115 -3.313123E-08 -0.6386331 0.750394 -4.132879E-08 -0.6609908 -0.9836349 -0.1801729 0 -0.8633844 -0.1581653 0.479115 7.232626E-07 -0.7995185 -0.6006415 7.959715E-07 -0.855478 -0.517839 0.9648827 -0.1546174 -0.2123557 0.8376048 -0.1311094 -0.5303099 0.8374839 0.1278698 0.5312908 0.9497789 0.2912176 0.1145098 1.349466E-08 0.82695 0.5622754 0.8361605 -0.2375676 0.4943655 0.825187 -2.332607E-08 -0.5648596 0.9209579 -1.634784E-08 -0.389662 0.9209579 -2.350066E-08 -0.389662 0.825187 -3.665124E-08 -0.5648596 0.825187 1.66588E-08 0.5648596 0.9209579 1.668453E-08 0.389662 0.9209579 1.975591E-08 0.389662 0.825187 3.519437E-08 0.5648596 -4.977391E-07 -1.210827E-06 -1 -2.582425E-08 -6.282147E-08 -1 -0.01313454 0.9999138 0 0.0002480382 0.9999999 0 -0.002142678 0.9999977 0 -0.01367011 0.9999065 0 0.7081654 0.002650248 -0.7060416 0.6980863 0.002612294 -0.716009 0.7044017 0.002641068 -0.7097967 0.7135274 0.002675411 -0.7006223 -0.01313454 0.9999138 0 -0.01367011 0.9999065 0 -0.002142678 0.9999977 0 0.0002480382 0.9999999 0 1 0.0002060901 0 1 0 0 0.9999999 0.0002717512 0 0.9999987 0.001582665 0 0.999818 0.01907609 0 -0.005602215 0.7140092 -0.7001139 -0.00717271 0.7166302 -0.6974165 0.004842219 0.7370735 -0.6757952 0.005014535 0.760825 -0.6489378 -0.7215577 0.002667314 -0.6923491 -0.7193779 0.002657577 -0.6946139 -0.7129114 0.002672293 -0.7012491 -0.7163441 0.002686048 -0.697742 0.02638574 0.9996518 0 0.02732144 0.9996267 0 0.01513488 0.9998854 0 0.0148855 0.9998892 0 0.7135274 0.00267548 0.7006222 0.7044017 0.002641137 0.7097967 0.005852913 0.7316124 0.6816957 -0.007383028 0.7084498 0.7057226 -0.006428481 0.7175111 0.6965173 0.007197327 0.7284076 0.6851063 0.4918784 -0.8706639 0 0.4813383 -0.8765349 0 0.9974692 0.07109942 0 0.9999995 -0.001015164 0 1 0 0 0.9999951 -0.003153512 0 0.9999911 -0.004219648 0 0.001831163 -0.9999983 0 0.001831163 -0.9999983 0 -0.3802033 0.924903 0 -0.3802033 0.924903 0 0.837342 0.2154227 0.5024455 0.964873 0.1553822 0.2118406 -1.104666E-07 -2.68727E-07 1 0 0 1 8.301693E-07 -2.019515E-06 1 9.406371E-07 -2.288244E-06 1 0.9648809 -0.1546217 0.2123604 0.8376048 -0.1311095 0.5303099 0.837484 0.1278703 -0.5312907 0.9497789 0.2912175 -0.1145098 0.9495012 -0.2924963 -0.113549 0.8361605 -0.2375673 -0.4943655 0.825187 3.665124E-08 0.5648596 0.825187 3.333634E-09 0.5648596 0.9209579 -1.683449E-10 0.389662 0.9209579 3.031678E-08 0.389662 0.825187 -3.519437E-08 -0.5648596 0.825187 3.333634E-09 -0.5648596 0.9209579 -1.683449E-10 -0.389662 0.9209579 -3.286403E-08 -0.389662 -1.03297E-07 -2.512859E-07 1 -1.990956E-06 -4.843308E-06 1 0.01257786 0.9999209 0 -0.9999729 0.00735357 0 0 -1 0 0 -1 0 0.7199322 -0.6940445 -7.411139E-10 0.7199322 -0.6940445 7.411139E-10 0.9924153 -0.01192647 0.1223504 0.9923298 0.009807914 0.1232293 5.824604E-10 0.9219711 0.3872586 -5.824604E-10 0.9219711 -0.3872586 0.9228664 -0.3851202 0 0.9228664 -0.3851202 0 0.837342 0.2154229 -0.5024455 -0.9999774 0.006728036 0 -0.9999986 0.001674413 0 -0.01257786 -0.9999209 0 -0.9999729 0.00735357 0 0.9989606 0.04558246 0 0.9987155 0.0506681 0 -0.03264878 0.9994669 0 -0.0331618 0.99945 0 0.9998574 -0.01688544 0 0.4813383 -0.8765349 0 0.4918784 -0.8706639 0 0.7002806 0.60877 -0.3728354 0.6624616 -0.6554332 0.3627011 0.9495003 -0.2924986 0.1135515 0.9148063 -0.1720159 0.365431 0.9998574 -0.01688544 0 -0.4918784 0.8706639 0 -0.0331618 0.99945 0 -0.03264878 0.9994669 0 -0.4667095 0.8844107 0 0.9989606 0.04558243 0 0.9987155 0.05066806 0 0.9923302 0.009807783 -0.1232253 0.9924158 -0.01192634 -0.1223465 -5.824604E-10 0.9219711 0.3872586 5.824604E-10 0.9219711 -0.3872586 0.9228555 -0.3851462 0 0.9228555 -0.3851462 0 0.825187 3.333634E-09 0.5648596 0.7002819 0.6087682 0.3728357 0.662463 -0.6554315 -0.3627015 0.9148064 -0.1720157 -0.3654311 -7.398976E-09 0.82696 -0.5622607  
			<SubMeshes>: 1
				<SubMesh>: 0 924 0 2 3 0 3 1 170 4 5 170 5 171 172 6 7 172 7 173 174 8 9 174 9 175 11 176 177 177 178 11 177 179 178 179 180 178 10 181 182 10 182 183 184 185 186 184 186 187 188 189 190 190 191 188 190 192 191 192 193 191 12 14 15 12 15 13 194 16 17 194 17 195 196 18 19 196 19 197 198 20 21 198 21 199 23 200 201 201 202 23 202 203 23 202 204 203 22 205 206 22 206 207 208 209 210 208 210 211 212 213 214 214 215 212 214 216 215 216 217 215 32 31 62 32 62 61 67 71 53 67 53 41 42 70 69 42 69 43 24 30 29 29 218 24 218 219 24 220 25 44 44 45 220 45 221 220 222 67 41 222 41 50 66 68 28 66 28 40 223 72 224 223 224 225 65 226 227 65 227 228 26 46 56 26 56 229 53 71 230 53 476 52 68 231 39 68 39 28 232 233 234 232 234 235 236 237 477 236 477 238 60 239 36 60 36 37 240 27 58 240 58 57 241 242 38 241 38 243 244 245 110 244 110 98 246 240 247 246 247 248 249 250 251 249 251 109 252 253 254 252 254 59 255 256 51 255 51 257 97 478 479 97 479 258 107 259 244 107 244 98 260 261 262 260 262 476 232 263 264 232 264 233 111 54 55 111 55 112 265 33 34 265 34 266 113 97 258 113 258 267 268 269 43 268 43 69 270 271 54 270 54 111 96 272 273 96 273 108 274 47 63 274 63 275 276 277 48 276 48 278 279 236 238 279 238 280 281 282 35 281 35 283 284 285 286 284 286 287 288 289 290 288 290 291 226 292 293 226 293 227 294 295 296 294 296 297 222 50 298 222 298 299 263 300 301 263 301 264 480 302 303 480 303 481 134 131 74 134 74 77 142 135 78 142 78 79 145 144 141 141 140 145 482 136 483 482 133 136 484 137 485 484 132 137 75 76 139 75 139 138 143 142 79 143 79 80 486 304 305 486 305 487 130 139 76 130 76 73 306 132 484 488 133 307 308 309 310 308 310 311 89 118 119 89 119 88 124 312 313 124 313 128 99 100 126 99 126 127 314 86 87 87 81 314 81 315 314 102 101 82 489 316 490 316 317 490 318 319 312 318 312 124 123 320 85 123 85 125 321 322 323 321 323 129 122 324 325 122 325 326 83 327 328 83 328 103 313 329 330 313 491 128 125 85 331 125 331 332 333 334 335 333 335 336 337 338 492 337 492 339 117 94 93 117 93 340 341 114 115 341 115 84 342 343 95 342 95 344 345 346 347 345 347 341 348 349 350 348 350 351 352 116 353 352 353 354 355 356 357 355 357 358 359 330 360 359 360 361 333 336 362 333 362 363 364 365 91 364 91 90 366 126 100 366 100 367 493 494 368 493 368 369 370 121 495 370 495 496 371 372 338 371 338 337 369 368 373 369 373 104 374 106 375 374 375 376 377 378 497 377 498 499 326 325 379 326 379 380 381 382 383 381 383 384 385 92 386 385 386 387 318 388 389 318 389 319 363 362 390 363 390 391 392 136 500 392 500 393 394 501 483 394 483 395 396 140 141 502 503 397 398 399 400 398 400 401 307 133 482 307 482 502 402 403 404 402 404 405 395 483 136 395 136 392 73 406 407 73 407 130 408 409 410 408 410 411 412 413 414 412 414 415 416 417 418 416 418 419 420 421 105 420 105 422 423 120 424 423 424 377 425 426 427 425 427 428 429 430 431 429 431 432 433 434 435 433 435 436 64 437 438 64 438 49 439 440 441 439 441 442 289 443 444 289 504 445 446 447 448 446 448 449 505 506 507 505 507 508 509 284 287 509 287 510 450 272 96 450 96 451 158 150 147 158 147 155 166 152 151 166 151 159 164 165 168 168 169 164 511 157 512 511 160 157 513 156 514 513 161 156 148 162 163 148 163 149 167 153 152 167 152 166 515 516 452 515 452 453 154 146 149 154 149 163 454 455 157 517 514 156 456 457 458 456 458 459 460 461 518 460 518 160 462 463 511 462 511 519 464 465 520 521 165 164 466 467 468 466 468 469 455 464 512 455 512 157 470 471 472 470 472 473 463 460 160 463 160 511 146 154 474 146 474 475  
		</Mesh>
		<Materials>: 1
			<Material>: 0
				<AlbedoColor>: 1 1 1 1
				<EmissiveColor>: 0 0 0 0
				<Glossiness>: 0
				<Metallic>: 0
				<SpecularHighlight>: 1
				<GlossyReflection>: 1
				<AlbedoMap>: BLD_Cabins1_A
				<MetallicMap>: BLD_Cabins1_MS
				<NormalMap>: BLD_Cabins1_N
				<EmissionMap>: null
				<DetailAlbedoMap>: DET_Concrete1_A
				<DetailNormalMap>: DET_Concrete1_N
		</Materials>
		<Children>: 0
	</Frame>
</Hierarchy>
