<Hierarchy>:
	<Frame>: 0 5 Cabin2_Stairs
		<Transform>: 0 0 0 0 0 0 1 1 1 0 0 0 1  
		<TransformMatrix>: 1 0 0 0 0 1 0 0 0 0 1 0 0 0 0 1  
		<Mesh>: 230 Cabin2_Stairs
			<Bounds>: -0.06629544 0.4462984 0.8607543 1.043376 0.5150278 0.8573216
			<Positions>: 230 0.486269 0.002500372 1.718076 -0.7136089 0.949318 0.1741357 -0.8843744 0.949318 0.1741357 0.6570337 0.002500372 1.718076 0.486269 0.9493179 0.1858389 0.6570337 0.9493179 0.1858389 0.486269 -0.06872945 1.69114 -0.7136089 0.002500501 1.706372 -0.8843744 0.002500501 1.706372 0.6570337 -0.06872945 1.69114 0.486269 0.8809031 0.1550072 0.6570337 0.8809031 0.1550072 -0.8843744 -0.06872919 1.679437 -0.7136089 -0.06872919 1.679437 -0.8843744 0.8809031 0.143304 -0.7136089 0.8809031 0.143304 -1.024454 0.9613262 0.004291417 -1.024454 0.8847635 0.004291417 -1.048878 0.9613262 0.4645008 -1.048878 0.8847635 0.4645008 0.9770806 0.9613262 0.003432788 0.9770806 0.8847635 0.003432789 0.9485368 0.9613262 0.4682121 0.9485368 0.8847635 0.4682121 -1.088392 0.8093829 0.3090382 -1.088392 0.7328203 0.3090382 -1.10839 0.8093829 0.7588316 -1.10839 0.7328203 0.7588316 0.8714867 0.8093829 0.2982565 0.8714867 0.7328203 0.2982565 0.8832386 0.809383 0.7588443 0.8832386 0.7328203 0.7588443 -1.053859 0.6205153 0.5583473 -1.053859 0.5439528 0.5583473 -1.078283 0.6205155 1.018557 -1.078283 0.5439528 1.018557 0.9770806 0.6205153 0.5580812 0.9770806 0.5439528 0.5580812 0.9770806 0.6205155 1.018783 0.9770806 0.5439528 1.018783 -1.10839 0.4316479 0.8604997 -1.10839 0.3550853 0.8604997 -1.10839 0.4316479 1.321201 -1.10839 0.3550853 1.321201 0.8858333 0.4316479 0.8604872 0.8858333 0.3550853 0.8604872 0.8975852 0.431648 1.321075 0.8975852 0.3550853 1.321075 -1.085247 0.2282796 1.149779 -1.085247 0.151717 1.149779 -1.109671 0.2282796 1.609988 -1.109671 0.151717 1.609988 0.9668863 0.2282796 1.152184 0.9668863 0.151717 1.152184 0.9770806 0.2282796 1.610847 0.9770806 0.151717 1.610847 -0.06565547 0.8646219 0.4641344 -0.06565547 0.9411844 0.4641344 -0.06565547 0.8646217 0.003432789 -0.06565547 0.9411844 0.003432788 -0.06565547 0.523811 1.018783 -0.06565547 0.6003737 1.018783 -0.06565547 0.523811 0.5580812 -0.06565547 0.6003737 0.5580812 -0.06565547 0.1315753 1.610847 -0.06565547 0.2081379 1.610847 -0.06565547 0.1315753 1.150145 -0.06565547 0.2081379 1.150145 0.02966928 0.3160474 1.321201 0.02966928 0.39261 1.321201 0.02966928 0.3160474 0.8604997 0.02966928 0.39261 0.8604997 -1.036889 0.8847635 0.2385965 -1.036889 0.9613262 0.2385965 0.9485368 0.8847635 0.2420662 0.9485368 0.9613262 0.2420662 -0.06565547 0.8646218 0.2379885 -0.06565547 0.9411844 0.2379885 -1.067673 0.5439528 0.8186309 -1.067673 0.6205155 0.8186309 0.9770806 0.5439528 0.8186432 0.9770806 0.6205155 0.8186432 -0.06565547 0.523811 0.8186432 -0.06565547 0.6003737 0.8186432 -1.096171 0.151717 1.355612 -1.096171 0.2282796 1.355612 0.9668863 0.151717 1.358238 0.9668863 0.2282796 1.358238 -0.06565547 0.1315753 1.356199 -0.06565547 0.2081379 1.356199 -1.10839 0.7328203 0.4740672 -1.10839 0.8093829 0.4740672 0.8759746 0.7328203 0.4741502 0.8759746 0.8093829 0.4741502 0.486269 0.8809031 0.1550072 0.486269 -0.06872945 1.69114 0.6570337 -0.06872945 1.69114 0.6570337 0.8809031 0.1550072 -0.7136089 -0.06872919 1.679437 -0.8843744 -0.06872919 1.679437 0.6570337 0.002500372 1.718076 0.486269 0.002500372 1.718076 0.486269 -0.06872945 1.69114 0.6570337 -0.06872945 1.69114 -0.8843744 0.002500501 1.706372 -0.8843744 0.8809031 0.143304 -0.8843744 -0.06872919 1.679437 -0.7136089 0.002500501 1.706372 -0.7136089 -0.06872919 1.679437 -0.7136089 0.8809031 0.143304 0.6570337 0.002500372 1.718076 0.6570337 0.9493179 0.1858389 0.486269 0.9493179 0.1858389 0.486269 0.002500372 1.718076 -0.7136089 0.002500501 1.706372 -0.7136089 0.949318 0.1741357 -0.8843744 0.949318 0.1741357 -0.8843744 0.002500501 1.706372 -0.06565547 0.9411844 0.4641344 0.9485368 0.9613262 0.4682121 0.9485368 0.9613262 0.2420662 -0.06565547 0.8646219 0.4641344 -1.048878 0.8847635 0.4645008 -1.036889 0.8847635 0.2385965 -1.10839 0.7328203 0.7588316 -1.10839 0.8093829 0.7588316 0.8714867 0.7328203 0.2982565 0.8714867 0.8093829 0.2982565 -1.10839 0.8093829 0.4740672 -1.10839 0.8093829 0.7588316 0.8832386 0.809383 0.7588443 0.8759746 0.8093829 0.4741502 0.8759746 0.7328203 0.4741502 0.8832386 0.7328203 0.7588443 -1.10839 0.7328203 0.7588316 -1.10839 0.7328203 0.4740672 -0.06565547 0.6003737 1.018783 0.9770806 0.6205155 1.018783 0.9770806 0.6205155 0.8186432 -0.06565547 0.523811 1.018783 -1.078283 0.5439528 1.018557 -1.067673 0.5439528 0.8186309 0.8975852 0.3550853 1.321075 0.8975852 0.431648 1.321075 -1.10839 0.3550853 0.8604997 -1.10839 0.4316479 0.8604997 0.02966928 0.39261 0.8604997 0.02966928 0.39261 1.321201 0.8975852 0.431648 1.321075 0.8858333 0.4316479 0.8604872 0.02966928 0.3160474 0.8604997 0.02966928 0.3160474 1.321201 -1.10839 0.3550853 1.321201 -1.10839 0.3550853 0.8604997 -0.06565547 0.2081379 1.610847 0.9770806 0.2282796 1.610847 0.9668863 0.2282796 1.358238 -0.06565547 0.1315753 1.610847 -1.109671 0.151717 1.609988 -1.096171 0.151717 1.355612 0.9668863 0.151717 1.358238 0.9770806 0.151717 1.610847 -1.096171 0.2282796 1.355612 -1.109671 0.2282796 1.609988 0.9668863 0.151717 1.152184 0.9668863 0.2282796 1.152184 -1.109671 0.151717 1.609988 -1.109671 0.2282796 1.609988 0.9770806 0.5439528 0.8186432 0.9770806 0.5439528 1.018783 -1.067673 0.6205155 0.8186309 -1.078283 0.6205155 1.018557 0.9770806 0.5439528 0.5580812 0.9770806 0.6205153 0.5580812 -1.078283 0.5439528 1.018557 -1.078283 0.6205155 1.018557 0.9485368 0.8847635 0.2420662 0.9485368 0.8847635 0.4682121 -1.036889 0.9613262 0.2385965 -1.048878 0.9613262 0.4645008 0.9770806 0.8847635 0.003432789 0.9770806 0.9613262 0.003432788 -1.048878 0.8847635 0.4645008 -1.048878 0.9613262 0.4645008 0.8858333 0.3550853 0.8604872 0.8975852 0.3550853 1.321075 -1.10839 0.4316479 0.8604997 -1.10839 0.4316479 1.321201 0.8858333 0.3550853 0.8604872 0.8858333 0.4316479 0.8604872 -1.10839 0.3550853 1.321201 -1.10839 0.4316479 1.321201 -1.024454 0.9613262 0.004291417 -0.06565547 0.9411844 0.003432788 0.9770806 0.8847635 0.003432789 -0.06565547 0.8646217 0.003432789 -1.024454 0.8847635 0.004291417 0.9770806 0.9613262 0.003432788 0.9485368 0.8847635 0.4682121 0.9485368 0.9613262 0.4682121 -1.024454 0.8847635 0.004291417 -1.024454 0.9613262 0.004291417 -1.053859 0.6205153 0.5583473 -0.06565547 0.6003737 0.5580812 0.9770806 0.5439528 0.5580812 -0.06565547 0.523811 0.5580812 -1.053859 0.5439528 0.5583473 0.9770806 0.6205153 0.5580812 0.9770806 0.5439528 1.018783 0.9770806 0.6205155 1.018783 -1.053859 0.5439528 0.5583473 -1.053859 0.6205153 0.5583473 -1.085247 0.2282796 1.149779 -0.06565547 0.2081379 1.150145 0.9668863 0.151717 1.152184 -0.06565547 0.1315753 1.150145 -1.085247 0.151717 1.149779 0.9668863 0.2282796 1.152184 0.9770806 0.151717 1.610847 0.9770806 0.2282796 1.610847 -1.085247 0.151717 1.149779 -1.085247 0.2282796 1.149779 0.8714867 0.7328203 0.2982565 -1.088392 0.7328203 0.3090382 -1.088392 0.8093829 0.3090382 0.8714867 0.8093829 0.2982565 0.8832386 0.7328203 0.7588443 0.8832386 0.809383 0.7588443 -1.088392 0.7328203 0.3090382 -1.088392 0.8093829 0.3090382  
			<Colors>: 0  
			<TextureCoords0>: 230 0.7260742 0.05859375 0.7495117 0.4541016 0.7270508 0.4541016 0.7495117 0.05859375 0.7260742 0.4541016 0.7495117 0.4541016 0.7983398 0.05859375 0.7773438 0.3691406 0.7773438 0.4375 0.7753906 0.05859375 0.7983398 0.4550781 0.7753906 0.4550781 0.7495117 0.4375 0.7495117 0.3691406 0.7983398 0.4550781 0.7753906 0.4550781 0.7568359 0.4379883 0.7470703 0.4379883 0.7758789 0.1621094 0.7646484 0.1621094 0.7758789 0.25 0.7646484 0.25 0.7568359 0.1279297 0.7470703 0.1279297 0.7568359 0.4379883 0.7470703 0.4379883 0.7758789 0.1621094 0.7646484 0.1621094 0.7758789 0.25 0.7646484 0.25 0.7568359 0.1279297 0.7470703 0.1279297 0.7568359 0.4379883 0.7470703 0.4379883 0.7758789 0.1621094 0.7646484 0.1621094 0.7758789 0.25 0.7646484 0.25 0.7568359 0.1279297 0.7470703 0.1279297 0.7758789 0.25 0.7646484 0.25 0.7758789 0.1621094 0.7646484 0.1621094 0.7758789 0.25 0.7646484 0.25 0.7568359 0.1279297 0.7470703 0.1279297 0.7568359 0.4379883 0.7470703 0.4379883 0.7758789 0.1621094 0.7646484 0.1621094 0.7758789 0.25 0.7646484 0.25 0.7568359 0.1279297 0.7470703 0.1279297 0.7470703 0.282959 0.7568359 0.282959 0.7470703 0.282959 0.7568359 0.282959 0.7470703 0.282959 0.7568359 0.282959 0.7470703 0.282959 0.7568359 0.282959 0.7470703 0.282959 0.7568359 0.282959 0.7470703 0.282959 0.7568359 0.282959 0.7470703 0.282959 0.7568359 0.282959 0.7470703 0.282959 0.7568359 0.282959 0.7646484 0.2052525 0.7758789 0.2052525 0.7646484 0.2052525 0.7758789 0.2052525 0.282077 0.75 0.282077 0.75 0.7646484 0.2002912 0.7758789 0.2002911 0.7646484 0.2002911 0.7758789 0.2002912 0.3212812 0.75 0.3212811 0.75 0.7646484 0.21069 0.7758789 0.21069 0.7646484 0.21069 0.7758789 0.21069 0.2797811 0.75 0.2797811 0.75 0.7646484 0.2164355 0.7758789 0.2164355 0.7646484 0.2164355 0.7758789 0.2164356 0.7006836 0.4550781 0.7006836 0.05859375 0.7753906 0.05859375 0.7753906 0.4550781 0.7753906 0.05859375 0.7983398 0.05859375 0.7773438 0.3691406 0.7773438 0.4375 0.7495117 0.4375 0.7495117 0.3691406 0.7270508 0.05859375 0.7006836 0.4550781 0.7006836 0.05859375 0.7495117 0.05859375 0.7753906 0.05859375 0.7753906 0.4550781 0.7495117 0.05859375 0.7495117 0.4541016 0.7260742 0.4541016 0.7260742 0.05859375 0.7495117 0.05859375 0.7495117 0.4541016 0.7270508 0.4541016 0.7270508 0.05859375 0.300293 0.75 0.300293 0.8203125 0.282077 0.8203125 0.300293 0.75 0.300293 0.6787109 0.282077 0.6787109 0.7470703 0.4379883 0.7568359 0.4379883 0.7470703 0.1279297 0.7568359 0.1279297 0.3642693 0.6787109 0.387207 0.6787109 0.387207 0.8203125 0.3642693 0.8203125 0.3642693 0.8203125 0.387207 0.8203125 0.387207 0.6787109 0.3642693 0.6787109 0.3374023 0.75 0.3374023 0.8203125 0.3212812 0.8203125 0.3374023 0.75 0.3374023 0.6787109 0.3212812 0.6787109 0.7646484 0.1621094 0.7758789 0.1621094 0.7470703 0.4379883 0.7568359 0.4379883 0.3129883 0.75 0.3500977 0.75 0.3500977 0.8203125 0.3129883 0.8203125 0.3129883 0.75 0.3500977 0.75 0.3500977 0.6787109 0.3129883 0.6787109 0.300293 0.75 0.300293 0.8203125 0.2797812 0.8203125 0.300293 0.75 0.300293 0.6787109 0.2797811 0.6787109 0.2797811 0.8203125 0.300293 0.8203125 0.2797811 0.678711 0.300293 0.6787109 0.7470703 0.1279297 0.7568359 0.1279297 0.7470703 0.4379883 0.7568359 0.4379883 0.3212812 0.8203125 0.3374023 0.8203125 0.3212812 0.6787109 0.3374023 0.6787109 0.7470703 0.1279297 0.7568359 0.1279297 0.7470703 0.4379883 0.7568359 0.4379883 0.282077 0.8203125 0.300293 0.8203125 0.282077 0.6787109 0.300293 0.6787109 0.7470703 0.1279297 0.7568359 0.1279297 0.7470703 0.4379883 0.7568359 0.4379883 0.3129883 0.8203125 0.3500977 0.8203125 0.3129883 0.6787109 0.3500977 0.6787109 0.7470703 0.1279297 0.7568359 0.1279297 0.7470703 0.4379883 0.7568359 0.4379883 0.2631836 0.6787109 0.2631836 0.75 0.2631836 0.8203125 0.2631836 0.75 0.2631836 0.6787109 0.2631836 0.8203125 0.7646484 0.1621094 0.7758789 0.1621094 0.7646484 0.25 0.7758789 0.25 0.300293 0.6787109 0.300293 0.75 0.300293 0.8203125 0.300293 0.75 0.300293 0.6787109 0.300293 0.8203125 0.7646484 0.1621094 0.7758789 0.1621094 0.7646484 0.25 0.7758789 0.25 0.2631836 0.6787109 0.2631836 0.75 0.2631836 0.8203125 0.2631836 0.75 0.2631836 0.6787109 0.2631836 0.8203125 0.7646484 0.1621094 0.7758789 0.1621094 0.7646484 0.25 0.7758789 0.25 0.3500977 0.8203125 0.3500977 0.6787109 0.3500977 0.6787109 0.3500977 0.8203125 0.7646484 0.1621094 0.7758789 0.1621094 0.7646484 0.25 0.7758789 0.25  
			<TextureCoords1>: 230 0.9441926 0.8091512 0.9401343 0.6396095 0.5104361 0.7873268 0.5138418 0.7483875 0.5104361 0.8092344 0.9475983 0.7483875 0.4388172 0.006965399 0.992725 0.8088137 0.9516013 0.8088137 0.4388175 0.04808885 0.00390625 0.006965399 0.003906527 0.04808885 0.9516013 0.8271526 0.992725 0.8271526 0.4955919 0.3535424 0.4955921 0.3946661 0.9924445 0.9410603 0.9924445 0.9594981 0.6065752 0.2187949 0.6065752 0.2372326 0.6079294 0.2411389 0.6079294 0.2595767 0.9914543 0.9138659 0.9914543 0.9323036 0.98242 0.8310589 0.98242 0.8494966 0.6042016 0.04004282 0.6042016 0.05848056 0.6065465 0.1517629 0.6065465 0.1702006 0.990059 0.8915218 0.990059 0.9099596 0.9919683 0.6615177 0.9919683 0.6799555 0.6065752 0.1964509 0.6065752 0.2148886 0.6065378 0.1070749 0.6065378 0.1255126 0.9978502 0.7159068 0.9978502 0.7343446 0.4955919 0.0847308 0.4955919 0.1031685 0.6065377 0.0847308 0.6065377 0.1031685 0.6065464 0.1294188 0.6065464 0.1478566 0.9935139 0.9682549 0.9935139 0.9866927 0.9970728 0.6887122 0.9970728 0.70715 0.6065752 0.1741069 0.6065752 0.1925446 0.6060963 0.06238681 0.6060963 0.08082455 0.5064365 0.7431014 0.5064365 0.7615391 0.7472153 0.9371541 0.7472153 0.9187164 0.7615473 0.9643486 0.7615473 0.9459109 0.7467392 0.7391951 0.7467392 0.7207574 0.7539898 0.684806 0.7539898 0.6663682 0.2553255 0.7663896 0.2553255 0.7479519 0.7515351 0.7120005 0.7515351 0.6935628 0.784503 0.9960938 0.784503 0.977656 0.7166169 0.8812417 0.7166169 0.8628039 0.5520965 0.2372326 0.5520965 0.2187949 0.5500522 0.2595767 0.5500522 0.2411389 0.2406333 0.4525385 0.2549587 0.3366914 0.5583615 0.2148886 0.5583615 0.1964509 0.5437894 0.1255126 0.5437894 0.1070748 0.2478148 0.6764467 0.255064 0.5615946 0.5452303 0.1925446 0.5452303 0.1741068 0.5564746 0.08082455 0.5564746 0.06238681 0.2553503 0.83162 0.2551144 0.9464721 0.5356248 0.05848056 0.5356248 0.04004282 0.5641741 0.1702006 0.5641741 0.1517628 0.5127839 0.8271526 0.947695 0.8271526 0.5103428 0.7663896 0.9452538 0.7663062 0.930503 0.3946661 0.9305027 0.3535424 0.9927247 0.7865685 0.9516013 0.7865685 0.9516013 0.8049074 0.9927247 0.8049074 0.9441926 0.7872435 0.512784 0.8052449 0.947695 0.8052449 0.5063778 0.6396095 0.5028788 0.6576115 0.9377898 0.6575281 0.9293485 0.3085128 0.4955919 0.3085128 0.4955919 0.3496362 0.9293485 0.3496362 0.9293485 0.2634829 0.4955919 0.2634829 0.4955919 0.3046066 0.9293485 0.3046066 0.2548574 0.2822312 0.01057074 0.2817034 0.01067199 0.3361636 0.2407344 0.3980783 0.00390625 0.3975503 0.006691861 0.4519576 0.5104362 0.9099596 0.5104362 0.8915218 0.5104361 0.8494966 0.5104361 0.8310589 0.9825014 0.5820044 0.9825014 0.5134276 0.5028787 0.5134245 0.5046279 0.5819844 0.9734655 0.4671322 0.9752146 0.3985724 0.4955919 0.3985754 0.4955922 0.4671522 0.2550639 0.5133971 0.003906257 0.5133971 0.00390625 0.5615946 0.2478146 0.6282492 0.00390625 0.6283038 0.006460984 0.6764498 0.4955919 0.1478566 0.4955919 0.1294188 0.9906837 0.8718406 0.9906837 0.8534029 0.2131284 0.1629409 0.2131284 0.0519951 0.00390625 0.0520252 0.006733245 0.1629437 0.2781349 0.2777957 0.278134 0.1668499 0.00390625 0.1668514 0.003907065 0.2777972 0.255064 0.885148 0.00390625 0.8853544 0.006410759 0.9461855 0.2553721 0.7702959 0.00390625 0.7704122 0.00713473 0.8316721 0.5040536 0.8312184 0.5065299 0.7703861 0.5033299 0.9464093 0.50653 0.885148 0.5028788 0.70715 0.5028788 0.6887124 0.00390625 0.7615391 0.003906256 0.7431014 0.4989726 0.6764468 0.4989724 0.6282492 0.4964178 0.5615971 0.4989724 0.5134511 0.5028788 0.6799555 0.5028788 0.6615177 0.5028788 0.7343446 0.5028788 0.7159069 0.4849199 0.4520105 0.4850209 0.3975503 0.4888999 0.3361108 0.4916855 0.2817034 0.5104362 0.9594981 0.5104362 0.9410603 0.5104362 0.9323036 0.5104362 0.9138659 0.48453 0.2777972 0.4873562 0.1668787 0.4873562 0.1629415 0.4873562 0.05199564 0.5104361 0.8718406 0.5104361 0.8534029 0.5104362 0.9866927 0.5104362 0.9682549 0.4860107 0.3925415 0.2550637 0.3931769 0.4916856 0.5094908 0.2405283 0.509024 0.00958106 0.5083884 0.00390625 0.393644 0.4955919 0.2595767 0.4955919 0.2411389 0.4955919 0.2372326 0.4955919 0.2187949 0.493092 0.6242785 0.2550642 0.6243429 0.4989726 0.7391951 0.247815 0.7391951 0.009786988 0.7391311 0.003906256 0.624343 0.4955919 0.1255126 0.4955919 0.1070748 0.4955919 0.2148886 0.4955919 0.1964509 0.5007406 0.9959801 0.2551552 0.9960938 0.5040359 0.8808401 0.2553326 0.8812417 0.009747088 0.8812417 0.00645154 0.9958072 0.4955919 0.08082455 0.4955919 0.06238681 0.4955919 0.1925446 0.4955919 0.1741068 0.9723848 0.5094908 0.5004082 0.5068944 0.9776853 0.6217465 0.5057086 0.624343 0.4955919 0.1702006 0.4955919 0.1517628 0.4955919 0.05848056 0.4955919 0.04004282  
			<Normals>: 230 -1 0 0 1 0 0 -1 0 0 1 0 0 -1 0 0 1 0 0 0 -0.8505992 -0.5258144 0 -0.3536908 0.9353624 0 -0.3536908 0.9353624 0 -0.8505992 -0.5258144 0 -0.8505992 -0.5258144 0 -0.8505992 -0.5258144 0 -0.3536908 0.9353624 0 -0.3536908 0.9353624 0 -0.8505992 -0.5258144 0 -0.8505992 -0.5258144 -0.0008850635 0 -0.9999996 -0.01550398 -0.713946 -0.700029 -0.9985954 0 -0.05298172 -0.9985954 0 -0.05298172 0.9929243 0 0.1187481 0.9929243 0 0.1187481 -0.003998015 0 0.999992 0.01104778 -0.7016258 0.7124599 -0.005493417 0 -0.999985 -0.003723398 -0.7338452 -0.6793065 -1 0 0 -1 0 0 0.9996753 0 -0.02548324 0.9996753 0 -0.02548324 0 0 1 0 -0.7012997 0.7128665 -0.0002441555 0 -1 -0.01461879 -0.7139705 -0.7000231 -0.9985954 0 -0.05298172 -0.9985954 0 -0.05298172 1 0 0 1 0 0 0 0 1 0.01355063 -0.7026488 0.7114078 -1 0 0 -1 0 0 -1 0 0 -1 0 0 0.9996753 0 -0.02548324 0.9996753 0 -0.02548324 0.000122074 0 1 0.03137374 -0.6907105 0.7224505 0.0003357138 0 -1 -0.01376411 -0.7139941 -0.7000163 -0.9985954 0 -0.05298172 -0.9985954 0 -0.05298172 1 0 0 1 0 0 0 0 1 0.01345894 -0.6934557 0.7203736 -0.001525968 -0.7121692 0.7020062 -0.001800644 0 0.9999985 -0.0007629889 -0.7115939 -0.7025906 -0.0004272721 0 -0.9999999 -0.0003051957 -0.7115334 0.7026522 -9.155553E-05 0 1 -0.0003967464 -0.7113968 -0.7027904 -0.000122074 0 -1 -0.0002746763 -0.7114727 0.7027137 -0.0003967527 0 1 0.0007324718 -0.7111996 -0.7029898 0.001159738 0 -0.9999994 0.003967454 -0.7158813 0.6982108 6.103702E-05 0 1 0.003906425 -0.7157608 -0.6983346 0 0 -1 -0.9985954 0 -0.05298172 -0.9985954 0 -0.05298172 0.9982293 0 0.05948235 0.9982293 0 0.05948235 -0.000488311 -0.9999999 0 0.000488311 0.9999999 0 -0.9985954 0 -0.05298172 -0.9985954 0 -0.05298172 1 0 0 1 0 0 -0.0003967527 -0.9999999 -0.0002441555 0.0003967527 0.9999999 0.0002441555 -0.9985954 0 -0.05298172 -0.9985954 0 -0.05298172 0.9997972 0 -0.02014243 0.9997972 0 -0.02014243 -3.051851E-05 -1 -0.0003357036 3.051851E-05 1 0.0003357036 -0.9981837 0 -0.06024443 -0.9981837 0 -0.06024443 0.9996753 0 -0.02548324 0.9996753 0 -0.02548324 -1 0 0 -1 0 0 1 0 0 1 0 0 0 -0.8505992 -0.5258144 0 -0.8505992 -0.5258144 0 -0.3536908 0.9353624 0 -0.3536908 0.9353624 0 -0.3536908 0.9353624 0 -0.3536908 0.9353624 -1 0 0 -1 0 0 -1 0 0 1 0 0 1 0 0 1 0 0 0 0.8506928 0.5256631 0 0.8506928 0.5256631 0 0.8506928 0.5256631 0 0.8506928 0.5256631 0 0.8506928 0.5256631 0 0.8506928 0.5256631 0 0.8506928 0.5256631 0 0.8506928 0.5256631 0.0003357138 1 0.0002441555 -0.01983737 0.9998032 0 -0.01968483 0.9998061 -0.0006103822 -0.001525968 -0.7121692 0.7020062 -0.0139473 -0.6901625 0.72352 -0.02072268 -0.9997851 -0.0005493493 0 -0.7071068 0.7071068 0 0 1 -0.003845438 -0.7115585 -0.7026164 -0.005493417 0 -0.999985 0 1 0 0 1 0 0 1 0 0 1 0 0 -1 0 0 -0.7012997 0.7128665 0 -0.7071068 0.7071068 0 -1 0 0.0003357138 1 0.0002441555 -0.01928823 0.999814 0 -0.01928823 0.999814 0 -0.0003051957 -0.7115334 0.7026522 -0.01394712 -0.6904282 0.7232665 -0.02008142 -0.9997982 -0.0005188208 0.9996753 0 -0.02548324 0.9996753 0 -0.02548324 -0.02395774 -0.6990168 -0.7147038 0 0 -1 -0.005462898 0.9999851 0.0002746709 -0.005462898 0.9999851 0.0002746709 -0.04522907 0.9989765 0.0005493409 -0.04522907 0.9989765 0.0005493409 0.003906425 -0.7157608 -0.6983346 0.003967454 -0.7158813 0.6982108 -0.02395774 -0.6990168 0.7147038 -0.02395774 -0.6990168 -0.7147038 0 0.9999999 0.0004272721 -0.01937976 0.9998122 0.0003662316 -0.01944077 0.999811 0.0001831156 -0.0002746763 -0.7114727 0.7027137 -0.01397776 -0.6907087 0.7229979 -0.01950178 -0.9998097 -0.0004883075 0.01944077 -0.999811 -0.0001831156 0.01345894 -0.6934557 0.7203736 0.01950178 0.9998097 0.0004883075 0.01941026 0.9998115 0.0004883084 0.01510683 -0.7030321 -0.7109976 0.00195324 0 -0.9999981 -0.01397776 -0.6907087 0.7229979 -0.0007935053 0 0.9999998 0.01928823 -0.999814 0 0.01355063 -0.7026488 0.7114078 0.02008142 0.9997982 0.0005188208 0.0199899 0.9998 0.0005188217 0.01355063 -0.7026488 -0.7114078 0 0 -1 -0.01394712 -0.6904282 0.7232665 -0.0002136361 0 1 0.01968483 -0.9998061 0.0006103822 0.01104778 -0.7016258 0.7124599 0.02072268 0.9997851 0.0005493493 0.02060002 0.9997876 0.0005188153 0.01318444 -0.6745124 -0.7381457 0 0 -1 -0.0139473 -0.6901625 0.72352 0.0003662333 0 1 0.03173996 -0.7017583 -0.7117076 0.03137374 -0.6907105 0.7224505 0.03427307 0.9994125 0 0.03427307 0.9994125 0 0.03173996 -0.7017583 -0.7117076 0 0 -1 -0.02395774 -0.6990168 0.7147038 0 0 1 0.0208447 0.9997826 0.0005493479 0.0006103886 0.9999998 -0.0003051943 0.01318444 -0.6745124 -0.7381457 -0.0007629889 -0.7115939 -0.7025906 -0.01550398 -0.713946 -0.700029 -0.01956279 0.999808 -0.001159729 1 0 0 1 0 0 -0.9985954 0 -0.05298172 -0.9985954 0 -0.05298172 0.02023395 0.9997951 0.0005188192 0.0004577916 0.9999999 0.0002441555 0.01355063 -0.7026488 -0.7114078 -0.0003967464 -0.7113968 -0.7027904 -0.01461879 -0.7139705 -0.7000231 -0.01928823 0.999814 0 1 0 0 1 0 0 -0.9985954 0 -0.05298172 -0.9985954 0 -0.05298172 0.01962381 0.9998073 0.0005188255 6.103702E-05 1 0.0002441481 0.01510683 -0.7030321 -0.7109976 0.0007324718 -0.7111996 -0.7029898 -0.01376411 -0.7139941 -0.7000163 -0.01950178 0.9998098 0 0.9991871 0 -0.04031539 0.9991871 0 -0.04031539 -0.9985954 0 -0.05298172 -0.9985954 0 -0.05298172 -0.003845438 -0.7115585 -0.7026164 -0.003723398 -0.7338452 -0.6793065 0 1 0 0 1 0 0.9996753 0 -0.02548324 0.9996753 0 -0.02548324 -0.9927408 0 -0.120274 -0.9927408 0 -0.120274  
			<Tangents>: 230 0 0.9353273 0.3537837 0 -0.93411 -0.3569853 0 0.9340699 0.3570902 0 -0.9353574 -0.3537041 0 0.9340697 0.3570907 0 -0.9341097 -0.3569861 -1 0 0 0 0.9353624 0.3536908 0 0.9353624 0.3536908 -1 0 0 -1 0 0 -1 0 0 0 0.9353624 0.3536908 0 0.9353624 0.3536908 -1 0 0 -1 0 0 5.659224E-12 1 -4.57345E-15 -0.01580833 0.7002007 -0.713771 -4.493273E-08 1 8.468887E-07 0 1 0 -9.011021E-09 1 7.53466E-08 0 1 0 0 1 0 0.01087847 0.7125457 0.7015414 0 1 0 -0.004022274 0.6793168 -0.7338341 0 1 0 0 1 0 2.717333E-08 1 1.065976E-06 0 1 0 0 1 0 0 0.7128665 0.7012997 0 1 0 -0.0149068 0.7001759 -0.7138148 5.02912E-08 1 -9.478848E-07 0 1 0 0 1 7.424571E-07 0 1 0 0 1 0 0.01338136 0.7115369 0.7025213 0 1 0 0 1 0 0 1 0 0 1 0 0 1 0 0 1 0 0 1 0 0.02996713 0.7231313 0.6900602 0 1 0 -0.01403624 0.7001517 -0.7138562 -4.020048E-08 1 7.576957E-07 0 1 0 0 1 0 0 1 0 0 1 0 0.01295376 0.7204993 0.6933347 -0.001548056 0.7020079 0.7121674 0 1 0 -0.0007727656 0.702591 -0.7115934 5.167454E-12 1 -2.883448E-15 -0.0003090532 0.7026523 0.7115333 0 1 0 -0.0004016048 0.7027907 -0.7113966 0 1 0 -0.0002781001 0.7027137 0.7114727 0 1 0 0.0007410254 0.7029901 -0.7111992 0 1 0 0.004067797 0.698222 0.7158698 0 1 0 0.004003843 0.6983455 -0.7157496 0 1 0 -1.942218E-07 1 3.660677E-06 -1.941346E-07 1 3.659035E-06 -2.080239E-08 1 3.491045E-07 -2.075494E-08 1 3.483081E-07 -0.006189365 3.022335E-06 0.9999809 -0.002072601 1.012074E-06 0.9999979 1.944307E-07 1 -3.664616E-06 1.940302E-07 1 -3.657066E-06 0 1 3.66084E-06 0 1 3.668405E-06 -0.001438269 -0.0002435846 0.9999989 -0.002473956 -0.0002431732 0.9999969 -1.940578E-07 1 3.657587E-06 -1.943767E-07 1 3.663598E-06 0 1 0 0 1 0 -0.002244012 -0.0003356343 0.9999974 0.0001603452 -0.0003357085 0.9999999 0 1 0 0 1 0 9.362179E-08 1 3.672665E-06 9.32511E-08 1 3.658123E-06 0 0.9341015 0.3570075 0 0.9353574 0.3537041 0 -0.9353193 -0.3538048 0 -0.9340729 -0.3570823 -1 0 0 -1 0 0 0 0.9353624 0.3536908 0 0.9353624 0.3536908 0 0.9353624 0.3536908 0 0.9353624 0.3536908 0 0.9353271 0.3537842 0 0.9341017 0.3570071 0 0.9353572 0.3537046 0 -0.9353572 -0.3537046 0 -0.9353191 -0.3538053 0 -0.9340733 -0.3570815 1 0 0 1 0 0 1 0 0 1 0 0 1 0 0 1 0 0 1 0 0 1 0 0 -0.003876391 -0.0002428524 0.9999924 0 0 1 -0.054158 -0.000456693 0.9985323 0.001504187 0.7020045 0.7121709 -0.05072711 0.723147 0.6888288 -0.04892172 0.0004651974 0.9988025 0 0.7071068 0.7071068 0 1 0 -0.00389432 0.7026268 -0.7115479 0 1 0 -0.04230386 0 0.9991048 0 0 1 0.02316331 0 0.9997317 0.02255197 0 0.9997457 0.02408199 0 0.99971 0.03635833 0.7123951 0.7008361 0.003272361 0.707103 0.707103 -0.0405289 0 0.9991783 -0.003345031 -0.0002430312 0.9999944 5.050044E-09 9.741976E-11 1 6.70728E-09 1.293893E-10 1 0.0003013863 0.7026522 0.7115335 -0.0522773 0.7228511 0.6890235 -0.04811949 0.0004481782 0.9988415 0 1 0 0 1 0 -0.02341874 0.7151052 -0.6986244 0 1 0 0.003932074 -0.000253192 0.9999923 1.500499E-06 -0.0002746668 0.9999999 0.01744945 0.0002402111 0.9998477 0.02547937 0.0006038639 0.9996752 0.003811261 -0.6983242 0.7157715 0.001684673 0.6982202 0.7158811 0.02448102 0.7142844 0.6994272 -0.02448102 -0.7142844 0.6994272 -0.004109745 -0.0004272685 0.9999915 0.03401173 0.0002931745 0.9994214 0.02256472 0.0002556549 0.9997454 0.004571629 0.7027055 0.7114662 -0.05000387 0.7226467 0.6894066 -0.05002383 0.0004879507 0.9987479 0.01918202 0.0001898672 0.999816 0.04415616 0.7201482 0.6924137 -0.04849302 0.0004580546 0.9988234 -0.05298338 0.0005409006 0.9985952 0.01493421 0.7111581 -0.7028735 0 1 0 -0.01335101 0.7231331 0.6905796 0 1 0 0 0 1 -0.01371699 0.7112756 0.7027794 -0.05009012 0.0004878097 0.9987446 -0.0529872 0.0005412241 0.9985951 0.01338136 0.7115369 -0.7025213 0 1 0 -0.01331141 0.723401 0.6902999 0 1 0 -0.06258524 -0.0006229148 0.9980394 -0.01121699 0.7123716 0.7017128 -0.04920202 0.0004710148 0.9987887 -0.05298634 0.0005735549 0.9985951 0.01204593 0.7382635 -0.6744049 0 1 0 -0.0133018 0.7236544 0.6900343 0 1 0 0.05716388 -0.7096263 0.7022556 0.004086369 0.7228889 0.6909521 0 0 1 0 0 1 0.03126518 0.7124152 -0.7010615 0 1 0 -0.02341874 0.7151052 0.6986244 0 1 0 -0.04517158 0.0003928864 0.9989792 -0.008680906 0.0003104816 0.9999623 -0.1344502 -0.7327019 0.6671365 -0.006403506 -0.702573 0.7115829 -0.08915369 -0.6963375 0.7121557 -0.1187443 -0.001171671 0.9929242 0 1 8.089455E-08 0 1 0 -4.317102E-08 1 8.136842E-07 3.21787E-10 1 -6.065018E-09 -0.044587 0.0003839467 0.9990054 -1.117885E-07 -0.0002441555 0.9999999 0.01371699 -0.7112756 0.7027794 -0.006459598 -0.702774 0.7113839 -0.08829623 -0.6964411 0.7121612 8.822885E-09 1.702011E-10 1 0 1 9.491902E-07 0 1 0 3.933737E-08 1 -7.414279E-07 0 1 0 -0.04649199 0.0003941616 0.9989186 -9.968069E-07 -0.000244148 0.9999999 0.01527427 -0.7108335 0.7031944 -0.003988303 -0.7029865 0.711192 -0.08746885 -0.6965391 0.7121674 0 0 1 0 1 0 0 1 0 -4.896799E-08 1 9.229451E-07 0 1 0 0.02136131 -0.7025198 0.7113436 -0.1662298 -0.6694056 0.7240606 -0.112683 0 0.993631 0.02550706 0 0.9996746 1.738828E-08 1 6.821203E-07 0 1 0 0 1 0 0 1 0  
			<BiTangents>: 230 0 -0.3537837 0.9353273 0 -0.3569853 0.93411 0 -0.3570902 0.9340699 0 -0.3537041 0.9353574 0 -0.3570907 0.9340697 0 -0.3569861 0.9341097 0 -0.5258145 0.8505993 1 0 0 1 0 0 0 -0.5258145 0.8505993 0 -0.5258145 0.8505993 0 -0.5258145 0.8505993 1 0 0 1 0 0 0 -0.5258145 0.8505993 0 -0.5258145 0.8505993 0.9999996 -5.659227E-12 -0.0008850635 0.9997548 3.689942E-10 -0.02214219 -0.05298172 -8.480798E-07 0.9985955 -0.05298172 0 0.9985955 -0.1187481 -7.588352E-08 0.9929244 -0.1187481 0 0.9929244 0.999992 0 0.003998015 0.9998798 -7.430957E-11 -0.01550467 0.9999849 0 -0.005493416 0.999985 3.978465E-11 -0.005481093 0 0 1 0 0 1 0.02548324 -1.066322E-06 0.9996753 0.02548324 0 0.9996753 1 0 0 1 0 0 1 0 -0.0002441555 0.999782 1.235202E-10 -0.02087874 -0.05298172 9.49218E-07 0.9985955 -0.05298172 0 0.9985955 0 -7.424571E-07 1 0 0 1 1 0 0 0.9998187 -2.41322E-11 -0.01904417 0 0 1 0 0 1 0 0 1 0 0 1 0.02548324 0 0.9996753 0.02548324 0 0.9996753 1 0 -0.000122074 0.9990584 3.838307E-11 -0.04338595 1 0 0.0003357138 0.9998068 -4.879805E-10 -0.01965876 -0.05298172 -7.587614E-07 0.9985955 -0.05298172 0 0.9985955 0 0 1 0 0 1 1 0 0 0.9998255 -9.802992E-11 -0.01868001 0.9999976 3.989205E-12 0.002173719 0.9999983 0 0.001800644 0.9999994 1.543512E-12 -0.001085964 0.9999999 -5.167454E-12 -0.0004272721 0.9999999 -4.727094E-12 0.0004343482 1 0 9.155553E-05 0.9999998 -6.177231E-12 -0.00056453 1 0 -0.000122074 0.9999999 -3.677374E-12 0.0003908794 0.9999999 0 0.0003967527 0.9999995 1.33245E-11 0.001041937 0.9999993 0 0.001159738 0.9999839 1.518988E-10 -0.005682223 1 0 -6.103702E-05 0.9999844 7.529378E-11 0.005593829 1 0 0 -0.05298172 -3.665826E-06 0.9985955 -0.05298172 -3.664182E-06 0.9985955 -0.05948236 -3.497238E-07 0.9982294 -0.05948236 -3.48926E-07 0.9982294 -0.9999807 0.0004883016 -0.006189366 -0.9999977 0.0004883099 -0.002072602 -0.05298172 3.66977E-06 0.9985955 -0.05298172 3.662209E-06 0.9985955 0 -3.66084E-06 1 0 -3.668405E-06 1 -0.9999989 0.0003971034 -0.001438172 -0.9999968 0.0003973555 -0.002473859 -0.05298172 -3.662731E-06 0.9985955 -0.05298172 -3.668751E-06 0.9985955 0.02014243 0 0.9997972 0.02014243 0 0.9997972 -0.9999974 3.127175E-05 -0.002244002 -1 3.046468E-05 0.0001603555 -0.06024443 0 0.9981837 -0.06024443 0 0.9981837 0.02548324 -3.673858E-06 0.9996753 0.02548324 -3.659312E-06 0.9996753 0 -0.3570075 0.9341015 0 -0.3537041 0.9353574 0 -0.3538048 0.9353193 0 -0.3570823 0.9340729 0 -0.5258145 0.8505993 0 -0.5258145 0.8505993 1 0 0 1 0 0 1 0 0 1 0 0 0 -0.3537842 0.9353271 0 -0.3570071 0.9341017 0 -0.3537046 0.9353572 0 -0.3537046 0.9353572 0 -0.3538053 0.9353191 0 -0.3570815 0.9340733 0 -0.5256631 0.8506929 0 -0.5256631 0.8506929 0 -0.5256631 0.8506929 0 -0.5256631 0.8506929 0 -0.5256631 0.8506929 0 -0.5256631 0.8506929 0 -0.5256631 0.8506929 0 -0.5256631 0.8506929 -0.9999925 0.0003366577 -0.00387631 -0.9998032 -0.01983737 0 -0.9983383 -0.01968899 -0.05415648 -0.9999977 0.002142698 -1.003176E-09 -0.9986151 -0.02709478 -0.0450959 -0.9985876 0.02072474 -0.04892084 1 0 0 1 0 0 0.999985 -6.917768E-11 -0.005472944 0.9999849 0 -0.005493416 -0.9991048 0 -0.04230386 -1 0 0 -0.9997317 0 0.02316331 -0.9997457 0 0.02255197 -0.99971 0 0.02408199 -0.9993388 0.02591864 0.02549809 -0.9999946 0.002313908 0.002313908 -0.9991783 0 -0.0405289 -0.9999943 0.0003365286 -0.003344949 -0.999814 -0.01928823 5.050984E-09 -0.999814 -0.01928823 6.708528E-09 -0.9999999 0.0004289268 -7.566375E-12 -0.9985352 -0.02820053 -0.04617542 -0.9986397 0.02008312 -0.04811878 0.02548324 0 0.9996753 0.02548324 0 0.9996753 0.9994386 -7.741683E-10 -0.0335024 1 0 0 -0.9999773 -0.005463935 0.003930632 -0.9999851 -0.005462898 -9.737231E-14 -0.9988242 -0.04523177 0.01744246 -0.9986517 -0.04522837 0.02548061 -0.9999852 -0.005457643 -8.823897E-11 -0.9999907 -0.001663968 0.003976182 -0.9994132 0.03425337 -9.544463E-10 -0.9994132 0.03425337 9.544463E-10 -0.9999915 1.75598E-06 -0.004109745 -0.9992335 -0.019381 0.03401102 -0.9995564 -0.01943995 0.02256543 -0.9999896 0.003407969 0.003059573 -0.9986512 -0.02651634 -0.04463909 -0.9985576 0.01950179 -0.05002383 -0.999627 -0.0194407 0.01918209 -0.998934 0.02248978 0.04031277 -0.9986331 0.01950252 -0.04849273 -0.9984067 0.01940886 -0.05298389 0.9997743 -4.002354E-11 0.02124258 0.9999981 0 0.00195324 0.9998131 1.232506E-10 0.01932944 0.9999996 0 0.0007935052 -0.999814 -0.01928823 0 -0.9998141 -0.01928148 5.41448E-11 -0.9985428 0.0200822 -0.05008981 -0.9983951 0.0199893 -0.05298743 0.9998187 -2.41322E-11 0.01904417 1 0 0 0.9998142 -1.606432E-10 0.01927993 1 0 0.0002136361 -0.9978455 -0.01968443 -0.06258537 -0.9998761 -0.01574402 -9.869201E-11 -0.9985738 0.0207246 -0.04920121 -0.9983827 0.02059857 -0.0529869 0.9998405 1.764682E-10 0.01785872 1 0 0 0.9998143 1.397263E-10 0.01927343 0.9999999 0 -0.0003662332 -0.9978601 -0.06297353 0.01759171 -0.9994994 -0.01872555 0.02550223 -0.9994125 0.03427307 0 -0.9994125 0.03427307 0 0.999007 7.944215E-10 0.04455263 1 0 0 0.9994386 -7.741683E-10 0.0335024 1 0 0 -0.9987618 0.02084824 -0.04516995 -0.9999622 0.0006077163 -0.008681093 -0.9908326 0.09044804 -0.1003486 -0.9999793 0.005041973 -0.00402064 -0.9958972 0.07345142 -0.05285493 -0.9927322 -0.01956207 -0.1187444 0 -8.089455E-08 1 0 0 1 -0.05298172 -8.148286E-07 0.9985955 -0.05298172 6.073548E-09 0.9985955 -0.9988006 0.02023696 -0.04458564 -0.9999999 0.0004577916 -1.621328E-11 -0.9998141 -0.01928148 -5.41448E-11 -0.9999791 0.004821983 -0.004316514 -0.995987 0.07222033 -0.05285979 -0.999814 -0.01928823 8.824526E-09 0 -9.491902E-07 1 0 0 1 -0.05298172 7.424707E-07 0.9985955 -0.05298172 0 0.9985955 -0.9987259 0.01962671 -0.04649077 -1 6.103726E-05 -9.819048E-07 -0.9997692 -0.02148301 -1.349611E-07 -0.9999918 0.002282809 -0.003351397 -0.9960722 0.07103198 -0.05286501 -0.9998098 -0.01950178 0 0.04031539 0 0.9991871 0.04031539 0 0.9991871 -0.05298172 -9.242432E-07 0.9985955 -0.05298172 0 0.9985955 -0.9997644 -0.01227337 0.01790131 -0.98608 0.115617 -0.1194945 -0.993631 0 -0.112683 -0.9996746 0 0.02550706 0.02548324 -6.823419E-07 0.9996753 0.02548324 0 0.9996753 -0.1202739 0 0.9927407 -0.1202739 0 0.9927407  
			<SubMeshes>: 1
				<SubMesh>: 0 468 10 11 9 10 9 6 0 4 94 0 94 95 7 8 12 7 12 13 5 3 96 5 96 97 14 15 98 14 98 99 100 101 102 100 102 103 104 2 105 104 105 106 1 107 108 1 108 109 110 111 112 110 112 113 114 115 116 114 116 117 72 19 18 72 18 73 56 23 22 56 22 57 74 21 20 74 20 75 58 17 16 58 16 59 77 118 119 77 119 120 76 121 122 76 122 123 90 27 26 90 26 91 124 31 30 124 30 125 92 29 28 92 28 93 126 25 24 126 24 127 128 129 130 128 130 131 132 133 134 132 134 135 78 35 34 78 34 79 60 39 38 60 38 61 80 37 36 80 36 81 62 33 32 62 32 63 83 136 137 83 137 138 82 139 140 82 140 141 41 43 42 41 42 40 68 47 46 68 46 69 142 45 44 142 44 143 70 144 145 70 145 71 146 147 148 146 148 149 150 151 152 150 152 153 84 51 50 84 50 85 64 55 54 64 54 65 86 53 52 86 52 87 66 49 48 66 48 67 89 154 155 89 155 156 88 157 158 88 158 159 160 161 157 160 157 88 162 163 154 162 154 89 164 66 67 164 67 165 166 64 65 166 65 167 168 169 139 168 139 82 170 171 136 170 136 83 172 62 63 172 63 173 174 60 61 174 61 175 176 177 121 176 121 76 178 179 118 178 118 77 180 58 59 180 59 181 182 56 57 182 57 183 184 185 151 184 151 150 186 187 147 186 147 146 188 70 71 188 71 189 190 68 69 190 69 191 192 178 77 192 77 193 194 176 76 194 76 195 195 76 123 195 123 196 193 77 120 193 120 197 198 74 75 198 75 199 200 72 73 200 73 201 202 170 83 202 83 203 204 168 82 204 82 205 205 82 141 205 141 206 203 83 138 203 138 207 208 80 81 208 81 209 210 78 79 210 79 211 212 162 89 212 89 213 214 160 88 214 88 215 215 88 159 215 159 216 213 89 156 213 156 217 218 86 87 218 87 219 220 84 85 220 85 221 222 132 135 222 135 223 224 128 131 224 131 225 226 92 93 226 93 227 228 90 91 228 91 229  
		</Mesh>
		<Materials>: 1
			<Material>: 0
				<AlbedoColor>: 1 1 1 1
				<EmissiveColor>: 0 0 0 0
				<Glossiness>: 0
				<Metallic>: 0
				<SpecularHighlight>: 1
				<GlossyReflection>: 1
				<AlbedoMap>: BLD_Cabins1_A
				<MetallicMap>: BLD_Cabins1_MS
				<NormalMap>: BLD_Cabins1_N
				<EmissionMap>: null
				<DetailAlbedoMap>: DET_Concrete1_A
				<DetailNormalMap>: DET_Concrete1_N
		</Materials>
		<Children>: 2
			<Frame>: 1 0 Cabin2_Stairs_bb
				<Transform>: -0.06629372 -0.06 0.861 31.31039 -1.164277E-06 -4.154517E-06 1 1 1 0.2698475 -7.875661E-16 -3.216833E-08 0.9629031  
				<TransformMatrix>: 1 -6.194998E-08 -1.736109E-08 0 6.194998E-08 0.8543646 0.519674 0 -1.736109E-08 -0.519674 0.8543646 0 -0.06629372 -0.06 0.861 1  
				<BoxCollider>: 1 -0.003604889 0.4194252 -0.2117778 2.059647 0.1680267 1.853867  
				<Children>: 0
			</Frame>
			<Frame>: 2 0 Cabin2_Stairs_bb1
				<Transform>: -0.06629372 0.446 0.476 -2.504478E-06 0 0 1 1 1 -2.185569E-08 0 0 1  
				<TransformMatrix>: 1 0 0 0 0 1 -4.371139E-08 0 0 4.371139E-08 1 0 -0.06629372 0.446 0.476 1  
				<BoxCollider>: 1 -0.004824638 0.4684032 -0.3933067 2.070948 0.09416234 0.1566086  
				<Children>: 0
			</Frame>
	</Frame>
</Hierarchy>
