<Hierarchy>:
	<Frame>: 0 4 Church1_Door_B
		<Transform>: 0 0 0 0 0 0 1 1 1 0 0 0 1  
		<TransformMatrix>: 1 0 0 0 0 1 0 0 0 0 1 0 0 0 0 1  
		<BoxCollider>: 1 0.6153368 2.253249 0.0001925342 1.279077 4.498881 0.1289101  
		<Mesh>: 328 Church1_Door_B
			<Bounds>: 0.6153368 2.253249 -0.002843615 0.6395383 2.24944 0.09380545
			<Positions>: 328 1.236899 1.405123 0.04362489 1.099585 1.370348 0.04362489 1.236899 1.370348 0.04362489 1.097897 1.405123 0.04362489 1.099585 1.378275 0.09096183 1.097897 1.396832 0.09096183 1.236899 1.378275 0.09096183 1.236899 1.396832 0.09096183 1.101304 1.369132 0.07787098 1.099616 1.403603 0.07787098 1.238619 1.369192 0.07787098 1.238619 1.403603 0.07787098 1.236899 1.405123 -0.02053268 1.099585 1.370348 -0.02053268 1.236899 1.370348 -0.02053268 1.097897 1.405123 -0.02053268 1.099585 1.378275 -0.06786962 1.097897 1.396832 -0.06786962 1.236899 1.378275 -0.06786962 1.236899 1.396832 -0.06786962 1.099585 1.370653 -0.05622183 1.097897 1.405123 -0.05622183 1.236899 1.370713 -0.05622183 1.236899 1.405123 -0.05622183 -0.0003164651 0.1840877 -0.02870342 -0.0003164651 0.6515818 -0.02870344 0.02356857 0.1840877 -0.01457995 0.02356857 0.6515818 -0.01457997 0.02356856 0.1840877 0.01366697 0.02356856 0.6515818 0.01366695 -0.0003164669 0.1840877 0.02779043 -0.0003164669 0.6515818 0.02779041 -0.0242015 0.1840877 0.01366697 -0.0242015 0.6515818 0.01366695 -0.0242015 0.1840877 -0.01457995 -0.0242015 0.6515818 -0.01457997 -0.0003164651 2.626194 -0.02870352 -0.0003164651 3.093688 -0.02870354 0.02356857 2.626194 -0.01458006 0.02356857 3.093688 -0.01458008 0.02356856 2.626194 0.01366687 0.02356856 3.093688 0.01366685 -0.0003164669 2.626194 0.02779033 -0.0003164669 3.093688 0.02779031 -0.0242015 2.626194 0.01366687 -0.0242015 3.093688 0.01366685 -0.0242015 2.626194 -0.01458006 -0.0242015 3.093688 -0.01458008 1.098774 1.214087 0.0099105 1.095913 1.217334 0.009910502 1.095913 1.504933 0.009910488 1.098774 1.50818 0.009910485 1.237617 1.217334 0.009910502 1.234756 1.214087 0.009910502 1.234756 1.50818 0.009910485 1.237617 1.504933 0.009910489 1.098774 1.214087 0.06715222 1.095913 1.217334 0.06715222 1.103809 1.226295 0.07662097 1.106671 1.223049 0.07662097 1.095913 1.504933 0.06715222 1.098774 1.50818 0.06715222 1.106671 1.499219 0.07662096 1.103809 1.495972 0.07662096 1.237617 1.217334 0.06715222 1.234756 1.214087 0.06715222 1.226859 1.223049 0.07662097 1.229721 1.226295 0.07662097 1.234756 1.50818 0.06715222 1.237617 1.504933 0.06715222 1.229721 1.495972 0.07662096 1.226859 1.499219 0.07662096 1.098774 1.214087 -0.02993857 1.095913 1.217334 -0.02993857 1.095913 1.504933 -0.02993859 1.098774 1.50818 -0.02993859 1.237617 1.217334 -0.02993857 1.234756 1.214087 -0.02993857 1.234756 1.50818 -0.02993858 1.237617 1.504933 -0.02993859 1.098774 1.214087 -0.08718032 1.095913 1.217334 -0.08718032 1.103809 1.226296 -0.09664904 1.106671 1.223049 -0.09664904 1.095913 1.504933 -0.08718032 1.098774 1.50818 -0.08718032 1.106671 1.499219 -0.09664906 1.103809 1.495972 -0.09664906 1.237617 1.217334 -0.08718032 1.234756 1.214087 -0.08718031 1.226859 1.223049 -0.09664904 1.229721 1.226296 -0.09664904 1.234756 1.50818 -0.08718032 1.237617 1.504933 -0.08718032 1.229721 1.495972 -0.09664906 1.226859 1.499219 -0.09664906 1.254875 4.502689 -0.05893578 1.254875 4.502689 0.05702933 0.02259633 3.500001 -0.05893568 0.02259633 3.500001 0.05702944 0.04670079 3.695616 -0.0589357 0.04670079 3.695616 0.05702942 0.1180872 3.883713 -0.05893572 0.1180872 3.883714 0.0570294 0.2340122 4.057065 -0.05893574 0.2340122 4.057065 0.05702938 0.3900211 4.209009 -0.05893576 0.3900211 4.209009 0.05702936 0.5801183 4.333706 -0.05893577 0.5801183 4.333706 0.05702935 0.7969986 4.426364 -0.05893578 0.7969986 4.426365 0.05702934 1.032327 4.483423 -0.05893578 1.032327 4.483423 0.05702933 1.254875 3.5 0.05702945 1.254875 3.5 -0.05893566 0.02259633 0.003808975 -0.05893556 0.02259633 0.003808975 0.05702955 1.254875 0.003808498 0.05702956 1.254875 0.003808498 -0.05893555 1.097897 1.396832 0.09096183 1.099585 1.378275 0.09096183 1.101304 1.369132 0.07787098 1.236899 1.378275 0.09096183 1.099585 1.378275 0.09096183 1.099616 1.403603 0.07787098 1.097897 1.396832 0.09096183 1.236899 1.396832 0.09096183 1.238619 1.403603 0.07787098 1.236899 1.396832 0.09096183 1.236899 1.378275 0.09096183 1.238619 1.369192 0.07787098 1.097897 1.405123 0.04362489 1.099585 1.370348 0.04362489 1.236899 1.405123 0.04362489 1.236899 1.370348 0.04362489 1.097897 1.396832 -0.06786962 1.099585 1.378275 -0.06786962 1.099585 1.370653 -0.05622183 1.099585 1.378275 -0.06786962 1.236899 1.378275 -0.06786962 1.097897 1.405123 -0.05622183 1.236899 1.396832 -0.06786962 1.097897 1.396832 -0.06786962 1.236899 1.405123 -0.05622183 1.236899 1.370713 -0.05622183 1.236899 1.378275 -0.06786962 1.236899 1.396832 -0.06786962 1.099585 1.370348 -0.02053268 1.097897 1.405123 -0.02053268 1.236899 1.405123 -0.02053268 1.236899 1.370348 -0.02053268 -0.0003164669 0.1840877 0.02779043 -0.0003164669 0.6515818 0.02779041 0.02356857 0.6515818 -0.01457997 -0.0003164651 0.6515818 -0.02870344 0.02356856 0.6515818 0.01366695 -0.0242015 0.6515818 0.01366695 -0.0003164669 0.6515818 0.02779041 -0.0242015 0.6515818 -0.01457997 -0.0003164651 0.6515818 -0.02870344 -0.0003164651 0.1840877 -0.02870342 -0.0242015 0.1840877 0.01366697 -0.0242015 0.6515818 0.01366695 -0.0242015 0.6515818 -0.01457997 -0.0242015 0.1840877 -0.01457995 -0.0242015 0.1840877 -0.01457995 -0.0003164651 0.1840877 -0.02870342 0.02356857 0.1840877 -0.01457995 -0.0242015 0.1840877 0.01366697 0.02356856 0.1840877 0.01366697 -0.0003164669 0.1840877 0.02779043 -0.0003164669 2.626194 0.02779033 -0.0003164669 3.093688 0.02779031 0.02356857 3.093688 -0.01458008 -0.0003164651 3.093688 -0.02870354 0.02356856 3.093688 0.01366685 -0.0242015 3.093688 0.01366685 -0.0003164669 3.093688 0.02779031 -0.0242015 3.093688 -0.01458008 -0.0003164651 3.093688 -0.02870354 -0.0003164651 2.626194 -0.02870352 -0.0242015 2.626194 0.01366687 -0.0242015 3.093688 0.01366685 -0.0242015 3.093688 -0.01458008 -0.0242015 2.626194 -0.01458006 -0.0242015 2.626194 -0.01458006 -0.0003164651 2.626194 -0.02870352 0.02356857 2.626194 -0.01458006 -0.0242015 2.626194 0.01366687 0.02356856 2.626194 0.01366687 -0.0003164669 2.626194 0.02779033 1.095913 1.504933 0.06715222 1.095913 1.217334 0.06715222 1.098774 1.214087 0.06715222 1.234756 1.214087 0.06715222 1.237617 1.217334 0.06715222 1.237617 1.504933 0.06715222 1.106671 1.499219 0.07662096 1.103809 1.495972 0.07662096 1.103809 1.226295 0.07662097 1.106671 1.223049 0.07662097 1.226859 1.499219 0.07662096 1.226859 1.223049 0.07662097 1.229721 1.495972 0.07662096 1.229721 1.226295 0.07662097 1.234756 1.50818 0.06715222 1.098774 1.50818 0.06715222 1.098774 1.214087 0.06715222 1.095913 1.217334 0.06715222 1.098774 1.50818 0.06715222 1.095913 1.504933 0.06715222 1.234756 1.50818 0.06715222 1.237617 1.504933 0.06715222 1.234756 1.214087 0.06715222 1.237617 1.217334 0.06715222 1.098774 1.50818 0.06715222 1.098774 1.50818 0.009910485 1.098774 1.214087 0.0099105 1.098774 1.214087 0.06715222 1.234756 1.214087 0.06715222 1.234756 1.214087 0.009910502 1.234756 1.50818 0.009910485 1.234756 1.50818 0.06715222 1.098774 1.214087 0.0099105 1.095913 1.217334 0.009910502 1.095913 1.504933 0.009910488 1.098774 1.50818 0.009910485 1.234756 1.214087 0.009910502 1.234756 1.50818 0.009910485 1.237617 1.217334 0.009910502 1.237617 1.504933 0.009910489 1.095913 1.217334 -0.08718032 1.095913 1.504933 -0.08718032 1.098774 1.214087 -0.08718032 1.234756 1.214087 -0.08718031 1.237617 1.504933 -0.08718032 1.237617 1.217334 -0.08718032 1.106671 1.223049 -0.09664904 1.103809 1.226296 -0.09664904 1.103809 1.495972 -0.09664906 1.106671 1.499219 -0.09664906 1.226859 1.223049 -0.09664904 1.226859 1.499219 -0.09664906 1.229721 1.226296 -0.09664904 1.229721 1.495972 -0.09664906 1.234756 1.50818 -0.08718032 1.098774 1.50818 -0.08718032 1.098774 1.214087 -0.08718032 1.095913 1.217334 -0.08718032 1.095913 1.504933 -0.08718032 1.098774 1.50818 -0.08718032 1.234756 1.50818 -0.08718032 1.237617 1.504933 -0.08718032 1.237617 1.217334 -0.08718032 1.234756 1.214087 -0.08718031 1.098774 1.50818 -0.08718032 1.098774 1.50818 -0.02993859 1.098774 1.214087 -0.02993857 1.098774 1.214087 -0.08718032 1.234756 1.214087 -0.02993857 1.234756 1.214087 -0.08718031 1.234756 1.50818 -0.08718032 1.234756 1.50818 -0.02993858 1.098774 1.50818 -0.02993859 1.095913 1.504933 -0.02993859 1.095913 1.217334 -0.02993857 1.098774 1.214087 -0.02993857 1.234756 1.50818 -0.02993858 1.234756 1.214087 -0.02993857 1.237617 1.504933 -0.02993859 1.237617 1.217334 -0.02993857 0.1180872 3.883713 -0.05893572 0.1180872 3.883714 0.0570294 0.04670079 3.695616 0.05702942 0.02259633 3.500001 0.05702944 0.1180872 3.883714 0.0570294 0.2340122 4.057065 0.05702938 0.3900211 4.209009 0.05702936 0.5801183 4.333706 0.05702935 0.7969986 4.426365 0.05702934 1.032327 4.483423 0.05702933 1.254875 4.502689 0.05702933 1.254875 3.5 0.05702945 1.254875 4.502689 -0.05893578 1.254875 4.502689 0.05702933 1.254875 3.5 -0.05893566 0.02259633 3.500001 -0.05893568 0.04670079 3.695616 -0.0589357 0.1180872 3.883713 -0.05893572 0.2340122 4.057065 -0.05893574 0.3900211 4.209009 -0.05893576 0.5801183 4.333706 -0.05893577 0.7969986 4.426364 -0.05893578 1.032327 4.483423 -0.05893578 1.254875 4.502689 -0.05893578 1.254875 0.003808498 -0.05893555 1.254875 0.003808498 0.05702956 0.02259633 0.003808975 0.05702955 1.254875 0.003808498 0.05702956 1.254875 0.003808498 -0.05893555 0.02259633 0.003808975 -0.05893556 0.02259633 0.003808975 -0.05893556 0.02259633 0.003808975 0.05702955 1.101304 1.369132 0.07787098 1.238619 1.369192 0.07787098 1.238619 1.403603 0.07787098 1.099616 1.403603 0.07787098 1.099585 1.370653 -0.05622183 1.236899 1.370713 -0.05622183 1.236899 1.405123 -0.05622183 1.097897 1.405123 -0.05622183 1.106671 1.223049 0.07662097 1.103809 1.226295 0.07662097 1.106671 1.499219 0.07662096 1.103809 1.495972 0.07662096 1.226859 1.499219 0.07662096 1.229721 1.495972 0.07662096 1.226859 1.223049 0.07662097 1.229721 1.226295 0.07662097 1.103809 1.226296 -0.09664904 1.106671 1.223049 -0.09664904 1.106671 1.499219 -0.09664906 1.103809 1.495972 -0.09664906 1.229721 1.495972 -0.09664906 1.226859 1.499219 -0.09664906 1.226859 1.223049 -0.09664904 1.229721 1.226296 -0.09664904  
			<Colors>: 0  
			<TextureCoords0>: 328 0.2944336 0.04052734 0.2578125 0.04052734 0.2944336 0.04052734 0.2578125 0.04052734 0.2578125 0.04296875 0.2578125 0.03808594 0.2944336 0.04296875 0.2944336 0.03808594 0.3354492 0.03808594 0.3266602 0.03808594 0.2944336 0.04492188 0.2944336 0.03662109 0.2944336 0.04052734 0.2578125 0.04052734 0.2944336 0.04052734 0.2578125 0.04052734 0.2578125 0.04296875 0.2578125 0.03808594 0.2944336 0.04296875 0.2944336 0.03808594 0.3354492 0.03808594 0.3266602 0.03808594 0.2944336 0.04492188 0.2944336 0.03662109 0.2135454 0.07379717 0.2135454 0.03713471 0.2113302 0.07379717 0.2113302 0.03713471 0.2224063 0.07379717 0.2224063 0.03713471 0.2201911 0.07379717 0.2201911 0.03713471 0.2179759 0.07379717 0.2179759 0.03713471 0.2157606 0.07379717 0.2262489 0.07047433 0.2135454 0.07379717 0.2135454 0.03713471 0.2113302 0.07379717 0.2113302 0.03713471 0.2224063 0.07379717 0.2224063 0.03713471 0.2201911 0.07379717 0.2201911 0.03713471 0.2179759 0.07379717 0.2179759 0.03713471 0.2157606 0.07379717 0.2262489 0.07047433 0.05107614 0.5730045 0.01225618 0.5730045 0.03972291 0.5730045 0.04007088 0.5730045 0.03972288 0.5730045 0.04007087 0.5730045 0.05107619 0.5730045 0.01225618 0.5730045 0.05107614 0.5773158 0.01225618 0.5773158 0.01318477 0.5571078 0.01282514 0.5574325 0.03972291 0.5773158 0.0514634 0.5565366 0.05047073 0.5574325 0.05011109 0.5571078 0.03972288 0.5773158 0.04007087 0.5773158 0.01282514 0.5715637 0.01318477 0.5718884 0.0514634 0.5724597 0.01225618 0.5773158 0.05011109 0.5718884 0.05047073 0.5715637 0.05107614 0.5730045 0.01225618 0.5730045 0.03972291 0.5730045 0.04007088 0.5730045 0.03972288 0.5730045 0.04007087 0.5730045 0.05107619 0.5730045 0.01225618 0.5730045 0.05107614 0.5773158 0.01225618 0.5773158 0.01318477 0.5571078 0.01282514 0.5574325 0.03972291 0.5773158 0.0514634 0.5565366 0.05047073 0.5574325 0.05011109 0.5571078 0.03972288 0.5773158 0.04007087 0.5773158 0.01282514 0.5715637 0.01318477 0.5718884 0.0514634 0.5724597 0.01225618 0.5773158 0.05011109 0.5718884 0.05047073 0.5715637 0.9399414 0.05029297 0.9506836 0.05029297 0.9399414 0.2036133 0.9506836 0.2036133 0.9399414 0.1845703 0.9506836 0.1845703 0.9399414 0.1655273 0.9506836 0.1655273 0.9399414 0.1455078 0.9506836 0.1455078 0.9399414 0.1259766 0.9506836 0.1259766 0.9399414 0.1074219 0.9506836 0.1074219 0.9399414 0.08740234 0.9506836 0.08740234 0.9399414 0.06787109 0.9506836 0.06787109 0.7998047 0.1669922 0.9506836 0.2036133 0.6567383 0.05029297 0.6567383 0.03955078 0.9399414 0.550293 0.9506836 0.550293 0.3291016 0.03662109 0.3330078 0.03662109 0.2578125 0.04492188 0.2944336 0.04296875 0.2578125 0.04296875 0.2578125 0.03662109 0.2578125 0.03808594 0.2944336 0.03808594 0.3354492 0.03857422 0.3330078 0.03662109 0.3291016 0.03662109 0.3266602 0.03857422 0.3266602 0.04394531 0.3354492 0.04394531 0.3354492 0.04492188 0.3266602 0.04492188 0.3291016 0.03662109 0.3330078 0.03662109 0.2578125 0.04492188 0.2578125 0.04296875 0.2944336 0.04296875 0.2578125 0.03662109 0.2944336 0.03808594 0.2578125 0.03808594 0.3354492 0.03857422 0.3266602 0.03857422 0.3291016 0.03662109 0.3330078 0.03662109 0.3354492 0.04394531 0.3266602 0.04394531 0.3354492 0.04492188 0.3266602 0.04492188 0.2201911 0.07379717 0.2201911 0.03713471 0.2243305 0.07379717 0.2262489 0.07268953 0.222412 0.07268953 0.2243305 0.06936675 0.222412 0.07047433 0.2157607 0.03713471 0.2135454 0.03713471 0.2135454 0.07379717 0.2179759 0.07379717 0.2179759 0.03713471 0.2157607 0.03713471 0.2157606 0.07379717 0.2243305 0.06936103 0.2262489 0.0682534 0.2262489 0.06603819 0.222412 0.0682534 0.2243305 0.06493056 0.222412 0.06603819 0.2201911 0.07379717 0.2201911 0.03713471 0.2243305 0.07379717 0.2262489 0.07268953 0.222412 0.07268953 0.2243305 0.06936675 0.222412 0.07047433 0.2157607 0.03713471 0.2135454 0.03713471 0.2135454 0.07379717 0.2179759 0.07379717 0.2179759 0.03713471 0.2157607 0.03713471 0.2157606 0.07379717 0.2243305 0.06936103 0.2262489 0.0682534 0.2262489 0.06603819 0.222412 0.0682534 0.2243305 0.06493056 0.222412 0.06603819 0.05110375 0.5562119 0.01219201 0.5562119 0.01183237 0.5565366 0.01183237 0.5724598 0.01219201 0.5727843 0.05110375 0.5727843 0.05047073 0.5574325 0.05011109 0.5571078 0.01318477 0.5571078 0.01282514 0.5574325 0.05047073 0.5715637 0.01282514 0.5715637 0.05011109 0.5718884 0.01318477 0.5718884 0.05107619 0.5773158 0.04007088 0.5773158 0.01183237 0.5565366 0.01219201 0.5562119 0.0514634 0.5565366 0.05110375 0.5562119 0.0514634 0.5724597 0.05110375 0.5727843 0.01183237 0.5724598 0.01219201 0.5727843 0.04007088 0.5773158 0.04007088 0.5730045 0.01190821 0.5730045 0.01190821 0.5773158 0.04007087 0.5773158 0.04007087 0.5730045 0.01190821 0.5730045 0.01190821 0.5773158 0.01183237 0.5565366 0.01219201 0.5562119 0.05110375 0.5562119 0.0514634 0.5565366 0.01183237 0.5724598 0.0514634 0.5724597 0.01219201 0.5727843 0.05110375 0.5727843 0.01219201 0.5562119 0.05110375 0.5562119 0.01183237 0.5565366 0.01183237 0.5724598 0.05110375 0.5727843 0.01219201 0.5727843 0.01282514 0.5574325 0.01318477 0.5571078 0.05011109 0.5571078 0.05047073 0.5574325 0.01282514 0.5715637 0.05047073 0.5715637 0.01318477 0.5718884 0.05011109 0.5718884 0.05107619 0.5773158 0.04007088 0.5773158 0.01183237 0.5565366 0.01219201 0.5562119 0.05110375 0.5562119 0.0514634 0.5565366 0.0514634 0.5724597 0.05110375 0.5727843 0.01219201 0.5727843 0.01183237 0.5724598 0.04007088 0.5773158 0.04007088 0.5730045 0.01190821 0.5730045 0.01190821 0.5773158 0.04007087 0.5730045 0.04007087 0.5773158 0.01190821 0.5773158 0.01190821 0.5730045 0.0514634 0.5565366 0.05110375 0.5562119 0.01219201 0.5562119 0.01183237 0.5565366 0.0514634 0.5724597 0.01183237 0.5724598 0.05110375 0.5727843 0.01219201 0.5727843 0.9399414 0.1655273 0.9506836 0.1655273 0.9365234 0.1416016 0.9389648 0.1669922 0.9282227 0.1210938 0.9155273 0.1015625 0.8974609 0.08496094 0.8764648 0.07080078 0.8520508 0.06103516 0.8256836 0.05419922 0.7998047 0.05273438 0.9399414 0.2036133 0.9506836 0.1049805 0.9399414 0.1049805 0.7998047 0.1669922 0.9389648 0.1669922 0.9365234 0.1416016 0.9282227 0.1210938 0.9155273 0.1015625 0.8974609 0.08496094 0.8764648 0.07080078 0.8520508 0.06103516 0.8256836 0.05419922 0.7998047 0.05273438 0.9501953 0.05029297 0.9501953 0.03955078 0.9389648 0.5507813 0.7998047 0.5507813 0.7998047 0.5507813 0.9389648 0.5507813 0.9399414 0.550293 0.9506836 0.550293 0.2578125 0.04492188 0.2944336 0.04492188 0.2944336 0.03662109 0.2578125 0.03662109 0.2578125 0.04492188 0.2944336 0.04492188 0.2944336 0.03662109 0.2578125 0.03662109 0.01282514 0.5574325 0.01318477 0.5571078 0.05047073 0.5574325 0.05011109 0.5571078 0.05047073 0.5715637 0.05011109 0.5718884 0.01282514 0.5715637 0.01318477 0.5718884 0.01318477 0.5571078 0.01282514 0.5574325 0.05047073 0.5574325 0.05011109 0.5571078 0.05011109 0.5718884 0.05047073 0.5715637 0.01282514 0.5715637 0.01318477 0.5718884  
			<TextureCoords1>: 328 0.07402293 0.2672041 0.1428921 0.2672041 0.1731773 0.2671961 0.1046805 0.2672041 0.9016923 0.3951765 0.9013199 0.3910837 0.9319775 0.3951765 0.9319775 0.3910837 0.2197061 0.2672041 0.2196987 0.2595924 0.1735546 0.2596385 0.07364369 0.2596435 0.1774608 0.2561793 0.1085886 0.2562623 0.1388738 0.2562694 0.2081184 0.2561793 0.8970413 0.3951765 0.8974137 0.3910837 0.8667561 0.3951765 0.8667561 0.3910837 0.2434877 0.267143 0.243482 0.2595312 0.138872 0.2641412 0.1774608 0.2640507 0.00390625 0.3267795 0.1070141 0.3267795 0.003906252 0.3206596 0.1070141 0.3206596 0.2140283 0.3206596 0.1109204 0.3206596 0.2140283 0.3267795 0.1109204 0.3267795 0.2140282 0.3066171 0.1109204 0.3066171 0.1109204 0.2965908 0.282712 0.3562624 0.8667561 0.415229 0.969864 0.415229 0.8667561 0.409109 0.969864 0.409109 0.969864 0.3990827 0.8667561 0.3990827 0.969864 0.4052027 0.8667561 0.4052027 0.2140283 0.3167533 0.1109204 0.3167533 0.00390625 0.3066171 0.9768853 0.4007868 0.003906274 0.08555543 0.2765221 0.2864546 0.213091 0.2864546 0.03389764 0.1049619 0.1438446 0.2864546 0.03389764 0.08555543 0.003906274 0.1049619 0.2072757 0.2864546 0.00390625 0.07293051 0.2765221 0.2738296 0.2745456 0.2711104 0.005647866 0.07005519 0.213091 0.2738296 0.03389762 0.09233701 0.032156 0.08946168 0.2150674 0.2711104 0.1438446 0.2738296 0.03389762 0.07293051 0.03215597 0.07005519 0.145821 0.2711104 0.00390625 0.09233701 0.2072757 0.2738296 0.2052993 0.2711104 0.005647896 0.08946168 0.03780389 0.07005519 0.06829187 0.1985943 0.004860754 0.1985943 0.03389764 0.1088682 0.07459819 0.2711104 0.06779528 0.07005519 0.003906254 0.1088682 0.1380293 0.2711104 0.03780389 0.08268011 0.06829186 0.2112192 0.06631538 0.2139385 0.03954551 0.08555543 0.004860749 0.2112192 0.03389764 0.1214931 0.03215602 0.1243684 0.006837167 0.2139385 0.07459819 0.2837352 0.06779528 0.08268011 0.06605363 0.08555543 0.07657468 0.2864546 0.00390625 0.1214931 0.1380293 0.2837353 0.1360529 0.2864546 0.005647897 0.1243684 0.003906302 0.3857453 0.00390625 0.3601688 0.0917496 0.4152282 0.09174937 0.3896516 0.04827956 0.4152286 0.04827927 0.389652 0.003906564 0.415229 0.00390625 0.3896524 0.2567702 0.3857453 0.2567701 0.3601687 0.2087391 0.3857453 0.208739 0.3601687 0.1585969 0.3857453 0.1585968 0.3601687 0.1065803 0.3857453 0.1065803 0.3601687 0.05317372 0.3857453 0.05317367 0.3601687 0.2250534 0.4191353 0.7750069 0.9960938 0.003906423 0.3562624 0.00390625 0.3306858 0.003906624 0.9705171 0.00390625 0.9960937 0.2226225 0.2610626 0.2226074 0.2651722 0.1432693 0.2596461 0.1731753 0.2561244 0.1428901 0.2561244 0.1043013 0.2596435 0.1046805 0.2563929 0.07402293 0.2563929 0.2294437 0.2596147 0.2265309 0.2611066 0.2265287 0.2651994 0.2294397 0.2672041 0.2121365 0.2592462 0.2121438 0.2669251 0.2370066 0.2592834 0.2370025 0.2669532 0.2409128 0.2613598 0.2409138 0.2654694 0.1085867 0.264134 0.1085868 0.2672041 0.138872 0.2672041 0.2081184 0.2640507 0.1774608 0.2672041 0.2081184 0.2672041 0.2631368 0.2595343 0.2631368 0.2671236 0.2657058 0.2654558 0.2657058 0.2613631 0.2513592 0.2672041 0.2513534 0.2595252 0.2552654 0.2595343 0.2552654 0.2672041 0.2140282 0.3004971 0.1109204 0.3004971 0.282712 0.3457265 0.279597 0.3509945 0.288942 0.3457265 0.288942 0.3562624 0.292057 0.3509945 0.2140282 0.2965908 0.2140282 0.2904708 0.1109204 0.2904708 0.1070141 0.2903608 0.003906251 0.2903608 0.00390625 0.2965908 0.1070141 0.2965908 0.288942 0.3418202 0.292057 0.3365523 0.288942 0.3312843 0.282712 0.3418203 0.282712 0.3312843 0.279597 0.3365523 0.2140283 0.3106333 0.1109204 0.3106333 0.9768853 0.3902509 0.9737703 0.3955189 0.9831152 0.3902509 0.9831152 0.4007868 0.9862302 0.3955189 0.1070141 0.3066171 0.1070141 0.3004971 0.003906252 0.3004971 0.1070141 0.3105233 0.003906251 0.3105233 0.00390625 0.3167533 0.1070141 0.3167533 0.9831152 0.415229 0.9862302 0.409961 0.9831152 0.4046931 0.9768853 0.415229 0.9768853 0.4046931 0.9737703 0.409961 0.213091 0.2738296 0.2765221 0.2738296 0.00390625 0.07293051 0.03389762 0.07293051 0.1438446 0.2738296 0.2072757 0.2738296 0.006366606 0.2835327 0.007082755 0.2841638 0.066561 0.2841638 0.0672771 0.2835328 0.006366564 0.2570246 0.06727705 0.2570246 0.007082714 0.2563936 0.06656095 0.2563936 0.00390625 0.09233701 0.03389762 0.09233701 0.06973744 0.2858235 0.06902134 0.2864546 0.003906299 0.2858235 0.004622438 0.2864546 0.00390625 0.2547339 0.004622393 0.2541028 0.0697374 0.2547339 0.06902131 0.2541028 0.2121365 0.2738296 0.2121366 0.2864546 0.2774766 0.2864546 0.2774765 0.2738296 0.1428901 0.2738296 0.1428901 0.2864546 0.2082303 0.2864546 0.2082302 0.2738296 0.003906284 0.1940569 0.004622382 0.194688 0.06805346 0.194688 0.0687696 0.194057 0.00390625 0.1640655 0.06876957 0.1640656 0.004622349 0.1634345 0.06805342 0.1634345 0.06829186 0.2112192 0.004860749 0.2112192 0.03780389 0.08268011 0.06779528 0.08268011 0.1380293 0.2837353 0.07459819 0.2837352 0.006366634 0.2472748 0.007082791 0.2479058 0.06656097 0.2479058 0.06727712 0.2472747 0.006366581 0.2207666 0.06727707 0.2207666 0.007082738 0.2201355 0.06656092 0.2201355 0.00390625 0.1214931 0.03389764 0.1214931 0.003906312 0.2495655 0.004622412 0.2501965 0.06902128 0.2501965 0.06973743 0.2495655 0.06973738 0.2184758 0.06902124 0.2178447 0.004622354 0.2178447 0.00390625 0.2184758 0.00390625 0.2112192 0.003906255 0.1985943 0.06924633 0.1985943 0.06924633 0.2112192 0.07364369 0.2711104 0.07364369 0.2837353 0.1389838 0.2837353 0.1389838 0.2711104 0.003906284 0.1588972 0.004622426 0.1595282 0.06805351 0.1595283 0.0687696 0.1588972 0.00390625 0.1289058 0.06876957 0.1289058 0.004622393 0.1282747 0.06805347 0.1282747 0.3027649 0.3857453 0.3027648 0.3601688 0.1819099 0.6856035 0.2250538 0.6909198 0.140424 0.6698589 0.1021905 0.6442912 0.06867868 0.6098827 0.04117615 0.567956 0.02073991 0.5201221 0.008155509 0.4682194 0.00390625 0.4191356 0.7750068 0.9705171 0.9961543 0.9960938 0.9961543 0.9705172 0.7750066 0.6948264 0.7750067 0.9666108 0.8181505 0.9612945 0.8596362 0.9455499 0.8978697 0.9199821 0.9313816 0.8855737 0.9588842 0.8436469 0.9793203 0.7958131 0.9919048 0.7439102 0.9961541 0.6948264 0.2756908 0.3562624 0.2756906 0.3306858 0.9961539 0.6909201 0.9961535 0.4191356 0.00390625 0.6948264 0.003906338 0.9666108 0.8628498 0.415229 0.8628496 0.3896524 0.1432693 0.2596461 0.1735546 0.2596385 0.07364369 0.2596435 0.1043013 0.2596435 0.1085867 0.264134 0.138872 0.2641412 0.1774608 0.2640507 0.2081184 0.2640507 0.0672771 0.2835328 0.066561 0.2841638 0.006366606 0.2835327 0.007082755 0.2841638 0.006366564 0.2570246 0.007082714 0.2563936 0.06727705 0.2570246 0.06656095 0.2563936 0.007082791 0.2479058 0.006366634 0.2472748 0.06727712 0.2472747 0.06656097 0.2479058 0.06656092 0.2201355 0.06727707 0.2207666 0.006366581 0.2207666 0.007082738 0.2201355  
			<Normals>: 328 0 0.9990163 0.04434443 0.000213632 -0.999401 -0.03460839 0.000213632 -0.999401 -0.03460839 0 0.9990163 0.04434443 0 0 1 0 0 1 0 0 1 0 0 1 -0.9983521 -0.05438565 -0.01831167 -0.9982653 -0.05465892 -0.02188188 0.000213632 -0.999401 -0.03460839 0 0.9990163 0.04434443 0 1 0 0.0002136332 -0.9999561 -0.009369344 0.0002136332 -0.9999561 -0.009369344 0 1 0 0 0 -1 0 0 -1 0 0 -1 0 0 -1 -0.9985183 -0.05441525 0.0005493407 -0.998525 -0.05429354 0.0005493444 0.0002136332 -0.9999561 -0.009369344 0 1 0 0 0 -1 0 0 -1 0.5089648 0 -0.8607874 0.5089648 0 -0.8607874 0.5089648 0 0.8607874 0.5089648 0 0.8607874 0 0 1 0 0 1 -0.8686166 0 0.4954847 -0.8686166 0 0.4954847 -0.8686166 0 -0.4954847 0 1 0 0 0 -1 0 0 -1 0.5089648 0 -0.8607874 0.5089648 0 -0.8607874 0.5089648 0 0.8607874 0.5089648 0 0.8607874 0 0 1 0 0 1 -0.8686166 0 0.4954847 -0.8686166 0 0.4954847 -0.8686166 0 -0.4954847 0 1 0 -0.3212747 -0.7113395 -0.625123 -0.722254 -0.2728176 -0.6355469 -0.7222545 0.2728063 -0.635551 -0.3212817 0.7113244 -0.6251366 0.722248 -0.2728458 -0.6355416 0.3212473 -0.7113464 -0.6251291 0.3212473 0.7113464 -0.6251291 0.722254 0.2728176 -0.6355469 -0.3926586 -0.8328964 0.3900034 -0.8556494 -0.3474053 0.3836322 -0.6708117 -0.1713347 0.7215651 -0.215435 -0.6131918 0.7599891 -0.8556575 0.3473963 0.3836222 -0.3926586 0.8328964 0.3900034 -0.215435 0.6131918 0.7599891 -0.6708117 0.1713347 0.7215651 0.8556402 -0.3474322 0.3836281 0.3926328 -0.8329064 0.3900081 0.215435 -0.6131918 0.7599891 0.6707766 -0.1713641 0.7215907 0.3926586 0.8328964 0.3900034 0.8556494 0.3474053 0.3836322 0.6707801 0.1713344 0.7215945 0.215435 0.6131918 0.7599891 -0.3212747 -0.7113395 0.625123 -0.722254 -0.2728176 0.6355469 -0.7222606 0.272778 0.6355563 -0.3212817 0.7113244 0.6251366 0.722248 -0.2728458 0.6355416 0.3212473 -0.7113464 0.6251291 0.3212473 0.7113464 0.6251291 0.722254 0.2728176 0.6355469 -0.3926586 -0.8328964 -0.3900034 -0.8556494 -0.3474053 -0.3836322 -0.6708117 -0.1713347 -0.7215651 -0.215435 -0.6131918 -0.7599891 -0.8556575 0.3473963 -0.3836222 -0.3926586 0.8328964 -0.3900034 -0.215435 0.6131918 -0.7599891 -0.6708117 0.1713347 -0.7215651 0.8556402 -0.3474322 -0.3836281 0.3926328 -0.8329064 -0.3900081 0.215435 -0.6131918 -0.7599891 0.6707801 -0.1713344 -0.7215945 0.3926586 0.8328964 -0.3900034 0.8556494 0.3474053 -0.3836322 0.6707801 0.1713344 -0.7215945 0.215435 0.6131918 -0.7599891 -0.08624769 0.9962738 0 -0.08624769 0.9962738 0 -0.9981224 0.06125154 0 -0.9981224 0.06125154 0 -0.9707036 0.2402801 0 -0.9707036 0.2402801 0 -0.88881 0.4582759 0 -0.88881 0.4582759 0 -0.7686889 0.6396228 0 -0.7686889 0.6396228 0 -0.6259708 0.7798465 0 -0.6259708 0.7798465 0 -0.4725212 0.8813193 0 -0.4725212 0.8813193 0 -0.3153212 0.948985 0 -0.3153212 0.948985 0 -0.1613843 0.9868916 0 -0.1613843 0.9868916 0 0 0 1 1 0 0 0 -1 0 0 -1 0 1 0 0 1 0 0 -0.9902347 -0.06305322 -0.1243363 -0.9902347 -0.06305322 -0.1243363 0.000213632 -0.999401 -0.03460839 0.0001525967 -0.820726 0.571322 0.0001525967 -0.820726 0.571322 0 0.9990163 0.04434443 0 0.8882151 0.4594279 0 0.8882151 0.4594279 0.999738 0 0.02288917 0.9914842 0 0.1302263 0.9914842 0 0.1302263 0.9998074 0 0.01962382 -0.9976559 -0.04864678 0.04812796 -0.9976559 -0.04864678 0.04812796 0.998742 0 -0.05014311 0.998742 0 -0.05014311 -0.9979777 -0.06354097 0.001800633 -0.9979777 -0.06354097 0.001800633 0.0002136332 -0.9999561 -0.009369344 0.0001831153 -0.8377526 -0.54605 0.0001831153 -0.8377526 -0.54605 0 1 0 0 0.8146727 -0.579921 0 0.8146727 -0.579921 1 0 0 1 0 0 1 0 0 1 0 0 -0.9988146 -0.04867726 -0.0001831119 -0.9988146 -0.04867726 -0.0001831119 1 0 0 1 0 0 0 0 1 0 0 1 0 1 0 0 1 0 0 1 0 0 1 0 0 1 0 -0.8686166 0 -0.4954847 0 0 -1 0 0 -1 -0.8686166 0 0.4954847 -0.8686166 0 0.4954847 -0.8686166 0 -0.4954847 -0.8686166 0 -0.4954847 0 -1 0 0 -1 0 0 -1 0 0 -1 0 0 -1 0 0 -1 0 0 0 1 0 0 1 0 1 0 0 1 0 0 1 0 0 1 0 0 1 0 -0.8686166 0 -0.4954847 0 0 -1 0 0 -1 -0.8686166 0 0.4954847 -0.8686166 0 0.4954847 -0.8686166 0 -0.4954847 -0.8686166 0 -0.4954847 0 -1 0 0 -1 0 0 -1 0 0 -1 0 0 -1 0 0 -1 0 -0.8556575 0.3473963 0.3836222 -0.8556494 -0.3474053 0.3836322 -0.3926586 -0.8328964 0.3900034 0.3926328 -0.8329064 0.3900081 0.8556402 -0.3474322 0.3836281 0.8556494 0.3474053 0.3836322 0 0 1 0 0 1 0 0 1 0 0 1 0 0 1 0 0 1 0 0 1 0 0 1 0.3926586 0.8328964 0.3900034 -0.3926586 0.8328964 0.3900034 -0.3926586 -0.8328964 0.3900034 -0.8556494 -0.3474053 0.3836322 -0.3926586 0.8328964 0.3900034 -0.8556575 0.3473963 0.3836222 0.3926586 0.8328964 0.3900034 0.8556494 0.3474053 0.3836322 0.3926328 -0.8329064 0.3900081 0.8556402 -0.3474322 0.3836281 -0.3926586 0.8328964 0.3900034 -0.3212817 0.7113244 -0.6251366 -0.3212747 -0.7113395 -0.625123 -0.3926586 -0.8328964 0.3900034 0.3926328 -0.8329064 0.3900081 0.3212473 -0.7113464 -0.6251291 0.3212473 0.7113464 -0.6251291 0.3926586 0.8328964 0.3900034 -0.3212747 -0.7113395 -0.625123 -0.722254 -0.2728176 -0.6355469 -0.7222545 0.2728063 -0.635551 -0.3212817 0.7113244 -0.6251366 0.3212473 -0.7113464 -0.6251291 0.3212473 0.7113464 -0.6251291 0.722248 -0.2728458 -0.6355416 0.722254 0.2728176 -0.6355469 -0.8556494 -0.3474053 -0.3836322 -0.8556575 0.3473963 -0.3836222 -0.3926586 -0.8328964 -0.3900034 0.3926328 -0.8329064 -0.3900081 0.8556494 0.3474053 -0.3836322 0.8556402 -0.3474322 -0.3836281 0 0 -1 0 0 -1 0 0 -1 0 0 -1 0 0 -1 0 0 -1 0 0 -1 0 0 -1 0.3926586 0.8328964 -0.3900034 -0.3926586 0.8328964 -0.3900034 -0.3926586 -0.8328964 -0.3900034 -0.8556494 -0.3474053 -0.3836322 -0.8556575 0.3473963 -0.3836222 -0.3926586 0.8328964 -0.3900034 0.3926586 0.8328964 -0.3900034 0.8556494 0.3474053 -0.3836322 0.8556402 -0.3474322 -0.3836281 0.3926328 -0.8329064 -0.3900081 -0.3926586 0.8328964 -0.3900034 -0.3212817 0.7113244 0.6251366 -0.3212747 -0.7113395 0.625123 -0.3926586 -0.8328964 -0.3900034 0.3212473 -0.7113464 0.6251291 0.3926328 -0.8329064 -0.3900081 0.3926586 0.8328964 -0.3900034 0.3212473 0.7113464 0.6251291 -0.3212817 0.7113244 0.6251366 -0.7222606 0.272778 0.6355563 -0.722254 -0.2728176 0.6355469 -0.3212747 -0.7113395 0.625123 0.3212473 0.7113464 0.6251291 0.3212473 -0.7113464 0.6251291 0.722254 0.2728176 0.6355469 0.722248 -0.2728458 0.6355416 -0.88881 0.4582759 0 -0.88881 0.4582759 0 0 0 1 0 0 1 0 0 1 0 0 1 0 0 1 0 0 1 0 0 1 0 0 1 0 0 1 1 0 0 1 0 0 1 0 0 0 0 -1 0 0 -1 0 0 -1 0 0 -1 0 0 -1 0 0 -1 0 0 -1 0 0 -1 0 0 -1 0 0 -1 0 -1 0 0 -1 0 0 0 1 0 0 1 0 0 -1 0 0 -1 -1 0 0 -1 0 0 0.0001525967 -0.820726 0.571322 0.0001525967 -0.820726 0.571322 0 0.8882151 0.4594279 0 0.8882151 0.4594279 0.0001831153 -0.8377526 -0.54605 0.0001831153 -0.8377526 -0.54605 0 0.8146727 -0.579921 0 0.8146727 -0.579921 -0.215435 -0.6131918 0.7599891 -0.6708117 -0.1713347 0.7215651 -0.215435 0.6131918 0.7599891 -0.6708117 0.1713347 0.7215651 0.215435 0.6131918 0.7599891 0.6707801 0.1713344 0.7215945 0.215435 -0.6131918 0.7599891 0.6707766 -0.1713641 0.7215907 -0.6708117 -0.1713347 -0.7215651 -0.215435 -0.6131918 -0.7599891 -0.215435 0.6131918 -0.7599891 -0.6708117 0.1713347 -0.7215651 0.6707801 0.1713344 -0.7215945 0.215435 0.6131918 -0.7599891 0.215435 -0.6131918 -0.7599891 0.6707801 -0.1713344 -0.7215945  
			<Tangents>: 328 1 0 0 1 0.0002139439 -5.310211E-06 1 0.000213504 7.393459E-06 1 0 0 1 0 0 1 0 0 1 0 0 1 0 0 0.05439341 -0.9985196 7.467145E-05 0.05466916 -0.9985045 0.0001301357 1 0.0002137189 1.187351E-06 1 0 0 1 0 0 1 0.000213656 -1.43411E-06 1 0.0002136239 2.001603E-06 1 0 0 1 0 0 1 0 0 1 0 0 1 0 0 0.05441526 -0.9985184 -2.184536E-06 0.05429354 -0.998525 -3.057652E-06 1 0.00021364 2.807111E-07 1 0 0 -1 0 0 -1 0 0 -0.8607873 0 -0.5089648 -0.8607873 0 -0.5089648 0.8607873 0 -0.5089648 0.8607873 0 -0.5089648 1 0 0 1 0 0 0.4954847 0 0.8686166 0.4954847 0 0.8686166 -0.4954847 0 0.8686166 -0.4910645 0 -0.8711232 -1 0 0 -1 0 0 -0.8607873 0 -0.5089648 -0.8607873 0 -0.5089648 0.8607873 0 -0.5089648 0.8607873 0 -0.5089648 1 0 0 1 0 0 0.4954847 0 0.8686166 0.4954847 0 0.8686166 -0.4954847 0 0.8686166 -0.4910645 0 -0.8711232 -0.946986 0.2413292 0.2120794 -0.2085666 0.9620502 -0.1759527 0.2085574 0.9620534 0.175946 0.9469837 0.2413299 -0.2120891 -0.2085882 -0.9620422 0.1759709 -0.9469953 -0.2413086 -0.2120613 0.9469953 -0.2413086 0.2120613 0.2085666 -0.9620502 -0.1759527 -0.9196844 0.3556046 -0.1665117 -0.3184763 0.937709 0.1388336 -0.1166584 0.9852129 0.1254847 0.04868542 0.7705519 0.6355152 0.3184698 0.9377123 -0.1388259 0.1022599 0.4609725 -0.8815028 -0.04476133 0.7712453 -0.6349623 0.1166583 0.9852129 -0.1254847 -0.318501 -0.937699 -0.1388441 -0.9196953 -0.3555812 0.1665007 -0.04475088 0.7712471 0.6349608 0.1166729 0.9852078 0.1255113 -0.1040292 0.4615646 -0.8809859 0.3184763 -0.937709 0.1388336 -0.1166527 0.9852129 -0.1254896 0.04867578 0.7705536 -0.6355138 -0.946986 0.2413292 -0.2120794 -0.2085666 0.9620502 0.1759527 0.2085362 0.9620615 -0.1759274 0.9469837 0.2413299 0.2120891 -0.2085882 -0.9620422 -0.1759709 -0.9469953 -0.2413087 0.2120613 0.9469953 -0.2413087 -0.2120613 0.2085666 -0.9620502 0.1759527 -0.9196844 0.3556046 0.1665117 -0.3184763 0.937709 -0.1388336 -0.1166584 0.9852129 -0.1254847 0.04868512 0.7705519 -0.6355152 0.3184698 0.9377123 0.1388258 0.1022599 0.4609725 0.8815028 -0.04476133 0.7712453 0.6349623 0.1166584 0.9852129 0.1254847 -0.3185009 -0.937699 0.1388443 -0.9196953 -0.3555812 -0.1665008 -0.04475071 0.7712471 -0.6349608 0.1166527 0.9852129 -0.1254896 -0.1040292 0.4615646 0.8809859 0.3184763 -0.937709 -0.1388336 -0.1166527 0.9852129 0.1254896 0.04867578 0.7705536 0.6355138 0 0 1 0 0 1 2.215878E-09 3.610877E-08 1 0 0 1 4.795315E-07 1.937251E-06 1 3.983538E-07 1.609303E-06 1 8.374303E-07 1.624166E-06 1 8.374304E-07 1.624167E-06 1 1.710706E-06 2.055901E-06 1 1.856392E-06 2.230984E-06 1 0 0 1 3.206524E-07 2.573827E-07 1 2.58546E-07 1.386199E-07 1 0 0 1 1.05766E-06 3.514311E-07 1 1.049234E-06 3.486312E-07 1 0 0 1 9.800446E-08 1.602656E-08 1 -0.9999996 -0.0008223322 0 0 -2.022166E-06 -1 1 0 9.069272E-09 1 0 8.888691E-09 0 -4.339761E-08 -1 0 0 -1 0.06339059 -0.997988 0.001244951 0.06396477 -0.9979466 -0.003348918 1 0.0002138737 -3.283001E-06 0.9999999 0.0002578208 0.0001032755 1 0.0001252401 -8.718184E-05 1 0 0 1 0 0 1 0 0 0 1 0 0 1 0 0 1 0 0 1 0 0.04870272 -0.9988133 -1.025677E-05 0.04870322 -0.9988133 -1.095425E-08 0 1 0 0 1 0 0.06354103 -0.9979792 -1.921939E-05 0.06354115 -0.9979792 4.888786E-05 1 0.0002136512 -9.174844E-07 1 0.0001534054 9.999012E-05 0.9999999 0.0002754782 -8.729475E-05 1 0 0 1 0 0 1 0 0 0 1 0 0 1 0 0 1 0 0 1 0 0.04867726 -0.9988146 -4.051353E-09 0.04867726 -0.9988146 3.430952E-08 0 1 0 0 1 0 1 0 0 1 0 0 -0.4910721 0 -0.871119 -0.4910549 0 -0.8711286 -0.4910721 0 -0.871119 -0.4910645 0 -0.8711232 -0.4910816 0 -0.8711136 -0.4954847 0 0.8686166 -1 0 0 -1 0 0 0.4954847 0 0.8686166 0.4954847 0 0.8686166 -0.4954847 0 0.8686166 -0.4954847 0 0.8686166 0.4910721 0 -0.871119 0.4910549 0 -0.8711286 0.4910721 0 -0.871119 0.4910721 0 -0.871119 0.4910721 0 -0.871119 0.4910549 0 -0.8711286 1 0 0 1 0 0 -0.4910721 0 -0.871119 -0.4910548 0 -0.8711287 -0.4910721 0 -0.871119 -0.4910645 0 -0.8711232 -0.4910816 0 -0.8711136 -0.4954847 0 0.8686166 -1 0 0 -1 0 0 0.4954847 0 0.8686166 0.4954847 0 0.8686166 -0.4954847 0 0.8686166 -0.4954847 0 0.8686166 0.491072 0 -0.871119 0.4910549 0 -0.8711286 0.491072 0 -0.871119 0.491072 0 -0.871119 0.4910721 0 -0.871119 0.4910549 0 -0.8711286 0.3169952 0.9377184 -0.1421205 -0.3170016 0.9377151 0.1421283 -0.1040217 0.4615621 0.8809881 0.1022639 0.4609708 0.8815032 0.317026 0.9377051 0.1421393 -0.3170016 0.9377151 -0.1421283 -7.768321E-08 1 0 -2.345532E-06 1 0 1.476804E-06 1 0 7.385511E-07 1 0 2.857496E-07 1 0 8.96329E-07 1 0 1.4818E-06 1 0 -1.06702E-06 1 0 0.9196844 -0.3556046 -0.1665117 0.9196844 0.3556046 0.1665117 -0.2614318 0.5076534 0.8209394 -0.1103862 0.8466815 0.5205241 0.2614722 0.5076635 -0.8209203 0.1103941 0.8466913 -0.5205065 -0.2614938 0.5076689 -0.82091 -0.1104148 0.8467043 -0.5204809 0.2615797 0.5076829 0.820874 0.1104553 0.84671 0.520463 0.8642977 0.4791289 -0.1530519 0.8071353 0.5509523 0.2120945 -0.8071557 0.5509272 -0.2120823 -0.8643029 0.4791244 0.153037 -0.8643184 -0.4790978 -0.1530324 -0.8071753 -0.5508994 0.21208 0.8071626 -0.5509105 -0.2120993 0.8643036 -0.4791238 0.153035 -0.3251559 0.7028486 -0.6326749 -0.204813 0.9620658 -0.1802251 0.204804 0.962069 0.1802181 0.3251497 0.7028639 0.6326611 0.3251349 0.7028415 -0.6326935 -0.3251337 0.7028415 0.6326941 0.2048346 0.9620578 -0.1802433 -0.204813 0.9620658 0.180225 -0.3170016 0.9377151 -0.1421283 0.3169952 0.9377184 0.1421204 -0.1040223 0.4615623 -0.8809879 0.1022642 0.460971 -0.8815032 -0.3170016 0.9377151 0.1421283 0.317026 0.9377051 -0.1421393 6.843175E-08 1 0 1.504536E-06 1 0 -2.302139E-06 1 0 5.924653E-07 1 0 2.358094E-07 1 0 9.462812E-07 1 0 -1.263E-07 1 0 5.715583E-07 1 0 0.9196844 -0.3556046 0.1665117 0.9196844 0.3556046 -0.1665117 -0.2614361 0.5076545 -0.8209373 -0.1103892 0.8466839 -0.5205196 0.1103941 0.8466913 0.5205065 0.2614722 0.5076635 0.8209203 -0.2614938 0.5076689 0.82091 -0.1104148 0.8467043 0.5204809 0.1104565 0.846711 -0.5204612 0.2615792 0.5076827 -0.8208743 0.8642977 0.4791289 0.1530519 0.8071357 0.550952 -0.212094 -0.8071555 0.5509273 0.2120826 -0.8643029 0.4791244 -0.153037 -0.8071752 -0.5508994 -0.2120802 -0.8643174 -0.4790987 0.1530353 0.8643036 -0.4791238 -0.153035 0.8071629 -0.5509102 0.2120988 0.325149 0.7028639 -0.6326615 0.2047828 0.962077 -0.1801995 -0.204813 0.9620658 0.180225 -0.3251552 0.7028486 0.6326752 -0.3251344 0.7028415 -0.6326938 0.3251356 0.7028415 0.6326931 -0.2048126 0.9620658 -0.1802255 0.2048342 0.9620578 0.1802437 1.10799E-06 2.148907E-06 1 8.374304E-07 1.624167E-06 1 -0.9999228 -0.01242391 0 -1 1.934778E-07 0 -0.9997284 -0.02330377 0 -0.999788 -0.02058841 0 -0.9998472 -0.01748236 0 -0.9998707 -0.01607996 0 -0.9999443 -0.01055034 0 -0.9999689 -0.00788282 0 -0.9995853 -0.02879601 0 0 -2.022571E-06 -1 0 -1.507054E-07 -1 0 0 -1 -0.9999996 -0.0008221945 0 -1 3.869556E-07 0 -0.9999228 -0.0124238 0 -0.9997284 -0.02330359 0 -0.999788 -0.02058875 0 -0.9998472 -0.01748304 0 -0.9998707 -0.01607912 0 -0.9999443 -0.01055024 0 -0.9999689 -0.007883822 0 -0.9995853 -0.02879599 0 1 0 6.226763E-09 1 0 6.046181E-09 -1 3.452167E-07 0 -1 3.869556E-07 0 -1 3.869556E-07 0 -1 3.869556E-07 0 0 0 1 0 0 1 1 0.0002259954 5.755707E-05 1 0.000183808 -3.046724E-06 1 0 0 1 0 0 0.9999999 0.0002463066 -4.253952E-05 1 0.0002081735 1.596451E-05 1 0 0 1 0 0 -0.1670347 0.789934 0.5900031 -0.1092872 0.985163 0.1323255 0.1670354 0.789934 -0.5900029 0.1091485 0.9851612 -0.132454 -0.1670352 0.789934 -0.590003 -0.1092821 0.9851631 -0.1323293 0.1670366 0.789934 0.5900026 0.1091628 0.9851561 0.1324803 -0.1091489 0.9851612 -0.1324537 -0.1670354 0.789934 -0.5900029 0.1670363 0.789934 0.5900027 0.1092873 0.9851631 0.1323254 -0.109144 0.9851612 0.1324573 -0.1670344 0.789934 0.5900032 0.1670358 0.789934 -0.5900028 0.1092825 0.9851632 -0.132329  
			<BiTangents>: 328 0 -0.04434443 0.9990163 -1.271128E-05 0.03460838 -0.9994009 1.253215E-13 0.03460838 -0.9994009 0 -0.04434443 0.9990163 0 1 0 0 1 0 0 1 0 0 1 0 -0.01828862 -0.0009214855 0.9998323 -0.02185627 -0.001066354 0.9997606 -6.209827E-06 0.03460838 -0.9994009 0 -0.04434443 0.9990163 0 0 -1 3.435864E-06 -0.009369343 0.9999561 -5.342948E-14 -0.009369343 0.9999561 0 0 -1 0 1 0 0 1 0 0 1 0 0 1 0 -0.0005486456 -2.771121E-05 -0.9999998 -0.0005487001 -2.677271E-05 -0.9999998 1.720967E-06 -0.009369343 0.9999561 0 0 -1 0 1 0 0 1 0 0 1 0 0 1 0 0 1 0 0 1 0 0 1 0 0 1 0 0 1 0 0 1 0 0 1 0 -0.8711232 0 0.4910645 0 1 0 0 1 0 0 1 0 0 1 0 0 1 0 0 1 0 0 1 0 0 1 0 0 1 0 0 1 0 0 1 0 -0.8711232 0 0.4910645 -5.07093E-10 0.6601185 -0.7511615 0.659431 0.005471314 -0.7517452 0.6594332 -0.005471118 -0.7517433 -7.705268E-09 -0.6601344 -0.7511474 -0.6594307 0.005471819 -0.7517454 3.626398E-08 0.6601185 -0.7511615 -3.566094E-09 -0.6601185 -0.7511615 -0.659431 -0.005471354 -0.7517452 5.274293E-09 -0.4240623 -0.905633 -0.4079669 -0.00338491 -0.9129905 -0.7323951 4.951742E-10 -0.68088 -0.9753038 0.1739126 -0.1361504 -0.4079548 0.003384616 -0.9129958 -0.9139815 -0.3062479 -0.2661768 -0.9754918 -0.1708113 -0.138706 -0.7323951 -4.199124E-08 -0.68088 0.4079667 -0.003385304 -0.9129906 4.798984E-08 -0.4240623 -0.905633 -0.9754922 -0.170803 0.1387128 -0.7324249 3.478842E-08 0.6808479 -0.9137818 0.305355 0.2678829 0.4079669 0.003384923 -0.9129905 -0.7324249 -4.310829E-09 0.6808479 -0.9753042 0.173905 0.1361566 -5.07093E-10 0.6601185 0.7511615 0.659431 0.005471314 0.7517452 0.6594334 -0.005471059 0.7517431 -7.705268E-09 -0.6601344 0.7511474 -0.6594307 0.00547188 0.7517455 -3.408102E-08 0.6601185 0.7511615 -2.348113E-08 -0.6601185 0.7511615 -0.659431 -0.005471354 0.7517452 -7.136831E-09 -0.4240623 0.905633 -0.4079669 -0.00338491 0.9129905 -0.7323951 4.951742E-10 0.68088 -0.9753038 0.1739124 0.1361506 -0.4079548 0.003384692 0.9129958 -0.9139815 -0.3062479 0.2661768 -0.9754918 -0.1708113 0.138706 -0.7323951 4.100089E-08 0.68088 0.4079667 -0.003385179 0.9129905 -4.97241E-08 -0.4240623 0.905633 -0.9754922 -0.1708029 -0.1387129 -0.7324249 -3.718517E-08 -0.6808479 -0.9137818 0.305355 -0.2678829 0.4079669 0.003384923 0.9129905 -0.7324249 -4.310829E-09 -0.6808479 -0.9753042 0.173905 -0.1361566 0.9962738 0.08624769 0 0.9962738 0.08624769 0 0.06125154 0.9981224 -3.617669E-08 0.06125154 0.9981224 0 0.2402801 0.9707036 -1.995719E-06 0.2402801 0.9707036 -1.657873E-06 0.4582759 0.88881 -1.827349E-06 0.4582759 0.88881 -1.82735E-06 0.6396229 0.7686889 -2.674555E-06 0.6396229 0.7686889 -2.902324E-06 0.7798465 0.6259708 0 0.7798465 0.6259708 -4.111737E-07 0.8813193 0.4725212 -2.933625E-07 0.8813193 0.4725212 0 0.948985 0.3153212 -1.114517E-06 0.948985 0.3153212 -1.105638E-06 0.9868916 0.1613843 0 0.9868916 0.1613843 -9.930622E-08 -0.0008223322 0.9999996 0 0 1 -2.022166E-06 -9.069272E-09 0 1 -8.888691E-09 0 1 0 1 -4.339761E-08 0 1 0 -0.1241646 -0.006648958 0.9922393 -0.1238698 -0.01126936 0.9922345 -1.068286E-05 0.03460838 -0.9994009 -0.0002320596 0.5713219 0.820726 -3.541062E-12 0.571322 0.820726 0 -0.04434443 0.9990163 0 0.4594279 -0.8882151 0 0.4594279 -0.8882151 -0.02288917 0 0.999738 -0.1302264 0 0.9914843 -0.1302264 0 0.9914843 -0.01962382 0 0.9998074 0.04807135 0.00233373 0.9988412 0.04807085 0.002343976 0.9988412 0.05014311 0 0.998742 0.05014311 0 0.998742 -0.001798215 -9.523352E-05 -0.9999983 -0.001793887 -0.0001632033 -0.9999983 2.919215E-06 -0.009369343 0.9999561 1.374686E-12 0.54605 -0.8377526 -0.0002235563 0.5460499 -0.8377526 0 0 -1 0 0.579921 0.8146727 0 0.579921 0.8146727 0 0 -1 0 0 -1 0 0 -1 0 0 -1 0.0001828947 8.917434E-06 -1 0.0001828965 8.879118E-06 -1 0 0 -1 0 0 -1 0 1 0 0 1 0 -0.871119 0 0.4910721 -0.8711286 0 0.4910549 -0.871119 0 0.4910721 -0.8711232 0 0.4910645 -0.8711136 0 0.4910816 0 1 0 0 1 0 0 1 0 0 1 0 0 1 0 0 1 0 0 1 0 0.871119 0 0.4910721 0.8711286 0 0.4910549 0.871119 0 0.4910721 0.871119 0 0.4910721 0.871119 0 0.4910721 0.8711286 0 0.4910549 0 1 0 0 1 0 -0.871119 0 0.4910721 -0.8711287 0 0.4910548 -0.871119 0 0.4910721 -0.8711232 0 0.4910645 -0.8711136 0 0.4910816 0 1 0 0 1 0 0 1 0 0 1 0 0 1 0 0 1 0 0 1 0 0.871119 0 0.491072 0.8711286 0 0.4910549 0.871119 0 0.491072 0.871119 0 0.491072 0.871119 0 0.4910721 0.8711286 0 0.4910549 -0.4091017 -5.586892E-08 -0.9124888 -0.4091139 -1.65103E-09 -0.9124833 -0.9137827 0.3053587 -0.2678757 -0.9139921 -0.3062234 0.2661685 -0.4091138 4.422672E-08 0.9124833 -0.4091139 -1.65103E-09 0.9124833 -1 -7.768321E-08 0 -1 -2.345532E-06 0 -1 1.476804E-06 0 -1 7.385511E-07 0 -1 2.857496E-07 0 -1 8.96329E-07 0 -1 1.4818E-06 0 -1 -1.06702E-06 0 -5.274293E-09 0.4240623 -0.905633 5.274293E-09 0.4240623 -0.905633 -0.8817441 0.2203896 -0.4170801 -0.5056472 0.4030384 -0.7628112 -0.8817321 -0.2203664 -0.4171177 -0.5056316 -0.4030257 -0.7628283 -0.8817257 0.2203539 0.4171379 -0.5056409 0.4029905 0.7628407 -0.8817117 -0.2202838 0.4172044 -0.5056474 -0.4029554 0.7628549 -0.3143383 0.2769819 -0.9080046 0.4952884 -0.4364277 -0.751146 0.4952598 0.4364349 -0.7511607 -0.3143242 -0.2769898 -0.9080071 0.3143137 -0.2770057 -0.9080059 -0.4952456 0.4364586 -0.7511562 -0.4952663 -0.4364446 -0.7511508 0.3143223 0.2769909 -0.9080075 -0.8894134 1.84668E-08 0.4571037 -0.6606064 4.46732E-08 0.7507324 -0.6606086 3.659331E-08 0.7507305 -0.8894132 5.739785E-07 0.4571042 -0.889431 1.77809E-07 -0.4570695 -0.8894314 7.40251E-07 -0.4570687 -0.6606063 5.462283E-07 -0.7507325 -0.6606064 -3.625804E-08 -0.7507324 -0.4091139 -1.65103E-09 0.9124833 -0.4091017 4.349849E-08 0.9124888 -0.9137826 0.3053584 0.2678762 -0.9139921 -0.3062232 -0.2661688 -0.4091139 -1.65103E-09 -0.9124833 -0.4091139 -4.37065E-08 -0.9124833 -1 6.843175E-08 0 -1 1.504536E-06 0 -1 -2.302139E-06 0 -1 5.924653E-07 0 -1 2.358094E-07 0 -1 9.462812E-07 0 -1 -1.263E-07 0 -1 5.715583E-07 0 -1.768542E-08 0.4240623 0.905633 5.274293E-09 0.4240623 0.905633 -0.8817428 0.2203871 0.4170841 -0.5056465 0.4030334 0.7628143 -0.5056316 -0.4030257 0.7628283 -0.8817321 -0.2203664 0.4171177 -0.8817257 0.2203539 -0.4171379 -0.5056409 0.4029905 -0.7628407 -0.5056472 -0.4029534 -0.7628562 -0.8817119 -0.2202842 -0.4172039 -0.3143384 0.2769819 0.9080046 0.4952879 -0.4364281 0.7511461 0.49526 0.4364347 0.7511606 -0.3143242 -0.2769898 0.9080071 -0.4952458 0.4364585 0.7511562 0.3143165 -0.2770041 0.9080054 0.3143223 0.2769909 0.9080075 -0.4952657 -0.4364449 0.751151 -0.8894134 -6.68383E-09 -0.4571037 -0.6606086 -3.634904E-08 -0.7507305 -0.6606064 -2.678765E-08 -0.7507324 -0.8894137 5.432261E-07 -0.4571032 -0.8894312 2.341278E-07 0.4570692 -0.8894307 7.776013E-07 0.4570701 -0.6606066 6.030135E-07 0.7507323 -0.6606064 2.83579E-08 0.7507324 0.4582759 0.88881 -2.417735E-06 0.4582759 0.88881 -1.82735E-06 -0.01242391 0.9999228 0 1.934778E-07 1 0 -0.02330377 0.9997284 0 -0.02058841 0.999788 0 -0.01748236 0.9998472 0 -0.01607996 0.9998707 0 -0.01055034 0.9999443 0 -0.00788282 0.9999689 0 -0.02879601 0.9995853 0 0 1 -2.022571E-06 0 1 -1.507054E-07 0 1 0 -0.0008221945 0.9999996 0 3.869556E-07 1 0 -0.0124238 0.9999228 0 -0.02330359 0.9997284 0 -0.02058875 0.999788 0 -0.01748304 0.9998472 0 -0.01607912 0.9998707 0 -0.01055024 0.9999443 0 -0.007883822 0.9999689 0 -0.02879599 0.9995853 0 -6.226763E-09 0 1 -6.046181E-09 0 1 3.452167E-07 1 0 3.869556E-07 1 0 3.869556E-07 1 0 3.869556E-07 1 0 0 1 0 0 1 0 -0.0001763547 0.5713219 0.820726 -0.000102513 0.571322 0.820726 0 0.4594279 -0.8882151 0 0.4594279 -0.8882151 -0.0001701333 0.5460499 -0.8377526 -0.0001002988 0.5460499 -0.8377526 0 0.579921 0.8146727 0 0.579921 0.8146727 -0.9621264 0.0001628053 -0.2726038 -0.7335312 0.009907675 -0.6795835 -0.9621263 -0.0001622104 -0.2726042 -0.7335519 -0.01009395 -0.6795585 -0.9621263 0.0001623818 0.2726041 -0.7335608 0.009906465 0.6795516 -0.9621261 -0.0001612402 0.2726049 -0.7335818 -0.01009383 0.6795262 -0.7335518 0.01009343 0.6795586 -0.9621263 0.0001622104 0.2726042 -0.9621261 -0.0001615022 0.2726047 -0.7335312 -0.009907498 0.6795836 -0.7335814 0.01009204 -0.6795267 -0.9621264 0.000163022 -0.2726036 -0.9621262 -0.0001618676 -0.2726045 -0.7335608 -0.009906035 -0.6795517  
			<SubMeshes>: 1
				<SubMesh>: 0 612 5 4 6 5 6 7 120 9 8 120 8 121 1 2 10 1 10 122 304 305 123 304 123 124 11 0 3 11 3 125 306 307 126 306 126 127 128 129 130 128 130 131 9 132 133 9 133 8 134 128 131 134 131 135 17 19 18 17 18 16 136 137 20 136 20 21 13 138 22 13 22 14 308 139 140 308 140 309 23 141 15 23 15 12 310 142 143 310 143 311 144 145 146 144 146 147 21 20 148 21 148 149 150 151 145 150 145 144 24 25 27 24 27 26 28 29 31 28 31 30 152 153 33 152 33 32 154 155 35 35 156 154 35 157 156 157 158 156 34 159 160 34 160 161 162 163 164 162 164 165 166 167 168 168 169 166 168 170 169 170 171 169 36 37 39 36 39 38 40 41 43 40 43 42 172 173 45 172 45 44 174 175 47 47 176 174 47 177 176 177 178 176 46 179 180 46 180 181 182 183 184 182 184 185 186 187 188 188 189 186 188 190 189 190 191 189 60 50 49 60 49 57 56 48 53 56 53 65 55 69 64 55 64 52 68 61 62 68 62 71 58 63 192 58 192 193 194 195 66 194 66 59 70 67 196 70 196 197 198 199 200 200 201 198 201 202 198 201 203 202 203 204 202 203 205 204 206 54 51 206 51 207 208 312 313 208 313 209 314 210 211 314 211 315 212 316 317 212 317 213 318 214 215 318 215 319 216 217 50 216 50 60 218 219 57 218 57 49 52 64 220 52 220 221 69 55 222 69 222 223 224 225 226 226 227 224 227 228 224 227 229 228 229 230 228 229 231 230 84 81 73 84 73 74 80 89 77 80 77 72 79 76 88 79 88 93 92 95 86 92 86 85 82 232 233 82 233 87 234 83 90 234 90 235 94 236 237 94 237 91 238 239 240 240 241 238 241 242 238 241 243 242 243 244 242 243 245 244 246 247 75 246 75 78 248 249 320 248 320 321 322 323 250 322 250 251 252 253 324 252 324 325 326 327 254 326 254 255 256 84 74 256 74 257 258 73 81 258 81 259 76 260 261 76 261 88 93 262 263 93 263 79 264 265 266 266 267 264 267 268 264 267 269 268 269 270 268 269 271 270 98 99 101 98 101 100 100 101 103 100 103 102 272 273 105 272 105 104 104 105 107 104 107 106 106 107 109 106 109 108 108 109 111 108 111 110 112 113 97 112 97 96 110 111 113 110 113 112 274 275 114 114 276 274 114 277 276 114 278 277 114 279 278 114 280 279 114 281 280 114 282 281 115 283 118 115 118 119 284 285 283 284 283 115 286 287 288 288 289 286 289 290 286 290 291 286 291 292 286 292 293 286 293 294 286 294 295 286 296 297 117 296 117 116 114 275 298 114 298 299 287 286 300 287 300 301 99 98 302 99 302 303  
		</Mesh>
		<Materials>: 1
			<Material>: 0
				<AlbedoColor>: 1 1 1 1
				<EmissiveColor>: 0 0 0 0
				<Glossiness>: 0.267
				<Metallic>: 0
				<SpecularHighlight>: 1
				<GlossyReflection>: 1
				<AlbedoMap>: BLD_Doors1_A
				<MetallicMap>: BLD_Doors1_MS
				<NormalMap>: BLD_Doors1_N
				<EmissionMap>: null
				<DetailAlbedoMap>: DET_Concrete1_A
				<DetailNormalMap>: null
		</Materials>
		<Children>: 0
	</Frame>
</Hierarchy>
