<Hierarchy>:
	<Frame>: 0 5 Church1_Deco_Column_A
		<Transform>: 0 0 0 0 0 0 1 1 1 0 0 0 1  
		<TransformMatrix>: 1 0 0 0 0 1 0 0 0 0 1 0 0 0 0 1  
		<Mesh>: 360 Church1_Deco_Column_A
			<Bounds>: 0.04630947 8.239034 -0.2000004 8.351398 8.242383 0.1999998
			<Positions>: 360 8.397707 3.591002 -0.09378574 8.397707 3.259866 -0.1006523 8.397706 3.570133 -0.309192 8.397706 3.256804 -0.3156894 -3.61277 8.706266 -0.08594459 -3.419781 8.554033 -0.09187042 -3.419415 8.553733 -0.3069887 -3.602027 8.697781 -0.3013813 3.718449 8.593246 -0.09369754 3.540221 8.452641 -0.1005607 3.538579 8.451333 -0.3155979 3.707223 8.584378 -0.3091036 2.392326 9.910583 -0.1539934 2.392326 14.5592 -0.1539937 2.392326 9.910583 -0.2566983 2.392326 14.5592 -0.2566985 -2.364159 9.910583 -0.1539934 -2.364159 14.5592 -0.1539936 -2.364159 9.910583 -0.2566983 -2.364159 14.5592 -0.2566985 0.01408386 16.48142 -0.2566985 0.01408386 12.41308 -0.2566984 0.01408386 16.48142 -0.1539937 0.01408386 12.41308 -0.1539935 2.560706 9.433019 -0.1028688 2.387384 9.651051 -0.2906044 2.392172 9.645027 -0.1028688 2.565495 9.426994 -0.2906044 4.343968 12.90762 -0.2906045 4.135159 13.09744 -0.1028689 4.338198 12.91286 -0.1028689 4.129388 13.10268 -0.2906045 -2.422332 9.433019 -0.10118 -2.249011 9.651051 -0.2921797 -2.253798 9.645027 -0.10118 -2.427121 9.426994 -0.2921797 -4.405594 12.90762 -0.2921798 -4.196785 13.09744 -0.1011801 -4.399824 12.91286 -0.1011801 -4.191014 13.10268 -0.2921798 -2.629951 0.1128582 -0.01344165 -2.617588 0.1128582 -5.630201E-07 -2.170049 0.1128582 -0.01344189 -2.182412 0.1128582 -5.630201E-07 -2.182412 0.1128582 -0.4000002 -2.170049 0.1128582 -0.3865591 -2.629951 0.1128582 -0.3865591 -2.617588 0.1128582 -0.4000002 -2.578594 0.1557021 -0.03584212 -2.211258 0.1557021 -0.04687467 -2.221406 0.1557021 -0.3641586 -2.588742 0.1557021 -0.3531263 -2.588742 0.1557021 -0.04687446 -2.221406 0.1557021 -0.03584212 -2.211258 0.1557021 -0.3531263 -2.578594 0.1557021 -0.3641586 -2.211258 8.705554 -0.04687485 -2.578594 8.705554 -0.03584233 -2.211258 8.705554 -0.3531265 -2.588742 8.705554 -0.04687461 -2.578594 8.705554 -0.3641588 -2.221406 8.705554 -0.3641588 -2.221406 8.705554 -0.03584233 -2.588742 8.705554 -0.3531265 -2.182412 -0.003350079 -5.591601E-07 -2.170049 -0.003350012 -0.01344185 -2.170049 -0.003350079 -0.3865591 -2.617588 -0.003350012 -5.591601E-07 -2.182412 -0.003350012 -0.4000002 -2.617588 -0.003350079 -0.4000002 -2.629951 -0.003350079 -0.01344164 -2.629951 -0.003350012 -0.3865591 2.270049 0.1128582 -0.01344165 2.282413 0.1128582 -5.630201E-07 2.729951 0.1128582 -0.01344189 2.717588 0.1128582 -5.630201E-07 2.717588 0.1128582 -0.4000002 2.729951 0.1128582 -0.3865591 2.270049 0.1128582 -0.3865591 2.282413 0.1128582 -0.4000002 2.321406 0.1557021 -0.03584212 2.688742 0.1557021 -0.04687467 2.678594 0.1557021 -0.3641586 2.311257 0.1557021 -0.3531263 2.311257 0.1557021 -0.04687446 2.678594 0.1557021 -0.03584212 2.688742 0.1557021 -0.3531263 2.321406 0.1557021 -0.3641586 2.688742 8.705554 -0.04687485 2.321406 8.705554 -0.03584233 2.688742 8.705554 -0.3531265 2.311257 8.705554 -0.04687461 2.321406 8.705554 -0.3641588 2.678594 8.705554 -0.3641588 2.678594 8.705554 -0.03584233 2.311257 8.705554 -0.3531265 2.717588 -0.003350079 -5.591601E-07 2.729951 -0.003350012 -0.01344185 2.729951 -0.003350079 -0.3865591 2.282413 -0.003350012 -5.591601E-07 2.717588 -0.003350012 -0.4000002 2.282413 -0.003350079 -0.4000002 2.270049 -0.003350079 -0.01344164 2.270049 -0.003350012 -0.3865591 2.321406 14.71762 -0.03584242 2.321406 14.71762 -0.3641589 2.311257 14.72453 -0.3531266 2.688742 14.46731 -0.04687494 2.688742 14.46731 -0.3531266 2.311257 14.72453 -0.04687473 2.678594 14.47422 -0.03584242 2.678594 14.47422 -0.3641589 -2.578594 14.41331 -0.3641589 -2.588742 14.40473 -0.3531266 -2.211258 14.72379 -0.04687494 -2.211258 14.72379 -0.3531266 -2.588742 14.40473 -0.04687472 -2.221406 14.71522 -0.03584242 -2.221406 14.71522 -0.3641589 -2.578594 14.41331 -0.03584241 0.007913411 12.5599 -0.09362758 0.007910758 12.22877 -0.1004941 0.007911921 12.22571 -0.3155313 0.007913098 12.53903 -0.3090338 -8.305088 3.670712 -0.3014911 -8.305088 3.332163 -0.09198454 -8.305088 3.331472 -0.3071028 -8.305088 3.690683 -0.08605416 3.718449 8.593246 -0.09369754 3.707223 8.584378 -0.3091036 0.007913411 12.5599 -0.09362758 0.007913098 12.53903 -0.3090338 8.397707 3.259866 -0.1006523 3.540221 8.452641 -0.1005607 3.538579 8.451333 -0.3155979 8.397706 3.256804 -0.3156894 -2.364159 14.5592 -0.2566985 -2.364159 9.910583 -0.2566983 2.392326 9.910583 -0.1539934 2.392326 14.5592 -0.1539937 0.01408386 12.41308 -0.1539935 -2.364159 9.910583 -0.1539934 -2.364159 9.910583 -0.2566983 0.01408386 12.41308 -0.2566984 0.01408386 16.48142 -0.1539937 2.392326 14.5592 -0.1539937 2.392326 14.5592 -0.2566985 0.01408386 16.48142 -0.2566985 -2.364159 14.5592 -0.1539936 0.01408386 16.48142 -0.1539937 0.01408386 16.48142 -0.2566985 -2.364159 14.5592 -0.2566985 2.392326 9.910583 -0.1539934 0.01408386 12.41308 -0.1539935 0.01408386 12.41308 -0.2566984 2.392326 9.910583 -0.2566983 -2.364159 14.5592 -0.1539936 -2.364159 9.910583 -0.1539934 2.392326 14.5592 -0.2566985 2.392326 9.910583 -0.2566983 2.560706 9.433019 -0.1028688 4.338198 12.91286 -0.1028689 2.392172 9.645027 -0.1028688 4.135159 13.09744 -0.1028689 2.565495 9.426994 -0.2906044 2.387384 9.651051 -0.2906044 4.129388 13.10268 -0.2906045 4.343968 12.90762 -0.2906045 -2.422332 9.433019 -0.10118 -4.399824 12.91286 -0.1011801 -4.196785 13.09744 -0.1011801 -2.253798 9.645027 -0.10118 -2.427121 9.426994 -0.2921797 -4.405594 12.90762 -0.2921798 -4.191014 13.10268 -0.2921798 -2.249011 9.651051 -0.2921797 -2.182412 0.1128582 -5.630201E-07 -2.182412 -0.003350079 -5.591601E-07 -2.170049 0.1128582 -0.3865591 -2.182412 0.1128582 -0.4000002 -2.182412 0.1128582 -5.630201E-07 -2.170049 0.1128582 -0.01344189 -2.588742 0.1557021 -0.3531263 -2.629951 0.1128582 -0.3865591 -2.221406 0.1557021 -0.3641586 -2.182412 0.1128582 -0.4000002 -2.617588 0.1128582 -0.4000002 -2.578594 0.1557021 -0.3641586 -2.211258 0.1557021 -0.04687467 -2.211258 0.1557021 -0.3531263 -2.221406 0.1557021 -0.03584212 -2.578594 14.41331 -0.03584241 -2.578594 8.705554 -0.03584233 -2.588742 8.705554 -0.04687461 -2.588742 14.40473 -0.04687472 -2.221406 14.71522 -0.03584242 -2.221406 8.705554 -0.03584233 -2.629951 0.1128582 -0.01344165 -2.617588 0.1128582 -5.630201E-07 -2.578594 0.1557021 -0.03584212 -2.588742 0.1557021 -0.04687446 -2.221406 0.1557021 -0.3641586 -2.211258 0.1557021 -0.3531263 -2.578594 0.1557021 -0.3641586 -2.221406 8.705554 -0.3641588 -2.221406 0.1557021 -0.3641586 -2.211258 0.1557021 -0.04687467 -2.221406 0.1557021 -0.03584212 -2.211258 0.1557021 -0.3531263 -2.211258 8.705554 -0.3531265 -2.588742 0.1557021 -0.3531263 -2.578594 8.705554 -0.3641588 -2.578594 0.1557021 -0.3641586 -2.588742 0.1557021 -0.04687446 -2.221406 0.1557021 -0.03584212 -2.578594 0.1557021 -0.03584212 -2.578594 0.1557021 -0.03584212 -2.588742 0.1557021 -0.04687446 -2.617588 -0.003350012 -5.591601E-07 -2.617588 0.1128582 -5.630201E-07 -2.182412 -0.003350012 -0.4000002 -2.629951 -0.003350079 -0.01344164 -2.617588 0.1128582 -0.4000002 -2.617588 -0.003350079 -0.4000002 -2.629951 -0.003350012 -0.3865591 2.717588 0.1128582 -5.630201E-07 2.717588 -0.003350079 -5.591601E-07 2.729951 0.1128582 -0.3865591 2.717588 0.1128582 -0.4000002 2.717588 0.1128582 -5.630201E-07 2.729951 0.1128582 -0.01344189 2.311257 0.1557021 -0.3531263 2.270049 0.1128582 -0.3865591 2.678594 0.1557021 -0.3641586 2.717588 0.1128582 -0.4000002 2.282413 0.1128582 -0.4000002 2.321406 0.1557021 -0.3641586 2.688742 0.1557021 -0.04687467 2.688742 0.1557021 -0.3531263 2.678594 0.1557021 -0.03584212 2.321406 14.71762 -0.03584242 2.321406 8.705554 -0.03584233 2.311257 8.705554 -0.04687461 2.311257 14.72453 -0.04687473 2.678594 14.47422 -0.03584242 2.678594 8.705554 -0.03584233 2.270049 0.1128582 -0.01344165 2.282413 0.1128582 -5.630201E-07 2.321406 0.1557021 -0.03584212 2.311257 0.1557021 -0.04687446 2.678594 0.1557021 -0.3641586 2.688742 0.1557021 -0.3531263 2.321406 0.1557021 -0.3641586 2.678594 8.705554 -0.3641588 2.678594 0.1557021 -0.3641586 2.688742 0.1557021 -0.04687467 2.678594 0.1557021 -0.03584212 2.688742 0.1557021 -0.3531263 2.688742 8.705554 -0.3531265 2.311257 0.1557021 -0.3531263 2.321406 8.705554 -0.3641588 2.321406 0.1557021 -0.3641586 2.311257 0.1557021 -0.04687446 2.678594 0.1557021 -0.03584212 2.321406 0.1557021 -0.03584212 2.321406 0.1557021 -0.03584212 2.311257 0.1557021 -0.04687446 2.282413 -0.003350012 -5.591601E-07 2.282413 0.1128582 -5.630201E-07 2.717588 -0.003350012 -0.4000002 2.270049 -0.003350079 -0.01344164 2.282413 0.1128582 -0.4000002 2.282413 -0.003350079 -0.4000002 2.270049 -0.003350012 -0.3865591 2.678594 14.47422 -0.3641589 2.321406 14.71762 -0.3641589 2.688742 14.46731 -0.3531266 -2.578594 14.41331 -0.3641589 -2.221406 14.71522 -0.3641589 -2.211258 14.72379 -0.3531266 8.397706 3.570133 -0.309192 8.397707 3.591002 -0.09378574 -8.305088 3.332163 -0.09198454 -3.419781 8.554033 -0.09187042 -3.61277 8.706266 -0.08594459 0.007913098 12.53903 -0.3090338 0.007913411 12.5599 -0.09362758 0.007910758 12.22877 -0.1004941 0.007911921 12.22571 -0.3155313 0.007913411 12.5599 -0.09362758 0.007910758 12.22877 -0.1004941 0.007911921 12.22571 -0.3155313 0.007910758 12.22877 -0.1004941 -3.419415 8.553733 -0.3069887 -3.602027 8.697781 -0.3013813 0.007913098 12.53903 -0.3090338 0.007911921 12.22571 -0.3155313 -8.305088 3.690683 -0.08605416 -8.305088 3.331472 -0.3071028 -8.305088 3.670712 -0.3014911 -2.170049 0.1128582 -0.3865591 -2.617588 0.1128582 -5.630201E-07 -2.182412 0.1128582 -5.630201E-07 -2.578594 0.1557021 -0.03584212 -2.182412 0.1128582 -5.630201E-07 -2.211258 8.705554 -0.04687485 -2.221406 8.705554 -0.03584233 -2.588742 8.705554 -0.3531265 -2.588742 8.705554 -0.04687461 -2.221406 8.705554 -0.03584233 -2.578594 8.705554 -0.03584233 -2.578594 8.705554 -0.03584233 -2.588742 8.705554 -0.04687461 -2.629951 -0.003350079 -0.01344164 -2.617588 0.1128582 -5.630201E-07 -2.629951 0.1128582 -0.01344165 2.729951 0.1128582 -0.3865591 2.282413 0.1128582 -5.630201E-07 2.717588 0.1128582 -5.630201E-07 2.321406 0.1557021 -0.03584212 2.717588 0.1128582 -5.630201E-07 2.688742 8.705554 -0.04687485 2.678594 8.705554 -0.03584233 2.311257 8.705554 -0.3531265 2.311257 8.705554 -0.04687461 2.678594 8.705554 -0.03584233 2.321406 8.705554 -0.03584233 2.321406 8.705554 -0.03584233 2.311257 8.705554 -0.04687461 2.270049 -0.003350079 -0.01344164 2.282413 0.1128582 -5.630201E-07 2.270049 0.1128582 -0.01344165 2.678594 8.705554 -0.3641588 2.688742 8.705554 -0.3531265 2.321406 8.705554 -0.3641588 2.678594 8.705554 -0.3641588 2.321406 8.705554 -0.3641588 2.688742 8.705554 -0.3531265 -2.578594 8.705554 -0.3641588 -2.221406 8.705554 -0.3641588 -2.578594 8.705554 -0.3641588 -2.211258 8.705554 -0.3531265 -2.221406 8.705554 -0.3641588 -2.211258 8.705554 -0.3531265 3.707223 8.584378 -0.3091036 3.718449 8.593246 -0.09369754 3.538579 8.451333 -0.3155979 3.707223 8.584378 -0.3091036 -3.61277 8.706266 -0.08594459 -3.419781 8.554033 -0.09187042 3.540221 8.452641 -0.1005607 3.538579 8.451333 -0.3155979 3.718449 8.593246 -0.09369754 3.540221 8.452641 -0.1005607 -3.419781 8.554033 -0.09187042 -3.419415 8.553733 -0.3069887 -3.61277 8.706266 -0.08594459 -3.602027 8.697781 -0.3013813 -3.602027 8.697781 -0.3013813 -3.419415 8.553733 -0.3069887  
			<Colors>: 360 1 1 1 1 1 1 1 1 1 1 1 1 1 1 1 1 0.9960784 0.9960784 0.9960784 1 1 1 1 1 1 1 1 1 1 1 1 1 1 1 1 1 1 1 1 1 1 1 1 1 1 1 1 1 1 1 1 1 1 1 1 1 1 1 1 1 1 1 1 1 1 1 1 1 1 1 1 1 1 1 1 1 1 1 1 1 1 1 1 1 1 1 1 1 1 1 1 1 1 1 1 1 1 1 1 1 1 1 1 1 1 1 1 1 1 1 1 1 1 1 1 1 1 1 1 1 1 1 1 1 1 1 1 1 1 1 1 1 1 1 1 1 1 1 1 1 1 1 1 1 1 1 1 1 1 1 1 1 1 1 1 1 1 1 1 1 1 1 1 1 1 1 1 1 0.9960784 0.9960784 0.9960784 1 1 1 1 1 1 1 1 1 1 1 1 1 1 1 1 1 1 1 1 1 1 1 1 1 0.9960784 0.9960784 0.9960784 1 1 1 1 1 1 1 1 1 1 1 1 1 1 1 1 1 1 1 1 1 1 1 1 1 0.9960784 0.9960784 0.9960784 1 1 1 1 1 1 1 1 1 1 1 1 1 1 1 1 1 1 1 1 1 1 1 1 1 1 1 1 1 1 1 1 1 0.9960784 0.9960784 0.9960784 1 1 1 1 1 1 1 1 1 1 1 1 1 1 1 1 1 1 1 1 1 1 1 1 1 1 1 1 1 1 1 1 1 0.9960784 0.9960784 0.9960784 1 1 1 1 1 1 1 1 1 1 1 1 1 1 1 1 1 1 1 1 1 1 1 1 1 0.9960784 0.9960784 0.9960784 1 1 1 1 1 1 1 1 1 1 1 1 1 1 1 1 1 1 1 1 1 1 1 1 1 0.9960784 0.9960784 0.9960784 1 1 1 1 1 1 1 1 1 1 1 1 1 1 1 1 1 1 1 1 1 1 1 1 1 1 1 1 1 1 1 1 1 0.9960784 0.9960784 0.9960784 1 1 1 1 1 1 1 1 1 1 1 1 1 1 1 1 1 1 1 1 1 1 1 1 1 1 1 1 1 1 1 1 1 1 1 1 1 0.9960784 0.9960784 0.9960784 1 1 1 1 1 1 1 1 1 1 1 1 1 1 1 1 1 1 1 1 1 1 1 1 1 0.9960784 0.9960784 0.9960784 1 1 1 1 1 1 1 1 1 1 1 1 1 1 1 1 1 1 1 1 1 0.9960784 0.9960784 0.9960784 1 1 1 1 1 1 1 1 1 1 1 1 1 1 1 1 1 1 1 1 1 1 1 1 1 1 1 1 1 0.9960784 0.9960784 0.9960784 1 1 1 1 1 0.9960784 0.9960784 0.9960784 1 1 1 1 1 1 1 1 1 1 1 1 1 1 1 1 1 1 1 1 1 1 1 1 1 1 1 1 1 1 1 1 1 1 1 1 1 1 1 1 1 1 1 1 1 1 1 1 1 1 1 1 1 1 1 1 1 1 1 1 1 1 1 1 1 1 1 1 1 1 1 1 1 1 1 1 1 1 1 1 1 1 1 1 1 1 1 1 1 1 1 1 1 1 1 1 1 1 1 1 1 1 1 1 1 1 1 1 1 1 1 1 1 1 1 1 1 1 1 1 1 1 1 1 1 0.9960784 0.9960784 0.9960784 1 0.9960784 0.9960784 0.9960784 1 1 1 1 1 1 1 1 1 0.9960784 0.9960784 0.9960784 1 1 1 1 1 1 1 1 1 1 1 1 1 0.9960784 0.9960784 0.9960784 1 0.9960784 0.9960784 0.9960784 1 1 1 1 1 1 1 1 1 0.9960784 0.9960784 0.9960784 1 1 1 1 1 1 1 1 1 1 1 1 1 1 1 1 1 1 1 1 1 1 1 1 1 0.9960784 0.9960784 0.9960784 1 1 1 1 1 1 1 1 1 1 1 1 1 1 1 1 1 1 1 1 1 1 1 1 1 0.9960784 0.9960784 0.9960784 1 1 1 1 1 1 1 1 1 1 1 1 1 1 1 1 1 1 1 1 1 1 1 1 1 1 1 1 1 1 1 1 1 1 1 1 1 1 1 1 1 1 1 1 1 1 1 1 1 1 1 1 1 1 1 1 1 1 1 1 1 1 1 1 1 1 1 1 1 0.9960784 0.9960784 0.9960784 1 1 1 1 1 1 1 1 1 1 1 1 1 1 1 1 1 1 1 1 1 1 1 1 1 1 1 1 1 1 1 1 1 1 1 1 1 1 1 1 1 1 1 1 1 1 1 1 1 1 1 1 1 1 1 1 1 1 1 1 1 1 1 1 1 1 1 1 1 1 1 1 1 1 1 1 1 1 1 1 1 1 1 1 1 1 1 1 1 1 1 1 1 0.9960784 0.9960784 0.9960784 1 1 1 1 1 1 1 1 1 1 1 1 1 1 1 1 1 1 1 1 1 1 1 1 1 0.9960784 0.9960784 0.9960784 1 1 1 1 1 1 1 1 1 1 1 1 1 1 1 1 1 1 1 1 1 1 1 1 1 1 1 1 1 1 1 1 1 1 1 1 1 1 1 1 1 1 1 1 1 1 1 1 1 1 1 1 1 1 1 1 1 1 1 1 1 1 1 1 1 1 1 1 1 0.9960784 0.9960784 0.9960784 1 1 1 1 1 1 1 1 1 1 1 1 1 1 1 1 1 1 1 1 1 1 1 1 1 1 1 1 1 1 1 1 1 1 1 1 1 1 1 1 1 1 1 1 1 1 1 1 1 1 1 1 1 1 1 1 1 1 1 1 1 1 1 1 1 1 1 1 1 1 1 1 1 1 1 1 1 1 1 1 1 1 1 1 1 1 1 1 1 1 1 1 1 1 1 1 1 1 1 1 1 0.9960784 0.9960784 0.9960784 1 1 1 1 1 1 1 1 1 1 1 1 1 1 1 1 1 1 1 1 1 0.9960784 0.9960784 0.9960784 1 1 1 1 1 1 1 1 1 1 1 1 1 1 1 1 1 1 1 1 1 1 1 1 1 1 1 1 1 1 1 1 1 1 1 1 1 0.9960784 0.9960784 0.9960784 1 1 1 1 1 1 1 1 1 1 1 1 1 1 1 1 1 1 1 1 1 1 1 1 1 1 1 1 1 0.9960784 0.9960784 0.9960784 1 1 1 1 1 1 1 1 1 1 1 1 1 1 1 1 1 1 1 1 1 1 1 1 1 1 1 1 1 1 1 1 1 1 1 1 1 1 1 1 1 1 1 1 1 1 1 1 1 1 1 1 1 1 1 1 1 1 1 1 1 0.9960784 0.9960784 0.9960784 1 1 1 1 1 1 1 1 1 1 1 1 1 1 1 1 1 1 1 1 1 1 1 1 1 1 1 1 1 1 1 1 1 1 1 1 1 1 1 1 1 1 1 1 1 1 1 1 1 1 1 1 1 1 1 1 1 1 1 1 1 1 1 1 1 1 1 1 1 1 1 1 1 1 1 1 1 1 1 1 1 1 1 1 1 1 1 1 1 1 1 1 1 0.9960784 0.9960784 0.9960784 1 1 1 1 1 1 1 1 1 1 1 1 1 1 1 1 1 1 1 1 1 1 1 1 1 1 1 1 1 1 1 1 1 1 1 1 1 1 1 1 1 0.9960784 0.9960784 0.9960784 1 1 1 1 1 1 1 1 1 1 1 1 1  
			<TextureCoords0>: 360 0.9516602 0.7546826 0.9916992 0.7833347 0.9916992 0.7564873 0.9516601 0.7835985 0.9462891 0.002441406 0.9018555 0.002441406 0.9462891 0.002441406 0.9018555 0.002441406 0.9516602 0.002441406 0.9916992 0.002441406 0.9516602 0.002441406 0.9018555 0.002441406 0.008789063 0.7163086 0.008789063 0.4814453 0.008789063 0.7163086 0.008789063 0.4814453 0.2333984 0.7163086 0.2333984 0.4814453 0.2958984 0.7143555 0.2958984 0.425293 0.1484375 0.3056641 0.1484375 0.5585938 0.1484375 0.3056641 0.1484375 0.5585938 0.9916992 0.002441406 0.9018555 0.002441406 0.9516602 0.002441406 0.9462891 0.002441406 0.9462891 0.6093948 0.9516602 0.6044755 0.9916992 0.6092587 0.9016914 0.6043392 0.9916992 0.002441406 0.9018555 0.002441406 0.9516602 0.002441406 0.9462891 0.002441406 0.9462891 0.6093948 0.9516602 0.6044755 0.9916992 0.6092587 0.9016914 0.6043392 0.8076172 0.3671875 0.8076172 0.3671875 0.8076172 0.4165039 0.8076172 0.4130859 0.8076172 0.4609375 0.8076172 0.4609375 0.8076172 0.4116211 0.8076172 0.4150391 0.8115234 0.3671875 0.8115234 0.4165039 0.8115234 0.4609375 0.8115234 0.4116211 0.8132451 0.3914821 0.8115234 0.4130859 0.8115234 0.4609375 0.8115234 0.4150391 0.9462891 0.002441406 0.9916992 0.002441406 0.9985352 0.002441406 0.9985352 0.002441406 0.9516602 0.002441406 0.9916992 0.002441406 0.9516602 0.002441406 0.9462891 0.002441406 0.8201497 0.4118097 0.796613 0.4165039 0.7966129 0.4609375 0.8195307 0.3657774 0.796613 0.4609375 0.7966129 0.4150391 0.819497 0.3655356 0.7937783 0.4116211 0.8076172 0.3671875 0.8076172 0.3671875 0.8076172 0.4165039 0.8076172 0.4130859 0.8076172 0.4609375 0.8076172 0.4609375 0.8076172 0.4116211 0.8076172 0.4150391 0.8115234 0.3671875 0.8115234 0.4165039 0.8115234 0.4609375 0.8115234 0.4116211 0.8132451 0.3914821 0.8115234 0.4130859 0.8115234 0.4609375 0.8115234 0.4150391 0.9462891 0.002441406 0.9916992 0.002441406 0.9985352 0.002441406 0.9985352 0.002441406 0.9516602 0.002441406 0.9916992 0.002441406 0.9516602 0.002441406 0.9462891 0.002441406 0.8201497 0.4118097 0.796613 0.4165039 0.7966129 0.4609375 0.8195307 0.3657774 0.796613 0.4609375 0.7966129 0.4150391 0.819497 0.3655356 0.7937783 0.4116211 0.9916992 0.6935601 0.9516602 0.6935601 0.9462891 0.6943551 0.9462891 0.6647856 0.9985352 0.6647856 0.9985352 0.6943551 0.9516602 0.6655804 0.9916992 0.6655805 0.9516602 0.658578 0.9462891 0.6575919 0.946289 0.6942699 0.9016669 0.69427 0.9985352 0.6575919 0.9516602 0.6932842 0.9916992 0.6932842 0.9916992 0.658578 0.9462891 0.6567734 0.9916992 0.6078018 0.9516602 0.6250547 0.9016775 0.6556781 0.9016495 0.7584554 0.9016415 0.7877515 0.9462891 0.7878101 0.9516602 0.7567283 0.9462891 0.002441406 0.9916992 0.002441406 0.9462891 0.6408833 0.9016817 0.6399379 0.9016427 0.7833347 0.9018555 0.002441406 0.9462891 0.002441406 0.9462891 0.7835985 0.2333984 0.4814453 0.2333984 0.7163086 0.0004882813 0.7143555 0.0004882813 0.425293 0.1210938 0.5830078 0.2333984 0.7163086 0.2333984 0.7163086 0.1210938 0.5830078 0.2983398 0.4702148 0.0004882813 0.4702148 0.0004882813 0.4560547 0.2983398 0.4560547 0.2983398 0.4248047 0.0004882813 0.4248047 0.0004882813 0.4106445 0.2983398 0.4106445 0.008789063 0.7163086 0.1210938 0.5830078 0.1210938 0.5830078 0.008789063 0.7163086 0.2958984 0.425293 0.2958984 0.7143555 0.0004882813 0.425293 0.0004882813 0.7143555 0.9018555 0.002441406 0.9016901 0.6093948 0.9462891 0.002441406 0.9462891 0.6043393 0.9516602 0.002441406 0.9916992 0.002441406 0.9916992 0.6044756 0.9516602 0.6092587 0.9018555 0.002441406 0.9016901 0.6093948 0.9462891 0.6043393 0.9462891 0.002441406 0.9516602 0.002441406 0.9516602 0.6092587 0.9916992 0.6044756 0.9916992 0.002441406 0.8076172 0.4130859 0.7966129 0.4130859 0.8076172 0.4609375 0.8076172 0.4609375 0.8076172 0.4130859 0.8076172 0.4165039 0.8115234 0.4116211 0.8076172 0.4116211 0.8115234 0.4609375 0.8076172 0.4609375 0.8076172 0.4150391 0.8115234 0.4150391 0.8115234 0.4165039 0.8115234 0.4609375 0.8065308 0.3872737 0.9916992 0.658578 0.9916992 0.002441406 0.9018555 0.002441406 0.901677 0.6575919 0.9516602 0.6932842 0.9516602 0.002441406 0.8076172 0.3671875 0.8076172 0.3671875 0.8115234 0.3671875 0.8115234 0.3671875 0.9916992 0.8984375 0.9985352 0.8984375 0.9516602 0.8984375 0.9916992 0.002441406 0.9916992 0.8984375 0.9462891 0.8984375 0.9516602 0.8984375 0.9016113 0.8984375 0.9018555 0.002441406 0.9462891 0.8984375 0.9516602 0.002441406 0.9516602 0.8984375 0.9016113 0.8984375 0.9516602 0.8984375 0.9916992 0.8984375 0.9916992 0.8984375 0.9985352 0.8984375 0.8195307 0.3657774 0.8076172 0.3671875 0.796613 0.4609375 0.7937782 0.3671875 0.8076172 0.4150391 0.7966129 0.4150391 0.796613 0.4116211 0.8076172 0.4130859 0.7966129 0.4130859 0.8076172 0.4609375 0.8076172 0.4609375 0.8076172 0.4130859 0.8076172 0.4165039 0.8115234 0.4116211 0.8076172 0.4116211 0.8115234 0.4609375 0.8076172 0.4609375 0.8076172 0.4150391 0.8115234 0.4150391 0.8115234 0.4165039 0.8115234 0.4609375 0.8065308 0.3872737 0.9916992 0.6935601 0.9916992 0.002441406 0.9018555 0.002441406 0.901667 0.6943551 0.9516602 0.6655804 0.9516602 0.002441406 0.8076172 0.3671875 0.8076172 0.3671875 0.8115234 0.3671875 0.8115234 0.3671875 0.9916992 0.8984375 0.9985352 0.8984375 0.9516602 0.8984375 0.9916992 0.002441406 0.9916992 0.8984375 0.9462891 0.8984375 0.9516602 0.8984375 0.9016113 0.8984375 0.9018555 0.002441406 0.9462891 0.8984375 0.9516602 0.002441406 0.9516602 0.8984375 0.9016113 0.8984375 0.9516602 0.8984375 0.9916992 0.8984375 0.9916992 0.8984375 0.9985352 0.8984375 0.8195307 0.3657774 0.8076172 0.3671875 0.796613 0.4609375 0.7937782 0.3671875 0.8076172 0.4150391 0.7966129 0.4150391 0.796613 0.4116211 0.9916992 0.6655805 0.9516602 0.6935601 0.901675 0.6647856 0.9516602 0.658578 0.9916992 0.6932842 0.9985352 0.69427 0.90165 0.7564873 0.9462891 0.7546826 0.9916992 0.7877515 0.9916992 0.002441406 0.9516602 0.002441406 0.9916992 0.654794 0.9516602 0.6400025 0.9016858 0.6253446 0.9462891 0.6242493 0.9516602 0.6559681 0.9916992 0.6262292 0.9462891 0.6059072 0.9016909 0.6068528 0.9516602 0.002441406 0.9916992 0.002441406 0.9916992 0.6389891 0.9516602 0.6067882 0.9462891 0.7567283 0.9516602 0.7878101 0.9916992 0.7584554 0.8076172 0.4609375 0.8076172 0.3671875 0.8076172 0.4130859 0.8115234 0.3671875 0.8076172 0.4130859 0.9462891 0.002441406 0.9516602 0.002441406 0.9462891 0.002441406 0.9018555 0.002441406 0.9516602 0.002441406 0.9916992 0.002441406 0.9916992 0.002441406 0.9985352 0.002441406 0.819497 0.3655356 0.8076172 0.3671875 0.8076172 0.3671875 0.8076172 0.4609375 0.8076172 0.3671875 0.8076172 0.4130859 0.8115234 0.3671875 0.8076172 0.4130859 0.9462891 0.002441406 0.9516602 0.002441406 0.9462891 0.002441406 0.9018555 0.002441406 0.9516602 0.002441406 0.9916992 0.002441406 0.9916992 0.002441406 0.9985352 0.002441406 0.819497 0.3655356 0.8076172 0.3671875 0.8076172 0.3671875 0.9916992 0.002441406 0.9985352 0.002441406 0.9516602 0.002441406 0.9916992 0.002441406 0.9516602 0.002441406 0.9018555 0.002441406 0.9516602 0.002441406 0.9916992 0.002441406 0.9516602 0.002441406 0.9018555 0.002441406 0.9916992 0.002441406 0.9985352 0.002441406 0.9018555 0.002441406 0.9462891 0.002441406 0.9516602 0.002441406 0.9916992 0.002441406 0.9516602 0.002441406 0.9916992 0.002441406 0.9018555 0.002441406 0.9462891 0.002441406 0.9516602 0.002441406 0.9916992 0.002441406 0.9018555 0.002441406 0.9462891 0.002441406 0.9462891 0.002441406 0.9018555 0.002441406 0.9916992 0.002441406 0.9516602 0.002441406  
			<TextureCoords1>: 360 0.6738216 0.6083012 0.673879 0.6215814 0.00396256 0.9835275 0.00390625 0.9960938 0.2798864 0.04172188 0.2054038 0.05445749 0.2053967 0.0458318 0.279938 0.03306615 0.4852866 0.4085826 0.4781629 0.4142558 0.1997229 0.7887273 0.2792181 0.07954895 0.67779 0.9919755 0.8641869 0.9919755 0.67779 0.9960938 0.8641869 0.9960938 0.67779 0.9880693 0.8641869 0.9880692 0.6777853 0.6215814 0.8641822 0.6215814 0.9412579 0.5262204 0.7781288 0.5262203 0.67779 0.8846836 0.8409191 0.8846836 0.8373589 0.7182344 0.8328183 0.6913165 0.8328624 0.7281195 0.834599 0.6952236 0.6778719 0.6952236 0.67779 0.7288513 0.6806776 0.7182344 0.67779 0.6913173 0.8407337 0.7694985 0.8365931 0.7066635 0.8366398 0.75944 0.8383933 0.755533 0.6778584 0.7555338 0.67779 0.75944 0.6802468 0.7701648 0.67779 0.7066635 0.5779808 0.08418876 0.5899431 0.1415722 0.008566106 0.2102778 0.5899431 0.1241228 0.00857081 0.225971 0.008570585 0.2252387 0.9594911 0.9749751 0.9594911 0.9755568 0.5877033 0.1400086 0.9655672 0.9754526 0.9534661 0.9799406 0.9573212 0.97508 0.5755976 0.08552998 0.9655672 0.9749752 0.9534431 0.9794637 0.9573212 0.9755574 0.353776 0.2115148 0.2327716 0.08502358 0.3537797 0.2237947 0.2327718 0.08562464 0.3536318 0.161356 0.3537799 0.2243958 0.2448775 0.1256871 0.2327752 0.0979045 0.5946027 0.1241228 0.003906489 0.2102792 0.003910948 0.2252402 0.5946027 0.1415722 0.003911189 0.2259724 0.003906638 0.1629279 0.5826405 0.08418745 0.5826446 0.09914845 0.5904603 0.230611 0.5900394 0.1842836 0.008566308 0.1045206 0.590039 0.1668342 0.008575354 0.1202139 0.008574926 0.1194816 0.9473388 0.974975 0.9473388 0.9755568 0.5877996 0.1827201 0.9534149 0.9754526 0.9929034 0.9879652 0.945169 0.97508 0.5880767 0.2319515 0.9534149 0.9749751 0.9928803 0.9874883 0.945169 0.9755574 0.3537765 0.1056621 0.2452509 0.2313514 0.3537836 0.117942 0.2452509 0.2319524 0.3536316 0.2040749 0.353784 0.118543 0.2449734 0.168406 0.2452509 0.2442324 0.5946987 0.1668341 0.003906691 0.1045232 0.00391529 0.1194842 0.5946991 0.1842835 0.003915734 0.1202165 0.003906264 0.2056392 0.59512 0.230611 0.59512 0.245572 0.004183569 0.231352 0.5946991 0.2040743 0.003906277 0.244233 0.5848072 0.105529 0.5848143 0.1178088 0.00390625 0.2319531 0.01366542 0.1684115 0.5850919 0.1184097 0.5824974 0.1613506 0.004253807 0.09796757 0.5950911 0.2114425 0.5950948 0.2237223 0.004250423 0.0856877 0.00390625 0.1256877 0.5946027 0.147028 0.00390625 0.0850867 0.4969634 0.07089287 0.3358403 0.2634909 0.3420046 0.6380539 0.4963523 0.07954895 0.00390625 0.03287375 0.4921321 0.05425382 0.4921463 0.04562813 0.00390625 0.6072038 0.2791704 0.07089281 0.1929831 0.783358 0.4919092 0.04153025 0.4913042 0.03287375 0.4963524 0.05836374 0.2112382 0.05836374 0.2112316 0.06698656 0.4964421 0.06698656 0.8641869 0.983951 0.67779 0.9839512 0.9412626 0.7893226 0.7548656 0.7893226 0.8162189 0.6757591 0.67779 0.6757591 0.67779 0.6798773 0.8162189 0.6798773 0.9868018 0.9919755 0.8641869 0.9919755 0.8641869 0.9960938 0.9868018 0.9960938 0.8641869 0.9880692 0.9868017 0.9880691 0.9868017 0.983951 0.8641869 0.983951 0.67779 0.6718528 0.8162189 0.6718528 0.8162189 0.6677346 0.67779 0.6677346 0.7548656 0.9800447 0.9412627 0.9800447 0.8641822 0.4308593 0.6777852 0.4308593 0.8344712 0.7027565 0.67779 0.7027572 0.8329474 0.6837835 0.6778733 0.6837835 0.67779 0.7335392 0.6825926 0.7439629 0.837621 0.7439629 0.8345151 0.7327576 0.8382782 0.7478691 0.67779 0.7478691 0.6778597 0.7143282 0.8367094 0.7143274 0.67779 0.7854163 0.8383249 0.7854163 0.8408728 0.774071 0.6820711 0.7747679 0.008565883 0.2095455 0.00390625 0.2095469 0.9512706 0.9794637 0.9512987 0.9800447 0.9633973 0.9749757 0.9633973 0.9755574 0.575601 0.09780985 0.577985 0.09914976 0.0108057 0.1470419 0.008565869 0.1454784 0.008566277 0.1629277 0.01080604 0.1613642 0.01095012 0.2116176 0.0109538 0.2238975 0.5877032 0.1256863 0.01601202 0.14001 0.2448776 0.1400095 0.2327718 0.08562464 0.004250423 0.0856877 0.5947471 0.2108415 0.3537759 0.2109138 0.9473644 0.9800447 0.9473363 0.9794637 0.945169 0.9795678 0.945192 0.9800447 0.01095398 0.2244985 0.0109538 0.2238975 0.01080604 0.1613642 0.3536314 0.1470338 0.0108057 0.1470419 0.01095012 0.2116176 0.01094995 0.2110166 0.0109538 0.2238975 0.3537797 0.2237947 0.575601 0.09780985 0.2327753 0.09850556 0.5756012 0.0984109 0.5755976 0.08552998 0.5877032 0.1256863 0.5877033 0.1400086 0.5755974 0.08492893 0.5755976 0.08552998 0.5826402 0.0834552 0.5779806 0.08345646 0.00390625 0.1454785 0.5826405 0.08418745 0.5779852 0.09988207 0.5826448 0.09988075 0.5826446 0.09914845 0.008565882 0.1037883 0.00390625 0.103791 0.9907079 0.9874883 0.990736 0.9880693 0.9512451 0.9749757 0.9512451 0.9755574 0.5880767 0.2442314 0.5904604 0.245572 0.01080567 0.1897534 0.008565868 0.1881899 0.008565902 0.2056392 0.0108057 0.2040757 0.0109507 0.1058598 0.01095777 0.1181396 0.5877993 0.1683978 0.00390625 0.182734 0.2449737 0.1827283 0.2452509 0.2319524 0.00390625 0.2319531 0.5850841 0.1049277 0.3537762 0.1050611 0.9929035 0.9960938 0.9928754 0.9955127 0.9907081 0.9956169 0.9907311 0.9960938 0.01095812 0.1187407 0.01095777 0.1181396 0.0108057 0.2040757 0.3536316 0.1897526 0.01080567 0.1897534 0.0109507 0.1058598 0.01095035 0.1052587 0.01095777 0.1181396 0.3537836 0.117942 0.5880767 0.2442314 0.2452509 0.2448334 0.5880767 0.2448325 0.5880767 0.2319515 0.5877993 0.1683978 0.5877996 0.1827201 0.5880767 0.2313505 0.5880767 0.2319515 0.59512 0.2298787 0.5904603 0.2298787 0.00390625 0.1881899 0.59512 0.230611 0.5904604 0.2463043 0.59512 0.2463043 0.59512 0.245572 0.5849395 0.189752 0.004183599 0.244834 0.5848143 0.1178088 0.003909968 0.09856868 0.5947511 0.2243235 0.5950948 0.2237223 0.00390625 0.07954895 0.004517421 0.07089281 0.003967279 0.6215814 0.1989965 0.4113955 0.1912311 0.4053211 0.3420609 0.6254877 0.3357828 0.2502105 0.00390625 0.0583638 0.003996106 0.06698656 0.3357828 0.2502105 0.3358403 0.2634909 0.003990047 0.04562813 0.00390625 0.05425102 0.4788119 0.785866 0.4861605 0.7801194 0.3420609 0.6254877 0.3420046 0.6380539 0.004485079 0.04152989 0.673824 0.9960938 0.6738837 0.9824894 0.008570585 0.2252387 0.5899431 0.1415722 0.5899431 0.1241228 0.5877033 0.1400086 0.5899431 0.1241228 0.353776 0.2115148 0.3537759 0.2109138 0.2327752 0.0979045 0.2327718 0.08562464 0.2448775 0.1256871 0.2448776 0.1400095 0.2327716 0.08502358 0.2327718 0.08562464 0.5826405 0.08418745 0.5779806 0.08345646 0.5779808 0.08418876 0.008574926 0.1194816 0.5900394 0.1842836 0.590039 0.1668342 0.5877996 0.1827201 0.590039 0.1668342 0.3537765 0.1056621 0.3537762 0.1050611 0.2452509 0.2442324 0.2452509 0.2319524 0.2449734 0.168406 0.2449737 0.1827283 0.2452509 0.2313514 0.2452509 0.2319524 0.59512 0.230611 0.5904603 0.2298787 0.5904603 0.230611 0.353784 0.118543 0.3537836 0.117942 0.3536316 0.2040749 0.3536316 0.1897526 0.2452509 0.2448334 0.3537836 0.117942 0.3536318 0.161356 0.3536314 0.1470338 0.2327753 0.09850556 0.3537797 0.2237947 0.3537799 0.2243958 0.3537797 0.2237947 0.2792181 0.07954895 0.2791704 0.07089281 0.1997229 0.7887273 0.1929831 0.783358 0.1912311 0.4053211 0.1989965 0.4113955 0.2112382 0.05836374 0.2112316 0.06698656 0.4852866 0.4085826 0.4781629 0.4142558 0.2054038 0.05445749 0.2053967 0.0458318 0.2798864 0.04172188 0.279938 0.03306615 0.4861605 0.7801194 0.4788119 0.785866  
			<Normals>: 360 -0.02212655 -0.02072266 0.9995404 -0.02212655 -0.02072266 0.9995404 0.02212655 0.02072266 -0.9995404 0.02212655 0.02072266 -0.9995404 -0.7280455 0.6825407 -0.0639386 0.730697 -0.6826899 0.004059088 0.730697 -0.6826899 0.004059088 -0.7280303 0.6825569 -0.06393726 -0.02212655 -0.02072266 0.9995404 -0.02212655 -0.02072266 0.9995404 0.02212655 0.02072266 -0.9995404 0.7287021 0.6816418 -0.06601259 0.3709013 -0.9286723 0 0.9023861 0.4309284 0 0.3709013 -0.9286723 0 0.9023861 0.4309284 0 -0.3709013 -0.9286723 0 -0.9023861 0.4309284 0 0 0 -1 0 0 -1 0 0 -1 0 0 -1 0 0 1 0 0 1 0 0 1 -0.892052 0.4502835 0.03857654 0 0 1 0.8898487 -0.4546142 0.03866784 0.8898487 -0.4546142 0.03866784 0 0 1 0 0 1 -0.892052 0.4502835 0.03857654 0 0 1 0.8708498 0.490038 0.03851454 0 0 1 -0.8687562 -0.4937377 0.0385456 -0.8687562 -0.4937377 0.0385456 0 0 1 0 0 1 0.8708498 0.490038 0.03851454 -0.8526512 0.3897634 0.3479518 -0.3905556 0.3812166 0.8379381 0.8526602 0.3897675 0.3479249 0.3905556 0.3812166 0.8379381 0.3905556 0.3812166 -0.8379381 0.8526602 0.3897675 -0.3479249 -0.8526512 0.3897634 -0.3479518 -0.3905556 0.3812166 -0.8379381 -0.2026159 0.730229 0.6524664 0.6279685 0.7541054 0.1923032 0.2026159 0.730229 -0.6524664 -0.6279649 0.754101 -0.1923326 -0.6279649 0.754101 0.1923326 0.2026159 0.730229 0.6524664 0.6279649 0.754101 -0.1923326 -0.2026159 0.730229 -0.6524664 0.9316704 0 0.3633048 -0.4018496 0 0.9157056 0.9316704 0 -0.3633048 -0.93166 0 0.3633312 -0.4018752 0 -0.9156944 0.4018752 0 -0.9156944 0.4018752 0 0.9156944 -0.93166 0 -0.3633312 0.4018752 0 0.9156944 0.9316704 0 0.3633048 0.9316704 0 -0.3633048 -0.4018752 0 0.9156944 0.4018752 0 -0.9156944 -0.4018752 0 -0.9156944 -0.93166 0 0.3633312 -0.93166 0 -0.3633312 -0.8526512 0.3897634 0.3479518 -0.3905556 0.3812166 0.8379381 0.8526602 0.3897675 0.3479249 0.3905556 0.3812166 0.8379381 0.3905556 0.3812166 -0.8379381 0.8526602 0.3897675 -0.3479249 -0.8526512 0.3897634 -0.3479518 -0.3905556 0.3812166 -0.8379381 -0.2025866 0.7302335 0.6524705 0.6279649 0.754101 0.1923326 0.2026159 0.730229 -0.6524664 -0.6279649 0.754101 -0.1923326 -0.6279649 0.754101 0.1923326 0.2026159 0.730229 0.6524664 0.6279649 0.754101 -0.1923326 -0.2026159 0.730229 -0.6524664 0.9316704 0 0.3633048 -0.4018496 0 0.9157056 0.93166 0 -0.3633312 -0.93166 0 0.3633312 -0.4018496 0 -0.9157056 0.4018752 0 -0.9156944 0.4018752 0 0.9156944 -0.93166 0 -0.3633312 0.4018752 0 0.9156944 0.9316704 0 0.3633048 0.9316704 0 -0.3633048 -0.4018752 0 0.9156944 0.4018752 0 -0.9156944 -0.4018752 0 -0.9156944 -0.93166 0 0.3633312 -0.93166 0 -0.3633312 -0.5348815 0 0.8449271 -0.5348815 0 -0.8449271 -0.9524291 0 -0.3047602 0.9135231 0 0.4067868 0.9135067 0 -0.4068236 -0.9524291 0 0.3047602 0.2741245 0 0.9616941 0.2741245 0 -0.9616941 -0.2508996 0 -0.9680131 -0.9101532 0 -0.414272 0.9568906 0 0.2904487 0.9568991 0 -0.2904207 -0.9101532 0 0.414272 0.5586449 0 0.8294069 0.5586449 0 -0.8294069 -0.2508996 0 0.9680131 0.7287021 0.6816418 -0.06601259 0.02142415 -0.01788398 0.9996106 0.02212655 0.02072266 -0.9995404 0.7287021 0.6816418 -0.06601259 -0.7287877 0.6818194 -0.06317382 0.7302442 -0.6831828 0.002166897 0.7302442 -0.6831828 0.002166897 0.01763993 -0.01651073 0.999708 0.7287021 0.6816418 -0.06601259 0.02212655 0.02072266 -0.9995404 -0.7273025 0.6832634 -0.06467014 -0.7273025 0.6832634 -0.06467014 -0.7302561 -0.6831045 0.009705009 -0.7302561 -0.6831045 0.009705009 -0.7302561 -0.6831045 0.009705009 -0.7302561 -0.6831045 0.009705009 -0.9023861 0.4309284 0 -0.3709013 -0.9286723 0 0 0 1 0 0 1 0 -1 0 -0.3709013 -0.9286723 0 -0.3709013 -0.9286723 0 0 -1 0 0.6286064 0.7777237 0 0.9023861 0.4309284 0 0.9023861 0.4309284 0 0.6286064 0.7777237 0 -0.9023861 0.4309284 0 -0.6286064 0.7777237 0 -0.6286064 0.7777237 0 -0.9023861 0.4309284 0 0.3709013 -0.9286723 0 0 -1 0 0 -1 0 0.3709013 -0.9286723 0 0 0 1 0 0 1 0 0 -1 0 0 -1 0.8898487 -0.4546142 0.03866784 0.8898487 -0.4546142 0.03866784 -0.892052 0.4502835 0.03857654 -0.892052 0.4502835 0.03857654 0 0 -1 0 0 -1 0 0 -1 0 0 -1 -0.8687562 -0.4937377 0.0385456 -0.8687562 -0.4937377 0.0385456 0.8708498 0.490038 0.03851454 0.8708498 0.490038 0.03851454 0 0 -1 0 0 -1 0 0 -1 0 0 -1 0.3905556 0.3812166 0.8379381 0.4018752 0 0.9156944 0.8526602 0.3897675 -0.3479249 0.3905556 0.3812166 -0.8379381 0.3905556 0.3812166 0.8379381 0.8526602 0.3897675 0.3479249 -0.6279649 0.754101 -0.1923326 -0.8526512 0.3897634 -0.3479518 0.2026159 0.730229 -0.6524664 0.3905556 0.3812166 -0.8379381 -0.3905556 0.3812166 -0.8379381 -0.2026159 0.730229 -0.6524664 0.6279685 0.7541054 0.1923032 0.6279649 0.754101 -0.1923326 0.2026159 0.730229 0.6524664 -0.2508996 0 0.9680131 -0.4018496 0 0.9157056 -0.93166 0 0.3633312 -0.9101532 0 0.414272 0.5586449 0 0.8294069 0.4018752 0 0.9156944 -0.8526512 0.3897634 0.3479518 -0.3905556 0.3812166 0.8379381 -0.2026159 0.730229 0.6524664 -0.6279649 0.754101 0.1923326 0.4018752 0 -0.9156944 0.9316704 0 -0.3633048 -0.4018496 0 -0.9157056 0.4018752 0 -0.9156944 0.4018752 0 -0.9156944 0.9316704 0 0.3633048 0.4018752 0 0.9156944 0.9316704 0 -0.3633048 0.9316704 0 -0.3633048 -0.93166 0 -0.3633312 -0.4018752 0 -0.9156944 -0.4018496 0 -0.9157056 -0.93166 0 0.3633312 0.4018752 0 0.9156944 -0.4018752 0 0.9156944 -0.4018752 0 0.9156944 -0.93166 0 0.3633312 -0.4018752 0 0.9156944 -0.3905556 0.3812166 0.8379381 0.4018752 0 -0.9156944 -0.93166 0 0.3633312 -0.3905556 0.3812166 -0.8379381 -0.4018752 0 -0.9156944 -0.93166 0 -0.3633312 0.3905556 0.3812166 0.8379381 0.4018752 0 0.9156944 0.8526602 0.3897675 -0.3479249 0.3905556 0.3812166 -0.8379381 0.3905556 0.3812166 0.8379381 0.8526602 0.3897675 0.3479249 -0.6279649 0.754101 -0.1923326 -0.8526512 0.3897634 -0.3479518 0.2026159 0.730229 -0.6524664 0.3905556 0.3812166 -0.8379381 -0.3905556 0.3812166 -0.8379381 -0.2026159 0.730229 -0.6524664 0.6279649 0.754101 0.1923326 0.6279649 0.754101 -0.1923326 0.2026159 0.730229 0.6524664 -0.5348815 0 0.8449271 -0.4018496 0 0.9157056 -0.93166 0 0.3633312 -0.9524291 0 0.3047602 0.2741245 0 0.9616941 0.4018752 0 0.9156944 -0.8526512 0.3897634 0.3479518 -0.3905556 0.3812166 0.8379381 -0.2025866 0.7302335 0.6524705 -0.6279649 0.754101 0.1923326 0.4018752 0 -0.9156944 0.93166 0 -0.3633312 -0.4018496 0 -0.9157056 0.4018752 0 -0.9156944 0.4018752 0 -0.9156944 0.9316704 0 0.3633048 0.4018752 0 0.9156944 0.93166 0 -0.3633312 0.93166 0 -0.3633312 -0.93166 0 -0.3633312 -0.4018496 0 -0.9157056 -0.4018496 0 -0.9157056 -0.93166 0 0.3633312 0.4018752 0 0.9156944 -0.4018496 0 0.9157056 -0.4018496 0 0.9157056 -0.93166 0 0.3633312 -0.4018752 0 0.9156944 -0.3905556 0.3812166 0.8379381 0.4018752 0 -0.9156944 -0.93166 0 0.3633312 -0.3905556 0.3812166 -0.8379381 -0.4018752 0 -0.9156944 -0.93166 0 -0.3633312 0.2741245 0 -0.9616941 -0.5348815 0 -0.8449271 0.9135067 0 -0.4068236 -0.2508996 0 -0.9680131 0.5586449 0 -0.8294069 0.9568991 0 -0.2904207 0.7287021 0.6816418 -0.06601259 0.7287021 0.6816418 -0.06601259 0.01763993 -0.01651073 0.999708 0.01962389 -0.01724339 0.9996587 0.01941037 -0.01715193 0.9996644 0.02212655 0.02072266 -0.9995404 0.02142415 -0.01788398 0.9996106 -0.7302561 -0.6831045 0.009705009 -0.7302561 -0.6831045 0.009705009 -0.02212655 -0.02072266 0.9995404 -0.02212655 -0.02072266 0.9995404 0.7311469 -0.6821942 0.005951231 0.7311469 -0.6821942 0.005951231 -0.01962389 0.01724339 -0.9996587 -0.01941036 0.01718244 -0.9996639 -0.02139364 0.01788399 -0.9996112 -0.02139364 0.01788399 -0.9996112 -0.7287877 0.6818194 -0.06317382 -0.01763993 0.01651073 -0.999708 -0.01763993 0.01651073 -0.999708 0.8526602 0.3897675 -0.3479249 -0.3905556 0.3812166 0.8379381 0.3905556 0.3812166 0.8379381 -0.2026159 0.730229 0.6524664 0.3905556 0.3812166 0.8379381 0.9316704 0 0.3633048 0.4018752 0 0.9156944 -0.93166 0 -0.3633312 -0.93166 0 0.3633312 0.4018752 0 0.9156944 -0.4018496 0 0.9157056 -0.4018496 0 0.9157056 -0.93166 0 0.3633312 -0.93166 0 0.3633312 -0.3905556 0.3812166 0.8379381 -0.8526512 0.3897634 0.3479518 0.8526602 0.3897675 -0.3479249 -0.3905556 0.3812166 0.8379381 0.3905556 0.3812166 0.8379381 -0.2025866 0.7302335 0.6524705 0.3905556 0.3812166 0.8379381 0.9316704 0 0.3633048 0.4018752 0 0.9156944 -0.93166 0 -0.3633312 -0.93166 0 0.3633312 0.4018752 0 0.9156944 -0.4018496 0 0.9157056 -0.4018496 0 0.9157056 -0.93166 0 0.3633312 -0.93166 0 0.3633312 -0.3905556 0.3812166 0.8379381 -0.8526512 0.3897634 0.3479518 0.4018752 0 -0.9156944 0.93166 0 -0.3633312 -0.4018496 0 -0.9157056 0.4018752 0 -0.9156944 -0.4018496 0 -0.9157056 0.93166 0 -0.3633312 -0.4018752 0 -0.9156944 0.4018752 0 -0.9156944 -0.4018752 0 -0.9156944 0.9316704 0 -0.3633048 0.4018752 0 -0.9156944 0.9316704 0 -0.3633048 0.7287021 0.6816418 -0.06601259 0.7287021 0.6816418 -0.06601259 0.02212655 0.02072266 -0.9995404 0.02212655 0.02072266 -0.9995404 0.01941037 -0.01715193 0.9996644 0.01962389 -0.01724339 0.9996587 -0.7302561 -0.6831045 0.009705009 -0.7302561 -0.6831045 0.009705009 -0.02212655 -0.02072266 0.9995404 -0.02212655 -0.02072266 0.9995404 0.730697 -0.6826899 0.004059088 0.730697 -0.6826899 0.004059088 -0.7280455 0.6825407 -0.0639386 -0.7280303 0.6825569 -0.06393726 -0.01941036 0.01718244 -0.9996639 -0.01962389 0.01724339 -0.9996587  
			<Tangents>: 360 -0.7847413 -0.6190869 -0.03020663 -0.7847413 -0.6190869 -0.03020663 0.784739 0.61909 0.03020664 0.784739 0.6190899 0.03020664 -0.05030952 0.03982068 0.9979395 0.00327324 -0.002442262 -0.9999917 0.003061939 -0.002668423 -0.9999918 -0.04998546 0.04016478 0.997942 -0.7842479 -0.6197117 -0.03020866 -0.7847386 -0.6190904 -0.03020664 0.7847399 0.6190888 0.03020664 0.051707 0.04135419 0.9978057 0 0 1 0 0 1 0 0 1 0 0 1 0 0 1 0 0 1 -0.9999995 0.0009556593 0 -0.9999998 0.0006813097 0 -1 5.206294E-05 0 -1 8.076923E-05 0 -1 -5.488956E-05 0 -1 -8.436128E-05 0 0.6222764 -0.7827976 0 0.02679532 -0.03251169 0.9991121 0.6238115 -0.7815748 0 0.02671503 -0.03268932 -0.9991084 0.02940118 -0.02743855 -0.999191 0.6658161 -0.7461159 0 0.6643034 -0.747463 0 0.02944971 -0.02726016 0.9991945 -0.6222764 -0.7827976 0 -0.02620922 -0.0319513 0.9991457 -0.6237082 -0.7816573 0 -0.02608607 -0.03210242 -0.9991441 -0.02900833 -0.02696612 -0.9992154 -0.6626856 -0.7488977 0 -0.6612561 -0.7501602 0 -0.02910445 -0.02681175 0.9992167 0.4180118 0.9084165 0.006756291 -0.05835367 -0.9186503 0.3907382 -0.3435371 0.9199829 -0.1887159 0.2506737 -0.9198731 0.3016559 -0.1610477 0.9244857 0.3455283 -0.354635 0.9207894 0.1624218 0.2543328 0.8913577 0.3752285 0.48223 0.8600722 0.1665233 0.5723987 0.6289251 -0.5261301 -0.5849031 0.6203282 -0.5225719 0.9792582 -0.1510898 0.1350002 0.5848917 0.6203398 0.5225708 0.2571688 -0.03218092 0.9658305 -0.5724009 0.6289244 -0.5261286 0.1230759 0.1477976 0.9813298 0.5723985 0.6289251 0.5261303 -0.3633048 -2.36735E-09 0.9316704 -0.9157057 -3.237158E-08 -0.4018497 0.3633048 0 0.9316704 -0.3633313 0 -0.93166 0.9156944 -5.251906E-08 -0.4018752 0.9156944 1.811434E-08 0.4018753 -0.9156944 5.642936E-08 0.4018752 0.3633312 3.425603E-09 -0.9316601 0.08831409 -0.9953383 -0.03875883 1.003687E-07 1 -2.573887E-07 -1.929226E-08 1 -4.947368E-08 0.09565847 -0.9945285 0.04198209 0 1 0 0 1 0 0.2359161 -0.7605204 0.6049399 0 1 0 0.4180118 0.9084165 0.006756122 -0.05835367 -0.9186503 0.3907382 -0.3435371 0.9199829 -0.1887159 0.2506737 -0.9198731 0.3016559 -0.1610477 0.9244857 0.3455283 -0.354635 0.9207894 0.1624218 0.2543319 0.8913572 0.37523 0.4822279 0.8600731 0.1665247 0.5724022 0.6289123 -0.5261416 -0.5848936 0.6203405 -0.5225677 0.9792582 -0.1510898 0.1350002 0.5848916 0.6203397 0.522571 0.2571684 -0.03218126 0.9658306 -0.5724031 0.6289237 -0.5261271 0.1230759 0.1477976 0.9813298 0.5723985 0.6289251 0.5261303 -0.3633048 2.309001E-09 0.9316704 -0.9157057 1.299056E-08 -0.4018497 0.3633313 0 0.93166 -0.3633313 0 -0.93166 0.9157057 6.535319E-09 -0.4018496 0.9156944 -1.753928E-08 0.4018753 -0.9156944 -1.036342E-08 0.4018752 0.3633312 -1.378495E-09 -0.9316601 0.08831409 -0.9953383 -0.03875883 1.003687E-07 1 -2.573887E-07 -1.929226E-08 1 -4.947368E-08 0.09565847 -0.9945285 0.04198209 0 1 0 0 1 0 0.2359161 -0.7605204 0.6049399 0 1 0 -0.8449271 1.78505E-05 -0.5348815 0.8449271 4.061567E-07 -0.5348815 0.3047602 -1.456369E-06 -0.9524291 -0.4067868 4.113519E-06 0.9135231 0.4068236 -2.401281E-05 0.9135067 -0.3047602 1.895784E-05 -0.9524291 -0.9616942 -6.24723E-07 0.2741245 0.9616942 -2.672051E-05 0.2741246 0.9680131 -3.1765E-06 -0.2508996 0.414272 6.322254E-06 -0.9101531 -0.2904487 -2.057417E-06 0.9568906 0.2904208 2.843555E-07 0.956899 -0.4142719 -4.398339E-05 -0.9101532 -0.829407 3.521093E-06 0.5586449 0.829407 -3.441659E-06 0.5586449 -0.9680131 -4.982195E-05 -0.2508996 0.02932496 0.06524588 0.9974383 0.8007384 -0.5983657 -0.02786715 0.7847378 0.6190915 0.03020665 0.02870963 0.06590126 0.997413 -0.04974951 0.0392918 0.9979885 0.001675526 -0.001380814 -0.9999976 0.001675455 -0.00138089 -0.9999976 0.7849079 -0.6191446 -0.02407528 0.05198085 0.04106122 0.9978036 0.7847399 0.6190888 0.03020664 -0.0244177 0.06840739 0.9973586 -0.02368074 0.06918843 0.9973225 -0.007617258 -0.006063493 -0.9999526 -0.007869769 -0.005793548 -0.9999523 -0.007619287 -0.006061324 -0.9999526 -0.007617223 -0.006063531 -0.9999526 0 0 1 0 0 1 -0.9999995 -0.0009556593 0 -0.9999998 -0.0006813097 0 1 0 0 0 0 1 0 0 1 1 0 0 -0.7777237 0.6286063 -1.959596E-08 -0.4309285 0.9023861 -2.70004E-08 -0.4309285 0.9023861 -2.688498E-08 -0.7777237 0.6286063 -1.949181E-08 -0.4309285 -0.9023861 2.183116E-08 -0.7777237 -0.6286063 2.923771E-08 -0.7777237 -0.6286063 2.902941E-08 -0.4309285 -0.9023861 2.160032E-08 0 0 1 1 0 0 1 0 0 0 0 1 -0.9999996 0.0009096683 0 -0.9999995 0.00101439 0 -0.9999996 -0.0009096683 0 -0.9999995 -0.00101439 0 0.02679922 -0.03252481 -0.9991116 0.02948504 -0.02727458 -0.999193 0.02671122 -0.03267802 0.9991089 0.02936593 -0.02742596 0.9991924 -0.6252638 0.7804135 0 -0.6222759 0.782798 0 -0.667254 0.7448303 0 -0.669543 0.7427734 0 -0.02617712 -0.03194243 -0.9991469 -0.02909904 -0.02680665 -0.999217 -0.02901359 -0.02697307 0.999215 -0.02611803 -0.03211313 0.9991429 0.6249452 0.7806686 0 0.6666241 0.7453941 0 0.6645466 0.7472469 0 0.6222759 0.782798 0 -0.1610477 0.9244857 -0.3455283 9.975518E-08 1 -4.378005E-08 0.3164316 0.144647 0.9375224 -0.1610477 0.9244857 0.3455283 -0.4822326 0.8600711 -0.1665216 -0.2543377 0.8913507 -0.3752416 0.5747365 0.616002 0.5387203 0.3464385 0.9202663 0.1819072 -0.5229565 0.6440078 0.5583642 -0.2132814 0.9229333 0.3204763 0.1868876 0.924108 0.3333127 0.5723985 0.6289251 0.5261303 -0.6379868 0.640342 -0.4277089 -0.6042247 0.6281834 0.4902022 -0.9704653 0.06064519 0.2334937 -0.9680131 2.93801E-06 -0.2508996 -0.9157057 0 -0.4018496 -0.3633312 0 -0.9316601 -0.414272 0 -0.9101531 -0.8294069 -3.035477E-05 0.5586449 -0.9156944 0 0.4018753 0.3164561 -0.1446582 0.9375125 0.1610477 0.9244857 -0.3455283 0.9792582 0.1510898 0.1350002 0.1230759 -0.1477976 0.9813298 0.9156944 0 0.4018753 0.3633048 0 0.9316704 0.9157057 0 -0.4018496 0.9156944 0 0.4018752 0.9156944 0 0.4018752 -0.3633048 0 0.9316704 -0.9156944 0 0.4018753 0.3633048 0 0.9316704 0.3633048 4.136075E-09 0.9316704 0.3633312 0 -0.9316601 0.9156944 0 -0.4018753 0.9157057 0 -0.4018497 -0.3633312 0 -0.9316601 -0.9156944 0 0.4018752 -0.9156944 0 -0.4018752 -0.9156944 0 -0.4018753 -0.3633313 0 -0.93166 0.588617 -0.7660261 0.2583292 0.4409966 -0.7215155 0.5337953 0 1 0 0 1 0 0.1610477 0.9244857 0.3455282 0 1 0 0 1 0 -0.1610477 0.9244857 -0.3455283 9.975518E-08 1 -4.378005E-08 0.3164316 0.144647 0.9375224 -0.1610477 0.9244857 0.3455283 -0.4822328 0.860071 -0.1665214 -0.2543377 0.8913507 -0.3752416 0.5747357 0.6160017 0.5387215 0.3464383 0.9202663 0.1819074 -0.5229588 0.6440071 0.5583627 -0.2132817 0.9229333 0.3204762 0.1868876 0.924108 0.3333127 0.5723985 0.6289251 0.5261303 -0.6379784 0.6403518 -0.4277067 -0.6042247 0.6281834 0.4902022 -0.9704652 0.06064508 0.2334938 -0.8449271 -6.659617E-07 -0.5348815 -0.9157057 0 -0.4018496 -0.3633312 0 -0.9316601 -0.3047602 0 -0.9524291 -0.9616942 3.319503E-05 0.2741246 -0.9156944 0 0.4018753 0.3164561 -0.1446582 0.9375125 0.1610477 0.9244857 -0.3455283 0.9792643 0.151068 0.1349807 0.1230759 -0.1477976 0.9813298 0.9156944 0 0.4018753 0.3633313 0 0.93166 0.9157057 0 -0.4018496 0.9156944 0 0.4018752 0.9156944 0 0.4018752 -0.3633048 0 0.9316704 -0.9156944 0 0.4018753 0.3633312 0 0.9316601 0.3633312 0 0.9316601 0.3633312 0 -0.9316601 0.9157057 0 -0.4018497 0.9157057 0 -0.4018497 -0.3633312 0 -0.9316601 -0.9156944 0 0.4018752 -0.9157057 0 -0.4018496 -0.9157057 0 -0.4018497 -0.3633313 0 -0.93166 0.588617 -0.7660261 0.2583292 0.4409966 -0.7215155 0.5337953 0 1 0 0 1 0 0.1610477 0.9244857 0.3455282 0 1 0 0 1 0 0.9616942 3.470685E-07 0.2741245 0.8449271 -1.78078E-05 -0.5348815 0.4068236 0 0.9135067 0.9680131 4.977204E-05 -0.2508996 0.8294069 2.471907E-05 0.5586449 0.2904207 2.662509E-05 0.956899 0.05198318 0.04105873 0.9978036 0.05198324 0.04105867 0.9978036 0.7849079 -0.6191446 -0.02407528 0.7848681 -0.6191135 -0.02608668 0.7850924 -0.6188385 -0.02586188 0.7847379 0.6190913 0.03020665 0.8010458 -0.597954 -0.02786637 -0.02884268 0.01663423 -0.9994456 -0.02828792 0.01604081 -0.9994711 -0.7458847 -0.6653853 -0.03030634 -0.746585 -0.6645994 -0.03030555 0.02170019 0.01453667 -0.9996588 0.02217799 0.01504891 -0.9996408 -0.7855216 0.6182842 0.02608521 -0.7848721 0.619117 0.02588129 -0.8370699 0.5463947 0.02769046 -0.8402523 0.5414891 0.0276708 -0.04974955 0.03929176 0.9979885 -0.7849036 0.61915 0.02407529 -0.7849035 0.6191502 0.02407529 0.3164316 0.144647 0.9375224 0.4490462 0.8734865 -0.1880928 0.5637765 0.6205229 -0.5450757 -0.9706021 -0.2381494 -0.03487659 -0.9120378 0.03652345 0.4084766 -0.3633048 -2.36735E-09 0.9316704 -0.9156944 0 0.4018753 0.3633312 3.425603E-09 -0.9316601 -0.3633312 0 -0.9316601 -0.9156944 5.642936E-08 0.4018752 -0.9157057 0 -0.4018496 -0.9157057 -3.237158E-08 -0.4018497 -0.3633313 0 -0.93166 0 1 0 0.1610477 0.9244857 -0.3455283 0.3164561 -0.1446582 0.9375125 0.3164316 0.144647 0.9375224 0.4490462 0.8734865 -0.1880928 0.5637765 0.6205229 -0.5450757 -0.9706082 -0.2381274 -0.03485768 -0.9120378 0.03652329 0.4084767 -0.3633048 2.309001E-09 0.9316704 -0.9156944 0 0.4018753 0.3633312 -1.378495E-09 -0.9316601 -0.3633312 0 -0.9316601 -0.9156944 -1.036342E-08 0.4018752 -0.9157057 0 -0.4018496 -0.9157057 1.299056E-08 -0.4018497 -0.3633313 0 -0.93166 0 1 0 0.1610477 0.9244857 -0.3455283 0.3164561 -0.1446582 0.9375125 0.9156944 -1.753928E-08 0.4018753 0.3633313 0 0.93166 0.9157057 6.535319E-09 -0.4018496 0.9156944 0 0.4018752 0.9157057 0 -0.4018497 0.3633312 0 0.9316601 0.9156944 -5.251906E-08 -0.4018752 0.9156944 0 0.4018752 0.9156944 0 -0.4018753 0.3633048 4.136075E-09 0.9316704 0.9156944 1.811434E-08 0.4018753 0.3633048 0 0.9316704 0.051707 0.04135419 0.9978057 0.05198085 0.04106122 0.9978036 0.7847399 0.6190888 0.03020664 0.7847399 0.6190888 0.03020664 0.7850924 -0.6188385 -0.02586188 0.7848681 -0.6191135 -0.02608668 -0.007869769 -0.005793548 -0.9999523 -0.007619287 -0.006061324 -0.9999526 -0.7842479 -0.6197117 -0.03020866 -0.7847386 -0.6190904 -0.03020664 0.00327324 -0.002442262 -0.9999917 0.003061939 -0.002668423 -0.9999918 -0.05030952 0.03982068 0.9979395 -0.04998546 0.04016478 0.997942 -0.7848721 0.619117 0.02588129 -0.7855216 0.6182842 0.02608521  
			<BiTangents>: 360 -0.6194283 0.785049 0.002563672 -0.6194283 0.7850491 0.002563673 -0.6194314 0.7850466 0.002563555 -0.6194314 0.7850467 0.002563557 -0.6836804 -0.7297621 -0.005347023 0.6826941 0.7307042 0.0004500544 0.6826951 0.7307034 0.0001405463 -0.6837203 -0.7297279 -0.004876752 -0.6200529 0.7845559 0.002539623 -0.6194318 0.7850462 0.002563538 -0.6194302 0.7850475 0.002563599 0.682876 -0.7305164 -0.005110767 0.9286723 0.3709013 0 -0.4309284 0.9023861 0 0.9286723 0.3709013 0 -0.4309284 0.9023861 0 0.9286723 -0.3709013 0 0.4309284 0.9023861 0 0.0009556593 0.9999995 0 0.0006813097 0.9999998 0 5.206294E-05 1 0 8.076923E-05 1 0 -5.488956E-05 1 0 -8.436128E-05 1 0 -0.7827976 -0.6222764 0 -0.4511378 -0.8922935 -0.01693662 -0.7815748 -0.6238115 0 -0.4554729 -0.8900884 0.01694351 -0.4553075 -0.8902658 0.01104997 -0.7461159 -0.6658161 0 -0.747463 -0.6643034 0 -0.4509723 -0.8924694 -0.01105676 0.7827976 -0.6222764 0 0.49085 -0.8711153 -0.01498127 0.7816573 -0.6237082 0 0.4945525 -0.8690181 0.0150095 0.4943897 -0.8691927 0.009104475 0.7488977 -0.6626856 0 0.7501602 -0.6612561 0 0.4906868 -0.8712886 -0.009086723 0.3134518 -0.1512087 0.9374881 -0.9187281 -0.1037082 -0.3810294 -0.3936403 0.04138542 0.9183325 -0.8857929 -0.09223562 0.4548225 0.9063829 -1.752001E-08 0.4224571 0.3836724 -0.01510428 0.9233457 -0.4563998 -0.2314435 0.8591468 -0.7841687 0.3390423 0.5197401 -0.794548 0.2668686 -0.5454124 -0.5133654 0.21568 0.8306252 -2.806636E-09 0.6662863 0.745696 -0.5133827 -0.2156624 0.830619 -0.7345232 -0.6559696 0.1737228 -0.7945464 -0.2668703 0.5454138 0.7684481 -0.6399121 -5.260484E-09 -0.7945482 0.2668684 0.5454122 8.600694E-10 -1 -2.205589E-09 2.964284E-08 -1 1.300851E-08 0 1 0 0 -1 0 4.809142E-08 1 -2.110611E-08 -1.65872E-08 1 -7.279703E-09 -5.167205E-08 -1 2.267756E-08 1.244629E-09 -1 -3.191497E-09 -0.9114258 -0.09644493 0.4000018 -0.3633048 2.762658E-07 0.9316704 0.3633048 5.310213E-08 0.9316704 -0.9106842 -0.1044655 -0.3996764 0.9156944 0 0.4018752 -0.9156944 0 0.4018752 -0.2763208 -0.649314 -0.7085465 -0.3633313 0 0.9316601 0.3134518 -0.1512085 0.9374881 -0.9187281 -0.1037082 -0.3810294 -0.3936403 0.04138542 0.9183325 -0.8857929 -0.09223562 0.4548225 0.9063829 -1.752001E-08 0.4224571 0.3836724 -0.01510428 0.9233457 -0.4564002 -0.2314451 0.8591461 -0.78417 0.33904 0.5197397 -0.7945529 0.2668863 -0.5453965 -0.5133806 0.2156601 0.8306209 -2.806636E-09 0.6662863 0.745696 -0.5133829 -0.2156625 0.8306189 -0.7345234 -0.6559696 0.1737223 -0.7945448 -0.2668721 0.5454153 0.7684481 -0.6399121 -5.260484E-09 -0.7945482 0.2668684 0.5454122 -8.388712E-10 -1 2.151228E-09 -1.189553E-08 -1 -5.22025E-09 0 1 0 0 -1 0 -5.984429E-09 1 2.626215E-09 1.606062E-08 1 7.048603E-09 9.489727E-09 -1 -4.164802E-09 -5.008501E-10 -1 1.284288E-09 -0.9114258 -0.09644493 0.4000018 -0.3633048 2.762658E-07 0.9316704 0.3633048 5.310213E-08 0.9316704 -0.9106842 -0.1044655 -0.3996764 0.9156944 0 0.4018752 -0.9156944 0 0.4018752 -0.2763208 -0.649314 -0.7085465 -0.3633313 0 0.9316601 -1.508237E-05 -1 -9.547903E-06 3.431728E-07 -1 -2.172457E-07 -4.438433E-07 -1 1.387088E-06 -1.673326E-06 -1 3.757795E-06 -9.768979E-06 -1 -2.193586E-05 -5.777595E-06 -1 -1.8056E-05 6.007925E-07 -1 -1.712519E-07 -2.569696E-05 -1 -7.324748E-06 -3.074893E-06 -1 7.969826E-07 2.619133E-06 -1 -5.754219E-06 5.975741E-07 -1 -1.968723E-06 8.258273E-08 -1 2.720995E-07 1.822108E-05 -1 4.003162E-05 -2.920419E-06 -1 1.967041E-06 -2.854536E-06 -1 -1.922665E-06 4.82283E-05 -1 1.250031E-05 0.6842027 -0.7287712 0.02755569 -0.598631 -0.8010235 -0.001500912 0.6194329 -0.7850454 -0.002563497 0.6842288 -0.7287122 0.0284527 0.6829301 0.7304646 0.005284796 0.6831842 0.7302461 0.0001363594 0.6831842 0.7302461 0.0001362549 0.6193613 0.7851034 0.002037735 0.6828552 -0.730533 -0.005510928 -0.6194302 0.7850475 0.002563599 -0.6858826 -0.7269605 0.03306915 -0.6859084 -0.7268866 0.03414074 -0.6831309 0.7302955 0.0007754802 -0.6831281 0.7302977 0.0011451 -0.6831309 0.7302955 0.0007784498 -0.6831309 0.7302955 0.0007754285 0.4309284 0.9023861 0 0.9286723 -0.3709013 0 -0.0009556593 0.9999995 0 -0.0006813097 0.9999998 0 0 0 1 0.9286723 -0.3709013 0 0.9286723 -0.3709013 0 0 0 1 1.524024E-08 -1.231814E-08 -1 1.163524E-08 -2.436478E-08 -1 1.15855E-08 -2.426063E-08 -1 1.515924E-08 -1.225267E-08 -1 -9.407667E-09 -1.970013E-08 -1 -2.273886E-08 -1.837901E-08 -1 -2.257686E-08 -1.824807E-08 -1 -9.308192E-09 -1.949183E-08 -1 0.9286723 0.3709013 0 0 0 1 0 0 1 0.9286723 0.3709013 0 0.0009096683 0.9999996 0 0.00101439 0.9999995 0 -0.0009096683 0.9999996 0 -0.00101439 0.9999995 0 -0.455468 -0.8900944 0.01675885 -0.455302 -0.8902708 0.01086593 -0.4511428 -0.8922876 -0.01712288 -0.4509778 -0.8924644 -0.01124239 -0.7804135 -0.6252638 0 -0.782798 -0.6222759 0 -0.7448303 -0.667254 0 -0.7427734 -0.669543 0 0.4945477 -0.869024 0.01482556 0.4943844 -0.8691976 0.008921146 0.4906922 -0.8712837 -0.009271733 0.4908548 -0.8711094 -0.01516689 0.7806686 -0.6249452 0 0.7453941 -0.6666241 0 0.7472469 -0.6645466 0 0.782798 -0.6222759 0 -0.9063829 1.752001E-08 0.4224571 -0.9156944 1.089394E-07 0.4018752 -0.4157421 0.9094826 -1.204259E-08 0.9063829 -1.752001E-08 0.4224571 -0.7841672 -0.3390451 0.5197406 -0.4563801 0.2314632 0.8591519 -0.5247267 -0.2277569 0.8202369 -0.391109 -0.03455953 0.9196953 -0.8279271 -0.2280781 -0.5123642 -0.8955319 -0.05355278 -0.4417632 -0.9014097 0.02642315 0.4321602 -0.7945482 0.2668684 0.5454122 -0.4456774 0.1459008 0.883224 0.4904821 -0.1916177 0.8501235 -0.1309349 0.6805056 -0.7209495 -2.844032E-06 -1 -7.371456E-07 0 -1 0 0 -1 0 0 -1 0 2.517646E-05 -1 -1.695754E-05 0 -1 0 0.4157421 0.9094826 4.075323E-09 0.9063829 1.752001E-08 0.4224571 -2.806636E-09 -0.6662863 0.745696 0.7684481 0.6399121 -5.260484E-09 0 1 0 0 1 0 0 1 0 0 1 0 0 1 0 0 1 0 0 1 0 0 1 0 -1.502656E-09 1 -3.853459E-09 0 1 0 0 1 0 0 1 0 0 1 0 0 1 0 0 1 0 0 1 0 0 1 0 -0.7014459 -0.6428095 -0.3078469 -0.808077 -0.5780046 -0.1136767 -0.9156944 0 -0.4018752 0.3633313 0 0.9316601 -0.9063829 6.605699E-09 0.4224571 -0.9156944 0 0.4018752 -0.3633313 0 0.9316601 -0.9063829 1.752001E-08 0.4224571 -0.9156944 1.089394E-07 0.4018752 -0.4157421 0.9094826 -1.204259E-08 0.9063829 -1.752001E-08 0.4224571 -0.784167 -0.3390454 0.5197407 -0.4563801 0.2314632 0.8591519 -0.5247276 -0.2277578 0.8202361 -0.3911092 -0.03455977 0.9196952 -0.8279257 -0.2280799 -0.5123657 -0.8955318 -0.05355312 -0.4417633 -0.9014097 0.02642309 0.4321602 -0.7945482 0.2668684 0.5454122 -0.4456946 0.1458808 0.8832186 0.4904821 -0.1916177 0.8501235 -0.1309351 0.6805056 -0.7209495 5.626891E-07 -1 3.562106E-07 0 -1 0 0 -1 0 0 -1 0 -3.192347E-05 -1 9.099573E-06 0 -1 0 0.4157421 0.9094826 4.075323E-09 0.9063829 1.752001E-08 0.4224571 -3.029906E-09 -0.6662863 0.7456959 0.7684481 0.6399121 -5.260484E-09 0 1 0 0 1 0 0 1 0 0 1 0 0 1 0 0 1 0 0 1 0 0 1 0 0 1 0 0 1 0 0 1 0 0 1 0 0 1 0 0 1 0 0 1 0 0 1 0 0 1 0 -0.7014459 -0.6428095 -0.3078469 -0.808077 -0.5780046 -0.1136767 -0.9156944 0 -0.4018752 0.3633313 0 0.9316601 -0.9063829 6.605699E-09 0.4224571 -0.9156944 0 0.4018752 -0.3633313 0 0.9316601 3.337737E-07 -1 9.513997E-08 -1.504629E-05 -1 9.525061E-06 0 -1 0 4.817999E-05 -1 -1.248779E-05 2.050217E-05 -1 1.380918E-05 7.732478E-06 -1 2.547752E-05 -0.682855 0.7305331 0.005514329 -0.682855 0.7305331 0.00551441 0.6193613 0.7851034 0.002037736 0.619352 0.7851121 0.001384367 0.6190745 0.785331 0.001453963 0.6194327 -0.7850455 -0.002563502 -0.5982195 -0.8013308 -0.001515229 0.6825643 -0.7301312 -0.03184982 0.6825876 -0.7301445 -0.0310375 0.6657075 -0.7462124 -0.0007340341 0.664922 -0.7469125 -0.0007659363 -0.6818749 -0.7310266 -0.02543218 -0.6818596 -0.7310162 -0.02613266 -0.618523 -0.7857654 -0.001411909 -0.6193537 -0.7851108 -0.001468734 -0.5466775 -0.8373369 -0.003280777 -0.5417734 -0.8405176 -0.003442638 0.6829301 0.7304646 0.005284859 0.6193668 0.7850991 0.002037569 0.6193669 0.785099 0.002037564 -0.4157421 0.9094826 -1.204259E-08 -0.8036317 0.3028122 -0.5123289 -0.7277517 0.6852921 0.02742767 -0.1299166 0.6403518 -0.7570146 -0.1251137 0.923764 -0.3619484 -8.600694E-10 1 2.205589E-09 0 1 0 -1.244629E-09 1 3.191497E-09 0 1 0 5.167205E-08 1 -2.267756E-08 0 1 0 -2.964284E-08 1 -1.300851E-08 0 1 0 0.3633313 0 0.9316601 0.9063829 1.752001E-08 0.4224571 0.4157421 0.9094826 4.075323E-09 -0.4157421 0.9094826 -1.204259E-08 -0.8036317 0.3028122 -0.5123289 -0.7277517 0.6852921 0.02742767 -0.1299169 0.6403549 -0.7570121 -0.1251138 0.923764 -0.3619484 8.388712E-10 1 -2.151228E-09 0 1 0 5.008501E-10 1 -1.284288E-09 0 1 0 -9.489727E-09 1 4.164802E-09 0 1 0 1.189553E-08 1 5.22025E-09 0 1 0 0.3633313 0 0.9316601 0.9063829 1.752001E-08 0.4224571 0.4157421 0.9094826 4.075323E-09 -1.606062E-08 -1 -7.048603E-09 0 -1 0 5.984429E-09 -1 -2.626215E-09 0 -1 0 0 -1 0 0 -1 0 -4.809142E-08 -1 2.110611E-08 0 -1 0 0 -1 0 1.502656E-09 -1 3.853459E-09 1.65872E-08 -1 7.279703E-09 0 -1 0 -0.682876 0.7305164 0.005110767 -0.6828552 0.730533 0.005510928 0.6194302 -0.7850475 -0.002563599 0.6194302 -0.7850475 -0.002563599 -0.6190745 -0.785331 -0.001453963 -0.619352 -0.7851121 -0.001384367 0.6831281 -0.7302977 -0.0011451 0.6831309 -0.7302955 -0.0007784498 0.6200529 -0.7845559 -0.002539623 0.6194318 -0.7850462 -0.002563538 -0.6826941 -0.7307042 -0.0004500544 -0.6826951 -0.7307034 -0.0001405463 0.6836804 0.7297621 0.005347023 0.6837203 0.7297279 0.004876752 0.6193537 0.7851108 0.001468734 0.618523 0.7857654 0.001411909  
			<SubMeshes>: 1
				<SubMesh>: 0 588 0 8 9 0 9 1 11 123 120 11 120 128 3 10 129 3 129 2 7 4 130 7 130 131 132 133 134 132 134 135 125 126 6 125 6 5 13 12 14 13 14 15 20 21 18 20 18 19 136 137 16 136 16 17 22 23 138 22 138 139 140 141 142 140 142 143 144 145 146 144 146 147 148 149 150 148 150 151 152 153 154 152 154 155 156 157 23 156 23 22 158 159 21 158 21 20 26 24 30 26 30 29 160 27 28 160 28 161 25 162 163 25 163 31 164 165 166 164 166 167 34 37 38 34 38 32 168 169 36 168 36 35 33 39 170 33 170 171 172 173 174 172 174 175 41 67 64 41 64 43 42 65 66 42 66 45 57 119 116 57 116 59 42 176 177 42 177 65 44 300 66 44 66 68 51 55 47 51 47 46 50 54 178 50 178 179 49 53 180 49 180 181 182 183 40 182 40 52 184 185 186 184 186 187 188 42 45 188 45 189 48 301 302 303 304 190 62 117 191 62 191 192 193 194 113 193 113 63 56 114 195 56 195 196 197 198 199 197 199 200 201 61 58 201 58 202 203 60 204 203 204 205 206 305 306 206 306 207 208 209 305 208 305 206 210 307 211 210 211 212 213 308 307 213 307 210 214 309 310 214 310 215 216 311 312 216 312 217 70 218 219 313 314 315 185 220 69 185 69 186 183 71 221 183 221 40 183 222 223 183 223 224 73 99 96 73 96 75 74 97 98 74 98 77 89 104 109 89 109 91 74 225 226 74 226 97 76 316 98 76 98 100 83 87 79 83 79 78 82 86 227 82 227 228 81 85 229 81 229 230 231 232 72 231 72 84 233 234 235 233 235 236 237 74 77 237 77 238 80 317 318 319 320 239 94 110 240 94 240 241 242 243 106 242 106 95 88 107 244 88 244 245 246 247 248 246 248 249 250 93 90 250 90 251 252 92 253 252 253 254 255 321 322 255 322 256 257 258 321 257 321 255 259 323 260 259 260 261 262 324 323 262 323 259 263 325 326 263 326 264 265 327 328 265 328 266 102 267 268 329 330 331 234 269 101 234 101 235 232 103 270 232 270 72 232 271 272 232 272 273 332 111 108 332 108 333 334 105 274 334 274 335 95 106 275 95 275 336 337 276 107 337 107 88 338 112 118 338 118 339 63 113 277 63 277 340 341 115 114 341 114 56 342 278 279 342 279 343 280 344 345 280 345 281 127 282 283 127 283 284 346 122 285 346 285 347 348 349 121 348 121 286 350 287 288 350 288 351 352 289 290 352 290 353 354 355 291 354 291 292 293 294 295 293 295 296 124 297 356 124 356 357 298 299 358 298 358 359  
		</Mesh>
		<Materials>: 1
			<Material>: 0
				<AlbedoColor>: 1 1 1 1
				<EmissiveColor>: 0 0 0 0
				<Glossiness>: 0.3
				<Metallic>: 0
				<SpecularHighlight>: 1
				<GlossyReflection>: 1
				<AlbedoMap>: BLD_Church1_A
				<MetallicMap>: BLD_Church1_MS
				<NormalMap>: BLD_Church1_N
				<EmissionMap>: null
				<DetailAlbedoMap>: DET_Concrete1_A
				<DetailNormalMap>: DET_Concrete1_N
		</Materials>
		<Children>: 3
			<Frame>: 1 0 Church1_Deco_Column_A_bb
				<Transform>: 0.04632568 8.239033 -0.2000126 -2.504478E-06 0 0 1 1 1 -2.185569E-08 0 0 1  
				<TransformMatrix>: 1 0 0 0 0 1 -4.371139E-08 0 0 4.371139E-08 1 0 0.04632568 8.239033 -0.2000126 1  
				<BoxCollider>: 1 -2.458313 -0.9511337 -0.04388428 0.4731445 14.37439 0.5025024  
				<Children>: 0
			</Frame>
			<Frame>: 2 0 Church1_Deco_Column_A_bb1
				<Transform>: 4.96 8.239033 -0.2000126 -2.504478E-06 0 0 1 1 1 -2.185569E-08 0 0 1  
				<TransformMatrix>: 1 0 0 0 0 1 -4.371139E-08 0 0 4.371139E-08 1 0 4.96 8.239033 -0.2000126 1  
				<BoxCollider>: 1 -2.458313 -0.9511337 -0.04388428 0.4731445 14.37439 0.5025024  
				<Children>: 0
			</Frame>
			<Frame>: 3 0 Church1_Deco_Column_A_bb2
				<Transform>: 2.24 8.239033 -0.2000126 -2.504478E-06 0 0 1 1 1 -2.185569E-08 0 0 1  
				<TransformMatrix>: 1 0 0 0 0 1 -4.371139E-08 0 0 4.371139E-08 1 0 2.24 8.239033 -0.2000126 1  
				<BoxCollider>: 1 -2.151001 3.892328 -0.04388428 5.067871 4.687466 0.5025024  
				<Children>: 0
			</Frame>
	</Frame>
</Hierarchy>
