<Hierarchy>:
	<Frame>: 0 4 Church1_Deco_WindowGlass_A
		<Transform>: 0 0 0 0 0 0 1 1 1 0 0 0 1  
		<TransformMatrix>: 1 0 0 0 0 1 0 0 0 0 1 0 0 0 0 1  
		<BoxCollider>: 1 -1.862645E-09 0.1192689 0 0.03546296 6.277197 1.739046  
		<Mesh>: 96 Church1_Deco_WindowGlass_A
			<Bounds>: -1.862645E-09 0.1192689 0 0.01773148 3.138598 0.8695229
			<Positions>: 96 0.01773148 -3.01933 0.8695229 0.01773148 2.630267 0.8166034 0.01773148 -3.01933 -0.8695227 0.01773148 2.630267 -0.8166037 -0.01773148 -3.01933 0.8695229 -0.01773148 2.630267 0.8166034 -0.01773148 -3.01933 -0.8695227 -0.01773148 2.630267 -0.8166037 0.01773148 -1.936542 0.8695229 0.01773148 0.1428109 0.8695228 0.01773148 2.333725 0.8695227 0.01773148 2.333725 -0.8695229 0.01773148 0.1428108 -0.8695228 0.01773148 -1.936542 -0.8695228 -0.01773148 2.333725 -0.8695229 -0.01773148 0.1428108 -0.8695228 -0.01773148 -1.936542 -0.8695228 -0.01773148 2.333725 0.8695227 -0.01773148 0.1428109 0.8695228 -0.01773148 -1.936542 0.8695229 0.01773148 3.257867 -1.573071E-07 0.01773148 -3.01933 1.170779E-07 -0.01773148 3.257867 -1.573071E-07 -0.01773148 -3.01933 1.170779E-07 -0.01773148 2.333725 -1.169115E-07 -0.01773148 0.1428108 -2.114362E-08 -0.01773148 -1.936542 6.974777E-08 0.01773148 2.333725 -1.169115E-07 0.01773148 0.1428108 -2.114362E-08 0.01773148 -1.936542 6.974777E-08 -0.01773148 3.156447 0.3589292 0.01773148 3.156447 0.3589292 0.01773148 3.157938 -0.3536535 -0.01773148 3.157938 -0.3536538 -0.01773148 2.333725 0.3589291 0.01773148 2.333725 0.3589291 -0.01773148 -1.936542 0.3589293 0.01773148 -1.936542 0.3589293 -0.01773148 -3.01933 0.3589293 -0.01773148 0.1428108 0.3589292 0.01773148 0.1428108 0.3589292 0.01773148 -3.01933 0.3589293 -0.01773148 2.333725 -0.3536538 -0.01773148 -3.01933 -0.3536536 -0.01773148 -1.936542 -0.3536536 0.01773148 2.333725 -0.3536538 -0.01773148 0.1428108 -0.3536537 0.01773148 -1.936542 -0.3536536 0.01773148 0.1428108 -0.3536537 0.01773148 -3.01933 -0.3536536 0.01773148 -1.936542 -0.8695228 0.01773148 -3.01933 -0.8695227 -0.01773148 -1.936542 0.8695229 -0.01773148 -3.01933 0.8695229 0.01773148 -3.01933 -0.3536536 -0.01773148 0.1428109 0.8695228 -0.01773148 2.333725 0.8695227 0.01773148 0.1428108 -0.8695228 0.01773148 2.333725 -0.8695229 -0.01773148 2.630267 -0.8166037 -0.01773148 2.333725 -0.8695229 -0.01773148 3.157938 -0.3536538 0.01773148 -3.01933 0.8695229 -0.01773148 -3.01933 0.8695229 -0.01773148 -3.01933 0.3589293 -0.01773148 -3.01933 -0.3536536 -0.01773148 -3.01933 1.170779E-07 0.01773148 -3.01933 0.3589293 0.01773148 -3.01933 1.170779E-07 0.01773148 3.156447 0.3589292 -0.01773148 3.156447 0.3589292 0.01773148 3.257867 -1.573071E-07 0.01773148 3.157938 -0.3536535 0.01773148 2.630267 0.8166034 0.01773148 2.333725 0.8695227 0.01773148 3.156447 0.3589292 0.01773148 0.1428109 0.8695228 0.01773148 -1.936542 0.8695229 0.01773148 -3.01933 0.8695229 -0.01773148 0.1428108 -0.8695228 -0.01773148 -1.936542 -0.8695228 -0.01773148 -3.01933 -0.8695227 0.01773148 -3.01933 -0.8695227 0.01773148 3.157938 -0.3536535 -0.01773148 3.157938 -0.3536538 -0.01773148 -3.01933 -0.8695227 0.01773148 2.630267 -0.8166037 -0.01773148 3.156447 0.3589292 -0.01773148 2.630267 0.8166034 -0.01773148 3.257867 -1.573071E-07 0.01773148 2.630267 -0.8166037 -0.01773148 2.630267 -0.8166037 -0.01773148 2.630267 0.8166034 0.01773148 2.630267 0.8166034 -0.01773148 3.257867 -1.573071E-07 0.01773148 3.257867 -1.573071E-07  
			<Colors>: 0  
			<TextureCoords0>: 96 0.03515625 1.007813 0.078125 -3.140625 1.300781 1.007813 1.269531 -3.140625 0.03515625 1.007813 0.078125 -3.140625 1.300781 1.007813 1.269531 -3.140625 0.03515625 0.2226563 0.03515625 -1.3125 0.03515625 -2.917969 1.300781 -2.917969 1.300781 -1.3125 1.300781 0.2226563 1.300781 -2.917969 1.300781 -1.3125 1.300781 0.2226563 0.03515625 -2.917969 0.03515625 -1.3125 0.03515625 0.2226563 0.6640625 -3.601563 0.6640625 1.007813 0.6640625 -3.601563 0.6640625 1.007813 0.6640625 -2.917969 0.6640625 -1.3125 0.6640625 0.2226563 0.6640625 -2.917969 0.6640625 -1.3125 0.6640625 0.2226563 0.4023438 -3.527344 0.4023438 -3.527344 0.9296875 -3.527344 0.9296875 -3.527344 0.4023438 -2.917969 0.4023438 -2.917969 0.4023438 0.2226563 0.4023438 0.2226563 0.4023438 1.007813 0.4023438 -1.3125 0.4023438 -1.3125 0.4023438 1.007813 0.9296875 -2.917969 0.9296875 1.007813 0.9296875 0.2226563 0.9296875 -2.917969 0.9296875 -1.3125 0.9296875 0.2226563 0.9296875 -1.3125 0.9296875 1.007813 1.300781 0.2226563 1.300781 1.007813 0.03515625 0.2226563 0.03515625 1.007813 0.9296875 1.007813 0.03515625 -1.3125 0.03515625 -2.917969 1.300781 -1.3125 1.300781 -2.917969 1.269531 -3.140625 1.300781 -2.917969 0.9296875 -3.527344 0.03515625 1.007813 0.03515625 1.007813 0.4023438 1.007813 0.9296875 1.007813 0.6640625 1.007813 0.4023438 1.007813 0.6640625 1.007813 0.4023438 -3.527344 0.4023438 -3.527344 0.6640625 -3.601563 0.9296875 -3.527344 0.078125 -3.140625 0.03515625 -2.917969 0.4023438 -3.527344 0.03515625 -1.3125 0.03515625 0.2226563 0.03515625 1.007813 1.300781 -1.3125 1.300781 0.2226563 1.300781 1.007813 1.300781 1.007813 0.9296875 -3.527344 0.9296875 -3.527344 1.300781 1.007813 1.269531 -3.140625 0.4023438 -3.527344 0.078125 -3.140625 0.6640625 -3.601563 1.269531 -3.140625 1.269531 -3.140625 0.078125 -3.140625 0.078125 -3.140625 0.6640625 -3.601563 0.6640625 -3.601563  
			<TextureCoords1>: 96 0.003906252 0.9866497 0.886658 0.9866488 0.003906251 0.9772059 0.886658 0.9905567 0.9839083 0.4302968 0.886658 0.9811122 0.00390625 0.9960938 0.886658 0.9960933 0.1729521 0.9866495 0.4975826 0.9866492 0.8396302 0.9866488 0.8396302 0.9905567 0.4975826 0.990557 0.1729521 0.9772059 0.8396302 0.9960933 0.4975826 0.9960935 0.1729521 0.9960937 0.8396302 0.9811123 0.4975826 0.9811127 0.8148624 0.4302968 0.06213673 0.4169477 0.1396569 0.420854 0.06213669 0.4114112 0.139657 0.4263905 0.1481842 0.5660475 0.4902318 0.5660475 0.8148624 0.5660475 0.8396303 0.8414553 0.4975827 0.8414553 0.1729521 0.8414553 0.00390625 0.4114113 0.003906256 0.4169478 0.9962499 0.9905559 0.99625 0.9960924 0.1481842 0.5100112 0.8396303 0.785419 0.8148624 0.5100112 0.1729521 0.7854189 0.9839082 0.5100112 0.4902318 0.5100112 0.4975827 0.7854189 0.08362059 0.420854 0.1481842 0.6212603 0.1948697 0.4263905 0.8148624 0.6212603 0.8396303 0.896668 0.4902318 0.6212603 0.1729521 0.896668 0.4975827 0.896668 0.003906261 0.896668 0.1729521 0.9905571 0.00390625 0.9905573 0.1729521 0.981113 0.00390625 0.9811132 0.1948697 0.420854 0.4902318 0.4302969 0.1481842 0.4302968 0.4975827 0.977206 0.8396303 0.977206 0.1018878 0.6935364 0.1481842 0.7017983 0.01950732 0.6212603 0.00390625 0.420854 0.003906293 0.4263905 0.08362063 0.4263905 0.9839082 0.6212603 0.9839082 0.5660475 0.00390625 0.7854189 0.003906258 0.8414553 0.9955328 0.9866497 0.9955329 0.9811132 0.9839083 0.8414553 0.9683073 0.896668 0.8859267 0.7139664 0.8396304 0.7057046 0.9680745 0.7854189 0.4975827 0.7057046 0.1729522 0.7057046 0.003906268 0.7057046 0.4902318 0.7017982 0.8148624 0.7017983 0.2754076 0.4263905 0.2754076 0.420854 0.1195112 0.4169477 0.1195112 0.4114112 0.9839082 0.7017982 0.8859267 0.9689442 0.01974006 0.5100111 0.1018878 0.4385586 0.00390625 0.5660475 0.886658 0.9905567 0.886658 0.9960933 0.886658 0.9811122 0.886658 0.9866488 0.06213669 0.4114112 0.06213673 0.4169477  
			<Normals>: 96 0 0 1 0 0.1756671 0.9844497 1 0 0 0 0.6594872 -0.7517159 -1 0 0 0 0.1756671 0.9844497 0 0 -1 0 0.6594872 -0.7517159 0 0 1 0 0 1 0 0.08816902 0.9961055 0 0.08816902 -0.9961055 0 0 -1 1 0 0 0 0.08816902 -0.9961055 0 0 -1 0 0 -1 0 0.08816902 0.9961055 0 0 1 -1 0 0 0 0.9623271 0.2718943 0 -1 0 0 0.9623271 0.2718943 0 -1 0 -1 0 0 -1 0 0 -1 0 0 1 0 0 1 0 0 1 0 0 0 0.9623271 0.2718943 0 0.9623271 0.2718943 0 0.6594872 -0.7517159 0 0.6594872 -0.7517159 -1 0 0 1 0 0 -1 0 0 1 0 0 -1 0 0 -1 0 0 1 0 0 0 -1 0 -1 0 0 0 -1 0 -1 0 0 1 0 0 -1 0 0 1 0 0 1 0 0 1 0 0 0 0 -1 0 0 -1 0 0 1 0 0 1 0 -1 0 -1 0 0 -1 0 0 1 0 0 1 0 0 -1 0 0 -1 0 0 -1 0 0 0 -1 0 0 -1 0 0 -1 0 -1 0 0 -1 0 0 1 0 0 1 0 0 0 0.6562784 0.7545188 0 0.6562784 0.7545188 1 0 0 1 0 0 1 0 0 1 0 0 1 0 0 1 0 0 1 0 0 1 0 0 -1 0 0 -1 0 0 0 -1 0 0 -1 0 0 0.9623271 -0.2718943 0 0.9623271 -0.2718943 -1 0 0 1 0 0 -1 0 0 -1 0 0 -1 0 0 0 0.1756671 -0.9844497 0 0.1756671 -0.9844497 0 0.6562784 0.7545188 0 0.6562784 0.7545188 0 0.9623271 -0.2718943 0 0.9623271 -0.2718943  
			<Tangents>: 96 1 0 0 1 0 0 0 0 -1 1 0 0 0 0 -1 1 0 0 1 0 0 1 0 0 1 0 0 1 0 0 1 0 0 1 0 0 1 0 0 0 -5.917348E-09 -1 1 0 0 1 0 0 1 0 0 1 0 0 1 0 0 0 -5.919695E-09 -1 1 0 0 1 0 0 1 0 0 1 0 0 0 0 -1 0 -1.93496E-08 -1 0 -1.505974E-09 -1 0 0 -1 0 -1.933293E-08 -1 0 -1.483408E-09 -1 1 0 0 1 0 0 1 0 0 1 0 0 0 9.057799E-05 -1 0 0.000926613 -0.9999996 0 -1.243851E-09 -1 0 -3.45622E-09 -1 0 0 -1 0 -2.25491E-08 -1 0 -2.418361E-08 -1 1 0 0 0 -0.0009305014 -0.9999996 1 0 0 0 -3.448761E-09 -1 0 3.403903E-05 -1 0 -2.412884E-08 -1 0 -1.247279E-09 -1 0 -2.250237E-08 -1 0 0 -1 1 0 0 1 0 0 1 0 0 1 0 0 1 0 0 0 -2.853062E-08 -1 0 0.0005455494 -0.9999999 0 -2.823885E-08 -1 0 -0.0006959224 -0.9999998 0 -0.007487048 -0.999972 0 0 -1 0 -0.002458353 -0.999997 1 0 0 1 0 0 1 0 0 0 0 -1 0 0 -1 0 0 -1 0 0 -1 1 0 0 1 0 0 0 0.001611407 -0.9999987 0 8.499899E-05 -1 0 0.006636835 -0.9999779 0 0 -1 0 0.005174407 -0.9999866 0 -2.415712E-08 -1 0 0 -1 0 0 -1 0 -2.386708E-08 -1 0 0 -1 1 0 0 1 0 0 1 0 0 1 0 0 0 0 -1 0 -0.03400716 -0.9994216 0 0.002968609 -0.9999956 0 0.0304276 -0.999537 0 0.001611143 -0.9999987 1 0 0 1 0 0 1 0 0 1 0 0 1 0 0 1 0 0  
			<BiTangents>: 96 0 1 0 0 0.9844497 -0.1756671 0 1 0 0 0.7517158 0.6594871 0 1 0 0 0.9844497 -0.1756671 0 1 0 0 0.7517158 0.6594871 0 1 0 0 1 0 0 0.9961056 -0.08816903 0 0.9961056 0.08816903 0 1 0 0 1 -5.917348E-09 0 0.9961056 0.08816903 0 1 0 0 1 0 0 0.9961056 -0.08816903 0 1 0 0 1 -5.919695E-09 0 -0.2718943 0.9623271 0 0 1 0 -0.2718943 0.9623271 0 0 1 0 1 0 0 1 -1.93496E-08 0 1 -1.505974E-09 0 1 0 0 1 -1.933293E-08 0 1 -1.483408E-09 0 -0.2718943 0.9623271 0 -0.2718943 0.9623271 0 0.7517158 0.6594871 0 0.7517158 0.6594871 0 1 9.057799E-05 0 0.9999996 0.000926613 0 1 -1.243851E-09 0 1 -3.45622E-09 0 1 0 0 1 -2.25491E-08 0 1 -2.418361E-08 0 0 1 0 0.9999996 -0.0009305014 0 0 1 0 1 -3.448761E-09 0 1 3.403903E-05 0 1 -2.412884E-08 0 1 -1.247279E-09 0 1 -2.250237E-08 0 1 0 0 1 0 0 1 0 0 1 0 0 1 0 0 0 1 0 1 -2.853062E-08 0 0.9999999 0.0005455494 0 1 -2.823885E-08 0 0.9999998 -0.0006959224 0 0.999972 -0.007487048 0 1 0 0 0.999997 -0.002458353 0 0 1 0 0 1 0 0 1 0 1 0 0 1 0 0 1 0 0 1 0 0 0.7545188 -0.6562784 0 0.7545188 -0.6562784 0 0.9999987 0.001611407 0 1 8.499899E-05 0 0.9999779 0.006636835 0 1 0 0 0.9999866 0.005174407 0 1 -2.415712E-08 0 1 0 0 1 0 0 1 -2.386708E-08 0 1 0 0 0 1 0 0 1 0 0.2718943 0.9623271 0 0.2718943 0.9623271 0 1 0 0 0.9994216 -0.03400716 0 0.9999956 0.002968609 0 0.999537 0.0304276 0 0.9999987 0.001611143 0 0.9844497 0.1756671 0 0.9844497 0.1756671 0 0.7545188 -0.6562784 0 0.7545188 -0.6562784 0 0.2718943 0.9623271 0 0.2718943 0.9623271  
			<SubMeshes>: 1
				<SubMesh>: 0 288 47 49 2 47 2 13 50 51 6 50 6 16 36 38 4 36 4 19 52 53 0 52 0 8 21 23 43 21 43 54 33 32 3 33 3 7 5 17 10 5 10 1 17 18 9 17 9 10 18 52 8 18 8 9 34 39 55 34 55 56 39 36 19 39 19 55 90 11 14 90 14 91 11 12 15 11 15 14 12 50 16 12 16 15 45 48 57 45 57 58 48 47 13 48 13 57 40 37 29 40 29 28 35 40 28 35 28 27 59 60 42 59 42 61 46 44 26 46 26 25 42 46 25 42 25 24 30 31 20 30 20 22 62 63 64 62 64 41 44 65 66 44 66 26 37 67 68 37 68 29 92 93 69 92 69 70 71 27 45 71 45 72 73 74 35 73 35 75 24 25 39 24 39 34 25 26 36 25 36 39 76 77 37 76 37 40 41 64 23 41 23 21 74 76 40 74 40 35 35 27 71 35 71 75 26 66 38 26 38 36 77 78 67 77 67 37 28 29 47 28 47 48 79 80 44 79 44 46 54 43 81 54 81 82 60 79 46 60 46 42 94 95 83 94 83 84 29 68 49 29 49 47 80 85 65 80 65 44 27 28 48 27 48 45 72 45 58 72 58 86 87 34 56 87 56 88 42 24 89 42 89 61 89 24 34 89 34 87  
		</Mesh>
		<Materials>: 1
			<Material>: 0
				<AlbedoColor>: 1 1 1 0.3921569
				<EmissiveColor>: 0 0 0 1
				<Glossiness>: 1
				<Metallic>: 0
				<SpecularHighlight>: 1
				<GlossyReflection>: 1
				<AlbedoMap>: BLD_WindowGlass1_A
				<MetallicMap>: BLD_WindowGlass1_MS
				<NormalMap>: BLD_WindowGlass1_N
				<EmissionMap>: null
				<DetailAlbedoMap>: DET_Concrete1_A
				<DetailNormalMap>: null
		</Materials>
		<Children>: 0
	</Frame>
</Hierarchy>
