<Hierarchy>:
	<Frame>: 0 5 GreenHouse1_Deco_RoofPiece_A
		<Transform>: 0 0 0 0 0 0 1 1 1 0 0 0 1  
		<TransformMatrix>: 1 0 0 0 0 1 0 0 0 0 1 0 0 0 0 1  
		<BoxCollider>: 1 -0.02490008 -0.2431355 -2.373473 4.390309 1.082569 4.812173  
		<Mesh>: 137 GreenHouse1_Deco_RoofPiece_A
			<Bounds>: -0.02490008 -0.2431355 -2.373473 2.195155 0.5412846 2.406086
			<Positions>: 137 -0.9260337 -0.1070938 0.03052671 -2.154312 -0.5106181 -0.03640355 -0.03431821 0.2981491 0.03052339 0.8585991 -0.1079271 0.008595643 2.170255 -0.6930657 0.03051875 -0.005632011 0.2586917 -4.779456 -0.8973475 -0.1465512 -4.779453 0.8497206 -0.1548794 -4.768711 -2.154312 -0.5546683 -2.287483 2.170255 -0.7371178 -2.22056 -0.03431821 0.254097 -2.220556 -0.9260337 -0.151146 -2.220553 0.8448139 -0.1920412 -2.220559 -0.9010092 -0.1566678 0.03240104 -2.128123 -0.5596141 -0.03455044 -0.03431821 0.2428875 0.03261387 0.8321022 -0.1567686 0.01044146 2.141184 -0.74049 0.03231153 -0.00474724 0.2034167 -4.779559 -0.8709281 -0.195448 -4.778876 0.8238181 -0.2040394 -4.768833 -2.127319 -0.6032294 -2.284799 2.140958 -0.7844201 -2.219416 -0.0338881 0.1988315 -2.218788 -0.9006116 -0.2005196 -2.218299 0.8185087 -0.2409895 -2.21933 2.130305 -0.6948854 -4.694762 2.100669 -0.7420388 -4.698756 -2.159895 -0.5658835 -2.437211 -2.132705 -0.6142043 -2.432152 -2.191383 -0.7351932 -4.701818 -2.220055 -0.6873664 -4.699999 0.8215857 -0.24368 -3.696861 2.145959 -0.6141784 -3.72525 -0.01797003 0.2567155 -3.678865 2.116499 -0.6614348 -3.724617 -0.01727266 0.2014459 -3.67888 -0.9094634 -0.1484919 -3.698676 -2.194192 -0.6351409 -3.727226 -0.8834571 -0.1975887 -3.698098 0.8476577 -0.1946048 -3.69742 -2.166171 -0.6832075 -3.726603 0.8475381 -0.1395805 -3.63529 0.8214602 -0.18858 -3.636602 2.11899 -0.7613117 -3.571276 -0.01796953 0.2011249 -3.678895 2.148469 -0.7140877 -3.569792 1.232398 -0.3333523 -4.746613 1.20538 -0.3819127 -4.747892 1.235629 -0.3661518 -3.705736 1.208545 -0.4146835 -3.705155 -0.9260337 -0.1070938 0.03052671 -0.9010092 -0.1566678 0.03240104 -0.03431821 0.2428875 0.03261387 -0.03431821 0.2981491 0.03052339 -2.154312 -0.5106181 -0.03640355 -2.128123 -0.5596141 -0.03455044 -2.154312 -0.5546683 -2.287483 -2.127319 -0.6032294 -2.284799 -2.128123 -0.5596141 -0.03455044 -2.154312 -0.5106181 -0.03640355 0.8585991 -0.1079271 0.008595643 0.8321022 -0.1567686 0.01044146 2.141184 -0.74049 0.03231153 2.170255 -0.6930657 0.03051875 2.170255 -0.6930657 0.03051875 2.141184 -0.74049 0.03231153 2.140958 -0.7844201 -2.219416 2.170255 -0.7371178 -2.22056 -0.01796953 0.2011249 -3.678895 -0.8709281 -0.195448 -4.778876 -0.9260337 -0.151146 -2.220553 -0.9006116 -0.2005196 -2.218299 -0.9260337 -0.151146 -2.220553 -0.9006116 -0.2005196 -2.218299 -2.127319 -0.6032294 -2.284799 -2.154312 -0.5546683 -2.287483 -2.159895 -0.5658835 -2.437211 -2.194192 -0.6351409 -3.727226 0.8238181 -0.2040394 -4.768833 0.8497206 -0.1548794 -4.768711 -0.005632011 0.2586917 -4.779456 -0.00474724 0.2034167 -4.779559 -0.8709281 -0.195448 -4.778876 -2.191383 -0.7351932 -4.701818 -2.220055 -0.6873664 -4.699999 1.20538 -0.3819127 -4.747892 -0.01727266 0.2014459 -3.67888 -0.9006116 -0.2005196 -2.218299 -0.01727266 0.2014459 -3.67888 -0.8973475 -0.1465512 -4.779453 -2.132705 -0.6142043 -2.432152 -2.159895 -0.5658835 -2.437211 -0.8834571 -0.1975887 -3.698098 -2.132705 -0.6142043 -2.432152 -2.166171 -0.6832075 -3.726603 2.145959 -0.6141784 -3.72525 2.130305 -0.6948854 -4.694762 1.232398 -0.3333523 -4.746613 -2.220055 -0.6873664 -4.699999 -0.8709281 -0.195448 -4.778876 -2.191383 -0.7351932 -4.701818 1.235629 -0.3661518 -3.705736 1.208545 -0.4146835 -3.705155 2.116499 -0.6614348 -3.724617 2.145959 -0.6141784 -3.72525 2.11899 -0.7613117 -3.571276 2.148469 -0.7140877 -3.569792 -0.01727266 0.2014459 -3.67888 0.8215857 -0.24368 -3.696861 0.8476577 -0.1946048 -3.69742 -0.01797003 0.2567155 -3.678865 -0.01727266 0.2014459 -3.67888 -0.01797003 0.2567155 -3.678865 0.8475381 -0.1395805 -3.63529 0.8214602 -0.18858 -3.636602 2.148469 -0.7140877 -3.569792 2.11899 -0.7613117 -3.571276 2.116499 -0.6614348 -3.724617 2.100669 -0.7420388 -4.698756 2.130305 -0.6948854 -4.694762 2.100669 -0.7420388 -4.698756 -0.03431821 0.254097 -2.220556 -0.03431821 0.2981491 0.03052339 -0.03431821 0.2428875 0.03261387 -0.0338881 0.1988315 -2.218788 -0.01797003 0.2567155 -3.678865 -0.03431821 0.2981491 0.03052339 -0.03431821 0.2428875 0.03261387 -0.00474724 0.2034167 -4.779559 -0.01727266 0.2014459 -3.67888 -0.9260337 -0.151146 -2.220553 -2.132705 -0.6142043 -2.432152 -0.005632011 0.2586917 -4.779456 -0.00474724 0.2034167 -4.779559 -0.01727266 0.2014459 -3.67888 -0.005632011 0.2586917 -4.779456  
			<Colors>: 0  
			<TextureCoords0>: 137 0.2114258 0.7128906 0.2114258 0.7768555 0.2114258 0.6430664 0.2114258 0.7128906 0.2114258 0.7768555 0.003417969 0.6430664 0.1386719 0.7148438 0.003417969 0.7128906 0.1164526 0.7768555 0.1164526 0.7768555 0.1164526 0.6430664 0.1164526 0.7128906 0.1164526 0.7128906 0.2114258 0.7128906 0.2114258 0.7768555 0.2114258 0.6430664 0.2114258 0.7128906 0.2114258 0.7768555 0.003417969 0.6430664 0.003417969 0.7128906 0.003417969 0.7128906 0.1164526 0.7768555 0.1164526 0.7768555 0.1164526 0.6430664 0.1164526 0.7128906 0.1164526 0.7128906 0.06884766 0.9291992 0.07519531 0.9296875 0.1099737 0.7768555 0.1100802 0.7768555 0.06884766 0.7675781 0.07519531 0.7670898 0.05094486 0.7128906 0.06923032 0.8616589 0.05203453 0.6430664 0.07519531 0.8617737 0.05200291 0.6430664 0.05115929 0.7128906 0.05118632 0.7768555 0.05112806 0.7128906 0.05093987 0.7128906 0.06884766 0.6960359 0.05369593 0.7128906 0.05361648 0.7128906 0.05724132 0.7768555 0.0520022 0.6431226 0.05732767 0.7768555 0.1386719 0.7467988 0.1435547 0.7467988 0.050813 0.7320052 0.0508194 0.7320052 0.07177734 0.8491211 0.06884766 0.8491211 0.06884766 0.7900391 0.07177734 0.7900391 0.07177734 0.9282227 0.06884766 0.9282227 0.07519531 0.7568359 0.06884766 0.7568359 0.06884766 0.6010742 0.07519531 0.6010742 0.07177734 0.7319336 0.06884766 0.7319336 0.06884766 0.6435547 0.07177734 0.6435547 0.06884766 0.6010742 0.07519531 0.6010742 0.07519531 0.7568359 0.06982422 0.7568359 0.0520022 0.6431226 0.003417969 0.7128906 0.1164526 0.7128906 0.1164526 0.7128906 0.1738281 0.8041992 0.1806641 0.8041992 0.1806641 0.6606445 0.1738281 0.6606445 0.1099737 0.7768555 0.07519531 0.6957197 0.1435547 0.7148438 0.1386719 0.7148438 0.1386719 0.6416016 0.1435547 0.6416016 0.1435547 0.7148438 0.1435547 0.8217773 0.1386719 0.8217773 0.004744749 0.7320052 0.05200291 0.6430664 0.1164526 0.7128906 0.05200291 0.6430664 0.003417969 0.7128906 0.06884766 0.6010742 0.07519531 0.6010742 0.05112806 0.7139459 0.1100802 0.7768555 0.05113366 0.7768555 0.05051532 0.7768555 0.008030128 0.7768555 0.004796221 0.7320052 0.006856009 0.7768555 0.003417969 0.7147166 0.0067245 0.7768555 0.07373047 0.7469952 0.06982422 0.7469952 0.06982422 0.8212891 0.07373047 0.8212891 0.07519531 0.8510833 0.06929167 0.8508291 0.06982422 0.6455078 0.06982422 0.715332 0.07373047 0.715332 0.07373047 0.6455078 0.06982422 0.6455078 0.07373047 0.6455078 0.07373047 0.715332 0.06982422 0.715332 0.07373047 0.8212891 0.06982422 0.8212891 0.05052501 0.7768555 0.00785788 0.7768555 0.1386719 0.8217773 0.1435547 0.8217773 0.1164526 0.6430664 0.2114258 0.6430664 0.2114258 0.6430664 0.1164526 0.6430664 0.05203453 0.6430664 0.07177734 0.7900391 0.06884766 0.7900391 0.003417969 0.6430664 0.05200291 0.6430664 0.1164526 0.7128906 0.1100802 0.7768555 0.1386719 0.6416016 0.1435547 0.6416016 0.05200291 0.6430664 0.003417969 0.6430664  
			<TextureCoords1>: 137 0.5186041 0.8487368 0.510033 0.9869242 0.5199671 0.7441782 0.5175022 0.6394554 0.5199671 0.4858681 0.004558391 0.7382393 0.8481441 0.9327304 0.006460192 0.6365578 0.2692434 0.9859308 0.2792063 0.483759 0.2786903 0.7427552 0.2778145 0.8477436 0.2788898 0.6370286 0.1479906 0.08284169 0.009852544 0.09079283 0.2500905 0.08202261 0.3522117 0.08512545 0.5055639 0.08382887 0.6259177 0.7684946 0.5238734 0.7684946 0.7247194 0.7671119 0.009854357 0.331584 0.5059007 0.3247165 0.2501647 0.3233718 0.1479435 0.3236816 0.3529906 0.3238985 0.9810883 0.7625488 0.9819837 0.7684563 0.5238734 0.5988896 0.5250591 0.6047282 0.5238734 0.6145922 0.5242605 0.6086345 0.7261534 0.6523316 0.8769695 0.7625488 0.1223504 0.7402567 0.8773722 0.7684946 0.6245278 0.6507125 0.1195932 0.8450713 0.1156152 0.9921167 0.6679438 0.333302 0.121202 0.6357547 0.6284131 0.6145878 0.1275123 0.6386173 0.3504723 0.4754475 0.5020771 0.4691785 0.6245278 0.6507125 0.1349104 0.4865591 0.6201493 0.952432 0.6230393 0.9576309 0.120598 0.5903451 0.7714251 0.653194 0.6536199 0.8316547 0.6565205 0.836845 0.7473803 0.790219 0.747129 0.7843066 0.5238734 0.8802073 0.5268956 0.8853306 0.00390625 0.3317693 0.009854357 0.331584 0.009852544 0.09079283 0.00390625 0.09088838 0.844517 0.8235385 0.8419084 0.8288854 0.9845426 0.8853306 0.9874328 0.8801235 0.5240164 0.7724009 0.5238734 0.7783546 0.7648656 0.7804004 0.7649395 0.7744456 0.6615017 0.2315118 0.783437 0.3269939 0.6650832 0.598853 0.6660076 0.6047282 0.5248201 0.589075 0.5238734 0.5949467 0.6622178 0.5949179 0.6633535 0.589075 0.2538435 0.9869388 0.6285427 0.6086351 0.6639471 0.9386309 0.6611826 0.9333665 0.7527812 0.8892369 0.7526785 0.8951516 0.8453097 0.9379593 0.9866964 0.9960938 0.9897844 0.9909841 0.769766 0.7648195 0.2517735 0.4798527 0.509807 0.3418896 0.6615017 0.2315118 0.00390625 0.8430747 0.7671739 0.6145825 0.7668334 0.6086345 0.6679438 0.333302 0.5385815 0.4798527 0.6773269 0.4798101 0.1193726 0.4893422 0.01523975 0.4878056 0.009136764 0.5913798 0.01137533 0.9960938 0.783437 0.3269939 0.7818633 0.4798527 0.6732322 0.630247 0.6724814 0.636147 0.7724948 0.6243669 0.7735325 0.6184984 0.9095527 0.7783566 0.9093449 0.7724009 0.5261504 0.6239574 0.6272268 0.6346313 0.6278554 0.6287177 0.5238734 0.6184984 0.7756978 0.6454213 0.7781817 0.6400533 0.6762142 0.6408789 0.6766226 0.6468062 0.5238734 0.6400533 0.5246921 0.645956 0.8721001 0.6556478 0.8730632 0.760255 0.5238734 0.9910404 0.5270615 0.9960938 0.2786903 0.7427552 0.5199671 0.7441782 0.2500905 0.08202261 0.2501647 0.3233718 0.1223504 0.7402567 0.747129 0.7843066 0.7473803 0.790219 0.6259177 0.7684946 0.6245278 0.6507125 0.6650832 0.598853 0.5250591 0.6047282 0.7527812 0.8892369 0.7526785 0.8951516 0.2517735 0.4798527 0.004558391 0.7382393  
			<Normals>: 137 -0.364035 0.931207 -0.01822006 -0.3111422 0.9501816 -0.01858613 -0.4136547 0.91026 -0.01779258 0.4137202 0.9099951 -0.02728429 0.3939695 0.9187129 -0.02746708 0.4490265 0.893292 0.02011204 -0.02682599 -0.01086468 -0.999581 0.431572 0.9017203 0.02542249 -0.3111422 0.9501816 -0.01858613 0.3929048 0.9195755 -0.002624655 -0.413714 0.9103478 -0.01037642 -0.3690331 0.9292969 -0.01489316 0.4132882 0.9105953 -0.002990862 0.2389978 -0.6540928 0.7176648 -0.3143817 -0.7466908 0.5861886 0.2474483 -0.5369213 0.8065264 -0.2843522 -0.6281262 0.7242938 0.2448227 -0.7557397 0.6073873 -0.4552228 -0.8901504 -0.02011208 0.3933297 -0.9193259 0.01147517 -0.4347096 -0.9002126 -0.02539163 -0.3907715 -0.9203151 0.01782338 0.3026901 -0.9530863 -0.002288945 0.4184818 -0.9081653 0.01043763 0.3713863 -0.928359 0.0148933 -0.4159729 -0.9093723 0.002960335 0.8467651 -0.5311013 0.03033644 0.2901128 -0.9563407 0.03531038 -0.1667233 -0.01599177 0.9858741 -0.1667233 -0.01599177 0.9858741 -0.3040281 -0.9515757 0.04550351 -0.8594753 -0.5087512 0.04974592 -0.4341668 -0.9004703 -0.02554461 0.8467651 -0.5311013 0.03033644 0.4490265 0.893292 0.02011204 0.3451384 -0.9378769 0.03558506 -0.4552228 -0.8901504 -0.02011208 -0.382588 0.9238451 -0.01168883 -0.3516992 0.935891 -0.02038659 0.384849 -0.9229051 0.01171943 0.43109 0.9019472 0.02554495 -0.3352867 -0.9410062 0.04571813 0.4138728 0.9100868 0.02124146 -0.4167677 -0.9087648 -0.02124124 0.2785157 -0.9599726 -0.02969491 0.4183554 -0.9082781 0.003082426 0.3915614 0.9198793 0.02240109 0.05713118 0.003265511 -0.9983613 0.05630834 0.001342855 -0.9984125 0.3671178 0.9301701 0.002838304 -0.366812 -0.9302907 -0.002868819 -0.03762937 0.02029483 0.9990857 0.2389978 -0.6540928 0.7176648 0.2474483 -0.5369213 0.8065264 -0.01568699 0.03402917 0.9992977 -0.6786538 -0.3444389 0.648684 -0.3143817 -0.7466908 0.5861886 -0.8781525 -0.4782931 0.009155687 -0.3907715 -0.9203151 0.01782338 -0.3143817 -0.7466908 0.5861886 -0.6786538 -0.3444389 0.648684 0.01812835 0.03311323 0.9992872 -0.2843522 -0.6281262 0.7242938 0.2448227 -0.7557397 0.6073873 0.6333026 -0.3644595 0.6827131 0.6333026 -0.3644595 0.6827131 0.2448227 -0.7557397 0.6073873 0.3026901 -0.9530863 -0.002288945 0.8503503 -0.5261777 -0.006439505 0.4183554 -0.9082781 0.003082426 0.3933297 -0.9193259 0.01147517 -0.1667233 -0.01599177 0.9858741 -0.1667233 -0.01599177 0.9858741 0.06018292 -0.0180976 -0.9980233 0.06018292 -0.0180976 -0.9980233 0.06018292 -0.0180976 -0.9980233 0.06018292 -0.0180976 -0.9980233 -0.3351054 0.9419574 -0.02050918 -0.8637963 -0.5014066 0.04947227 0.03082435 -0.006683696 -0.9995025 0.0318009 -0.006988873 -0.9994698 0.006775139 -0.002502529 -0.9999739 0.00698876 -0.002441488 -0.9999726 -0.02386618 -0.01016297 -0.9996635 -0.0521877 -0.01690759 -0.9984941 -0.0521877 -0.01690759 -0.9984941 -0.3685447 -0.9296017 -0.003936921 -0.4400284 -0.8977579 -0.02014279 0.3713863 -0.928359 0.0148933 0.4183554 -0.9082781 0.003082426 -0.3910407 0.9203022 -0.01144465 -0.2845593 -0.9576563 0.04382531 -0.8679383 -0.4942295 0.04919711 0.384849 -0.9229051 0.01171943 -0.2845593 -0.9576563 0.04382531 -0.3352867 -0.9410062 0.04571813 0.3197479 0.9471582 -0.02554443 0.3197479 0.9471582 -0.02554443 0.3689398 0.929445 0.003936904 -0.3668741 0.9300491 -0.02029542 0.3933297 -0.9193259 0.01147517 -0.3040281 -0.9515757 0.04550351 0.02142431 0 0.9997705 0.02142431 0 0.9997705 0.02142431 0 0.9997705 0.02142431 0 0.9997705 0.2785157 -0.9599726 -0.02969491 0.8490449 -0.52783 -0.02276734 0.935819 0.005432469 0.352439 0.02142431 0 0.9997705 0.02142431 0 0.9997705 0.8462634 0.005035647 -0.532741 0.935819 0.005432469 0.352439 0.8462634 0.005035647 -0.532741 0.05038664 0.0001831132 -0.9987298 0.05038664 0.000213632 -0.9987298 0.05026488 0 -0.998736 0.05026488 0 -0.998736 0.3451384 -0.9378769 0.03558506 0.2901128 -0.9563407 0.03531038 0.0632351 0.01751783 -0.9978449 0.0632351 0.01751783 -0.9978449 0.4337687 0.901017 -0.00360126 0.432968 0.9010018 -0.02710055 -0.2389036 -0.5291708 0.8141888 -0.4393196 -0.8983238 0.003540192 -0.4137229 0.9103979 -0.002990915 0.03790456 0.02810797 0.9988859 -0.2389036 -0.5291708 0.8141888 0.4182935 -0.9083067 0.00308242 0.4183554 -0.9082781 0.003082426 -0.1667233 -0.01599177 0.9858741 -0.1667233 -0.01599177 0.9858741 0.006775139 -0.002502529 -0.9999739 0.00698876 -0.002441488 -0.9999726 0.4183554 -0.9082781 0.003082426 -0.4137229 0.9103979 -0.002990915  
			<Tangents>: 137 1.084803E-06 0.01956275 0.9998086 2.328559E-06 0.01955763 0.9998087 8.549135E-06 0.01954686 0.999809 0.003391956 0.02842849 0.9995901 0.003737625 0.02828239 0.999593 -0.01160148 -0.01667822 0.9997936 0.4701511 -0.8825808 -0.00302458 0.001890848 -0.02908632 0.9995751 2.495208E-06 0.01955768 0.9998087 0.003697953 0.001274165 0.9999924 -0.001917743 0.01052612 0.9999428 -0.005425297 0.01387005 0.9998891 0.00127702 0.002704903 0.9999955 -0.2376579 0.6772019 0.6963593 0.2187351 0.5439034 0.8101383 -0.3182901 0.7411698 0.5910658 0.2859279 0.6655372 0.689424 -0.1715467 0.5828044 0.7942988 -0.01745184 -0.01366361 0.9997543 -0.01477975 0.006157101 0.9998718 -0.007390267 -0.0246282 0.9996694 -0.0003082667 0.01949381 0.9998099 0.0035249 -0.001282126 0.999993 -0.004753496 0.009302061 0.9999455 -0.002059587 0.01521678 0.9998821 0.001302582 0.002659509 0.9999956 -0.5319561 -0.8450037 0.05469536 -0.9565533 -0.2886647 0.04097017 0.4921474 -0.8677609 0.06915225 0.4921474 -0.8677609 0.06915225 -0.9508889 0.3002019 -0.07542687 -0.5111743 0.8550465 -0.08715712 0.001675484 -0.02916381 0.9995732 -0.5319545 -0.8457587 0.04143307 -0.01726109 -0.01383247 0.9997553 -0.9384932 -0.3444453 0.02424836 -0.009494822 -0.0177338 0.9997976 -0.008165017 0.009270065 0.9999237 0.02369691 0.0306718 0.9992486 -0.01508884 0.006404702 0.9998657 -0.007175037 -0.02488315 0.9996646 -0.9403623 0.3313086 -0.07715847 -0.00362615 -0.02168537 0.9997582 -0.00237437 -0.02227897 0.9997489 0.01868514 -0.02549653 0.9995003 -0.01157034 -0.001935862 0.9999312 0.006915086 -0.02728608 0.9996037 -0.4851441 -0.8738979 -0.03062076 -0.4870197 -0.8729212 -0.02864095 0.003120465 -0.004282918 0.9999859 0.01170234 -0.007697695 0.9999019 -0.4448059 0.8949455 -0.03493247 -0.4003512 0.6069635 0.6865233 0.1630489 0.8436181 0.5115893 0.01167214 0.9993588 -0.03384802 -0.474618 0.8796993 -0.02944214 -0.7516927 0.5729319 0.3266605 -0.4781465 0.8769628 -0.04808538 -0.919761 0.3896205 -0.04728188 -0.7519333 0.5727916 0.3263527 -0.4748704 0.8795516 -0.02978465 0.477194 0.8779868 -0.03775063 0.3824995 0.6184204 0.6864767 0.7733104 0.5300841 0.3478533 0.5234556 0.8514884 -0.03101265 -0.5234153 -0.8515151 0.03096096 -0.7738814 -0.5297082 -0.3471554 -0.9526615 -0.3026254 0.02922243 -0.5259615 -0.850255 0.02075701 -0.01160496 -0.00195181 0.9999307 -0.01502833 0.00605071 0.9998688 0.4921474 -0.8677609 0.06915225 -0.002666541 0.9998721 0.01576789 0.4579115 -0.8879223 0.04371413 0.4572118 -0.8882846 0.04367851 0.484795 -0.8734656 0.04507311 0.4854738 -0.8730868 0.04510717 0.005666738 0.0237824 0.9997011 -0.5038376 0.8592412 -0.08861291 -0.4567097 -0.8895786 -0.008136156 -0.4659561 -0.8847656 -0.008638889 0.003531569 -0.9999906 0.002526498 0.02260851 -0.999741 0.002598932 0.4750679 -0.8799459 -0.002396004 0.5141614 -0.8576045 -0.01235147 0.5150652 -0.8570612 -0.01240791 0.002739125 -0.005320925 0.9999821 -0.01733268 -0.01393575 0.9997526 -0.02555435 0.005814179 0.9996565 -0.01163018 -0.001963426 0.9999304 -0.005632483 0.01004166 0.9999337 -0.9562353 0.2802947 -0.08395807 -0.4966672 0.8632209 -0.09039604 -0.01154658 0.007882278 0.9999022 0.004704993 0.04431957 0.9990063 0.01614416 0.04278122 0.998954 -0.002542512 0.02781735 0.9996098 0.01016628 0.02352869 0.9996715 0.01142755 -0.008771441 0.9998962 0.03382717 0.03513963 0.9988098 -0.004528021 0.01054404 0.9999341 0.02183908 0.04079032 0.998929 0.4882936 0.8726167 -0.01046375 0.4868035 0.8734492 -0.01043182 0.5277175 0.8493447 -0.01130858 0.5289986 0.848547 -0.01133603 -0.9568198 -0.2800144 0.07802468 -0.5268185 -0.8490916 0.0388047 -0.004954217 0.9999852 -0.002258937 0.4691434 0.8830647 -0.01005338 0.4601591 0.8877817 -0.009860853 -0.007721782 0.9999662 -0.002814097 -0.005197997 0.9999852 -0.001611637 -0.007721782 0.9999662 -0.002814097 0.4639629 0.885541 0.02356962 0.470583 0.8820312 0.02392992 0.5277567 0.8489802 0.0265612 0.5293434 0.8479893 0.02664106 0.00234327 0.03877583 0.9992452 0.02751801 0.04521842 0.998598 -0.5304527 -0.8463275 -0.04847351 -0.5323551 -0.8451265 -0.04857298 -0.00424783 0.006041771 0.9999727 0.004098948 0.02809641 0.9995968 0.3215532 0.7480509 0.5805372 -0.003918005 0.005856865 0.9999751 -0.01120451 -0.001806729 0.9999356 0.01208427 0.9995183 -0.02858433 -0.1685756 0.848338 0.5019013 -0.01135753 -0.001837006 0.9999338 -0.01345414 -0.002803634 0.9999056 -0.002666541 0.9998721 0.01576789 -0.002666541 0.9998721 0.01576789 0.003531569 -0.9999906 0.002526498 0.02260851 -0.999741 0.002598932 -0.01135716 -0.001837661 0.9999338 -0.0126725 -0.002473907 0.9999166  
			<BiTangents>: 137 0.9313852 0.3639654 -0.007122536 0.9503633 0.3110827 -0.006087418 0.9104339 0.4135755 -0.00809343 -0.9103978 0.4136431 -0.008674774 -0.9191159 0.3939119 -0.007708595 -0.8934431 0.4491672 -0.002874549 0.8821782 0.4700353 -0.02878415 -0.9020765 0.4313405 0.01425786 0.9503633 0.3110827 -0.006087593 -0.9195718 0.3929115 0.002899921 0.9104049 0.4137102 -0.002608989 0.9294004 0.369073 -7.67974E-05 -0.9105994 0.4132902 4.49443E-05 0.9414875 0.336987 -0.00639944 0.9237528 -0.3829127 0.007665788 0.9151288 0.4029676 -0.01250448 -0.9150897 0.403135 -0.009648146 -0.9542713 -0.2986577 0.01303905 -0.8902065 0.455462 -0.009314776 0.9192787 0.3934489 0.01116564 -0.9005404 0.4347535 0.004053302 0.9204876 -0.3906917 0.00790133 -0.9530825 -0.302696 0.002971447 0.9082127 0.4185085 0.0004242166 0.9284762 0.3713732 -0.003739269 -0.9093761 0.4159749 7.824779E-05 0.003414378 0.06245177 0.9980421 0.02898858 0.04566224 0.9985362 0.854397 0.4967245 0.1525463 0.854397 0.4967245 0.1525463 -0.05811414 0.06620067 0.9961125 -0.001806212 0.1003382 0.9949517 -0.9008309 0.4339387 0.01417068 -0.003652148 0.05122168 0.9986807 -0.8933517 0.4492638 -0.009208045 0.01048487 0.04176538 0.9990724 -0.8903269 0.4553216 -0.0003789877 0.923883 0.3826543 0.003996595 0.9358131 0.3509519 -0.03296497 0.9228562 0.3849742 0.01146072 -0.9022804 0.4311288 0.004255375 -0.05745979 0.06886181 0.9959701 -0.9103275 0.4138498 0.005674873 -0.9090099 0.4167135 0.007127412 -0.96025 -0.2789313 0.01083604 0.9082097 0.4183623 0.01131897 -0.920126 0.3912513 0.01704522 -0.8725659 0.4860985 -0.04834257 -0.871574 0.4878593 -0.04849875 -0.9301692 0.3671038 0.004474899 -0.9302215 0.3667425 0.01371019 0.8948362 0.4457136 0.02464897 0.8846462 0.4513955 0.1168039 0.9550834 -0.004911331 -0.2962963 0.9998088 -0.01113297 0.01607412 0.5605059 0.3278581 0.7604882 0.5797606 0.3379376 0.7414013 -0.01496971 0.04660406 0.9988013 -0.03656987 0.03486966 0.9987226 0.5794485 0.3381754 0.7415369 0.5602921 0.3282543 0.7604749 0.878611 -0.4775382 -0.0001150181 0.8791119 -0.4722431 -0.0644088 0.5848529 -0.3845366 -0.714198 0.5700194 -0.3770104 -0.7300282 -0.5700564 0.3769501 0.7300304 -0.5840971 0.3850542 0.7145374 0.02854419 0.006664751 0.9995703 0.0163971 0.0142638 0.9997638 0.9082093 0.4183623 0.01135709 0.9192747 0.3934506 0.01143601 0.854397 0.4967245 0.1525463 0.9860001 -9.261035E-11 0.1667446 -0.8869583 -0.4596372 -0.04515066 -0.8873192 -0.4589368 -0.04518513 -0.8725548 -0.4865494 -0.04379409 -0.8721773 -0.4872288 -0.043759 0.9421636 0.334889 -0.01330744 -0.001922481 0.1014695 0.9948368 -0.8890817 0.4567333 -0.03047319 -0.8842362 0.4659838 -0.03139285 -0.9999708 -0.003548594 -0.006766237 -0.99972 -0.02262606 -0.006931752 0.8796254 0.4749652 -0.02582905 0.8561043 0.5140318 -0.05344964 0.8555608 0.5149371 -0.05343657 -0.929606 0.3685273 0.004507294 -0.8978166 0.4402687 -0.009428427 0.9281267 0.3716393 0.0215643 0.908209 0.4183622 0.01138485 0.9203562 0.3910792 0.00125689 -0.06811896 0.06579835 0.9955051 -0.002208421 0.1028928 0.99469 0.9229073 0.3849467 0.00762291 0.9586469 -0.2844827 0.008105782 0.9419778 -0.3356741 -0.0008477832 -0.9474992 0.3195582 -0.0113027 -0.9474481 0.3199026 0.002105825 -0.929383 0.3688565 0.01385741 0.9296554 0.3657509 -0.04435275 0.9193863 0.3933558 1.544267E-05 0.9524127 -0.3046963 -0.008380132 -0.8724164 0.4884056 0.01869521 -0.8732487 0.4869153 0.01871304 -0.8491497 0.5278386 0.01819662 -0.8483522 0.52912 0.01817953 0.08321656 -0.006681579 0.9965091 0.03981384 0.02095267 0.9989874 -0.3524461 0.0003678964 0.9358321 -0.8828621 0.4692512 0.01891905 -0.887578 0.4602647 0.01902011 -0.5327088 -0.006495177 -0.8462737 -0.3524426 -0.0003237763 0.9358333 -0.5327088 -0.006495177 -0.8462737 -0.8844205 0.4645611 -0.04453448 -0.8809159 0.471191 -0.04434206 -0.8479071 0.5284247 -0.04267389 -0.8469173 0.5300134 -0.04262407 -0.9385489 -0.3447945 0.01558073 -0.9565967 -0.2887344 0.03943503 -0.8453528 0.5323748 -0.04422522 -0.844156 0.5342793 -0.04411595 -0.9010142 0.4337416 -0.006448099 -0.9014 0.4329045 -0.008471685 -0.916258 0.4004974 -0.00855548 -0.8983223 0.4392948 -0.006092673 0.9103339 0.4137298 0.01094805 0.9992083 -0.01315428 -0.03754664 0.9562988 0.0173463 0.2918763 0.9082409 0.4183008 0.01108453 0.9081838 0.4183574 0.01339302 0.9860001 -9.261035E-11 0.1667446 0.9860001 -9.261035E-11 0.1667446 0.9999708 0.003548594 0.006766237 0.99972 0.02262606 0.006931752 0.9082124 0.4183628 0.01108425 0.9103146 0.4137263 0.01256053  
			<SubMeshes>: 1
				<SubMesh>: 0 294 10 11 0 10 0 2 122 123 3 122 3 12 0 11 8 0 8 1 3 4 9 3 9 12 5 34 40 5 40 7 122 12 42 122 42 34 24 23 15 24 15 13 124 125 25 124 25 16 24 13 14 24 14 21 17 16 25 17 25 22 126 37 11 126 11 10 36 18 20 36 20 32 51 52 53 51 53 54 55 56 52 55 52 51 57 58 59 57 59 60 61 62 63 61 63 64 65 66 67 65 67 68 127 128 62 127 62 61 19 129 130 130 45 19 69 39 70 33 35 27 33 27 26 12 9 46 12 46 42 71 28 29 131 132 72 73 74 75 73 75 76 37 38 77 37 77 11 31 30 41 31 41 78 47 48 79 47 79 80 81 80 79 81 79 82 6 133 134 6 134 83 6 83 84 6 84 85 50 32 20 50 20 86 125 87 43 125 43 25 88 39 69 69 89 88 135 23 24 136 90 37 136 37 126 78 41 91 78 91 92 93 88 94 93 94 95 49 96 97 49 97 98 90 99 38 90 38 37 100 93 95 100 95 101 22 25 43 22 43 44 102 103 104 102 104 105 68 67 106 68 106 107 108 109 110 108 110 111 112 113 114 112 114 115 115 114 116 115 116 117 110 109 103 110 103 102 40 49 98 40 98 7 118 50 86 118 86 119 120 121 48 120 48 47  
		</Mesh>
		<Materials>: 1
			<Material>: 0
				<AlbedoColor>: 1 1 1 1
				<EmissiveColor>: 0 0 0 0
				<Glossiness>: 0
				<Metallic>: 0
				<SpecularHighlight>: 1
				<GlossyReflection>: 1
				<AlbedoMap>: BLD_Cabins1_A
				<MetallicMap>: BLD_Cabins1_MS
				<NormalMap>: BLD_Cabins1_N
				<EmissionMap>: null
				<DetailAlbedoMap>: DET_Concrete1_A
				<DetailNormalMap>: DET_Concrete1_N
		</Materials>
		<Children>: 0
	</Frame>
</Hierarchy>
