<Hierarchy>:
	<Frame>: 0 4 IndBuilding1_Deco_WindowGlass_A
		<Transform>: 0 0 0 0 0 0 1 1 1 0 0 0 1  
		<TransformMatrix>: 1 0 0 0 0 1 0 0 0 0 1 0 0 0 0 1  
		<BoxCollider>: 1 0 0 -1.862645E-09 1.679847 2.915802 0.03207081  
		<Mesh>: 24 IndBuilding1_Deco_WindowGlass_A
			<Bounds>: 0 0 -1.862645E-09 0.8399235 1.457901 0.01603541
			<Positions>: 24 0.8399235 -1.457901 0.0160354 0.8399235 1.457901 0.01603528 0.8399235 -1.457901 -0.01603528 0.8399235 1.457901 -0.01603541 -0.8399235 -1.457901 0.0160354 -0.8399235 1.457901 0.01603528 -0.8399235 -1.457901 -0.01603528 -0.8399235 1.457901 -0.01603541 0.8399235 1.457901 -0.01603541 0.8399235 -1.457901 -0.01603528 -0.8399235 1.457901 -0.01603541 -0.8399235 -1.457901 -0.01603528 -0.8399235 1.457901 0.01603528 -0.8399235 -1.457901 0.0160354 0.8399235 -1.457901 0.0160354 0.8399235 1.457901 0.01603528 0.8399235 -1.457901 0.0160354 -0.8399235 -1.457901 0.0160354 -0.8399235 -1.457901 -0.01603528 0.8399235 -1.457901 -0.01603528 -0.8399235 1.457901 0.01603528 0.8399235 1.457901 0.01603528 0.8399235 1.457901 -0.01603541 -0.8399235 1.457901 -0.01603541  
			<Colors>: 0  
			<TextureCoords0>: 24 0.0078125 0.9570313 0.0078125 -0.609375 0.0078125 0.9570313 0.0078125 -0.609375 0.921875 0.9570313 0.921875 -0.609375 0.921875 0.9570313 0.921875 -0.609375 0.0078125 -0.609375 0.0078125 0.9570313 0.921875 -0.609375 0.921875 0.9570313 0.921875 -0.609375 0.921875 0.9570313 0.0078125 0.9570313 0.0078125 -0.609375 0.0078125 0.9570313 0.921875 0.9570313 0.921875 0.9570313 0.0078125 0.9570313 0.921875 -0.609375 0.0078125 -0.609375 0.0078125 -0.609375 0.921875 -0.609375  
			<TextureCoords1>: 24 0.003906256 0.04693884 0.8131517 0.04693884 0.00390625 0.05583966 0.8131516 0.05583972 0.8131513 0.03413171 0.003906256 0.03413177 0.00390625 0.9960938 0.813152 0.9960938 0.8131521 0.529873 0.003906311 0.529873 0.00390625 0.04303259 0.8131513 0.04303253 0.00390625 0.5259668 0.813152 0.5259668 0.8131521 0.05974597 0.003906311 0.05974597 0.4701273 0.008517563 0.003906255 0.008517563 0.00390625 0.01741838 0.4701273 0.01741838 0.4701273 0.02132463 0.003906255 0.02132463 0.00390625 0.03022546 0.4701273 0.03022546  
			<Normals>: 24 0.7071068 -0.7071068 0 0.7071068 0.7071068 0 0.7071068 -0.7071068 0 0.7071068 0.7071068 0 -0.7071068 -0.7071068 0 -0.7071068 0.7071068 0 0 0 -1 0 0 -1 0 0 -1 0 0 -1 -0.7071068 0.7071068 0 -0.7071068 -0.7071068 0 0 0 1 0 0 1 0 0 1 0 0 1 0.7071068 -0.7071068 0 -0.7071068 -0.7071068 0 -0.7071068 -0.7071068 0 0.7071068 -0.7071068 0 -0.7071068 0.7071068 0 0.7071068 0.7071068 0 0.7071068 0.7071068 0 -0.7071068 0.7071068 0  
			<Tangents>: 24 0 0 1 0 0 1 0 0 1 0 0 1 0 0 1 0 0 1 -1 0 0 -1 0 0 -1 0 0 -1 0 0 0 0 1 0 0 1 -1 0 0 -1 0 0 -1 0 0 -1 0 0 0 0 1 0 0 1 0 0 1 0 0 1 0 0 1 0 0 1 0 0 1 0 0 1  
			<BiTangents>: 24 0.7071068 0.7071068 0 0.7071068 -0.7071068 0 0.7071068 0.7071068 0 0.7071068 -0.7071068 0 0.7071068 -0.7071068 0 0.7071068 0.7071068 0 0 1 0 0 1 0 0 1 0 0 1 0 0.7071068 0.7071068 0 0.7071068 -0.7071068 0 0 1 0 0 1 0 0 1 0 0 1 0 0.7071068 0.7071068 0 0.7071068 -0.7071068 0 0.7071068 -0.7071068 0 0.7071068 0.7071068 0 0.7071068 0.7071068 0 0.7071068 -0.7071068 0 0.7071068 -0.7071068 0 0.7071068 0.7071068 0  
			<SubMeshes>: 1
				<SubMesh>: 0 36 1 0 2 1 2 3 8 9 6 8 6 7 10 11 4 10 4 5 12 13 14 12 14 15 16 17 18 16 18 19 20 21 22 20 22 23  
		</Mesh>
		<Materials>: 1
			<Material>: 0
				<AlbedoColor>: 1 1 1 0.3921569
				<EmissiveColor>: 0 0 0 1
				<Glossiness>: 1
				<Metallic>: 0
				<SpecularHighlight>: 1
				<GlossyReflection>: 1
				<AlbedoMap>: BLD_WindowGlass1_A
				<MetallicMap>: BLD_WindowGlass1_MS
				<NormalMap>: BLD_WindowGlass1_N
				<EmissionMap>: null
				<DetailAlbedoMap>: DET_Concrete1_A
				<DetailNormalMap>: null
		</Materials>
		<Children>: 0
	</Frame>
</Hierarchy>
