<Hierarchy>:
	<Frame>: 0 4 Indbuilding1_Door_A
		<Transform>: 0 0 0 0 0 0 1 1 1 0 0 0 1  
		<TransformMatrix>: 1 0 0 0 0 1 0 0 0 0 1 0 0 0 0 1  
		<BoxCollider>: 1 -0.7966116 1.6 -0.000118345 1.642797 3.2 0.1101913  
		<Mesh>: 148 Indbuilding1_Door_A
			<Bounds>: -0.7966116 1.6 -0.002365109 0.8213983 1.6 0.1067622
			<Positions>: 148 -1.604839 1.42783 0.04169548 -1.281588 1.356744 0.04169548 -1.604839 1.356744 0.04169548 -1.278504 1.42783 0.04169548 -1.281588 1.372947 0.1043971 -1.278504 1.41088 0.1043971 -1.604839 1.372947 0.1043971 -1.604839 1.41088 0.1043971 -1.281588 1.357367 0.08896869 -1.278504 1.42783 0.08896869 -1.604839 1.357489 0.08896869 -1.604839 1.42783 0.08896869 -1.604839 1.42783 -0.0464257 -1.281588 1.356744 -0.0464257 -1.604839 1.356744 -0.0464257 -1.278504 1.42783 -0.0464257 -1.281588 1.372947 -0.1091274 -1.278504 1.41088 -0.1091274 -1.604839 1.372947 -0.1091274 -1.604839 1.41088 -0.1091274 -1.281588 1.357367 -0.0936989 -1.278504 1.42783 -0.0936989 -1.604839 1.357489 -0.0936989 -1.604839 1.42783 -0.0936989 0.000324117 0.1840877 -0.02870342 0.000324117 0.6515818 -0.02870344 -0.02413844 0.1840877 -0.01457995 -0.02413844 0.6515818 -0.01457997 -0.02413844 0.1840877 0.01366697 -0.02413844 0.6515818 0.01366695 0.0003241189 0.1840877 0.02779043 0.0003241189 0.6515818 0.02779041 0.02478668 0.1840877 0.01366697 0.02478668 0.6515818 0.01366695 0.02478668 0.1840877 -0.01457995 0.02478668 0.6515818 -0.01457997 0.000324117 2.626194 -0.02870352 0.000324117 3.093688 -0.02870354 -0.02413844 2.626194 -0.01458006 -0.02413844 3.093688 -0.01458008 -0.02413844 2.626194 0.01366687 -0.02413844 3.093688 0.01366685 0.0003241189 2.626194 0.02779033 0.0003241189 3.093688 0.02779031 0.02478668 2.626194 0.01366687 0.02478668 3.093688 0.01366685 0.02478668 2.626194 -0.01458006 0.02478668 3.093688 -0.01458008 -0.0238582 1.149785E-07 0.04845563 -0.0238582 3.2 0.04845547 -0.0238582 1.106073E-07 -0.05154434 -0.0238582 3.2 -0.05154449 -1.61801 1.149785E-07 0.04845563 -1.61801 3.2 0.04845547 -1.61801 1.106073E-07 -0.05154434 -1.61801 3.2 -0.05154449 -1.278504 1.41088 0.1043971 -1.281588 1.372947 0.1043971 -1.281588 1.357367 0.08896869 -1.281588 1.372947 0.1043971 -1.604839 1.372947 0.1043971 -1.278504 1.42783 0.08896869 -1.604839 1.42783 0.08896869 -1.278504 1.42783 0.08896869 -1.604839 1.42783 0.08896869 -1.604839 1.357489 0.08896869 -1.604839 1.372947 0.1043971 -1.604839 1.41088 0.1043971 -1.281588 1.356744 0.04169548 -1.278504 1.42783 0.04169548 -1.604839 1.42783 0.04169548 -1.604839 1.356744 0.04169548 -1.278504 1.41088 -0.1091274 -1.281588 1.372947 -0.1091274 -1.281588 1.357367 -0.0936989 -1.604839 1.372947 -0.1091274 -1.281588 1.372947 -0.1091274 -1.278504 1.42783 -0.0936989 -1.604839 1.42783 -0.0936989 -1.278504 1.42783 -0.0936989 -1.604839 1.42783 -0.0936989 -1.604839 1.41088 -0.1091274 -1.604839 1.372947 -0.1091274 -1.604839 1.357489 -0.0936989 -1.278504 1.42783 -0.0464257 -1.281588 1.356744 -0.0464257 -1.604839 1.42783 -0.0464257 -1.604839 1.356744 -0.0464257 0.0003241189 0.1840877 0.02779043 0.0003241189 0.6515818 0.02779041 0.000324117 0.6515818 -0.02870344 -0.02413844 0.6515818 -0.01457997 0.02478668 0.6515818 0.01366695 -0.02413844 0.6515818 0.01366695 0.0003241189 0.6515818 0.02779041 0.000324117 0.1840877 -0.02870342 0.000324117 0.6515818 -0.02870344 0.02478668 0.6515818 -0.01457997 0.02478668 0.1840877 0.01366697 0.02478668 0.1840877 -0.01457995 0.02478668 0.6515818 -0.01457997 0.02478668 0.6515818 0.01366695 -0.02413844 0.1840877 -0.01457995 0.000324117 0.1840877 -0.02870342 0.02478668 0.1840877 -0.01457995 -0.02413844 0.1840877 0.01366697 0.02478668 0.1840877 0.01366697 0.0003241189 0.1840877 0.02779043 0.0003241189 2.626194 0.02779033 0.0003241189 3.093688 0.02779031 0.000324117 3.093688 -0.02870354 -0.02413844 3.093688 -0.01458008 0.02478668 3.093688 0.01366685 -0.02413844 3.093688 0.01366685 0.0003241189 3.093688 0.02779031 0.000324117 2.626194 -0.02870352 0.000324117 3.093688 -0.02870354 0.02478668 3.093688 -0.01458008 0.02478668 2.626194 0.01366687 0.02478668 2.626194 -0.01458006 0.02478668 3.093688 -0.01458008 0.02478668 3.093688 0.01366685 -0.02413844 2.626194 -0.01458006 0.000324117 2.626194 -0.02870352 0.02478668 2.626194 -0.01458006 -0.02413844 2.626194 0.01366687 0.02478668 2.626194 0.01366687 0.0003241189 2.626194 0.02779033 -0.0238582 3.2 -0.05154449 -0.0238582 1.106073E-07 -0.05154434 -1.61801 3.2 -0.05154449 -1.61801 1.106073E-07 -0.05154434 -1.61801 3.2 0.04845547 -1.61801 1.149785E-07 0.04845563 -0.0238582 1.149785E-07 0.04845563 -0.0238582 3.2 0.04845547 -0.0238582 1.149785E-07 0.04845563 -1.61801 1.149785E-07 0.04845563 -1.61801 1.106073E-07 -0.05154434 -0.0238582 1.106073E-07 -0.05154434 -1.61801 3.2 0.04845547 -0.0238582 3.2 0.04845547 -0.0238582 3.2 -0.05154449 -1.61801 3.2 -0.05154449 -1.281588 1.357367 0.08896869 -1.604839 1.357489 0.08896869 -1.281588 1.357367 -0.0936989 -1.604839 1.357489 -0.0936989  
			<Colors>: 0  
			<TextureCoords0>: 148 0.6030273 0.6196289 0.5664063 0.6196289 0.6030273 0.6196289 0.5664063 0.6196289 0.5664063 0.6220703 0.5664063 0.6171875 0.6030273 0.6220703 0.6030273 0.6171875 0.644043 0.6171875 0.6352539 0.6171875 0.6030273 0.6240234 0.6030273 0.6157227 0.6030273 0.6196289 0.5664063 0.6196289 0.6030273 0.6196289 0.5664063 0.6196289 0.5664063 0.6220703 0.5664063 0.6171875 0.6030273 0.6220703 0.6030273 0.6171875 0.644043 0.6171875 0.6352539 0.6171875 0.6030273 0.6240234 0.6030273 0.6157227 0.2135454 0.07379717 0.2135454 0.03713471 0.2113302 0.07379717 0.2113302 0.03713471 0.2224063 0.07379717 0.2224063 0.03713471 0.2201911 0.07379717 0.2201911 0.03713471 0.2179759 0.07379717 0.2179759 0.03713471 0.2157606 0.07379717 0.2262489 0.07047433 0.2135454 0.07379717 0.2135454 0.03713471 0.2113302 0.07379717 0.2113302 0.03713471 0.2224063 0.07379717 0.2224063 0.03713471 0.2201911 0.07379717 0.2201911 0.03713471 0.2179759 0.07379717 0.2179759 0.03713471 0.2157606 0.07379717 0.2262489 0.07047433 0.5546875 0.9882813 0.5546875 0.6333008 0.5654297 0.9882813 0.5654297 0.6333008 0.5546875 0.9882813 0.5546875 0.6333008 0.5546875 0.9882813 0.5546875 0.6333008 0.6376953 0.6157227 0.6416016 0.6157227 0.5664063 0.6240234 0.5664063 0.6220703 0.6030273 0.6220703 0.5664063 0.6157227 0.6030273 0.6157227 0.5664063 0.6157227 0.644043 0.6176758 0.6352539 0.6176758 0.6376953 0.6157227 0.6416016 0.6157227 0.644043 0.6230469 0.6352539 0.6230469 0.644043 0.6240234 0.6352539 0.6240234 0.6376953 0.6157227 0.6416016 0.6157227 0.5664063 0.6240234 0.6030273 0.6220703 0.5664063 0.6220703 0.5664063 0.6157227 0.6030273 0.6157227 0.5664063 0.6157227 0.644043 0.6176758 0.6416016 0.6157227 0.6376953 0.6157227 0.6352539 0.6176758 0.6352539 0.6230469 0.644043 0.6230469 0.644043 0.6240234 0.6352539 0.6240234 0.2201911 0.07379717 0.2201911 0.03713471 0.2262489 0.07268953 0.2243305 0.07379717 0.2243305 0.06936675 0.222412 0.07268953 0.222412 0.07047433 0.2135454 0.07379717 0.2135454 0.03713471 0.2157607 0.03713471 0.2179759 0.07379717 0.2157606 0.07379717 0.2157607 0.03713471 0.2179759 0.03713471 0.2262489 0.06603819 0.2262489 0.0682534 0.2243305 0.06936103 0.2243305 0.06493056 0.222412 0.0682534 0.222412 0.06603819 0.2201911 0.07379717 0.2201911 0.03713471 0.2262489 0.07268953 0.2243305 0.07379717 0.2243305 0.06936675 0.222412 0.07268953 0.222412 0.07047433 0.2135454 0.07379717 0.2135454 0.03713471 0.2157607 0.03713471 0.2179759 0.07379717 0.2157606 0.07379717 0.2157607 0.03713471 0.2179759 0.03713471 0.2262489 0.06603819 0.2262489 0.0682534 0.2243305 0.06936103 0.2243305 0.06493056 0.222412 0.0682534 0.222412 0.06603819 0.3779297 0.6333008 0.3779297 0.9882813 0.5654297 0.6333008 0.5654297 0.9882813 0.5546875 0.6333008 0.5546875 0.9882813 0.3779297 0.9882813 0.3779297 0.6333008 0.3779297 0.6328125 0.5654297 0.6328125 0.5654297 0.621582 0.3779297 0.621582 0.5654297 0.6328125 0.3779297 0.6328125 0.3779297 0.621582 0.5654297 0.621582 0.5664063 0.6240234 0.6030273 0.6240234 0.5664063 0.6240234 0.6030273 0.6240234  
			<TextureCoords1>: 148 0.9587221 0.8402292 0.9578905 0.7843536 0.8707227 0.7843307 0.8707227 0.8402292 0.9578906 0.8808608 0.9587221 0.8706319 0.8707228 0.8808607 0.8707228 0.8706319 0.9619625 0.7716058 0.9809816 0.7715976 0.870726 0.7715814 0.9587221 0.8274816 0.9587221 0.8108276 0.9578906 0.7882599 0.8707227 0.7882828 0.8707227 0.8108276 0.8715542 0.860545 0.8707227 0.8503162 0.9587221 0.860545 0.9587221 0.8503162 0.9619625 0.8027479 0.9809816 0.8027561 0.8707261 0.8010321 0.9587221 0.8235753 0.8707227 0.8962903 0.9967868 0.8962903 0.8707228 0.9039074 0.9967869 0.9039074 0.9967869 0.8923841 0.8707228 0.8923841 0.9967868 0.8847671 0.8707227 0.8847671 0.9967869 0.9078137 0.8707228 0.9078137 0.8707228 0.9193369 0.9855772 0.8473519 0.8707227 0.9539068 0.9967869 0.9539068 0.8707228 0.9615239 0.996787 0.9615239 0.996787 0.9500006 0.8707228 0.9500006 0.9967869 0.9423835 0.8707227 0.9423835 0.996787 0.9654301 0.8707228 0.9654301 0.8707228 0.9769534 0.9664369 0.8473519 0.003906264 0.1015599 0.8668161 0.1015599 0.00390625 0.1285259 0.8668161 0.1285259 0.8668157 0.07068771 0.003906263 0.07068777 0.00390625 0.9960938 0.8668163 0.9960938 0.9764135 0.7674344 0.9661509 0.7674323 0.9578939 0.7716048 0.9578938 0.7656921 0.870726 0.7656921 0.8707227 0.8274816 0.8707227 0.8644512 0.9587221 0.8644512 0.8707227 0.7490382 0.8896907 0.7490382 0.8855223 0.7448777 0.8752935 0.7448777 0.9618002 0.7843536 0.9809871 0.7843453 0.8707227 0.7617858 0.8898917 0.7617858 0.9764135 0.8069194 0.9661509 0.8069214 0.957894 0.8010086 0.8707261 0.8069214 0.957894 0.8069214 0.8707228 0.8235753 0.9587221 0.8441355 0.8707227 0.8441355 0.8707227 0.736811 0.8752934 0.7409714 0.8855223 0.7409714 0.8896907 0.736811 0.9809872 0.7900085 0.9618002 0.7900002 0.8707227 0.7240634 0.8898917 0.7240634 0.9967869 0.9154307 0.8707227 0.9154307 0.9817687 0.8539484 0.9855772 0.860545 0.9931943 0.8473519 0.9931943 0.860545 0.9970028 0.8539484 0.8707227 0.926954 0.9967869 0.926954 0.9967869 0.9193369 0.8707228 0.9308602 0.8707227 0.9384773 0.9967869 0.9384773 0.9967869 0.9308602 0.9931943 0.8808607 0.9970028 0.8742642 0.9931943 0.8676677 0.9855772 0.8808608 0.9855772 0.8676677 0.9817687 0.8742642 0.996787 0.9730471 0.8707227 0.9730471 0.9626284 0.8539484 0.9664369 0.860545 0.9740539 0.8473519 0.9740539 0.860545 0.9778624 0.8539484 0.8707227 0.9845704 0.996787 0.9845704 0.996787 0.9769534 0.8707228 0.9884767 0.8707227 0.9960938 0.996787 0.9960938 0.996787 0.9884767 0.9740539 0.8808607 0.9778625 0.8742642 0.9740539 0.8676677 0.9664369 0.8808608 0.9664369 0.8676677 0.9626284 0.8742642 0.8668165 0.5662161 0.003906399 0.5662161 0.00390625 0.09765369 0.8668157 0.09765363 0.00390625 0.5623098 0.8668163 0.5623098 0.8668165 0.1324321 0.003906399 0.1324321 0.4337842 0.008943319 0.003906257 0.008943379 0.00390625 0.0359093 0.4337842 0.03590924 0.4337842 0.03981555 0.003906259 0.03981555 0.00390625 0.06678146 0.4337842 0.06678146 0.9578939 0.7716048 0.870726 0.7715814 0.957894 0.8010086 0.8707261 0.8010321  
			<Normals>: 148 0 1 0 -0.0001831142 -0.9998953 0.01446602 -0.0001831142 -0.9998953 0.01446602 0 1 0 -6.103794E-05 -0.3716906 0.9283566 0 0.370417 0.9288656 -6.103792E-05 -0.3813039 0.9244498 0 0.3608905 0.9326082 0.9988527 -0.04788414 -0.0006408967 0.9988586 -0.04776234 -0.0006103814 -0.0001525935 -0.920505 0.3907309 0 0.9146478 0.4042518 0 1 0 -0.0001831142 -0.9998953 -0.01446602 -0.0001831142 -0.9998953 -0.01446602 0 1 0 -6.103794E-05 -0.3716906 -0.9283566 0 0.370417 -0.9288656 -6.103792E-05 -0.3813039 -0.9244498 0 0.3608905 -0.9326082 0.9988527 -0.04788414 0.0006408967 0.9988586 -0.04776234 0.0006103814 -0.0001525935 -0.920505 -0.3907309 0 0.9146478 -0.4042518 0 0 -1 0 0 -1 -0.4999893 0 -0.8660316 -0.4999893 0 -0.8660316 -0.4999893 0 0.8660316 -0.4999893 0 0.8660316 0 0 1 0 0 1 0.8660316 0 0.4999893 0.8660316 0 0.4999893 0.8660316 0 -0.4999893 0 1 0 0 0 -1 0 0 -1 -0.4999893 0 -0.8660316 -0.4999893 0 -0.8660316 -0.4999893 0 0.8660316 -0.4999893 0 0.8660316 0 0 1 0 0 1 0.8660316 0 0.4999893 0.8660316 0 0.4999893 0.8660316 0 -0.4999893 0 1 0 1 0 0 1 0 0 1 0 0 1 0 0 -1 0 0 -1 0 0 0 0 -1 0 0 -1 0.9983827 -0.05679669 -0.002502595 0.9983827 -0.05679669 -0.002502595 -0.0001525971 -0.9205269 0.3906792 -6.103794E-05 -0.3716906 0.9283566 -6.103792E-05 -0.3813039 0.9244498 0 0.9146478 0.4042518 0 0.9146478 0.4042518 0 0.9146478 0.4042518 -1 0 0 -1 0 0 -1 0 0 -1 0 0 0.9990525 -0.04352066 0.0002746746 0.9990525 -0.04352066 0.0002746746 -1 0 0 -1 0 0 0.9983827 -0.05679669 0.002502595 0.9983827 -0.05679669 0.002502595 -0.0001525971 -0.9205269 -0.3906792 -6.103792E-05 -0.3813039 -0.9244498 -6.103794E-05 -0.3716906 -0.9283566 0 0.9146478 -0.4042518 0 0.9146478 -0.4042518 0 0.9146478 -0.4042518 -1 0 0 -1 0 0 -1 0 0 -1 0 0 0.9990525 -0.04352066 -0.0002746746 0.9990525 -0.04352066 -0.0002746746 -1 0 0 -1 0 0 0 0 1 0 0 1 0 1 0 0 1 0 0 1 0 0 1 0 0 1 0 0 0 -1 0 0 -1 0.8660316 0 -0.4999893 0.8660316 0 0.4999893 0.8660316 0 -0.4999893 0.8660316 0 -0.4999893 0.8660316 0 0.4999893 0 -1 0 0 -1 0 0 -1 0 0 -1 0 0 -1 0 0 -1 0 0 0 1 0 0 1 0 1 0 0 1 0 0 1 0 0 1 0 0 1 0 0 0 -1 0 0 -1 0.8660316 0 -0.4999893 0.8660316 0 0.4999893 0.8660316 0 -0.4999893 0.8660316 0 -0.4999893 0.8660316 0 0.4999893 0 -1 0 0 -1 0 0 -1 0 0 -1 0 0 -1 0 0 -1 0 0 0 -1 0 0 -1 -1 0 0 -1 0 0 0 0 1 0 0 1 0 0 1 0 0 1 0 -1 0 0 -1 0 0 -1 0 0 -1 0 0 1 0 0 1 0 0 1 0 0 1 0 -0.0001525971 -0.9205269 0.3906792 -0.0001525935 -0.920505 0.3907309 -0.0001525971 -0.9205269 -0.3906792 -0.0001525935 -0.920505 -0.3907309  
			<Tangents>: 148 -1 0 0 -1 0.000183167 2.322831E-06 -1 0.0001830951 -2.648935E-06 -1 0 0 -1 2.268723E-05 -5.666498E-05 -1 0 0 -1 2.3274E-05 -5.64265E-05 -1 0 0 -0.04788414 -0.9988529 1.890532E-06 -0.04776235 -0.9988587 2.60202E-06 -1 0.0001619575 -8.98528E-06 -1 0 0 -1 0 0 -1 0.000183167 -2.322831E-06 -1 0.0001830951 2.648935E-06 -1 0 0 -1 2.268723E-05 5.666498E-05 -1 0 0 -1 2.3274E-05 5.64265E-05 -1 0 0 -0.04788414 -0.9988529 -1.890532E-06 -0.04776235 -0.9988587 -2.60202E-06 -1 0.0001619575 8.98528E-06 -1 0 0 1 0 0 1 0 0 0.8660316 0 -0.4999893 0.8660316 0 -0.4999893 -0.8660316 0 -0.4999893 -0.8660316 0 -0.4999893 -1 0 0 -1 0 0 -0.4999893 0 0.8660316 -0.4999893 0 0.8660316 0.4999893 0 0.8660316 0.4999866 0 -0.8660331 1 0 0 1 0 0 0.8660316 0 -0.4999893 0.8660316 0 -0.4999893 -0.8660316 0 -0.4999893 -0.8660316 0 -0.4999893 -1 0 0 -1 0 0 -0.4999893 0 0.8660316 -0.4999893 0 0.8660316 0.4999893 0 0.8660316 0.4999866 0 -0.8660331 0 0 -1 0 0 -1 0 0 -1 0 0 -1 0 0 -1 0 0 -1 -1 0 0 -1 0 0 -0.0567968 -0.9983858 2.756977E-05 -0.05679702 -0.9983857 -6.078091E-05 -1 0.000181256 3.648498E-05 -1 2.268723E-05 -5.666498E-05 -0.9999999 0.000332991 7.132118E-05 -1 0 0 -1 0 0 -1 0 0 0 1 0 0 1 0 0 1 0 0 1 0 -0.04352066 -0.9990525 1.475151E-08 -0.04352066 -0.9990525 -5.080505E-08 0 1 0 0 1 0 -0.0567968 -0.9983858 -2.756977E-05 -0.05679702 -0.9983857 6.078091E-05 -1 0.000181256 -3.648498E-05 -0.9999999 0.000332991 -7.132118E-05 -1 2.268723E-05 5.666498E-05 -1 0 0 -1 0 0 -1 0 0 0 1 0 0 1 0 0 1 0 0 1 0 -0.04352066 -0.9990525 5.080505E-08 -0.04352066 -0.9990525 -1.475151E-08 0 1 0 0 1 0 -1 0 0 -1 0 0 0.4999866 0 -0.8660331 0.5000019 0 -0.8660243 0.4999981 0 -0.8660265 0.5000134 0 -0.8660176 0.5000135 0 -0.8660176 1 0 0 1 0 0 0.4999893 0 0.8660316 -0.4999893 0 0.8660316 0.4999893 0 0.8660316 0.4999893 0 0.8660316 -0.4999893 0 0.8660316 -0.500004 0 -0.8660231 -0.4999866 0 -0.8660331 -0.5000039 0 -0.8660231 -0.5000039 0 -0.8660231 -0.5000039 0 -0.8660232 -0.4999866 0 -0.8660331 -1 0 0 -1 0 0 0.4999865 0 -0.8660332 0.5000019 0 -0.8660243 0.4999981 0 -0.8660265 0.5000134 0 -0.8660176 0.5000135 0 -0.8660176 1 0 0 1 0 0 0.4999893 0 0.8660316 -0.4999893 0 0.8660316 0.4999893 0 0.8660316 0.4999893 0 0.8660316 -0.4999893 0 0.8660316 -0.5000039 0 -0.8660231 -0.4999866 0 -0.8660331 -0.5000039 0 -0.8660232 -0.5000039 0 -0.8660231 -0.5000038 0 -0.8660232 -0.4999866 0 -0.8660331 -1 0 0 -1 0 0 0 0 -1 0 0 -1 -1 0 0 -1 0 0 -1 0 0 -1 0 0 -1 0 0 -1 0 0 -1 0 0 -1 0 0 -1 0 0 -1 0 0 -1 0 0 -1 0 0 -1 0.000181256 3.648498E-05 -1 0.0001619575 -8.98528E-06 -1 0.000181256 -3.648498E-05 -1 0.0001619575 8.98528E-06  
			<BiTangents>: 148 0 0 1 -4.972286E-06 -0.01446602 -0.9998954 -7.531475E-14 -0.01446603 -0.9998954 0 0 1 -5.622386E-13 0.9283566 0.3716906 0 0.9288656 -0.370417 1.23026E-13 0.9244498 0.3813039 0 0.9326081 -0.3608905 0.000640252 -2.880042E-05 0.9999998 0.000609809 -2.655419E-05 0.9999998 -5.501079E-05 -0.3907309 -0.920505 0 -0.4042518 0.9146478 0 0 -1 -4.972286E-06 -0.01446602 0.9998954 -7.531475E-14 -0.01446603 0.9998954 0 0 -1 -5.622386E-13 0.9283566 -0.3716906 0 0.9288656 0.370417 1.23026E-13 0.9244498 -0.3813039 0 0.9326081 0.3608905 0.000640252 -2.880042E-05 -0.9999998 0.000609809 -2.655419E-05 -0.9999998 -5.501079E-05 -0.3907309 0.920505 0 -0.4042518 -0.9146478 0 1 0 0 1 0 0 1 0 0 1 0 0 1 0 0 1 0 0 1 0 0 1 0 0 1 0 0 1 0 0 1 0 0.8660331 0 0.4999866 0 1 0 0 1 0 0 1 0 0 1 0 0 1 0 0 1 0 0 1 0 0 1 0 0 1 0 0 1 0 0 1 0 0.8660331 0 0.4999866 0 1 0 0 1 0 0 1 0 0 1 0 0 1 0 0 1 0 0 1 0 0 1 0 0.002500121 -0.0001146142 0.9999968 0.002495103 -0.0002028225 0.9999969 -0.0001043984 -0.3906792 -0.9205269 -5.622386E-13 0.9283566 0.3716906 0.0003350285 0.9244497 0.3813039 0 -0.4042518 0.9146478 0 0.4042518 -0.9146478 0 0.4042518 -0.9146478 0 0 1 0 0 1 0 0 1 0 0 1 -0.0002744137 1.196876E-05 0.9999999 -0.0002744166 1.190326E-05 0.9999999 0 0 1 0 0 1 0.002500121 -0.0001146142 -0.9999968 0.002495103 -0.0002028225 -0.9999969 -0.0001043984 -0.3906792 0.9205269 0.0003350285 0.9244497 -0.3813039 -5.622386E-13 0.9283566 -0.3716906 0 -0.4042518 -0.9146478 0 0.4042518 0.9146478 0 0.4042518 0.9146478 0 0 -1 0 0 -1 0 0 -1 0 0 -1 -0.0002744166 1.190326E-05 -0.9999999 -0.0002744137 1.196876E-05 -0.9999999 0 0 -1 0 0 -1 0 1 0 0 1 0 0.8660331 0 0.4999866 0.8660243 0 0.5000019 0.8660265 0 0.4999981 0.8660176 0 0.5000134 0.8660176 0 0.5000135 0 1 0 0 1 0 0 1 0 0 1 0 0 1 0 0 1 0 0 1 0 -0.8660231 0 0.500004 -0.8660331 0 0.4999866 -0.8660231 0 0.5000039 -0.8660231 0 0.5000039 -0.8660232 0 0.5000039 -0.8660331 0 0.4999866 0 1 0 0 1 0 0.8660332 0 0.4999865 0.8660243 0 0.5000019 0.8660265 0 0.4999981 0.8660176 0 0.5000134 0.8660176 0 0.5000135 0 1 0 0 1 0 0 1 0 0 1 0 0 1 0 0 1 0 0 1 0 -0.8660231 0 0.5000039 -0.8660331 0 0.4999866 -0.8660232 0 0.5000039 -0.8660231 0 0.5000039 -0.8660232 0 0.5000038 -0.8660331 0 0.4999866 0 1 0 0 1 0 0 1 0 0 1 0 0 1 0 0 1 0 0 1 0 0 1 0 0 0 -1 0 0 -1 0 0 -1 0 0 -1 0 0 -1 0 0 -1 0 0 -1 0 0 -1 0.0001043984 0.3906792 0.9205269 5.501079E-05 0.3907309 0.920505 0.0001043984 0.3906792 -0.9205269 5.501079E-05 0.3907309 -0.920505  
			<SubMeshes>: 1
				<SubMesh>: 0 252 5 7 6 5 6 4 56 57 8 56 8 9 1 58 10 1 10 2 144 59 60 144 60 145 11 61 3 11 3 0 62 7 5 62 5 63 64 65 66 64 66 67 9 8 68 9 68 69 70 71 65 70 65 64 17 16 18 17 18 19 72 21 20 72 20 73 13 14 22 13 22 74 146 147 75 146 75 76 23 12 15 23 15 77 78 79 17 78 17 19 80 81 82 80 82 83 21 84 85 21 85 20 86 80 83 86 83 87 24 26 27 24 27 25 28 30 31 28 31 29 88 32 33 88 33 89 35 90 91 91 92 35 91 93 92 93 94 92 34 95 96 34 96 97 98 99 100 98 100 101 102 103 104 104 105 102 104 106 105 106 107 105 36 38 39 36 39 37 40 42 43 40 43 41 108 44 45 108 45 109 47 110 111 111 112 47 111 113 112 113 114 112 46 115 116 46 116 117 118 119 120 118 120 121 122 123 124 124 125 122 124 126 125 126 127 125 49 48 50 49 50 51 128 129 54 128 54 55 130 131 52 130 52 53 132 133 134 132 134 135 136 137 138 136 138 139 140 141 142 140 142 143  
		</Mesh>
		<Materials>: 1
			<Material>: 0
				<AlbedoColor>: 1 1 1 1
				<EmissiveColor>: 0 0 0 0
				<Glossiness>: 0.267
				<Metallic>: 0
				<SpecularHighlight>: 1
				<GlossyReflection>: 1
				<AlbedoMap>: BLD_Doors1_A
				<MetallicMap>: BLD_Doors1_MS
				<NormalMap>: BLD_Doors1_N
				<EmissionMap>: null
				<DetailAlbedoMap>: DET_Concrete1_A
				<DetailNormalMap>: null
		</Materials>
		<Children>: 0
	</Frame>
</Hierarchy>
