<Hierarchy>:
	<Frame>: 0 5 IndBuilding1_Base_Cor_A
		<Transform>: 0 0 0 0 0 0 1 1 1 0 0 0 1  
		<TransformMatrix>: 1 0 0 0 0 1 0 0 0 0 1 0 0 0 0 1  
		<Mesh>: 82 IndBuilding1_Base_Cor_A
			<Bounds>: 1.67544 0.4999999 -1.325 1.675444 0.5000001 1.675
			<Positions>: 82 3.349992 0.8499999 -3 2.799992 0.7999999 -3 2.799992 0.9999999 -3 3.254992 0.9999999 -3 3.254992 0.7999999 -3 2.799992 -1.074907E-07 -3 3.254992 -1.273794E-07 -3 3.335778 0.9999999 -3 3.349992 0.9857858 -3 -3.755093E-06 0.85 0.35 -3.755093E-06 0.8 -0.2 -3.755093E-06 1 -0.2 -3.755093E-06 1 0.255 -3.755093E-06 0.8 0.255 -3.755093E-06 1.490116E-08 -0.2 -3.755093E-06 1.490116E-08 0.255 -3.755093E-06 1 0.3357859 -3.755093E-06 0.985786 0.35 2.80088 1 -0.2 3.350883 0.985786 0.35 3.350883 0.85 0.35 3.255882 0.8 0.255 2.80088 0.8 -0.2 2.80088 1.490116E-08 -0.2 3.255882 1.490116E-08 0.255 3.255882 1 0.255 3.33667 1 0.3357859 2.80088 1 -0.2 -3.755093E-06 1 -0.2 -3.755093E-06 1 -0.2 -3.755093E-06 0.8 -0.2 -3.755093E-06 1 0.255 -3.755093E-06 1 0.3357859 -3.755093E-06 1.490116E-08 -0.2 -3.755093E-06 1 0.3357859 -3.755093E-06 0.985786 0.35 3.33667 1 0.3357859 -3.755093E-06 0.85 0.35 -3.755093E-06 1.490116E-08 0.255 -3.755093E-06 1.490116E-08 -0.2 2.80088 1.490116E-08 -0.2 3.350883 0.85 0.35 -3.755093E-06 0.85 0.35 -3.755093E-06 0.8 0.255 -3.755093E-06 0.8 0.255 -3.755093E-06 1.490116E-08 0.255 3.255882 1.490116E-08 0.255 3.255882 0.8 0.255 2.80088 1 -0.2 2.799992 0.9999999 -3 2.799992 0.7999999 -3 2.80088 0.8 -0.2 3.335778 0.9999999 -3 3.254992 0.9999999 -3 3.255882 1 0.255 3.33667 1 0.3357859 2.799992 0.9999999 -3 2.80088 1 -0.2 2.799992 -1.074907E-07 -3 2.80088 1.490116E-08 -0.2 3.335778 0.9999999 -3 3.33667 1 0.3357859 3.350883 0.985786 0.35 3.349992 0.9857858 -3 3.350883 0.85 0.35 3.349992 0.8499999 -3 3.255882 1.490116E-08 0.255 2.80088 1.490116E-08 -0.2 2.799992 -1.074907E-07 -3 3.254992 -1.273794E-07 -3 3.350883 0.85 0.35 3.255882 0.8 0.255 3.254992 0.7999999 -3 3.349992 0.8499999 -3 3.254992 0.7999999 -3 3.255882 0.8 0.255 3.255882 1.490116E-08 0.255 3.254992 -1.273794E-07 -3 -3.755093E-06 0.985786 0.35 3.350883 0.985786 0.35 3.349992 0.9857858 -3 3.350883 0.985786 0.35  
			<Colors>: 0  
			<TextureCoords0>: 82 0.2998047 0.2939453 0.2954102 0.3374023 0.3115234 0.3374023 0.3115234 0.3017578 0.2954102 0.3017578 0.2324219 0.3374023 0.2324219 0.3017578 0.3115234 0.2951142 0.3104129 0.2939454 0.2998047 0.2939453 0.6000977 0.699707 0.6000977 0.6870117 0.6000977 0.6806641 0.2954102 0.3017578 0.2324219 0.3374023 0.2324219 0.3017578 0.6000977 0.6855469 0.3104129 0.2939454 0.4331055 0.6870117 0.4003906 0.6879883 0.4003906 0.6967773 0.40625 0.699707 0.4331055 0.699707 0.4331055 0.7539063 0.2063835 0.6870117 0.40625 0.6806641 0.4013672 0.6855469 0.4331055 0.6533203 0.6000977 0.6533203 0.3115234 0.3374023 0.2954102 0.3374023 0.3115234 0.3017578 0.3115234 0.2951142 0.6000977 0.7539063 0.6000977 0.6855469 0.6000977 0.6879883 0.4013672 0.6855469 0.6000977 0.6967773 0.3999023 0.6870117 0.3999023 0.6533203 0.2334273 0.6533203 0.4003906 0.6967773 0.6000977 0.6967773 0.6000977 0.699707 0.6000977 0.699707 0.6000977 0.7539063 0.40625 0.7539063 0.40625 0.699707 0.03320313 0.6870117 0.2001953 0.6870117 0.2001953 0.699707 0.03320313 0.699707 0.2001953 0.6855469 0.2001953 0.6806641 0.005859375 0.6806641 0.0009765625 0.6855469 0.2001953 0.6533203 0.03320313 0.6533203 0.2001953 0.7539063 0.03320313 0.7539063 0.2001953 0.6855469 0.0009765625 0.6855469 0.0004882813 0.6879883 0.2001953 0.6879883 0.0004882813 0.6967773 0.2001953 0.6967773 0.005859375 0.6870117 0.03320313 0.6533203 0.199707 0.6533203 0.199707 0.6870117 0.0004882813 0.6967773 0.005859375 0.699707 0.2001953 0.699707 0.2001953 0.6967773 0.2001953 0.699707 0.005859375 0.699707 0.005859375 0.7539063 0.2001953 0.7539063 0.6000977 0.6879883 0.4003906 0.6879883 0.2001953 0.6879883 0.0004882813 0.6879883  
			<TextureCoords1>: 82 0.9409179 0.5402937 0.9346755 0.6089609 0.9596453 0.6089609 0.9596453 0.5521544 0.9346755 0.5521544 0.834796 0.6089609 0.834796 0.5521544 0.9596453 0.5420684 0.9578707 0.5402937 0.8535234 0.6128671 0.9839506 0.8962142 0.9839504 0.8712443 0.4204881 0.2751497 0.8597659 0.6247278 0.9596454 0.6815343 0.9596455 0.6247278 0.4204881 0.2650636 0.8365706 0.6128672 0.6342619 0.8712443 0.4222624 0.6879503 0.4222625 0.7049031 0.3172074 0.726707 0.6342621 0.8962142 0.6342624 0.9960938 0.8308897 0.2751495 0.01399279 0.2751496 0.00390625 0.2650635 0.07079948 0.3319561 0.4204881 0.3319561 0.834796 0.6815343 0.8597658 0.6815343 0.834796 0.6247278 0.834796 0.6146418 0.9839509 0.9960938 0.00390656 0.6854405 0.00390625 0.6879503 0.4204878 0.6854405 0.00390641 0.7049031 0.4243943 0.2751496 0.4243943 0.331956 0.774083 0.331956 0.3172075 0.7088093 0.00390625 0.9860563 0.01278859 0.9960938 0.00390625 0.1612777 0.003906576 0.2611573 0.4104017 0.2611573 0.4104014 0.1612777 0.9838402 0.7424887 0.6342619 0.7424887 0.6342619 0.7674586 0.9838402 0.7674586 0.004018257 0.6815343 0.01410433 0.6815342 0.01399279 0.2751496 0.00390625 0.2650635 0.07091075 0.6815339 0.07079948 0.3319561 0.6342619 0.8673381 0.9838402 0.8673381 0.8444148 0.6854405 0.4279439 0.6854409 0.4261688 0.6879503 0.8444143 0.6879503 0.4261688 0.704903 0.8444143 0.7049031 0.8308897 0.2751495 0.774083 0.331956 0.7739722 0.6815343 0.8307786 0.6815343 0.3172075 0.7088093 0.3172074 0.726707 0.6214731 0.9960938 0.6303557 0.9860566 0.4102912 0.05749196 0.00390625 0.05749202 0.00390625 0.1573715 0.4102912 0.1573714 0.00390625 0.6879503 0.4222624 0.6879503 0.8444143 0.6879503 0.4261688 0.6879503  
			<Normals>: 82 0 0 -1 0 0 -1 0 0 -1 0 0 -1 0 0 -1 0 0 -1 0 0 -1 0 0 -1 0 0 -1 -1 0 0 0 0 -1 0 0 -1 0 1 0 -1 0 0 -1 0 0 -1 0 0 0 1 0 -1 0 0 0 0 -1 0 0.7071068 0.7071068 0 0 1 0 -0.8849189 0.4657452 0 0 -1 0 0 -1 0 -1 0 0 1 0 0 1 0 0 1 0 0 1 0 -1 0 0 -1 0 0 -1 0 0 -1 0 0 0 0 -1 0 0.7071068 0.7071068 0 0.7071068 0.7071068 0 0.7071068 0.7071068 0 0 1 0 -1 0 0 -1 0 0 -1 0 0 -0.8849189 0.4657452 0 -0.8849189 0.4657452 0 -0.8849189 0.4657452 0 0 1 0 0 1 0 0 1 0 0 1 -1 0 0.0003051944 -1 0 0.0003051944 -1 0 0.0003051851 -1 0 0.0003051944 0 1 0 0 1 0 0 1 0 0 1 0 0 1 0 0 1 0 -1 0 0.0003051851 -1 0 0.0003051944 0.7071525 0.707061 -0.0001831132 0.7071525 0.707061 -0.0001831132 0.7071525 0.707061 -0.0001831132 0.7071525 0.707061 -0.0001831132 1 0 -0.0002441481 1 0 -0.0002441555 0 -1 0 0 -1 0 0 -1 0 0 -1 0 0.4657816 -0.8848997 -0.0001220762 0.4657816 -0.8848997 -0.0001220762 0.4657816 -0.8848997 -0.0001220762 0.4657816 -0.8848997 -0.0001220762 1 0 -0.0002441555 1 0 -0.0002441481 1 0 -0.0002441555 1 0 -0.0002441481 0 0 1 0 0 1 1 0 -0.0002441481 1 0 -0.0002441555  
			<Tangents>: 82 -1.367466E-07 1 0 0 1 0 0 1 0 -7.547485E-08 1 0 0 1 0 0 1 0 0 1 0 -6.194796E-07 1 0 5.338109E-06 1 0 0 1 1.065285E-06 -1 0 0 -1 0 0 -1 0 0 0 1 -3.881576E-09 0 1 1.862645E-08 0 1 1.249441E-08 -1 0 0 0 1 3.186544E-06 -1 0 0 -1 0 0 -1 0 0 -1 0 0 -1 0 0 -1 0 0 -1 0 0 -1 0 0 -1 0 0 -1 0 0 -1 0 0 0 1 -5.486244E-08 0 1 -1.029418E-08 0 1 2.979023E-07 0 1 -6.20518E-05 -1 0 0 -1 0 0 -1 0 0 -1 0 0 -1 0 0 -1 0 0 -1 0 0 -1 0 0 -1 0 0 -1 0 0 -1 0 0 -1 0 0 -1 0 0 -1 0 0 -1 0 0 -0.0003051944 -4.257474E-08 -0.9999999 -0.0003051944 -4.257474E-08 -0.9999999 -0.0003051851 -4.257474E-08 -0.9999999 -0.0003051944 -4.257474E-08 -0.9999999 -0.0002732595 0 -0.9999999 -0.0003054775 0 -0.9999999 -0.000271235 0 -0.9999999 -0.000267309 0 -0.9999999 -0.0003171818 0 -0.9999999 -0.0002759568 0 -0.9999999 -0.0003051851 -4.257474E-08 -0.9999999 -0.0003051944 -4.257474E-08 -0.9999999 -0.0002624726 3.528664E-06 -0.9999999 -0.0002631083 4.164422E-06 -0.9999999 -0.0002625616 3.617677E-06 -0.9999999 -0.0002624702 3.526232E-06 -0.9999999 -0.0002441481 -3.558486E-08 -0.9999999 -0.0002441555 -3.558486E-08 -0.9999999 -0.0003084262 0 -0.9999999 -0.0003171819 0 -0.9999999 -0.0002767947 0 -0.9999999 -0.0002734306 0 -0.9999999 -0.0002707599 -4.564146E-06 -0.9999999 -0.0002709851 -4.682667E-06 -0.9999999 -0.0002653066 -1.693695E-06 -0.9999999 -0.0002651915 -1.633145E-06 -0.9999999 -0.0002441555 -3.662344E-08 -0.9999999 -0.0002441481 -3.662344E-08 -0.9999999 -0.0002441555 -3.662344E-08 -0.9999999 -0.0002441481 -3.662344E-08 -0.9999999 -1 0 0 -1 0 0 -0.0002441481 -3.558486E-08 -0.9999999 -0.0002441555 -3.560659E-08 -0.9999999  
			<BiTangents>: 82 1 1.367466E-07 0 1 0 0 1 0 0 1 7.547485E-08 0 1 0 0 1 0 0 1 0 0 1 6.194796E-07 0 1 -5.338109E-06 0 0 -1.065285E-06 1 0 1 0 0 1 0 0 0 -1 0 3.881576E-09 1 0 -1.862645E-08 1 0 -1.249441E-08 1 0 0 -1 0 -3.186544E-06 1 0 1 0 0 0.7071068 -0.7071068 0 1 0 0 0.4657452 0.8849189 0 1 0 0 1 0 0 0 -1 0 0 -1 0 0 -1 0 0 -1 0 0 -1 0 5.486244E-08 1 0 1.029418E-08 1 0 -2.979023E-07 1 0 6.20518E-05 1 0 1 0 0 0.7071068 -0.7071068 0 0.7071068 -0.7071068 0 0.7071068 -0.7071068 0 1 0 0 0 -1 0 0 -1 0 0 -1 0 0.4657452 0.8849189 0 0.4657452 0.8849189 0 0.4657452 0.8849189 0 1 0 0 1 0 0 1 0 0 1 0 -1.299357E-11 1 -4.257474E-08 -1.299357E-11 1 -4.257474E-08 -1.299318E-11 1 -4.257474E-08 -1.299357E-11 1 -4.257474E-08 -0.9999999 0 0.0002732595 -0.9999999 0 0.0003054775 -0.9999999 0 0.000271235 -0.9999999 0 0.000267309 -0.9999999 0 0.0003171818 -0.9999999 0 0.0002759568 -1.299318E-11 1 -4.257474E-08 -1.299357E-11 1 -4.257474E-08 -0.707061 0.7071526 0.0001880794 -0.707061 0.7071526 0.0001889785 -0.707061 0.7071526 0.0001882053 -0.707061 0.7071526 0.000188076 -8.687976E-12 1 -3.558486E-08 -8.68824E-12 1 -3.558486E-08 -0.9999999 0 0.0003084262 -0.9999999 0 0.0003171819 -0.9999999 0 0.0002767947 -0.9999999 0 0.0002734306 0.8848997 0.4657817 -0.0002417213 0.8848997 0.4657817 -0.0002419757 0.8848997 0.4657817 -0.0002355586 0.8848997 0.4657817 -0.0002354286 -8.941814E-12 1 -3.662344E-08 -8.941542E-12 1 -3.662344E-08 -8.941814E-12 1 -3.662344E-08 -8.941542E-12 1 -3.662344E-08 0 1 0 0 1 0 -8.687976E-12 1 -3.558486E-08 -8.693546E-12 1 -3.560659E-08  
			<SubMeshes>: 1
				<SubMesh>: 0 150 2 3 4 2 4 1 0 4 3 3 7 0 7 8 0 1 4 6 1 6 5 18 22 10 18 10 11 16 26 25 16 25 12 12 25 27 12 27 28 29 30 13 29 13 31 31 13 9 9 17 31 17 32 31 30 14 15 30 15 13 22 23 33 22 33 10 34 35 19 34 19 36 78 37 20 78 20 79 24 38 39 24 39 40 41 42 43 41 43 21 44 45 46 44 46 47 48 49 50 48 50 51 52 53 54 52 54 55 53 56 57 53 57 54 51 50 58 51 58 59 60 61 62 60 62 63 80 81 64 80 64 65 66 67 68 66 68 69 70 71 72 70 72 73 74 75 76 74 76 77  
		</Mesh>
		<Materials>: 1
			<Material>: 0
				<AlbedoColor>: 1 1 1 1
				<EmissiveColor>: 0 0 0 0
				<Glossiness>: 0.04
				<Metallic>: 0
				<SpecularHighlight>: 1
				<GlossyReflection>: 1
				<AlbedoMap>: BLD_IndBuilding1_A
				<MetallicMap>: BLD_IndBuilding1_MS
				<NormalMap>: BLD_IndBuilding1_N
				<EmissionMap>: null
				<DetailAlbedoMap>: DET_Concrete1_A
				<DetailNormalMap>: DET_Concrete1_N
		</Materials>
		<Children>: 2
			<Frame>: 1 0 IndBuilding1_Base_Cor_A_bb
				<Transform>: 1.675438 0.5 -0.166 -2.504478E-06 0 0 1 1 1 -2.185569E-08 0 0 1  
				<TransformMatrix>: 1 0 0 0 0 1 -4.371139E-08 0 0 4.371139E-08 1 0 1.675438 0.5 -0.166 1  
				<BoxCollider>: 1 -0.009056091 0 0.2354889 3.348846 1 0.5290222  
				<Children>: 0
			</Frame>
			<Frame>: 2 0 IndBuilding1_Base_Cor_A_bb1
				<Transform>: 2.841 0.5 -1.347 0 90 0 1 1 1 0 0.7071068 0 0.7071068  
				<TransformMatrix>: -1.192093E-07 0 -1 0 0 1 0 0 1 0 -1.192093E-07 0 2.841 0.5 -1.347 1  
				<BoxCollider>: 1 -0.009056091 0 0.2354889 3.348846 1 0.5290222  
				<Children>: 0
			</Frame>
	</Frame>
</Hierarchy>
