<Hierarchy>:
	<Frame>: 0 5 IndBuilding1_Wall_Cor_A
		<Transform>: 0 0 0 0 0 0 1 1 1 0 0 0 1  
		<TransformMatrix>: 1 0 0 0 0 1 0 0 0 0 1 0 0 0 0 1  
		<Mesh>: 219 IndBuilding1_Wall_Cor_A
			<Bounds>: 1.599992 2.500978 -1.400002 1.6 2.500978 1.600002
			<Positions>: 219 3.099949 -4.373035E-09 -3 3.099948 5 -2.999998 2.799958 -1.748607E-08 -3 2.799948 5 -2.999998 2.803892 -2.055339E-07 -0.2021116 3.103889 -2.259479E-07 0.09788788 2.803899 5 -0.2021054 3.103889 5 0.09788682 -4.053116E-06 1.10467E-07 0.09995653 -1.192093E-06 5 0.09995653 -4.053116E-06 1.10467E-07 -0.2000343 -1.192093E-06 5 -0.2000434 2.801299 5.001956 -3.000001 2.801342 4.601958 -3.000003 2.701342 4.661955 -3.000003 2.70134 4.679751 -3.000003 2.707571 4.655727 -3.000003 2.7013 4.992315 -3 2.710939 5.001956 -3 2.801308 0.3959841 -3.000003 2.801308 0.001955381 -3.000003 2.701308 0.001955377 -3.000004 2.701308 0.3536171 -3.000004 2.743675 0.3959841 -3.000003 3.099992 4.7 -3 3.099992 5 -3 3.139834 4.7 -3 3.189633 5 -3 3.199992 4.989642 -3 3.199992 4.766147 -3 3.195757 4.755923 -3 -4.768372E-06 5.001956 -0.1986928 -6.67572E-06 4.601958 -0.1986495 -6.67572E-06 4.661955 -0.2986496 -6.525969E-06 4.679751 -0.2986519 -6.67572E-06 4.655727 -0.2924213 -3.895817E-06 4.992315 -0.2986915 -3.906631E-06 5.001956 -0.2890528 -6.67572E-06 0.3959842 -0.1986845 -6.67572E-06 0.001955509 -0.1986838 -7.629395E-06 0.001955509 -0.2986837 -7.629395E-06 0.3536172 -0.2986844 -6.67572E-06 0.3959842 -0.2563174 -3.814697E-06 4.7 0.09999974 -3.814697E-06 5 0.09999974 -3.814697E-06 4.7 0.1398417 -3.814697E-06 5 0.1896413 -3.814697E-06 4.989642 0.1999998 -3.814697E-06 4.766147 0.1999998 -3.814697E-06 4.755923 0.1957652 3.080186 4.7 0.09768146 3.099383 4.7 0.07846668 3.139226 4.7 0.1183085 3.120029 4.7 0.1375231 3.199383 4.989642 0.1784666 3.180187 4.989642 0.1976808 3.195149 4.755923 0.1742319 3.175952 4.755923 0.1934463 3.099383 5 0.07846704 3.080186 5 0.09768134 3.180187 4.766147 0.197681 3.199384 4.766147 0.1784668 3.169827 5 0.1873224 3.189024 5 0.1681083 2.800734 4.601958 -0.2207598 2.780954 4.601958 -0.200966 2.680918 4.992315 -0.3010003 2.700698 4.992315 -0.3207948 2.700733 4.661955 -0.3207599 2.680953 4.661955 -0.3009654 2.710338 5.001956 -0.3111558 2.690558 5.001956 -0.2913614 2.680952 4.679751 -0.3009674 2.700732 4.679751 -0.3207619 2.706962 4.655727 -0.3145314 2.687182 4.655727 -0.2947369 2.780918 5.001956 -0.2010018 2.800699 5.001956 -0.2207959 2.691477 0.3536172 -0.3010155 2.700691 0.3536172 -0.3102364 2.691477 0.001955103 -0.3010159 2.700691 0.001955102 -0.3102368 2.80069 0.001955092 -0.2102372 2.791476 0.001955092 -0.2010166 2.791476 0.3959842 -0.2010161 2.80069 0.3959842 -0.2102367 2.733844 0.3959842 -0.2586486 2.743057 0.3959842 -0.2678693 3.099949 -4.373035E-09 -3 2.799958 -1.748607E-08 -3 3.099948 5 -2.999998 2.799948 5 -2.999998 3.099948 5 -2.999998 3.103889 5 0.09788682 3.103889 -2.259479E-07 0.09788788 3.099949 -4.373035E-09 -3 2.803899 5 -0.2021054 2.799948 5 -2.999998 2.799958 -1.748607E-08 -3 2.803892 -2.055339E-07 -0.2021116 -4.053116E-06 1.10467E-07 -0.2000343 -4.053116E-06 1.10467E-07 0.09995653 -1.192093E-06 5 0.09995653 -4.053116E-06 1.10467E-07 0.09995653 3.103889 -2.259479E-07 0.09788788 3.103889 5 0.09788682 3.103889 5 0.09788682 -1.192093E-06 5 -0.2000434 -1.192093E-06 5 0.09995653 2.803899 5 -0.2021054 2.803892 -2.055339E-07 -0.2021116 -4.053116E-06 1.10467E-07 -0.2000343 -1.192093E-06 5 -0.2000434 2.701308 0.3536171 -3.000004 2.701308 0.001955377 -3.000004 -3.814697E-06 4.989642 0.1999998 3.180187 4.989642 0.1976808 3.120029 4.7 0.1375231 -3.814697E-06 4.7 0.1398417 -3.906631E-06 5.001956 -0.2890528 2.690558 5.001956 -0.2913614 2.680953 4.661955 -0.3009654 -6.67572E-06 4.661955 -0.2986496 -7.629395E-06 0.3536172 -0.2986844 2.691477 0.3536172 -0.3010155 2.691477 0.001955103 -0.3010159 -7.629395E-06 0.001955509 -0.2986837 -7.629395E-06 0.3536172 -0.2986844 -7.629395E-06 0.001955509 -0.2986837 -6.67572E-06 0.001955509 -0.1986838 -6.67572E-06 0.3959842 -0.1986845 -6.67572E-06 0.3959842 -0.2563174 2.700691 0.001955102 -0.3102368 2.701308 0.001955377 -3.000004 2.801308 0.001955381 -3.000003 3.199992 4.766147 -3 3.195757 4.755923 -3 -3.814697E-06 5 0.09999974 -3.814697E-06 4.7 0.09999974 -3.814697E-06 4.7 0.1398417 -3.814697E-06 4.755923 0.1957652 -3.814697E-06 4.766147 0.1999998 -3.814697E-06 4.989642 0.1999998 -3.814697E-06 5 0.1896413 3.199992 4.989642 -3 3.189633 5 -3 3.099992 5 -3 2.7013 4.992315 -3 2.700698 4.992315 -0.3207948 2.710338 5.001956 -0.3111558 2.710939 5.001956 -3 3.139834 4.7 -3 2.680918 4.992315 -0.3010003 -3.895817E-06 4.992315 -0.2986915 3.199383 4.989642 0.1784666 3.199992 4.989642 -3 2.701342 4.661955 -3.000003 2.700733 4.661955 -0.3207599 2.801308 0.3959841 -3.000003 2.743675 0.3959841 -3.000003 3.139226 4.7 0.1183085 3.180187 4.766147 0.197681 3.180187 4.989642 0.1976808 3.195149 4.755923 0.1742319 3.175952 4.755923 0.1934463 3.080186 5 0.09768134 3.175952 4.755923 0.1934463 3.099992 4.7 -3 3.139834 4.7 -3 2.700733 4.661955 -0.3207599 2.700732 4.679751 -0.3207619 2.700698 4.992315 -0.3207948 2.70134 4.679751 -3.000003 2.7013 4.992315 -3 2.710939 5.001956 -3 2.701342 4.661955 -3.000003 2.707571 4.655727 -3.000003 2.801342 4.601958 -3.000003 2.801299 5.001956 -3.000001 2.700691 0.3536172 -0.3102364 2.700691 0.001955102 -0.3102368 2.700691 0.3536172 -0.3102364 2.701308 0.3536171 -3.000004 -6.67572E-06 4.655727 -0.2924213 -6.67572E-06 4.601958 -0.1986495 -4.768372E-06 5.001956 -0.1986928 -6.67572E-06 4.661955 -0.2986496 -6.525969E-06 4.679751 -0.2986519 -3.895817E-06 4.992315 -0.2986915 -3.906631E-06 5.001956 -0.2890528 2.803892 -2.055339E-07 -0.2021116 3.103889 -2.259479E-07 0.09788788 2.803899 5 -0.2021054 2.733844 0.3959842 -0.2586486 -6.67572E-06 0.3959842 -0.2563174 3.120029 4.7 0.1375231 3.139226 4.7 0.1183085 3.169827 5 0.1873224 3.180187 4.989642 0.1976808 3.139226 4.7 0.1183085 3.099383 4.7 0.07846668 3.099992 4.7 -3 2.690558 5.001956 -0.2913614 2.680953 4.661955 -0.3009654 2.680952 4.679751 -0.3009674 2.680918 4.992315 -0.3010003 2.687182 4.655727 -0.2947369 2.680953 4.661955 -0.3009654 2.690558 5.001956 -0.2913614 2.680918 4.992315 -0.3010003 2.691477 0.3536172 -0.3010155 2.691477 0.001955103 -0.3010159 2.733844 0.3959842 -0.2586486 2.743057 0.3959842 -0.2678693 2.691477 0.3536172 -0.3010155 2.791476 0.3959842 -0.2010161 2.733844 0.3959842 -0.2586486 2.743675 0.3959841 -3.000003 2.780954 4.601958 -0.200966  
			<Colors>: 0  
			<TextureCoords0>: 219 0.2006836 0.3198242 0.3999023 0.3198242 0.2006836 0.2915039 0.3999023 0.2954102 0.4663086 0.2915039 0.4946289 0.3203125 0.4584961 0.2915039 0.4858398 0.3188477 0.2006836 0.3198242 0.3999023 0.2954102 0.2006836 0.2915039 0.3999023 0.3198242 0.5102539 0.1396484 0.7998047 0.3466797 0.7998047 0.3427734 0.7998047 0.3415978 0.7998047 0.3431789 0.7998047 0.3209493 0.5102539 0.1328125 0.7070313 0.3427734 0.6542969 0.3427734 0.6542969 0.3295898 0.7016602 0.3295898 0.7070313 0.3354492 0.3232422 0.3398438 0.3232422 0.2929688 0.3173828 0.3398438 0.3095703 0.2929688 0.3081055 0.2944336 0.3081055 0.3296235 0.3087585 0.3312194 0.5073242 0.1386719 0.7998047 0.3466797 0.7998047 0.3427734 0.7998047 0.3415978 0.7998047 0.3431789 0.7998047 0.3209493 0.5073242 0.1318359 0.9995117 0.6308594 0.5083008 0.1386719 0.5083008 0.1308594 0.9995117 0.6308594 0.9995117 0.6269531 0.199707 0.3388672 0.199707 0.3139648 0.199707 0.3388672 0.199707 0.3193359 0.199707 0.3200319 0.199707 0.3350469 0.199707 0.3356898 0.008582371 0.3388672 0.008795375 0.3388672 0.006322704 0.3388672 0.006109533 0.3388672 0.002589206 0.3200319 0.002376039 0.3200319 0.002852002 0.3356898 0.002638847 0.3356898 0.008789063 0.3139648 0.008789063 0.3139648 0.002376021 0.3350469 0.002589187 0.3350469 0.002929688 0.3193359 0.003417969 0.3193359 0.6299458 0.3466797 0.6297331 0.3466797 0.633459 0.3209494 0.6336716 0.3209494 0.6336694 0.3427734 0.6334569 0.3427734 0.3081055 0.1328125 0.3061523 0.1308594 0.6334569 0.3415979 0.6336696 0.3415979 0.6332829 0.3431789 0.6330703 0.3431789 0.2998047 0.1386719 0.3017578 0.1396484 0.8325109 0.6308594 0.8327239 0.6308594 0.3071289 0.1308594 0.8327239 0.6538086 0.3007813 0.1396484 0.2998047 0.1386719 0.826305 0.6308594 0.8265178 0.6308594 0.8298816 0.6269531 0.8300945 0.6269531 0.0004882813 0.3198242 0.0004882813 0.2954102 0.199707 0.3188477 0.199707 0.2910156 0.4003906 0.3393555 0.2006836 0.3393555 0.2006836 0.6503906 0.4003906 0.6503906 0.6010742 0.3203125 0.800293 0.3203125 0.800293 0.6533203 0.6010742 0.6533203 0.0004882813 0.3198242 0.0004882813 0.2954102 0.6000977 0.3393555 0.6000977 0.6503906 0.4013672 0.6503906 0.4013672 0.3393555 0.4868164 0.3193359 0.199707 0.2915039 0.199707 0.3193359 0.800293 0.3203125 0.800293 0.6533203 0.9995117 0.6533203 0.9995117 0.3203125 0.9995117 0.6308594 0.9995117 0.6538086 0.199707 0.3200319 0.002376041 0.3200318 0.006109529 0.3388672 0.199707 0.3388672 0.7998047 0.3203125 0.6328608 0.3203125 0.6334569 0.3427734 0.7998047 0.3427734 0.9995117 0.6308594 0.8325109 0.6308594 0.8325109 0.6538086 0.9995117 0.6538086 0.7016602 0.3427734 0.6542969 0.3427734 0.6542969 0.3295898 0.7070313 0.3295898 0.7070313 0.3369141 0.3081055 0.1318359 0.5102539 0.1318359 0.5102539 0.1396484 0.199707 0.3350469 0.199707 0.3356898 0.3232422 0.2929688 0.3232422 0.3398438 0.3173828 0.3398438 0.3087585 0.3312194 0.3081055 0.3296235 0.3081055 0.2944336 0.3095703 0.2929688 0.199707 0.3200319 0.199707 0.3193359 0.199707 0.3139648 0.7998047 0.3209493 0.6336716 0.3209494 0.6330734 0.3203125 0.7998047 0.3203125 0.199707 0.3388672 0.633459 0.3209494 0.7998047 0.3209493 0.002589194 0.3200319 0.199707 0.3200319 0.7998047 0.3427734 0.6336694 0.3427734 0.9995117 0.6308594 0.9995117 0.6269531 0.006322712 0.3388672 0.002376021 0.3350469 0.002376039 0.3200319 0.002852013 0.3356898 0.002638847 0.3356898 0.007324219 0.3139648 0.002638817 0.3356898 0.199707 0.3388672 0.199707 0.3388672 0.6336694 0.3427734 0.6336696 0.3415979 0.6336716 0.3209494 0.6650391 0.3295898 0.706543 0.3295898 0.7080078 0.3310547 0.6621094 0.3295898 0.6616211 0.3300781 0.6542969 0.3432617 0.7080078 0.3427734 0.8327239 0.6308594 0.8327239 0.6538086 0.8327239 0.6308594 0.9995117 0.6308594 0.6616211 0.3422852 0.6542969 0.3295898 0.7075195 0.3295898 0.6621094 0.3427734 0.6650391 0.3432617 0.706543 0.3432617 0.7075195 0.3417969 0.4663086 0.2915039 0.4946289 0.3198242 0.4589844 0.2915039 0.8298815 0.6269531 0.9995117 0.6269531 0.006109529 0.3388672 0.006322704 0.3388672 0.002441406 0.3193359 0.002376041 0.3200318 0.006322712 0.3388672 0.008795375 0.3388672 0.199707 0.3388672 0.3071289 0.1308594 0.6334569 0.3427734 0.6334569 0.3415979 0.633459 0.3209494 0.6330703 0.3431789 0.6334569 0.3427734 0.6328608 0.3203125 0.633459 0.3209494 0.8325109 0.6308594 0.8325109 0.6538086 0.8298816 0.6269531 0.8300945 0.6269531 0.8325109 0.6308594 0.826305 0.6308594 0.8298815 0.6269531 0.9995117 0.6269531 0.6297331 0.3466797  
			<TextureCoords1>: 219 0.5741614 0.41132 0.7068348 0.9502462 0.5531914 0.4113339 0.7068347 0.9712169 0.5533363 0.2157554 0.5742928 0.1947708 0.606498 0.4436417 0.5855418 0.4226576 0.3573236 0.1947708 0.3573236 0.9751231 0.3573376 0.2157408 0.3573238 0.9960938 0.6930171 0.7913441 0.6595626 0.940081 0.6544447 0.9463399 0.7107411 0.858452 0.654836 0.9458607 0.7107413 0.8366032 0.6972728 0.7959331 0.4486011 0.8057119 0.4210576 0.8057118 0.4210576 0.8127021 0.4456396 0.8127021 0.4486011 0.8097405 0.508834 0.8127021 0.5298046 0.8127021 0.508834 0.809917 0.5298046 0.8064359 0.5290806 0.8057119 0.5134578 0.8057119 0.5127432 0.8060079 0.9803573 0.7912329 0.3573236 0.9401544 0.900102 0.9436716 0.9001021 0.9424276 0.3620512 0.945866 0.9754798 0.7966082 0.9761048 0.7959185 0.2997895 0.1492466 0.5855418 0.4187512 0.592532 0.4187514 0.2944544 0.1553721 0.2971364 0.1522911 0.3573236 0.4180247 0.6842445 0.7966082 0.3573814 0.4152402 0.6884288 0.7918893 0.7107411 0.947578 0.710741 0.9632008 0.7107411 0.9639744 0.5725928 0.422654 0.5739065 0.4240248 0.7180447 0.9954643 0.5754352 0.4199273 0.7126188 0.9739047 0.9330434 0.947578 0.7141931 0.9899819 0.9327476 0.9639744 0.5200856 0.6529602 0.5219882 0.6529534 0.9330434 0.9632008 0.7139739 0.9892104 0.5219287 0.6444299 0.5200949 0.6444221 0.5086207 0.8166083 0.5067141 0.816612 0.8361038 0.6704817 0.8980236 0.8366032 0.5086612 0.8273287 0.7126971 0.9436718 0.834128 0.669309 0.8361716 0.6692705 0.7126973 0.9424278 0.8980259 0.858452 0.5086886 0.8265577 0.5066848 0.8265752 0.8360453 0.6604759 0.8341897 0.6604838 0.1522561 0.0318408 0.8987616 0.8636023 0.592695 0.2306105 0.8987617 0.8881842 0.5863493 0.2229763 0.5857049 0.2236204 0.1522184 0.02086538 0.1513725 0.02086335 0.1522639 0.02639019 0.151318 0.02639675 0.3573237 0.9502462 0.3573236 0.9712162 0.5856745 0.6392075 0.6066452 0.6392213 0.3534174 0.5757328 0.3534172 0.3591837 0.00390625 0.3591836 0.00390663 0.5757331 0.003906384 0.8005145 0.00390625 0.9960935 0.3534173 0.9960938 0.3534174 0.800515 0.7068347 0.9960931 0.7068348 0.9751231 0.00390625 0.7966082 0.3534173 0.7966082 0.3534174 0.5796393 0.003906413 0.5796393 0.5855418 0.4226576 0.8024958 0.4436282 0.8025097 0.4226576 0.3534173 0.1592783 0.00390625 0.1592788 0.003906293 0.3552774 0.3534173 0.3552772 0.7107411 0.8636023 0.710741 0.8881842 0.6891108 0.7911199 0.5220012 0.6431276 0.9288413 0.9695048 0.7107438 0.9695027 0.9761048 0.7959185 0.8361716 0.6692705 0.5067171 0.8273347 0.3624423 0.9463399 0.8997931 0.8920905 0.7116523 0.8920905 0.7116523 0.9166725 0.8997931 0.9166724 0.4554689 0.8127021 0.4800508 0.8127021 0.4800508 0.8057118 0.4525073 0.8057119 0.4525073 0.8097405 0.5933397 0.2299665 0.7813602 0.2299233 0.7813601 0.2229331 0.9337615 0.9898577 0.9337592 0.9906231 0.4839571 0.8127021 0.5049278 0.8127021 0.5049278 0.809917 0.5010186 0.8060079 0.5003039 0.8057119 0.4846811 0.8057119 0.4839571 0.8064359 0.9337615 0.9734111 0.3580063 0.7920113 0.36219 0.7966082 0.6978978 0.7966082 0.8342087 0.6704898 0.834128 0.669309 0.6972728 0.7959331 0.9337425 0.9960938 0.7126994 0.9205789 0.9001019 0.9205787 0.5199976 0.6431603 0.3573236 0.7912616 0.710741 0.859696 0.898026 0.859696 0.00390625 0.1492445 0.006559109 0.1522903 0.576749 0.421298 0.7121313 0.9895245 0.710741 0.9740736 0.5816355 0.4166109 0.5803217 0.4152402 0.5219882 0.6529534 0.7122985 0.9903817 0.569471 0.6391634 0.5722554 0.6392213 0.710741 0.9436716 0.7107412 0.9424276 0.7107433 0.9205787 0.362762 0.8126993 0.3846105 0.8127021 0.3852844 0.8120283 0.3615176 0.8126992 0.3610823 0.8122638 0.3573236 0.8057089 0.3852844 0.805712 0.710741 0.8920905 0.710741 0.9166725 0.1513346 0.03183895 0.009241459 0.1553721 0.4133928 0.8122638 0.4171514 0.8057089 0.3891906 0.805712 0.4129574 0.8126991 0.4117134 0.8126993 0.3898645 0.8127021 0.3891906 0.8120283 0.5533363 0.2157554 0.5742928 0.1947708 0.606498 0.4436417 0.1522639 0.02639019 0.2971364 0.1522911 0.5754352 0.4199273 0.576749 0.421298 0.5219287 0.6444299 0.5220012 0.6431276 0.576749 0.421298 0.5739065 0.4240248 0.569471 0.6391634 0.8361716 0.6692705 0.7126971 0.9436718 0.7126973 0.9424278 0.7126994 0.9205789 0.5066848 0.8265752 0.5067171 0.8273347 0.8361716 0.6692705 0.8361038 0.6704817 0.7116523 0.8920905 0.7116523 0.9166725 0.1522639 0.02639019 0.151318 0.02639675 0.1522561 0.0318408 0.1522184 0.02086538 0.1522639 0.02639019 0.006559109 0.1522903 0.5067141 0.816612  
			<Normals>: 219 0 -1 0 0 0 -1 0 -1 0 0 0 -1 0 -1 0 0 -1 0 0 1 0 0 1 0 0 -1 0 -1 0 0 0 -1 0 -1 0 0 0 1 0 -0.497371 -0.867538 -9.155751E-05 -0.9238435 -0.3827705 -0.0001831146 -1 -9.155832E-05 -0.0002136361 -0.6075419 -0.7942877 -0.000122076 -0.9238955 0.3826447 -0.0001831128 -0.3826186 0.9239064 -6.103831E-05 0 0 -1 0 0 -1 0 0 -1 0 0 -1 0 0 -1 0 0 -1 0 0 -1 0 0 -1 0 0 -1 0 0 -1 0 0 -1 0 0 -1 0 1 0 -0.0003967463 -0.8675925 -0.4972757 -0.0007934945 -0.3829221 -0.9237802 -0.0008545441 -9.155829E-05 -0.9999996 -0.0005188304 -0.794421 -0.6073673 -0.0007934962 0.3827704 -0.9238432 -0.0003051871 0.9239844 -0.38243 0 1 0 0 -1 0 0 -1 0 -0.0007934907 0.3828593 -0.9238064 -0.0003051907 0.9239952 -0.3824039 0 -1 0 0 1 0 0.000274675 -0.9238542 0.3827444 0.000274675 0.9238542 0.3827444 0.0006714167 0.3827075 0.9238694 0.0007019318 -0.1951065 0.9807818 0.0005798664 -0.5556646 0.8314064 0 -1 0 0 -1 0 0.3861617 -0.9154593 0.1131964 0.1135012 -0.9154865 0.3860077 0.8357611 0.4092589 0.3660747 0.3666297 0.4092959 0.8354996 0.7267306 -0.6245818 0.2859373 0.2864526 -0.6246046 0.726508 0 1 0 0 1 0 0.3883848 -0.235332 0.8909411 0.8912151 -0.2353013 0.3877741 0.113471 0.9154897 0.386009 0.3861617 0.9154593 0.1131964 -0.3526811 -0.919333 -0.1744789 -0.174659 -0.9193479 -0.352553 -0.2976866 0.4795825 -0.8254594 -0.8257134 0.4795095 -0.2970994 -0.8256434 -0.4796441 -0.2970766 -0.297652 -0.4797285 -0.825387 -0.2172035 0.9703813 -0.1057482 -0.1058402 0.9703848 -0.2171433 -0.3832627 -0.0001220776 -0.9236394 -0.9239064 -0.0001220766 -0.3826186 -0.4628296 -0.8698693 -0.170635 -0.1709367 -0.8699125 -0.462637 0 1 0 0 1 0 -0.2976811 0.4796651 -0.8254135 -0.8256773 0.479585 -0.2970778 0 -1 0 -0.9239064 0 -0.3826186 0 -1 0 0 -1 0 0 1 0 0 1 0 -0.1058409 0.9703912 -0.2171142 -0.2172035 0.9703813 -0.1057482 0 0 -1 0 0 -1 0 1 0 0 1 0 0.9999993 0 -0.001251296 0.9999993 0 -0.001251296 0.9999993 0 -0.001251296 0.9999993 0 -0.001251296 -0.999999 0 0.001403893 -0.999999 0 0.001403893 -0.999999 0 0.001403893 -0.999999 0 0.001403893 -1 0 0 -1 0 0 0.0006409082 0 0.9999999 0.0006409082 0 0.9999999 0.0006409082 0 0.9999999 0.0006409082 0 0.9999999 0 1 0 0 1 0 0 1 0 -0.0007324664 0 -0.9999998 -0.0007324664 0 -0.9999998 -0.0007324664 0 -0.9999998 -0.0007324664 0 -0.9999998 -0.9238696 0.3827076 -0.0001831137 -1 0 -0.0002136296 0.0006714167 0.3827075 0.9238694 0.3666297 0.4092959 0.8354996 0.1135012 -0.9154865 0.3860077 0.000274675 -0.9238542 0.3827444 -0.0003051871 0.9239844 -0.38243 -0.1058402 0.9703848 -0.2171433 -0.297652 -0.4797285 -0.825387 -0.0007934945 -0.3829221 -0.9237802 -0.0007934907 0.3828593 -0.9238064 -0.2976811 0.4796651 -0.8254135 -0.3832627 0 -0.9236394 -0.0008545441 0 -0.9999996 -1 0 0 -1 0 0 -1 0 0 -1 0 0 -1 0 0 0 -1 0 0 -1 0 0 -1 0 0.9807879 -0.1950772 0.0001831138 0.8314536 -0.5555943 0.0001525939 -1 0 0 -1 0 0 -1 0 0 -1 0 0 -1 0 0 -1 0 0 -1 0 0 0.9238803 0.3826815 0.0001525965 0.3826815 0.9238803 6.103861E-05 0 1 0 -0.9238955 0.3826447 -0.0001831128 -0.8257134 0.4795095 -0.2970994 -0.2172035 0.9703813 -0.1057482 -0.3826186 0.9239064 -6.103831E-05 0.3826815 -0.9238803 6.103861E-05 -0.2976866 0.4795825 -0.8254594 -0.0007934962 0.3827704 -0.9238432 0.8357611 0.4092589 0.3660747 0.9238803 0.3826815 0.0001525965 -0.9238435 -0.3827705 -0.0001831146 -0.8256434 -0.4796441 -0.2970766 0 1 0 -0.3826186 0.9239064 -6.103831E-05 0.3861617 -0.9154593 0.1131964 0.3883848 -0.235332 0.8909411 0.3666297 0.4092959 0.8354996 0.7267306 -0.6245818 0.2859373 0.2864526 -0.6246046 0.726508 0 1 0 0.2864526 -0.6246046 0.726508 0 -1 0 0.3826815 -0.9238803 6.103861E-05 -0.8256434 -0.4796441 -0.2970766 -0.9239064 -0.0001220766 -0.3826186 -0.8257134 0.4795095 -0.2970994 0 0 -1 0 0 -1 0 0 -1 0 0 -1 0 0 -1 0 0 -1 0 0 -1 -0.8256773 0.479585 -0.2970778 -0.9239064 0 -0.3826186 -0.8256773 0.479585 -0.2970778 -0.9238696 0.3827076 -0.0001831137 -1 0 0 -1 0 0 -1 0 0 -1 0 0 -1 0 0 -1 0 0 -1 0 0 0 -1 0 0 -1 0 0 1 0 -0.1058409 0.9703912 -0.2171142 -0.0003051907 0.9239952 -0.3824039 0.1135012 -0.9154865 0.3860077 0.3861617 -0.9154593 0.1131964 0.113471 0.9154897 0.386009 0.3666297 0.4092959 0.8354996 0.3861617 -0.9154593 0.1131964 0 -1 0 0 -1 0 -0.1058402 0.9703848 -0.2171433 -0.297652 -0.4797285 -0.825387 -0.3832627 -0.0001220776 -0.9236394 -0.2976866 0.4795825 -0.8254594 -0.1709367 -0.8699125 -0.462637 -0.297652 -0.4797285 -0.825387 -0.1058402 0.9703848 -0.2171433 -0.2976866 0.4795825 -0.8254594 -0.2976811 0.4796651 -0.8254135 -0.3832627 0 -0.9236394 -0.1058409 0.9703912 -0.2171142 -0.2172035 0.9703813 -0.1057482 -0.2976811 0.4796651 -0.8254135 0 1 0 -0.1058409 0.9703912 -0.2171142 -0.3826186 0.9239064 -6.103831E-05 -0.174659 -0.9193479 -0.352553  
			<Tangents>: 219 0.001271773 0 0.9999992 -1.790537E-06 1 0 0.001406111 0 0.999999 -1.859665E-06 1 0 -0.0002979627 0 0.9999999 -0.0003699292 0 0.9999999 -0.000503702 0 0.9999999 -0.0002610486 0 0.9999999 0.9999997 0 -0.0007353236 0 1 -1.75432E-06 0.9999997 0 -0.0007408765 0 1 -1.823902E-06 0.0002160965 0 -1 0.0002165526 -1.861528E-05 -1 0.0002024808 -1.030909E-05 -1 0.0002136361 -3.378015E-07 -1 0.0002176927 -1.281831E-05 -1 0.0002019574 9.080812E-06 -1 0.000207944 2.005066E-05 -1 -1.815238E-06 1 0 -0.004991582 0.9999875 0 -0.005124371 0.9999869 0 -2.033931E-06 1 0 -0.001013526 0.9999995 0 -1 0 0 -1 0 0 -0.9999916 -0.004097958 0 -0.9999951 0.003129565 0 -0.9950874 0.0990005 0 -0.9997882 -0.02058088 0 -0.9998834 -0.01527507 0 -0.9999996 0 0.0008302708 -0.9999996 -2.724669E-05 0.0008453765 -0.9999996 -2.248186E-06 0.0008598962 -0.9999996 -3.553134E-07 0.0008545441 -0.9999996 -3.729129E-06 0.0008591057 -0.9999996 -3.010496E-07 0.0008587828 -0.9999997 -2.231539E-05 0.0007441047 -0.9999996 0 0.0008352706 -0.9999996 0 0.0008657479 -0.9999996 0 0.0008665031 -0.9999996 -2.142688E-06 0.0008580479 -0.9999996 1.622449E-05 0.0008372872 1 0 0 -0.9999997 0 0.0007526798 1 0.0002537597 -0.0001051303 -0.9999997 -1.126427E-05 0.0007448352 -0.9999998 -8.471671E-07 0.0007270949 -0.9999998 2.582219E-06 0.0007161995 -0.9999998 1.999703E-05 0.0007108172 1 0 0 1 0 0 0.04415822 -0.1042281 -0.9935726 0.9935378 0.1045846 -0.04409728 0.3289709 0.1605895 -0.9305854 -0.9303669 0.1609817 0.329397 0.217018 -0.186181 -0.9582483 -0.9580943 -0.1863687 0.2175362 0.003539683 0 -0.9999937 -0.9999998 0 0.0007318168 -0.9214973 -0.0989904 0.3755578 0.3749945 -0.09873164 -0.9217544 -0.9935411 0.1042932 0.04471072 0.04867293 0.1023221 -0.9935598 0.0641221 0.1622781 -0.9846594 -0.9846287 0.1627962 0.06327532 -0.9546636 -0.1491538 0.257625 0.2569795 -0.1490959 -0.9548466 0.2571076 0.1488301 -0.9548535 -0.9546744 0.1491786 0.2575707 0.0220123 -0.1034378 -0.9943923 -0.9943129 -0.1058733 0.01151515 -0.9236394 5.018759E-05 0.3832627 0.3826186 5.019794E-05 -0.9239064 0.08083574 0.1502747 -0.985334 -0.9852817 0.15057 0.08092336 -0.9994002 0 -0.03463062 -0.004494275 0 -0.9999899 -0.9546652 -0.1491738 0.2576071 0.2569486 -0.1491062 -0.9548533 -0.9999868 0 -0.005147962 0.3826186 -1.886366E-08 -0.9239064 -0.002436756 0 -0.999997 -0.9998549 0 -0.01703825 -0.9999996 0 0.0008522268 0.0019968 0 -0.999998 -0.9943827 -0.1031037 0.02392955 0.02412528 -0.1029648 -0.9943924 -4.768371E-08 1 0 -1.168133E-07 1 0 0.001271946 0 0.9999992 0.001174549 0 0.9999993 -0.001251296 9.956883E-08 -0.9999992 -0.001251296 1.539234E-07 -0.9999992 -0.001251296 5.435448E-08 -0.9999992 -0.001251296 0 -0.9999992 -0.001403893 1.150754E-07 -0.999999 -0.001403893 1.704271E-07 -0.999999 -0.001403893 5.535182E-08 -0.999999 -0.001403893 0 -0.999999 0 1 -6.958442E-08 0 1 0 -0.9999998 9.929143E-08 0.0006409081 -0.9999998 0 0.0006409081 -0.9999998 5.433415E-08 0.0006409081 -0.9999998 1.536256E-07 0.0006409081 0.9999998 0 -0.0007262027 0.9999998 0 -0.0006706349 0.9999998 0 -0.0006668121 -0.9999997 1.147299E-07 0.0007324664 -0.9999997 0 0.0007324664 -0.9999997 5.533223E-08 0.0007324664 -0.9999997 1.700621E-07 0.0007324664 0.0002028833 1.129854E-05 -1 0.0002136296 2.805812E-07 -1 -0.9999998 -5.231111E-07 0.0007269607 -0.9303669 0.1609807 0.3293975 -0.9935377 -0.1043214 0.04472135 -0.9999997 9.01121E-06 0.0007393969 -0.9999996 2.12119E-05 0.0008492704 -0.9943828 -0.1031014 0.02393663 -0.9546744 0.1491791 0.2575704 -0.9999996 -1.711245E-06 0.0008596737 -0.9999996 2.785806E-06 0.0008600904 -0.9546652 -0.1491738 0.2576071 -0.9236394 1.387674E-08 0.3832627 -0.9999996 1.550194E-07 0.0008545441 0 0.9999995 -0.0009756681 0 1 -2.033931E-06 0 1 -1.991827E-06 0 0.9999986 -0.001673403 0 0.9961275 -0.08791961 -0.0006753561 0 -0.9999998 0.0002295753 0 -1 0.00022938 0 -1 0.0001868728 8.65431E-07 -1 0.0001868333 4.948502E-06 -1 0 0.006566384 -0.9999784 0 0 -1 0 -0.005909124 -0.9999825 0 -0.011242 -0.9999368 0 0.005271443 -0.9999861 0 0.01038961 -0.999946 0 0 -1 0.000168993 -9.231647E-06 -1 0.0001914634 -1.323862E-05 -1 0.0001978001 0 -1 0.0002019195 8.989361E-06 -1 0.2571502 -0.1488018 -0.9548465 0.02473499 -0.1028283 -0.9943916 0.000214241 2.265845E-05 -1 0.0001897734 1.253861E-05 -1 -0.9546636 -0.1491526 0.2576257 -0.9999996 5.201053E-07 0.0008591231 0.329074 0.1603789 -0.9305853 0.0001690035 -9.256987E-06 -1 0.000202547 -1.046882E-05 -1 0.2569363 0.149125 -0.9548537 0.0002213462 0 -1 0.0002142415 2.265867E-05 -1 -0.04399487 0.104297 0.9935727 0.9041159 -0.08958456 -0.4177907 0.8782743 0.1440196 -0.4559525 0.5056707 0.2046878 -0.8380932 0.8377218 -0.2046922 -0.5062838 0.7067836 0 -0.7074298 0.8376955 -0.2047347 -0.5063101 0.0001978001 0 -1 -2.335835E-05 5.639237E-05 1 0.4295938 -0.1931253 -0.8821291 0.3826186 -5.240337E-05 -0.9239064 0.4295316 0.1930664 -0.8821723 -0.0001330918 1 0 -0.0001266221 1 0 0.00617511 0.9999809 0 -0.02527347 0.9996806 0 -0.010428 0.9999456 0 -0.006029419 0.9999818 0 0.009303662 0.9999567 0 0.4295513 0.1930859 -0.8821584 0.3826186 -3.702118E-05 -0.9239064 0.2571197 -0.1488115 -0.9548532 0.0002022549 9.781571E-06 -1 0 0.9999947 -0.00326623 0 1 -0.0001084811 0 0.9999999 -0.0002579854 0 0.9971204 -0.07583457 0 0.9981489 0.06081801 0 0.9999993 -0.001193824 0 0.9922854 -0.1239749 0.9999998 0 -0.0006695238 0.9999998 0 -0.0006664681 0.9999997 0 -0.0007353909 -0.9943827 -0.1031037 0.02392955 -0.9999996 1.622449E-05 0.0008372872 0.7426215 -0.1799271 -0.6450888 0.6407548 0.1779383 -0.7468408 0.7426188 0.1799507 -0.6450853 0.8782686 0.1440363 -0.4559582 0.6407548 0.1779383 -0.7468408 0.0001978001 0 -1 1 0 0 -0.9943129 -0.1058733 0.01151515 0.8818187 0.1931063 -0.4302391 0.9236394 4.864953E-05 -0.3832627 0.8818409 -0.1930884 -0.4302018 0.7584221 0.1835612 -0.6253809 0.8818068 0.1931342 -0.4302511 0.7174167 -0.07669193 -0.6924101 0.8818409 -0.1930883 -0.4302018 0.8818163 -0.1931098 -0.4302426 0.9236394 -3.791614E-05 -0.3832627 0.7174114 -0.07667242 -0.6924177 0.02412528 -0.1029648 -0.9943924 0.8818165 -0.1931092 -0.4302423 0.7068599 0 -0.7073535 0.7174114 -0.07667242 -0.6924177 0.0002142415 2.265867E-05 -1 0.7346968 0.1166956 -0.6682834  
			<BiTangents>: 219 -0.9999992 0 0.001271773 -1 -1.790537E-06 0 -0.999999 0 0.001406111 -1 -1.859665E-06 0 -0.9999999 0 -0.0002979627 -0.9999999 0 -0.0003699292 -0.9999999 0 -0.000503702 -0.9999999 0 -0.0002610486 -0.0007353236 0 -0.9999997 0 1.75432E-06 1 -0.0007408765 0 -0.9999997 0 1.823902E-06 1 -1 0 -0.0002160965 -0.867538 0.497371 -0.0001971263 -0.3827704 0.9238434 -8.702766E-05 -9.155825E-05 1 -3.573617E-07 -0.7942877 0.6075419 -0.0001806983 0.3826447 0.9238956 8.566763E-05 -0.9239064 -0.3826186 -0.0001997925 -1 -1.815238E-06 0 -0.9999875 -0.004991582 0 -0.9999869 -0.005124371 0 -1 -2.033931E-06 0 -0.9999995 -0.001013526 0 0 1 0 0 1 0 -0.004097958 0.9999916 0 0.003129565 0.9999951 0 0.0990005 0.9950874 0 -0.02058088 0.9997882 0 -0.01527507 0.9998834 0 -0.0008302708 0 -0.9999996 -0.0007469914 0.4972758 -0.8675922 -0.0003313502 0.9237806 -0.382922 -4.335539E-07 1 -9.155795E-05 -0.0006847566 0.6073676 -0.7944207 0.0003284385 0.9238436 0.3827702 -0.0006790071 -0.3824301 -0.9239842 -0.0008352706 0 -0.9999996 -0.0008657479 0 -0.9999996 -0.0008665031 0 -0.9999996 0.0003265322 0.9238067 0.3828591 0.0007798537 0.3824041 0.9239949 0 0 1 -0.0007526798 0 -0.9999997 -7.68473E-12 0.3827444 0.9238543 -0.0006924305 0.3827445 -0.923854 -0.0002790474 0.9238695 -0.3827074 0.0001422678 0.9807821 0.1951065 0.0004116016 0.8314066 0.5556645 0 0 1 0 0 1 0.9213735 0.3886782 0.0001761504 -1.066367E-09 0.3885184 0.921441 -0.4396381 0.8981749 -0.0004198419 -0.0003207008 0.8980879 -0.439816 0.6517406 0.758442 0.0002420644 0.0004757365 0.758377 0.651816 -0.9999937 0 -0.003539683 -0.0007318168 0 -0.9999998 0.0001861659 0.9668608 0.2553042 0.2551756 0.9668947 0.0002455673 -0.0006740702 0.3885892 -0.9214109 -0.9211461 0.3891843 -0.005045202 -0.933544 0.3584587 -0.001717159 -0.0007777315 0.3581854 -0.9336502 0.0004320676 0.8647276 0.5022411 0.5021543 0.864778 0.000113612 -0.5022038 0.8647492 -0.0004395261 -0.0004339693 0.8646423 -0.5023878 -0.9758781 -0.2183133 0.001106733 0.01181555 -0.2171272 -0.9760718 -4.325711E-07 1 -0.0001319907 -0.000131994 1 -3.305923E-07 -0.8827539 0.4698351 -0.0007649685 -0.0007370081 0.4696605 -0.8828468 0.03463062 0 -0.9994002 -0.9999899 0 0.004494275 0.0004350577 0.8646783 0.5023258 0.5022295 0.8647344 0.0001150932 0.005147962 0 -0.9999868 7.217587E-09 1 -1.742825E-08 -0.999997 0 0.002436756 0.01703825 0 -0.9998549 -0.0008522268 0 -0.9999996 -0.999998 0 -0.0019968 0.0008357512 0.2184273 0.9758528 -0.9758282 -0.2185368 -0.001046396 -1 -4.768371E-08 0 -1 -1.168133E-07 0 -0.9999992 0 0.001271946 -0.9999993 0 0.001174549 1.245901E-10 1 9.956874E-08 1.926037E-10 1 1.539232E-07 6.801354E-11 1 5.435443E-08 0 1 0 1.615535E-10 1 1.150753E-07 2.392614E-10 1 1.70427E-07 7.770802E-11 1 5.535176E-08 0 1 0 0 6.958442E-08 1 0 0 1 9.929141E-08 1 -6.363669E-11 0 1 0 5.433414E-08 1 -3.48232E-11 1.536256E-07 1 -9.845991E-11 -0.0007262027 0 -0.9999998 -0.0006706349 0 -0.9999998 -0.0006668121 0 -0.9999998 1.147299E-07 1 -8.403579E-11 0 1 0 5.533222E-08 1 -4.0529E-11 1.70062E-07 1 -1.245647E-10 0.3827075 0.9238695 8.808335E-05 -5.994045E-11 1 2.805812E-07 -0.0002786966 0.9238695 -0.3827074 -0.0003217547 0.898088 -0.4398157 0.0006729137 0.3885891 0.9214109 0.0006865439 0.3827445 0.923854 0.0007928247 0.3824301 0.9239841 0.0008399733 0.218457 0.9758462 -0.0004333958 0.8646422 -0.5023881 -0.0003307689 0.9237806 -0.382922 0.0003318672 0.9238067 0.3828591 0.0004350577 0.8646783 0.5023258 1.28171E-08 1 -5.318437E-09 1.550194E-07 1 -1.324709E-10 0 0.0009756681 0.9999995 0 2.033931E-06 1 0 1.991827E-06 1 0 0.001673403 0.9999986 0 0.08791961 0.9961275 -0.9999998 0 0.0006753561 -1 0 -0.0002295753 -1 0 -0.00022938 0.1950772 0.9807879 3.730343E-05 0.5555943 0.8314536 0.000107918 0 0.9999784 0.006566384 0 1 0 0 0.9999825 -0.005909124 0 0.9999368 -0.011242 0 0.9999861 0.005271443 0 0.999946 0.01038961 0 1 0 -0.3826815 0.9238803 -7.319942E-05 -0.9238803 0.3826815 -0.0001819554 -1 0 -0.0001978001 0.3826447 0.9238956 8.556865E-05 0.5020669 0.8648287 0.0004383423 0.9758129 0.218601 0.001667711 0.9239064 0.3826186 0.0002066082 0.9238803 0.3826815 0.0001801262 0.000433405 0.8647277 0.5022407 0.0003293273 0.9238436 0.3827702 -0.439561 0.8982126 -0.000637991 -0.3826815 0.9238803 -7.322686E-05 -0.3827704 0.9238434 -8.720055E-05 -0.5022914 0.8646984 -0.0001139106 -1 0 -0.0002213462 -0.9239064 -0.3826186 -0.0002066087 0.9213814 0.3886597 -7.358638E-10 0.1781341 0.9677776 0.1779741 -0.3069478 0.9009635 -0.3066722 0.4649299 0.7536581 0.4645856 0.4649377 0.7536379 0.4646103 -0.7074298 0 -0.7067836 0.4649851 0.7536263 0.4645817 -1 0 -0.0001978001 0.9238803 0.3826815 5.07594E-13 -0.365735 0.8559464 -0.3655048 -9.273686E-05 1 -9.512459E-05 0.3656501 0.8560351 0.365382 -1 -0.0001330918 0 -1 -0.0001266221 0 -0.9999809 0.00617511 0 -0.9996806 -0.02527347 0 -0.9999456 -0.010428 0 -0.9999818 -0.006029419 0 -0.9999567 0.009303662 0 0.3657084 0.8559884 0.365433 1.416499E-05 1 -3.420411E-05 0.5021418 0.8647851 0.0004404136 0.3827075 0.9238695 8.644139E-05 0 0.00326623 0.9999947 0 0.0001084811 1 0 0.0002579854 0.9999999 0 0.07583457 0.9971204 0 -0.06081801 0.9981489 0 0.001193824 0.9999993 0 0.1239749 0.9922854 -0.0006695238 0 -0.9999998 -0.0006664681 0 -0.9999998 -0.0007353909 0 -0.9999997 -0.0008357512 -0.2184273 -0.9758528 -0.0007798537 -0.3824041 -0.9239949 0.6600233 0.3598759 0.6594381 0.6635605 0.3609324 0.6552979 -0.6600316 0.3598561 -0.6594407 -0.3069641 0.9009609 -0.3066638 -0.6635605 -0.3609324 -0.6552979 -1 0 -0.0001978001 0 0 1 -0.01181555 0.2171272 0.9760718 -0.3657854 0.8559033 -0.3655551 -9.172243E-05 1 -9.411017E-05 0.3657038 0.8559892 0.3654357 -0.6289487 0.4577746 -0.6283835 -0.3658142 0.855897 -0.3655411 0.6885573 0.229067 0.6880532 0.3657038 0.8559892 0.3654357 0.3657678 0.855938 0.3654914 3.502084E-05 1 -1.453184E-05 -0.6885627 -0.2290463 -0.6880546 0.9758282 0.2185368 0.001046396 0.3657672 0.8559382 0.3654917 -0.7073535 0 -0.70686 0.6885627 0.2290463 0.6880546 0.9239064 0.3826186 0.0002066087 -0.6555264 0.3757413 -0.6550601  
			<SubMeshes>: 1
				<SubMesh>: 0 426 0 5 4 0 4 2 1 88 89 1 89 3 7 90 91 7 91 6 92 93 94 92 94 95 96 97 98 96 98 99 8 10 190 8 190 191 9 11 100 9 100 101 102 103 104 102 104 105 106 192 107 106 107 108 109 110 111 109 111 112 76 71 37 76 37 31 67 17 15 67 15 73 21 22 23 23 20 21 23 19 20 113 114 81 113 81 79 86 78 41 86 41 42 46 62 59 46 59 44 47 48 60 47 60 55 46 115 116 46 116 62 26 24 25 25 27 26 27 30 26 27 28 30 28 29 30 84 193 194 84 194 38 72 69 33 72 33 34 80 83 39 80 39 40 53 45 43 53 43 50 117 57 49 117 49 118 36 119 120 36 120 66 121 75 35 121 35 122 75 65 32 75 32 35 48 49 57 48 57 60 123 124 125 123 125 126 68 14 16 68 16 74 127 128 129 129 130 127 130 131 127 132 133 134 132 134 82 74 16 13 74 13 64 135 61 56 135 56 136 137 138 139 139 140 137 140 141 137 141 142 137 142 143 137 144 54 61 144 61 135 145 146 58 145 58 63 77 12 18 77 18 70 147 148 149 147 149 150 52 151 136 52 136 56 152 72 34 152 34 153 145 63 154 145 154 155 73 15 156 73 156 157 85 158 159 85 159 87 160 53 50 160 50 51 161 61 54 161 54 162 163 164 195 163 195 196 197 63 58 197 58 165 198 154 63 198 63 197 61 161 166 61 166 56 199 200 167 160 201 168 76 77 70 76 70 202 169 203 204 169 204 170 170 204 205 170 205 171 74 206 207 74 207 68 208 149 148 208 148 209 172 173 174 174 175 172 174 176 175 174 177 176 174 178 177 82 83 80 82 80 132 210 179 180 210 180 211 212 213 181 212 181 214 215 85 87 215 87 216 213 217 182 213 182 181 64 218 206 64 206 74 183 184 185 185 186 183 185 187 186 185 188 187 185 189 188  
		</Mesh>
		<Materials>: 1
			<Material>: 0
				<AlbedoColor>: 1 1 1 1
				<EmissiveColor>: 0 0 0 0
				<Glossiness>: 0.04
				<Metallic>: 0
				<SpecularHighlight>: 1
				<GlossyReflection>: 1
				<AlbedoMap>: BLD_IndBuilding1_A
				<MetallicMap>: BLD_IndBuilding1_MS
				<NormalMap>: BLD_IndBuilding1_N
				<EmissionMap>: null
				<DetailAlbedoMap>: DET_Concrete1_A
				<DetailNormalMap>: DET_Concrete1_N
		</Materials>
		<Children>: 2
			<Frame>: 1 0 IndBuilding1_Wall_Cor_A_bb
				<Transform>: 2.68 2.500978 -1.400002 -2.504478E-06 0 0 1 1 1 -2.185569E-08 0 0 1  
				<TransformMatrix>: 1 0 0 0 0 1 -4.371139E-08 0 0 4.371139E-08 1 0 2.68 2.500978 -1.400002 1  
				<BoxCollider>: 1 0.3000679 0.0002858639 -0.008453369 0.3998642 5.024018 3.180786  
				<Children>: 0
			</Frame>
			<Frame>: 2 0 IndBuilding1_Wall_Cor_A_bb1
				<Transform>: 1.62 2.5 0.27 0 90 0 1 1 1 0 0.7071068 0 0.7071068  
				<TransformMatrix>: -1.192093E-07 0 -1 0 0 1 0 0 1 0 -1.192093E-07 0 1.62 2.5 0.27 1  
				<BoxCollider>: 1 0.3000679 0.0002858639 -0.008453369 0.3998642 5.024018 3.180786  
				<Children>: 0
			</Frame>
	</Frame>
</Hierarchy>
