<Hierarchy>:
	<Frame>: 0 5 IndBuilding1_Deco_IntColumn_Mid
		<Transform>: 0 0 0 0 0 0 1 1 1 0 0 0 1  
		<TransformMatrix>: 1 0 0 0 0 1 0 0 0 0 1 0 0 0 0 1  
		<BoxCollider>: 1 0 2.5 -1.192093E-07 0.6 5 0.6000003  
		<Mesh>: 167 IndBuilding1_Deco_IntColumn_Mid
			<Bounds>: 0 2.5 -1.192093E-07 0.3 2.5 0.3000001
			<Positions>: 167 0.27 4 -1.490116E-07 -0.27 4 -1.788139E-07 0.3 0 0 0.3 5 -2.086163E-07 -0.3 0 0 -0.3 5 -2.384186E-07 -0.3 3.955767 -1.788139E-07 -0.3 4.044232 -1.788139E-07 0.3 3.955767 -1.788139E-07 0.3 4.044232 -1.788139E-07 0.2686874 2.185569E-08 0.3 0.3 2.037588E-08 0.2661457 0.3 5 0.2661456 0.2686875 5 0.2999998 0.3 -2.037588E-08 -0.2661457 0.2686875 -2.185569E-08 -0.3 0.2686875 5 -0.3000003 0.3 5 -0.2661461 -0.3 2.037588E-08 0.2661457 -0.2686875 2.185569E-08 0.3 -0.2686875 5 0.2999998 -0.3 5 0.2661457 -0.2686874 -2.185569E-08 -0.3 -0.3 -2.037588E-08 -0.2661457 -0.3 5 -0.2661461 -0.2686875 5 -0.3000003 -0.27 4 -0.2161459 -0.2386874 4 -0.2500002 0.27 4 0.2161456 0.2386874 4 0.2499998 -0.2386875 4 0.2499998 -0.27 4 0.2161456 0.2386875 4 -0.2500002 0.27 4 -0.2161459 0.3 4.044232 0.2661457 0.2686875 4.044232 0.2999998 0.2686874 3.955767 0.2999998 0.3 3.955767 0.2661455 0.2686875 4.044232 -0.3000002 0.3 4.044232 -0.2661461 0.3 3.955767 -0.2661459 0.2686875 3.955767 -0.3000002 -0.3 4.044232 -0.2661461 -0.2686875 4.044232 -0.3000002 -0.2686874 3.955767 -0.3000002 -0.3 3.955767 -0.2661459 -0.2686875 4.044232 0.2999998 -0.3 4.044232 0.2661457 -0.3 3.955767 0.2661455 -0.2686875 3.955767 0.2999998 0.2686875 0 0 -0.2686875 0 0 0.2686875 5 -2.101716E-07 -0.2686875 5 -2.368633E-07 -0.3 1.977884 -8.940697E-08 0.3 1.977884 -8.940697E-08 0.3 1.977884 0.2661456 0.2686874 1.977884 0.2999999 0.2686875 1.977884 -0.3000001 0.3 1.977884 -0.2661458 -0.3 1.977884 -0.2661458 -0.2686874 1.977884 -0.3000001 -0.2686875 1.977884 0.2999999 -0.3 1.977884 0.2661456 0.2686874 2.966825 0.2999999 0.3 2.966825 -0.2661458 -0.2686874 2.966825 -0.3000001 -0.3 2.966825 0.2661456 -0.3 2.966825 -1.341105E-07 0.3 2.966825 -1.341105E-07 0.3 2.966825 0.2661456 0.2686875 2.966825 -0.3000001 -0.3 2.966825 -0.2661458 -0.2686875 2.966825 0.2999999 -0.3 0.9889418 -4.470348E-08 0.3 0.9889418 -4.470348E-08 0.3 0.9889418 0.2661456 0.2686875 0.9889418 -0.3000001 -0.3 0.9889418 -0.2661458 -0.2686875 0.9889418 0.3 0.2686874 0.9889418 0.3 0.3 0.9889418 -0.2661458 -0.2686874 0.9889418 -0.3000001 -0.3 0.9889418 0.2661456 0.3 4.522116 -1.937151E-07 -0.3 4.522116 -2.086163E-07 0.2686875 4.522116 0.2999998 0.3 4.522116 0.2661457 0.3 4.522116 -0.2661461 0.2686875 4.522116 -0.3000003 -0.2686875 4.522116 -0.3000003 -0.3 4.522116 -0.2661461 -0.3 4.522116 0.2661457 -0.2686875 4.522116 0.2999998 0.2386875 4 -0.2500002 -0.2686874 -2.185569E-08 -0.3 0.3 0 0 -0.2386875 4 0.2499998 0.3 2.037588E-08 0.2661457 -0.3 -2.037588E-08 -0.2661457 -0.2386874 4 -0.2500002 -0.27 4 -0.2161459 0.27 4 0.2161456 -0.2386875 4 0.2499998 0.27 4 -0.2161459 0.3 4.044232 -0.2661461 -0.3 4.044232 0.2661457 0.2386874 4 0.2499998 0.3 4.044232 0.2661457 -0.3 4.044232 -0.2661461 -0.2686875 4.044232 -0.3000002 0.3 4.522116 0.2661457 0.3 5 0.2661456 0.2686875 -2.185569E-08 -0.3 0.3 5 -0.2661461 0.2686875 4.522116 -0.3000003 0.2686875 5 -0.3000003 -0.3 -2.037588E-08 -0.2661457 -0.2686875 4.522116 0.2999998 0.2686874 0.9889418 0.3 -0.2686875 2.185569E-08 0.3 0.2686874 2.185569E-08 0.3 0.3 -2.037588E-08 -0.2661457 0.2686875 -2.185569E-08 -0.3 0.2686874 2.185569E-08 0.3 -0.3 2.037588E-08 0.2661457 -0.2686875 2.185569E-08 0.3 -0.2686875 5 -0.3000003 0.2686875 5 0.2999998 -0.3 5 -0.2661461 -0.3 5 0.2661457 -0.2686875 5 0.2999998 -0.2686875 1.977884 0.2999999 0.2686874 2.966825 0.2999999 0.2686874 1.977884 0.2999999 -0.3 1.977884 -0.2661458 0.2686875 1.977884 -0.3000001 0.3 3.955767 -0.2661459 0.3 3.955767 0.2661455 0.2686874 3.955767 0.2999998 0.2686875 2.966825 -0.3000001 -0.3 2.966825 -0.2661458 -0.2686875 2.966825 0.2999999 -0.2686875 0.9889418 0.3 -0.3 0.9889418 -0.2661458 0.2686875 0.9889418 -0.3000001 -0.3 4.044232 -0.2661461 0.2686875 4.044232 -0.3000002 0.3 5 -2.086163E-07 -0.3 4.522116 -0.2661461 -0.2686875 5 0.2999998 0.3 5 0.2661456 0.2686875 5 -0.3000003 -0.2386874 4 -0.2500002 -0.3 3.955767 -0.2661459 -0.3 0 0 -0.2686874 3.955767 -0.3000002 -0.3 3.955767 0.2661455 0.27 4 -0.2161459 -0.27 4 0.2161456 0.27 4 0.2161456 -0.3 5 -2.384186E-07 0.2686875 3.955767 -0.3000002 -0.3 3.955767 -0.2661459 -0.2686875 3.955767 0.2999998 -0.2686875 4.044232 0.2999998 -0.3 5 -0.2661461  
			<Colors>: 0  
			<TextureCoords0>: 167 0.8579102 0.7319336 0.9633789 0.7319336 0.8579102 0.9951172 0.7421875 0.9941406 0.9633789 0.9951172 0.9633789 0.6655273 0.9633789 0.7373047 0.9633789 0.7280273 0.8579102 0.7373047 0.8579102 0.7280273 0.8920898 0.9951172 0.7128906 0.949707 0.7724609 0.9941406 0.8920898 0.6655273 0.8266602 0.9951172 0.8237305 0.9951172 0.7099609 0.9931641 0.7119141 0.9941406 0.9316406 0.9951172 0.9287109 0.9951172 0.9287109 0.6655273 0.9316406 0.6655273 0.7753906 0.9140625 0.7724609 0.9116211 0.7841797 0.6655273 0.7875977 0.6655273 0.9941406 0.7319336 0.7875977 0.7319336 0.8901367 0.7319336 0.8920898 0.7319336 0.9287109 0.7319336 0.9316406 0.7319336 0.8237305 0.7319336 0.8266602 0.7319336 0.8901367 0.7280273 0.8920898 0.7280273 0.8920898 0.7373047 0.8901367 0.7373047 0.8237305 0.7280273 0.8266602 0.7280273 0.8266602 0.7373047 0.8237305 0.7373047 0.9941406 0.7280273 0.7875977 0.7280273 0.7875977 0.7373047 0.7841797 0.7373047 0.9287109 0.7280273 0.9316406 0.7280273 0.9316406 0.7373047 0.9287109 0.7373047 0.7436523 0.9487305 0.7436523 0.9140625 0.7421875 0.9931641 0.7421875 0.9580078 0.9633789 0.8662109 0.8579102 0.8662109 0.8901367 0.8662109 0.8920898 0.8662109 0.8237305 0.8662109 0.8266602 0.8662109 0.7841797 0.8662109 0.7875977 0.8662109 0.9287109 0.8662109 0.9316406 0.8662109 0.8920898 0.8017578 0.8266602 0.8017578 0.7875977 0.8017578 0.9316406 0.8017578 0.9633789 0.8017578 0.8579102 0.8017578 0.8901367 0.8017578 0.8237305 0.8017578 0.9941406 0.8017578 0.9287109 0.8017578 0.9633789 0.9311523 0.8579102 0.9311523 0.8901367 0.9311523 0.8237305 0.9311523 0.7841797 0.9311523 0.9287109 0.9311523 0.8920898 0.9311523 0.8266602 0.9311523 0.7875977 0.9311523 0.9316406 0.9311523 0.8579102 0.6958008 0.9633789 0.6958008 0.8920898 0.6958008 0.8901367 0.6958008 0.8266602 0.6958008 0.8237305 0.6958008 0.7875977 0.6958008 0.7841797 0.6958008 0.9316406 0.6958008 0.9287109 0.6958008 0.8237305 0.7319336 0.7875977 0.9951172 0.7436523 0.949707 0.9287109 0.7319336 0.8901367 0.9951172 0.9941406 0.9951172 0.7875977 0.7319336 0.7841797 0.7319336 0.8901367 0.7319336 0.9287109 0.7319336 0.8266602 0.7319336 0.8266602 0.7280273 0.9316406 0.7280273 0.8920898 0.7319336 0.8901367 0.7280273 0.7841797 0.7280273 0.7875977 0.7280273 0.8901367 0.6958008 0.8901367 0.6655273 0.8237305 0.9951172 0.8266602 0.6655273 0.8237305 0.6958008 0.8237305 0.6655273 0.7841797 0.9951172 0.9287109 0.6958008 0.8920898 0.9311523 0.9287109 0.9951172 0.8920898 0.9951172 0.7724609 0.949707 0.7753906 0.9487305 0.7109375 0.9487305 0.7128906 0.9116211 0.7109375 0.9140625 0.7099609 0.9580078 0.7739258 0.9931641 0.7119141 0.9555664 0.7724609 0.9555664 0.7739258 0.9580078 0.9287109 0.8662109 0.8920898 0.8017578 0.8920898 0.8662109 0.9941406 0.8662109 0.8237305 0.8662109 0.8266602 0.7373047 0.8901367 0.7373047 0.8920898 0.7373047 0.8237305 0.8017578 0.7841797 0.8017578 0.9287109 0.8017578 0.9287109 0.9311523 0.9941406 0.9311523 0.8237305 0.9311523 0.7841797 0.7280273 0.8237305 0.7280273 0.8579102 0.6655273 0.9941406 0.6958008 0.9287109 0.6655273 0.8901367 0.6655273 0.8237305 0.6655273 0.7875977 0.7319336 0.9941406 0.7373047 0.7436523 0.9116211 0.7875977 0.7373047 0.9316406 0.7373047 0.8266602 0.7319336 0.9316406 0.7319336 0.8901367 0.7319336 0.7421875 0.9555664 0.8237305 0.7373047 0.7841797 0.7373047 0.9287109 0.7373047 0.9287109 0.7280273 0.9941406 0.6655273  
			<TextureCoords1>: 167 0.7937918 0.7994379 0.2055101 0.9343088 0.003906371 0.7994381 0.8649055 0.6158001 0.99557 0.9263262 0.006646293 0.9259673 0.2154543 0.9343858 0.1955553 0.9340958 0.783262 0.7994379 0.8043217 0.7994379 0.00390625 0.7379172 0.8124236 0.4896891 0.9173409 0.6158001 0.003916362 0.3745777 0.003906476 0.8518734 0.00390625 0.6190528 0.8058003 0.6219692 0.8124701 0.6158001 0.9949298 0.8739418 0.9948189 0.8648651 0.009753173 0.8648651 0.009305486 0.8738922 0.9239643 0.6017306 0.9172944 0.6078997 0.2108415 0.3615206 0.2108415 0.3524351 0.2049028 0.981455 0.7964141 0.7190145 0.7937918 0.7568534 0.009319041 0.5006249 0.2131266 0.4686265 0.2062109 0.8927094 0.796414 0.6249633 0.7937918 0.8420224 0.8043216 0.7470025 0.1850629 0.3779221 0.02252539 0.494836 0.01711259 0.4875389 0.02253849 0.2465628 0.8043217 0.8518733 0.7887415 0.611806 0.7832616 0.6190528 0.1922457 0.988373 0.02253849 0.3524352 0.7832618 0.7249252 0.217381 0.9887007 0.2003327 0.4769447 0.1960875 0.8828908 0.2166592 0.8832483 0.021548 0.6007038 0.864859 0.4958583 0.8648591 0.6017306 0.8649055 0.6219692 0.8649054 0.7278415 0.6062691 0.9310801 0.393584 0.7994379 0.3935841 0.7470025 0.4121865 0.4984339 0.393584 0.8609587 0.393584 0.8518732 0.393584 0.7340106 0.393584 0.7249252 0.4112091 0.6043018 0.6056296 0.878697 0.217356 0.496635 0.588423 0.8518734 0.5884228 0.7249252 0.4109945 0.8810369 0.4115844 0.9333829 0.588423 0.799438 0.5884229 0.7470027 0.5884227 0.6190528 0.4122453 0.985866 0.4108884 0.871968 0.8009203 0.928705 0.1987452 0.7994377 0.1987451 0.7470023 0.1987453 0.8609585 0.1987452 0.7340106 0.6060396 0.6061007 0.1987451 0.7379168 0.1987453 0.851873 0.1987452 0.7249252 0.80028 0.8763207 0.8984733 0.7994378 0.1004433 0.9306175 0.09747511 0.3742258 0.8984733 0.7470024 0.8984733 0.8518732 0.11669 0.2465628 0.11669 0.3524351 0.11669 0.3615206 0.1028669 0.878516 0.1004823 0.4830387 0.009386186 0.2524734 0.003906394 0.7249252 0.864859 0.4896891 0.008450777 0.5946721 0.003906265 0.7470027 0.9962103 0.9787106 0.2047833 0.9906946 0.2049028 0.981455 0.00390625 0.4933278 0.2018695 0.8849615 0.8018939 0.6177165 0.01705858 0.239316 0.2072409 0.4836327 0.1980755 0.3793526 0.1867282 0.3696315 0.1922457 0.988373 0.1938486 0.9958082 0.0976534 0.3654268 0.00390625 0.3655313 0.003906491 0.8609589 0.9926249 0.8518731 0.8984733 0.8609586 0.9926249 0.8609586 0.00390639 0.7340106 0.1032999 0.8695045 0.607017 0.5002329 0.8008701 0.6078997 0.8018475 0.5020319 0.9172943 0.4896891 0.9239643 0.4958582 0.8057538 0.4958583 0.8124238 0.6078997 0.8057538 0.6017306 0.8058001 0.7278415 0.9240108 0.6219692 0.81247 0.7340106 0.9173409 0.7340106 0.9240107 0.7278415 0.6055195 0.8696207 0.5884229 0.7379172 0.3935841 0.7379171 0.6069108 0.98347 0.3935839 0.6190528 0.783262 0.8518733 0.7832619 0.7470025 0.7832619 0.7379171 0.5884229 0.8609589 0.5884228 0.7340106 0.2163786 0.6025028 0.8001692 0.8672441 0.8015606 0.9810897 0.1987451 0.6190528 0.02253849 0.3615206 0.8043217 0.8609587 0.9926249 0.7994377 0.09772614 0.983138 0.004099172 0.4836327 0.9926248 0.7470023 0.2108415 0.2465627 0.009386187 0.3465246 0.217381 0.9887007 0.8648591 0.6078997 0.215584 0.9960938 0.0160014 0.6078997 0.00390625 0.2452266 0.2200348 0.4753146 0.2008196 0.3708724 0.8649054 0.7340106 0.783262 0.8609588 0.7832618 0.7340106 0.2165558 0.8741865 0.1965112 0.8738961 0.00390625 0.978218  
			<Normals>: 167 1 0 0 -1 0 0 0.7071068 -0.7071068 0 0.7071068 0.7071068 0 -0.7071068 -0.7071068 0 -0.7071068 0.7071068 0 -0.9559293 0.2935969 0 -0.9559293 -0.2935969 0 0.9559293 0.2935969 0 0.9559293 -0.2935969 0 0.3120578 -0.6270759 0.7137196 0.72047 -0.6335204 0.2820902 0.72047 0.6335204 0.2820902 0.3120578 0.6270759 0.7137196 0.72047 -0.6335204 -0.2820902 0.3120578 -0.6270759 -0.7137196 0.3120578 0.6270759 -0.7137196 0.72047 0.6335204 -0.2820902 -0.72047 -0.6335204 0.2820902 -0.3120578 -0.6270759 0.7137196 -0.3120578 0.6270759 0.7137196 -0.72047 0.6335204 0.2820902 -0.3120578 -0.6270759 -0.7137196 -0.72047 -0.6335204 -0.2820902 -0.72047 0.6335204 -0.2820902 -0.3120578 0.6270759 -0.7137196 -0.9759293 0 -0.2180871 -0.3662651 0 -0.9305105 0.9759293 0 0.2180871 0.3662651 0 0.9305105 -0.3662547 0 0.9305146 -0.9759293 0 0.2180871 0.3662651 0 -0.9305105 0.9759293 0 -0.2180871 0.8503915 -0.3766395 0.3673921 0.3721545 -0.4038337 0.8357148 0.3721545 0.4038337 0.8357148 0.8504011 0.3766437 0.3673657 0.3721545 -0.4038337 -0.8357148 0.8503915 -0.3766395 -0.3673921 0.8504011 0.3766437 -0.3673657 0.3721545 0.4038337 -0.8357148 -0.8503915 -0.3766395 -0.3673921 -0.3721545 -0.4038337 -0.8357148 -0.3721545 0.4038337 -0.8357148 -0.8503915 0.3766395 -0.3673921 -0.3721545 -0.4038337 0.8357148 -0.8503915 -0.3766395 0.3673921 -0.8504011 0.3766437 0.3673657 -0.3721545 0.4038337 0.8357148 0 -1 0 0 -1 0 0 1 0 0 1 0 -1 0 0 1 0 0 0.9311711 0 0.3645823 0.4006235 0 0.9162428 0.4006235 0 -0.9162428 0.9311711 0 -0.3645823 -0.9311711 0 -0.3645823 -0.4006235 0 -0.9162428 -0.4006235 0 0.9162428 -0.9311711 0 0.3645823 0.4006235 0 0.9162428 0.9311711 0 -0.3645823 -0.4006235 0 -0.9162428 -0.9311711 0 0.3645823 -1 0 0 1 0 0 0.9311711 0 0.3645823 0.4006235 0 -0.9162428 -0.9311711 0 -0.3645823 -0.4006235 0 0.9162428 -1 0 0 1 0 0 0.9311711 0 0.3645823 0.4006235 0 -0.9162428 -0.9311711 0 -0.3645823 -0.4006235 0 0.9162428 0.4006235 0 0.9162428 0.9311711 0 -0.3645823 -0.4006235 0 -0.9162428 -0.9311711 0 0.3645823 1 0 0 -1 0 0 0.4006235 0 0.9162428 0.9311608 0 0.3646088 0.9311711 0 -0.3645823 0.4006235 0 -0.9162428 -0.4006235 0 -0.9162428 -0.9311711 0 -0.3645823 -0.9311711 0 0.3645823 -0.4006235 0 0.9162428 0.3662651 0 -0.9305105 -0.3120578 -0.6270759 -0.7137196 0.7071068 -0.7071068 0 -0.3662547 0 0.9305146 0.72047 -0.6335204 0.2820902 -0.72047 -0.6335204 -0.2820902 -0.3662651 0 -0.9305105 -0.9759293 0 -0.2180871 0.9759293 0 0.2180871 -0.3662547 0 0.9305146 0.9759293 0 -0.2180871 0.8503915 -0.3766395 -0.3673921 -0.8503915 -0.3766395 0.3673921 0.3662651 0 0.9305105 0.8503915 -0.3766395 0.3673921 -0.8503915 -0.3766395 -0.3673921 -0.3721545 -0.4038337 -0.8357148 0.9311608 0 0.3646088 0.72047 0.6335204 0.2820902 0.3120578 -0.6270759 -0.7137196 0.72047 0.6335204 -0.2820902 0.4006235 0 -0.9162428 0.3120578 0.6270759 -0.7137196 -0.72047 -0.6335204 -0.2820902 -0.4006235 0 0.9162428 0.4006235 0 0.9162428 -0.3120578 -0.6270759 0.7137196 0.3120578 -0.6270759 0.7137196 0.72047 -0.6335204 -0.2820902 0.3120578 -0.6270759 -0.7137196 0.3120578 -0.6270759 0.7137196 -0.72047 -0.6335204 0.2820902 -0.3120578 -0.6270759 0.7137196 -0.3120578 0.6270759 -0.7137196 0.3120578 0.6270759 0.7137196 -0.72047 0.6335204 -0.2820902 -0.72047 0.6335204 0.2820902 -0.3120578 0.6270759 0.7137196 -0.4006235 0 0.9162428 0.4006235 0 0.9162428 0.4006235 0 0.9162428 -0.9311711 0 -0.3645823 0.4006235 0 -0.9162428 0.8504011 0.3766437 -0.3673657 0.8504011 0.3766437 0.3673657 0.3721545 0.4038337 0.8357148 0.4006235 0 -0.9162428 -0.9311711 0 -0.3645823 -0.4006235 0 0.9162428 -0.4006235 0 0.9162428 -0.9311711 0 -0.3645823 0.4006235 0 -0.9162428 -0.8503915 -0.3766395 -0.3673921 0.3721545 -0.4038337 -0.8357148 0.7071068 0.7071068 0 -0.9311711 0 -0.3645823 -0.3120578 0.6270759 0.7137196 0.72047 0.6335204 0.2820902 0.3120578 0.6270759 -0.7137196 -0.3662651 0 -0.9305105 -0.8503915 0.3766395 -0.3673921 -0.7071068 -0.7071068 0 -0.3721545 0.4038337 -0.8357148 -0.8504011 0.3766437 0.3673657 0.9759293 0 -0.2180871 -0.9759293 0 0.2180871 0.9759293 0 0.2180871 -0.7071068 0.7071068 0 0.3721545 0.4038337 -0.8357148 -0.8503915 0.3766395 -0.3673921 -0.3721545 0.4038337 0.8357148 -0.3721545 -0.4038337 0.8357148 -0.72047 0.6335204 -0.2820902  
			<Tangents>: 167 0 0 1 0 0 -1 0 0 1 0 0 1 0 0 -1 0 0 -1 0 0 -1 0 0 -1 0 0 1 0 0 1 -0.8172075 0.205979 0.5382792 0.2118409 -0.1862749 -0.9593879 -0.2118409 -0.1862749 0.9593879 -0.949742 0.1863684 0.2515095 0.238364 -0.1557624 0.9586035 0.9500631 0.2059694 0.2344284 0.3179779 0.6389723 0.7004315 0.2118409 0.186275 0.9593879 -0.2379897 -0.1561978 -0.9586257 -0.8172073 -0.2059792 -0.5382794 -0.8172082 0.2059779 -0.5382786 -0.2379898 0.1561977 -0.9586257 0.3179781 0.6389723 -0.7004315 0.211841 0.1862749 -0.9593879 0.4958983 0.1862948 -0.8481622 0.949119 0.1722818 -0.2636136 0.2180871 0 -0.9759293 0.9305105 0 -0.3662651 -0.2180871 0 0.9759293 -0.9305105 0 0.3662651 -0.9305146 0 -0.3662547 -0.2180871 0 -0.9759293 0.9305105 0 0.3662651 0.2180871 0 0.9759293 -0.3359192 0.148779 0.9300662 -0.9280254 -0.1459538 0.3427337 -0.9281701 0.1608107 0.3356191 -0.4385947 0.1218196 0.8903902 0.9281676 0.1595394 0.3362322 0.3455378 -0.1268007 0.9297985 0.4385945 -0.1218193 0.8903903 0.9281692 -0.1602369 0.335896 0.3359192 0.148779 -0.9300662 0.9278166 -0.136984 -0.3469751 0.9277993 0.1363826 -0.3472581 0.438617 0.1218068 -0.890381 -0.9281676 0.1595709 -0.336217 -0.3454028 -0.1271127 -0.929806 -0.3458303 0.1260576 -0.9297908 -0.9281693 -0.1602592 -0.3358852 6.469113E-08 0 -1 6.149248E-08 0 -1 -1.119523E-07 0 1 -7.717017E-08 0 1 0 0 -1 0 0 1 -0.3645822 0 0.9311712 -0.9162427 0 0.4006236 0.9162428 0 0.4006234 0.3645823 0 0.9311712 0.3645823 0 -0.9311712 0.9162427 0 -0.4006236 -0.9162427 0 -0.4006236 -0.3645823 0 -0.9311712 -0.9162427 0 0.4006236 0.3645823 0 0.9311712 0.9162427 0 -0.4006236 -0.3645823 0 -0.9311712 0 0 -1 0 0 1 -0.3645822 0 0.9311712 0.9162427 0 0.4006236 0.3645822 0 -0.9311712 -0.9162428 0 -0.4006234 0 0 -1 0 0 1 -0.3645822 0 0.9311712 0.9162428 0 0.4006234 0.3645823 0 -0.9311712 -0.9162427 0 -0.4006236 -0.9162428 5.155346E-10 0.4006234 0.3645823 4.348057E-11 0.9311712 0.9162427 -4.45526E-11 -0.4006236 -0.3645823 -4.286816E-11 -0.9311712 0 0 1 0 0 -1 -0.9162427 0 0.4006236 -0.3646088 0 0.9311608 0.3645823 0 0.9311712 0.9162427 0 0.4006236 0.9162427 0 -0.4006236 0.3645823 0 -0.9311712 -0.3645823 0 -0.9311712 -0.9162427 0 -0.4006236 0.9305105 0 0.3662651 0.949119 -0.1722817 -0.2636136 -3.827955E-08 -3.827955E-08 -1 -0.9305146 0 -0.3662547 -0.2295106 0.1660257 0.9590414 0.2118409 0.186275 -0.9593879 0.9305105 0 -0.3662651 0.2180872 0 -0.9759293 -0.2180872 0 0.9759293 -0.9305146 0 -0.3662547 0.2180872 0 0.9759293 0.4386171 0.121807 0.8903809 -0.4386171 0.1218072 -0.8903809 -0.9305105 0 0.3662651 -0.4386172 -0.1218074 0.8903808 0.4386171 -0.1218072 -0.8903809 0.87204 0.1562377 -0.4638277 -0.3646088 0 0.9311608 -0.4958983 0.1862948 0.8481622 0.8172073 -0.2059792 0.5382794 0.238364 0.1557623 0.9586035 0.9162428 0 0.4006234 0.8172079 0.2059783 0.5382789 0.4958977 -0.186294 -0.8481627 -0.9162428 0 -0.4006234 -0.9162427 0 0.4006236 -0.9500631 0.2059694 -0.2344284 -0.9500631 -0.2059694 0.2344284 -0.2118409 0.1862749 -0.9593879 -0.317978 0.6389723 -0.7004315 0.317978 -0.6389723 -0.7004315 -0.2118408 -0.186275 -0.9593879 -0.3179779 -0.6389724 -0.7004315 -0.317978 0.6389723 0.7004315 -0.3179781 -0.6389723 0.7004315 -0.2118409 0.1862749 0.9593879 0.2118409 -0.186275 0.9593879 0.3179779 -0.6389723 0.7004315 -0.9162428 0 -0.4006234 -0.9162428 0 0.4006234 -0.9162428 0 0.4006234 0.3645822 0 -0.9311712 0.9162427 0 0.4006236 0.3456791 0.1264075 0.9297995 -0.3424296 -0.1338948 0.9299538 -0.8720397 -0.1562384 0.4638279 0.9162428 0 0.4006234 0.3645823 0 -0.9311712 -0.9162427 0 -0.4006236 -0.9162428 0 -0.4006234 0.3645822 0 -0.9311712 0.9162427 0 0.4006236 0.4386172 -0.1218074 -0.8903808 0.8720399 -0.1562379 0.4638278 0 0 1 0.3645822 0 -0.9311712 -0.9500631 -0.2059694 -0.2344284 -0.2118409 -0.186275 0.9593879 0.9500631 -0.2059694 0.2344284 0.9305105 0 -0.3662651 0.3359192 -0.148779 -0.9300662 3.827955E-08 -3.827955E-08 -1 0.8720397 -0.1562384 -0.4638279 -0.4385945 -0.1218193 -0.8903903 0.2180872 0 0.9759293 -0.2180872 0 -0.9759293 -0.2180872 0 0.9759293 0 0 1 0.8720396 0.1562386 0.463828 0.438617 0.1218068 -0.890381 -0.8720396 0.1562386 -0.463828 -0.8720399 -0.1562379 -0.4638277 0.2118409 -0.186275 -0.9593879  
			<BiTangents>: 167 0 1 0 0 1 0 0.7071068 0.7071068 0 -0.7071068 0.7071068 0 -0.7071068 0.7071068 0 0.7071068 0.7071068 0 0.2935969 0.9559293 0 -0.2935969 0.9559293 0 -0.2935969 0.9559293 0 0.2935969 0.9559293 0 0.4845532 0.7512313 0.4481738 -0.6603382 -0.7509685 -1.378418E-08 -0.6603382 0.7509685 -6.487208E-08 -0.02470079 0.756335 -0.6537181 0.651234 0.7578852 -0.03878631 2.378816E-09 0.7512339 -0.6600361 -0.8952709 0.4455222 4.251494E-09 -0.6603382 0.7509685 -6.391848E-09 -0.6513708 0.7577955 0.0382355 -0.4845535 0.7512312 0.4481736 0.484552 0.7512316 -0.4481746 0.6513708 0.7577955 -0.03823562 -0.8952708 0.4455223 -9.760487E-08 -0.6603382 0.7509685 -1.254002E-07 0.4847761 0.7509635 0.4483815 0.04234485 0.7596676 0.6489316 0 1 0 0 1 0 0 1 0 0 1 0 0 1 0 0 1 0 0 1 0 0 1 0 0.4049599 0.9143345 -2.361391E-09 0.01643167 0.9031145 0.4290853 -0.001142451 0.9005877 -0.4346728 -0.2906075 0.9183134 -0.2687894 0.002452451 0.9008138 -0.4341987 0.3967844 0.9176406 -0.02231295 -0.2906077 0.9183135 0.2687891 -0.001733777 0.90069 0.4344589 -0.4049599 0.9143345 2.361391E-09 -0.02564068 0.9045185 -0.4256629 0.0262576 0.9046094 0.4254321 0.2906018 0.9183168 0.2687839 -0.002419987 0.9008082 0.4342104 -0.3969019 0.9175974 0.02199674 0.3965091 0.9177413 -0.02305532 0.001710778 0.900686 -0.4344673 -1 0 -6.469113E-08 -1 0 -6.149248E-08 -1 0 -1.119523E-07 -1 0 -7.717017E-08 0 1 0 0 1 0 0 1 0 0 1 0 0 1 0 0 1 0 0 1 0 0 1 0 0 1 0 0 1 0 0 1 0 0 1 0 0 1 0 0 1 0 0 1 0 0 1 0 0 1 0 0 1 0 0 1 0 0 1 0 0 1 0 0 1 0 0 1 0 0 1 0 0 1 0 0 1 0 4.723548E-10 1 -2.065353E-10 -1.585224E-11 1 -4.048785E-11 4.082101E-11 1 -1.784882E-11 -1.562897E-11 1 -3.99176E-11 0 1 0 0 1 0 0 1 0 0 1 0 0 1 0 0 1 0 0 1 0 0 1 0 0 1 0 0 1 0 0 1 0 -0.04234491 0.7596676 -0.6489316 -0.7071068 -0.7071068 5.413546E-08 0 1 0 0.6544065 0.7557032 0.0257831 -0.6603382 0.7509685 6.391848E-09 0 1 0 0 1 0 0 1 0 0 1 0 0 1 0 0.2906017 0.9183168 -0.2687841 -0.2906016 0.9183168 0.2687843 0 1 0 0.2906015 0.9183168 0.2687846 -0.2906016 0.9183168 -0.2687843 -0.3178794 0.9013923 -0.2940146 0 1 0 -0.4847761 0.7509635 -0.4483815 0.4845535 0.7512313 -0.4481736 -0.6512339 0.7578852 0.03878638 0 1 0 -0.4845525 0.7512314 0.4481743 -0.4847767 0.7509637 -0.4483806 0 1 0 0 1 0 -2.378816E-09 0.7512339 0.6600361 2.378816E-09 0.7512339 0.6600361 -0.6603382 -0.7509685 5.413624E-08 -0.8952709 -0.4455222 2.293981E-08 -0.8952709 -0.4455222 -2.293981E-08 -0.6603382 0.7509685 -4.674391E-08 -0.8952709 0.4455222 -3.303692E-08 -0.8952708 -0.4455223 -6.031645E-08 -0.8952708 0.4455223 -1.162932E-07 -0.6603382 -0.7509685 -6.487208E-08 -0.6603382 -0.7509685 -6.391848E-09 -0.8952709 -0.4455222 4.251494E-09 0 1 0 0 1 0 0 1 0 0 1 0 0 1 0 -0.3966409 0.9176931 0.02270074 -0.3994496 0.9166307 -0.01510969 -0.3178801 0.9013922 -0.2940142 0 1 0 0 1 0 0 1 0 0 1 0 0 1 0 0 1 0 -0.2906015 0.9183168 -0.2687845 0.3178796 0.9013923 -0.2940145 -0.7071068 0.7071068 0 0 1 0 2.378816E-09 0.7512339 -0.6600361 -0.6603382 0.7509685 6.391848E-09 -2.378816E-09 0.7512339 0.6600361 0 1 0 0.4049599 0.9143345 -2.361391E-09 -0.7071068 0.7071068 -5.413546E-08 0.3178801 0.9013922 0.2940142 0.2906077 0.9183135 -0.2687891 0 1 0 0 1 0 0 1 0 -0.7071068 -0.7071068 0 -0.3178803 0.9013922 0.2940141 0.2906018 0.9183168 0.2687839 0.3178803 0.9013922 -0.2940141 -0.3178796 0.9013923 0.2940145 0.6603382 0.7509685 -6.391848E-09  
			<SubMeshes>: 1
				<SubMesh>: 0 552 32 44 27 81 2 14 94 43 38 52 17 16 28 9 34 26 6 1 43 89 38 51 23 22 9 33 39 9 87 34 82 15 95 30 35 46 31 7 1 35 93 46 26 7 42 11 50 96 47 85 7 85 42 7 28 8 0 39 84 9 97 36 29 75 98 2 31 6 48 83 4 18 52 12 3 8 33 0 74 99 4 100 45 101 29 37 102 48 103 31 40 32 104 105 94 38 106 30 46 107 108 35 100 109 110 13 111 112 98 80 10 113 81 14 114 115 116 117 82 95 25 91 24 19 83 18 21 118 20 119 120 121 122 50 123 124 51 50 50 22 123 125 51 126 127 52 16 53 128 52 129 53 127 53 130 131 64 62 57 132 67 63 60 66 61 58 65 59 56 133 134 68 135 54 67 54 63 69 56 55 66 136 61 69 59 65 8 65 137 44 71 66 138 69 8 48 68 67 6 72 68 70 139 133 140 137 65 141 44 66 73 48 67 36 142 64 57 79 119 143 63 83 78 61 82 77 59 81 76 134 80 54 144 74 63 74 83 55 76 75 61 145 82 59 75 81 47 118 92 90 146 91 88 147 115 86 108 111 88 148 84 5 149 85 21 85 92 86 150 93 84 151 87 90 152 89 41 44 32 75 2 81 153 43 94 3 17 52 0 9 28 154 6 26 90 89 43 155 23 51 0 33 9 84 87 9 145 15 82 107 35 30 47 7 31 86 93 35 1 7 26 124 50 11 92 85 47 149 42 85 138 8 28 88 84 39 49 36 97 76 98 75 1 6 31 74 4 83 128 12 52 137 33 8 144 99 74 156 45 100 36 37 29 49 97 157 41 32 40 158 94 105 159 30 106 160 108 107 101 109 100 86 111 13 76 80 98 77 81 113 88 115 114 78 82 117 90 91 25 143 83 19 92 118 21 79 120 119 96 50 122 126 51 124 51 22 50 155 51 125 53 52 127 131 128 53 161 53 129 161 130 53 142 62 64 73 67 132 141 66 60 140 65 58 70 133 56 72 135 68 68 54 67 70 56 69 71 136 66 55 59 69 69 65 8 41 71 44 70 69 138 6 68 48 154 72 6 138 139 70 162 137 140 163 44 141 164 48 73 49 142 36 62 79 57 132 63 143 60 61 78 58 59 77 56 134 76 135 144 54 54 74 63 56 76 55 136 145 61 55 75 59 165 118 47 43 146 90 39 147 88 35 108 86 114 148 88 166 149 5 5 85 21 13 150 86 148 151 84 25 152 90  
		</Mesh>
		<Materials>: 1
			<Material>: 0
				<AlbedoColor>: 1 1 1 1
				<EmissiveColor>: 0 0 0 0
				<Glossiness>: 0.04
				<Metallic>: 0
				<SpecularHighlight>: 1
				<GlossyReflection>: 1
				<AlbedoMap>: BLD_IndBuilding1_A
				<MetallicMap>: BLD_IndBuilding1_MS
				<NormalMap>: BLD_IndBuilding1_N
				<EmissionMap>: null
				<DetailAlbedoMap>: DET_Concrete1_A
				<DetailNormalMap>: DET_Concrete1_N
		</Materials>
		<Children>: 0
	</Frame>
</Hierarchy>
