<Hierarchy>:
	<Frame>: 0 5 IndBuilding1_Floor_Mid_A_4x
		<Transform>: 0 0 0 0 0 0 1 1 1 0 0 0 1  
		<TransformMatrix>: 1 0 0 0 0 1 0 0 0 0 1 0 0 0 0 1  
		<BoxCollider>: 1 2.999996 -0.09499995 3 6 0.2100001 6  
		<Mesh>: 192 IndBuilding1_Floor_Mid_A_4x
			<Bounds>: 2.999996 -0.09499995 3 3 0.1050001 3
			<Positions>: 192 3 -0.1999999 3 3 0.01000012 3 3 -0.2 8.742278E-09 3 0.009999985 -4.371132E-10 0 -0.1999999 3 0 0.01000012 3 0 -0.2 8.742278E-09 0 0.009999985 -4.371132E-10 2.861497 0.01000011 2.861497 2.861497 0.009999991 0.1385033 0.1385033 0.009999991 0.1385033 0.1385033 0.01000011 2.861497 2.856596 -0.2 0.1434035 2.856596 -0.1999999 2.856596 0.1434035 -0.2 0.1434035 0.1434035 -0.1999999 2.856596 5.999996 -0.2 8.742278E-09 5.999996 0.009999985 -4.371132E-10 5.861493 0.01000011 2.861497 5.861493 0.009999991 0.1385033 3.138499 0.009999991 0.1385033 3.138499 0.01000011 2.861497 5.856592 -0.2 0.1434035 5.856592 -0.1999999 2.856596 3.1434 -0.2 0.1434035 3.1434 -0.1999999 2.856596 5.999996 -0.1999999 6 5.999996 0.01000012 6 5.999996 -0.2 3 5.999996 0.009999985 3 2.999996 -0.1999999 6 2.999996 0.01000012 6 5.861493 0.01000011 5.861497 5.861493 0.009999991 3.138503 3.138499 0.009999991 3.138503 3.138499 0.01000011 5.861497 5.856592 -0.2 3.143404 5.856592 -0.1999999 5.856596 3.1434 -0.2 3.143404 3.1434 -0.1999999 5.856596 -3.814697E-06 -0.1999999 6 -3.814697E-06 0.01000012 6 2.861493 0.01000011 5.861497 2.861493 0.009999991 3.138503 0.1384995 0.009999991 3.138503 0.1384995 0.01000011 5.861497 2.856592 -0.2 3.143404 2.856592 -0.1999999 5.856596 0.1433996 -0.2 3.143404 0.1433996 -0.1999999 5.856596 3 -0.2 8.742278E-09 0 0.009999985 -4.371132E-10 0 -0.2 8.742278E-09 5.856592 -0.2 0.1434035 5.999996 -0.2 8.742278E-09 2.861497 0.01000011 2.861497 3 0.009999985 -4.371132E-10 2.861497 0.009999991 0.1385033 2.861497 0.009999991 0.1385033 3 0.009999985 -4.371132E-10 0 0.009999985 -4.371132E-10 0.1385033 0.009999991 0.1385033 0 0.01000012 3 0.1385033 0.01000011 2.861497 0.1385033 0.01000011 2.861497 0 0.01000012 3 3 0.01000012 3 2.861497 0.01000011 2.861497 2.856596 -0.2 0.1434035 2.856596 -0.1999999 2.856596 0.1434035 -0.2 0.1434035 0 -0.2 8.742278E-09 3 -0.2 8.742278E-09 2.856596 -0.2 0.1434035 0.1434035 -0.1999999 2.856596 0 -0.1999999 3 0.1434035 -0.2 0.1434035 0 -0.1999999 3 0.1434035 -0.1999999 2.856596 3 0.01000012 3 3.138499 0.01000011 2.861497 5.856592 -0.1999999 2.856596 3.1434 -0.2 0.1434035 5.856592 -0.2 0.1434035 3.138499 0.01000011 2.861497 5.861493 0.01000011 2.861497 3.138499 0.009999991 0.1385033 5.999996 -0.2 3 5.999996 0.009999985 3 5.861493 0.009999991 0.1385033 5.861493 0.01000011 2.861497 5.999996 0.009999985 3 5.999996 0.009999985 -4.371132E-10 5.861493 0.009999991 0.1385033 5.999996 -0.1999999 6 5.999996 0.01000012 6 5.861493 0.01000011 5.861497 5.999996 0.01000012 6 5.861493 0.009999991 3.138503 3.138499 0.01000011 5.861497 2.999996 0.01000012 6 5.999996 0.01000012 6 5.861493 0.01000011 5.861497 5.856592 -0.2 3.143404 5.999996 -0.2 3 5.999996 -0.1999999 6 5.856592 -0.1999999 5.856596 2.999996 -0.1999999 6 3.1434 -0.1999999 5.856596 5.999996 0.009999985 -4.371132E-10 5.999996 -0.2 8.742278E-09 3 -0.2 8.742278E-09 3 0.009999985 -4.371132E-10 5.999996 0.009999985 3 5.999996 -0.2 3 5.999996 -0.2 8.742278E-09 5.999996 0.009999985 -4.371132E-10 3.1434 -0.1999999 2.856596 3.1434 -0.2 0.1434035 3 -0.1999999 3 3.1434 -0.1999999 2.856596 5.861493 0.009999991 3.138503 5.999996 0.009999985 3 3.138499 0.009999991 3.138503 2.999996 0.01000012 6 3.138499 0.01000011 5.861497 3.1434 -0.2 3.143404 5.856592 -0.2 3.143404 3.1434 -0.1999999 5.856596 2.999996 -0.1999999 6 3.1434 -0.2 3.143404 0 0.01000012 3 0 -0.1999999 3 -3.814697E-06 0.01000012 6 -3.814697E-06 -0.1999999 6 2.999996 -0.1999999 6 2.999996 0.01000012 6 2.861493 0.01000011 5.861497 2.861493 0.009999991 3.138503 2.861493 0.009999991 3.138503 0 0.01000012 3 0.1384995 0.009999991 3.138503 -3.814697E-06 0.01000012 6 0.1384995 0.01000011 5.861497 0.1384995 0.01000011 5.861497 -3.814697E-06 0.01000012 6 2.999996 0.01000012 6 2.861493 0.01000011 5.861497 2.856592 -0.2 3.143404 2.856592 -0.1999999 5.856596 0.1433996 -0.2 3.143404 2.856592 -0.2 3.143404 0.1433996 -0.1999999 5.856596 -3.814697E-06 -0.1999999 6 0.1433996 -0.2 3.143404 -3.814697E-06 -0.1999999 6 0.1433996 -0.1999999 5.856596 0.1385033 0.009999991 0.1385033 0 0.009999985 -4.371132E-10 3 -0.2 8.742278E-09 0 -0.2 8.742278E-09 2.856596 -0.1999999 2.856596 3 -0.1999999 3 3 0.009999985 -4.371132E-10 3 0.01000012 3 3 0.009999985 -4.371132E-10 3.138499 0.009999991 0.1385033 5.999996 0.009999985 3 5.856592 -0.1999999 5.856596 5.999996 -0.1999999 6 3 -0.1999999 3 3 -0.2 8.742278E-09 5.856592 -0.1999999 2.856596 5.999996 -0.2 3 3 0.01000012 3 3.138499 0.009999991 3.138503 3 0.01000012 3 3 -0.1999999 3 5.999996 -0.2 3 3 -0.1999999 3 2.999996 0.01000012 6 3 0.01000012 3 3 0.01000012 3 0.1384995 0.009999991 3.138503 0 0.01000012 3 3 -0.1999999 3 2.999996 -0.1999999 6 0 -0.1999999 3 3 -0.1999999 3 0 -0.1999999 3 2.856592 -0.1999999 5.856596 2.999996 -0.1999999 6  
			<Colors>: 0  
			<TextureCoords0>: 192 0.0004882813 0.2333984 0.1416016 0.1982422 0.4008789 0.2333984 0.2001953 0.253418 0.2001953 0.253418 0.2001953 0.2338867 0.3994141 0.2338867 0.3994141 0.253418 0.01318359 0.190918 0.01318359 0.009277344 0.1884766 0.009277344 0.1884766 0.190918 0.6010742 0.0004882813 0.6010742 0.1992188 0.7993164 0.0004882813 0.7993164 0.1992188 0 0.2333984 0.1416016 0.1865234 0.1533203 0.01123047 0.1889648 0.1894531 0.1533203 0.01171875 0.1533203 0.1777344 0.01953125 0.2529297 0.02050781 0.2529297 0.3837891 0.2529297 0.6005859 0.199707 0.3994141 0.253418 0.3994141 0.2338867 0.0004882813 0.2333984 0.1416016 0.002929688 0.2001953 0.2338867 0.2001953 0.253418 0.01318359 0.190918 0.01318359 0.009277344 0.1884766 0.009277344 0.1884766 0.190918 0.6010742 0.0004882813 0.6010742 0.1992188 0.7993164 0.0004882813 0.7993164 0.1992188 0.2001953 0.253418 0.2001953 0.2338867 0.1889648 0.005371094 0.1889648 0.1894531 0.01123047 0.1894531 0.01123047 0.005371094 0.7993164 0 0.6005859 0 0.7993164 0.199707 0.6005859 0.199707 0.2001953 0.2338867 0.3994141 0.2338867 0.3994141 0.253418 0.3837891 0.2529297 0.4008789 0.2333984 0.1533203 0.1889648 0.1416016 0.002929688 0.1533203 0.01171875 0.1533203 0.1777344 0.1416016 0.1865234 0.1416016 0.002929688 0.1533203 0.01123047 0.1416016 0.1982422 0.1533203 0.1889648 0.1533203 0.1777344 0.1416016 0.1865234 0.1416016 0.002929688 0.1533203 0.01123047 0.3837891 0.2529297 0.02050781 0.2529297 0.3837891 0.2529297 0.4008789 0.2333984 0 0.2333984 0.01953125 0.2529297 0.02050781 0.2524414 0.0004882813 0.2333984 0.3823242 0.2524414 0.4008789 0.2333984 0.3837891 0.2529297 0.1416016 0.1865234 0.1533203 0.1889648 0.6005859 0 0.7993164 0.199707 0.7993164 0 0.01123047 0.005371094 0.1889648 0.005371094 0.01123047 0.1894531 0.2001953 0.253418 0.2001953 0.2338867 0.1533203 0.1777344 0.1533203 0.1889648 0.1416016 0.1982422 0.1416016 0.002929688 0.1533203 0.01171875 0.3994141 0.2338867 0.3994141 0.253418 0.1533203 0.1889648 0.1416016 0.1982422 0.1533203 0.01171875 0.1533203 0.1777344 0.1416016 0.1865234 0.1416016 0.002929688 0.1533203 0.01123047 0.3837891 0.2529297 0.4008789 0.2333984 0.0004882813 0.2333984 0.02050781 0.2529297 0.4008789 0.2333984 0.3837891 0.2529297 0.2001953 0.253418 0.2001953 0.2338867 0.3994141 0.2338867 0.3994141 0.253418 0.3994141 0.2338867 0.3994141 0.253418 0.2001953 0.253418 0.2001953 0.2338867 0.02050781 0.2524414 0.3823242 0.2524414 0.4008789 0.2333984 0.3837891 0.2529297 0.1533203 0.1777344 0.1416016 0.1865234 0.1533203 0.01123047 0.1416016 0.1982422 0.1533203 0.1889648 0.3837891 0.2529297 0.01953125 0.2529297 0.02050781 0.2524414 0.0004882813 0.2333984 0.3823242 0.2524414 0.3994141 0.2338867 0.3994141 0.253418 0.2001953 0.253418 0.2001953 0.2338867 0.3994141 0.2338867 0.3994141 0.253418 0.1533203 0.1889648 0.1533203 0.01171875 0.1533203 0.1777344 0.1416016 0.002929688 0.1533203 0.01123047 0.1416016 0.1982422 0.1533203 0.1889648 0.1533203 0.1777344 0.1416016 0.1865234 0.1416016 0.002929688 0.1533203 0.01123047 0.3837891 0.2529297 0.02050781 0.2529297 0.3837891 0.2529297 0.01953125 0.2529297 0.02050781 0.2524414 0.0004882813 0.2333984 0.3823242 0.2524414 0.4008789 0.2333984 0.3837891 0.2529297 0.1533203 0.01171875 0.1416016 0.002929688 0.4008789 0.2333984 0.4008789 0.2333984 0.01953125 0.2529297 0 0.2333984 0.1416016 0.002929688 0.1416016 0.1982422 0.1416016 0.002929688 0.1533203 0.01123047 0.1416016 0.002929688 0.01953125 0.2529297 0 0.2333984 0.0004882813 0.2333984 0.4008789 0.2333984 0.01953125 0.2529297 0 0.2333984 0.1416016 0.002929688 0.1533203 0.01171875 0.1416016 0.002929688 0.4008789 0.2333984 0 0.2333984 0.4008789 0.2333984 0.1416016 0.1982422 0.1416016 0.002929688 0.1416016 0.1865234 0.1533203 0.01171875 0.1416016 0.002929688 0.4008789 0.2333984 0.0004882813 0.2333984 0.4008789 0.2333984 0 0.2333984 0.4008789 0.2333984 0.01953125 0.2529297 0 0.2333984  
			<TextureCoords1>: 192 0.2463999 0.7536002 0.2463999 0.2647071 0.4888935 0.7536002 0.7352929 0.916474 0.7352931 0.9543307 0.7352931 0.9373562 0.9777864 0.9334486 0.9777862 0.916474 0.2352046 0.2759026 0.01510159 0.2759026 0.01510165 0.4960052 0.2352046 0.4960051 0.477302 0.7651919 0.2579913 0.7651917 0.4773019 0.9845023 0.2579913 0.9845021 0.4888933 0.5111071 0.003906366 0.02221411 0.2352044 0.03340954 0.01510191 0.03340948 0.0151017 0.2535119 0.2352045 0.2535122 0.4773018 0.5226986 0.2579915 0.5226986 0.477302 0.7420091 0.2579913 0.7420089 0.4927998 0.9752129 0.4927998 0.9582384 0.2463998 0.5111072 0.2463997 0.02221417 0.7352933 0.9960938 0.7352931 0.9791192 0.4776976 0.03340954 0.2575953 0.0334096 0.2575952 0.2535119 0.4776979 0.253512 0.2348084 0.5226987 0.01549816 0.5226986 0.2348084 0.742009 0.01549786 0.7420087 0.9777867 0.9543293 0.9777866 0.9373548 0.477698 0.2759029 0.2575955 0.2759028 0.2575956 0.4960054 0.4776979 0.4960054 0.2348084 0.765192 0.01549803 0.7651919 0.2348083 0.9845024 0.01549774 0.9845021 0.735293 0.9334486 0.4927998 0.9373548 0.4927998 0.9543294 0.4773018 0.5226986 0.4888933 0.5111071 0.2352046 0.2759026 0.00390625 0.2647072 0.01510159 0.2759026 0.01510159 0.2759026 0.00390625 0.2647072 0.003906262 0.5072006 0.01510165 0.4960052 0.2464002 0.5072005 0.2352046 0.4960051 0.2352046 0.4960051 0.2464002 0.5072005 0.2463999 0.2647071 0.2352046 0.2759026 0.477302 0.7651919 0.2579913 0.7651917 0.4773019 0.9845023 0.4888933 0.9960938 0.4888935 0.7536002 0.477302 0.7651919 0.2579913 0.9845021 0.2463998 0.9960936 0.4773019 0.9845023 0.2463998 0.9960936 0.2579913 0.9845021 0.2463999 0.2647071 0.2352045 0.2535122 0.2579915 0.5226986 0.477302 0.7420091 0.4773018 0.5226986 0.2352045 0.2535122 0.2352044 0.03340954 0.0151017 0.2535119 0.7352933 0.9752116 0.7352933 0.958237 0.01510191 0.03340948 0.2352044 0.03340954 0.2463997 0.02221417 0.003906366 0.02221411 0.01510191 0.03340948 0.9777867 0.9960938 0.9777865 0.9791192 0.4776976 0.03340954 0.488893 0.02221411 0.2575953 0.0334096 0.4776979 0.253512 0.4888934 0.2647074 0.488893 0.02221411 0.4776976 0.03340954 0.2348084 0.5226987 0.2463998 0.5111072 0.003906528 0.5111071 0.01549816 0.5226986 0.003906382 0.7536004 0.01549786 0.7420087 0.4927998 0.916474 0.4927999 0.9334486 0.735293 0.9334486 0.7352929 0.916474 0.7352933 0.958237 0.7352933 0.9752116 0.9777867 0.9752129 0.9777866 0.9582384 0.2579913 0.7420089 0.477302 0.7420091 0.2463999 0.7536002 0.2579913 0.7420089 0.2575953 0.0334096 0.2463997 0.02221417 0.2575952 0.2535119 0.4888934 0.2647074 0.4776979 0.253512 0.2348084 0.742009 0.2348084 0.5226987 0.01549786 0.7420087 0.003906382 0.7536004 0.2348084 0.742009 0.7352931 0.9373562 0.7352931 0.9543307 0.4927998 0.9791192 0.4927999 0.9960938 0.7352933 0.9960938 0.7352931 0.9791192 0.477698 0.2759029 0.2575955 0.2759028 0.2575955 0.2759028 0.2464002 0.5072005 0.2575956 0.4960054 0.4888934 0.5072008 0.4776979 0.4960054 0.4776979 0.4960054 0.4888934 0.5072008 0.4888934 0.2647074 0.477698 0.2759029 0.2348084 0.765192 0.01549803 0.7651919 0.2348083 0.9845024 0.2348084 0.765192 0.01549774 0.9845021 0.00390625 0.9960936 0.2348083 0.9845024 0.00390625 0.9960936 0.01549774 0.9845021 0.01510165 0.4960052 0.003906262 0.5072006 0.4888935 0.7536002 0.4888933 0.9960938 0.2579913 0.7651917 0.2463999 0.7536002 0.00390625 0.2647072 0.2463999 0.2647071 0.00390625 0.2647072 0.0151017 0.2535119 0.2463997 0.02221417 0.01549816 0.5226986 0.003906528 0.5111071 0.2463999 0.7536002 0.4888935 0.7536002 0.2579915 0.5226986 0.2463998 0.5111072 0.2463999 0.2647071 0.2575952 0.2535119 0.2463999 0.2647071 0.2463999 0.7536002 0.2463998 0.5111072 0.2463999 0.7536002 0.4888934 0.2647074 0.2463999 0.2647071 0.2463999 0.2647071 0.2575956 0.4960054 0.2464002 0.5072005 0.2463999 0.7536002 0.003906382 0.7536004 0.2463998 0.9960936 0.2463999 0.7536002 0.2463998 0.9960936 0.01549803 0.7651919 0.003906382 0.7536004  
			<Normals>: 192 0 -1 0 0 1 0 0 -1 0 0 0 -1 -1 0 0 -1 0 0 0 0 -1 0 0 -1 0 1 0 0 1 0 0 1 0 0 1 0 0 -1 0 0 -1 0 0 -1 0 0 -1 0 0 -1 0 0 1 0 0 1 0 0 1 0 0 1 0 0 1 0 0 -1 0 0 -1 0 0 -1 0 0 -1 0 1 0 0 1 0 0 0 -1 0 0 1 0 0 0 1 0 0 1 0 1 0 0 1 0 0 1 0 0 1 0 0 -1 0 0 -1 0 0 -1 0 0 -1 0 -1 0 0 -1 0 0 0 1 0 0 1 0 0 1 0 0 1 0 0 -1 0 0 -1 0 0 -1 0 0 -1 0 0 0 -1 -1 0 0 -1 0 0 0 -1 0 0 -1 0 0 1 0 0 1 0 0 1 0 0 1 0 0 1 0 0 1 0 0 1 0 0 1 0 0 1 0 0 1 0 0 1 0 0 1 0 0 1 0 0 -1 0 0 -1 0 0 -1 0 0 -1 0 0 -1 0 0 -1 0 0 -1 0 0 -1 0 0 -1 0 0 -1 0 0 -1 0 0 1 0 0 1 0 0 -1 0 0 -1 0 0 -1 0 0 1 0 0 1 0 0 1 0 1 0 0 1 0 0 0 1 0 0 1 0 0 1 0 0 1 0 0 1 0 0 0 1 0 0 1 0 1 0 0 1 0 0 1 0 0 1 0 0 1 0 0 1 0 0 1 0 0 -1 0 0 -1 0 0 -1 0 0 -1 0 0 -1 0 0 -1 0 0 0 -1 0 0 -1 0 0 -1 0 0 -1 1 0 0 1 0 0 1 0 0 1 0 0 0 -1 0 0 -1 0 0 -1 0 0 -1 0 0 1 0 0 1 0 0 1 0 0 1 0 0 1 0 0 -1 0 0 -1 0 0 -1 0 0 -1 0 0 -1 0 -1 0 0 -1 0 0 0 0 1 0 0 1 0 0 1 0 0 1 0 1 0 0 1 0 0 1 0 0 1 0 0 1 0 0 1 0 0 1 0 0 1 0 0 1 0 0 1 0 0 1 0 0 -1 0 0 -1 0 0 -1 0 0 -1 0 0 -1 0 0 -1 0 0 -1 0 0 -1 0 0 -1 0 0 1 0 0 1 0 0 -1 0 0 -1 0 0 -1 0 0 -1 0 0 1 0 0 1 0 0 1 0 0 1 0 0 1 0 0 -1 0 0 -1 0 0 -1 0 0 -1 0 0 -1 0 0 -1 0 0 1 0 0 1 0 0 1 0 0 -1 0 0 -1 0 0 -1 0 0 1 0 0 1 0 0 1 0 0 1 0 0 1 0 0 -1 0 0 -1 0 0 -1 0 0 -1 0 0 -1 0 0 -1 0 0 -1 0  
			<Tangents>: 192 0 0 -1 -0.9995839 0 0.02884425 -1 0 0 -1 0 0 0 -4.38136E-08 -1 0 -4.377216E-08 -1 -1 0 0 -1 0 0 -1 0 0 -1 0 0 -1 0 0 -1 0 0 -1 0 0 -1 0 0 -1 0 0 -1 0 0 -1 0 0 0.03689302 0 0.9993192 -0.01987401 0 -0.9998025 1 0 0 0.7563432 0 0.654175 -0.03660435 0 -0.9993299 -1 0 0 0 0 -1 -1 0 0 0 0 -1 0 4.470348E-08 1 0 4.466205E-08 1 0 0 -1 -0.02102452 0 -0.999779 1 0 0 1 0 0 -1 0 0 -1 0 0 -1 0 0 -1 0 0 -1 0 0 -1 0 0 -1 0 0 -1 0 0 0 0 -1 0 0 -1 1 0 0 1 0 0 1 0 0 1 0 0 0 0 -1 0 0 -1 0 0 -1 0 0 -1 -1 0 0 0 -4.466205E-08 -1 0 -4.470348E-08 -1 0 0 -1 0 0 -1 -0.9995859 0 0.02877455 -0.9996784 0 0.02536137 -0.9996847 0 0.02510952 0.03657863 0 0.9993308 0.03689605 0 0.9993191 0.7553369 0 0.6553366 0.7563474 0 0.6541702 0.9995858 0 0.02877798 0.9995785 0 0.02903046 -0.03657854 0 -0.9993308 -0.03689596 0 -0.9993191 -0.02102106 0 -0.999779 -0.01987221 0 -0.9998025 0 0 -1 0 0 -1 -1 0 0 -1 0 0 -1 0 0 -1 0 0 0 0 -1 0 0 -1 0 0 -1 -1 0 0 -1 0 0 -0.03692223 0 -0.9993181 0.9995785 0 0.02903126 0 0 -1 0 0 -1 0 0 -1 1 0 0 1 0 0 1 0 0 0 4.38136E-08 1 0 4.377216E-08 1 0.03657514 0 0.9993309 -0.9995859 0 0.0287745 -0.9995839 0 0.0288442 -0.9996784 0 0.02536133 -0.9996847 0 0.02510947 1 0 0 1 0 0 -0.9995859 0 0.02877619 -0.9995838 0 0.02884592 -0.9996847 0 0.02510939 -0.03657873 0 -0.9993308 -0.03689612 0 -0.9993191 -0.02102279 0 -0.999779 -0.01987405 0 -0.9998025 0 0 -1 0 0 -1 0 0 -1 0 0 -1 -1 0 0 -1 0 0 -1 0 0 -1 0 0 -1 0 0 -1 0 0 0 0 1 0 0 1 0 0 1 0 0 1 0 0 -1 0 0 -1 -1 0 0 -1 0 0 0.03657515 0 0.9993309 0.03689303 0 0.9993192 0.7563432 0 0.654175 0.9995858 0 0.02877971 0.9995785 0 0.02903227 -1 0 0 -1 0 0 1.247055E-06 0 -1 6.995859E-07 0 -1 0 0 -1 0 0 -1 0 0 -1 1 0 0 1 0 0 1 0 0 1 0 0 -0.9995859 0 0.02877613 -0.9996848 0 0.0251087 0.03654946 0 0.9993318 0.7553187 0 0.6553577 0.7563432 0 0.654175 0.9995858 0 0.02877971 0.9995785 0 0.02903227 -0.03657873 0 -0.9993308 -0.03689612 0 -0.9993191 -0.02102279 0 -0.999779 -0.01987405 0 -0.9998025 1.246957E-06 0 -1 0 0 -1 -1 0 0 -1 0 0 1.247055E-06 0 -1 1.271566E-06 0 -1 0 0 -1 -1 0 0 -1 0 0 0.7563474 0 0.6541702 0.7553369 0 0.6553366 0 0 -1 0 0 -1 -1 0 0 -1 0 0 0.7553186 0 0.6553577 0.9995858 0 0.02877878 0.7553186 0 0.6553577 0.7563432 0 0.654175 -0.9996784 0 0.02536137 -1 0 0 -1 0 0 0 0 -1 0 0 -1 -1 0 0 -1 0 0 0.7553192 0 0.6553571 0.7563432 0 0.654175 0.7553192 0 0.6553571 -1 0 0 -1 0 0 7.157999E-07 0 -1 -0.9995839 0 0.02884588 -0.9996784 0 0.02536072 0.03686685 0 0.9993202 0.7563432 0 0.654175 0.7553187 0 0.6553577 7.157999E-07 0 -1 6.995859E-07 0 -1 -1 0 0 -1 0 0 8.925861E-08 0 -1 -1 0 0 -1 0 0  
			<BiTangents>: 192 1 0 0 -0.02884425 0 -0.9995839 0 0 -1 0 -1 0 0 1 -4.38136E-08 0 1 -4.377216E-08 0 -1 0 0 -1 0 0 0 -1 0 0 -1 0 0 -1 0 0 -1 0 0 -1 0 0 -1 0 0 -1 0 0 -1 0 0 -1 -0.9993192 0 0.03689302 0.9998025 0 -0.01987401 0 0 1 0.654175 0 -0.7563432 0.9993299 0 -0.03660435 0 0 -1 1 0 0 0 0 -1 1 0 0 0 1 -4.470348E-08 0 1 -4.466205E-08 1 0 0 0.999779 0 -0.02102452 0 -1 0 0 -1 0 0 0 -1 0 0 -1 0 0 -1 0 0 -1 0 0 -1 0 0 -1 0 0 -1 0 0 -1 0 1 0 0 1 0 0 0 1 0 0 1 0 0 1 0 0 1 1 0 0 1 0 0 1 0 0 1 0 0 0 -1 0 0 1 -4.466205E-08 0 1 -4.470348E-08 1 0 0 1 0 0 -0.02877455 0 -0.9995859 -0.02536137 0 -0.9996784 -0.02510952 0 -0.9996847 -0.9993308 0 0.03657863 -0.9993191 0 0.03689605 -0.6553366 0 0.7553369 -0.6541702 0 0.7563474 0.02877798 0 -0.9995858 0.02903046 0 -0.9995785 0.9993308 0 -0.03657854 0.9993191 0 -0.03689596 0.999779 0 -0.02102106 0.9998025 0 -0.01987221 1 0 0 1 0 0 0 0 -1 0 0 -1 0 0 -1 0 0 -1 -1 0 0 -1 0 0 -1 0 0 0 0 1 0 0 1 0.9993181 0 -0.03692223 0.02903126 0 -0.9995785 1 0 0 1 0 0 1 0 0 0 0 1 0 0 1 0 0 1 0 1 -4.38136E-08 0 1 -4.377216E-08 -0.9993309 0 0.03657514 -0.0287745 0 -0.9995859 -0.0288442 0 -0.9995839 -0.02536133 0 -0.9996784 -0.02510947 0 -0.9996847 0 -1 0 0 -1 0 -0.02877619 0 -0.9995859 -0.02884592 0 -0.9995838 -0.02510939 0 -0.9996847 0.9993308 0 -0.03657873 0.9993191 0 -0.03689612 0.999779 0 -0.02102279 0.9998025 0 -0.01987405 1 0 0 1 0 0 1 0 0 1 0 0 0 0 1 0 0 1 0 -1 0 0 -1 0 0 -1 0 0 -1 0 0 1 0 0 1 0 0 1 0 0 1 0 -1 0 0 -1 0 0 0 0 1 0 0 1 -0.9993309 0 0.03657515 -0.9993192 0 0.03689303 -0.654175 0 0.7563432 0.02877971 0 -0.9995858 0.02903227 0 -0.9995785 0 0 -1 0 0 -1 -1 0 -1.247055E-06 -1 0 -6.995859E-07 -1 0 0 0 1 0 0 1 0 0 -1 0 0 -1 0 0 -1 0 0 -1 0 -0.02877613 0 -0.9995859 -0.0251087 0 -0.9996848 -0.9993318 0 0.03654946 -0.6553577 0 0.7553187 -0.654175 0 0.7563432 0.02877971 0 -0.9995858 0.02903227 0 -0.9995785 0.9993308 0 -0.03657873 0.9993191 0 -0.03689612 0.999779 0 -0.02102279 0.9998025 0 -0.01987405 1 0 1.246957E-06 1 0 0 0 0 -1 0 0 -1 -1 0 -1.247055E-06 -1 0 -1.271566E-06 -1 0 0 0 0 1 0 0 1 0.6541702 0 -0.7563474 0.6553366 0 -0.7553369 1 0 0 -1 0 0 0 0 1 0 0 1 0.6553577 0 -0.7553186 0.02877878 0 -0.9995858 -0.6553577 0 0.7553186 -0.654175 0 0.7563432 -0.02536137 0 -0.9996784 0 0 1 0 0 1 -1 0 0 -1 0 0 0 0 1 0 0 1 -0.6553571 0 0.7553192 0.654175 0 -0.7563432 0.6553571 0 -0.7553192 0 0 -1 0 0 -1 -1 0 -7.157999E-07 -0.02884588 0 -0.9995839 -0.02536072 0 -0.9996784 -0.9993202 0 0.03686685 0.654175 0 -0.7563432 0.6553577 0 -0.7553187 1 0 7.157999E-07 1 0 6.995859E-07 0 0 -1 0 0 -1 -1 0 -8.925861E-08 0 0 1 0 0 1  
			<SubMeshes>: 1
				<SubMesh>: 0 288 24 2 16 24 16 22 3 50 6 3 6 7 51 52 4 51 4 5 53 54 28 53 28 23 13 15 14 13 14 12 11 8 9 11 9 10 55 1 56 55 56 57 58 59 60 58 60 61 157 158 62 157 62 63 64 65 66 64 66 67 68 159 0 68 0 69 70 71 72 70 72 73 74 75 160 74 160 76 161 162 77 161 77 78 21 79 29 21 29 18 20 163 164 20 164 80 81 25 82 81 82 83 84 85 19 84 19 86 27 26 87 27 87 88 89 17 165 89 165 166 90 91 92 90 92 93 31 30 94 31 94 95 37 39 38 37 38 36 35 32 33 35 33 34 96 97 167 96 167 98 99 100 101 99 101 102 103 104 105 103 105 106 168 169 107 168 107 108 109 110 111 109 111 112 113 114 115 113 115 116 47 49 48 47 48 46 45 42 43 45 43 44 117 170 171 117 171 118 172 173 119 172 119 120 121 122 174 121 174 123 175 176 124 175 124 125 126 177 178 126 178 127 128 129 179 128 179 130 131 132 40 131 40 41 133 134 135 133 135 136 137 180 181 137 181 138 139 182 140 139 140 141 183 184 142 183 142 143 144 145 146 144 146 147 148 185 186 148 186 149 150 187 188 150 188 151 152 153 189 152 189 154 190 191 155 190 155 156  
		</Mesh>
		<Materials>: 1
			<Material>: 0
				<AlbedoColor>: 1 1 1 1
				<EmissiveColor>: 0 0 0 0
				<Glossiness>: 0.04
				<Metallic>: 0
				<SpecularHighlight>: 1
				<GlossyReflection>: 1
				<AlbedoMap>: BLD_IndBuilding1_A
				<MetallicMap>: BLD_IndBuilding1_MS
				<NormalMap>: BLD_IndBuilding1_N
				<EmissionMap>: null
				<DetailAlbedoMap>: DET_Concrete1_A
				<DetailNormalMap>: DET_Concrete1_N
		</Materials>
		<Children>: 0
	</Frame>
</Hierarchy>
