<Hierarchy>:
	<Frame>: 0 5 IndBuilding1_Base_Stairs
		<Transform>: 0 0 0 0 0 0 1 1 1 0 0 0 1  
		<TransformMatrix>: 1 0 0 0 0 1 0 0 0 0 1 0 0 0 0 1  
		<Mesh>: 234 IndBuilding1_Base_Stairs
			<Bounds>: 0 0.465913 0.7189038 1.139296 0.5675637 0.9300005
			<Positions>: 234 1.109296 -0.1016508 -0.2010971 1.109296 -0.1016508 0.2989029 1.109296 1.003477 -0.2010971 1.109296 1.003477 0.2989033 0.887283 1.003477 -0.2010971 0.887283 -0.1016508 -0.2010971 0.887283 1.003477 0.2989029 0.887283 -0.1016508 0.2989029 1.139296 1.033477 -0.2110967 1.139296 1.033477 0.2989037 1.139296 0.07347625 1.648904 0.857282 1.033477 -0.2110967 0.857282 1.033477 0.2989032 0.857282 0.07347625 1.648904 1.139296 0.9633158 -0.2110967 1.139296 0.9668102 0.2770442 1.139296 0.01693989 1.607358 0.857282 0.9633158 -0.2110967 0.857282 0.9668102 0.2770437 0.857282 0.01693989 1.607358 1.139296 0.5534765 0.9739041 0.857282 0.5534765 0.9739038 1.139296 0.4918751 0.9422014 0.857282 0.4918751 0.9422012 1.139296 1.033477 0.284191 0.857282 1.033477 0.2841905 1.139296 0.9667075 0.2629747 0.857282 0.9667075 0.2629742 1.139296 1.020743 0.3168105 0.857282 1.020743 0.31681 1.139296 0.9542109 0.2946898 0.857282 0.9542109 0.2946894 -1.109296 -0.1016508 -0.2010971 -1.109296 -0.1016508 0.2989029 -1.109296 1.003477 -0.2010971 -1.109296 1.003477 0.2989033 -0.887283 1.003477 -0.2010971 -0.887283 -0.1016508 -0.2010971 -0.887283 1.003477 0.2989029 -0.887283 -0.1016508 0.2989029 -1.139296 1.033477 -0.2110967 -1.139296 1.033477 0.2989037 -1.139296 0.07347625 1.648904 -0.857282 1.033477 -0.2110967 -0.857282 1.033477 0.2989032 -0.857282 0.07347625 1.648904 -1.139296 0.9633158 -0.2110967 -1.139296 0.9668102 0.2770442 -1.139296 0.01693989 1.607358 -0.857282 0.9633158 -0.2110967 -0.857282 0.9668102 0.2770437 -0.857282 0.01693989 1.607358 -1.139296 0.5534765 0.9739041 -0.857282 0.5534765 0.9739038 -1.139296 0.4918751 0.9422014 -0.857282 0.4918751 0.9422012 -1.139296 1.033477 0.284191 -0.857282 1.033477 0.2841905 -1.139296 0.9667075 0.2629747 -0.857282 0.9667075 0.2629742 -1.139296 1.020743 0.3168105 -0.857282 1.020743 0.31681 -1.139296 0.9542109 0.2946898 -0.857282 0.9542109 0.2946894 -0.9151777 -0.101482 1.500145 -0.9151778 0.0985164 1.159856 0.9848222 -0.101482 1.500145 0.9848222 0.0985164 1.159856 -0.9151777 0.07249897 1.500145 -0.9151777 0.0985164 1.478012 0.9848222 0.0985164 1.478011 0.9848222 0.07249897 1.500145 -0.9151778 0.2985164 0.8195669 0.984822 0.2985164 0.8195667 -0.9151778 0.2724991 1.159856 -0.9151778 0.2985165 1.137722 0.9848222 0.2985165 1.137722 0.9848222 0.2724991 1.159856 -0.9151778 0.4985164 0.4792777 0.984822 0.4985164 0.4792774 -0.9151778 0.472499 0.819567 -0.9151778 0.4985165 0.7974334 0.984822 0.4985165 0.797433 0.984822 0.472499 0.8195667 -0.9151779 0.6985164 0.1389885 0.9848219 0.6985164 0.1389882 -0.9151778 0.6724991 0.4792777 -0.9151778 0.6985164 0.4571441 0.984822 0.6985164 0.4571438 0.984822 0.6724991 0.4792775 -0.9151779 0.8785163 -0.2013007 0.9848219 0.8785163 -0.201301 -0.9151779 0.852499 0.1389885 -0.9151779 0.8785164 0.1168549 0.9848219 0.8785164 0.1168547 0.9848219 0.852499 0.1389883 -1.109296 -0.1016507 1.588371 -1.098764 -0.1016507 1.598904 -1.098764 0.04347634 1.598904 -1.109296 0.05125418 1.588371 -0.887283 0.05125418 1.588371 -0.8978155 0.04347634 1.598904 -0.8978155 -0.1016507 1.598904 -0.887283 -0.1016507 1.588371 1.100271 -0.1016507 1.598904 1.109296 -0.1016507 1.589878 1.109296 0.05014146 1.589878 1.100271 0.04347634 1.598904 0.8963087 0.04347634 1.598904 0.887283 0.05014146 1.589878 0.887283 -0.1016507 1.589878 0.8963087 -0.1016507 1.598904 0.887283 -0.1016507 1.589878 0.887283 -0.1016508 0.2989029 1.109296 -0.1016508 0.2989029 0.8963087 -0.1016507 1.598904 1.100271 -0.1016507 1.598904 0.887283 -0.1016508 0.2989029 1.109296 -0.1016508 -0.2010971 1.109296 -0.1016508 0.2989029 0.887283 -0.1016508 -0.2010971 0.887283 1.003477 -0.2010971 1.109296 1.003477 -0.2010971 1.109296 -0.1016508 -0.2010971 0.887283 -0.1016508 -0.2010971 1.139296 1.033477 0.284191 1.139296 0.9668102 0.2770442 1.139296 0.9667075 0.2629747 0.857282 0.9668102 0.2770437 0.857282 0.9542109 0.2946894 0.857282 1.033477 0.2841905 0.857282 1.033477 -0.2110967 0.857282 0.9633158 -0.2110967 0.857282 0.9667075 0.2629742 0.857282 1.033477 -0.2110967 1.139296 1.033477 -0.2110967 1.139296 0.9633158 -0.2110967 0.857282 0.9633158 -0.2110967 1.139296 0.07347625 1.648904 0.857282 0.07347625 1.648904 1.139296 0.5534765 0.9739041 1.139296 0.07347625 1.648904 1.139296 0.01693989 1.607358 1.139296 0.9542109 0.2946898 0.857282 0.07347625 1.648904 0.857282 0.5534765 0.9739038 0.857282 0.01693989 1.607358 1.139296 1.020743 0.3168105 0.857282 1.020743 0.31681 1.139296 1.033477 -0.2110967 1.139296 0.9633158 -0.2110967 1.139296 1.033477 0.2989037 0.857282 1.033477 0.2989032 1.139296 0.4918751 0.9422014 0.857282 0.4918751 0.9422012 -1.109296 -0.1016507 1.588371 -1.109296 -0.1016508 0.2989029 -0.887283 -0.1016507 1.588371 -0.887283 -0.1016508 0.2989029 -0.887283 -0.1016508 0.2989029 -1.109296 -0.1016508 0.2989029 -1.109296 -0.1016508 -0.2010971 -0.887283 -0.1016508 -0.2010971 -0.887283 1.003477 -0.2010971 -0.887283 -0.1016508 -0.2010971 -1.109296 -0.1016508 -0.2010971 -1.109296 1.003477 -0.2010971 -1.139296 1.033477 0.284191 -1.139296 0.9667075 0.2629747 -1.139296 0.9668102 0.2770442 -0.857282 0.9542109 0.2946894 -0.857282 0.9668102 0.2770437 -0.857282 1.033477 0.2841905 -0.857282 0.9667075 0.2629742 -0.857282 0.9633158 -0.2110967 -0.857282 1.033477 -0.2110967 -0.857282 1.033477 -0.2110967 -0.857282 0.9633158 -0.2110967 -1.139296 0.9633158 -0.2110967 -1.139296 1.033477 -0.2110967 -1.139296 0.07347625 1.648904 -1.139296 0.01693989 1.607358 -0.857282 0.01693989 1.607358 -0.857282 0.07347625 1.648904 -1.139296 0.5534765 0.9739041 -1.139296 0.4918751 0.9422014 -1.139296 0.01693989 1.607358 -1.139296 0.07347625 1.648904 -1.139296 0.9542109 0.2946898 -0.857282 0.07347625 1.648904 -0.857282 0.01693989 1.607358 -0.857282 0.4918751 0.9422012 -0.857282 0.5534765 0.9739038 -1.139296 1.020743 0.3168105 -0.857282 1.020743 0.31681 -1.139296 1.033477 -0.2110967 -1.139296 0.9633158 -0.2110967 -1.139296 1.033477 0.2989037 -0.857282 1.033477 0.2989032 0.9848222 0.0985164 1.478011 -0.9151777 0.0985164 1.478012 0.9848222 0.2985165 1.137722 -0.9151778 0.2985165 1.137722 0.984822 0.4985165 0.797433 -0.9151778 0.4985165 0.7974334 0.984822 0.6985164 0.4571438 -0.9151778 0.6985164 0.4571441 0.9848219 0.8785164 0.1168547 -0.9151779 0.8785164 0.1168549 -0.9151778 0.0985164 1.159856 0.9848222 0.0985164 1.159856 -0.9151778 0.2985164 0.8195669 0.984822 0.2985164 0.8195667 -0.9151778 0.4985164 0.4792777 0.984822 0.4985164 0.4792774 -0.9151779 0.6985164 0.1389885 0.9848219 0.6985164 0.1389882 -1.109296 0.05125418 1.588371 -1.109296 -0.1016507 1.588371 -1.098764 -0.1016507 1.598904 -0.8978155 -0.1016507 1.598904 -0.887283 -0.1016507 1.588371 -0.887283 0.05125418 1.588371 -1.098764 0.04347634 1.598904 -1.098764 -0.1016507 1.598904 -0.8978155 -0.1016507 1.598904 -0.8978155 0.04347634 1.598904 1.100271 0.04347634 1.598904 1.100271 -0.1016507 1.598904 1.109296 -0.1016507 1.589878 0.8963087 -0.1016507 1.598904 0.8963087 0.04347634 1.598904 1.139296 0.01693989 1.607358 0.857282 0.01693989 1.607358  
			<Colors>: 0  
			<TextureCoords0>: 234 0.5991211 0.6503906 0.5444336 0.6503906 0.5991211 0.5297852 0.5444336 0.5297852 0.5991211 0.5297852 0.5996094 0.2011719 0.5444336 0.5297852 0.5444336 0.6503906 0.6655273 0.6542969 0.6000977 0.6865234 0.4257813 0.6542969 0.6655273 0.6865234 0.6000977 0.6865234 0.4257813 0.6865234 0.6655273 0.6542969 0.6010742 0.6542969 0.6665039 0.7006836 0.6655273 0.6865234 0.6010742 0.6865234 0.6000977 0.7006836 0.5136719 0.6542969 0.5136719 0.6865234 0.4018555 0.7001953 0.4018555 0.7001953 0.6029708 0.6542969 0.6024892 0.6865234 0.6029708 0.6542969 0.6029708 0.6865234 0.5948386 0.6865234 0.5948386 0.6865234 0.5987556 0.6542969 0.5987555 0.6865234 0.5991211 0.6503906 0.5444336 0.6503906 0.5991211 0.5297852 0.5444336 0.5297852 0.5991211 0.5297852 0.5996094 0.2011719 0.5444336 0.5297852 0.4003906 0.2011719 0.6655273 0.6542969 0.6000977 0.6865234 0.4257813 0.6542969 0.6655273 0.6865234 0.6000977 0.6865234 0.4257813 0.6865234 0.6655273 0.6542969 0.6010742 0.6542969 0.4257813 0.6542969 0.6655273 0.6865234 0.6010742 0.6865234 0.4257813 0.6865234 0.5136719 0.6542969 0.5136719 0.6865234 0.5136719 0.6542969 0.5136719 0.6865234 0.6029708 0.6542969 0.6024892 0.6865234 0.6029708 0.6542969 0.6029708 0.6865234 0.5948386 0.6865234 0.5948386 0.6865234 0.5987556 0.6542969 0.5987555 0.6865234 0.9194336 0.2055664 0.9580078 0.2055664 0.9194336 0.3178711 0.9580078 0.3178711 0.9311523 0.2055664 0.9335938 0.2055664 0.9335938 0.3178711 0.9311523 0.3178711 0.9985352 0.2055664 0.9985352 0.3178711 0.9716797 0.2055664 0.9741211 0.2055664 0.9741211 0.3178711 0.9716797 0.3178711 0.9580078 0.2055664 0.9580078 0.3178711 0.9311523 0.2055664 0.9335938 0.2055664 0.9335938 0.3178711 0.9311523 0.3178711 0.9985352 0.2055664 0.9985352 0.3178711 0.9716797 0.2055664 0.9741211 0.2055664 0.9741211 0.3178711 0.9716797 0.3178711 0.9990234 0.2055664 0.9990234 0.3178711 0.972168 0.2055664 0.9746094 0.2055664 0.9746094 0.3178711 0.972168 0.3178711 0.4030106 0.6503906 0.5996094 0.2314045 0.6206055 0.2314045 0.4030106 0.6334307 0.4030106 0.6334308 0.6206055 0.2026775 0.5996094 0.2026775 0.5979953 0.2011719 0.5996094 0.2316199 0.5982262 0.2329101 0.4028454 0.6335518 0.6206055 0.2316199 0.6206055 0.2024621 0.4028454 0.6335518 0.4028454 0.6503906 0.5996094 0.2024621 0.5982262 0.2011719 0.4003906 0.2011719 0.4003906 0.2329102 0.5996094 0.2024621 0.5996094 0.2316199 0.6640625 0.2011719 0.5996094 0.2329102 0.6640625 0.2329102 0.5991211 0.6503906 0.4003906 0.2011719 0.4003906 0.2329102 0.5996094 0.2329102 0.5996094 0.2011719 0.6020517 0.6865234 0.6000977 0.7001953 0.6020517 0.7001953 0.6000977 0.7001953 0.5948386 0.7001953 0.6024892 0.6865234 0.6665039 0.6865234 0.6665039 0.7001953 0.6020517 0.7001953 0.6000977 0.7006836 0.6665039 0.7006836 0.6665039 0.6865234 0.6000977 0.6865234 0.6665039 0.6865234 0.6000977 0.6865234 0.4018555 0.6865234 0.2001953 0.6865234 0.2001953 0.7001953 0.5948385 0.7001953 0.2001953 0.6865234 0.4018555 0.6865234 0.2001953 0.7001953 0.5987556 0.6542969 0.5987556 0.6865234 0.6665039 0.6865234 0.6665039 0.7001953 0.6010742 0.6542969 0.6010742 0.6865234 0.5136719 0.6542969 0.5136719 0.6865234 0.5979953 0.2329102 0.4003906 0.2329102 0.4030106 0.6503906 0.5444336 0.6503906 0.6640625 0.2011719 0.6640625 0.2329102 0.5996094 0.2329102 0.5991211 0.6503906 0.4003906 0.2011719 0.5996094 0.2011719 0.5996094 0.2329102 0.4003906 0.2329102 0.6020517 0.6865234 0.6020517 0.7001953 0.6000977 0.7001953 0.5948386 0.7001953 0.6000977 0.7001953 0.6024892 0.6865234 0.6020517 0.7001953 0.6665039 0.7001953 0.6665039 0.6865234 0.6000977 0.7006836 0.6000977 0.6865234 0.6665039 0.6865234 0.6665039 0.7006836 0.6665039 0.6865234 0.6665039 0.7006836 0.6000977 0.7006836 0.6000977 0.6865234 0.4018555 0.6865234 0.4018555 0.7001953 0.2001953 0.7001953 0.2001953 0.6865234 0.5948385 0.7001953 0.2001953 0.6865234 0.2001953 0.7001953 0.4018555 0.7001953 0.4018555 0.6865234 0.5987556 0.6542969 0.5987556 0.6865234 0.6665039 0.6865234 0.6665039 0.7001953 0.6010742 0.6542969 0.6010742 0.6865234 0.9335938 0.3178711 0.9335938 0.2055664 0.9741211 0.3178711 0.9741211 0.2055664 0.9335938 0.3178711 0.9335938 0.2055664 0.9741211 0.3178711 0.9741211 0.2055664 0.9746094 0.3178711 0.9746094 0.2055664 0.9599609 0.2055664 0.9599609 0.3178711 0.9194336 0.2055664 0.9194336 0.3178711 0.9599609 0.2055664 0.9599609 0.3178711 0.9604492 0.2055664 0.9604492 0.3178711 0.6217307 0.2329102 0.5996094 0.2329102 0.5996094 0.2314045 0.5996094 0.2026775 0.5996094 0.2011719 0.6217307 0.2011719 0.6206055 0.2314045 0.5996094 0.2314045 0.5996094 0.2026775 0.6206055 0.2026775 0.4018555 0.6342773 0.4018555 0.6503906 0.4028454 0.6503906 0.4018555 0.6503906 0.4018555 0.6342773 0.4257813 0.6542969 0.4257813 0.6865234  
			<TextureCoords1>: 234 0.6805955 0.2474473 0.5897707 0.2474476 0.6805953 0.04670137 0.5897704 0.04670161 0.352947 0.2513542 0.3308759 0.1018893 0.4437718 0.251354 0.4437717 0.4520999 0.00390625 0.8897321 0.3019423 0.7766179 0.3974562 0.8897321 0.003906359 0.9409598 0.4702056 0.7766179 0.3974563 0.9409598 0.4013627 0.9960938 0.4900356 0.9960937 0.7936822 0.8691747 0.4013627 0.9448661 0.4900355 0.9448661 0.7424545 0.8691747 0.2470019 0.889732 0.247002 0.9409596 0.1528668 0.8099422 0.6192811 0.8099422 0.09387513 0.8897319 0.09387515 0.9409596 0.4874798 0.9960937 0.4874797 0.9448661 0.297989 0.777168 0.4741588 0.7771681 0.4939741 0.9960937 0.4939741 0.9448661 0.00390632 0.3065416 0.09473105 0.3065416 0.00390625 0.1057956 0.09473106 0.1057956 0.6807089 0.4560063 0.3308758 0.01732576 0.5898841 0.4560063 0.2400511 0.01732564 0.003906309 0.9960938 0.08608482 0.7186382 0.3974564 0.9960936 0.00390625 0.9448661 0.3019423 0.6606586 0.3974564 0.944866 0.00390625 0.834598 0.09257904 0.834598 0.3895076 0.8345975 0.00390628 0.8858256 0.09257905 0.8858256 0.3895077 0.8858252 0.247002 0.9960937 0.247002 0.9448661 0.2410433 0.8345978 0.2410434 0.8858254 0.09387507 0.9960938 0.09387499 0.9448661 0.09002326 0.834598 0.09002327 0.8858256 0.09003805 0.7191885 0.297989 0.6612088 0.09651758 0.834598 0.0965176 0.8858256 0.3934139 0.8858256 0.3490406 0.6567523 0.7385482 0.8858256 0.003906514 0.6567523 0.3934139 0.8542221 0.3490404 0.5989594 0.00390625 0.5989595 0.7385482 0.8542221 0.3490406 0.533354 0.003906258 0.533354 0.4013625 0.9093559 0.3490403 0.4755611 0.00390625 0.4755612 0.7464969 0.9093559 0.3490405 0.4299398 0.003906514 0.4299399 0.003906257 0.440051 0.3490405 0.372147 0.00390625 0.372147 0.3490405 0.440051 0.3490405 0.3682407 0.00390625 0.3682407 0.3880271 0.7411078 0.3490405 0.3104478 0.003906254 0.3104479 0.7331614 0.7411078 0.3490406 0.5950531 0.003906514 0.5950532 0.388027 0.6867611 0.3490406 0.5372603 0.00390625 0.5372603 0.7331613 0.6867611 0.3289627 0.3065415 0.003906292 0.05574113 0.3316684 0.2801792 0.3289627 0.2787663 0.3556526 0.6289772 0.3529469 0.63039 0.00390625 0.01923901 0.005819478 0.01732576 0.003906251 0.06320018 0.005545766 0.06156069 0.3552655 0.2198748 0.9921051 0.9145975 0.9550554 0.9145975 0.678277 0.424527 0.678277 0.4521 0.00390625 0.1002498 0.005545759 0.1018894 0.240051 0.1018894 0.240051 0.06156069 0.9550554 0.9409598 0.9921051 0.9409598 0.240051 0.1018894 0.3308759 0.06156069 0.240051 0.06156069 0.3529469 0.4521 0.9511492 0.9409598 0.951149 0.9006311 0.7504031 0.9006311 0.7504032 0.9409598 0.304313 0.7778517 0.299874 0.7891933 0.3021325 0.7903897 0.4722739 0.7891933 0.4761738 0.7897437 0.4678349 0.7778517 0.3880271 0.8193859 0.3939107 0.8306913 0.4700154 0.7903897 0.7936822 0.873081 0.7424545 0.873081 0.7424545 0.8858256 0.7936822 0.8858256 0.7936822 0.8564302 0.7424545 0.8564302 0.1529242 0.7973576 0.00390625 0.8180974 0.005859627 0.8306913 0.2959741 0.7897437 0.7682417 0.8180974 0.6192237 0.7973576 0.7662883 0.8306913 0.100539 0.8897319 0.100539 0.9409596 0.3841209 0.8193859 0.3782372 0.8306913 0.09654769 0.8897319 0.09654772 0.9409596 0.6384999 0.9960937 0.6384998 0.9448661 0.005819499 0.05765444 0.2400511 0.05765426 0.3556526 0.6567523 0.5898841 0.6567523 0.2400511 0.01732564 0.2400511 0.05765426 0.3308758 0.05765438 0.6807088 0.6567523 0.9916164 0.9557651 0.7908703 0.9557651 0.7908703 0.9960938 0.9916164 0.9960938 0.0837141 0.719872 0.08589462 0.7324101 0.08815307 0.7312136 0.2959741 0.6737844 0.299874 0.673234 0.304313 0.6618924 0.3021325 0.6744304 0.3782372 0.714732 0.3841208 0.7034266 0.7424545 0.8397793 0.7424545 0.8525239 0.7936822 0.8525239 0.7936821 0.8397793 0.7975884 0.8730811 0.7975885 0.8858256 0.8488161 0.8858256 0.848816 0.8730811 0.2351028 0.739378 0.2351603 0.7519626 0.3821675 0.7727116 0.3841208 0.7601177 0.09205296 0.7317641 0.00390625 0.7021381 0.005859609 0.714732 0.1528668 0.693983 0.1529243 0.6813983 0.100539 0.9960938 0.1005389 0.9448661 0.00390625 0.7614063 0.009789913 0.7727116 0.09654762 0.9960938 0.09654755 0.9448661 0.7385482 0.8480172 0.3934139 0.8480172 0.7464969 0.903151 0.4013625 0.903151 0.3490405 0.4338461 0.003906262 0.4338461 0.7331614 0.7349029 0.3880271 0.7349029 0.7331613 0.6805562 0.388027 0.6805562 0.4013625 0.9409598 0.7464969 0.9409598 0.00390625 0.4716549 0.3490405 0.4716549 0.388027 0.7727116 0.7331613 0.7727116 0.388027 0.714732 0.7331613 0.714732 0.3289627 0.2787663 0.3289627 0.3065415 0.3316684 0.3065415 0.3529469 0.6567523 0.3556526 0.6567523 0.3556526 0.6289772 0.7975884 0.8428126 0.7975884 0.8691749 0.8340907 0.8691749 0.8340906 0.8428126 0.3529469 0.2210855 0.3529469 0.2474478 0.3552655 0.2474477 0.6805956 0.4521 0.6805956 0.4257378 0.7869641 0.9960938 0.7869639 0.9448661  
			<Normals>: 234 1 0 0 1 0 0 1 0 0 1 0 0 -1 0 0 0 -1 0 -1 0 0 -1 0 0 0 1 0 1 0 0 0 0.8149524 0.5795279 0 1 0 -1 0 0 0 0.8149524 0.5795279 0.7054784 -0.7087134 0.005066162 0.7835853 -0.5923508 -0.1873891 0 -0.5921586 0.8058215 -0.7054936 -0.7086982 0.005066272 -0.7835853 -0.5923508 -0.1873891 0 -0.5921586 0.8058215 0 0.8149524 0.5795279 0 0.8149524 0.5795279 0.7071072 -0.5754765 -0.4108846 -0.7071072 -0.5754765 -0.4108846 0 1 0 0 1 0 0.7070976 -0.7070976 0.005096694 -0.7070976 -0.7070976 0.005096694 1 0 0 -1 0 0 0.7071072 -0.5754765 -0.4108846 -0.7071072 -0.5754765 -0.4108846 -1 0 0 -1 0 0 -1 0 0 -1 0 0 1 0 0 0 -1 0 1 0 0 0 -1 0 0 1 0 -1 0 0 -0.5765337 0.1297361 0.8067077 0 1 0 1 0 0 0.5765337 0.1297361 0.8067077 -0.7054784 -0.7087134 0.005066162 -0.7835853 -0.5923508 -0.1873891 -0.5780643 -0.8057681 0.1287605 0.7054936 -0.7086982 0.005066272 0.7835853 -0.5923508 -0.1873891 0.5780643 -0.8057681 0.1287605 0 0.8149524 0.5795279 0 0.8149524 0.5795279 -0.7071072 -0.5754765 -0.4108846 0.7071072 -0.5754765 -0.4108846 0 1 0 0 1 0 -0.7070976 -0.7070976 0.005096694 0.7070976 -0.7070976 0.005096694 -1 0 0 1 0 0 -0.7071072 -0.5754765 -0.4108846 0.7071072 -0.5754765 -0.4108846 0 0 1 0 1 0 0 0 1 0 1 0 0 0.3452032 0.9385279 0 0.9077333 0.4195478 0 0.9077333 0.4195478 0 0.3452032 0.9385279 0 1 0 0 1 0 0 0.3452032 0.9385279 0 0.9077333 0.4195478 0 0.9077333 0.4195478 0 0.3452032 0.9385279 0 1 0 0 1 0 0 0.3452032 0.9385279 0 0.9077333 0.4195478 0 0.9077333 0.4195478 0 0.3452032 0.9385279 0 1 0 0 1 0 0 0.3452032 0.9385279 0 0.9077333 0.4195478 0 0.9077333 0.4195478 0 0.3452032 0.9385279 0 1 0 0 1 0 0 0.3452032 0.9385279 0 0.9077333 0.4195478 0 0.9077333 0.4195478 0 0.3452032 0.9385279 -0.9238803 0 0.3826815 0 -1 0 -0.4328491 0 0.9014664 -0.9681171 0 0.2504982 0.9681171 0 0.2504982 0.4328491 0 0.9014664 0 -1 0 0 -1 0 0 -1 0 0 -1 0 0.9681171 0 0.2504982 0.4328491 0 0.9014664 -0.4328491 0 0.9014664 -0.9681171 0 0.2504982 -0.9238803 0 0.3826815 0 -1 0 0 -1 0 0 -1 0 0 -1 0 -0.3826815 0 0.9238803 0.3826815 0 0.9238803 0 -1 0 0 -1 0 0 -1 0 -1 0 0 0 0 -1 0 0 -1 0 0 -1 0 0 -1 1 0 0 0.7835853 -0.5923508 -0.1873891 0.7070976 -0.7070976 0.005096694 -0.7835853 -0.5923508 -0.1873891 -0.7071072 -0.5754765 -0.4108846 -1 0 0 -1 0 0 -0.7054936 -0.7086982 0.005066272 -0.7070976 -0.7070976 0.005096694 0 0 -1 0 0 -1 0 0 -1 0 0 -1 0 -0.5921586 0.8058215 0 -0.5921586 0.8058215 1 0 0 1 0 0 0.7101593 -0.5729739 -0.4091145 0.7071072 -0.5754765 -0.4108846 -1 0 0 -1 0 0 -0.7101593 -0.5729739 -0.4091145 0 0.8149524 0.5795279 0 0.8149524 0.5795279 1 0 0 0.7054784 -0.7087134 0.005066162 0 0.9526231 0.3041533 0 0.9526231 0.3041533 0.7071072 -0.5754765 -0.4108846 -0.7071072 -0.5754765 -0.4108846 0 -1 0 0 -1 0 0.9238803 0 0.3826815 1 0 0 0 -1 0 0 -1 0 0 -1 0 1 0 0 0 0 -1 0 0 -1 0 0 -1 0 0 -1 -1 0 0 -0.7070976 -0.7070976 0.005096694 -0.7835853 -0.5923508 -0.1873891 0.7071072 -0.5754765 -0.4108846 0.7835853 -0.5923508 -0.1873891 1 0 0 0.7070976 -0.7070976 0.005096694 0.7054936 -0.7086982 0.005066272 1 0 0 0 0 -1 0 0 -1 0 0 -1 0 0 -1 -0.5765337 0.1297361 0.8067077 -0.5780643 -0.8057681 0.1287605 0.5780643 -0.8057681 0.1287605 0.5765337 0.1297361 0.8067077 -1 0 0 -0.7071072 -0.5754765 -0.4108846 -0.5780643 -0.8057681 0.1287605 -0.5765337 0.1297361 0.8067077 -0.7071072 -0.5754765 -0.4108846 0.5765337 0.1297361 0.8067077 0.5780643 -0.8057681 0.1287605 0.7071072 -0.5754765 -0.4108846 1 0 0 0 0.8149524 0.5795279 0 0.8149524 0.5795279 -1 0 0 -0.7054784 -0.7087134 0.005066162 0 0.9526231 0.3041533 0 0.9526231 0.3041533 0 0.9077333 0.4195478 0 0.9077333 0.4195478 0 0.9077333 0.4195478 0 0.9077333 0.4195478 0 0.9077333 0.4195478 0 0.9077333 0.4195478 0 0.9077333 0.4195478 0 0.9077333 0.4195478 0 0.9077333 0.4195478 0 0.9077333 0.4195478 0 0 1 0 0 1 0 0 1 0 0 1 0 0 1 0 0 1 0 0 1 0 0 1 -0.9681171 0 0.2504982 -0.9238803 0 0.3826815 -0.3826815 0 0.9238803 0.3826815 0 0.9238803 0.9238803 0 0.3826815 0.9681171 0 0.2504982 -0.4328491 0 0.9014664 -0.3826815 0 0.9238803 0.3826815 0 0.9238803 0.4328491 0 0.9014664 0.4328491 0 0.9014664 0.3826815 0 0.9238803 0.9238803 0 0.3826815 -0.3826815 0 0.9238803 -0.4328491 0 0.9014664 0.7101593 -0.5729739 -0.4091145 -0.7101593 -0.5729739 -0.4091145  
			<Tangents>: 234 0 0 -1 0 0.001357898 -0.9999991 0 0 -1 0 0.001176332 -0.9999993 0 0 -1 0 0 1 0 0.001176208 -0.9999993 0 0.001357754 -0.9999991 0 0 -1 0 0.4405086 -0.8977484 0 0.5795279 -0.8149524 0 0 -1 0 0.4196837 -0.9076704 0 0.5795279 -0.8149524 -2.928133E-06 -0.007151125 -0.9999744 0.01581029 0.3205298 -0.9471065 1 0 0 2.775211E-06 -0.007151282 -0.9999744 -0.01580874 0.320528 -0.9471071 1 0 0 0 0.5795279 -0.8149524 0 0.5795279 -0.8149524 -0.0003930384 0.580759 -0.8140755 0.0005008196 0.5806713 -0.814138 0 0 -1 0 0 -1 2.463184E-05 -0.00718309 -0.9999742 -2.463066E-05 -0.007183091 -0.9999742 0 0.5809351 -0.8139499 0 0.5795338 -0.8149482 9.622477E-06 0.5810868 -0.8138416 -9.721282E-06 0.5810869 -0.8138415 0 0 -1 0 0.001356853 -0.9999991 0 0 -1 0 0.001175673 -0.9999993 0 0 -1 0 0 1 0 0.001175549 -0.9999993 0 0 1 0 0 -1 0 0.4405086 -0.8977484 -0.4128892 0.8057216 -0.424659 0 0 -1 0 0.4196837 -0.9076704 0.4128892 0.8057216 -0.424659 2.928133E-06 -0.007151125 -0.9999744 -0.01581029 0.3205298 -0.9471065 -0.4041777 0.145661 -0.9030079 -2.775211E-06 -0.007151282 -0.9999744 0.01580874 0.320528 -0.9471071 0.4041776 0.1456609 -0.9030079 0 0.5795279 -0.8149524 0 0.5795279 -0.8149524 -9.633925E-06 0.5810868 -0.8138416 9.635333E-06 0.5810868 -0.8138416 0 0 -1 0 0 -1 -2.463184E-05 -0.00718309 -0.9999742 2.463066E-05 -0.007183091 -0.9999742 0 0.5809351 -0.8139499 0 0.5795338 -0.8149482 -9.622477E-06 0.5810868 -0.8138416 9.721282E-06 0.5810869 -0.8138415 0 1 0 0 0 -1 0 1 0 0 0 -1 0 0.9385279 -0.3452032 0 0.4195478 -0.9077333 0 0.4195478 -0.9077333 0 0.9385279 -0.3452032 -3.957546E-08 0 -1 -3.746889E-07 0 -1 0 0.9385279 -0.3452032 0 0.4195478 -0.9077333 -3.691761E-07 0.4195478 -0.9077333 0 0.9385279 -0.3452032 0 0 -1 0 0 -1 0 0.9385279 -0.3452032 0 0.4195478 -0.9077333 0 0.4195478 -0.9077333 0 0.9385279 -0.3452032 -3.957546E-08 0 -1 -3.746886E-07 0 -1 0 0.9385279 -0.3452032 0 0.4195478 -0.9077333 -3.691758E-07 0.4195478 -0.9077333 0 0.9385279 -0.3452032 0 0 -1 0 0 -1 0 0.9385279 -0.3452032 0 0.4195478 -0.9077333 0 0.4195478 -0.9077333 0 0.9385279 -0.3452032 -0.3826815 -5.003266E-08 -0.9238803 1.067293E-05 0 1 3.124282E-06 1 1.500159E-06 -0.2504979 0.001576462 -0.9681159 0.2504979 0.001576297 -0.9681159 0 1 0 -1.228713E-05 0 1 -3.951846E-08 0 1 -6.325305E-05 0 1 1.329592E-07 0 1 0.2504979 0.001587242 -0.9681159 0 1 0 0 1 0 -0.2504979 0.001587903 -0.9681159 -0.3826815 4.072513E-06 -0.9238803 1.251903E-05 0 1 3.349959E-07 0 1 0 0 1 3.501646E-08 0 1 0 1 0 0 1 0 0 0 1 0 0 1 0 0 1 0 0 -1 0 -1 0 0 -1 0 0 -1 0 0 -1 0 0 -3.369267E-05 -1 0.07129486 0.3853551 -0.92001 0.003258146 -0.003949667 -0.9999869 -0.0710761 0.3851043 -0.920132 0.0008932463 0.5803515 -0.8143656 0 -0.006028951 -0.9999818 0 0 -1 -0.003266807 -0.003896574 -0.9999871 -3.839279E-05 -0.00716933 -0.9999743 1 0 0 1 0 0 1 0 0 1 0 0 1 0 0 1 0 0 0 0.580212 -0.8144655 0 0.5795238 -0.8149553 -0.0009140885 0.5803438 -0.814371 5.978437E-06 0.5810838 -0.8138437 0 0.5810103 -0.8138962 0 0.5803219 -0.8143872 1.305301E-08 0.5810947 -0.813836 0 0.5795279 -0.8149524 0 0.5795279 -0.8149524 0 -0.006516814 -0.9999788 -2.925764E-06 -0.007151123 -0.9999744 0 0.3041533 -0.9526231 0 0.3041533 -0.9526231 9.633925E-06 0.5810868 -0.8138416 -9.635333E-06 0.5810868 -0.8138416 4.52348E-08 0 1 0 0 1 0.3826815 -5.003266E-08 -0.9238803 0 0.00135671 -0.9999991 0 0 1 0 0 1 0 0 1 0 0 -1 0 -1 0 0 -1 0 0 -1 0 0 -1 0 0 -3.369267E-05 -1 -0.003258146 -0.003949667 -0.9999869 -0.07129486 0.3853551 -0.92001 -0.0008932463 0.5803515 -0.8143656 0.0710761 0.3851043 -0.920132 0 -0.006028951 -0.9999818 3.839279E-05 -0.00716933 -0.9999743 0.003266807 -0.003896574 -0.9999871 0 0 -1 -1 0 0 -1 0 0 -1 0 0 -1 0 0 -0.8170733 -0.09154288 -0.5692197 -0.8159912 0.5708221 -0.09121652 -0.8159912 -0.5708221 0.09121652 -0.8170733 0.09154288 0.5692197 0 0.580212 -0.8144655 0.0003930384 0.580759 -0.8140755 -0.4030628 0.1447583 -0.9036512 -0.4128892 0.8057216 -0.424659 -5.978437E-06 0.5810838 -0.8138437 0.4117672 0.8066397 -0.4240049 0.4041776 0.1456609 -0.9030079 -0.0005008196 0.5806713 -0.814138 0 0.5803219 -0.8143872 0 0.5795279 -0.8149524 0 0.5795279 -0.8149524 0 -0.006516814 -0.9999788 2.925764E-06 -0.007151123 -0.9999744 0 0.3041533 -0.9526231 0 0.3041533 -0.9526231 0 0.4195478 -0.9077333 0 0.4195478 -0.9077333 0 0.4195478 -0.9077333 0 0.4195478 -0.9077333 0 0.4195478 -0.9077333 0 0.4195478 -0.9077333 0 0.4195478 -0.9077333 0 0.4195478 -0.9077333 0 0.4195478 -0.9077333 0 0.4195478 -0.9077333 0 1 0 0 1 0 0 1 0 0 1 0 0 1 0 0 1 0 0 1 0 0 1 0 8.323659E-07 1 3.216901E-06 9.320635E-08 1 2.250214E-07 0 1 0 3.097845E-06 1 -1.283162E-06 1.363412E-06 1 -3.291586E-06 7.779487E-08 1 -3.006591E-07 0 1 0 0 1 0 0 1 0 0 1 0 0.9014133 0.01085328 -0.4328236 0.9238802 0.0005677869 -0.3826815 0.3826815 -4.962731E-08 -0.9238803 -0.9238803 0 -0.3826815 -0.9014215 0.009980537 -0.4328276 1.229269E-08 0.5810947 -0.8138359 5.634392E-09 0.5810947 -0.813836  
			<BiTangents>: 234 0 1 0 0 0.9999991 0.001357898 0 1 0 0 0.9999993 0.001176332 0 1 0 -1 0 0 0 0.9999993 0.001176208 0 0.9999991 0.001357754 1 0 0 0 0.8977484 0.4405086 1 0 0 1 0 0 0 0.9076704 0.4196837 1 0 0 0.7087315 0.7054603 -0.00504704 0.6210831 0.739176 0.2605277 0 0.8058215 0.5921586 0.7087163 -0.7054756 0.005047151 0.6210831 -0.7391768 -0.2605253 0 0.8058215 0.5921586 1 0 0 1 0 0 0.7071062 0.5758002 0.4104327 -0.7071061 0.5758886 0.4103086 1 0 0 1 0 0 0.7071159 0.7070795 -0.005061728 0.7071159 -0.7070795 0.00506173 0 0.8139499 0.5809351 0 0.8149482 0.5795338 0.7071063 0.5754693 0.4108962 0.7071063 -0.5754693 -0.4108963 0 1 0 0 0.9999991 0.001356853 0 1 0 0 0.9999993 0.001175673 0 1 0 1 0 0 0 0.9999993 0.001175549 1 0 0 -1 0 0 0 0.8977484 0.4405086 -0.7050754 -0.5779111 -0.410959 -1 0 0 0 0.9076704 0.4196837 -0.7050754 0.5779111 0.410959 -0.7087315 0.7054603 -0.00504704 -0.6210831 0.739176 0.2605277 -0.7088597 0.5740389 0.4098749 -0.7087163 -0.7054756 0.005047151 -0.6210831 -0.7391768 -0.2605253 -0.7088597 -0.5740389 -0.4098749 -1 0 0 -1 0 0 -0.7071063 0.5754693 0.4108962 -0.7071063 -0.5754693 -0.4108962 -1 0 0 -1 0 0 -0.7071159 0.7070795 -0.005061728 -0.7071159 -0.7070795 0.00506173 0 0.8139499 0.5809351 0 0.8149482 0.5795338 -0.7071063 0.5754693 0.4108962 -0.7071063 -0.5754693 -0.4108963 -1 0 0 -1 0 0 -1 0 0 -1 0 0 -1 0 0 -1 0 0 -1 0 0 -1 0 0 -1 0 3.957546E-08 -1 0 3.746889E-07 -1 0 0 -1 0 0 -1 -1.54887E-07 3.351135E-07 -1 0 0 -1 0 0 -1 0 0 -1 0 0 -1 0 0 -1 0 0 -1 0 0 -1 0 3.957546E-08 -1 0 3.746886E-07 -1 0 0 -1 0 0 -1 -1.548869E-07 3.351132E-07 -1 0 0 -1 0 0 -1 0 0 -1 0 0 -1 0 0 -1 0 0 -1 0 0 -1.914658E-08 1 -4.622419E-08 1 0 -1.067293E-05 0.9014664 -3.465777E-06 0.4328491 0.0003949008 0.9999988 0.0015262 -0.0003948595 0.9999988 0.00152604 0.9014664 0 -0.4328491 1 0 1.228713E-05 1 0 3.951846E-08 -1 0 -6.325305E-05 -1 0 1.329592E-07 -0.0003976013 0.9999987 0.001536636 -0.9014664 0 0.4328491 -0.9014664 0 -0.4328491 0.0003977667 0.9999987 0.001537275 1.558476E-06 1 3.762515E-06 -1 0 1.251903E-05 -1 0 3.349959E-07 -1 0 0 -1 0 3.501646E-08 -0.9238803 0 -0.3826815 -0.9238803 0 0.3826815 -1 0 0 -1 0 0 -1 0 0 0 1 0 -1 0 0 -1 0 0 -1 0 0 -1 0 0 0 1 -3.369267E-05 0.61718 0.7075465 0.3441902 0.7071084 0.7071049 -0.0004889733 -0.6172053 0.707683 0.343864 -0.7071058 0.5762109 0.4098568 0 0.9999818 -0.006028951 0 1 0 -0.7087088 0.7055011 -0.0004338272 -0.7071159 0.7070796 -0.005042268 0 -1 0 0 -1 0 0 -1 0 0 -1 0 0 0.8058215 0.5921586 0 0.8058215 0.5921586 0 0.8144655 0.580212 0 0.8149553 0.5795238 0.7040405 0.5787072 0.4116128 0.7071063 0.5754724 0.410892 0 0.8138962 0.5810103 0 0.8143872 0.5803219 -0.7040411 0.5779532 0.4126698 1 0 0 1 0 0 0 0.9999788 -0.006516814 0.7087315 0.7054603 -0.005047036 1 0 0 1 0 0 0.7071063 0.5754693 0.4108962 0.7071063 -0.5754693 -0.4108962 1 0 -4.52348E-08 1 0 0 1.914658E-08 1 -4.622419E-08 0 0.9999991 0.00135671 1 0 0 1 0 0 1 0 0 0 1 0 1 0 0 1 0 0 1 0 0 1 0 0 0 1 -3.369267E-05 -0.7071084 0.7071049 -0.0004889733 -0.61718 0.7075465 0.3441902 0.7071058 0.5762109 0.4098568 0.6172053 0.707683 0.343864 0 0.9999818 -0.006028951 0.7071159 0.7070796 -0.005042268 0.7087088 0.7055011 -0.0004338272 0 1 0 0 -1 0 0 -1 0 0 -1 0 0 -1 0 3.422605E-09 0.9873137 -0.1587815 3.533566E-09 0.1577965 0.9874716 -3.533566E-09 0.1577965 0.9874716 -3.422605E-09 0.9873137 -0.1587815 0 0.8144655 0.580212 -0.7071062 0.5758002 0.4104327 -0.7094942 0.5742671 0.4084547 0.7050754 0.5779111 0.410959 -0.7071063 0.5754724 0.410892 -0.7057313 0.5766289 0.4116339 0.7088597 0.5740389 0.4098749 0.7071061 0.5758886 0.4103086 0 0.8143872 0.5803219 -1 0 0 -1 0 0 0 0.9999788 -0.006516814 -0.7087315 0.7054603 -0.005047036 -1 0 0 -1 0 0 -1 0 0 -1 0 0 -1 0 0 -1 0 0 -1 0 0 -1 0 0 -1 0 0 -1 0 0 -1 0 0 -1 0 0 -1 0 0 -1 0 0 -1 0 0 -1 0 0 -1 0 0 -1 0 0 -1 0 0 -1 0 0 0.2504982 -3.322843E-06 0.9681171 0.3826815 -2.435611E-07 0.9238803 0.9238803 0 0.3826815 0.9238803 -3.35308E-06 -0.3826815 0.3826815 -3.562784E-06 -0.9238803 0.2504982 -3.105607E-07 -0.9681171 0.9014664 0 0.4328491 0.9238803 0 0.3826815 0.9238803 0 -0.3826815 0.9014664 0 -0.4328491 -0.009783869 0.9999411 0.004697834 -0.0005245671 0.9999998 0.0002172816 1.899146E-08 1 -4.58497E-08 0 1 0 0.008997118 0.9999502 0.004320066 0.704041 0.5779532 0.4126698 0.7040411 -0.5779532 -0.4126698  
			<SubMeshes>: 1
				<SubMesh>: 0 486 2 3 1 2 1 0 109 6 7 109 7 110 112 113 114 114 105 112 105 111 112 105 104 111 107 108 115 107 115 116 117 5 118 117 118 119 6 4 120 6 120 7 121 122 123 121 123 124 24 8 11 24 11 25 48 54 55 48 55 51 27 17 14 27 14 26 30 31 18 30 18 15 125 9 126 125 126 127 20 21 13 20 13 10 29 12 128 29 128 129 130 131 132 130 132 133 134 135 136 134 136 137 138 139 19 138 19 16 140 141 142 140 142 22 28 140 22 28 22 143 144 145 23 144 23 146 147 148 21 147 21 20 12 130 133 12 133 128 149 125 127 149 127 150 18 27 26 18 26 15 151 24 25 151 25 152 151 152 148 151 148 147 9 28 143 9 143 126 145 29 129 145 129 23 153 154 31 153 31 30 34 32 33 34 33 35 33 96 99 33 99 35 155 156 39 39 103 155 103 97 155 103 102 97 100 157 158 100 158 38 159 160 161 159 161 37 38 158 162 38 162 36 163 164 165 163 165 166 56 57 43 56 43 40 59 58 46 59 46 49 62 47 50 62 50 63 167 168 169 167 169 41 52 42 45 52 45 53 61 170 171 61 171 44 172 173 174 172 174 175 176 177 178 176 178 179 180 181 182 180 182 183 184 185 186 184 186 187 60 188 185 60 185 184 189 190 191 189 191 192 193 52 53 193 53 194 44 171 173 44 173 172 195 196 168 195 168 167 50 47 58 50 58 59 197 198 57 197 57 56 197 193 194 197 194 198 41 169 188 41 188 60 192 191 170 192 170 61 54 62 63 54 63 55 70 67 65 70 65 69 199 200 68 199 68 71 71 68 64 71 64 66 76 73 72 76 72 75 201 202 74 201 74 77 82 79 78 82 78 81 203 204 80 203 80 83 88 85 84 88 84 87 205 206 86 205 86 89 94 91 90 94 90 93 207 208 92 207 92 95 77 74 209 77 209 210 83 80 211 83 211 212 89 86 213 89 213 214 95 92 215 95 215 216 98 217 218 98 218 219 220 221 222 220 222 101 223 224 225 223 225 226 106 227 228 106 228 229 110 230 231 110 231 109 1 3 106 1 106 229 232 233 154 232 154 153  
		</Mesh>
		<Materials>: 1
			<Material>: 0
				<AlbedoColor>: 1 1 1 1
				<EmissiveColor>: 0 0 0 0
				<Glossiness>: 0.04
				<Metallic>: 0
				<SpecularHighlight>: 1
				<GlossyReflection>: 1
				<AlbedoMap>: BLD_IndBuilding1_A
				<MetallicMap>: BLD_IndBuilding1_MS
				<NormalMap>: BLD_IndBuilding1_N
				<EmissionMap>: null
				<DetailAlbedoMap>: DET_Concrete1_A
				<DetailNormalMap>: DET_Concrete1_N
		</Materials>
		<Children>: 6
			<Frame>: 1 0 IndBuilding1_Base_Stairs_bb
				<Transform>: 0 0.465913 0.7189026 -2.504478E-06 0 0 1 1 1 -2.185569E-08 0 0 1  
				<TransformMatrix>: 1 0 0 0 0 1 -4.371139E-08 0 0 4.371139E-08 1 0 0 0.465913 0.7189026 1  
				<BoxCollider>: 1 0 -0.07076097 -0.6643677 2.2108 0.9764128 0.4810791  
				<Children>: 0
			</Frame>
			<Frame>: 2 0 IndBuilding1_Base_Stairs_bb1
				<Transform>: 0 0.613 0.719 -2.504478E-06 0 0 1 1 1 -2.185569E-08 0 0 1  
				<TransformMatrix>: 1 0 0 0 0 1 -4.371139E-08 0 0 4.371139E-08 1 0 0 0.613 0.719 1  
				<BoxCollider>: 1 -0.9969864 -0.1475867 -0.6643677 0.2796783 1.130064 0.4810791  
				<Children>: 0
			</Frame>
			<Frame>: 3 0 IndBuilding1_Base_Stairs_bb2
				<Transform>: 2.004 0.613 0.719 -2.504478E-06 0 0 1 1 1 -2.185569E-08 0 0 1  
				<TransformMatrix>: 1 0 0 0 0 1 -4.371139E-08 0 0 4.371139E-08 1 0 2.004 0.613 0.719 1  
				<BoxCollider>: 1 -0.9969864 -0.1475867 -0.6643677 0.2796783 1.130064 0.4810791  
				<Children>: 0
			</Frame>
			<Frame>: 4 0 IndBuilding1_Base_Stairs_bb3
				<Transform>: 0 0.9364854 1.061111 305.7273 0 0 1 1 1 -0.4561094 0 0 0.8899238  
				<TransformMatrix>: 1 0 0 0 0 0.5839283 -0.8118052 0 0 0.8118052 0.5839283 0 0 0.9364854 1.061111 1  
				<BoxCollider>: 1 0 -0.2534815 -0.6965839 2.2108 1.68935 0.4166121  
				<Children>: 0
			</Frame>
			<Frame>: 5 0 IndBuilding1_Base_Stairs_bb4
				<Transform>: 0 1.083 1.061 305.7273 0 0 1 1 1 -0.4561094 0 0 0.8899238  
				<TransformMatrix>: 1 0 0 0 0 0.5839283 -0.8118052 0 0 0.8118052 0.5839283 0 0 1.083 1.061 1  
				<BoxCollider>: 1 0.9952412 -0.2534788 -0.696575 0.269207 1.68935 0.4166121  
				<Children>: 0
			</Frame>
			<Frame>: 6 0 IndBuilding1_Base_Stairs_bb5
				<Transform>: -1.987 1.083 1.061 305.7273 0 0 1 1 1 -0.4561094 0 0 0.8899238  
				<TransformMatrix>: 1 0 0 0 0 0.5839283 -0.8118052 0 0 0.8118052 0.5839283 0 -1.987 1.083 1.061 1  
				<BoxCollider>: 1 0.9952412 -0.2534788 -0.696575 0.269207 1.68935 0.4166121  
				<Children>: 0
			</Frame>
	</Frame>
</Hierarchy>
