<Hierarchy>:
	<Frame>: 0 5 IndBuilding1_Floor_Mid_A
		<Transform>: 0 0 0 0 0 0 1 1 1 0 0 0 1  
		<TransformMatrix>: 1 0 0 0 0 1 0 0 0 0 1 0 0 0 0 1  
		<BoxCollider>: 1 1.5 -0.09499995 1.5 3 0.2100001 3  
		<Mesh>: 56 IndBuilding1_Floor_Mid_A
			<Bounds>: 1.5 -0.09499995 1.5 1.5 0.1050001 1.5
			<Positions>: 56 3 -0.1999999 3 3 0.01000012 3 3 -0.2 8.742278E-09 3 0.009999985 -4.371132E-10 0 -0.1999999 3 0 0.01000012 3 0 -0.2 8.742278E-09 0 0.009999985 -4.371132E-10 2.861497 0.01000011 2.861497 2.861497 0.009999991 0.1385033 0.1385033 0.009999991 0.1385033 0.1385033 0.01000011 2.861497 2.856596 -0.2 0.1434035 2.856596 -0.1999999 2.856596 0.1434035 -0.2 0.1434035 0.1434035 -0.1999999 2.856596 3 0.009999985 -4.371132E-10 3 -0.2 8.742278E-09 0 0.009999985 -4.371132E-10 0 -0.2 8.742278E-09 0 0.01000012 3 0 -0.1999999 3 3 -0.1999999 3 3 0.01000012 3 2.861497 0.01000011 2.861497 3 0.01000012 3 3 0.009999985 -4.371132E-10 2.861497 0.009999991 0.1385033 2.861497 0.009999991 0.1385033 3 0.009999985 -4.371132E-10 0 0.009999985 -4.371132E-10 0.1385033 0.009999991 0.1385033 0 0.01000012 3 0.1385033 0.01000011 2.861497 0.1385033 0.01000011 2.861497 0 0.01000012 3 3 0.01000012 3 2.861497 0.01000011 2.861497 2.856596 -0.2 0.1434035 3 -0.2 8.742278E-09 3 -0.1999999 3 2.856596 -0.1999999 2.856596 0.1434035 -0.2 0.1434035 0 -0.2 8.742278E-09 3 -0.2 8.742278E-09 2.856596 -0.2 0.1434035 0.1434035 -0.1999999 2.856596 0 -0.1999999 3 0.1434035 -0.2 0.1434035 0 -0.1999999 3 0.1434035 -0.1999999 2.856596 0.1385033 0.009999991 0.1385033 0 0.009999985 -4.371132E-10 0 -0.2 8.742278E-09 2.856596 -0.1999999 2.856596 3 -0.1999999 3  
			<Colors>: 0  
			<TextureCoords0>: 56 0.3994141 0.253418 0.3994141 0.2338867 0.2001953 0.253418 0.2001953 0.2338867 0.2001953 0.253418 0.2001953 0.2338867 0.3994141 0.2338867 0.3994141 0.253418 0.01318359 0.190918 0.01318359 0.009277344 0.1884766 0.009277344 0.1884766 0.190918 0.6010742 0.0004882813 0.6010742 0.1992188 0.7993164 0.0004882813 0.7993164 0.1992188 0.2001953 0.253418 0.2001953 0.2338867 0.3994141 0.2338867 0.3994141 0.253418 0.2001953 0.253418 0.2001953 0.2338867 0.3994141 0.2338867 0.3994141 0.253418 0.1533203 0.1889648 0.1416016 0.1982422 0.1416016 0.002929688 0.1533203 0.01171875 0.1533203 0.1777344 0.1416016 0.1865234 0.1416016 0.002929688 0.1533203 0.01123047 0.1416016 0.1982422 0.1533203 0.1889648 0.1533203 0.1777344 0.1416016 0.1865234 0.1416016 0.002929688 0.1533203 0.01123047 0.3837891 0.2529297 0.4008789 0.2333984 0.0004882813 0.2333984 0.02050781 0.2529297 0.3837891 0.2529297 0.4008789 0.2333984 0 0.2333984 0.01953125 0.2529297 0.02050781 0.2524414 0.0004882813 0.2333984 0.3823242 0.2524414 0.4008789 0.2333984 0.3837891 0.2529297 0.1533203 0.01171875 0.1416016 0.002929688 0.4008789 0.2333984 0.01953125 0.2529297 0 0.2333984  
			<TextureCoords1>: 56 0.4910443 0.9960938 0.4910445 0.9622675 0.9742758 0.9960938 0.9742759 0.9622676 0.9742759 0.8828963 0.9742756 0.8490701 0.9742759 0.9583613 0.9742756 0.9245351 0.4648283 0.04803485 0.02621598 0.04803449 0.02621642 0.4866465 0.464828 0.4866464 0.464039 0.5359615 0.0270053 0.5359615 0.4640391 0.9729944 0.0270053 0.9729944 0.4910443 0.9245351 0.4910446 0.9583613 0.4910443 0.8490701 0.4910446 0.8828963 0.4910443 0.8868026 0.4910446 0.9206288 0.9742759 0.9206288 0.9742756 0.8868026 0.4648283 0.04803485 0.487138 0.02572477 0.00390625 0.02572477 0.02621598 0.04803449 0.02621598 0.04803449 0.00390625 0.02572477 0.003906738 0.5089562 0.02621642 0.4866465 0.487138 0.5089561 0.464828 0.4866464 0.464828 0.4866464 0.487138 0.5089561 0.487138 0.02572477 0.4648283 0.04803485 0.464039 0.5359615 0.4871381 0.5128624 0.003906273 0.5128624 0.0270053 0.5359615 0.4640391 0.9729944 0.4871381 0.9960934 0.4871381 0.5128624 0.464039 0.5359615 0.0270053 0.9729944 0.00390625 0.9960938 0.4640391 0.9729944 0.00390625 0.9960938 0.0270053 0.9729944 0.02621642 0.4866465 0.003906738 0.5089562 0.4871381 0.9960934 0.0270053 0.5359615 0.003906273 0.5128624  
			<Normals>: 56 1 0 0 1 0 0 1 0 0 1 0 0 -1 0 0 -1 0 0 0 0 -1 0 0 -1 0 1 0 0 1 0 0 1 0 0 1 0 0 -1 0 0 -1 0 0 -1 0 0 -1 0 0 0 -1 0 0 -1 -1 0 0 -1 0 0 0 0 1 0 0 1 0 0 1 0 0 1 0 1 0 0 1 0 0 1 0 0 1 0 0 1 0 0 1 0 0 1 0 0 1 0 0 1 0 0 1 0 0 1 0 0 1 0 0 1 0 0 1 0 0 -1 0 0 -1 0 0 -1 0 0 -1 0 0 -1 0 0 -1 0 0 -1 0 0 -1 0 0 -1 0 0 -1 0 0 -1 0 0 -1 0 0 -1 0 0 1 0 0 1 0 0 -1 0 0 -1 0 0 -1 0  
			<Tangents>: 56 0 4.470348E-08 1 0 4.466205E-08 1 0 4.38136E-08 1 0 4.377216E-08 1 0 -4.38136E-08 -1 0 -4.377216E-08 -1 -1 0 0 -1 0 0 -1 0 0 -1 0 0 -1 0 0 -1 0 0 -1 0 0 -1 0 0 -1 0 0 -1 0 0 -1 0 0 -1 0 0 0 -4.466205E-08 -1 0 -4.470348E-08 -1 1 0 0 1 0 0 1 0 0 1 0 0 -0.9995859 0 0.02877455 -0.9995839 0 0.02884425 -0.9996784 0 0.02536137 -0.9996847 0 0.02510952 0.03657863 0 0.9993308 0.03689605 0 0.9993191 0.7553369 0 0.6553366 0.7563474 0 0.6541702 0.9995858 0 0.02877798 0.9995785 0 0.02903046 -0.03657854 0 -0.9993308 -0.03689596 0 -0.9993191 -0.02102106 0 -0.999779 -0.01987221 0 -0.9998025 0 0 -1 0 0 -1 0 0 -1 0 0 -1 -1 0 0 -1 0 0 -1 0 0 -1 0 0 0 0 -1 0 0 -1 0 0 -1 -1 0 0 -1 0 0 0.7563474 0 0.6541702 0.7553369 0 0.6553366 0 0 -1 -1 0 0 -1 0 0  
			<BiTangents>: 56 0 1 -4.470348E-08 0 1 -4.466205E-08 0 1 -4.38136E-08 0 1 -4.377216E-08 0 1 -4.38136E-08 0 1 -4.377216E-08 0 -1 0 0 -1 0 0 0 -1 0 0 -1 0 0 -1 0 0 -1 0 0 -1 0 0 -1 0 0 -1 0 0 -1 0 -1 0 0 -1 0 0 1 -4.466205E-08 0 1 -4.470348E-08 0 -1 0 0 -1 0 0 -1 0 0 -1 0 -0.02877455 0 -0.9995859 -0.02884425 0 -0.9995839 -0.02536137 0 -0.9996784 -0.02510952 0 -0.9996847 -0.9993308 0 0.03657863 -0.9993191 0 0.03689605 -0.6553366 0 0.7553369 -0.6541702 0 0.7563474 0.02877798 0 -0.9995858 0.02903046 0 -0.9995785 0.9993308 0 -0.03657854 0.9993191 0 -0.03689596 0.999779 0 -0.02102106 0.9998025 0 -0.01987221 1 0 0 1 0 0 1 0 0 1 0 0 0 0 -1 0 0 -1 0 0 -1 0 0 -1 -1 0 0 -1 0 0 -1 0 0 0 0 1 0 0 1 0.6541702 0 -0.7563474 0.6553366 0 -0.7553369 -1 0 0 0 0 1 0 0 1  
			<SubMeshes>: 1
				<SubMesh>: 0 84 1 0 2 1 2 3 16 17 6 16 6 7 18 19 4 18 4 5 20 21 22 20 22 23 13 15 14 13 14 12 11 8 9 11 9 10 24 25 26 24 26 27 28 29 30 28 30 31 51 52 32 51 32 33 34 35 36 34 36 37 38 39 40 38 40 41 42 43 44 42 44 45 46 47 53 46 53 48 54 55 49 54 49 50  
		</Mesh>
		<Materials>: 1
			<Material>: 0
				<AlbedoColor>: 1 1 1 1
				<EmissiveColor>: 0 0 0 0
				<Glossiness>: 0.04
				<Metallic>: 0
				<SpecularHighlight>: 1
				<GlossyReflection>: 1
				<AlbedoMap>: BLD_IndBuilding1_A
				<MetallicMap>: BLD_IndBuilding1_MS
				<NormalMap>: BLD_IndBuilding1_N
				<EmissionMap>: null
				<DetailAlbedoMap>: DET_Concrete1_A
				<DetailNormalMap>: DET_Concrete1_N
		</Materials>
		<Children>: 0
	</Frame>
</Hierarchy>
