<Hierarchy>:
	<Frame>: 0 5 Pavement1_Cor_A
		<Transform>: 0 0 0 0 0 0 1 1 1 0 0 0 1  
		<TransformMatrix>: 1 0 0 0 0 1 0 0 0 0 1 0 0 0 0 1  
		<BoxCollider>: 1 -5.003911 0.4500021 5.005489 10.00782 0.9000005 10.01098  
		<Mesh>: 418 Pavement1_Cor_A
			<Bounds>: -5.003911 0.4500021 5.005489 5.003911 0.4500002 5.005489
			<Positions>: 418 9.834766E-07 2.384186E-06 10 -9.999999 1.907349E-06 6.099555E-07 9.834766E-07 2.264977E-06 9.7 -9.699999 1.907349E-06 5.920741E-07 -10.00782 2.264977E-06 8.038168 -7.903542 2.384186E-06 10.01098 -9.934621 2.264977E-06 8.571392 -9.742938 2.384186E-06 9.039001 -9.415165 2.384186E-06 9.457026 -8.964267 2.384186E-06 9.761132 -8.494099 2.384186E-06 9.932262 -7.857632 2.384186E-06 9.68633 -9.700464 2.264977E-06 8.025096 -8.414737 2.384186E-06 9.634782 -8.809335 2.384186E-06 9.481364 -9.177163 2.384186E-06 9.238986 -9.450369 2.264977E-06 8.886899 -9.628825 2.264977E-06 8.500782 1.009578E-06 0.8758334 10 1.010299E-06 0.9000024 9.976834 -9.970791 0.9000019 5.813925E-07 -9.999999 0.8758329 5.838538E-07 1.010299E-06 0.9000024 9.718522 1.009578E-06 0.8758334 9.7 -9.699999 0.8758329 5.659724E-07 -9.724036 0.9000019 5.666848E-07 -7.903542 0.8758332 10.01098 -7.887391 0.9000022 9.987798 -9.978614 0.9000021 8.033842 -10.00782 0.8758332 8.038168 -8.494099 0.8499962 9.932262 -8.481524 0.8741652 9.908609 -8.964267 0.8758332 9.761132 -8.945877 0.9000021 9.739909 -9.415165 0.8364388 9.457026 -9.392236 0.8606077 9.43932 -9.742938 0.8758332 9.039001 -9.716858 0.9000021 9.025442 -9.934621 0.8758332 8.571392 -9.905719 0.9000021 8.564718 -9.700464 0.8758332 8.025095 -9.724502 0.9000021 8.028655 -7.870522 0.9000019 9.70483 -7.857632 0.8758329 9.68633 -9.628825 0.8758332 8.500782 -9.652574 0.9000021 8.506266 -9.450369 0.8758332 8.886899 -9.47156 0.9000021 8.897916 -9.177164 0.8364388 9.238987 -9.195761 0.8606077 9.253347 -8.809335 0.8758332 9.481365 -8.824015 0.9000021 9.498306 -8.414737 0.849996 9.634783 -8.424715 0.8741649 9.653552 -7.502163 0.9000022 9.983588 -7.502164 2.384186E-06 9.686947 -7.502163 2.384186E-06 10.00675 -7.502162 0.8758332 10.00675 -7.502163 0.8758329 9.686947 -7.502161 0.9000019 9.70547 -9.970791 0.9000021 7.793537 -9.700451 0.8758332 7.793538 -9.700451 2.264977E-06 7.793537 -9.999999 0.8758332 7.793537 -9.724488 0.9000021 7.793537 -9.999999 2.264977E-06 7.793537 9.834766E-07 2.145767E-06 5.03285 9.834766E-07 1.907349E-06 1.390907E-08 1.007318E-06 0.8000023 9.7 1.007318E-06 0.8000019 -9.932787E-09 -9.825967 0.8000019 5.757406E-07 -8.496722 0.8000023 9.705389 -9.829586 0.8000021 8.195531 -9.393812 0.8000022 9.203771 -9.828238 0.800002 5.018592 1.007318E-06 0.8000021 5.018591 -4.956922 0.800002 5.018592 -4.956922 1.907349E-06 3.093647E-07 -4.956922 0.8000019 2.855228E-07 -4.956921 0.8000023 9.703143 -2.505149 2.384186E-06 10.00225 -2.505149 0.9000022 9.97909 -2.505149 0.8758333 9.695642 -2.505149 2.384186E-06 9.695642 -2.505149 0.8758333 10.00225 -2.505148 0.9000022 9.714164 -3.739912 2.384186E-06 9.693493 -3.739911 0.8758333 10.00337 -3.73991 0.9000021 9.712015 -3.739912 2.384186E-06 10.00337 -3.739911 0.9000022 9.980201 -3.739911 0.8758332 9.693493 -6.262486 2.384186E-06 9.689104 -6.262484 0.8758333 10.00564 -6.262483 0.900002 9.707626 -6.262485 2.384186E-06 10.00564 -6.262485 0.9000022 9.982472 -6.262485 0.875833 9.689104 -4.988688 2.384186E-06 10.00449 -4.988688 0.9000022 9.981325 -4.988688 0.875833 9.69132 -4.988689 2.384186E-06 9.69132 -4.988688 0.8758333 10.00449 -4.988687 0.900002 9.709843 -5.003538 2.384186E-06 9.691295 -5.003537 0.858732 10.0045 -5.003536 0.8829007 9.709817 -5.003537 2.384186E-06 10.0045 -5.003537 0.882901 9.981339 -5.003537 0.8587317 9.691295 -6.240618 2.384186E-06 9.689142 -6.240616 0.858732 10.00562 -6.240615 0.8829007 9.707664 -6.240617 2.384186E-06 10.00562 -6.240618 0.882901 9.982452 -6.240617 0.8587317 9.689142 -1.258341 2.384186E-06 10.00113 -1.258341 0.9000022 9.977967 -1.258341 0.8758333 9.69781 -1.258342 2.384186E-06 9.69781 -1.258341 0.8758333 10.00113 -1.258341 0.9000022 9.716332 -1.266627 2.384186E-06 9.697796 -1.266626 0.8610322 10.00114 -1.266626 0.8852012 9.716318 -1.266627 2.384186E-06 10.00114 -1.266627 0.8852012 9.977975 -1.266627 0.8610322 9.697796 -2.476976 2.384186E-06 9.69569 -2.476975 0.8610322 10.00223 -2.476975 0.8852012 9.714212 -2.476975 2.384186E-06 10.00223 -2.476975 0.8852012 9.979064 -2.476975 0.8610322 9.69569 -9.700224 0.875833 3.878571 -9.970791 0.900002 3.878571 -9.724261 0.900002 3.878571 -9.999999 0.875833 3.878571 -9.700224 2.145767E-06 3.878571 -9.999999 2.145767E-06 3.878571 -9.724338 0.900002 5.201728 -9.999999 0.875833 5.201728 -9.7003 2.145767E-06 5.201728 -9.999999 2.145767E-06 5.201728 -9.970791 0.900002 5.201728 -9.7003 0.875833 5.201729 -9.724337 0.8770566 5.188318 -9.999999 0.8528876 5.188318 -9.700299 2.145767E-06 5.188318 -9.999999 2.145767E-06 5.188318 -9.970791 0.8770566 5.188318 -9.700299 0.8528876 5.188319 -9.724262 0.8770566 3.897726 -9.999999 0.8528876 3.897726 -9.700225 2.145767E-06 3.897726 -9.999999 2.145767E-06 3.897726 -9.970791 0.8770566 3.897726 -9.700225 0.8528876 3.897726 -9.70015 0.875833 2.596243 -9.970791 0.900002 2.596243 -9.999999 2.026558E-06 2.596242 -9.70015 2.026558E-06 2.596242 -9.999999 0.875833 2.596242 -9.724187 0.900002 2.596242 -9.999999 1.907349E-06 1.296932 -9.700074 1.907349E-06 1.296932 -9.999999 0.875833 1.296932 -9.724112 0.900002 1.296932 -9.700074 0.875833 1.296932 -9.970791 0.900002 1.296932 -9.700112 0.840631 1.95964 -9.970791 0.8648 1.95964 -9.999999 1.907349E-06 1.95964 -9.700112 1.907349E-06 1.95964 -9.999999 0.840631 1.95964 -9.724151 0.8648 1.95964 -9.970791 0.900002 6.503306 -9.700376 0.875833 6.503306 -9.724413 0.900002 6.503305 -9.999999 0.875833 6.503305 -9.700376 2.145767E-06 6.503305 -9.999999 2.145767E-06 6.503305 -9.72439 0.8811612 6.117994 -9.999999 0.8569922 6.117994 -9.700354 2.145767E-06 6.117994 -9.999999 2.145767E-06 6.117994 -9.970791 0.8811612 6.117994 -9.700354 0.8569922 6.117994 9.834766E-07 2.384186E-06 9.710683 -9.82094 1.907349E-06 5.992828E-07 -9.177163 2.384186E-06 9.238986 -9.177164 0.8364388 9.238987 -9.742938 2.384186E-06 9.039001 -9.742938 0.8758332 9.039001 -10.00782 0.8758332 8.038168 -9.934621 0.8758332 8.571392 -9.742938 0.8758332 9.039001 -9.415165 0.8364388 9.457026 -8.964267 0.8758332 9.761132 -8.494099 0.8499962 9.932262 -7.903542 0.8758332 10.01098 -7.870522 0.9000019 9.70483 -8.424715 0.8741649 9.653552 -8.824015 0.9000021 9.498306 -9.195761 0.8606077 9.253347 -9.195761 0.8606077 9.253347 -9.47156 0.9000021 8.897916 -9.652574 0.9000021 8.506266 -9.724502 0.9000021 8.028655 1.009578E-06 0.8758334 10 1.010299E-06 0.9000024 9.976834 -9.970791 0.9000021 7.793537 -9.724488 0.9000021 7.793537 1.010299E-06 0.9000024 9.718522 1.009578E-06 0.8758334 9.7 -7.502162 0.8758332 10.00675 -7.502163 0.9000022 9.983588 -7.502163 2.384186E-06 10.00675 -7.502162 0.8758332 10.00675 -7.502164 2.384186E-06 9.686947 -7.502163 0.8758329 9.686947 -7.502161 0.9000019 9.70547 -7.502161 0.9000019 9.70547 -9.700451 0.8758332 7.793538 -9.724036 0.9000019 5.666848E-07 -9.970791 0.9000019 5.813925E-07 -9.999999 2.264977E-06 7.793537 -9.999999 0.8758332 7.793537 -9.970791 0.9000021 7.793537 -9.700451 2.264977E-06 7.793537 1.007318E-06 0.8000021 5.018591 1.007318E-06 0.8000021 5.018591 1.007318E-06 0.8000019 -9.932787E-09 -4.956922 0.800002 5.018592 1.007318E-06 0.8000019 -9.932787E-09 9.834766E-07 1.907349E-06 1.390907E-08 -4.956922 0.8000019 2.855228E-07 -4.956921 0.8000023 9.703143 -4.956922 0.800002 5.018592 -4.956922 0.800002 5.018592 -4.956922 0.8000019 2.855228E-07 -9.828238 0.800002 5.018592 -2.505148 0.9000022 9.714164 -2.505149 0.9000022 9.97909 -3.73991 0.9000021 9.712015 -3.739911 0.9000022 9.980201 -7.502161 0.9000019 9.70547 -6.262483 0.900002 9.707626 -7.502162 0.8758332 10.00675 -6.262484 0.8758333 10.00564 -4.988687 0.900002 9.709843 -4.988688 0.9000022 9.981325 -5.003537 0.882901 9.981339 -4.988688 0.8758333 10.00449 -6.240618 0.882901 9.982452 -5.003537 0.858732 10.0045 -6.240615 0.8829007 9.707664 -5.003536 0.8829007 9.709817 -6.262485 0.9000022 9.982472 1.010299E-06 0.9000024 9.976834 1.010299E-06 0.9000024 9.718522 -1.258341 0.9000022 9.716332 -1.258341 0.9000022 9.977967 -1.258341 0.9000022 9.716332 -1.258341 0.8758333 9.69781 -1.258341 0.8758333 10.00113 -1.258341 0.9000022 9.977967 -2.476975 0.8852012 9.979064 -1.266626 0.8610322 10.00114 -1.266627 0.8852012 9.977975 -2.476975 0.8852012 9.714212 -1.266626 0.8852012 9.716318 -1.266627 0.8610322 9.697796 -1.266627 0.8852012 9.977975 -1.266626 0.8852012 9.716318 -9.724261 0.900002 3.878571 -9.999999 0.875833 2.596242 -9.999999 0.875833 3.878571 -9.724488 0.9000021 7.793537 -9.724338 0.900002 5.201728 -9.970791 0.900002 5.201728 -9.999999 0.8528876 5.188318 -9.999999 0.875833 5.201728 -9.700299 0.8528876 5.188319 -9.7003 0.875833 5.201729 -9.970791 0.8770566 3.897726 -9.970791 0.8770566 5.188318 -9.700225 0.8528876 3.897726 -9.724337 0.8770566 5.188318 -9.700299 0.8528876 5.188319 -9.700224 0.875833 3.878571 -9.999999 0.8528876 3.897726 -9.970791 0.8770566 5.188318 -9.999999 0.840631 1.95964 -9.724187 0.900002 2.596242 -9.699999 0.8758329 5.659724E-07 -9.724036 0.9000019 5.666848E-07 -9.724112 0.900002 1.296932 -9.699999 1.907349E-06 5.920741E-07 -9.999999 0.8758329 5.838538E-07 -9.999999 1.907349E-06 6.099555E-07 -9.999999 0.8758329 5.838538E-07 -9.999999 0.875833 1.296932 -9.724151 0.8648 1.95964 -9.970791 0.9000021 7.793537 -9.724488 0.9000021 7.793537 -9.724413 0.900002 6.503305 -9.970791 0.900002 6.503306 -9.72439 0.8811612 6.117994 -9.999999 0.875833 6.503305 -9.999999 0.8569922 6.117994 -9.970791 0.900002 5.201728 -9.970791 0.8811612 6.117994 -9.724338 0.900002 5.201728 1.007318E-06 0.8000023 9.7 -9.825967 0.8000019 5.757406E-07 9.834766E-07 2.384186E-06 10 9.834766E-07 2.264977E-06 9.7 -9.978614 0.9000021 8.033842 -9.905719 0.9000021 8.564718 -9.716858 0.9000021 9.025442 -9.392236 0.8606077 9.43932 -8.945877 0.9000021 9.739909 -8.481524 0.8741652 9.908609 -7.887391 0.9000022 9.987798 -7.857632 0.8758329 9.68633 -8.414737 0.849996 9.634783 -8.809335 0.8758332 9.481365 -9.177164 0.8364388 9.238987 -9.177164 0.8364388 9.238987 -9.450369 0.8758332 8.886899 -9.628825 0.8758332 8.500782 -9.700464 0.8758332 8.025095 -9.999999 0.8758332 7.793537 -10.00782 0.8758332 8.038168 -9.970791 0.9000021 7.793537 -7.502163 0.9000022 9.983588 -7.502163 0.8758329 9.686947 -9.999999 0.875833 6.503305 -9.999999 0.8758332 7.793537 -9.700451 0.8758332 7.793538 -2.505149 0.8758333 9.695642 -2.505149 0.8758333 10.00225 -3.739911 0.8758332 9.693493 -3.739911 0.8758333 10.00337 -2.505149 0.9000022 9.97909 -2.505148 0.9000022 9.714164 -7.502163 0.8758329 9.686947 -6.262485 0.875833 9.689104 -7.502163 0.9000022 9.983588 -6.262485 0.9000022 9.982472 -6.262483 0.900002 9.707626 -6.262485 0.9000022 9.982472 -4.988688 0.8758333 10.00449 -4.988688 0.875833 9.69132 -4.988687 0.900002 9.709843 -4.988688 0.875833 9.69132 -4.988688 0.8758333 10.00449 -4.988688 0.9000022 9.981325 -6.240616 0.858732 10.00562 -6.240618 0.882901 9.982452 -6.240617 0.8587317 9.689142 -4.988688 0.9000022 9.981325 -4.988687 0.900002 9.709843 -5.003537 0.882901 9.981339 -5.003537 0.858732 10.0045 -5.003537 0.8587317 9.691295 -6.262485 0.875833 9.689104 -6.262483 0.900002 9.707626 -6.262484 0.8758333 10.00564 1.009578E-06 0.8758334 10 -1.258341 0.8758333 10.00113 1.009578E-06 0.8758334 9.7 -1.258341 0.8758333 9.69781 -2.476975 0.8610322 10.00223 -2.476975 0.8610322 9.69569 -1.258341 0.9000022 9.977967 -1.258341 0.9000022 9.716332 -1.266626 0.8852012 9.716318 -1.266627 0.8852012 9.977975 -1.266626 0.8610322 10.00114 -1.266627 0.8610322 9.697796 -2.505149 0.8758333 9.695642 -2.505148 0.9000022 9.714164 -2.505149 0.9000022 9.97909 -2.505149 0.8758333 10.00225 -9.70015 0.875833 2.596243 -9.700224 0.875833 3.878571 -9.970791 0.900002 3.878571 -9.700376 0.875833 6.503306 -9.700451 0.8758332 7.793538 -9.999999 0.8528876 3.897726 -9.999999 0.8528876 5.188318 -9.970791 0.900002 5.201728 -9.724338 0.900002 5.201728 -9.724337 0.8770566 5.188318 -9.970791 0.8770566 5.188318 -9.724262 0.8770566 3.897726 -9.724261 0.900002 3.878571 -9.970791 0.900002 3.878571 -9.999999 0.875833 3.878571 -9.970791 0.8770566 3.897726 -9.724337 0.8770566 5.188318 -9.970791 0.900002 3.878571 -9.724261 0.900002 3.878571 -9.970791 0.900002 2.596243 -9.700112 0.840631 1.95964 -9.699999 0.8758329 5.659724E-07 -9.700074 0.875833 1.296932 -9.970791 0.9000019 5.813925E-07 -9.970791 0.900002 1.296932 -9.970791 0.8648 1.95964 -9.970791 0.8811612 6.117994 -9.970791 0.900002 6.503306 -9.700354 0.8569922 6.117994 -9.999999 0.875833 5.201728 -9.999999 0.8569922 6.117994 -9.7003 0.875833 5.201729  
			<Colors>: 0  
			<TextureCoords0>: 418 0.1110962 0.376954 0.3341303 0.3307112 0.1110962 0.305703 0.3341303 0.3058416 0.4302334 0.3770519 0.2455981 0.3770519 0.3988132 0.3770519 0.3701323 0.3770519 0.3400256 0.3770519 0.3096879 0.3770519 0.2812223 0.3770519 0.2455981 0.3055987 0.4302334 0.3055987 0.2812223 0.3055987 0.3096879 0.3055987 0.3400256 0.3055987 0.3701323 0.3055987 0.3988132 0.3055987 0.4315261 0.3058416 0.4342138 0.3077619 0.4342138 0.3282899 0.4315262 0.3307112 0.4342138 0.3291757 0.4315261 0.3307112 0.4315262 0.3058416 0.4342138 0.3078343 0.2455981 0.3470476 0.2455981 0.3457853 0.4302334 0.3457853 0.4302334 0.3470476 0.2812223 0.3470476 0.2812223 0.3457853 0.3096879 0.3470476 0.3096879 0.3457853 0.3400256 0.3470476 0.3400256 0.3457853 0.3701323 0.3470476 0.3701323 0.3457853 0.3988132 0.3470476 0.3988132 0.3457853 0.4302334 0.3356032 0.4302334 0.3367355 0.2455981 0.3367355 0.2455981 0.3356032 0.3988132 0.3356032 0.3988132 0.3367355 0.3701323 0.3356032 0.3701323 0.3367355 0.3400256 0.3356032 0.3400256 0.3367355 0.3096879 0.3356032 0.3096879 0.3367355 0.2812223 0.3356032 0.2812223 0.3367355 0.7781807 0.3479615 0.2222971 0.3055987 0.7781807 0.376954 0.7781807 0.352141 0.2222971 0.3356032 0.7781807 0.3342006 0.4449105 0.3457853 0.4449105 0.3356032 0.7781807 0.376954 0.4449105 0.3470476 0.4449105 0.3367355 0.4449105 0.3770519 0.4467683 0.3298758 0.2215909 0.3298758 0.0002653541 0.9067816 0.2215909 0.3054552 0.48534 0.44618 0.3497612 0.9073114 0.48534 0.7587574 0.4383338 0.8579578 0.48534 0.44618 0.4467683 0.3054552 0.48534 0.44618 0.4467683 0.3298758 0.48534 0.44618 0.48534 0.9070907 0.3338515 0.376954 0.3338515 0.3479615 0.3338515 0.3300885 0.3338515 0.305703 0.3338515 0.3521409 0.3338515 0.3342006 0.4436453 0.305703 0.4436453 0.3521409 0.4436452 0.3342007 0.4436452 0.376954 0.4436452 0.3479615 0.4436453 0.3300884 0.6679498 0.305703 0.6679498 0.3521409 0.6679497 0.3342006 0.6679498 0.376954 0.6679498 0.3479615 0.6679499 0.3300885 0.5546852 0.376954 0.5546851 0.3479615 0.5546853 0.3300885 0.5546852 0.305703 0.5546852 0.3521409 0.5546851 0.3342007 0.5560055 0.305703 0.5560056 0.3521409 0.5560055 0.3342007 0.5560055 0.376954 0.5560054 0.3479615 0.5560057 0.3300884 0.6660053 0.305703 0.6660054 0.3521409 0.6660053 0.3342006 0.6660054 0.376954 0.6660055 0.3479615 0.6660055 0.3300885 0.2229867 0.376954 0.2229867 0.3479615 0.2229867 0.3300885 0.2229867 0.305703 0.2229867 0.3521409 0.2229867 0.3342006 0.2237234 0.305703 0.2237234 0.3521409 0.2237234 0.3342006 0.2237234 0.376954 0.2237234 0.3479616 0.2237234 0.3300885 0.3313463 0.3057029 0.3313463 0.3521409 0.3313463 0.3342006 0.3313463 0.376954 0.3313463 0.3479615 0.3313463 0.3300885 0.4430808 0.3521409 0.4430808 0.3342005 0.4430808 0.3479615 0.4430808 0.3300885 0.4430808 0.376954 0.4430808 0.305703 0.5563359 0.3479615 0.5563359 0.3300885 0.5563359 0.376954 0.5563359 0.305703 0.5563359 0.3342005 0.5563359 0.3521409 0.5551881 0.3479615 0.5551881 0.3300885 0.5551881 0.376954 0.5551881 0.3057029 0.5551881 0.3342005 0.5551881 0.3521409 0.4447203 0.3479615 0.4447203 0.3300885 0.4447203 0.376954 0.4447203 0.3057029 0.4447204 0.3342005 0.4447203 0.3521409 0.3333205 0.3521409 0.3333205 0.3342005 0.3333204 0.305703 0.3333204 0.376954 0.3333205 0.3300884 0.3333204 0.3479615 0.2221065 0.3057029 0.2221065 0.376954 0.2221065 0.3300886 0.2221065 0.3479615 0.2221065 0.3521408 0.2221065 0.3342005 0.2788307 0.3521409 0.2788307 0.3342005 0.2788307 0.3057029 0.2788306 0.3769539 0.2788307 0.3300885 0.2788306 0.3479615 0.6677438 0.3342005 0.6677439 0.3521409 0.6677438 0.3479615 0.6677439 0.3300885 0.6677438 0.376954 0.6677439 0.305703 0.6347632 0.3479615 0.6347634 0.3300885 0.6347632 0.376954 0.6347634 0.305703 0.6347632 0.3342005 0.6347633 0.3521409 0.6658704 0.3298759 0.2215909 0.3298759 0.3400256 0.3055987 0.3400256 0.3356032 0.3701323 0.3770519 0.3701323 0.3470476 0.4302334 0.3470476 0.3988132 0.3470476 0.3701323 0.3470476 0.3400256 0.3470476 0.3096879 0.3470476 0.2812223 0.3470476 0.2455981 0.3470476 0.2455981 0.3367355 0.2812223 0.3367355 0.3096879 0.3367355 0.3400256 0.3367355 0.3400256 0.3367355 0.3701323 0.3367355 0.3988132 0.3367355 0.4302334 0.3367355 0.1110962 0.352141 0.1110962 0.3479615 0.4449105 0.3457853 0.4449105 0.3367355 0.1110962 0.3342006 0.1110962 0.3300886 0.2222971 0.3470476 0.2222971 0.3457853 0.2222971 0.3770519 0.2222971 0.3470476 0.7781807 0.305703 0.7781807 0.3300886 0.2222971 0.3367355 0.2222971 0.3367355 0.7781807 0.352141 0.1110962 0.3479615 0.1110962 0.3342006 0.7781807 0.305703 0.7781807 0.3300886 0.7781807 0.3342006 0.4449105 0.3055987 0.0002653541 0.44618 0.0002653541 0.9068342 0.0002653541 0.44618 0.48534 0.9068342 0.6658704 0.3054551 0.6658704 0.3298759 0.4467683 0.3054552 0.0002653541 0.9070907 0.0002655011 0.44618 0.0002653541 0.9068342 0.0002653541 0.44618 0.48534 0.9068342 0.3338515 0.3342006 0.3338515 0.3479615 0.4436452 0.3342007 0.4436452 0.3479615 0.7781807 0.3342006 0.6679497 0.3342006 0.7781807 0.352141 0.6679498 0.3521409 0.5546851 0.3342007 0.5546851 0.3479615 0.5560054 0.3479615 0.5546852 0.3521409 0.6660055 0.3479615 0.5560056 0.3521409 0.6660053 0.3342006 0.5560055 0.3342007 0.6679498 0.3479615 0.1110962 0.3479615 0.1110962 0.3342006 0.2229867 0.3342006 0.2229867 0.3479615 0.2229867 0.3342006 0.2229867 0.3300885 0.2229867 0.3521409 0.2229867 0.3479615 0.3313463 0.3479615 0.2237234 0.3521409 0.2237234 0.3479616 0.3313463 0.3342006 0.2237234 0.3342006 0.2237234 0.3300885 0.2237234 0.3479616 0.2237234 0.3342006 0.4430808 0.3479615 0.3333205 0.3300884 0.4430808 0.3300885 0.7781807 0.3479615 0.5563359 0.3479615 0.5563359 0.3342005 0.5551881 0.3300885 0.5563359 0.3300885 0.5551881 0.3521409 0.5563359 0.3521409 0.4447204 0.3342005 0.5551881 0.3342005 0.4447203 0.3521409 0.5551881 0.3479615 0.5551881 0.3521409 0.4430808 0.3521409 0.4447203 0.3300885 0.5551881 0.3342005 0.2788307 0.3300885 0.3333204 0.3479615 0.1110962 0.352141 0.1110962 0.3479615 0.2221065 0.3479615 0.1110962 0.376954 0.1110962 0.3300886 0.1110962 0.305703 0.1110962 0.3300886 0.2221065 0.3300886 0.2788306 0.3479615 0.7781807 0.3342006 0.7781807 0.3479615 0.6677438 0.3479615 0.6677438 0.3342005 0.6347632 0.3479615 0.6677439 0.3300885 0.6347634 0.3300885 0.5563359 0.3342005 0.6347632 0.3342005 0.5563359 0.3479615 0.6653846 0.3054552 0.2215909 0.3054552 0.3341303 0.3058416 0.3341303 0.3307111 0.4302334 0.3457853 0.3988132 0.3457853 0.3701323 0.3457853 0.3400256 0.3457853 0.3096879 0.3457853 0.2812223 0.3457853 0.2455981 0.3457853 0.2455981 0.3356032 0.2812223 0.3356032 0.3096879 0.3356032 0.3400256 0.3356032 0.3400256 0.3356032 0.3701323 0.3356032 0.3988132 0.3356032 0.4302334 0.3356032 0.4449105 0.3470476 0.4302334 0.3470476 0.4449105 0.3457853 0.2222971 0.3457853 0.2222971 0.3356032 0.6677439 0.3300885 0.7781807 0.3300886 0.4449105 0.3356032 0.3338515 0.3300885 0.3338515 0.3521409 0.4436453 0.3300884 0.4436453 0.3521409 0.3338515 0.3479615 0.3338515 0.3342006 0.7781807 0.3300886 0.6679499 0.3300885 0.7781807 0.3479615 0.6679498 0.3479615 0.6679497 0.3342006 0.6679498 0.3479615 0.5546852 0.3521409 0.5546853 0.3300885 0.5546851 0.3342007 0.5546853 0.3300885 0.5546852 0.3521409 0.5546851 0.3479615 0.6660054 0.3521409 0.6660055 0.3479615 0.6660055 0.3300885 0.5546851 0.3479615 0.5546851 0.3342007 0.5560054 0.3479615 0.5560056 0.3521409 0.5560057 0.3300884 0.6679499 0.3300885 0.6679497 0.3342006 0.6679498 0.3521409 0.1110962 0.352141 0.2229867 0.3521409 0.1110962 0.3300886 0.2229867 0.3300885 0.3313463 0.3521409 0.3313463 0.3300885 0.2229867 0.3479615 0.2229867 0.3342006 0.2237234 0.3342006 0.2237234 0.3479616 0.2237234 0.3521409 0.2237234 0.3300885 0.3338515 0.3300885 0.3338515 0.3342006 0.3338515 0.3479615 0.3338515 0.3521409 0.3333205 0.3521409 0.4430808 0.3521409 0.4430808 0.3342005 0.6677439 0.3521409 0.7781807 0.352141 0.4447203 0.3300885 0.5551881 0.3300885 0.5563359 0.3342005 0.5563359 0.3479615 0.5551881 0.3479615 0.5551881 0.3342005 0.4447203 0.3479615 0.4430808 0.3479615 0.4430808 0.3342005 0.4430808 0.3300885 0.4447204 0.3342005 0.5551881 0.3479615 0.4430808 0.3342005 0.4430808 0.3479615 0.3333205 0.3342005 0.2788307 0.3521409 0.1110962 0.352141 0.2221065 0.3521408 0.1110962 0.3342006 0.2221065 0.3342005 0.2788307 0.3342005 0.6347632 0.3342005 0.6677438 0.3342005 0.6347633 0.3521409 0.5563359 0.3300885 0.6347634 0.3300885 0.5563359 0.3521409  
			<TextureCoords1>: 418 0.5231547 0.8200443 0.5480856 0.9282467 0.004112164 0.1136513 0.5480855 0.9127838 0.9422597 0.8198237 0.1208488 0.8169702 0.9700005 0.8199375 0.996048 0.8200442 0.03345413 0.8192922 0.06243664 0.8185222 0.08909985 0.8178138 0.4074111 0.1107618 0.07499573 0.1649299 0.435528 0.1112111 0.4571736 0.1122692 0.4799426 0.1136513 0.02950574 0.1661983 0.05064206 0.1652675 0.5932285 0.932153 0.5944743 0.933347 0.5944743 0.9267413 0.5932285 0.9282467 0.5944743 0.9466612 0.5932285 0.9476159 0.5932285 0.9127838 0.5944743 0.9140228 0.1196088 0.7702974 0.3192594 0.8385729 0.4638477 0.8721843 0.9424448 0.7746824 0.08789643 0.7725177 0.3488463 0.8284506 0.06119664 0.7718493 0.3739046 0.8258162 0.03226991 0.7747186 0.4014687 0.8276367 0.996233 0.7749029 0.4260607 0.8379052 0.9701856 0.7747961 0.446241 0.8522677 0.07464945 0.1193542 0.4535342 0.8795103 0.3247888 0.8522388 0.4074142 0.06570619 0.04916274 0.1196148 0.4372094 0.8616316 0.02673251 0.1213317 0.4188258 0.8497926 0.4825672 0.07041728 0.3973932 0.8410456 0.459738 0.06636989 0.3743043 0.8395821 0.4371439 0.06646508 0.352105 0.8417721 0.3012102 0.8470218 0.3892705 0.110855 0.1422394 0.816402 0.1409994 0.7697291 0.3891378 0.06604469 0.307274 0.8602417 0.47036 0.8822045 0.08678187 0.1196465 0.0867915 0.1648974 0.9297991 0.7745569 0.4602064 0.8892179 0.9296802 0.8197808 0.245016 0.2129074 0.5044243 0.2129074 0.00390625 0.2624176 0.5044243 0.171673 0.5105785 0.7621709 0.441853 0.2619545 0.5105858 0.339748 0.4881026 0.2877898 0.5105858 0.5034971 0.2457508 0.171673 0.2595033 0.5036035 0.2594013 0.2580482 0.2596129 0.7622771 0.2594009 0.2621476 0.3993099 0.817825 0.3992921 0.7719828 0.133746 0.06769681 0.1332494 0.1131079 0.3991897 0.7736309 0.1337051 0.06614047 0.1976721 0.1128383 0.3377873 0.7721695 0.1973568 0.06553727 0.3368186 0.8165284 0.3378282 0.7704682 0.1973689 0.06711471 0.3261223 0.1110285 0.2070616 0.767974 0.2482605 0.8871755 0.2083015 0.8146468 0.2422664 0.8741022 0.3268847 0.06676924 0.2734693 0.8151785 0.2744551 0.7690495 0.2601267 0.06680954 0.262658 0.1121808 0.274416 0.7707483 0.2602238 0.06530786 0.2634547 0.1121364 0.2736443 0.7715998 0.2610532 0.0660333 0.272716 0.8151624 0.2732117 0.7699571 0.2609581 0.06758332 0.325043 0.1110105 0.208257 0.7688108 0.2469392 0.8877791 0.2094669 0.8146159 0.2409465 0.8747085 0.3257386 0.06756693 0.4611566 0.8187128 0.4621197 0.7739115 0.06878798 0.06821471 0.06898541 0.1133677 0.4620833 0.7755609 0.06877946 0.06664491 0.06941254 0.1133658 0.5640445 0.9088776 0.5492178 0.9077907 0.4607484 0.818704 0.5627044 0.9077906 0.5480855 0.9088776 0.1318115 0.113093 0.4006269 0.7742982 0.06723021 0.969798 0.400765 0.817821 0.0614542 0.9572001 0.1322654 0.06839305 0.2889592 0.1211297 0.749501 0.9828907 0.288974 0.1193716 0.7278995 0.7747787 0.2885956 0.1662472 0.7279291 0.8199131 0.5494749 0.9005647 0.5638093 0.9016402 0.2204346 0.1656979 0.7961158 0.8198684 0.5441793 0.9890761 0.5480856 0.9016402 0.5494748 0.9019346 0.5638093 0.9030101 0.2211254 0.1657034 0.7954247 0.8198689 0.5621778 0.9019346 0.5480855 0.9030101 0.752053 0.9705484 0.7288874 0.7759605 0.2876089 0.1662393 0.7289162 0.8199125 0.750985 0.9831998 0.2879629 0.1223037 0.3549254 0.1216823 0.6854644 0.9866228 0.6618466 0.8199565 0.3546534 0.1667796 0.661817 0.774822 0.3549459 0.11993 0.5948888 0.8200004 0.4215956 0.1672401 0.5948592 0.7748659 0.6161864 0.9773457 0.422021 0.1222008 0.6168093 0.9902476 0.3877983 0.1234695 0.65187 0.9889087 0.6290404 0.819978 0.3875351 0.1669421 0.6519766 0.9909143 0.3878119 0.1217072 0.8631568 0.7727397 0.1535113 0.1201231 0.1535289 0.118364 0.8631607 0.77469 0.1533014 0.1652794 0.8631904 0.8198244 0.5079259 0.9583122 0.5196792 0.9502656 0.1732254 0.1653723 0.843334 0.8198375 0.5180835 0.951296 0.1734233 0.12107 0.00390625 0.2129074 0.5101075 0.2580482 0.007438907 0.1677667 0.004139239 0.1259556 0.005146245 0.8200443 0.00390625 0.7733714 0.4652707 0.8709299 0.4475599 0.8508829 0.4270169 0.8362373 0.4021459 0.8258199 0.3742208 0.8239505 0.3487777 0.8265685 0.3193273 0.8366454 0.4080095 0.06411558 0.437455 0.0648002 0.4601442 0.06468713 0.4831514 0.06875485 0.00390625 0.124274 0.0266258 0.1195986 0.0491642 0.1178259 0.07456527 0.1175576 0.5240814 0.7768923 0.5241178 0.7752429 0.929782 0.772599 0.0868114 0.117874 0.00390625 0.06692851 0.003914739 0.06849837 0.30048 0.8454284 0.3012102 0.8470218 0.1422394 0.816402 0.1409994 0.7697291 0.3892705 0.110855 0.3891378 0.06604469 0.307274 0.8602417 0.389112 0.06450409 0.08678187 0.1196465 0.5480855 0.9810925 0.5488092 0.9941056 0.9296802 0.8197808 0.9297991 0.7745569 0.929782 0.772599 0.0867915 0.1648974 0.004008459 0.5037116 0.004008459 0.5037116 0.004118036 0.7623852 0.2595033 0.5036035 0.00390625 0.2168137 0.00390644 0.2580482 0.2594011 0.2168137 0.2594009 0.2621476 0.2595033 0.5036035 0.2595033 0.5036035 0.2596129 0.7622771 0.5105858 0.5034971 0.06874505 0.9691063 0.06296742 0.9565048 0.1275248 0.94228 0.121676 0.9295234 0.389112 0.06450409 0.3268355 0.06525701 0.30048 0.8454284 0.2415364 0.8725107 0.1869715 0.9151489 0.1810508 0.9022356 0.1821278 0.901741 0.1813066 0.9005026 0.2084371 0.7670566 0.1813973 0.9001488 0.325649 0.06599241 0.1880494 0.9146562 0.2072705 0.7662914 0.5480855 0.9515806 0.5480855 0.9648948 0.6129443 0.9650077 0.6129443 0.9515222 0.5492185 0.9069164 0.5480863 0.9080033 0.5640441 0.9080033 0.562704 0.9069163 0.4007267 0.7726133 0.4616594 0.7762814 0.4617153 0.7745945 0.1322043 0.06680453 0.06920199 0.06741649 0.06921843 0.06897593 0.00390625 0.9836477 0.009612591 0.9960938 0.7505154 0.9706039 0.6855531 0.988564 0.7498576 0.9847869 0.0868114 0.117874 0.5340195 0.9960938 0.5621778 0.9005647 0.7953959 0.7759169 0.7960861 0.774734 0.2214794 0.1217679 0.2207981 0.1205803 0.7288861 0.7740068 0.7953946 0.7739632 0.7526492 0.9689139 0.8159247 0.9849916 0.8163049 0.9833103 0.7512784 0.9691722 0.7514839 0.9852551 0.8135287 0.9960938 0.6290119 0.7766576 0.6847161 0.973393 0.488791 0.1225821 0.4888011 0.1208271 0.4220265 0.1204441 0.4884661 0.1677667 0.5280241 0.7749098 0.5280537 0.8200443 0.5489219 0.9960938 0.6169372 0.9922398 0.6510929 0.9758058 0.47036 0.8822045 0.4602064 0.8892179 0.4969421 0.9424085 0.5070988 0.9353929 0.1734383 0.1193079 0.5086945 0.9343626 0.8433051 0.7756739 0.7960995 0.7727803 0.8433183 0.7737203 0.2208056 0.1188185 0.004456745 0.171673 0.5103664 0.2168137 0.5480855 0.932153 0.5480856 0.9476159 0.4638477 0.8721843 0.446241 0.8522677 0.4260607 0.8379052 0.4014687 0.8276367 0.3739046 0.8258162 0.3488463 0.8284506 0.3192594 0.8385729 0.4074142 0.06570619 0.4371439 0.06646508 0.459738 0.06636989 0.4825672 0.07041728 0.004139239 0.1259556 0.02673251 0.1213317 0.04916274 0.1196148 0.07464945 0.1193542 0.9297991 0.7745569 0.9424448 0.7746824 0.47036 0.8822045 0.3012102 0.8470218 0.3891378 0.06604469 0.8631607 0.77469 0.9297991 0.7745569 0.08678187 0.1196465 0.133746 0.06769681 0.3991897 0.7736309 0.1973689 0.06711471 0.3377873 0.7721695 0.06296742 0.9565048 0.06874505 0.9691063 0.3891378 0.06604469 0.3268847 0.06676924 0.3012102 0.8470218 0.2422664 0.8741022 0.2482605 0.8871755 0.2422664 0.8741022 0.274416 0.7707483 0.2601267 0.06680954 0.2602238 0.06530786 0.2601267 0.06680954 0.274416 0.7707483 0.1810508 0.9022356 0.208257 0.7688108 0.2409465 0.8747085 0.3257386 0.06756693 0.1810508 0.9022356 0.1869715 0.9151489 0.1821278 0.901741 0.2736443 0.7715998 0.2609581 0.06758332 0.3268847 0.06676924 0.3268355 0.06525701 0.2070616 0.767974 0.5240814 0.7768923 0.4620833 0.7755609 0.003914739 0.06849837 0.06878798 0.06821471 0.4006269 0.7742982 0.1322654 0.06839305 0.562704 0.9069163 0.5492185 0.9069164 0.5492178 0.9077907 0.5627044 0.9077906 0.4616594 0.7762814 0.06921843 0.06897593 0.133746 0.06769681 0.1337051 0.06614047 0.3992921 0.7719828 0.3991897 0.7736309 0.3549254 0.1216823 0.2889592 0.1211297 0.749501 0.9828907 0.1535113 0.1201231 0.08678187 0.1196465 0.7288874 0.7759605 0.7953959 0.7759169 0.5621778 0.9005647 0.5494749 0.9005647 0.5494748 0.9019346 0.5621778 0.9019346 0.752053 0.9705484 0.7505154 0.9706039 0.749501 0.9828907 0.7498576 0.9847869 0.750985 0.9831998 0.8159247 0.9849916 0.749501 0.9828907 0.7505154 0.9706039 0.6854644 0.9866228 0.3877983 0.1234695 0.488791 0.1225821 0.422021 0.1222008 0.5488092 0.9941056 0.6168093 0.9902476 0.65187 0.9889087 0.5180835 0.951296 0.5070988 0.9353929 0.1734233 0.12107 0.7960861 0.774734 0.8433051 0.7756739 0.2207981 0.1205803  
			<Normals>: 418 0.0008850635 0 0.9999996 0 0 -1 0.001739606 0 -0.9999986 0 0 -1 -0.9986373 0 0.0521872 -0.06094563 0 0.9981411 -0.9656847 0 0.2597174 -0.8643307 0 0.5029238 -0.6813379 0 0.731969 -0.4539761 0 0.8910139 -0.2384475 0 0.9711553 0.04696919 0 -0.9988964 0.9972121 0 -0.07461924 0.2294731 0 -0.973315 0.4588583 0 -0.8885095 0.6792644 0 -0.7338936 0.8543942 0 -0.5196255 0.9579027 0 -0.2870931 1 0 0 1 0 0 0 0 -1 0 0 -1 1 0 0 1 0 0 0 0 -1 0 0 -1 -0.05993851 0 0.9982021 -0.02209597 0.9997513 -0.003021411 0 1 0 -0.9986373 0 0.0521872 -0.2387207 0 0.9710882 0.003479127 0.9999744 0.006256325 -0.4532097 0 0.8914039 -0.005615425 0.9998814 -0.01434375 -0.6814011 0 0.7319103 -0.006286846 0.9999137 0.01153606 -0.8660108 0 0.5000254 0.02255326 0.9992408 0.03176988 -0.9656847 0 0.2597174 0 1 0 0.9972121 0 -0.07461924 0 1 0 -0.02194345 0.9997547 -0.002990902 0.0462978 0 -0.9989277 0.9579027 0 -0.2870931 0 1 0 0.8560976 0 -0.5168143 0.02423189 0.9991229 0.03415048 0.6792328 0 -0.733923 -0.0108952 0.9999173 0.006836206 0.4579726 0 -0.8889662 -0.006073349 0.9998747 -0.01461876 0.2300853 0 -0.9731704 0.004516873 0.9999685 0.006531154 0 1 0 0.001709086 0 -0.9999986 0.005707043 0 0.9999838 0.005707043 0 0.9999838 0.001709086 0 -0.9999986 0 1 0 0 1 0 0.7090421 0.7051662 3.051875E-05 1 0 3.051851E-05 -0.9998726 0 -0.01596158 0 1 0 -0.9998726 0 -0.01596158 1 0 0 1 0 0 0 1 0 1 0 0 0 1 0 0 1 0 0 1 0 0 1 0 0 1 0 1 0 0 0 1 0 0 0 -1 0 1 0 0 1 0 0.0008850635 0 0.9999996 0.0006409042 0.6919629 0.7219328 0.001739606 0 -0.9999986 0.001739606 0 -0.9999986 0.0008850635 0 0.9999996 0.001373375 0.6082829 -0.7937191 0.001739606 0 -0.9999986 0.0006409042 0.6919629 0.7219328 0.001373375 0.6082829 -0.7937191 0.0008850635 0 0.9999996 0.0006409042 0.6919629 0.7219328 0.001373375 0.6082829 -0.7937191 0.001739606 0 -0.9999986 0.0008850635 0 0.9999996 0 1 0 0.0008850635 0 0.9999996 0 1 0 0.001739606 0 -0.9999986 0.0008850635 0 0.9999996 0.00064089 0.6919476 0.7219474 0.001373375 0.6082829 -0.7937191 0.001739606 0 -0.9999986 0.0006409042 0.6919629 0.7219328 0.001373375 0.6082829 -0.7937191 0.001709086 0 -0.9999986 -0.2544404 0.6691688 0.6981928 -0.3505133 0.5697024 -0.7433569 0.0008545441 0 0.9999996 -0.3803603 0.6399258 0.6676982 -0.2212971 0.593208 -0.7740361 0.001709086 0 -0.9999986 0.0009155829 0 0.9999996 0.3260989 0.9453357 0 0.0009155829 0 0.9999996 0.3259437 0.9453893 0 0.001709086 0 -0.9999986 0.0008850635 0 0.9999996 0.0006409042 0.6919629 0.7219328 0.001373375 0.6082829 -0.7937191 0.001739606 0 -0.9999986 0.0006409042 0.6919629 0.7219328 0.001373375 0.6082829 -0.7937191 0.001709086 0 -0.9999986 -0.3080606 0.6582989 0.6868343 -0.4780874 0.5342737 -0.6971256 0.0008850635 0 0.9999996 -0.5054609 0.5970493 0.6229297 -0.2683576 0.5859736 -0.7646039 0.001739606 0 -0.9999986 0.0008850635 0 0.9999996 0.2397556 0.9708332 0 0.0008850635 0 0.9999996 0.2396335 0.9708635 0 0.001739606 0 -0.9999986 0.7090269 0.7051815 3.051941E-05 0 0.6408386 0.7676757 0.7090269 0.7051815 3.051941E-05 -1 0 0 1 0 3.051851E-05 -1 0 0 0.4524491 0.4499771 -0.7699417 -0.3853086 0.4656053 -0.7967113 1 0 6.103702E-05 -1 0 0 0 0.9997891 0.02053901 0.4524491 0.4499771 -0.7699417 0.615091 0.6117339 -0.4974381 -0.5992423 0.7241874 -0.3412644 1 0 6.103702E-05 -1 0 0 -0.5473056 0.6614179 -0.5128186 0.6740895 0.6704271 -0.31005 0 0.9057757 0.4237574 -1 0 0 1 0 3.051851E-05 -1 0 0 0 0.9057757 0.4237574 1 0 3.051851E-05 0.7088898 0.7050444 -0.0196846 -0.6373643 0.7702757 -0.02102777 -1 0 0 1 0 3.051851E-05 -1 0 0 0.7088966 0.7050512 -0.01919648 -1 0 0 1 0 3.051851E-05 -1 0 0 0 0.9996483 0.02652097 0.7088999 0.7050544 0.01895242 0 0.9996483 0.02652097 1 0 3.051851E-05 -0.6375056 0.7704452 -0.0008545243 -1 0 0 1 0 3.051851E-05 -0.6375057 0.7704453 -0.0007934869 0.7090267 0.7051812 -0.0007324656 -0.6373979 0.7703099 -0.01861684 1 0 3.051851E-05 0.70894 0.705064 -0.01699942 -1 0 0 1 0 3.051851E-05 -1 0 0 0 0.9999002 -0.01413038 -0.637481 0.7703912 -0.01074269 1 0 3.051851E-05 -1 0 0 0 0.9999002 -0.01413038 0.7090236 0.7051172 -0.009766165 1 0 0 0 0 -1 0.6792644 0 -0.7338936 0.6792328 0 -0.733923 -0.8643307 0 0.5029238 -0.8660108 0 0.5000254 -0.633512 0.7729226 0.03540197 -0.6105666 0.7750344 0.1628808 -0.5342439 0.7725707 0.3431002 -0.4431714 0.7619155 0.4723175 -0.3185636 0.7529184 0.5758743 -0.1640437 0.7302765 0.6631637 -0.07492485 0.7155246 0.6945579 0.02719251 0.6173707 -0.7862023 0.192942 0.6512172 -0.7339547 0.3361396 0.6659312 -0.6659923 0.4966386 0.6959594 -0.518643 0.4966386 0.6959594 -0.518643 0.6254556 0.7015393 -0.3415377 0.6758436 0.709445 -0.199808 0.7039842 0.7081349 -0.05432401 0.0006409042 0.6919629 0.7219328 0.0006409042 0.6919629 0.7219328 -0.6379361 0.7700218 -0.01019331 0.7090421 0.7051662 3.051875E-05 0.001373375 0.6082829 -0.7937191 0.001373375 0.6082829 -0.7937191 0.004181111 0.6913177 0.7225388 0.004181111 0.6913177 0.7225388 0.005707043 0 0.9999838 0.005707043 0 0.9999838 0.001709086 0 -0.9999986 0.001709086 0 -0.9999986 0 1 0 0.001373375 0.6082829 -0.7937191 1 0 3.051851E-05 0 1 0 0 1 0 -0.9998726 0 -0.01596158 -0.9998726 0 -0.01596158 -0.6379361 0.7700218 -0.01019331 1 0 3.051851E-05 0 1 0 0 1 0 0 1 0 0 1 0 0 0 -1 0 0 -1 0 0 -1 0 1 0 0 1 0 0 1 0 0 1 0 0 1 0 0.4650809 0.8852682 0 0.4650809 0.8852682 0 0 1 0 0 1 0 0.001373375 0.6082829 -0.7937191 0.001373375 0.6082829 -0.7937191 0.004181111 0.6913177 0.7225388 0.00064089 0.6919476 0.7219474 0 1 0 0 1 0 -0.3803603 0.6399258 0.6676982 -0.6228929 0.5413156 0.5647847 0.2772088 0.6648371 0.6936476 -0.2544404 0.6691688 0.6981928 0.2519048 0.5886526 -0.7681355 -0.4145707 0.910017 0 0.4763799 0.6084076 0.634746 0 1 0 0 1 0 0 1 0 0 1 0 -0.7354264 0.4121953 -0.5378131 -0.7354264 0.4121953 -0.5378131 -0.7773015 0.4353304 0.4541914 -0.7773015 0.4353304 0.4541914 0.1909902 0.6792085 0.7086596 -0.3080606 0.6582989 0.6868343 -0.5054609 0.5970493 0.6229297 0.1717312 0.5992433 -0.7819309 -0.4780874 0.5342737 -0.6971256 -0.2683576 0.5859736 -0.7646039 -0.5055228 0.8628132 0 -0.5053105 0.8629375 0 0 0.6408386 0.7676757 -0.6373577 0.7702677 -0.02151586 -0.6375208 0.7704331 0 0.7090421 0.7051662 3.051875E-05 0 0.9997891 0.02053901 -0.3853086 0.4656053 -0.7967113 -1 0 0 -1 0 0 1 0 6.103702E-05 1 0 6.103702E-05 -0.5801845 0.7011656 0.4144306 -0.5473056 0.6614179 -0.5128186 0.6835456 0.6798528 0.2656419 0.615091 0.6117339 -0.4974381 0.6740895 0.6704271 -0.31005 0.5416268 0.5387274 0.6453009 -0.609628 0.7367724 0.2924383 0 0.8673478 -0.4977026 -1 0 0 0 0.9996194 -0.02758918 0.7090421 0.7051662 3.051875E-05 0.7090421 0.7051662 3.051875E-05 0.7089207 0.7050449 0.0185249 1 0 3.051851E-05 -1 0 0 -1 0 0 -0.6375208 0.7704331 0 -0.6373692 0.7702816 0.0206617 0 0.9999994 -0.00106818 0 1 0 0 1 0 0 0.9997019 -0.02441498 0 0.9997019 -0.02441498 0.7090214 0.705115 -0.01007133 -0.6373935 0.7703046 -0.01898294 -1 0 0 -0.6374496 0.7703292 0.01583935 -0.6374788 0.7703887 -0.01104784 0.7089827 0.7050763 0.01452696 1 0 0 0 0 -1 1 0 0 1 0 0 -0.6340315 0.7727096 0.03039688 -0.6098987 0.7749779 0.1656285 -0.5332956 0.7725066 0.3447164 -0.4381702 0.761495 0.477632 -0.292834 0.7497099 0.5934504 -0.1553761 0.7297276 0.6658497 -0.04010239 0.7057898 0.7072853 0.01776231 0.614112 -0.7890189 0.1634914 0.6468546 -0.7448823 0.3313782 0.6652895 -0.6690129 0.4787827 0.6937589 -0.5380202 0.4787827 0.6937589 -0.5380202 0.6231828 0.7013439 -0.3460635 0.6743596 0.7092434 -0.2054575 0.7043575 0.7080198 -0.05087586 -0.6379499 0.7700079 -0.01037664 -0.633512 0.7729226 0.03540197 -0.6379361 0.7700218 -0.01019331 0 1 0 0.001373375 0.6082829 -0.7937191 -0.6373935 0.7703046 -0.01898294 -0.6379499 0.7700079 -0.01037664 1 0 3.051851E-05 0.001373375 0.6082829 -0.7937191 0.0006409042 0.6919629 0.7219328 0.001739606 0 -0.9999986 0.0008850635 0 0.9999996 0 1 0 0 1 0 0.001373375 0.6082829 -0.7937191 0.001373375 0.6082829 -0.7937191 0.004181111 0.6913177 0.7225388 0.00064089 0.6919476 0.7219474 0.6160259 0.7877259 0 0.6160259 0.7877259 0 0.0008850635 0 0.9999996 0.001739606 0 -0.9999986 -0.5730001 0.498533 -0.6504887 -0.5730001 0.498533 -0.6504887 -0.6228929 0.5413156 0.5647847 -0.6228929 0.5413156 0.5647847 0.2037474 0.6774387 0.7067983 0.2772088 0.6648371 0.6936476 0.1786897 0.5984808 -0.780955 -0.7550725 0.6556413 0 -0.7550725 0.6556413 0 -0.414757 0.9099323 0 0.0008545441 0 0.9999996 0.001709086 0 -0.9999986 0.4305733 0.5489901 -0.7163913 0.4305733 0.5489901 -0.7163913 0.4763799 0.6084076 0.634746 0.0008850635 0 0.9999996 0.0008850635 0 0.9999996 0.001739606 0 -0.9999986 0.001739606 0 -0.9999986 0.1528724 0.683821 0.7134555 0.134345 0.6027519 -0.7865378 -0.8725909 0.4884519 0 -0.8725909 0.4884519 0 -0.5053105 0.8629375 0 -0.5055228 0.8628132 0 0.0008850635 0 0.9999996 0.001709086 0 -0.9999986 0.3055937 0.5791723 -0.7557592 0.3055937 0.5791723 -0.7557592 0.3421842 0.6501867 0.6783562 0.3421842 0.6501867 0.6783562 1 0 3.051944E-05 1 0 3.051851E-05 -0.6375208 0.7704331 0 0.7089355 0.7050595 -0.01736555 0.7090421 0.7051662 3.051875E-05 -0.609628 0.7367724 0.2924383 -0.5992423 0.7241874 -0.3412644 0 0.5045786 -0.8633657 0 0.5045786 -0.8633657 0 0.867361 -0.4976797 0 0.8673478 -0.4977026 0.6510102 0.6475005 0.3961424 0.5416268 0.5387274 0.6453009 -0.4685041 0.5661663 0.6782032 -0.4685041 0.5661663 0.6782032 -0.5801845 0.7011656 0.4144306 0 0.867361 -0.4976797 0 1 0 0 1 0 0 0.9996194 -0.02758918 0.7090268 0.7051813 -0.0007019463 1 0 3.051851E-05 1 0 3.051944E-05 -0.6375208 0.7704331 0 -0.6373932 0.7702737 0.0202037 0 0.9999994 -0.00106818 -0.6374788 0.7703887 -0.01104784 -0.6373979 0.7703099 -0.01861684 1 0 3.051851E-05 -0.6374496 0.7703292 0.01583935 -0.637481 0.7703912 -0.01074269 0.7089827 0.7050763 0.01452696  
			<Tangents>: 418 -0.9999996 -1.082804E-06 0.0008850634 0 1 0 -0.9999985 9.473503E-08 -0.001739606 7.363377E-08 1 0 -0.05218721 0 -0.9986373 -0.9981411 0 -0.06094563 -0.2597174 -7.566501E-08 -0.9656847 -0.5029238 -2.38147E-07 -0.8643308 -0.7319072 -0.01299087 -0.6812804 -0.8909815 0.008520278 -0.4539596 -0.9711142 -0.009213553 -0.2384374 -0.9988428 -0.01034814 -0.04696668 -0.07461924 0 -0.9972121 -0.9732851 0.007832862 -0.2294661 -0.888419 -0.01426893 -0.4588116 -0.7338936 0 -0.6792644 -0.5196255 -1.378773E-07 -0.8543941 -0.2870931 0 -0.9579027 0 1 -7.395805E-07 0 1 -6.427403E-05 -2.320798E-07 1 0 -2.75464E-06 1 0 0 1 -3.286597E-05 0 1 -1.643748E-07 0 1 0 5.933106E-07 1 0 -0.9980772 -0.01581699 -0.05993101 -0.9970603 -0.02225807 -0.07331665 -0.09041826 0 -0.9959039 -0.05218721 0 -0.9986373 -0.9710519 -0.008648998 -0.2387117 -0.9776307 0.004716978 -0.2102762 -0.8914024 0.001862919 -0.4532089 -0.887705 -0.01158817 -0.4602669 -0.7318555 -0.01223852 -0.68135 -0.7314376 0.003268291 -0.6819006 -0.5000254 -7.930822E-08 -0.8660107 -0.5008119 0.03879538 -0.8646863 -0.2597174 0 -0.9656847 -0.2624095 0 -0.9649566 -0.07461924 0 -0.9972121 -0.103841 0 -0.9945939 -0.9972363 -0.02210038 -0.07093145 -0.998552 -0.02742269 -0.04628039 -0.2870931 0 -0.9579027 -0.2814505 0 -0.9595758 -0.516569 0.03080779 -0.8556912 -0.5128958 0.04174688 -0.8574352 -0.732374 -0.06493571 -0.6777992 -0.7397421 -0.00345997 -0.6728816 -0.888705 -0.02424139 -0.4578381 -0.8849041 -0.01218256 -0.4656138 -0.9731178 0.01040523 -0.2300729 -0.9780295 0.005778821 -0.2083863 -0.9999996 0 0.0009000099 -0.9999985 0 -0.001709086 -0.9999837 0 0.005707043 -0.9999837 6.2689E-07 0.005707043 -0.9999985 0 -0.001709086 -0.9999999 0 0.0005333295 0.03253719 0 -0.9994705 5.029637E-05 -7.294014E-06 -1 -3.051851E-05 9.239374E-08 1 0.01596159 0 -0.9998726 0.01572178 0 -0.9998764 0.01596159 0 -0.9998726 0 9.369239E-08 1 0 4.749353E-08 1 -1 0 2.273986E-07 0 4.750708E-08 1 -1 0 0 -1 0 4.773029E-07 -1 0 6.854486E-08 -1 0 -5.239622E-07 -1 0 6.357494E-08 0 4.911106E-08 1 -1 0 2.300251E-07 1 -7.163005E-07 0 -1 0 1.439157E-07 -1 0 2.649918E-07 -0.9999996 0 0.0008850634 -0.9999859 0.004255259 -0.00319086 -0.999966 0.008056949 -0.001739549 -0.9999985 0.000214419 -0.001739605 -0.9999689 0.007839289 0.0008850363 -0.9999853 0.005002543 0.002103524 -0.9999985 4.942811E-07 -0.001739606 -0.9999996 -6.159419E-06 0.0008936649 -0.9999985 -4.971589E-06 -0.001734111 -0.9999996 0 0.0008850634 -0.9999996 -6.159338E-06 0.0008936648 -0.9999985 -4.431926E-06 -0.001733697 -0.9999985 0.0001730757 -0.001739606 -0.9999645 0.008377456 0.0008850324 -0.9999985 0 -0.001736155 -0.9999996 9.571869E-07 0.0008850634 -0.9999996 0 -0.0008214025 -0.9999713 0.00737465 -0.001739558 -0.9999996 -9.767262E-05 0.0008850634 -0.9999996 -6.325621E-06 0.0008937864 -0.9999855 -0.003292113 -0.004253257 -0.9999985 -2.786195E-06 -0.001739606 -0.9999919 -0.002427638 0.003214613 -0.9999853 -0.003326041 -0.004279258 -0.9999985 -9.667299E-05 -0.001709086 -0.9670241 -0.184377 -0.1756974 -0.9364923 -0.2225806 0.2709981 -0.9999996 0 0.0008545441 -0.7655696 -0.6229111 0.1608879 -0.9751438 -0.1435992 0.1687418 -0.9999985 -3.791392E-07 -0.001709086 -0.9999 0.01410724 0.0009154917 -0.9453355 0.3260988 0.0005331194 -0.9999996 0.0001700532 0.0009155828 -0.9453887 0.3259436 0.0009466996 -0.9999018 0.01390835 -0.001708921 -0.9999996 -3.496432E-05 0.0008850634 -0.9999996 -6.241693E-06 0.0008937438 -0.9999964 -0.0009906739 -0.00248952 -0.9999985 1.014632E-06 -0.001739606 -0.9999982 -0.0008381551 0.00169112 -0.9999985 -5.066231E-06 -0.001734183 -0.9999985 -3.400058E-05 -0.001709086 -0.6833067 -0.6554295 0.3217205 -0.6162539 -0.7695966 -0.1671895 -0.9999996 0 0.0008850634 -0.6517824 -0.7372764 0.1777727 -0.6380761 -0.702758 -0.314627 -0.9999985 -1.030368E-06 -0.001739606 -0.999915 0.01300862 0.0008849886 -0.9708331 0.2397556 0.0005102822 -0.9999996 0.0002165922 0.0008850634 -0.970863 0.2396334 0.0009214779 -0.9999167 0.01278627 -0.001739463 0.002114605 -0.002169415 0.9999954 -6.083277E-05 -0.7676758 0.6408385 -5.049038E-05 7.486908E-06 1 0 -0.004898849 0.999988 -3.051851E-05 -0.0001614341 1 0 6.624018E-07 1 -5.537876E-05 0.8633807 0.5045531 -6.797367E-06 0.8633729 0.5045663 -6.103361E-05 -0.01056243 0.9999442 0 0.0001224391 1 0 -0.02053901 0.9997891 -2.71279E-05 0.8633735 0.5045655 -0.1774645 0.7221264 0.6686104 0.3045268 0.6004304 0.7394233 -6.103702E-05 8.653999E-05 1 0 -1.598638E-06 1 0.1799141 0.6913906 0.6997213 -0.3141375 0.6401033 0.7011315 -2.076821E-05 -0.4237574 0.9057757 0 -0.01498993 0.9998876 -3.051851E-05 0 1 0 -0.0001546906 1 -3.934132E-08 -0.4237574 0.9057757 -3.051393E-05 -0.01731825 0.99985 0.008094911 0.01977422 0.9997717 -0.004442248 0.0236154 0.9997113 0 0.007559212 0.9999714 -3.051851E-05 1.182202E-06 1 0 0.01788775 0.99984 0.004573288 0.02262159 0.9997336 0 4.50906E-07 1 -3.051762E-05 -0.00762529 0.9999709 0 -0.01005132 0.9999495 -4.255341E-05 -0.02652097 0.9996483 -0.004646212 -0.02220232 0.9997427 -2.559345E-05 -0.02652097 0.9996483 -3.051709E-05 0.009627298 0.9999536 -0.0005543475 0.0006504346 0.9999996 0 -0.01116002 0.9999377 -3.051672E-05 0.01082621 0.9999414 -0.0005192701 0.0006002362 0.9999997 0.0004789672 0.0005571119 0.9999997 -0.01186868 0.01434299 0.9998267 -3.051741E-05 0.008480053 0.9999641 0.006503114 0.01756737 0.9998245 0 0.009694062 0.999953 -3.051851E-05 8.500706E-07 1 0 0.003021362 0.9999954 -4.667424E-05 0.01413039 0.9999002 0.01715155 0.0281294 0.9994571 -3.051829E-05 0.003815098 0.9999927 0 -0.00744436 0.9999723 -3.079425E-05 0.01413038 0.9999002 0.003620783 0.01020876 0.9999413 0 8.85797E-07 1 1 -8.298844E-08 0 -0.7336307 0.02676612 -0.679021 -0.7309944 0.08924419 -0.6765224 -0.5027416 0.02691259 -0.8640177 -0.4986284 0.07469793 -0.8635913 -0.0762227 -0.01681157 -0.9969491 -0.2542014 0.002996927 -0.9671466 -0.5028343 0.0358271 -0.8636401 -0.7229396 0.007773281 -0.6908675 -0.8839369 -0.01657125 -0.4673125 -0.9702253 0.00199403 -0.2421959 -0.99617 -0.0222241 -0.08456601 -0.9974155 -0.0355674 -0.06242732 -0.9705701 0.01680658 -0.2402314 -0.8819755 -0.02545893 -0.4706072 -0.7510248 0.04502961 -0.6587367 -0.7029448 -0.02799935 -0.7106931 -0.5156731 0.0431588 -0.8556977 -0.2800621 -0.003569751 -0.9599752 -0.0904538 0.01353092 -0.9958087 -0.9999996 -6.766067E-06 0.0008942463 -0.9999996 -6.34456E-06 0.0008938423 0.02545556 0.007856053 -0.9996451 4.987646E-05 -6.8718E-06 -1 -0.9999985 -4.517767E-06 -0.001733763 -0.9999985 -4.329743E-06 -0.001733619 -0.9999629 -0.002556644 0.00823265 -0.9999866 0.0006765247 0.005139325 -0.9999837 0 0.005707042 -0.9999837 0 0.005707042 -0.9999985 -1.109187E-06 -0.001709086 -0.9999985 -1.534523E-06 -0.001709086 -0.9999985 0 -0.001737194 -0.9999985 -2.696468E-06 -0.001732367 -3.051851E-05 6.607408E-07 1 -6.127145E-06 0 1 6.358968E-07 0 1 -0.01596158 -9.369986E-07 0.9998726 -0.01596158 -1.366751E-06 0.9998726 -0.006503298 0.007849241 0.999948 3.051851E-05 0 -1 -1 0 1.923924E-07 -1 0 1.446729E-07 -1 0 9.61962E-08 -1 0 1.923924E-07 1 6.27318E-07 0 1 7.878219E-07 0 1 -7.532262E-07 0 -1 0 2.706341E-08 -1 0 0 -1 0 0 -1 0 0 -1 0 0 -0.8852665 0.46508 -0.001951224 -0.8852672 0.4650804 -0.001501193 -0.9999998 0 -0.000605443 -0.9999999 0 -0.0002472067 -0.9999985 -4.154725E-06 -0.001733485 -0.999988 0.004578765 0.001778748 -0.9999911 0.00244113 0.003450995 -0.9999996 -6.164196E-06 0.0008936317 -0.9999999 0 0.0005263025 -0.9999996 0 0.0008992641 -0.9248205 -0.2676676 -0.2702981 -0.6556396 -0.7550737 0.0006019283 -0.9607627 0.1989458 0.1932759 -0.9670882 -0.1765231 -0.1832482 -0.9676988 0.1615411 -0.1935549 -0.9100155 -0.41457 -0.001901529 -0.7877194 0.6160337 0.00071551 -0.999999 0 -0.001396406 -0.9999985 0 -0.001740983 -0.9999998 0 0.0005596488 -0.9999996 0 0.0009003629 -0.4884541 -0.8725892 -0.0008460776 -0.4884556 -0.8725883 -0.0008434244 -0.4884434 -0.8725955 0.0004393142 -0.4884788 -0.8725757 0.0003596911 -0.9815539 0.1385049 0.1317888 -0.9513428 -0.2182729 -0.2174943 -0.8628493 -0.3502754 -0.3644149 -0.9850999 0.1119563 -0.1305529 -0.8783116 -0.2917755 0.3787292 -0.9632877 -0.1696691 0.2080606 -0.8628121 -0.5055222 -0.001596823 -0.8629358 -0.5053095 -0.002016083 -9.014419E-05 -0.7676758 0.6408385 -0.00458207 0.0241331 0.9996983 -0.007371936 -0.006100158 0.9999542 -5.098288E-05 7.984294E-06 1 -9.570117E-06 -0.02053901 0.9997891 -1.052523E-05 0.8633721 0.5045676 0 0.01259619 0.9999207 0 -0.007724861 0.9999701 -6.103034E-05 0.01479036 0.9998906 -6.102825E-05 -0.01695091 0.9998563 0.2642031 -0.3192952 0.910081 -0.3269301 0.3950945 0.858497 -0.1846558 -0.1910321 0.9640586 0.3526704 0.3508109 0.8674995 0.2198047 0.2186708 0.9507203 -1.235747E-05 -0.7676445 0.6408759 -0.249048 -0.5282624 0.8117352 -5.762866E-05 0.4977026 0.8673478 0 -0.01076743 0.999942 -2.306501E-05 0.02758918 0.9996194 -4.914434E-05 6.135655E-06 1 -5.03071E-05 7.304806E-06 1 -0.004333963 -0.02191044 0.9997506 -3.051851E-05 -1.960436E-06 1 0 1.061237E-06 1 0 1.650633E-06 1 4.514633E-08 3.735786E-08 1 0.004233298 -0.02331319 0.9997193 -3.727798E-05 0.00106818 0.9999994 -5.147799E-05 0 1 -5.839284E-05 0 1 -1.961054E-05 0.02441498 0.9997019 -8.756604E-06 0.02441498 0.9997019 0.007027543 0.007216041 0.9999493 0.01189632 0.03447072 0.9993349 0 -0.00533855 0.9999858 -3.879907E-07 -0.02055776 0.9997886 -0.01714375 0.0001524412 0.999853 -4.885842E-05 -0.0205499 0.9997888 0 7.965082E-07 1 1 0 0 0 1 1.296947E-06 0 1 1.64189E-06 -0.07329096 -0.02091382 -0.9970913 -0.262276 -0.0001696048 -0.9649929 -0.5003788 0.04049319 -0.8648591 -0.7341511 0.003438269 -0.6789774 -0.8937929 0.005862112 -0.4484415 -0.9761904 -0.01014314 -0.2166779 -0.9986237 -0.004365012 -0.05226522 -0.9982913 -0.03304512 -0.04819322 -0.9778351 0.006143165 -0.2092866 -0.8866583 -0.02280619 -0.4618624 -0.7709329 0.03903313 -0.6357192 -0.7159867 -0.04609339 -0.6965905 -0.5151873 0.03522265 -0.8563536 -0.2861991 -0.005441008 -0.9581547 -0.08689169 0.01486543 -0.9961069 0.02557199 0.007715131 -0.9996432 -0.07182895 -0.01319288 -0.9973297 0.02579645 0.008138617 -0.9996341 -0.9999902 0 0.004432245 -0.9999985 -2.660371E-06 -0.00173234 -0.007339885 0.01856508 0.9998007 -0.006620835 0.007989948 0.9999462 3.051851E-05 0 -1 -0.9999848 0.005071254 0.002156182 -0.9999871 0.00407968 -0.003022569 -0.9999985 3.394053E-07 -0.001739606 -0.9999996 0 0.0008850634 -0.9999991 0 -0.001336213 -0.9999985 0 -0.001736777 -0.9999985 -5.647575E-06 -0.001734629 -0.9999875 0.004641234 0.001826623 -0.9999911 0.002440954 0.003451163 -0.9999785 0.005148471 -0.004046827 -0.787724 0.6160244 -0.002185723 -0.7877254 0.6160256 -0.001036075 -0.9999888 -0.00464578 0.0008850539 -0.9999849 -0.005218474 -0.001739582 -0.8195385 -0.3536182 0.4508999 -0.8195388 -0.3535771 0.4509316 -0.7822971 -0.4346665 -0.4461797 -0.7822637 -0.4385903 -0.4423822 -0.978977 0.1480128 0.1403433 -0.9607836 0.1971329 0.1950217 -0.983855 0.1167241 -0.1356642 -0.6556407 -0.7550718 0.001355015 -0.6556411 -0.7550722 0.000794562 -0.9099318 -0.4147568 -0.0009074103 -0.9998926 -0.01463232 0.0008544525 -0.999919 -0.01261071 -0.00170895 -0.9025429 0.2661029 -0.3385344 -0.9025434 0.2660341 -0.3385873 -0.8792229 0.3340734 0.3396499 -0.9999996 -1.526248E-06 0.0008850634 -0.9999983 -0.001596757 0.0008850623 -0.9999985 6.082905E-07 -0.001739606 -0.9999973 -0.001565 -0.001739603 -0.9882072 0.1121731 0.1042298 -0.990893 0.08898712 -0.101056 -0.4884519 -0.8725908 0.0003467966 -0.4884517 -0.8725905 -0.0008433549 -0.8629372 -0.5053104 -0.0009372956 -0.8628131 -0.5055228 0.0004622454 -0.9999636 -0.00849053 0.0008850315 -0.9999623 -0.008519051 -0.001709024 -0.9521471 0.1903207 -0.2391525 -0.9521476 0.1902488 -0.2392077 -0.9396181 0.2408209 0.2431524 -0.9396194 0.2406352 0.2433311 -3.051736E-05 0.0116646 0.999932 -3.051822E-05 -0.004330195 0.9999906 -0.005187931 -0.00429293 0.9999774 0.008043571 0.01653795 0.9998309 -5.102487E-05 8.026521E-06 1 0.1787467 -0.2316472 0.956237 -0.2109938 0.2683413 0.9399333 -4.377808E-06 0.8633658 0.5045786 -7.11246E-05 0.8633658 0.5045786 -7.402199E-05 0.4976795 0.867361 0 0.4977026 0.8673478 -0.2742287 -0.2860103 0.9181485 -0.4487463 -0.4638208 0.7638698 0.4253494 -0.5282823 0.734844 0.4224133 -0.5306752 0.7348134 0.255762 -0.3262476 0.9100266 -6.571895E-05 0.4976797 0.8673609 -3.947503E-05 0 1 -5.870336E-05 0 1 -1.085176E-05 0.02758918 0.9996194 -0.004344766 0.005363846 0.9999762 -3.051851E-05 -2.723747E-06 1 -3.051469E-05 -0.01763858 0.9998444 4.231616E-07 3.501594E-07 1 0.004079652 -0.02284632 0.9997306 -1.824517E-05 0.00106818 0.9999994 -0.005081719 0.01013468 0.9999357 -0.00518933 0.01986895 0.9997891 -3.051785E-05 0.006550181 0.9999785 0.006303529 -0.01534277 0.9998624 -0.009471022 0.006106523 0.9999365 -0.001853272 -0.01873619 0.9998227  
			<BiTangents>: 418 -1.082804E-06 1 9.583507E-10 1 0 0 -9.473488E-08 -1 -1.648016E-10 1 -7.363377E-08 0 0 1 0 0 1 0 -1.965152E-08 1 -7.306854E-08 -1.197698E-07 1 -2.058378E-07 -0.009508913 0.9999156 -0.008851171 0.007591686 0.9999638 0.003868003 -0.008947792 0.9999576 -0.002196949 0.01033672 -0.9999465 0.000486044 0 -1 0 -0.007623842 -0.9999693 -0.001797431 0.01267808 -0.9998982 0.006547416 0 -1 0 7.164458E-08 -1 1.178016E-07 0 -1 0 0 7.395805E-07 1 0 6.427403E-05 1 1 2.320798E-07 0 1 2.75464E-06 0 0 3.286597E-05 1 0 1.643748E-07 1 1 0 0 1 -5.933106E-07 0 -0.01578856 0.9998749 -0.0009480471 0.07336567 -0.001392526 -0.9973041 0.9959039 0 -0.09041826 0 1 0 -0.008398941 0.9999626 -0.002064695 0.2103003 0.005384798 -0.977622 0.001660614 0.9999983 0.0008442931 0.4603785 -0.01014842 -0.8876647 -0.008957499 0.9999251 -0.008339341 0.6818795 0.01272491 -0.7313539 -3.965613E-08 1 -6.868178E-08 0.8652623 -0.003590763 -0.5013066 0 1 0 0.9649566 0 -0.2624095 0 -1 0 0.9945939 0 -0.103841 0.07098015 -0.001426155 -0.9974767 0.02739329 -0.999624 0.00126961 0 -1 0 0.9595758 0 -0.2814505 -0.01592191 -0.9995254 -0.02637448 0.8581088 -0.003261637 -0.5134575 0.0476578 -0.9978894 0.04410646 0.6728023 0.01238821 -0.7397186 0.02154977 -0.9997061 0.01110189 0.4657336 -0.01010837 -0.8848673 -0.01012606 -0.9999459 -0.00239409 0.2084175 0.005446407 -0.9780247 -0.0009000099 0 -0.9999996 0 -1 0 0 1 0 6.268798E-07 1 -3.577688E-09 0 -1 0 -0.0005333295 0 -0.9999999 0.9994705 0 0.03253719 0.7051662 -0.7090421 4.063906E-05 2.819719E-12 1 -9.239374E-08 0 1 0 0.9998764 0 0.01572178 0 1 0 0 1 -9.369239E-08 0 1 -4.749353E-08 -2.273986E-07 0 -1 0 1 -4.750708E-08 0 0 -1 -4.773029E-07 0 -1 -6.854486E-08 0 -1 5.239622E-07 0 -1 -6.357494E-08 0 -1 0 1 -4.911106E-08 -2.300251E-07 0 -1 7.163005E-07 1 0 -1.439157E-07 0 -1 -2.649918E-07 0 -1 0 1 0 0.005279968 0.7219205 -0.6919558 -0.008056937 -0.9999675 -1.401591E-05 -0.0002144187 -1 -3.730045E-07 0.007839286 0.9999693 -6.938268E-06 -0.005250152 -0.7937045 -0.6082809 -4.942804E-07 -1 -8.598541E-10 -0.0006228297 0.7219331 -0.6919626 0.001058776 -0.7937202 -0.608282 0 1 0 -0.0006228295 0.7219331 -0.6919626 0.001058096 -0.7937202 -0.608282 -0.0001730755 -1 -3.010835E-07 0.008377453 0.999965 -7.414581E-06 0.001736155 0 -0.9999985 9.571866E-07 1 -8.471712E-10 0.0008214025 0 -0.9999996 -0.007374639 -0.9999728 -1.282898E-05 -9.767259E-05 1 8.644647E-08 -0.0006230201 0.7219477 -0.6919473 0.005200197 -0.7937135 -0.6082696 2.78619E-06 -1 4.84688E-09 -0.003976985 0.721929 -0.6919557 0.005242941 -0.7937133 -0.6082695 9.667285E-05 -1 1.652225E-07 -0.01115945 0.7198738 -0.6940153 0.01106857 -0.7911365 -0.6115395 0 1 0 -0.518873 0.4499741 -0.7268384 0.01105199 -0.7921386 -0.6102412 3.791387E-07 -1 6.479817E-10 0.01410723 0.9999005 -1.291634E-05 -0.0005039768 0.0001738496 -0.9999999 0.0001700531 1 -1.556978E-07 -0.0008949997 0.0003085707 -0.9999996 -0.01390833 -0.9999033 -2.377056E-05 -3.496431E-05 1 3.094564E-08 -0.0006229436 0.7219331 -0.6919626 0.002300649 -0.7937196 -0.6082794 -1.01463E-06 -1 -1.765059E-09 -0.001775284 0.7219326 -0.6919611 0.001058895 -0.7937202 -0.608282 3.400054E-05 -1 5.810993E-08 -0.6619597 0.370209 -0.6517321 0.6258304 -0.3496751 -0.6971827 0 1 0 -0.5654105 0.3161575 -0.7618107 0.7216946 -0.4034429 -0.5624862 1.030366E-06 -1 1.792433E-09 0.01300862 0.9999154 -1.151346E-05 -0.000495399 0.000122343 -0.9999999 0.0002165921 1 -1.916979E-07 -0.000894629 0.0002208169 -0.9999995 -0.01278624 -0.9999182 -2.224306E-05 -0.7051783 0.7090236 0.003029354 -1 4.669983E-05 -3.898398E-05 -0.7051815 0.7090269 -4.09133E-05 0 -0.999988 -0.004898849 -4.92673E-09 1 0.0001614341 0 -1 6.624018E-07 -0.8917902 0.228242 -0.3906608 -0.9227878 -0.1944191 0.3326618 -6.44699E-07 0.9999442 0.01056243 0 -1 0.0001224391 -1 0 0 -0.8917902 0.2282693 -0.3906448 -0.7682248 0.3229787 -0.5527346 -0.7403865 -0.3391695 0.5803377 5.282143E-09 1 -8.653999E-05 0 -1 -1.598638E-06 -0.8173662 -0.2906981 0.4974004 -0.6685216 0.375227 -0.6420932 -1 8.800684E-06 -1.881134E-05 0 -0.9998876 -0.01498993 0 1 0 0 -1 -0.0001546906 -1 1.667117E-08 -3.563441E-08 -5.285272E-07 0.99985 0.01731825 -0.7052727 0.7088873 -0.008310475 -0.7705498 -0.6372737 0.01162986 0 -0.9999714 0.007559212 3.607904E-11 1 -1.182202E-06 0 -0.99984 0.01788775 -0.7052976 0.7087955 -0.01281197 0 -1 4.50906E-07 -2.327125E-07 0.9999709 0.00762529 0 -0.9999495 -0.01005132 -1 1.128557E-06 -4.253844E-05 -0.7052938 0.7088056 0.01246339 -1 6.787629E-07 -2.558444E-05 2.938108E-07 0.9999536 -0.009627298 -0.7704455 -0.6375059 -1.243869E-05 0 -0.9999377 -0.01116002 3.303998E-07 0.9999414 -0.01082621 -0.7704454 -0.6375059 -1.741524E-05 -0.7051815 0.7090269 -5.724852E-05 -0.7704434 -0.6375083 -3.669842E-07 2.587986E-07 0.9999641 -0.008480053 -0.7052389 0.7089261 -0.007869101 0 -0.999953 0.009694062 2.594289E-11 1 -8.500706E-07 0 -0.9999954 0.003021362 -1 -6.595249E-07 -4.666958E-05 -0.7702752 -0.6369507 0.03114536 1.164311E-07 0.9999927 -0.003815098 0 -0.9999723 -0.00744436 -1 -4.351345E-07 -3.079117E-05 -0.7051755 0.7090173 -0.004685174 0 1 -8.85797E-07 8.298844E-08 1 0 -0.01964349 -0.9996417 -0.01818127 -0.06549836 -0.9960098 -0.06061758 0.01353498 0.9996378 0.02326138 0.03735086 0.9972062 0.06468921 0.7699693 0.6342776 -0.06956458 0.75006 0.631912 -0.195185 0.6795154 0.6339171 -0.3693346 0.5300542 0.6476298 -0.5473741 0.3423053 0.6579052 -0.6708114 0.1781923 0.6831488 -0.7082056 0.04507314 0.6982339 -0.7144493 0.06650397 -0.785868 -0.6148079 0.1441076 -0.7587053 -0.6352947 0.3303475 -0.7455786 -0.5787773 0.4350997 -0.7166679 -0.5450463 0.5091352 -0.717535 -0.4753155 0.5855652 -0.7113227 -0.3887589 0.6817629 -0.7047518 -0.1962761 0.7044319 -0.7059475 -0.07357905 -0.0006236699 0.7219331 -0.6919626 -0.0006230861 0.7219331 -0.6919626 0.7696685 0.6379692 0.02461299 0.7051662 -0.7090421 4.004359E-05 0.001058204 -0.7937202 -0.608282 0.001057967 -0.7937202 -0.608282 -0.007538652 0.7225463 -0.6912814 -0.003064091 0.7225506 -0.6913113 0 1 0 0 1 0 1.109185E-06 -1 1.895696E-09 1.534521E-06 -1 2.622633E-09 0.001737194 0 -0.9999985 0.00105591 -0.7937202 -0.608282 2.016482E-11 1 -6.607408E-07 -1 0 -6.127145E-06 -1 0 6.358968E-07 1.495598E-08 -1 -9.368791E-07 2.181551E-08 -1 -1.366577E-06 -0.7700619 -0.6379693 -3.670625E-07 0 -1 0 -1.923924E-07 0 -1 -1.446729E-07 0 -1 -9.61962E-08 0 -1 -1.923924E-07 0 -1 -6.27318E-07 1 0 -7.878219E-07 1 0 7.532262E-07 1 0 -2.706341E-08 0 -1 0 0 -1 0 0 -1 0 0 -1 0 0 -1 0.001727356 -0.0009074769 -0.9999981 0.001328959 -0.0006981763 -0.9999989 0.000605443 0 -0.9999998 0.0002472067 0 -0.9999999 0.001057747 -0.7937202 -0.608282 -0.004716236 -0.7937071 -0.6082819 -0.0006219231 0.7225468 -0.6913218 -0.0006227965 0.7219477 -0.6919473 -0.0005263025 0 -0.9999999 -0.0008992641 0 -0.9999996 -0.005750433 0.7203118 -0.6936267 -0.4267799 0.3699203 -0.825238 0.00950126 0.7200085 -0.6939002 -0.0006231479 0.7218398 -0.6920599 -0.01014887 -0.7920812 -0.6103314 0.001730424 0.0007883185 -0.9999982 0.3905896 0.5003425 -0.7727206 0.001396406 0 -0.999999 0.001740983 0 -0.9999985 -0.0005596488 0 -0.9999998 -0.0009003629 0 -0.9999996 0.4696387 -0.2620749 -0.8430637 0.4696372 -0.2620776 -0.8430637 -0.3965166 0.2215053 -0.8909041 -0.3964729 0.2215833 -0.890904 0.008640748 0.7207581 -0.6931329 -0.006741071 0.7204163 -0.6935092 -0.0006232671 0.721692 -0.6922141 -0.009309157 -0.7927 -0.6095409 0.001059084 -0.7933591 -0.608753 0.00781168 -0.7923682 -0.6099932 0.00137776 0.0008072308 -0.9999987 0.001739754 0.001018748 -0.999998 -1 6.920149E-05 -5.776787E-05 -0.7705545 -0.637264 0.011852 -0.7703978 -0.6374917 -0.009568562 -0.7051662 0.7090421 -4.16126E-05 -1 1.965607E-07 -9.568098E-06 -0.9227878 -0.1944226 0.3326598 0 -0.9999207 0.01259619 0 -0.9999701 -0.007724861 9.027593E-07 0.9998906 -0.01479036 -1.034633E-06 0.9998563 0.01695091 -0.7704431 -0.6375087 -2.193858E-09 -0.7704371 -0.637516 -7.113083E-09 -0.7061641 0.7080303 0.005040399 -0.7051855 0.7090228 -4.020366E-05 -0.7051874 0.7090209 -4.064171E-05 -0.8406191 0.3471235 0.4157701 -0.7525482 -0.4220253 -0.5055353 -1 -2.868193E-05 -4.998409E-05 0 -0.999942 -0.01076743 -1 -6.363447E-07 -2.305623E-05 -0.7051662 0.7090421 -3.900537E-05 -0.7051662 0.7090421 -4.065428E-05 -0.7052749 0.7088242 0.01247713 -5.982957E-11 1 1.960436E-06 0 -1 1.061237E-06 0 -1 1.650633E-06 -0.7704331 -0.6375208 5.859864E-08 -0.770547 -0.6372777 -0.01159828 -1 -3.981959E-08 -3.727797E-05 -1 0 -5.147799E-05 -1 0 -5.839284E-05 -1 -4.78791E-07 -1.96047E-05 -1 -2.137923E-07 -8.753994E-06 -0.7051519 0.7090563 -0.0001611019 -0.7704467 -0.6367437 0.03113521 0 -0.9999858 -0.00533855 -0.770492 -0.6373149 -0.01310484 -0.7702771 -0.6375746 -0.01311018 -0.7052259 0.7088337 0.01453508 0 1 -7.965082E-07 0 1 0 0 -1.296947E-06 1 0 -1.64189E-06 1 0.7698263 0.6344151 -0.06989264 0.7478201 0.6319883 -0.2033615 0.682068 0.6337144 -0.3649511 0.5186802 0.6481617 -0.5575458 0.3396799 0.6617407 -0.6683688 0.1513621 0.6836627 -0.7139291 0.03380095 0.7084078 -0.7049935 0.05566926 -0.7885268 -0.6124758 0.1308021 -0.7625886 -0.6335215 0.3225299 -0.746237 -0.5823271 0.4200353 -0.7191488 -0.5535299 0.508065 -0.7187309 -0.4746535 0.5884091 -0.7119523 -0.3832736 0.6806829 -0.7049426 -0.1993156 0.7045071 -0.706036 -0.07199161 0.7696531 0.6379877 0.0246125 0.7703916 0.6343632 -0.06387607 0.7696571 0.6379657 0.02505575 -0.004432245 0 -0.9999902 0.001055864 -0.7937202 -0.608282 -0.7705035 -0.6374058 0.006179312 -0.7700494 -0.6379843 -9.083137E-07 0 -1 0 -0.00533672 -0.7937041 -0.6082807 0.00503676 0.7219216 -0.6919566 -3.394048E-07 -1 -5.904314E-10 0 1 0 0.001336213 0 -0.9999991 0.001736777 0 -0.9999985 0.001059628 -0.7937202 -0.608282 -0.00479494 -0.7937067 -0.6082818 -0.0006221667 0.7225468 -0.6913218 0.006517118 0.7219294 -0.6919361 0.001721751 -0.001346462 -0.9999976 0.0008161432 -0.0006382492 -0.9999995 -0.004645778 0.9999892 4.11181E-06 0.005218466 -0.9999864 9.078086E-06 0.005236161 -0.7914664 -0.6111904 0.005193605 -0.7914847 -0.611167 -0.003968918 0.7197517 -0.6942203 -0.008240736 0.7173674 -0.6966465 0.009541244 0.7205339 -0.6933541 0.007083079 0.720507 -0.6934116 -0.009963862 -0.7925883 -0.6096758 -0.000888404 -0.001023135 -0.9999991 -0.0005209477 -0.0005999519 -0.9999997 0.0008256819 0.0003763548 -0.9999996 -0.01463231 0.999893 1.250396E-05 0.01261069 -0.9999205 2.155279E-05 -0.004781738 -0.7923377 -0.610064 -0.004703388 -0.7923608 -0.6100346 0.005406179 0.7198856 -0.6940717 -1.526247E-06 1 1.350826E-09 -0.001596757 0.9999987 1.413232E-06 -6.082896E-07 -1 -1.058185E-09 0.001564997 -0.9999987 2.722482E-06 0.008755961 0.7209757 -0.692905 -0.009080042 -0.7929512 -0.6092176 -0.0001693934 -0.0003026115 -0.9999999 0.0004119383 0.0007359037 -0.9999996 0.0008088275 0.0004736253 -0.9999996 -0.0003988314 -0.0002336756 -0.9999999 -0.008490527 0.999964 7.514658E-06 0.008519039 -0.9999638 1.455979E-05 -0.005326127 -0.7926774 -0.609618 -0.005239833 -0.7926947 -0.6095963 0.005267916 0.7205987 -0.6933324 0.005025692 0.7206607 -0.6932697 3.55997E-07 0.999932 -0.0116646 -1.321511E-07 0.9999906 0.004330195 -0.7704156 -0.6375064 -0.006733786 -0.7052275 0.7089553 -0.006053141 -0.7051662 0.7090421 -4.167216E-05 -0.7722716 -0.6352212 -0.009522998 -0.7722632 -0.6352524 0.00800239 -1 -3.77965E-06 -2.208948E-06 -1 -6.140655E-05 -3.588796E-05 -1 -3.683924E-05 -6.420378E-05 -1 0 0 -0.7078025 0.7063577 0.008632444 -0.7108216 0.7033087 0.00946582 -0.7743267 -0.6327507 -0.00668394 -0.7759323 -0.6307452 -0.009467302 -0.7732863 -0.6339789 -0.009952242 -1 -3.270698E-05 -5.700205E-05 -1 0 -3.947503E-05 -1 0 -5.870336E-05 -1 -2.993912E-07 -1.084763E-05 -0.7051682 0.7090068 -0.006866958 -8.312469E-11 1 2.723747E-06 -5.383196E-07 0.9998444 0.01763858 -0.7704331 -0.6375208 5.492516E-07 -0.770528 -0.6373039 -0.01141964 -1 -1.948913E-08 -1.824516E-05 -0.7704511 -0.637494 0.002545746 -0.7705173 -0.6373601 0.008667034 1.999017E-07 0.9999785 -0.006550181 -0.7704663 -0.6374618 -0.00492445 -0.7704079 -0.6375422 -0.0034036 -0.7052235 0.7088839 0.01197693  
			<SubMeshes>: 1
				<SubMesh>: 0 918 31 27 42 31 42 53 18 23 22 18 22 19 96 94 59 96 59 54 28 41 64 28 64 60 58 55 11 58 11 43 158 163 136 158 136 134 3 1 21 21 20 3 20 25 3 25 24 3 63 65 4 63 4 29 28 39 45 28 45 41 17 12 40 17 40 44 39 37 47 39 47 45 37 35 49 37 49 47 35 33 51 35 51 49 4 6 38 4 38 29 16 17 44 16 44 46 13 14 50 13 50 52 14 15 48 14 48 50 190 16 46 190 46 191 11 13 52 11 52 43 33 31 53 33 53 51 6 7 36 6 36 38 192 8 34 192 34 193 8 9 32 8 32 34 9 10 30 9 30 32 10 5 26 10 26 30 318 194 195 318 195 319 319 195 196 319 196 320 320 196 197 320 197 321 321 197 198 321 198 322 322 198 199 322 199 323 323 199 200 323 200 324 201 325 326 201 326 202 202 326 327 202 327 203 203 327 328 203 328 204 205 329 330 205 330 206 206 330 331 206 331 207 207 331 332 207 332 208 117 120 209 117 209 210 211 333 334 335 194 318 61 212 208 61 208 332 118 121 213 118 213 214 95 93 57 95 57 56 324 200 215 324 215 216 217 218 26 217 26 5 97 92 219 97 219 220 336 221 42 336 42 27 325 201 222 325 222 337 180 177 223 180 223 62 169 167 224 169 224 225 179 181 226 179 226 227 176 338 339 176 339 228 229 340 40 229 40 12 75 66 67 75 67 69 68 230 76 68 76 79 231 232 78 231 78 233 234 235 77 234 77 236 237 238 74 74 72 237 72 73 237 73 71 237 239 240 70 239 70 241 133 128 83 133 83 82 131 129 84 131 84 80 91 88 85 91 85 341 90 87 342 90 342 81 132 130 242 132 242 243 99 102 87 99 87 90 100 103 88 100 88 91 82 83 86 82 86 343 80 84 344 80 344 89 345 346 244 345 244 245 347 246 247 347 247 348 349 248 249 349 249 350 115 110 92 115 92 97 113 111 93 113 93 95 114 112 351 114 351 352 245 244 250 245 250 251 89 344 353 89 353 98 343 86 101 343 101 354 109 106 355 109 355 356 108 105 357 252 253 358 254 359 105 360 255 252 361 256 106 361 106 109 362 363 257 362 257 364 98 353 365 98 365 107 354 101 104 354 104 366 367 368 256 367 256 361 258 369 359 258 359 254 364 257 112 364 112 114 107 365 111 107 111 113 366 104 110 366 110 115 259 260 261 259 261 262 0 370 371 0 371 116 372 2 119 372 119 373 127 124 263 127 263 264 126 123 265 126 265 266 267 374 268 267 268 269 375 270 271 375 271 272 376 377 378 376 378 379 116 371 380 116 380 125 373 119 122 373 122 381 382 383 270 382 270 375 384 385 374 384 374 267 273 274 130 273 130 132 125 380 129 125 129 131 381 122 128 381 128 133 151 146 140 151 140 145 161 386 387 161 387 138 156 152 275 156 275 135 162 160 139 162 139 137 159 276 277 159 277 388 389 178 278 389 278 390 186 182 279 186 279 144 150 147 141 150 141 280 281 149 143 281 143 282 148 283 284 148 284 142 154 157 283 154 283 148 153 155 149 153 149 281 285 391 392 285 392 286 393 394 395 393 395 396 287 397 288 287 288 289 290 398 397 290 397 287 399 400 291 399 291 401 137 139 155 137 155 153 138 387 157 138 157 154 292 402 152 292 152 156 171 174 276 171 276 159 293 172 160 293 160 162 173 170 386 173 386 161 403 404 294 403 294 405 406 175 163 406 163 158 295 296 297 295 297 168 298 407 408 298 408 165 299 300 164 299 164 166 409 301 302 409 302 410 411 303 167 411 167 169 405 294 303 405 303 411 168 297 175 168 175 406 165 408 170 165 170 173 166 164 172 166 172 293 410 302 174 410 174 171 304 305 306 304 306 307 187 308 178 187 178 389 412 183 309 412 309 413 310 185 181 310 181 179 184 414 177 184 177 180 142 284 414 142 414 184 282 143 185 282 185 310 311 415 416 311 416 312 417 313 308 417 308 187 307 306 182 307 182 186 314 188 66 314 66 75 236 77 189 236 189 315 316 317 23 316 23 18  
		</Mesh>
		<Materials>: 1
			<Material>: 0
				<AlbedoColor>: 1 1 1 1
				<EmissiveColor>: 0 0 0 0
				<Glossiness>: 0
				<Metallic>: 0
				<SpecularHighlight>: 1
				<GlossyReflection>: 1
				<AlbedoMap>: BLD_Structures2_A
				<MetallicMap>: BLD_Structures2_MS
				<NormalMap>: BLD_Structures2_N
				<EmissionMap>: null
				<DetailAlbedoMap>: DET_Concrete1_A
				<DetailNormalMap>: DET_Concrete1_N
		</Materials>
		<Children>: 0
	</Frame>
</Hierarchy>
