<Hierarchy>:
	<Frame>: 0 5 Struct_Fence1_Mid_A
		<Transform>: 0 0 0 0 0 0 1 1 1 0 0 0 1  
		<TransformMatrix>: 1 0 0 0 0 1 0 0 0 0 1 0 0 0 0 1  
		<BoxCollider>: 1 -3.195691 0.9887168 0.04624406 6.391518 1.980824 0.9063476  
		<Mesh>: 160 Struct_Fence1_Mid_A
			<Bounds>: -3.195691 0.9887168 0.04624406 3.195759 0.9904121 0.4531738
			<Positions>: 160 -5.491448 1.740095 0.4994176 -5.491448 1.740095 -0.4069296 -6.39145 1.740095 -0.4069296 -6.39145 1.740095 0.4994179 -5.491448 1.813001 0.4994176 -5.491448 1.813001 -0.4069298 -6.39145 1.813001 -0.4069296 -6.39145 1.813001 0.4994179 -5.541451 1.740095 0.4050268 -5.582665 1.740095 0.4462429 -5.582665 1.740095 -0.3537568 -5.541451 1.740095 -0.3125407 -6.341455 1.740095 -0.3125407 -6.300237 1.740095 -0.3537568 -6.300237 1.740095 0.4462429 -6.341455 1.740095 0.4050268 -5.941448 1.979129 0.04624403 -5.582665 0.07089841 0.4462431 -5.541451 0.07089841 0.4050268 -5.582665 0.07089841 -0.3537568 -5.541451 0.07089841 -0.3125406 -6.341455 0.07089841 -0.3125406 -6.300237 0.07089841 -0.3537568 -6.300237 0.07089841 0.4462431 -6.341455 0.07089841 0.4050268 -5.541451 0.008310676 0.4050268 -6.300237 0.008310676 0.4462431 -6.341455 0.008310795 0.4050268 -5.582665 0.008310795 0.4462431 -5.541451 0.008310795 -0.3125406 -6.341455 0.008310676 -0.3125406 -5.582665 0.008310676 -0.3537568 -6.300237 0.008310795 -0.3537568 6.771088E-05 0.8999546 0.3019036 6.771088E-05 0.8999546 -0.2980962 -5.999929 0.8999543 0.3019036 -5.999929 0.8999543 -0.2980962 6.771088E-05 0.9763764 0.3019036 6.771088E-05 0.999955 0.2783255 6.771088E-05 0.999955 -0.2745181 6.771088E-05 0.9763764 -0.2980962 -5.999929 0.9999546 0.2783255 -5.999929 0.976376 0.3019036 -5.999929 0.976376 -0.2980962 -5.999929 0.9999546 -0.2745181 -3.999931 0.8999544 -0.2980962 -1.999932 0.8999545 -0.2980962 -1.999932 0.8999545 0.3019036 -3.999931 0.8999544 0.3019036 -1.999932 0.9999549 -0.2745181 -3.999931 0.9999548 -0.2745181 -3.999931 0.9763761 -0.2980962 -1.999932 0.9763762 -0.2980962 -3.999931 0.9999548 0.2783255 -1.999932 0.9999549 0.2783255 -1.999932 0.9763762 0.3019036 -3.999931 0.9763761 0.3019036 -5.722046E-05 -0.001694918 0.2227793 -5.722046E-05 -0.001694918 -0.1772207 -6.000057 -0.001695275 -0.1772207 -6.000057 -0.001695275 0.2227793 -5.722046E-05 0.9247396 0.2227793 -5.722046E-05 0.9247396 -0.1772207 -6.000057 0.9247392 -0.1772207 -6.000057 0.9247392 0.2227793 -4.000058 -0.001695156 -0.1772207 -2.000057 -0.001695037 -0.1772207 -2.000057 -0.001695037 0.2227793 -4.000058 -0.001695156 0.2227793 -4.000058 0.9247394 -0.1772207 -2.000057 0.9247395 -0.1772207 -2.000057 0.9247395 0.2227793 -4.000058 0.9247394 0.2227793 -5.491448 1.813001 -0.4069298 -5.491448 1.740095 -0.4069296 -6.39145 1.813001 -0.4069296 -6.39145 1.740095 -0.4069296 -6.39145 1.813001 0.4994179 -6.39145 1.740095 0.4994179 -5.491448 1.740095 0.4994176 -5.491448 1.813001 0.4994176 -5.491448 1.740095 0.4994176 -6.39145 1.740095 0.4994179 -6.39145 1.740095 -0.4069296 -5.491448 1.740095 -0.4069296 -5.491448 1.813001 0.4994176 -6.39145 1.813001 0.4994179 -6.39145 1.813001 -0.4069296 -5.491448 1.813001 -0.4069298 -5.582665 0.07089841 0.4462431 -5.582665 1.740095 0.4462429 -5.582665 1.740095 -0.3537568 -5.582665 0.07089841 -0.3537568 -6.341455 1.740095 -0.3125407 -6.341455 0.07089841 -0.3125406 -6.341455 0.07089841 0.4050268 -6.341455 1.740095 0.4050268 -5.582665 0.008310676 -0.3537568 -6.341455 0.008310676 -0.3125406 -6.341455 0.008310795 0.4050268 -5.582665 0.008310795 0.4462431 6.771088E-05 0.999955 0.2783255 6.771088E-05 0.999955 -0.2745181 -3.999931 0.8999544 -0.2980962 -5.999929 0.8999543 -0.2980962 6.771088E-05 0.9763764 0.3019036 -1.999932 0.9763762 0.3019036 6.771088E-05 0.8999546 0.3019036 6.771088E-05 0.9763764 0.3019036 -5.999929 0.8999543 0.3019036 -3.999931 0.8999544 0.3019036 -5.999929 0.976376 0.3019036 -3.999931 0.9763761 0.3019036 6.771088E-05 0.999955 -0.2745181 6.771088E-05 0.9763764 -0.2980962 -1.999932 0.9999549 -0.2745181 6.771088E-05 0.8999546 -0.2980962 6.771088E-05 0.8999546 0.3019036 -1.999932 0.8999545 0.3019036 -1.999932 0.8999545 -0.2980962 6.771088E-05 0.8999546 -0.2980962 -3.999931 0.9999548 -0.2745181 -5.999929 0.9999546 -0.2745181 -5.999929 0.976376 -0.2980962 -5.999929 0.8999543 -0.2980962 -5.999929 0.8999543 0.3019036 -5.999929 0.976376 0.3019036 -5.999929 0.9999546 -0.2745181 -5.999929 0.9999546 0.2783255 -5.722046E-05 -0.001694918 0.2227793 -2.000057 -0.001695037 0.2227793 -6.000057 -0.001695275 -0.1772207 -4.000058 -0.001695156 -0.1772207 -6.000057 -0.001695275 0.2227793 -4.000058 -0.001695156 0.2227793 -5.722046E-05 -0.001694918 -0.1772207 -2.000057 -0.001695037 -0.1772207 -6.000057 -0.001695275 0.2227793 -6.000057 0.9247392 0.2227793 -6.000057 0.9247392 -0.1772207 -6.000057 -0.001695275 -0.1772207 -5.722046E-05 -0.001694918 0.2227793 -5.722046E-05 -0.001694918 -0.1772207 -5.722046E-05 0.9247396 -0.1772207 -5.722046E-05 0.9247396 0.2227793 -4.000058 0.9247394 -0.1772207 -4.000058 0.9247394 0.2227793 -2.000057 0.9247395 0.2227793 -2.000057 0.9247395 -0.1772207 -6.000057 0.9247392 -0.1772207 -6.000057 0.9247392 0.2227793 -5.722046E-05 0.9247396 0.2227793 -5.722046E-05 0.9247396 -0.1772207 -6.39145 1.813001 0.4994179 -5.941448 1.979129 0.04624403 -6.39145 1.813001 -0.4069296 -5.941448 1.979129 0.04624403 -5.491448 1.813001 -0.4069298 -5.941448 1.979129 0.04624403 -5.491448 1.813001 0.4994176  
			<Colors>: 0  
			<TextureCoords0>: 160 0.3987911 0.378908 0.3987911 0.4437582 0.3987911 0.4437582 0.3987911 0.378908 0.3939058 0.378908 0.3939058 0.4437582 0.3939058 0.4437582 0.3939058 0.378908 0.8926295 0.5009227 0.8926295 0.5031732 0.8926295 0.4709653 0.8926295 0.4732158 0.8926295 0.4410076 0.8926295 0.4432583 0.8926295 0.5308804 0.8926295 0.533131 0.4368533 0.4113103 0.8281785 0.5031732 0.8281785 0.5009227 0.8281785 0.4709653 0.8281785 0.4732158 0.8281785 0.4410076 0.8281785 0.4432583 0.8281785 0.5308804 0.8281785 0.5331312 0.8257619 0.5009227 0.8257619 0.5308804 0.8257619 0.5331312 0.8257619 0.5031732 0.8257619 0.4732158 0.8257619 0.4410076 0.8257619 0.4709653 0.8257619 0.4432583 0.9583476 0.6010555 0.9583471 0.5788298 0.7360871 0.6010555 0.7360876 0.5788298 0.9611816 0.601068 0.9583479 0.5542297 0.9583476 0.5747064 0.9611816 0.5788172 0.7360885 0.5542294 0.7360889 0.5529364 0.7360877 0.5759991 0.7360883 0.5747061 0.8101723 0.5788308 0.8842624 0.5788305 0.8842641 0.5501042 0.8101723 0.6010567 0.8842629 0.5747067 0.8101726 0.5747066 0.8101723 0.5759998 0.8842624 0.5759998 0.810173 0.5542282 0.8842636 0.5542284 0.8842642 0.5529352 0.8101733 0.5529352 0.7350831 0.6132575 0.7350831 0.6963048 0.9562604 0.6963047 0.9562604 0.7110498 0.7350831 0.6474085 0.7350831 0.6621537 0.9562604 0.6621537 0.9562604 0.6474085 0.8825346 0.6963047 0.8088088 0.6963048 0.8088089 0.6132575 0.8825346 0.7110498 0.8825346 0.6621537 0.8088089 0.6621537 0.8088088 0.6474085 0.8825346 0.6474085 0.3939058 0.378908 0.3987911 0.378908 0.3939058 0.4437582 0.3987911 0.4437582 0.3939058 0.4437582 0.3987911 0.4437582 0.3987911 0.378908 0.3939058 0.378908 0.8974991 0.5018219 0.9260464 0.5018219 0.9260464 0.5305704 0.8974991 0.5305704 0.405277 0.4430558 0.468429 0.4430558 0.468429 0.3795648 0.405277 0.3795648 0.8281785 0.5031732 0.8926295 0.5031732 0.8926295 0.4709653 0.8281785 0.4709653 0.8926295 0.4410076 0.8281785 0.4410076 0.8281785 0.4133009 0.8926295 0.4133008 0.8257619 0.4709653 0.8257619 0.4410076 0.8257619 0.4133009 0.8257619 0.5031732 0.9620559 0.6001937 0.9620559 0.5796917 0.8101723 0.5788308 0.7360876 0.5788298 0.9583485 0.5529369 0.8842642 0.5529352 0.9583485 0.5501061 0.9583485 0.5529369 0.7360889 0.5501059 0.8101736 0.5501044 0.7360889 0.5529364 0.8101733 0.5529352 0.9583476 0.5747064 0.9583471 0.5759993 0.8842629 0.5747067 0.9583471 0.5788298 0.9583476 0.6010555 0.8842624 0.6010569 0.8842624 0.5788305 0.9583471 0.5788298 0.8101726 0.5747066 0.7360883 0.5747061 0.7332534 0.5788172 0.7360876 0.5788298 0.7360871 0.6010555 0.7332534 0.601068 0.7323789 0.5796915 0.7323789 0.6001937 0.7350831 0.7110498 0.8088087 0.7110498 0.9562604 0.6963047 0.8825346 0.6963047 0.9562604 0.6132575 0.8825346 0.6132575 0.7350831 0.6963048 0.8088088 0.6963048 0.9562604 0.7110498 0.9904112 0.7110498 0.9904112 0.6963048 0.9562604 0.6963047 0.7350831 0.7110498 0.7350831 0.6963048 0.700932 0.6963047 0.700932 0.7110498 0.8825346 0.6621537 0.8825346 0.6474085 0.8088088 0.6474085 0.8088089 0.6621537 0.9562604 0.6621537 0.9562604 0.6474085 0.7350831 0.6474085 0.7350831 0.6621537 0.468429 0.4430558 0.4368533 0.4113103 0.468429 0.3795648 0.4368533 0.4113103 0.405277 0.3795648 0.4368533 0.4113103 0.405277 0.4430558  
			<TextureCoords1>: 160 0.2940612 0.04484349 0.4438723 0.04484349 0.4428234 0.02888656 0.1537174 0.02557492 0.2940612 0.03279281 0.4438722 0.03279281 0.4428234 0.01683581 0.1537173 0.01352423 0.2901548 0.1712648 0.2901549 0.1616305 0.2901546 0.2995065 0.2901548 0.2898722 0.2901545 0.1577241 0.2901547 0.1480894 0.2940612 0.2898715 0.2940612 0.2995063 0.6615108 0.2227014 0.01425143 0.1616304 0.01425152 0.1712647 0.01425135 0.2995064 0.01425147 0.2898721 0.01425152 0.1577241 0.01425143 0.1480893 0.5699644 0.2898717 0.5699645 0.2995065 0.003906321 0.1712648 0.5803096 0.2898716 0.5803097 0.2995064 0.5803096 0.1712635 0.003906298 0.2898722 0.003906318 0.1577241 0.003906257 0.2995064 0.00390625 0.1480893 0.1576237 0.02557492 0.2567983 0.02557492 0.003906285 0.5470113 0.00390625 0.6461858 0.1576236 0.01294309 0.003906311 0.6556036 0.003906283 0.7469837 0.2567982 0.01294309 0.9956522 0.6556038 0.00390625 0.3034127 0.9956522 0.9134393 0.9956524 0.9079276 0.334488 0.6461858 0.3344884 0.926071 0.6650698 0.3160446 0.3344881 0.5470113 0.3344885 0.7469838 0.6650707 0.9079276 0.6650705 0.9134393 0.3344885 0.9134393 0.6650705 0.6556037 0.3344885 0.6556037 0.3344884 0.6500921 0.3344879 0.3034127 0.9956521 0.4730822 0.9956527 0.9960937 0.9956523 0.9040214 0.003906257 0.9299774 0.9956518 0.3199508 0.003906251 0.75089 0.9956523 0.7508901 0.00390625 0.3199509 0.6650705 0.9040214 0.6650705 0.9960938 0.6650702 0.4730822 0.3344882 0.9299774 0.6650705 0.7508901 0.3344883 0.7508901 0.66507 0.3199509 0.3344879 0.3199509 0.2940612 0.01683581 0.2940612 0.0288865 0.00390625 0.01352423 0.003906338 0.02557492 0.7427118 0.1347873 0.7427119 0.1468381 0.8914741 0.1468381 0.8914739 0.1347873 0.7427118 0.1507444 0.742712 0.2995065 0.8925231 0.2995064 0.8925231 0.1507443 0.7388055 0.1458966 0.7388056 0.2995063 0.5842159 0.2995065 0.5842159 0.1458967 0.5699645 0.1712636 0.2940612 0.1712635 0.2901548 0.02948135 0.01425151 0.02948117 0.2940612 0.1673572 0.5699644 0.1673573 0.5699645 0.0487498 0.2940612 0.0487498 0.003906315 0.02948123 0.5803096 0.1673573 0.5803096 0.04874974 0.00390625 0.1616305 0.1615209 0.00904578 0.2529008 0.00904578 0.6650703 0.926071 0.995652 0.926071 0.00390625 0.6500921 0.6650696 0.3034127 0.9956517 0.3160446 0.9956516 0.3034127 0.003906371 0.3160446 0.334488 0.3160446 0.9956521 0.6500921 0.6650704 0.6500921 0.003906605 0.9079276 0.003906397 0.9134393 0.3344887 0.9079276 0.00390625 0.926071 0.9956522 0.5470113 0.6650701 0.5470113 0.6650701 0.6461858 0.9956522 0.6461858 0.6650704 0.7469838 0.9956522 0.7469838 0.4477785 0.03221166 0.4477786 0.04484349 0.5469531 0.04484349 0.5469531 0.03221166 0.4516758 0.02831429 0.5430557 0.02831429 0.9956527 0.9299773 0.6650705 0.9299774 0.00390625 0.9960938 0.3344882 0.9960938 0.003906515 0.4730822 0.3344882 0.4730822 0.00390625 0.9040213 0.3344882 0.9040214 0.7373473 0.07587397 0.5842159 0.07587397 0.5842159 0.1419904 0.7373473 0.1419904 0.5842159 0.005851269 0.5842161 0.07196772 0.7373473 0.07196772 0.7373472 0.005851269 0.6650705 0.5431049 0.6650702 0.4769885 0.3344881 0.4769886 0.3344884 0.543105 0.9956521 0.5431049 0.9956518 0.4769885 0.00390625 0.4769886 0.003906513 0.543105 0.7388056 0.2995063 0.6615108 0.2227014 0.5842159 0.2995065 0.6615108 0.2227014 0.5842159 0.1458967 0.6615108 0.2227014 0.7388055 0.1458966  
			<Normals>: 160 1 0 0 1 0 0 0 0 -1 -1 0 0 1 0 0 1 0 0 0 0 -1 -1 0 0 0.9238911 0 0.3826555 0.3826815 0 0.9238803 0.3826815 0 -0.9238803 0.9238911 0 -0.3826555 -0.9238803 0 -0.3826815 -0.3826815 0 -0.9238803 -0.3826815 0 0.9238803 -0.9238803 0 0.3826815 0 0.9388974 0.3441972 0.3826815 0 0.9238803 0.9238911 0 0.3826555 0.3826815 0 -0.9238803 0.9238911 0 -0.3826555 -0.9238803 0 -0.3826815 -0.3826815 0 -0.9238803 -0.3826815 0 0.9238803 -0.9238803 0 0.3826815 0.9238911 0 0.3826555 -0.3826815 0 0.9238803 -0.9238803 0 0.3826815 0.3826815 0 0.9238803 0.9238911 0 -0.3826555 -0.9238803 0 -0.3826815 0.3826815 0 -0.9238803 -0.3826815 0 -0.9238803 0.5773503 -0.5773503 0.5773503 0.5773503 -0.5773503 -0.5773503 -0.5773503 -0.5773503 0.5773503 -0.5773503 -0.5773503 -0.5773503 0.6302528 0.2971048 0.7172937 0.6302528 0.7172937 0.2971048 0.6302528 0.7172937 -0.2971048 0.6302528 0.2971048 -0.7172937 -0.6302528 0.7172937 0.2971048 -0.6302528 0.2971048 0.7172937 -0.6302528 0.2971048 -0.7172937 -0.6302528 0.7172937 -0.2971048 0 -0.7071068 -0.7071068 0 -0.7071068 -0.7071068 0 -0.7071068 0.7071068 0 -0.7071068 0.7071068 0 0.9238803 -0.3826815 0 0.9238803 -0.3826815 0 0.3826815 -0.9238803 0 0.3826815 -0.9238803 0 0.9238803 0.3826815 0 0.9238803 0.3826815 0 0.3826815 0.9238803 0 0.3826815 0.9238803 0 0 1 0 -1 0 0 0 -1 -0.7071068 -0.7071068 0 0 0 1 0 0 -1 0 0 -1 0 0 1 0 0 -1 0 -1 0 0 0 1 0 -1 0 0 0 -1 0 0 -1 0 0 1 0 0 1 0 0 -1 0 0 -1 -1 0 0 -1 0 0 0 0 1 0 0 1 0 0 1 0 0 1 0 -1 0 0 -1 0 0 -1 0 0 -1 0 0 0.9388974 0.3441972 0 0.9388974 0.3441972 -0.3463261 0.9381141 0 0 0.9388974 -0.3441972 0.3826815 0 0.9238803 0.3826815 0 0.9238803 0.3826815 0 -0.9238803 0.3826815 0 -0.9238803 -0.9238803 0 -0.3826815 -0.9238803 0 -0.3826815 -0.9238803 0 0.3826815 -0.9238803 0 0.3826815 0.3826815 0 -0.9238803 -0.9238803 0 -0.3826815 -0.9238803 0 0.3826815 0.3826815 0 0.9238803 0.6302528 0.7172937 0.2971048 0.6302528 0.7172937 -0.2971048 0 -0.7071068 -0.7071068 -0.5773503 -0.5773503 -0.5773503 0.6302528 0.2971048 0.7172937 0 0.3826815 0.9238803 0.5773503 -0.5773503 0.5773503 0.6302528 0.2971048 0.7172937 -0.5773503 -0.5773503 0.5773503 0 -0.7071068 0.7071068 -0.6302528 0.2971048 0.7172937 0 0.3826815 0.9238803 0.6302528 0.7172937 -0.2971048 0.6302528 0.2971048 -0.7172937 0 0.9238803 -0.3826815 0.5773503 -0.5773503 -0.5773503 0.5773503 -0.5773503 0.5773503 0 -0.7071068 0.7071068 0 -0.7071068 -0.7071068 0.5773503 -0.5773503 -0.5773503 0 0.9238803 -0.3826815 -0.6302528 0.7172937 -0.2971048 -0.6302528 0.2971048 -0.7172937 -0.5773503 -0.5773503 -0.5773503 -0.5773503 -0.5773503 0.5773503 -0.6302528 0.2971048 0.7172937 -0.6302528 0.7172937 -0.2971048 -0.6302528 0.7172937 0.2971048 0 -1 0 0 -1 0 -0.7071068 -0.7071068 0 0 -1 0 0 0 1 0 0 1 0 0 -1 0 0 -1 -0.7071068 -0.7071068 0 -0.7071068 0.7071068 0 -0.7071068 0.7071068 0 -0.7071068 -0.7071068 0 1 0 0 1 0 0 0.7071068 0.7071068 0 0.7071068 0.7071068 0 0 1 0 0 1 0 0 1 0 0 1 0 -0.7071068 0.7071068 0 -0.7071068 0.7071068 0 0.7071068 0.7071068 0 0.7071068 0.7071068 0 -0.3463261 0.9381141 0 -0.3463261 0.9381141 0 0 0.9388974 -0.3441972 0 0.9388974 -0.3441972 0.3463261 0.9381141 0 0.3463261 0.9381141 0 0.3463261 0.9381141 0  
			<Tangents>: 160 0 -1 0 0 -1 1.551556E-06 0 -1 0 0 -1 0 0 -1 8.35529E-08 0 -1 1.635109E-06 0 -1 0 0 -1 0 2.102505E-08 1 -5.07633E-08 5.049936E-08 1 -2.091739E-08 -2.46886E-08 1 -1.022629E-08 -2.524826E-08 1 -6.095989E-08 5.611044E-10 1 -1.354634E-09 0 1 0 -2.787363E-07 1 -1.154557E-07 -1.307875E-06 1 -3.157507E-06 -1 1.771895E-07 -4.833362E-07 1.0816E-09 1 -4.480105E-10 0 1 0 0 1 0 -5.858154E-09 1 -1.414404E-08 2.433713E-08 1 -5.875536E-08 1.78787E-09 1 -7.405555E-10 -4.867426E-08 1 -2.016141E-08 -7.560327E-08 1 -1.825235E-07 0 1 0 0 1 0 0 1 0 0 1 0 0 1 0 0 1 0 0 1 0 0 1 0 0.4109589 0.8164906 0.4055316 0.4105427 0.8164923 -0.4059495 0.8164966 -0.4082581 0.4082385 0.8164966 -0.4082387 -0.4082578 -0.1944321 0.9548425 -0.2246596 0.7763899 -0.582288 -0.2411624 0.7763899 -0.5822737 0.241197 -0.1940911 0.9548414 0.2249588 0.7763899 0.5822793 0.2411834 0.7763899 0.241203 0.5822712 0.7763899 0.2411913 -0.5822761 0.7763899 0.5822828 -0.241175 1 3.753781E-06 -3.753781E-06 1 -2.403458E-06 2.403458E-06 1 -6.38642E-06 -6.38642E-06 1 -4.142029E-06 -4.14203E-06 1 -5.601324E-07 -1.352287E-06 1 1.904723E-06 4.598434E-06 1 5.236273E-06 2.168922E-06 1 -3.373863E-06 -1.397492E-06 1 2.577843E-06 -6.223499E-06 1 -3.408251E-07 8.228292E-07 1 -9.780631E-06 4.051247E-06 1 8.258238E-06 -3.420655E-06 -1 -5.960464E-08 0 -1 0 0 -1 -5.960469E-08 0 -0.7071068 0.7071068 0 -1 -5.960464E-08 0 -1 -5.960464E-08 0 -1 -5.960469E-08 0 -1 -5.960469E-08 0 -1 -2.828704E-07 0 -1 0 8.084736E-07 -1 -5.960463E-08 0 -1 0 0 -1 -5.960465E-08 0 -1 -6.448034E-07 0 -1 -5.960463E-08 0 -1 -5.960465E-08 0 0 -1 0 0 -1 0 0 -1 0 0 -1 0 0 -1 0 0 -1 0 0 -1 0 0 -1 0 -1 0 1.33047E-07 -1 0 2.649091E-07 -1 0 1.318621E-07 -1 0 0 -0.9981295 0.02104245 -0.05739941 -0.9981295 -0.0210424 0.05739929 -0.9381142 -0.3463261 1.644194E-07 -0.9981295 0.02104257 0.05739976 4.867426E-08 1 -2.016141E-08 5.049936E-08 1 -2.091739E-08 0 1 0 0 1 0 4.914367E-07 1 -1.18644E-06 2.433713E-08 1 -5.875536E-08 -1.809601E-07 1 -4.368789E-07 -6.539314E-07 1 -1.578739E-06 0 1 0 0 1 0 0 1 0 0 1 0 -0.6487476 0.6967709 -0.3060013 -0.6489009 0.6967709 0.3056762 1 3.228158E-06 -3.228157E-06 0.8164966 -0.4082423 -0.4082543 0.7763899 -0.2412004 -0.5822724 1 -1.090232E-05 4.515864E-06 0.8164966 0.4082345 -0.4082621 0.7763899 -0.2412065 -0.5822698 0.8164966 -0.4082364 0.4082601 1 4.876691E-06 4.876691E-06 0.7763899 0.2411988 0.582273 1 6.610428E-06 -2.738113E-06 0.7763899 -0.5822828 0.2411751 0.7763899 -0.2411911 0.5822762 1 -8.034937E-07 -1.939817E-06 0.8164966 0.4082424 0.4082541 0.8164966 0.4082553 -0.4082412 1 5.362694E-06 5.362694E-06 1 -5.153845E-06 5.153845E-06 0.8164966 0.4082424 0.4082541 1 -1.867547E-06 -4.508683E-06 0.7763899 0.582283 -0.2411747 -0.1944133 -0.9548424 -0.2246761 0.4109848 -0.8164905 0.4055057 0.4105168 -0.8164924 -0.4059756 -0.1940927 -0.9548414 0.2249574 -0.6487516 -0.6967709 -0.305993 -0.6487414 -0.6967709 0.3060146 -1 0 0 -1 0 7.068757E-07 -0.7071068 0.7071068 0 -1 0 1.015966E-07 -1 -5.960469E-08 0 -1 -5.960465E-08 0 -1 -5.960464E-08 0 -1 -8.680682E-07 0 -0.7071068 0.7071068 -3.655627E-06 0.7071068 0.7071068 0 0.7071068 0.7071068 -1.280923E-06 -0.7071068 0.7071068 -4.936534E-06 0 -1 -2.584929E-06 0 -1 -3.490685E-06 0.7071068 -0.7071068 -1.280918E-06 0.7071068 -0.7071068 0 -1 0 0 -1 0 0 -1 0 0 -1 0 0 -0.7071068 -0.7071068 0 -0.7071068 -0.7071068 0 -0.7071068 0.7071068 0 -0.7071068 0.7071068 0 -0.9381142 -0.3463261 2.330463E-07 -0.9381142 -0.3463261 2.117887E-07 -0.9981295 -0.02104227 -0.05739895 -1 3.056039E-07 8.336235E-07 -0.9381142 0.3463261 1.6442E-07 -0.9381142 0.3463261 2.117884E-07 -0.9381142 0.3463261 2.330463E-07  
			<BiTangents>: 160 0 0 1 0 1.551556E-06 1 1 0 0 0 0 1 0 8.35529E-08 1 0 1.635109E-06 1 1 0 0 0 0 1 0.3826555 -5.494511E-08 -0.9238911 0.9238803 -5.466006E-08 -0.3826815 -0.9238803 -2.672272E-08 -0.3826815 -0.3826555 -6.598169E-08 -0.9238911 -0.3826815 1.466244E-09 0.9238803 -0.9238803 0 0.3826815 0.9238803 3.017017E-07 0.3826815 0.3826815 3.417658E-06 0.9238803 5.147912E-07 0.3441972 -0.9388973 0.9238803 -1.170714E-09 -0.3826815 0.3826555 0 -0.9238911 -0.9238803 0 -0.3826815 -0.3826555 -1.530921E-08 -0.9238911 -0.3826815 6.35963E-08 0.9238803 -0.9238803 1.935175E-09 0.3826815 0.9238803 5.268459E-08 0.3826815 0.3826815 1.975619E-07 0.9238803 0.3826555 0 -0.9238911 0.9238803 0 0.3826815 0.3826815 0 0.9238803 0.9238803 0 -0.3826815 -0.3826555 0 -0.9238911 -0.3826815 0 0.9238803 -0.9238803 0 -0.3826815 -0.9238803 0 0.3826815 0.7055349 -0.003133436 -0.7086683 -0.7057771 0.002651864 -0.708429 -1.13218E-05 -0.7071011 -0.7071124 -1.101208E-05 0.7071123 -0.7071013 0.7516499 -0.002127439 -0.6595588 -1.628122E-05 -0.3826625 0.9238883 -1.27983E-05 0.3826843 0.9238792 -0.7517381 0.002560569 -0.6594569 -1.375065E-06 -0.3826757 0.9238828 1.782817E-05 -0.9238777 0.3826881 -7.964185E-06 0.9238806 0.3826806 -5.708763E-06 0.3826704 0.923885 -5.308648E-06 0.7071068 -0.7071068 3.399002E-06 0.7071068 -0.7071068 -9.031762E-06 -0.7071068 -0.7071068 -5.857714E-06 -0.7071068 -0.7071068 1.463704E-06 0.3826815 0.9238803 -4.977305E-06 0.3826815 0.9238803 -5.667696E-06 0.9238803 0.3826815 3.65184E-06 0.9238803 0.3826815 6.736261E-06 -0.3826815 0.9238803 -8.906232E-07 -0.3826815 0.9238803 -1.058647E-05 -0.9238803 0.3826815 8.938646E-06 -0.9238803 0.3826815 5.960464E-08 -1 0 0 0 -1 -5.960469E-08 1 0 0 0 -1 5.960464E-08 -1 0 -5.960464E-08 1 0 -5.960469E-08 1 0 5.960469E-08 -1 0 -2.828704E-07 1 0 -8.084736E-07 0 -1 5.960463E-08 -1 0 0 0 -1 -5.960465E-08 1 0 -6.448034E-07 1 0 5.960463E-08 -1 0 5.960465E-08 -1 0 1 0 0 1 0 0 0 0 1 0 0 1 1 0 0 1 0 0 1 0 0 1 0 0 1.33047E-07 0 1 2.649091E-07 0 1 1.318621E-07 0 1 0 0 1 0.06113491 0.3435534 -0.9371411 -0.06113478 0.3435534 -0.9371411 -1.542442E-07 -5.694276E-08 -1 -0.06113528 -0.3435534 -0.9371411 0.9238803 -5.268459E-08 -0.3826815 0.9238803 -5.466006E-08 -0.3826815 -0.9238803 0 -0.3826815 -0.9238803 0 -0.3826815 -0.3826815 1.284192E-06 0.9238803 -0.3826815 6.35963E-08 0.9238803 0.3826815 4.728739E-07 0.9238803 0.3826815 1.708814E-06 0.9238803 -0.9238803 0 -0.3826815 -0.3826815 0 0.9238803 0.3826815 0 0.9238803 0.9238803 0 -0.3826815 0.4265068 -0.0001121736 -0.9044844 -0.4262736 -0.0001382595 -0.9045943 -4.565304E-06 0.7071068 -0.7071068 -6.916964E-06 0.7071102 -0.7071033 -1.561052E-05 -0.9238783 0.3826863 -1.180058E-05 -0.9238803 0.3826815 -1.593311E-05 -0.7071148 -0.7070988 -2.075429E-05 -0.9238768 0.3826903 1.369628E-05 -0.7071136 -0.7070999 6.896683E-06 -0.7071068 -0.7071068 1.425067E-05 -0.9238787 0.3826853 7.155069E-06 -0.9238803 0.3826815 5.637612E-06 0.3826705 0.9238849 7.807526E-06 0.9238808 0.3826805 2.099641E-06 0.3826815 0.9238803 6.779313E-06 0.7071102 -0.7071034 8.12141E-06 -0.7071027 -0.7071108 7.583994E-06 -0.7071068 -0.7071068 7.288637E-06 0.7071068 -0.7071068 6.779313E-06 0.7071102 -0.7071034 4.880159E-06 0.3826815 0.9238803 -5.968639E-06 0.3826702 0.923885 0.7516548 0.002151314 -0.6595533 0.7055198 0.003163341 -0.7086831 -0.7057922 -0.002621856 -0.7084141 -0.7517377 -0.002558542 -0.6594574 0.4265008 0.0001057456 -0.9044871 -0.4265163 -0.0001223727 -0.9044799 0 0 -1 -7.068757E-07 0 -1 0 0 -1 -1.015966E-07 0 -1 5.960469E-08 -1 0 5.960465E-08 -1 0 -5.960464E-08 1 0 -8.680682E-07 1 0 2.584919E-06 -2.584919E-06 -1 0 0 -1 -9.05749E-07 -9.05749E-07 -1 3.490657E-06 -3.490657E-06 -1 0 2.584929E-06 -1 0 3.490685E-06 -1 -9.057455E-07 9.057455E-07 -1 0 0 -1 0 0 1 0 0 1 0 0 1 0 0 1 0 0 1 0 0 1 0 0 1 0 0 1 -2.18624E-07 -8.071002E-08 -1 -1.98682E-07 -7.334797E-08 -1 0.06113442 -0.3435534 -0.9371412 -8.878749E-07 -0.3441972 -0.9388973 -1.542447E-07 5.694294E-08 -1 -1.986817E-07 7.334786E-08 -1 -2.186241E-07 8.071004E-08 -1  
			<SubMeshes>: 1
				<SubMesh>: 0 354 4 0 1 4 1 5 73 74 2 73 2 6 75 76 3 75 3 7 77 78 79 77 79 80 81 82 83 81 83 84 17 18 8 17 8 9 85 16 86 153 154 87 155 156 88 157 158 159 8 18 20 8 20 11 14 15 24 14 24 23 12 13 22 12 22 21 10 11 20 10 20 19 14 23 89 14 89 90 91 92 22 91 22 13 93 94 95 93 95 96 18 25 29 18 29 20 21 22 32 21 32 30 19 20 29 19 29 31 92 97 32 92 32 22 23 26 28 23 28 89 23 24 27 23 27 26 94 98 99 94 99 95 100 25 18 100 18 17 54 38 39 54 39 49 37 33 34 34 40 37 40 101 37 40 102 101 48 35 36 48 36 45 51 103 104 51 104 43 50 51 43 50 43 44 54 55 105 54 105 38 106 47 107 106 107 108 42 109 110 42 110 56 56 110 47 56 47 106 41 111 112 41 112 53 53 112 55 53 55 54 113 114 52 113 52 115 115 52 51 115 51 50 114 116 46 114 46 52 52 46 103 52 103 51 117 118 119 117 119 120 118 48 45 118 45 119 41 53 121 41 121 122 53 54 49 53 49 121 123 124 125 125 126 123 126 127 123 126 128 127 69 65 59 69 59 63 71 67 57 71 57 61 66 58 129 66 129 130 131 132 68 131 68 60 132 66 130 132 130 68 64 133 134 64 134 72 72 134 67 72 67 71 62 135 136 62 136 70 70 136 65 70 65 69 137 138 139 137 139 140 141 142 143 141 143 144 145 146 147 145 147 148 146 145 149 146 149 150 148 147 151 148 151 152  
		</Mesh>
		<Materials>: 1
			<Material>: 0
				<AlbedoColor>: 1 1 1 1
				<EmissiveColor>: 0 0 0 0
				<Glossiness>: 0
				<Metallic>: 0
				<SpecularHighlight>: 1
				<GlossyReflection>: 1
				<AlbedoMap>: BLD_Structures2_A
				<MetallicMap>: BLD_Structures2_MS
				<NormalMap>: BLD_Structures2_N
				<EmissionMap>: null
				<DetailAlbedoMap>: DET_Concrete1_A
				<DetailNormalMap>: DET_Concrete1_N
		</Materials>
		<Children>: 0
	</Frame>
</Hierarchy>
