<Hierarchy>:
	<Frame>: 0 5 Struct_WoodBoard_A
		<Transform>: 0 0 0 0 0 0 1 1 1 0 0 0 1  
		<TransformMatrix>: 1 0 0 0 0 1 0 0 0 0 1 0 0 0 0 1  
		<BoxCollider>: 1 -0.8486099 1.554101 -0.0352389 1.69722 3.091798 0.07047788  
		<Mesh>: 492 Struct_WoodBoard_A
			<Bounds>: -0.8486099 1.554101 -0.0352389 0.8486099 1.545899 0.03523894
			<Positions>: 492 6.114043E-11 0.008202314 1.552688E-08 -1.69722 0.008203526 4.334643E-08 1.496331E-09 0.2008303 -6.205307E-09 -1.69722 0.1806518 2.389092E-08 2.834681E-09 0.3804606 -2.647109E-08 -1.69722 0.3295013 7.097792E-09 -1.69722 0.2107879 2.049098E-08 -0.2796974 0.2024713 -1.805833E-09 2.130021E-09 0.2858828 -1.580088E-08 -0.7163047 0.3821871 -1.492469E-08 4.418675E-09 0.5921165 -0.01912024 3.063841E-09 0.4102737 -0.01912022 -1.496075 0.5678363 -0.01912021 -1.66355 0.3835072 -0.01912019 -1.69722 0.567897 -1.979787E-08 -1.69722 0.7134506 -3.621913E-08 -0.0313392 0.5949331 -5.015405E-08 -0.1283861 0.7541897 -6.653057E-08 -1.69722 0.7575248 -4.119156E-08 -1.69722 0.9237891 -5.994941E-08 7.040697E-09 0.9449825 -9.016013E-08 -1.31024 0.8950068 -1.158988E-06 -0.2967165 0.7575238 -6.414756E-08 6.196657E-09 0.8316973 -7.737935E-08 -1.69722 0.9204639 -0.01912025 7.022957E-09 0.9416573 -0.01912028 -1.69722 1.077031 -0.01912027 8.093346E-09 1.085322 -0.01912029 -1.188651 1.094301 -0.01912028 -1.69722 1.144134 -8.480855E-08 8.49134E-09 1.139685 -1.121263E-07 9.618944E-09 1.291029 -1.292009E-07 -1.69722 1.30117 -1.025252E-07 -0.04401491 1.13815 -1.112317E-07 -1.69722 1.476985 -1.223606E-07 1.099074E-08 1.475149 -1.499732E-07 -1.145828 1.297875 -1.111916E-07 -1.145828 1.448428 -1.281769E-07 9.851717E-09 1.322271 -1.327256E-07 -1.69722 1.650402 -0.01912033 -0.4466238 1.662398 -0.01912035 -0.1054292 1.471938 -0.01912034 -0.02067559 1.620087 -0.01912035 -1.4323 1.473373 -0.01912032 -1.69722 1.505597 -0.01912031 -1.33183 1.657233 -1.486853E-07 -1.69722 1.740905 -1.521359E-07 -0.02580883 1.834997 -1.90148E-07 -1.69722 1.819209 -1.609702E-07 -0.08875563 1.669156 -1.704062E-07 1.36559E-08 1.831916 -0.01912038 -1.69722 1.862774 -0.01912036 -1.69722 2.033119 -0.01912037 -1.053005 2.028868 -0.01912038 1.491396E-08 2.00077 -0.0191204 -1.69722 2.093745 -1.919432E-07 -1.522845 2.035294 -1.88207E-07 -0.09541793 2.025873 -2.105416E-07 -0.02191352 2.211305 -2.326667E-07 -1.69722 2.180217 -2.016988E-07 -0.9424518 2.208248 -2.17233E-07 -1.69722 2.205741 -2.045785E-07 -1.69722 2.376865 -2.238845E-07 1.76651E-08 2.370966 -2.510387E-07 -0.7278404 2.208961 -2.208311E-07 1.678735E-08 2.253156 -2.377476E-07 -1.69722 2.540149 -2.423062E-07 1.911316E-08 2.565321 -2.729658E-07 -0.7876011 2.373703 -2.384377E-07 1.802884E-08 2.419786 -2.565466E-07 -1.69722 2.536824 -0.01912043 -1.69722 2.739369 -0.01912045 -1.292815 2.572148 -0.01912155 -1.488393 2.738191 -0.01912046 -0.1255836 2.562982 -0.01912057 -0.02545061 2.712715 -0.01912048 2.03634E-08 2.733125 -2.918974E-07 -1.69722 2.742694 -2.651572E-07 -1.69722 2.889842 -2.817584E-07 -0.6930779 2.914241 -3.009703E-07 2.135816E-08 2.86664 -3.069604E-07 -1.69722 2.91995 -1.908687E-07 -0.01837448 2.930965 -1.921004E-07 -0.1295818 3.1 -2.110032E-07 -1.69722 3.021135 -2.021839E-07 -1.224031 3.1 -2.110032E-07 6.114043E-11 0.008202309 -0.05135725 -1.69722 0.00820352 -0.05135722 1.496331E-09 0.2008303 -0.05135727 -1.69722 0.1806518 -0.05135725 2.834681E-09 0.3804606 -0.0513573 -1.69722 0.3295013 -0.05135727 -1.69722 0.2107879 -0.05135568 -0.2796974 0.2024713 -0.0513557 2.130021E-09 0.2858828 -0.05135572 -0.7163047 0.3821871 -0.05135572 4.418675E-09 0.5921165 -0.07047751 3.063841E-09 0.4102737 -0.07047749 -1.496075 0.5678363 -0.07047748 -1.66355 0.3835072 -0.07047746 -1.69722 0.567897 -0.05135729 -1.69722 0.7134506 -0.0513573 -0.0313392 0.5949331 -0.05135732 -0.1283861 0.7541897 -0.05135734 -1.69722 0.7575248 -0.05135731 -1.69722 0.9237891 -0.05135733 7.040697E-09 0.9449825 -0.05135736 -1.31024 0.8950068 -0.05135843 -0.2967165 0.7575238 -0.05135733 6.196657E-09 0.8316973 -0.05135735 -1.69722 0.9204639 -0.07047752 7.022957E-09 0.9416573 -0.07047599 -1.69722 1.077031 -0.07047753 8.093346E-09 1.085322 -0.07047756 -1.188651 1.094301 -0.07047754 -1.69722 1.144134 -0.05135735 8.49134E-09 1.139685 -0.05135738 9.618944E-09 1.291029 -0.05135583 -1.69722 1.30117 -0.05135737 -0.04401491 1.13815 -0.05135738 -1.69722 1.30117 -0.05135581 -1.69722 1.476985 -0.05135739 1.099074E-08 1.475149 -0.05135742 -1.145828 1.297875 -0.05135581 -1.145828 1.448428 -0.0513574 9.851717E-09 1.322271 -0.05135584 -1.69722 1.650402 -0.0704776 -0.4466238 1.662398 -0.07047606 -0.1054292 1.471938 -0.07047761 -0.02067559 1.620087 -0.07047763 -1.4323 1.473373 -0.07047759 -1.69722 1.505597 -0.07047758 -1.33183 1.657233 -0.05135742 -1.69722 1.740905 -0.05135585 -0.02580883 1.834997 -0.05135746 -1.69722 1.819209 -0.05135743 -0.08875563 1.669156 -0.05135744 1.36559E-08 1.831916 -0.07047765 -1.69722 1.862774 -0.07047763 -1.69722 2.033119 -0.07047608 -1.053005 2.028868 -0.07047609 1.491396E-08 2.00077 -0.0704761 -1.69722 2.093745 -0.05135746 -1.522845 2.035294 -0.05135589 -0.09541793 2.025873 -0.05135748 -0.02191352 2.211305 -0.0513575 -1.69722 2.180217 -0.05135747 -0.9424518 2.208248 -0.05135592 -1.69722 2.205741 -0.05135747 -1.69722 2.376865 -0.05135749 1.76651E-08 2.370966 -0.05135752 -0.7278404 2.208961 -0.05135593 1.678735E-08 2.253156 -0.05135751 -1.69722 2.540149 -0.05135751 1.911316E-08 2.565321 -0.05135754 -0.7876011 2.373703 -0.05135751 1.802884E-08 2.419786 -0.05135752 -1.69722 2.536824 -0.07047614 -1.69722 2.739369 -0.07047616 -1.292815 2.572148 -0.07047725 -1.488393 2.738191 -0.07047772 -0.1255836 2.562982 -0.07047784 -0.02545061 2.712715 -0.07047775 2.03634E-08 2.733125 -0.05135756 -1.69722 2.742694 -0.05135753 -1.69722 2.889842 -0.05135599 -0.6930779 2.914241 -0.05135757 2.135816E-08 2.86664 -0.05135758 -1.69722 2.91995 -0.05135746 -0.01837448 2.930965 -0.05135746 -0.1295818 3.1 -0.05135591 -1.69722 3.021135 -0.05135747 -1.224031 3.1 -0.05135591 -1.69722 1.30117 -1.025252E-07 -1.69722 2.376865 -2.238845E-07 -1.69722 2.376865 -0.05135749 6.114043E-11 0.008202314 1.552688E-08 6.114043E-11 0.008202309 -0.05135725 1.496331E-09 0.2008303 -0.05135727 1.496331E-09 0.2008303 -6.205307E-09 -1.69722 0.008203526 4.334643E-08 -1.69722 0.00820352 -0.05135722 6.114043E-11 0.008202309 -0.05135725 6.114043E-11 0.008202314 1.552688E-08 -1.69722 0.1806518 2.389092E-08 -1.69722 0.1806518 -0.05135725 -1.69722 0.00820352 -0.05135722 -1.69722 0.008203526 4.334643E-08 1.496331E-09 0.2008303 -6.205307E-09 1.496331E-09 0.2008303 -0.05135727 -1.69722 0.1806518 -0.05135725 -1.69722 0.1806518 2.389092E-08 2.834681E-09 0.3804606 -2.647109E-08 2.834681E-09 0.3804606 -0.0513573 -0.7163047 0.3821871 -0.05135572 -0.7163047 0.3821871 -1.492469E-08 -1.69722 0.2107879 2.049098E-08 -1.69722 0.2107879 -0.05135568 -0.2796974 0.2024713 -0.0513557 -0.2796974 0.2024713 -1.805833E-09 -1.69722 0.3295013 7.097792E-09 -1.69722 0.3295013 -0.05135727 -1.69722 0.2107879 -0.05135568 -1.69722 0.2107879 2.049098E-08 2.130021E-09 0.2858828 -1.580088E-08 2.130021E-09 0.2858828 -0.05135572 2.834681E-09 0.3804606 -0.0513573 2.834681E-09 0.3804606 -2.647109E-08 2.130021E-09 0.2858828 -0.05135572 2.130021E-09 0.2858828 -1.580088E-08 -1.69722 0.3295013 -0.05135727 -1.69722 0.3295013 7.097792E-09 3.063841E-09 0.4102737 -0.01912022 3.063841E-09 0.4102737 -0.07047749 4.418675E-09 0.5921165 -0.07047751 4.418675E-09 0.5921165 -0.01912024 4.418675E-09 0.5921165 -0.01912024 4.418675E-09 0.5921165 -0.07047751 -1.496075 0.5678363 -0.07047748 -1.496075 0.5678363 -0.01912021 -1.66355 0.3835072 -0.01912019 -1.66355 0.3835072 -0.07047746 3.063841E-09 0.4102737 -0.07047749 3.063841E-09 0.4102737 -0.01912022 -1.496075 0.5678363 -0.01912021 -1.496075 0.5678363 -0.07047748 -1.66355 0.3835072 -0.07047746 -1.66355 0.3835072 -0.01912019 -1.69722 0.567897 -1.979787E-08 -1.69722 0.567897 -0.05135729 -0.0313392 0.5949331 -0.05135732 -0.0313392 0.5949331 -5.015405E-08 -1.69722 0.7134506 -3.621913E-08 -1.69722 0.7134506 -0.0513573 -1.69722 0.567897 -0.05135729 -1.69722 0.567897 -1.979787E-08 -0.1283861 0.7541897 -6.653057E-08 -0.1283861 0.7541897 -0.05135734 -1.69722 0.7134506 -0.0513573 -1.69722 0.7134506 -3.621913E-08 -0.0313392 0.5949331 -5.015405E-08 -0.0313392 0.5949331 -0.05135732 -0.1283861 0.7541897 -0.05135734 -0.1283861 0.7541897 -6.653057E-08 -1.69722 0.9237891 -5.994941E-08 -1.69722 0.9237891 -0.05135733 -1.69722 0.7575248 -0.05135731 -1.69722 0.7575248 -4.119156E-08 7.040697E-09 0.9449825 -9.016013E-08 7.040697E-09 0.9449825 -0.05135736 -1.31024 0.8950068 -0.05135843 -1.31024 0.8950068 -1.158988E-06 -1.69722 0.9237891 -0.05135733 -1.69722 0.9237891 -5.994941E-08 -1.69722 0.7575248 -4.119156E-08 -1.69722 0.7575248 -0.05135731 -0.2967165 0.7575238 -0.05135733 -0.2967165 0.7575238 -6.414756E-08 6.196657E-09 0.8316973 -7.737935E-08 6.196657E-09 0.8316973 -0.05135735 7.040697E-09 0.9449825 -0.05135736 7.040697E-09 0.9449825 -9.016013E-08 6.196657E-09 0.8316973 -0.05135735 6.196657E-09 0.8316973 -7.737935E-08 7.022957E-09 0.9416573 -0.01912028 7.022957E-09 0.9416573 -0.07047599 8.093346E-09 1.085322 -0.07047756 8.093346E-09 1.085322 -0.01912029 -1.69722 1.077031 -0.01912027 -1.69722 1.077031 -0.07047753 -1.69722 0.9204639 -0.07047752 -1.69722 0.9204639 -0.01912025 -1.69722 0.9204639 -0.01912025 -1.69722 0.9204639 -0.07047752 7.022957E-09 0.9416573 -0.07047599 7.022957E-09 0.9416573 -0.01912028 -1.188651 1.094301 -0.01912028 -1.188651 1.094301 -0.07047754 -1.69722 1.077031 -0.07047753 -1.69722 1.077031 -0.01912027 8.093346E-09 1.085322 -0.01912029 8.093346E-09 1.085322 -0.07047756 8.49134E-09 1.139685 -1.121263E-07 8.49134E-09 1.139685 -0.05135738 9.618944E-09 1.291029 -0.05135583 9.618944E-09 1.291029 -1.292009E-07 9.618944E-09 1.291029 -1.292009E-07 9.618944E-09 1.291029 -0.05135583 -1.69722 1.30117 -0.05135737 -1.69722 1.30117 -1.025252E-07 -1.69722 1.30117 -1.025252E-07 -1.69722 1.30117 -0.05135737 -1.69722 1.144134 -0.05135735 -1.69722 1.144134 -8.480855E-08 -0.04401491 1.13815 -1.112317E-07 -0.04401491 1.13815 -0.05135738 8.49134E-09 1.139685 -0.05135738 8.49134E-09 1.139685 -1.121263E-07 -1.69722 1.144134 -8.480855E-08 -1.69722 1.144134 -0.05135735 -0.04401491 1.13815 -0.05135738 -0.04401491 1.13815 -1.112317E-07 -1.69722 1.476985 -1.223606E-07 -1.69722 1.476985 -0.05135739 -1.69722 1.30117 -0.05135581 -1.69722 1.30117 -1.025252E-07 -1.69722 1.30117 -1.025252E-07 -1.69722 1.30117 -0.05135581 -1.145828 1.297875 -0.05135581 -1.145828 1.297875 -1.111916E-07 -1.145828 1.448428 -1.281769E-07 -1.145828 1.448428 -0.0513574 -1.69722 1.476985 -0.05135739 -1.69722 1.476985 -1.223606E-07 1.099074E-08 1.475149 -1.499732E-07 1.099074E-08 1.475149 -0.05135742 9.851717E-09 1.322271 -1.327256E-07 9.851717E-09 1.322271 -0.05135584 1.099074E-08 1.475149 -0.05135742 1.099074E-08 1.475149 -1.499732E-07 9.851717E-09 1.322271 -0.05135584 9.851717E-09 1.322271 -1.327256E-07 -1.69722 1.650402 -0.01912033 -1.69722 1.650402 -0.0704776 -1.69722 1.505597 -0.07047758 -1.69722 1.505597 -0.01912031 -0.4466238 1.662398 -0.01912035 -0.4466238 1.662398 -0.07047606 -1.69722 1.650402 -0.0704776 -1.69722 1.650402 -0.01912033 -0.02067559 1.620087 -0.01912035 -0.02067559 1.620087 -0.07047763 -0.1054292 1.471938 -0.01912034 -0.1054292 1.471938 -0.07047761 -0.02067559 1.620087 -0.07047763 -0.02067559 1.620087 -0.01912035 -1.4323 1.473373 -0.01912032 -1.4323 1.473373 -0.07047759 -0.1054292 1.471938 -0.07047761 -0.1054292 1.471938 -0.01912034 -1.69722 1.505597 -0.01912031 -1.69722 1.505597 -0.07047758 -1.69722 1.740905 -1.521359E-07 -1.69722 1.740905 -0.05135585 -1.33183 1.657233 -0.05135742 -1.33183 1.657233 -1.486853E-07 -0.08875563 1.669156 -0.05135744 -0.08875563 1.669156 -1.704062E-07 -1.69722 1.819209 -1.609702E-07 -1.69722 1.819209 -0.05135743 -1.69722 1.740905 -0.05135585 -1.69722 1.740905 -1.521359E-07 -0.02580883 1.834997 -1.90148E-07 -0.02580883 1.834997 -0.05135746 -1.69722 1.819209 -0.05135743 -1.69722 1.819209 -1.609702E-07 -0.08875563 1.669156 -1.704062E-07 -0.08875563 1.669156 -0.05135744 -0.02580883 1.834997 -0.05135746 -0.02580883 1.834997 -1.90148E-07 1.36559E-08 1.831916 -0.01912038 1.36559E-08 1.831916 -0.07047765 1.491396E-08 2.00077 -0.0704761 1.491396E-08 2.00077 -0.0191204 -1.69722 1.862774 -0.01912036 -1.69722 1.862774 -0.07047763 1.36559E-08 1.831916 -0.07047765 1.36559E-08 1.831916 -0.01912038 -1.69722 2.033119 -0.01912037 -1.69722 2.033119 -0.07047608 -1.69722 1.862774 -0.07047763 -1.69722 1.862774 -0.01912036 -1.053005 2.028868 -0.01912038 -1.053005 2.028868 -0.07047609 -1.69722 2.033119 -0.07047608 -1.69722 2.033119 -0.01912037 1.491396E-08 2.00077 -0.0191204 1.491396E-08 2.00077 -0.0704761 -1.69722 2.093745 -1.919432E-07 -1.69722 2.093745 -0.05135746 -1.522845 2.035294 -0.05135589 -1.522845 2.035294 -1.88207E-07 -1.522845 2.035294 -1.88207E-07 -1.522845 2.035294 -0.05135589 -0.09541793 2.025873 -0.05135748 -0.09541793 2.025873 -2.105416E-07 -0.09541793 2.025873 -2.105416E-07 -0.09541793 2.025873 -0.05135748 -0.02191352 2.211305 -0.0513575 -0.02191352 2.211305 -2.326667E-07 -1.69722 2.180217 -2.016988E-07 -1.69722 2.180217 -0.05135747 -1.69722 2.093745 -0.05135746 -1.69722 2.093745 -1.919432E-07 -0.02191352 2.211305 -2.326667E-07 -0.02191352 2.211305 -0.0513575 -0.9424518 2.208248 -0.05135592 -0.9424518 2.208248 -2.17233E-07 -1.69722 2.180217 -0.05135747 -1.69722 2.180217 -2.016988E-07 -1.69722 2.205741 -2.045785E-07 -1.69722 2.205741 -0.05135747 -0.7278404 2.208961 -0.05135593 -0.7278404 2.208961 -2.208311E-07 -1.69722 2.376865 -2.238845E-07 -1.69722 2.376865 -0.05135749 -1.69722 2.205741 -0.05135747 -1.69722 2.205741 -2.045785E-07 1.76651E-08 2.370966 -2.510387E-07 1.76651E-08 2.370966 -0.05135752 -1.69722 2.376865 -0.05135749 -1.69722 2.376865 -2.238845E-07 1.678735E-08 2.253156 -2.377476E-07 1.678735E-08 2.253156 -0.05135751 1.76651E-08 2.370966 -0.05135752 1.76651E-08 2.370966 -2.510387E-07 1.678735E-08 2.253156 -0.05135751 1.678735E-08 2.253156 -2.377476E-07 -1.69722 2.376865 -2.238845E-07 -1.69722 2.376865 -0.05135749 -0.7876011 2.373703 -0.05135751 -0.7876011 2.373703 -2.384377E-07 -1.69722 2.540149 -2.423062E-07 -1.69722 2.540149 -0.05135751 -1.69722 2.376865 -0.05135749 -1.69722 2.376865 -2.238845E-07 1.911316E-08 2.565321 -2.729658E-07 1.911316E-08 2.565321 -0.05135754 -1.69722 2.540149 -0.05135751 -1.69722 2.540149 -2.423062E-07 1.802884E-08 2.419786 -2.565466E-07 1.802884E-08 2.419786 -0.05135752 1.911316E-08 2.565321 -0.05135754 1.911316E-08 2.565321 -2.729658E-07 1.802884E-08 2.419786 -0.05135752 1.802884E-08 2.419786 -2.565466E-07 -1.488393 2.738191 -0.01912046 -1.488393 2.738191 -0.07047772 -1.69722 2.739369 -0.07047616 -1.69722 2.739369 -0.01912045 -1.69722 2.739369 -0.01912045 -1.69722 2.739369 -0.07047616 -1.69722 2.536824 -0.07047614 -1.69722 2.536824 -0.01912043 -1.292815 2.572148 -0.01912155 -1.292815 2.572148 -0.07047725 -0.1255836 2.562982 -0.07047784 -0.1255836 2.562982 -0.01912057 -1.69722 2.536824 -0.01912043 -1.69722 2.536824 -0.07047614 -0.02545061 2.712715 -0.01912048 -0.02545061 2.712715 -0.07047775 -0.1255836 2.562982 -0.01912057 -0.1255836 2.562982 -0.07047784 -0.02545061 2.712715 -0.07047775 -0.02545061 2.712715 -0.01912048 -1.69722 2.742694 -2.651572E-07 -1.69722 2.742694 -0.05135753 2.03634E-08 2.733125 -0.05135756 2.03634E-08 2.733125 -2.918974E-07 2.03634E-08 2.733125 -2.918974E-07 2.03634E-08 2.733125 -0.05135756 2.135816E-08 2.86664 -0.05135758 2.135816E-08 2.86664 -3.069604E-07 -1.69722 2.889842 -2.817584E-07 -1.69722 2.889842 -0.05135599 -1.69722 2.742694 -0.05135753 -1.69722 2.742694 -2.651572E-07 -0.6930779 2.914241 -3.009703E-07 -0.6930779 2.914241 -0.05135757 -1.69722 2.889842 -0.05135599 -1.69722 2.889842 -2.817584E-07 2.135816E-08 2.86664 -3.069604E-07 2.135816E-08 2.86664 -0.05135758 -1.69722 2.91995 -1.908687E-07 -1.69722 2.91995 -0.05135746 -0.01837448 2.930965 -0.05135746 -0.01837448 2.930965 -1.921004E-07 -0.1295818 3.1 -2.110032E-07 -0.1295818 3.1 -0.05135591 -1.224031 3.1 -0.05135591 -1.224031 3.1 -2.110032E-07 -0.01837448 2.930965 -1.921004E-07 -0.01837448 2.930965 -0.05135746 -0.1295818 3.1 -0.05135591 -0.1295818 3.1 -2.110032E-07 -1.69722 3.021135 -2.021839E-07 -1.69722 3.021135 -0.05135747 -1.69722 2.91995 -0.05135746 -1.69722 2.91995 -1.908687E-07 -1.69722 3.021135 -0.05135747 -1.69722 3.021135 -2.021839E-07  
			<Colors>: 0  
			<TextureCoords0>: 492 0.3076172 0.4311523 0.3076172 0.5839844 0.3249269 0.4311523 0.3231136 0.5839844 0.3410687 0.4311523 0.3364893 0.5839844 0.3258216 0.5839844 0.3250744 0.4563386 0.3325698 0.4311523 0.3412238 0.4956545 0.3603871 0.4311523 0.3440466 0.4311523 0.3582052 0.5658715 0.3416412 0.5809525 0.3579119 0.5839844 0.3709915 0.5839844 0.3603414 0.4339744 0.3746524 0.4427133 0.374952 0.5839844 0.3898927 0.5839844 0.3917973 0.4311523 0.3873063 0.5491375 0.374952 0.4578712 0.3816174 0.4311523 0.3898927 0.5839844 0.3917973 0.4311523 0.403962 0.5839844 0.4047072 0.4311523 0.4055139 0.5381886 0.4096931 0.5839844 0.4092934 0.4311523 0.4228934 0.4311523 0.4238046 0.5839844 0.4091555 0.4351158 0.4396035 0.5839844 0.4394386 0.4311523 0.4235085 0.5343324 0.4370373 0.5343324 0.4257009 0.4311523 0.4554858 0.5839844 0.4565638 0.4713701 0.4394489 0.4406461 0.4527618 0.4330141 0.4395777 0.5601288 0.4424734 0.5839844 0.4558008 0.5510816 0.4633196 0.5839844 0.4717751 0.4334764 0.4703561 0.5839844 0.4568723 0.4391447 0.4717969 0.4311523 0.4745697 0.5839844 0.4898772 0.5839844 0.4894952 0.5259739 0.4869703 0.4311523 0.4950262 0.5839844 0.4897738 0.5682821 0.4889274 0.4397446 0.5055904 0.4331257 0.5027967 0.5839844 0.5053157 0.5160187 0.5050904 0.5839844 0.5204677 0.5839844 0.5199378 0.4311523 0.5053797 0.4966933 0.5093513 0.4311523 0.5351406 0.5839844 0.5374027 0.4311523 0.5201837 0.5020746 0.5243248 0.4311523 0.5351406 0.5839844 0.5533415 0.5839844 0.5383149 0.5475683 0.5532358 0.5651798 0.5374914 0.442461 0.5509465 0.4334441 0.5524818 0.4311523 0.5533415 0.5839844 0.5665644 0.5839844 0.5687571 0.4935629 0.5644796 0.4311523 0.5692697 0.5839844 0.5702596 0.4328069 0.5854492 0.442821 0.5783623 0.5839844 0.5854492 0.5413744 0.3076172 0.4311523 0.3076172 0.5839844 0.3249269 0.4311523 0.3231136 0.5839844 0.3410687 0.4311523 0.3364893 0.5839844 0.3258216 0.5839844 0.3250744 0.4563386 0.3325698 0.4311523 0.3412238 0.4956545 0.3603871 0.4311523 0.3440466 0.4311523 0.3582052 0.5658715 0.3416412 0.5809525 0.3579119 0.5839844 0.3709915 0.5839844 0.3603414 0.4339744 0.3746524 0.4427133 0.374952 0.5839844 0.3898927 0.5839844 0.3917973 0.4311523 0.3873063 0.5491375 0.374952 0.4578712 0.3816174 0.4311523 0.3898927 0.5839844 0.3917973 0.4311523 0.403962 0.5839844 0.4047072 0.4311523 0.4055139 0.5381886 0.4096931 0.5839844 0.4092934 0.4311523 0.4228934 0.4311523 0.4238046 0.5839844 0.4091555 0.4351158 0.4238046 0.5839844 0.4396035 0.5839844 0.4394386 0.4311523 0.4235085 0.5343324 0.4370373 0.5343324 0.4257009 0.4311523 0.4554858 0.5839844 0.4565638 0.4713701 0.4394489 0.4406461 0.4527618 0.4330141 0.4395777 0.5601288 0.4424734 0.5839844 0.4558008 0.5510816 0.4633196 0.5839844 0.4717751 0.4334764 0.4703561 0.5839844 0.4568723 0.4391447 0.4717969 0.4311523 0.4745697 0.5839844 0.4898772 0.5839844 0.4894952 0.5259739 0.4869703 0.4311523 0.4950262 0.5839844 0.4897738 0.5682821 0.4889274 0.4397446 0.5055904 0.4331257 0.5027967 0.5839844 0.5053157 0.5160187 0.5050904 0.5839844 0.5204677 0.5839844 0.5199378 0.4311523 0.5053797 0.4966933 0.5093513 0.4311523 0.5351406 0.5839844 0.5374027 0.4311523 0.5201837 0.5020746 0.5243248 0.4311523 0.5351406 0.5839844 0.5533415 0.5839844 0.5383149 0.5475683 0.5532358 0.5651798 0.5374914 0.442461 0.5509465 0.4334441 0.5524818 0.4311523 0.5533415 0.5839844 0.5665644 0.5839844 0.5687571 0.4935629 0.5644796 0.4311523 0.5692697 0.5839844 0.5702596 0.4328069 0.5854492 0.442821 0.5783623 0.5839844 0.5854492 0.5413744 0.4238046 0.5839844 0.5204677 0.5839844 0.5204677 0.5839844 0.01171875 0.5395508 0.01171875 0.5439453 0.02832031 0.5439453 0.02832031 0.5395508 0.2695313 0.4609375 0.2695313 0.4716797 0.02880859 0.4755859 0.02880859 0.4648438 0.02636719 0.5395508 0.02636719 0.5439453 0.01171875 0.5439453 0.01171875 0.5395508 0.02880859 0.4755859 0.02880859 0.4648438 0.2695313 0.4609375 0.2695313 0.4716797 0.2695313 0.4609375 0.2695313 0.4716797 0.1679688 0.4736328 0.1679688 0.4628906 0.2695313 0.4609375 0.2695313 0.4716797 0.06835938 0.4750977 0.06835938 0.4643555 0.0390625 0.5395508 0.0390625 0.5444336 0.02880859 0.5439453 0.02880859 0.5395508 0.03515625 0.5395508 0.03515625 0.5444336 0.04345703 0.5439453 0.04345703 0.5390625 0.02880859 0.4755859 0.02880859 0.4648438 0.02880859 0.4755859 0.02880859 0.4648438 0.04541016 0.5405273 0.04541016 0.5449219 0.06103516 0.5463867 0.06103516 0.5419922 0.2695313 0.4609375 0.2695313 0.4716797 0.05761719 0.4750977 0.05761719 0.4643555 0.2695313 0.4609375 0.2695313 0.4716797 0.03320313 0.4755859 0.03320313 0.4648438 0.2436523 0.472168 0.2436523 0.4614258 0.2695313 0.4609375 0.2695313 0.4716797 0.2695313 0.4609375 0.2695313 0.4716797 0.03320313 0.4755859 0.03320313 0.4648438 0.06982422 0.5400391 0.06982422 0.5444336 0.05859375 0.5444336 0.05859375 0.5400391 0.2695313 0.4609375 0.2695313 0.4716797 0.04736328 0.4755859 0.04736328 0.4648438 0.06103516 0.5400391 0.06103516 0.5444336 0.07470703 0.5444336 0.07470703 0.5400391 0.08935547 0.5395508 0.08935547 0.5439453 0.07470703 0.5444336 0.07470703 0.5400391 0.02880859 0.4755859 0.02880859 0.4648438 0.2148438 0.4619141 0.2148438 0.4726563 0.2695313 0.4609375 0.2695313 0.4716797 0.2695313 0.4609375 0.2695313 0.4716797 0.07080078 0.4750977 0.07080078 0.4643555 0.08056641 0.5395508 0.08056641 0.5439453 0.09033203 0.5439453 0.09033203 0.5395508 0.02880859 0.4755859 0.02880859 0.4648438 0.08984375 0.5410156 0.08984375 0.5458984 0.1025391 0.5458984 0.1025391 0.5424805 0.1020508 0.5424805 0.1020508 0.5458984 0.08837891 0.5458984 0.08837891 0.5410156 0.2695313 0.4609375 0.2695313 0.4716797 0.02880859 0.4755859 0.02880859 0.4648438 0.1005859 0.4638672 0.1005859 0.4746094 0.02880859 0.4755859 0.02880859 0.4648438 0.2695313 0.4609375 0.2695313 0.4716797 0.1069336 0.5405273 0.1069336 0.5454102 0.1201172 0.5454102 0.1201172 0.5405273 0.2695313 0.4609375 0.2695313 0.4716797 0.02880859 0.4755859 0.02880859 0.4648438 0.1206055 0.5424805 0.1206055 0.5458984 0.1069336 0.5454102 0.1069336 0.5405273 0.1069336 0.5405273 0.1069336 0.5454102 0.1069336 0.5454102 0.1069336 0.5405273 0.02880859 0.4755859 0.02880859 0.4648438 0.2631836 0.4614258 0.2631836 0.472168 0.1347656 0.5415039 0.1347656 0.5454102 0.1206055 0.5458984 0.1206055 0.5424805 0.02880859 0.4755859 0.02880859 0.4648438 0.1069336 0.4638672 0.1069336 0.4746094 0.1069336 0.4638672 0.1069336 0.4746094 0.02880859 0.4755859 0.02880859 0.4648438 0.2695313 0.4609375 0.2695313 0.4716797 0.1220703 0.5415039 0.1220703 0.5454102 0.1347656 0.5454102 0.1347656 0.5415039 0.2695313 0.4609375 0.2695313 0.4716797 0.1499023 0.5429688 0.1494141 0.5478516 0.1367188 0.5473633 0.137207 0.5429688 0.2089844 0.4619141 0.2089844 0.4726563 0.03173828 0.4755859 0.03173828 0.4648438 0.2695313 0.4609375 0.2695313 0.4716797 0.1347656 0.5429688 0.1347656 0.5473633 0.1459961 0.5473633 0.1469727 0.5424805 0.2319336 0.4619141 0.2319336 0.4726563 0.04394531 0.4755859 0.04394531 0.4648438 0.2695313 0.4609375 0.2695313 0.4716797 0.2695313 0.4609375 0.2695313 0.4716797 0.2177734 0.4726563 0.2177734 0.4619141 0.04150391 0.4755859 0.04150391 0.4648438 0.1645508 0.5419922 0.1645508 0.5458984 0.1582031 0.5458984 0.1582031 0.5424805 0.2695313 0.4609375 0.2695313 0.4716797 0.03222656 0.4755859 0.03222656 0.4648438 0.1513672 0.5424805 0.1513672 0.5458984 0.1650391 0.5458984 0.1650391 0.5419922 0.1650391 0.5429688 0.1645508 0.5473633 0.1787109 0.5473633 0.1796875 0.543457 0.2695313 0.4609375 0.2695313 0.4716797 0.02880859 0.4755859 0.02880859 0.4648438 0.1821289 0.543457 0.1816406 0.5473633 0.1669922 0.546875 0.1674805 0.5429688 0.1201172 0.4633789 0.1201172 0.4741211 0.02880859 0.4755859 0.02880859 0.4648438 0.2695313 0.4609375 0.2695313 0.4716797 0.1875 0.5419922 0.1875 0.5458984 0.1821289 0.5458984 0.1821289 0.5419922 0.2446289 0.4614258 0.2446289 0.472168 0.04248047 0.4755859 0.04248047 0.4648438 0.1816406 0.5419922 0.1816406 0.5458984 0.1967773 0.546875 0.1967773 0.5429688 0.1938477 0.5429688 0.1938477 0.546875 0.1875 0.5458984 0.1875 0.5419922 0.2695313 0.4609375 0.2695313 0.4716797 0.1386719 0.4741211 0.1386719 0.4633789 0.03222656 0.4755859 0.03222656 0.4648438 0.02880859 0.4755859 0.02880859 0.4648438 0.1665039 0.4628906 0.1665039 0.4736328 0.2109375 0.5424805 0.2109375 0.5458984 0.1967773 0.546875 0.1967773 0.5429688 0.2524414 0.4614258 0.2524414 0.472168 0.01220703 0.4760742 0.01220703 0.465332 0.2001953 0.5429688 0.2001953 0.546875 0.2099609 0.5458984 0.2099609 0.5424805 0.2695313 0.4609375 0.2695313 0.4716797 0.2695313 0.4609375 0.2695313 0.4716797 0.140625 0.4741211 0.140625 0.4633789 0.2246094 0.5424805 0.2236328 0.546875 0.2109375 0.5458984 0.2109375 0.5424805 0.2695313 0.4609375 0.2695313 0.4716797 0.02880859 0.4755859 0.02880859 0.4648438 0.2143555 0.5424805 0.2143555 0.5458984 0.2265625 0.5454102 0.2265625 0.5419922 0.02880859 0.4755859 0.02880859 0.4648438 0.2397461 0.472168 0.2397461 0.4614258 0.2695313 0.4609375 0.2695313 0.4716797 0.2412109 0.5444336 0.2407227 0.5488281 0.2236328 0.5488281 0.2246094 0.5429688 0.2119141 0.4619141 0.2119141 0.4726563 0.046875 0.4755859 0.046875 0.4648438 0.2695313 0.4609375 0.2695313 0.4716797 0.03222656 0.4755859 0.03222656 0.4648438 0.2260742 0.5429688 0.2255859 0.5473633 0.237793 0.5488281 0.2382813 0.5444336 0.2695313 0.4609375 0.2695313 0.4716797 0.02880859 0.4755859 0.02880859 0.4648438 0.2407227 0.5424805 0.2407227 0.546875 0.2504883 0.546875 0.2509766 0.5424805 0.253418 0.5424805 0.2529297 0.546875 0.2412109 0.546875 0.2412109 0.5424805 0.1523438 0.4628906 0.1523438 0.4736328 0.01025391 0.4760742 0.01025391 0.465332 0.2504883 0.4614258 0.2504883 0.472168 0.03173828 0.4755859 0.03173828 0.4648438 0.2695313 0.4609375 0.2695313 0.4716797 0.04736328 0.4755859 0.04736328 0.4648438 0.2026367 0.4624023 0.2026367 0.4731445 0.2573242 0.5424805 0.2568359 0.546875 0.2719727 0.546875 0.2719727 0.5424805 0.2646484 0.5439453 0.2641602 0.5473633 0.2563477 0.546875 0.2568359 0.5424805 0.2695313 0.4609375 0.2695313 0.4716797  
			<TextureCoords1>: 492 0.3707704 0.2951176 0.00390625 0.2951173 0.3707702 0.2534798 0.003906307 0.2578416 0.3707427 0.4621303 0.00390625 0.4740297 0.003968098 0.4996902 0.3103774 0.5007493 0.3707919 0.4825738 0.2159088 0.4621303 0.734982 0.1956576 0.7343497 0.2349589 0.4115542 0.1957027 0.3747169 0.2349589 0.3747169 0.1380776 0.3752274 0.1066195 0.7348542 0.1380776 0.7144383 0.1033174 0.00390625 0.818528 0.004354991 0.7825918 0.3712476 0.7825918 0.08791877 0.7898572 0.3066097 0.8223081 0.3709419 0.8070771 0.3751539 0.8223081 0.7420465 0.8223081 0.3755765 0.7884679 0.7424343 0.7912564 0.4855445 0.7861078 0.0040291 0.7064579 0.3708943 0.7060918 0.3707759 0.673378 0.00390625 0.6725138 0.3613815 0.7064579 0.00390625 0.5346705 0.3707705 0.5346705 0.1231346 0.5732572 0.1230994 0.5407143 0.3708062 0.5677159 0.3747169 0.5925534 0.6450377 0.5896679 0.7188334 0.6307573 0.7371187 0.5987141 0.4320222 0.6307573 0.3747508 0.623854 0.4535237 0.4432197 0.3747169 0.4243882 0.7361783 0.407463 0.3748768 0.407463 0.722234 0.4431804 0.3715003 0.9510608 0.004575611 0.9510608 0.00390625 0.9142457 0.1431507 0.9126331 0.3708368 0.9145681 0.3747169 0.5549328 0.412367 0.5676924 0.7209052 0.5707535 0.7369267 0.5307243 0.374779 0.5362415 0.5379458 0.5307243 0.00390625 0.2495736 0.003906256 0.2125843 0.3707704 0.2138593 0.2134434 0.2488777 0.3707704 0.2393245 0.3757637 0.8698369 0.7426681 0.8698369 0.571828 0.9087269 0.7422016 0.9012915 0.3747171 0.3408616 0.3747169 0.2970801 0.4621318 0.3332257 0.4198563 0.2973344 0.7144355 0.3352071 0.7360798 0.3028415 0.3709554 0.7486681 0.004085566 0.7486681 0.00390625 0.7168616 0.2209243 0.7103641 0.3707927 0.7198086 0.00390625 0.1106218 0.3668064 0.1106218 0.3430085 0.07392693 0.004049744 0.08875054 0.106442 0.07237482 0.003906502 0.3406615 0.3707704 0.3406612 0.00390625 0.2990238 0.3707704 0.3033855 0.003955515 0.419605 0.3707919 0.4315044 0.3707301 0.4571649 0.06432084 0.4582241 0.00390625 0.4400485 0.1587894 0.419605 0.3747169 0.2388652 0.3753547 0.2781664 0.6981446 0.2388652 0.7349876 0.2781163 0.7348543 0.1767439 0.7343438 0.1452858 0.3747169 0.1767439 0.3951329 0.1419838 0.3712483 0.8621507 0.3707996 0.8262143 0.00390625 0.8262143 0.2872344 0.8334799 0.06854405 0.8659306 0.004212001 0.8506996 0.742435 0.8659306 0.3755423 0.8659306 0.7420124 0.8320904 0.3751545 0.8348789 0.6320443 0.8297303 0.3707713 0.6686076 0.00390625 0.6682415 0.004024653 0.6355277 0.3708942 0.6346636 0.01341905 0.6686076 0.3707651 0.6151669 0.3708063 0.5771635 0.003941973 0.5771635 0.251578 0.6157499 0.2516132 0.583207 0.00390625 0.6102088 0.366308 0.0152564 0.09598731 0.012371 0.02219158 0.05346036 0.00390625 0.0214172 0.3090028 0.05346036 0.3662741 0.04655707 0.6573715 0.4828826 0.7361783 0.4640511 0.3747169 0.447126 0.7360184 0.447126 0.3886613 0.4828433 0.3754066 0.9510608 0.7423313 0.9510608 0.7430006 0.9142457 0.6037561 0.9126331 0.3760701 0.9145681 0.7369267 0.5109973 0.6992766 0.523757 0.3907384 0.526818 0.3747169 0.4867889 0.7368646 0.4923061 0.5736978 0.4867889 0.3707703 0.208678 0.3707703 0.1716887 0.003906254 0.1729637 0.1612333 0.2079821 0.00390625 0.1984289 0.3708107 0.8698369 0.00390625 0.8698369 0.1747464 0.9087269 0.004372769 0.9012915 0.7360798 0.3885491 0.7360798 0.3447678 0.6486654 0.3809136 0.6909407 0.3450223 0.3963613 0.3828948 0.3747169 0.3505291 0.3748617 0.7486681 0.7417316 0.7486681 0.7419109 0.7168616 0.5248929 0.7103641 0.3750244 0.7198086 0.3668064 0.152775 0.00390625 0.152775 0.02770414 0.1160801 0.3666629 0.1309038 0.2642707 0.1145281 0.003947362 0.572674 0.3752403 0.9051278 0.371334 0.9051278 0.9103279 0.9849926 0.9103279 0.9960938 0.9519656 0.9960938 0.9519656 0.9849926 0.003906436 0.3445677 0.00390625 0.3556689 0.3707704 0.3556689 0.3707706 0.3445677 0.875892 0.9699817 0.8758921 0.9810829 0.9131678 0.9810829 0.9131678 0.9699817 0.00390625 0.5046556 0.003906362 0.5157568 0.3707963 0.5157568 0.3707962 0.5046556 0.3710765 0.7786832 0.3710764 0.7675821 0.2162425 0.7675821 0.2162426 0.7786829 0.00390625 0.9699821 0.00390625 0.9810829 0.3103174 0.981079 0.3103174 0.9699782 0.8898966 0.9399596 0.8898966 0.9510608 0.9155571 0.9510604 0.9155571 0.9399596 0.9478569 0.9399596 0.9478569 0.9510604 0.9683005 0.9510608 0.9683005 0.9399596 0.3734068 0.981079 0.3734068 0.9699782 0.00390625 0.7675843 0.003906484 0.7786855 0.7485205 0.9699817 0.7485205 0.9810829 0.7878269 0.9810829 0.7878269 0.9699817 0.764069 0.9960938 0.7640689 0.9849926 0.440641 0.9849923 0.4406411 0.9960935 0.3747171 0.08831 0.3747169 0.09941119 0.7343498 0.09941119 0.73435 0.08831 0.4406411 0.9960935 0.440641 0.9849923 0.3868077 0.9849926 0.3868078 0.9960938 0.3747171 0.1806502 0.3747169 0.1917514 0.7348543 0.1917514 0.7348545 0.1806502 0.7838585 0.9249521 0.7838585 0.9360533 0.8153208 0.9360533 0.8153208 0.9249521 0.3747169 0.0132665 0.3747171 0.02436763 0.713944 0.02436763 0.7139438 0.01326644 0.9558718 0.9849926 0.9558718 0.9960938 0.9961841 0.9960938 0.9961841 0.9849926 0.8289699 0.9549708 0.8289699 0.966072 0.8649089 0.9660719 0.8649089 0.9549708 0.3773132 0.9699817 0.3773131 0.9810829 0.6607352 0.9810821 0.6607352 0.9699809 0.7446142 0.9810829 0.7446142 0.9699817 0.00390625 0.9549708 0.00390625 0.966072 0.3066334 0.9660682 0.3066334 0.954967 0.9194634 0.9399596 0.9194634 0.9510608 0.9439507 0.9510608 0.9439507 0.9399596 0.372744 0.9660681 0.372744 0.954967 0.8549362 0.9399596 0.8549362 0.9510604 0.8859903 0.9510608 0.8859903 0.9399596 0.9458668 0.9549708 0.9458668 0.966072 0.9797096 0.966072 0.9797096 0.9549708 0.00390625 0.5196631 0.003906362 0.5307642 0.3707989 0.5307639 0.3707991 0.5196631 0.6317418 0.6803495 0.6317419 0.6914506 0.7417353 0.6914504 0.7417352 0.6803492 0.3748005 0.6803492 0.3748006 0.6914504 0.7469069 0.9249521 0.7469069 0.9360533 0.7796209 0.936053 0.7796209 0.9249521 0.003906436 0.38959 0.00390625 0.4006909 0.370777 0.4006912 0.3707769 0.38959 0.9080163 0.9549708 0.9080163 0.966072 0.9419605 0.966072 0.9419605 0.9549708 0.3612588 0.4045975 0.3612587 0.4156986 0.3707785 0.4156988 0.3707787 0.4045976 0.003906425 0.4045976 0.00390625 0.4156988 0.3612587 0.4156986 0.3612588 0.4045975 0.8339822 0.9699817 0.8339823 0.9810829 0.8719858 0.9810829 0.8719857 0.9699817 0.3748005 0.6424987 0.3748005 0.6536 0.4939891 0.6536002 0.4939891 0.6424993 0.6227124 0.7525746 0.6227125 0.7636758 0.7420587 0.7636756 0.7420586 0.7525744 0.3749676 0.7525744 0.3749677 0.7636756 0.7469069 0.9399596 0.7469069 0.9510604 0.7799523 0.9510608 0.7799523 0.9399596 0.7417228 0.6535996 0.7417229 0.6424987 0.8195718 0.9249521 0.8195718 0.9360533 0.8508725 0.9360533 0.8508724 0.9249521 0.09643061 0.05736774 0.09643054 0.06846857 0.3667668 0.0684678 0.3667667 0.05736661 0.003906319 0.05736661 0.00390625 0.0684678 0.9579697 0.9699817 0.9579697 0.9810829 0.994863 0.9810829 0.994863 0.9699817 0.432403 0.04328263 0.4324029 0.05438381 0.7192141 0.05438328 0.7192143 0.04328209 0.3747171 0.04328209 0.3747169 0.05438322 0.3747171 0.07330132 0.3747169 0.08440214 0.4557424 0.08440375 0.4557426 0.07330257 0.7244528 0.08440375 0.7244529 0.07330257 0.9722067 0.9399596 0.9722068 0.9510608 0.9891326 0.9510604 0.9891326 0.9399596 0.3747169 0.2820727 0.3747171 0.2931738 0.7360185 0.2931738 0.7360184 0.2820727 0.7917331 0.9699817 0.7917331 0.9810829 0.830076 0.9810829 0.830076 0.9699817 0.7885649 0.9549708 0.7885649 0.966072 0.8250636 0.9660716 0.8250636 0.9549708 0.3748007 0.6575064 0.3748005 0.6686076 0.7417253 0.6686076 0.7417254 0.6575064 0.7478375 0.9549708 0.7478375 0.9660716 0.7846586 0.966072 0.7846586 0.9549708 0.6024948 0.695357 0.6024949 0.7064579 0.7417486 0.7064577 0.7417485 0.6953568 0.3748005 0.6953568 0.3748006 0.7064577 0.3747169 0.05829388 0.3747169 0.06939507 0.4144704 0.06939483 0.4144704 0.058294 0.4144704 0.058294 0.4144704 0.06939483 0.7230238 0.06939119 0.7230238 0.05829006 0.8633053 0.9849926 0.8633053 0.9960938 0.9064217 0.9960938 0.9064217 0.9849926 0.9478569 0.9249521 0.9478569 0.9360533 0.9665483 0.9360533 0.9665483 0.9249521 0.3747169 0.5746597 0.374717 0.585761 0.5736978 0.5857617 0.5736977 0.5746609 0.7369579 0.5857609 0.7369577 0.5746597 0.00390625 0.7525746 0.00390636 0.7636758 0.2134445 0.7636752 0.2134445 0.7525743 0.917074 0.9699817 0.9170741 0.9810829 0.9540634 0.9810829 0.9540634 0.9699817 0.00390625 0.3595752 0.003906362 0.3706763 0.3707726 0.3706763 0.3707725 0.3595752 0.8898966 0.9249521 0.8898966 0.9360533 0.9153618 0.9360533 0.9153618 0.9249521 0.3710613 0.7636758 0.3710613 0.7525746 0.3749828 0.7675843 0.3749827 0.7786855 0.5716034 0.7786854 0.5716034 0.7675842 0.8688152 0.9549708 0.8688152 0.966072 0.90411 0.966072 0.90411 0.9549708 0.00390625 0.6196561 0.003906362 0.6307573 0.3708107 0.6307573 0.3708106 0.6196561 0.8195718 0.9399596 0.8195718 0.9510608 0.85103 0.9510608 0.85103 0.9399596 0.7421392 0.7786855 0.7421392 0.7675843 0.6909884 0.3924556 0.6909885 0.4035568 0.7361284 0.4035562 0.7361283 0.3924553 0.7679753 0.9849929 0.7679753 0.9960938 0.8117566 0.9960938 0.8117566 0.9849929 0.09165353 0.9849929 0.09165356 0.9960938 0.3439654 0.9960911 0.3439652 0.9849899 0.00390625 0.9849929 0.003906272 0.9960938 0.3747169 0.3924553 0.3747171 0.4035565 0.3439652 0.9849899 0.3439654 0.9960911 0.3829014 0.9960904 0.3829012 0.9849892 0.003906436 0.3745826 0.00390625 0.3856838 0.3707762 0.3856838 0.3707764 0.3745826 0.8549362 0.9249521 0.8549362 0.9360533 0.8837962 0.9360533 0.8837962 0.9249521 0.7838585 0.9399596 0.7838585 0.9510604 0.8156655 0.9510608 0.8156655 0.9399596 0.526816 0.9549707 0.5268161 0.9660718 0.7439313 0.9660716 0.7439312 0.9549708 0.3766502 0.9549708 0.3766503 0.966072 0.00390625 0.1566812 0.003906362 0.1677824 0.3668064 0.1677824 0.3668065 0.1566812 0.7149821 0.03937477 0.714982 0.02827388 0.4784104 0.02827388 0.4784105 0.03937477 0.8156629 0.9849926 0.8156629 0.9960938 0.859399 0.9960934 0.859399 0.9849926 0.9194634 0.9249521 0.9194635 0.9360533 0.9413351 0.9360533 0.9413351 0.9249521 0.3747169 0.02827466 0.3747171 0.03937584  
			<Normals>: 492 0 0 1 0 0 1 0 0 1 0 0 1 0 0 1 0 0 1 0 0 1 0 0 1 0 0 1 0 0 1 0 0 1 0 0 1 0 0 1 0 0 1 0 0 1 0 0 1 0 0 1 0 0 1 0 0 1 0 0 1 0 0 1 0 0 1 0 0 1 0 0 1 0 0 1 0 0 1 0 0 1 0 0 1 0 0 1 0 0 1 0 0 1 0 0 1 0 0 1 0 0 1 0 0 1 0 0 1 0 0 1 0 0 1 0 0 1 0 0 1 0 0 1 0 0 1 0 0 1 0 0 1 0 0 1 0 0 1 0 0 1 0 0 1 0 0 1 0 0 1 0 0 1 0 0 1 0 0 1 0 0 1 0 0 1 0 0 1 0 0 1 0 0 1 0 0 1 0 0 1 0 0 1 0 0 1 0 0 1 0 0 1 0 0 1 0 0 1 0 0 1 0 0 1 0 0 1 0 0 1 0 0 1 0 0 1 0 0 1 0 0 1 0 0 1 0 0 1 0 0 1 0 0 1 0 0 1 0 0 1 0 0 1 0 0 1 0 0 1 0 0 1 0 0 1 0 0 1 0 0 -1 0 0 -1 0 0 -1 0 0 -1 0 0 -1 0 0 -1 0 0 -1 0 0 -1 0 0 -1 0 0 -1 0 0 -1 0 0 -1 0 0 -1 0 0 -1 0 0 -1 0 0 -1 0 0 -1 0 0 -1 0 0 -1 0 0 -1 0 0 -1 0 0 -1 0 0 -1 0 0 -1 0 0 -1 0 0 -1 0 0 -1 0 0 -1 0 0 -1 0 0 -1 0 0 -1 0 0 -1 0 0 -1 0 0 -1 0 0 -1 0 0 -1 0 0 -1 0 0 -1 0 0 -1 0 0 -1 0 0 -1 0 0 -1 0 0 -1 0 0 -1 0 0 -1 0 0 -1 0 0 -1 0 0 -1 0 0 -1 0 0 -1 0 0 -1 0 0 -1 0 0 -1 0 0 -1 0 0 -1 0 0 -1 0 0 -1 0 0 -1 0 0 -1 0 0 -1 0 0 -1 0 0 -1 0 0 -1 0 0 -1 0 0 -1 0 0 -1 0 0 -1 0 0 -1 0 0 -1 0 0 -1 0 0 -1 0 0 -1 0 0 -1 0 0 -1 0 0 -1 0 0 -1 0 0 -1 0 0 -1 0 0 -1 0 0 -1 0 0 -1 0 0 -1 0 0 -1 0 0 -1 0 0 -1 0 0 -1 0 0 -1 0 0 1 0 0 1 0 0 -1 0.7071068 -0.7071068 0 0.7071068 -0.7071068 0 0.7028826 0.7113059 0 0.7028826 0.7113059 0 -0.7071068 -0.7071068 0 -0.7071068 -0.7071068 0 0.7071068 -0.7071068 0 0.7071068 -0.7071068 0 -0.7113059 0.7028826 0 -0.7113059 0.7028826 0 -0.7071068 -0.7071068 0 -0.7071068 -0.7071068 0 0.7028826 0.7113059 0 0.7028826 0.7113059 0 -0.7113059 0.7028826 0 -0.7113059 0.7028826 0 0.7079608 0.7062517 0 0.7079608 0.7062517 0 -0.02560523 0.9996722 0 -0.02560523 0.9996722 0 -0.709179 -0.7050284 0 -0.709179 -0.7050284 0 0.1414855 -0.9899403 0 0.1414855 -0.9899403 0 -0.7258204 0.6878843 0 -0.7258204 0.6878843 0 -0.709179 -0.7050284 0 -0.709179 -0.7050284 0 0.8017982 -0.5975949 0 0.8018129 -0.5975752 0 0.7079608 0.7062517 0 0.7079608 0.7062517 0 0.8018129 -0.5975752 0 0.8017982 -0.5975949 0 -0.7258204 0.6878843 0 -0.7258204 0.6878843 0 0.7127757 -0.7013921 0 0.7127757 -0.7013921 0 0.701346 0.712821 0 0.701346 0.712821 0 0.701346 0.712821 0 0.701346 0.712821 0 -0.4120708 0.9111519 0 -0.4120708 0.9111519 0 -0.91118 -0.4120086 0 -0.91118 -0.4120086 0 0.7127757 -0.7013921 0 0.7127757 -0.7013921 0 -0.4120708 0.9111519 0 -0.4120708 0.9111519 0 -0.91118 -0.4120086 0 -0.91118 -0.4120086 0 -0.701346 -0.712821 0 -0.701346 -0.712821 0 0.8758406 -0.4826005 0 0.8758406 -0.4826005 0 -0.7162182 0.6978763 0 -0.7162182 0.6978763 0 -0.701346 -0.712821 0 -0.701346 -0.712821 0 0.4783602 0.8781637 0 0.4783602 0.8781637 0 -0.7162182 0.6978763 0 -0.7162182 0.6978763 0 0.8758406 -0.4826005 0 0.8758406 -0.4826005 0 0.4783602 0.8781637 0 0.4783602 0.8781637 0 -0.6803727 0.7328663 0 -0.6803727 0.7328663 0 -0.7071068 -0.7071068 0 -0.7071068 -0.7071068 0 0.6934885 0.7204676 0 0.6934885 0.7204676 0 0.01803681 0.9998373 0 0.01803681 0.9998373 0 -0.6803727 0.7328663 0 -0.6803727 0.7328663 0 -0.7071068 -0.7071068 0 -0.7071068 -0.7071068 0 0.1221677 -0.9925095 0 0.1221677 -0.9925095 0 0.7881956 -0.6154249 0 0.7881956 -0.6154249 0 0.6934885 0.7204676 0 0.6934885 0.7204676 0 0.7881956 -0.6154249 0 0.7881956 -0.6154249 0 0.7115031 -0.702683 0 0.7115182 -0.7026677 0 0.7097721 0.7044314 0 0.7097721 0.7044314 0 -0.718999 0.695011 0 -0.718999 0.695011 0 -0.702683 -0.7115031 0 -0.702683 -0.7115031 0 -0.702683 -0.7115031 0 -0.702683 -0.7115031 0 0.7115182 -0.7026677 0 0.7115031 -0.702683 0 -0.01318406 0.9999131 0 -0.01318406 0.9999131 0 -0.718999 0.695011 0 -0.718999 0.695011 0 0.7097721 0.7044314 0 0.7097721 0.7044314 0 0.7193141 -0.6946849 0 0.7193141 -0.6946849 0 0.7092095 0.7049978 0 0.7092095 0.7049978 0 0.7092095 0.7049978 0 0.7092095 0.7049978 0 -0.7049978 0.7092095 0 -0.7049978 0.7092095 0 -0.7049978 0.7092095 0 -0.7049978 0.7092095 0 -0.7083874 -0.7058238 0 -0.7083874 -0.7058238 0 0.01559497 -0.9998784 0 0.01559497 -0.9998784 0 0.7193141 -0.6946849 0 0.7193141 -0.6946849 0 -0.7083874 -0.7058238 0 -0.7083874 -0.7058238 0 0.01559497 -0.9998784 0 0.01559497 -0.9998784 0 -0.6885738 0.7251663 0 -0.6885738 0.7251663 0 -0.7092095 -0.7049978 0 -0.7092095 -0.7049978 0 -0.7092095 -0.7049978 0 -0.7092095 -0.7049978 0 0.007629638 -0.9999709 0 0.007629638 -0.9999709 0 0.01419141 0.9998993 0 0.01419141 0.9998993 0 -0.6885738 0.7251663 0 -0.6885738 0.7251663 0 0.6988187 0.7152988 0 0.6988187 0.7152988 0 0.7146048 -0.6995283 0 0.7146048 -0.6995283 0 0.6988187 0.7152988 0 0.6988187 0.7152988 0 0.7146048 -0.6995283 0 0.7146048 -0.6995283 0 -0.7104863 0.703711 0 -0.7104863 0.703711 0 -0.7485852 -0.6630387 0 -0.7485852 -0.6630387 0 0.04467948 0.9990014 0 0.04467948 0.9990014 0 -0.7104863 0.703711 0 -0.7104863 0.703711 0 0.88881 0.4582759 0 0.88881 0.4582759 0 0.5012444 -0.8653058 0 0.5012444 -0.8653058 0 0.88881 0.4582759 0 0.88881 0.4582759 0 -0.0610083 -0.9981372 0 -0.0610083 -0.9981372 0 0.5012444 -0.8653058 0 0.5012444 -0.8653058 0 -0.7485852 -0.6630387 0 -0.7485852 -0.6630387 0 -0.7820584 -0.6232052 0 -0.7820584 -0.6232052 0 -0.1075503 -0.9941996 0 -0.1075503 -0.9941996 0 0.5718985 -0.8203244 0 0.5718985 -0.8203244 0 -0.7104256 0.7037724 0 -0.7104256 0.7037724 0 -0.7820584 -0.6232052 0 -0.7820584 -0.6232052 0 0.8203729 0.5718287 0 0.8203729 0.5718287 0 -0.7104256 0.7037724 0 -0.7104256 0.7037724 0 0.5718985 -0.8203244 0 0.5718985 -0.8203244 0 0.8203729 0.5718287 0 0.8203729 0.5718287 0 0.7006534 -0.7135018 0 0.7006534 -0.7135018 0 0.7164744 0.6976134 0 0.7164744 0.6976134 0 -0.7135018 -0.7006534 0 -0.7135018 -0.7006534 0 0.7006534 -0.7135018 0 0.7006534 -0.7135018 0 -0.7047683 0.7094376 0 -0.7047683 0.7094376 0 -0.7135018 -0.7006534 0 -0.7135018 -0.7006534 0 0.01663283 0.9998617 0 0.01663283 0.9998617 0 -0.7047683 0.7094376 0 -0.7047683 0.7094376 0 0.7164744 0.6976134 0 0.7164744 0.6976134 0 -0.811745 -0.584012 0 -0.811745 -0.584012 0 -0.1642555 -0.9864179 0 -0.1642555 -0.9864179 0 -0.1642555 -0.9864179 0 -0.1642555 -0.9864179 0 0.5591714 -0.829052 0 0.5591714 -0.829052 0 0.5591714 -0.829052 0 0.5591714 -0.829052 0 0.8262635 0.5632837 0 0.8262635 0.5632837 0 -0.7201084 0.6938616 0 -0.7201084 0.6938616 0 -0.811745 -0.584012 0 -0.811745 -0.584012 0 0.8262635 0.5632837 0 0.8262635 0.5632837 0 -0.02020345 0.999796 0 -0.02020345 0.999796 0 -0.7201084 0.6938616 0 -0.7201084 0.6938616 0 -0.7059308 -0.7082808 0 -0.7059308 -0.7082808 0 0.03195314 -0.9994893 0 0.03195314 -0.9994893 0 -0.705885 0.7083266 0 -0.705885 0.7083266 0 -0.7059308 -0.7082808 0 -0.7059308 -0.7082808 0 0.7083266 0.705885 0 0.7083266 0.705885 0 -0.705885 0.7083266 0 -0.705885 0.7083266 0 0.7282215 -0.6853419 0 0.7282215 -0.6853419 0 0.7083266 0.705885 0 0.7083266 0.705885 0 0.7282215 -0.6853419 0 0.7282215 -0.6853419 0 -0.7083266 -0.705885 0 -0.7083266 -0.705885 0 0.02746719 -0.9996227 0 0.02746719 -0.9996227 0 -0.7123215 0.7018533 0 -0.7123215 0.7018533 0 -0.7083266 -0.705885 0 -0.7083266 -0.705885 0 0.7018533 0.7123215 0 0.7018533 0.7123215 0 -0.7123215 0.7018533 0 -0.7123215 0.7018533 0 0.7274666 -0.686143 0 0.7274666 -0.686143 0 0.7018533 0.7123215 0 0.7018533 0.7123215 0 0.7274666 -0.686143 0 0.7274666 -0.686143 0 0.01150577 0.9999338 0 0.01150577 0.9999338 0 -0.7051049 0.7091029 0 -0.7051202 0.7090877 0 -0.7051202 0.7090877 0 -0.7051049 0.7091029 0 -0.6756417 -0.7372301 0 -0.6756417 -0.7372301 0 0.03961336 -0.9992151 0 0.03961336 -0.9992151 0 0.4677615 -0.8838547 0 0.4677615 -0.8838547 0 -0.6756417 -0.7372301 0 -0.6756417 -0.7372301 0 0.8860859 0.4635211 0 0.8860859 0.4635211 0 0.4677615 -0.8838547 0 0.4677615 -0.8838547 0 0.8860859 0.4635211 0 0.8860859 0.4635211 0 -0.7090877 -0.7051202 0 -0.7090877 -0.7051202 0 0.7051202 -0.7090877 0 0.7051202 -0.7090877 0 0.7051202 -0.7090877 0 0.7051202 -0.7090877 0 0.7309386 0.6824433 0 0.7309386 0.6824433 0 -0.7156457 0.6984634 0 -0.7156457 0.6984634 0 -0.7090877 -0.7051202 0 -0.7090877 -0.7051202 0 0.02212658 0.9997552 0 0.02212658 0.9997552 0 -0.7156457 0.6984634 0 -0.7156457 0.6984634 0 0.7309386 0.6824433 0 0.7309386 0.6824433 0 -0.7047835 -0.7094224 0 -0.7047835 -0.7094224 0 0.8817897 -0.4716429 0 0.8817897 -0.4716429 0 0.474542 0.8802329 0 0.474542 0.8802329 0 -0.08246202 0.9965941 0 -0.08246202 0.9965941 0 0.8817897 -0.4716429 0 0.8817897 -0.4716429 0 0.474542 0.8802329 0 0.474542 0.8802329 0 -0.7630203 0.6463745 0 -0.7630203 0.6463745 0 -0.7047835 -0.7094224 0 -0.7047835 -0.7094224 0 -0.7630203 0.6463745 0 -0.7630203 0.6463745 0  
			<Tangents>: 492 7.017682E-09 1 0 0 1 0 7.450581E-09 1 0 5.900448E-10 1 0 4.348886E-07 1 0 0 1 0 -1.623727E-07 1 0 2.435416E-07 1 0 0 1 0 -6.422448E-07 1 0 7.450579E-09 1 0 -2.271554E-07 1 0 -2.653953E-06 1 0 -2.785714E-06 1 0 0 1 0 4.974633E-08 1 0 7.215357E-07 1 0 7.846821E-07 1 0 4.231507E-07 1 0 0 1 0 8.033464E-07 1 0 8.959755E-07 1 0 1.005267E-06 1 0 0 1 0 -1.506262E-07 1 0 -3.756712E-08 1 0 0 1 0 7.450581E-09 1 0 -2.984934E-07 1 0 2.628225E-08 1 0 2.461465E-08 1 0 4.44692E-07 1 0 0 1 0 4.751179E-07 1 0 -3.333618E-07 1 0 -1.823487E-07 1 0 -1.908205E-06 1 0 -2.198291E-06 1 0 0 1 0 0 1 0 -3.203027E-06 1 0 -4.440079E-06 1 0 -5.93564E-06 1 0 -1.358179E-06 1 0 -6.948627E-08 1 0 5.458035E-07 1 0 1.29231E-07 1 0 -1.286926E-06 1 0 0 1 0 -1.443867E-06 1 0 1.921809E-07 1 0 3.956617E-07 1 0 0 1 0 1.026096E-06 1 0 7.450586E-09 1 0 2.7964E-07 1 0 1.409391E-06 1 0 2.349372E-06 1 0 2.409086E-06 1 0 0 1 0 1.997454E-06 1 0 1.227968E-08 1 0 0 1 0 4.312736E-08 1 0 3.638711E-07 1 0 0 1 0 0 1 0 1.235512E-07 1 0 1.058915E-06 1 0 0 1 0 2.457417E-08 1 0 0 1 0 7.570315E-07 1 0 4.339637E-07 1 0 1.141887E-06 1 0 1.088219E-06 1 0 -2.321672E-07 1 0 -1.255638E-07 1 0 0 1 0 -5.918574E-07 1 0 7.450581E-09 1 0 2.434934E-07 1 0 3.826987E-06 1 0 4.778262E-06 1 0 0 1 0 5.103154E-07 1 0 7.450581E-09 1 0 5.937669E-10 1 0 7.014946E-09 1 0 0 1 0 4.368795E-07 1 0 -9.708087E-08 1 0 0 1 0 3.025145E-07 1 0 7.450581E-09 1 0 -8.158912E-07 1 0 -1.886518E-07 1 0 7.450579E-09 1 0 -3.097956E-06 1 0 -2.645045E-06 1 0 5.450754E-08 1 0 0 1 0 7.163251E-07 1 0 6.892344E-07 1 0 0 1 0 2.324114E-08 1 0 9.072801E-07 1 0 5.259758E-06 1 0 1.089416E-06 1 0 7.450581E-09 1 0 0 1 0 -1.568022E-08 1 0 -2.502764E-08 1 0 0 1 0 -8.549193E-07 1 0 0 1 0 7.450581E-09 1 0 4.677792E-07 1 0 2.777725E-08 1 0 4.387429E-07 1 0 -3.266449E-07 1 0 0 1 0 7.450581E-09 1 0 -2.198291E-06 1 0 -1.913486E-06 1 0 -1.714341E-07 1 0 -2.773294E-07 1 0 -3.148205E-06 1 0 -4.42287E-06 1 0 -5.897522E-06 1 0 -5.742403E-07 1 0 0 1 0 3.436247E-07 1 0 0 1 0 -1.190958E-06 1 0 3.209478E-07 1 0 -1.443867E-06 1 0 7.812941E-08 1 0 0 1 0 8.503509E-08 1 0 2.509774E-06 1 0 0 1 0 0 1 0 9.071098E-07 1 0 2.265933E-06 1 0 2.335046E-06 1 0 5.484721E-07 1 0 1.845965E-06 1 0 0 1 0 3.491387E-08 1 0 7.730532E-08 1 0 1.968479E-07 1 0 7.450581E-09 1 0 1.432411E-07 1 0 2.023412E-07 1 0 6.037353E-07 1 0 7.450581E-09 1 0 0 1 0 1.072217E-08 1 0 7.579487E-07 1 0 5.701514E-07 1 0 9.269046E-07 1 0 9.088946E-07 1 0 -1.734774E-07 1 0 0 1 0 -5.530097E-08 1 0 -9.104909E-07 1 0 0 1 0 0 1 0 3.960784E-06 1 0 4.535483E-06 1 0 8.260115E-08 1 0 8.305543E-07 1 0 0 1 0 5.228712E-08 1 0 0 1 0 0.7071068 0.7071068 -1.405316E-07 0.7071068 0.7071068 -1.367495E-07 -0.7113059 0.7028826 -1.567048E-07 -0.7113059 0.7028826 -1.605097E-07 -0.7070212 0.7070212 -0.01555939 -0.7070212 0.7070212 -0.01555939 -0.7070212 -0.7070212 -0.01555941 -0.7070212 -0.7070212 -0.01555941 0.7028826 0.7113058 -1.778692E-07 0.7028826 0.7113058 -1.8222E-07 -0.7071068 0.7071068 -1.639274E-07 -0.7071068 0.7071068 -1.595508E-07 -0.7112187 0.7027966 0.01565145 -0.7112187 0.7027966 0.01565145 -0.7027985 -0.7112208 0.01546689 -0.7027985 -0.7112208 0.01546689 0.706132 -0.7078407 -0.01841322 0.706132 -0.7078407 -0.01841338 0.9996117 0.02560368 -0.01099752 0.9996117 0.02560368 -0.0109975 -0.7049353 0.7090853 -0.01625227 -0.7049353 0.7090853 -0.01625227 -0.9898797 -0.1414768 -0.01106741 -0.9898797 -0.1414768 -0.01106741 0.6871806 0.725078 0.04521777 0.6866664 0.7245353 0.0594798 -0.7049253 0.7090753 0.0171044 -0.7050284 0.709179 -1.590846E-07 0.5962285 0.799965 -0.06758273 0.5962088 0.7999794 -0.06758735 -0.704183 0.7058871 -0.07648356 -0.7041834 0.7058874 -0.07647695 -0.5975454 -0.801773 -0.009974418 -0.5975651 -0.8017583 -0.009974238 0.6878253 0.7257581 -0.01309522 0.6878253 0.7257581 -0.01309531 0.6953532 0.7066388 0.130941 0.6953532 0.7066388 0.130941 -0.7064848 0.6951117 0.1330375 -0.7064847 0.6951117 0.1330375 0.7127345 -0.701261 -0.01556978 0.7127345 -0.701261 -0.01556978 0.9110873 0.4120416 -0.01189946 0.9110873 0.4120416 -0.01189946 -0.4118442 0.9108166 -0.02824155 -0.4118442 0.9108166 -0.02824155 -0.7013051 -0.7126874 -0.01574614 -0.7013051 -0.7126874 -0.01574614 -0.9111043 -0.4120492 0.0102135 -0.9111043 -0.4120492 0.0102135 0.4118941 -0.9109265 0.02358429 0.4118941 -0.9109265 0.02358429 -0.7127299 0.7012565 -0.01598011 -0.7127299 0.7012565 -0.01598011 -0.4824777 -0.8756177 -0.02255899 -0.4824777 -0.8756177 -0.02255899 0.6978763 0.7162183 -1.180701E-07 0.6978763 0.7162183 -1.072046E-07 -0.712821 0.701346 -1.497653E-07 -0.712821 0.701346 -1.608612E-07 0.8780807 -0.478315 -0.01374877 0.8780807 -0.478315 -0.01374877 0.6977801 0.7161193 -0.01661239 0.6977801 0.7161193 -0.01661239 0.4826004 0.8758407 -1.968898E-07 0.4826004 0.8758407 -2.010442E-07 -0.8781637 0.4783602 -1.038469E-07 -0.8781637 0.4783602 -1.014622E-07 0.7319357 0.6795086 -0.05038058 0.7319357 0.6795086 -0.05038059 -0.7062753 0.7062753 -0.04848035 -0.7062753 0.7062753 -0.04848035 -0.7203823 0.6934062 0.01540016 -0.7203823 0.6934062 0.01540016 -0.9997768 0.01803571 0.01100552 -0.9997768 0.01803571 0.01100552 -0.7327516 -0.6802664 0.01768495 -0.7327516 -0.6802664 0.01768495 -0.7070106 0.7070105 -0.01649864 -0.7070106 0.7070105 -0.01649864 -0.9924489 -0.1221602 -0.01104602 -0.9924489 -0.1221602 -0.01104602 0.615425 0.7881955 -1.300328E-07 0.615425 0.7881955 -1.251625E-07 -0.7204675 0.6934887 -1.571485E-07 -0.7204675 0.6934887 -1.62684E-07 -0.6153959 -0.7881587 -0.009683074 -0.6153959 -0.7881587 -0.009683075 0.7022554 0.7110701 0.03488088 0.7026677 0.7115182 -1.537924E-05 -0.696254 0.7015328 0.1519275 -0.688573 0.6937937 0.2109919 0.6945564 0.7185289 0.03616097 0.695011 0.7189991 -1.323709E-07 -0.7065263 0.6977679 0.1180701 -0.704627 0.6958921 0.1386904 -0.7114159 0.7025968 -0.01565759 -0.7114159 0.7025968 -0.01565762 -0.7025837 -0.7114331 -0.01546178 -0.702599 -0.711418 -0.01546141 0.9998525 0.01318326 -0.01100723 0.9998525 0.01318326 -0.01100723 0.6949545 0.7189405 -0.01275964 0.6949545 0.7189405 -0.01275965 0.7043344 -0.7096742 -0.01659913 0.7043344 -0.7096742 -0.01659913 0.6946849 0.7193142 1.1238E-05 0.6946849 0.7193142 1.423536E-05 -0.7049978 0.7092094 2.881059E-06 -0.7049978 0.7092094 -1.590778E-07 0.704913 -0.7091242 -0.01551103 0.704913 -0.7091242 -0.01551099 0.7091231 0.704912 -0.01560596 0.7091231 0.704912 -0.01560599 0.7058511 0.7016593 0.09720349 0.7076573 0.7034548 0.0661248 -0.6962097 0.6987385 0.1644885 -0.694088 0.6966091 0.1815975 0 0 1 0 0 1 0 0 1 0 0 1 0.7057551 -0.7083185 0.013952 0.7057551 -0.7083185 0.013952 0.9998295 0.0155942 0.009885668 0.9998295 0.0155942 0.009885668 0.7236831 0.6871655 -0.06392439 0.7241483 0.6876072 -0.05296658 -0.7011937 0.7053825 -0.1037445 -0.7001666 0.7043493 -0.1168701 0.7049475 -0.709159 0.01193752 0.7049475 -0.709159 0.01193752 0.9999104 0.007629176 0.01100282 0.9999104 0.007629176 0.01100282 0.9998387 -0.01419055 -0.01100591 0.9998387 -0.01419055 -0.01100591 0.7251115 0.6885219 -0.01227948 0.7251115 0.6885219 -0.01227948 0.7151895 -0.6987118 -0.01748504 0.7151895 -0.6987118 -0.01748504 0.6995283 0.7146049 -1.150775E-05 0.6995283 0.7146049 -1.445826E-05 -0.7152987 0.6988188 -3.178521E-06 -0.7152987 0.6988188 -1.61443E-07 0.6994262 0.7145003 0.01709951 0.6994262 0.7145003 0.01709951 0.7031492 0.7099193 0.03994768 0.7028358 0.7096028 0.04985603 -0.6629972 0.7485384 0.0111796 -0.6630387 0.7485852 -1.718314E-07 0.9989394 -0.04467671 -0.01113952 0.9989394 -0.04467671 -0.01113957 0.7036237 0.710398 -0.01576081 0.7036237 0.710398 -0.01576087 0.4581837 -0.8886312 -0.02005658 0.4581837 -0.8886312 -0.02005714 0.8652816 0.5012304 -0.007478411 0.8653058 0.5012444 -1.009585E-07 -0.4577823 0.8878525 -0.04640257 -0.4575763 0.887453 -0.05523602 -0.9980686 0.0610041 -0.01173267 -0.9980686 0.0610041 -0.01173267 -0.8652413 -0.5012071 -0.01220595 -0.8652413 -0.5012071 -0.01220595 -0.6628577 0.7483808 -0.02336423 -0.6628577 0.7483808 -0.02336423 -0.6231261 0.7819593 -0.01591916 -0.6231261 0.7819594 -0.01591866 -0.9941326 0.1075431 -0.01161583 -0.9941326 0.1075431 -0.01161592 -0.820248 -0.5718453 -0.01364307 -0.820248 -0.5718453 -0.01364307 0.7030735 0.70972 -0.04455475 0.7037724 0.7104255 -2.832672E-05 -0.6216127 0.7800599 -0.07144359 -0.6187804 0.7765058 -0.1189521 0.5717168 -0.820212 -0.01980438 0.5717168 -0.820212 -0.01980438 0.7036852 0.7103378 -0.01572459 0.7036852 0.7103378 -0.01572459 0.8202929 0.5718765 -0.008756756 0.8203244 0.5718985 -1.271595E-07 -0.5710012 0.8191862 -0.05377361 -0.5706552 0.8186898 -0.06402876 0.713469 0.7006211 0.009592402 0.7135018 0.7006534 1.309904E-05 -0.6969854 0.7158295 0.0424198 -0.6966333 0.7154679 0.05298775 -0.7005701 0.713417 -0.0154173 -0.7005701 0.713417 -0.0154173 -0.7134139 -0.700567 -0.01570023 -0.7134139 -0.700567 -0.01570023 0.7084252 0.7037624 0.05340593 0.7084251 0.7037624 0.05340803 -0.699678 0.7125086 0.05274704 -0.6996781 0.7125086 0.05274495 0.9998012 -0.01663182 -0.01100059 0.9998012 -0.01663182 -0.01100059 0.7093531 0.7046845 -0.01542228 0.7093531 0.7046845 -0.01542228 0.69753 -0.7163888 -0.01546312 0.69753 -0.7163888 -0.01546312 -0.584012 0.811745 -8.70949E-06 -0.584012 0.811745 -1.05307E-05 -0.9864178 0.1642554 -1.517681E-06 -0.9864178 0.1642554 -2.057294E-08 -0.9863515 0.1642444 -0.0115905 -0.9863515 0.1642444 -0.01159046 -0.8289723 -0.5591177 -0.0138687 -0.8289723 -0.5591177 -0.01386874 0.8265421 0.5574786 0.07775406 0.8265421 0.5574786 0.07775406 -0.5596063 0.8208694 0.11408 -0.5596063 0.8208694 0.11408 0.6795661 0.7052721 0.2019433 0.6795661 0.7052721 0.2019433 -0.5744807 0.7984969 0.1799295 -0.5744807 0.7984969 0.1799295 0.5631397 -0.8260521 -0.02261758 0.5631397 -0.8260521 -0.02261772 0.9997337 0.02020219 -0.01115088 0.9997337 0.02020219 -0.01115088 0.6938041 0.7200487 -0.01287507 0.6938041 0.7200487 -0.01287521 0.7082148 -0.7058651 0.0136461 0.7082148 -0.7058651 0.01364619 0.999429 0.03195121 0.01099325 0.999429 0.03195121 0.01099326 0.7042823 0.7018544 -0.1067095 0.7031576 0.7007336 -0.1205896 -0.7068132 0.7044681 -0.06434149 -0.7072828 0.7049361 -0.05306755 0.7057996 -0.7082412 -0.01553222 0.7057996 -0.7082412 -0.01553222 0.7082403 0.7057993 -0.01558663 0.7082403 0.7057993 -0.01558663 0.6792324 0.7217296 -0.1332287 0.6777936 0.7202008 -0.1480092 -0.7018875 0.7043151 -0.1062736 -0.7031725 0.7056045 -0.08758277 0.6852359 0.728109 0.01758206 0.6852359 0.728109 0.01758222 -0.705769 0.7082105 -0.01811224 -0.705769 0.7082105 -0.01811224 -0.9995623 -0.02746553 -0.01099919 -0.9995623 -0.02746553 -0.01099919 0.6995137 0.7099469 0.0815846 0.6984988 0.7089169 0.09765358 -0.70571 0.7081507 0.02226949 -0.7058851 0.7083264 -1.59276E-07 0.712234 -0.7017671 -0.01567458 0.712234 -0.7017671 -0.01567458 0.7017696 0.7122366 -0.01544348 0.7017696 0.7122366 -0.01544348 0.6845014 0.7257262 -0.06913291 0.6845014 0.7257262 -0.06913291 -0.7104911 0.7000498 -0.0716431 -0.7104911 0.7000498 -0.0716431 -0.686092 -0.7274125 -0.01220134 -0.686092 -0.7274125 -0.01220134 -0.9998714 0.01150505 0.01116983 -0.9998714 0.01150505 0.01116998 -0.7090139 -0.7050163 0.01585275 -0.7089987 -0.7050316 0.01585139 0.7089759 0.705009 0.01776208 0.7091029 0.705105 -1.565077E-07 -0.7347598 0.6733778 0.0817951 -0.7340068 0.6726877 0.09340856 -0.9991446 -0.03961056 -0.01188164 -0.9991446 -0.03961056 -0.0118816 -0.8837726 -0.467718 -0.01363294 -0.8837726 -0.467718 -0.01363299 -0.7371234 0.6755439 -0.01701557 -0.7371234 0.6755439 -0.01701557 -0.4633949 0.8858451 0.02331529 -0.4633949 0.8858451 0.02331529 0.8787467 0.4650582 0.1073545 0.8787467 0.4650582 0.1073545 -0.4546546 0.869136 0.1946581 -0.4546546 0.869136 0.1946581 -0.7050354 0.7090024 -0.01551529 -0.7050354 0.7090024 -0.01551529 -0.7090015 -0.7050343 -0.0156034 -0.7090015 -0.7050343 -0.0156034 0.7090877 0.7051203 -1.886676E-07 0.7090877 0.7051203 -1.978513E-07 -0.6824434 0.7309385 -1.625696E-07 -0.6824434 0.7309385 -1.543485E-07 0.6984634 0.7156457 1.140583E-05 0.6984634 0.7156457 1.468097E-05 -0.7051201 0.7090878 2.940744E-06 -0.7051201 0.7090878 -1.591049E-07 0.9996946 -0.02212524 -0.0110036 0.9996946 -0.02212524 -0.01100363 0.6983714 0.7155514 -0.01623541 0.6983714 0.7155514 -0.01623533 0.6823783 -0.7308691 -0.01379063 0.6823783 -0.7308691 -0.01379063 0.7093341 -0.7046957 0.01578118 0.7093341 -0.7046957 0.01578118 0.4715148 0.8815504 0.02329338 0.4715148 0.8815504 0.02329338 -0.8801683 0.4745072 0.01211465 -0.8801683 0.4745072 0.01211465 -0.9965238 -0.08245619 0.01188761 -0.9965238 -0.08245619 0.01188769 0.471643 0.8817896 1.351012E-05 0.471643 0.8817896 1.600354E-05 -0.8802329 0.474542 1.323097E-06 -0.8802329 0.474542 -1.06134E-07 0.6401395 0.7556602 0.1385612 0.6434756 0.7595984 0.09460182 -0.6948479 0.6903044 0.2016588 -0.6898248 0.6853142 0.2334227 -0.6462562 -0.7628807 0.01912908 -0.6462562 -0.7628807 0.01912941  
			<BiTangents>: 492 1 -7.017682E-09 0 1 0 0 1 -7.450581E-09 0 1 -5.900448E-10 0 1 -4.348886E-07 0 1 0 0 1 1.623727E-07 0 1 -2.435416E-07 0 1 0 0 1 6.422448E-07 0 1 -7.450579E-09 0 1 2.271554E-07 0 1 2.653953E-06 0 1 2.785714E-06 0 1 0 0 1 -4.974633E-08 0 1 -7.215357E-07 0 1 -7.846821E-07 0 1 -4.231507E-07 0 1 0 0 1 -8.033464E-07 0 1 -8.959755E-07 0 1 -1.005267E-06 0 1 0 0 1 1.506262E-07 0 1 3.756712E-08 0 1 0 0 1 -7.450581E-09 0 1 2.984934E-07 0 1 -2.628225E-08 0 1 -2.461465E-08 0 1 -4.44692E-07 0 1 0 0 1 -4.751179E-07 0 1 3.333618E-07 0 1 1.823487E-07 0 1 1.908205E-06 0 1 2.198291E-06 0 1 0 0 1 0 0 1 3.203027E-06 0 1 4.440079E-06 0 1 5.93564E-06 0 1 1.358179E-06 0 1 6.948627E-08 0 1 -5.458035E-07 0 1 -1.29231E-07 0 1 1.286926E-06 0 1 0 0 1 1.443867E-06 0 1 -1.921809E-07 0 1 -3.956617E-07 0 1 0 0 1 -1.026096E-06 0 1 -7.450586E-09 0 1 -2.7964E-07 0 1 -1.409391E-06 0 1 -2.349372E-06 0 1 -2.409086E-06 0 1 0 0 1 -1.997454E-06 0 1 -1.227968E-08 0 1 0 0 1 -4.312736E-08 0 1 -3.638711E-07 0 1 0 0 1 0 0 1 -1.235512E-07 0 1 -1.058915E-06 0 1 0 0 1 -2.457417E-08 0 1 0 0 1 -7.570315E-07 0 1 -4.339637E-07 0 1 -1.141887E-06 0 1 -1.088219E-06 0 1 2.321672E-07 0 1 1.255638E-07 0 1 0 0 1 5.918574E-07 0 1 -7.450581E-09 0 1 -2.434934E-07 0 1 -3.826987E-06 0 1 -4.778262E-06 0 1 0 0 1 -5.103154E-07 0 1 -7.450581E-09 0 1 -5.937669E-10 0 1 -7.014946E-09 0 1 0 0 1 -4.368795E-07 0 1 9.708087E-08 0 1 0 0 1 -3.025145E-07 0 1 -7.450581E-09 0 1 8.158912E-07 0 1 1.886518E-07 0 1 -7.450579E-09 0 1 3.097956E-06 0 1 2.645045E-06 0 1 -5.450754E-08 0 1 0 0 1 -7.163251E-07 0 1 -6.892344E-07 0 1 0 0 1 -2.324114E-08 0 1 -9.072801E-07 0 1 -5.259758E-06 0 1 -1.089416E-06 0 1 -7.450581E-09 0 1 0 0 1 1.568022E-08 0 1 2.502764E-08 0 1 0 0 1 8.549193E-07 0 1 0 0 1 -7.450581E-09 0 1 -4.677792E-07 0 1 -2.777725E-08 0 1 -4.387429E-07 0 1 3.266449E-07 0 1 0 0 1 -7.450581E-09 0 1 2.198291E-06 0 1 1.913486E-06 0 1 1.714341E-07 0 1 2.773294E-07 0 1 3.148205E-06 0 1 4.42287E-06 0 1 5.897522E-06 0 1 5.742403E-07 0 1 0 0 1 -3.436247E-07 0 1 0 0 1 1.190958E-06 0 1 -3.209478E-07 0 1 1.443867E-06 0 1 -7.812941E-08 0 1 0 0 1 -8.503509E-08 0 1 -2.509774E-06 0 1 0 0 1 0 0 1 -9.071098E-07 0 1 -2.265933E-06 0 1 -2.335046E-06 0 1 -5.484721E-07 0 1 -1.845965E-06 0 1 0 0 1 -3.491387E-08 0 1 -7.730532E-08 0 1 -1.968479E-07 0 1 -7.450581E-09 0 1 -1.432411E-07 0 1 -2.023412E-07 0 1 -6.037353E-07 0 1 -7.450581E-09 0 1 0 0 1 -1.072217E-08 0 1 -7.579487E-07 0 1 -5.701514E-07 0 1 -9.269046E-07 0 1 -9.088946E-07 0 1 1.734774E-07 0 1 0 0 1 5.530097E-08 0 1 9.104909E-07 0 1 0 0 1 0 0 1 -3.960784E-06 0 1 -4.535483E-06 0 1 -8.260115E-08 0 1 -8.305543E-07 0 1 0 0 1 -5.228712E-08 0 1 0 0 9.937085E-08 9.937085E-08 1 9.669649E-08 9.669649E-08 1 -1.11465E-07 1.101451E-07 1 -1.141715E-07 1.128195E-07 1 -0.01100215 0.01100215 0.9998789 -0.01100215 0.01100215 0.9998789 -0.01100217 -0.01100217 0.9998789 -0.01100217 -0.01100217 0.9998789 1.250212E-07 1.265194E-07 1 1.280793E-07 1.296142E-07 1 -1.159142E-07 1.159142E-07 1 -1.128194E-07 1.128194E-07 1 -0.01113297 0.01100113 -0.9998775 -0.01113297 0.01100113 -0.9998775 -0.01087141 -0.01100169 -0.9998804 -0.01087141 -0.01100169 -0.9998804 0.01300437 -0.01303584 0.9998305 0.01300448 -0.01303595 0.9998305 0.01099391 0.000281594 0.9999396 0.0109939 0.0002815936 0.9999396 -0.01145831 0.01152577 0.9998679 -0.01145831 0.01152577 0.9998679 -0.01095608 -0.001565877 0.9999388 -0.01095608 -0.001565877 0.9999388 -0.0311046 -0.03281998 0.9989771 -0.04091522 -0.04317165 0.9982295 0.01205909 -0.01213008 0.9998537 -1.121592E-07 1.128195E-07 1 0.0403871 0.05418772 0.9977137 0.04038852 0.05419241 0.9977134 -0.05401664 0.05414736 0.9970708 -0.05401198 0.05414268 0.9970714 -0.005960465 -0.007997617 0.9999503 -0.005960553 -0.007997326 0.9999502 0.009007996 0.009504777 0.9999142 0.009008056 0.009504841 0.9999142 -0.09184099 -0.09333158 0.9913902 -0.09184098 -0.09333157 0.9913902 0.09483191 -0.0933053 0.991111 0.09483192 -0.09330532 0.991111 0.01109847 -0.0109198 0.9998788 0.01109847 -0.0109198 0.9998788 0.01084222 0.00490342 0.9999292 0.01084222 0.00490342 0.9999292 -0.01163576 0.02573313 0.9996012 -0.01163576 0.02573313 0.9996012 -0.01104422 -0.01122346 0.999876 -0.01104422 -0.01122346 0.999876 -0.009306053 -0.004208686 -0.9999478 -0.009306053 -0.004208686 -0.9999478 0.009716932 -0.02148953 -0.9997219 0.009716932 -0.02148953 -0.9997219 -0.01139096 0.01120758 0.9998723 -0.01139096 0.01120758 0.9998723 -0.01088698 -0.01975808 0.9997455 -0.01088698 -0.01975808 0.9997455 8.239831E-08 8.456394E-08 1 7.481552E-08 7.678186E-08 1 -1.067559E-07 1.050373E-07 1 -1.146653E-07 1.128194E-07 1 0.01207367 -0.006576863 0.9999055 0.01207367 -0.006576863 0.9999055 0.01159339 0.0118981 0.999862 0.01159339 0.0118981 0.999862 9.501908E-08 1.72444E-07 1 9.7024E-08 1.760826E-07 1 -9.11946E-08 4.967624E-08 1 -8.910046E-08 4.85355E-08 1 0.03692223 0.03427757 0.9987301 0.03692224 0.03427758 0.9987301 -0.03428079 0.03428079 0.9988241 -0.03428078 0.03428078 0.9988241 -0.01109532 0.01067984 -0.9998814 -0.01109532 0.01067984 -0.9998814 -0.01100373 0.0001985044 -0.9999394 -0.01100373 0.0001985044 -0.9999394 -0.01296071 -0.01203236 -0.9998437 -0.01296071 -0.01203236 -0.9998437 -0.0116663 0.0116663 0.9998639 -0.0116663 0.0116663 0.9998639 -0.01096328 -0.001349467 0.999939 -0.01096328 -0.001349467 0.999939 8.002543E-08 1.024913E-07 1 7.702813E-08 9.865253E-08 1 -1.132204E-07 1.089807E-07 1 -1.172085E-07 1.128195E-07 1 -0.005959205 -0.007632157 0.9999532 -0.005959206 -0.007632157 0.9999532 -0.0245102 -0.02481786 0.9993915 1.08065E-05 1.094261E-05 1 0.1070225 -0.1078339 0.9883916 0.1486293 -0.1497561 0.9774878 -0.02513227 -0.0259997 0.999346 9.199926E-08 9.517458E-08 1 0.08400723 -0.08296584 0.9930053 0.09867867 -0.0974554 0.9903358 -0.01114042 0.01100232 0.9998775 -0.01114045 0.01100235 0.9998775 -0.01086449 -0.01100133 0.9998804 -0.01086447 -0.01100084 0.9998805 0.01100627 0.00014512 0.9999394 0.01100627 0.00014512 0.9999394 0.008868094 0.009174172 0.9999186 0.008868095 0.009174173 0.9999186 0.01169295 -0.0117816 0.9998623 0.01169295 -0.0117816 0.9998623 -7.806873E-06 -8.083656E-06 1 -9.889091E-06 -1.02397E-05 1 2.03114E-06 -2.043274E-06 1 -1.121495E-07 1.128195E-07 1 0.01093524 -0.01100057 0.9998797 0.01093522 -0.01100054 0.9998797 0.0110679 0.01100217 0.9998782 0.01106792 0.01100219 0.9998782 -0.06893764 -0.06852825 0.9952645 -0.04689633 -0.04661784 0.9978113 0.1160999 -0.1165216 0.986379 0.1281758 -0.1286414 0.9833729 0.9998784 0.01559497 0 0.9998784 0.01559497 0 0.694685 0.7193142 0 0.694685 0.7193142 0 0.009847657 -0.009883425 -0.9999027 0.009847657 -0.009883425 -0.9999027 0.009884465 0.0001541667 -0.9999511 0.009884465 0.0001541667 -0.9999511 0.04635581 0.04401666 0.9979548 0.03840958 0.0364714 0.9985963 -0.07313962 0.07357656 0.9946039 -0.08239319 0.08288541 0.9931472 0.008415923 -0.0084662 -0.9999288 0.008415923 -0.0084662 -0.9999288 0.0110025 8.394752E-05 -0.9999395 0.0110025 8.394752E-05 -0.9999395 0.0110048 -0.0001561894 0.9999394 0.0110048 -0.0001561894 0.9999394 0.008904665 0.008455329 0.9999246 0.008904665 0.008455329 0.9999246 0.01250703 -0.01221888 0.9998471 0.01250703 -0.01221888 0.9998471 8.05E-06 8.223496E-06 1 1.011396E-05 1.033194E-05 1 -2.273593E-06 2.22121E-06 1 -1.1548E-07 1.128194E-07 1 0.01196159 0.01221939 -0.9998538 0.01196159 0.01221939 -0.9998538 -0.02811162 -0.02838228 0.9992018 -0.03508424 -0.03542203 0.9987564 0.007412506 -0.008368881 0.9999375 -1.139309E-07 1.286305E-07 1 0.0111284 -0.000497708 0.999938 0.01112844 -0.0004977101 0.999938 0.01109106 0.01119784 0.9998758 0.0110911 0.01119788 0.9998758 0.009191448 -0.01782649 0.9997989 0.009191703 -0.01782698 0.9997988 0.006471112 0.003748511 0.999972 8.736E-08 5.06049E-08 1 -0.02126518 0.04124307 0.9989228 -0.02531334 0.04909433 0.9984733 -0.01171081 0.0007157901 0.9999312 -0.01171081 0.0007157901 0.9999312 -0.01056188 -0.006118161 0.9999255 -0.01056188 -0.006118161 0.9999255 -0.01549139 0.01749012 0.9997271 -0.01549139 0.01749012 0.9997271 -0.009920904 0.01244971 0.9998733 -0.009920589 0.01244932 0.9998733 -0.01154846 0.001249287 0.9999325 -0.01154855 0.001249296 0.9999325 -0.01119174 -0.00780245 0.999907 -0.01119174 -0.00780245 0.999907 0.0313564 0.03165283 0.999007 1.993557E-05 2.012403E-05 1 -0.04452402 0.05587307 0.9974447 -0.07413153 0.09302744 0.9929 0.01132471 -0.01624697 0.9998039 0.01132471 -0.01624697 0.9998039 0.01106653 0.01117115 0.9998764 0.01106653 0.01117115 0.9998764 0.007183381 0.005007976 0.9999617 1.043121E-07 7.272234E-08 1 -0.0307493 0.04411442 0.9985532 -0.03661349 0.05252747 0.9979481 -0.006844196 -0.006720948 0.999954 -9.346189E-06 -9.177887E-06 1 0.02959262 -0.0303927 0.9990999 0.03696496 -0.03796437 0.9985952 -0.01080218 0.01100027 0.9998811 -0.01080218 0.01100027 0.9998811 -0.01120215 -0.01100042 0.9998767 -0.01120215 -0.01100042 0.9998767 -0.03788817 -0.0376388 0.9985729 -0.03788967 -0.03764029 0.9985728 0.03695739 -0.03763511 0.9986079 0.03695593 -0.03763362 0.998608 0.01099907 -0.0001829709 0.9999394 0.01099907 -0.0001829709 0.9999394 0.01094114 0.01086913 0.9998811 0.01094114 0.01086913 0.9998811 0.01078728 -0.01107893 0.9998804 0.01078728 -0.01107893 0.9998804 -5.086447E-06 7.069885E-06 1 -6.150058E-06 8.548247E-06 1 -1.497068E-06 2.492875E-07 1 -2.029351E-08 3.379218E-09 1 -0.01143308 0.001903803 0.9999329 -0.01143304 0.001903797 0.9999329 -0.01149787 -0.007754978 0.9999039 -0.0114979 -0.007755001 0.9999039 -0.06446216 -0.04347785 0.9969726 -0.06446216 -0.04347785 0.9969726 0.06425942 -0.09426016 0.9934716 0.06425942 -0.09426016 0.9934716 -0.1401207 -0.145421 0.9793972 -0.1401207 -0.145421 0.9793972 0.105081 -0.1460569 0.9836795 0.105081 -0.1460569 0.9836795 0.01274012 -0.01868809 0.9997442 0.01274019 -0.01868819 0.9997442 0.0111486 0.0002252861 0.9999378 0.01114861 0.0002252862 0.9999378 0.008933519 0.009271448 0.9999171 0.008933617 0.00927155 0.9999171 0.009665269 -0.009633202 -0.9999069 0.009665334 -0.009633265 -0.9999069 0.01098764 0.0003512689 -0.9999396 0.01098765 0.0003512693 -0.9999396 0.07558516 0.07532462 0.9942902 0.08541682 0.0851224 0.9927024 -0.04557185 0.04542064 0.997928 -0.03758673 0.03746202 0.9985909 0.01096396 -0.01100189 0.9998794 0.01096396 -0.01100189 0.9998794 0.01104043 0.01100237 0.9998785 0.01104043 0.01100237 0.9998785 0.09130719 0.09701999 0.9910853 0.1014369 0.1077835 0.988986 -0.07501694 0.07527642 0.9943369 -0.06182335 0.0620372 0.9961572 0.01204972 0.01280363 -0.9998454 0.01204983 0.01280375 -0.9998454 -0.01278516 0.01282938 0.9998359 -0.01278516 0.01282938 0.9998359 -0.01099504 -0.0003021169 0.9999396 -0.01099504 -0.0003021169 0.9999396 -0.05726042 -0.05811446 0.9966664 -0.06853849 -0.06956074 0.9952205 0.0157197 -0.01577407 0.999752 -1.124305E-07 1.128194E-07 1 0.01116534 -0.01100125 0.9998771 0.01116534 -0.01100125 0.9998771 0.01083906 0.01100072 0.9998808 0.01083906 0.01100072 0.9998808 0.04743506 0.05029188 0.9976075 0.04743506 0.05029188 0.9976075 -0.05103292 0.05028295 0.9974304 -0.05103292 0.05028295 0.9974304 -0.008371864 -0.008876068 0.9999256 -0.008371864 -0.008876068 0.9999256 -0.01116909 0.0001285175 -0.9999377 -0.01116924 0.0001285192 -0.9999377 -0.01124123 -0.01117785 -0.9998744 -0.01124003 -0.01117714 -0.9998744 -0.01259487 -0.0125244 0.9998422 1.109801E-07 1.103543E-07 1 0.06030181 -0.05526418 0.9966491 0.06886362 -0.06311073 0.9956279 -0.01187231 -0.0004706715 0.9999294 -0.01187227 -0.0004706701 0.9999294 -0.01204954 -0.006376965 0.9999071 -0.01204959 -0.00637699 0.9999071 -0.01254439 0.01149643 0.9998552 -0.01254439 0.01149643 0.9998552 -0.01080713 0.02065934 -0.9997281 -0.01080713 0.02065934 -0.9997281 -0.0948858 -0.05021631 0.9942208 -0.0948858 -0.05021631 0.9942208 0.09022812 -0.1724838 0.9808712 0.09022811 -0.1724837 0.9808711 -0.01094014 0.0110017 0.9998797 -0.01094014 0.0110017 0.9998797 -0.01106418 -0.01100227 0.9998783 -0.01106418 -0.01100227 0.9998783 1.337819E-07 1.330333E-07 1 1.402939E-07 1.395089E-07 1 -1.109445E-07 1.188284E-07 1 -1.053341E-07 1.128192E-07 1 -7.966553E-06 -8.162531E-06 1 -1.025412E-05 -1.050637E-05 1 2.073579E-06 -2.085246E-06 1 -1.121881E-07 1.128193E-07 1 0.0110009 -0.0002434719 0.9999395 0.01100094 -0.0002434727 0.9999395 0.01133984 0.0116188 0.9998682 0.01133978 0.01161874 0.9998682 0.009411324 -0.0100801 0.9999049 0.009411324 -0.0100801 0.9999049 0.01119552 -0.01112232 -0.9998755 0.01119552 -0.01112232 -0.9998755 0.01098616 0.02053986 -0.9997287 0.01098616 0.02053986 -0.9997287 -0.01066372 0.005748912 -0.9999266 -0.01066372 0.005748912 -0.9999266 -0.01184713 -0.0009802767 -0.9999294 -0.0118472 -0.0009802828 -0.9999294 -6.371951E-06 -1.191308E-05 1 -7.547956E-06 -1.411176E-05 1 1.164633E-06 -6.278649E-07 1 -9.342267E-08 5.036506E-08 1 -0.08956245 -0.105725 0.9903539 -0.0611482 -0.07218312 0.9955152 0.1430613 -0.1421258 0.9794558 0.1655953 -0.1645125 0.9723753 -0.01236455 -0.01459587 -0.999817 -0.01236476 -0.01459613 -0.999817  
			<SubMeshes>: 1
				<SubMesh>: 0 852 0 2 3 0 3 1 9 5 6 6 7 9 7 4 9 7 8 4 11 10 12 11 12 13 16 17 15 16 15 14 21 19 18 18 22 21 22 20 21 22 23 20 28 26 24 24 25 28 25 27 28 31 32 29 29 33 31 33 30 31 36 37 34 36 34 173 36 38 35 36 35 37 40 39 44 44 43 40 43 41 40 41 42 40 47 48 46 46 45 47 45 49 47 53 52 51 51 50 53 50 54 53 60 59 55 55 56 60 56 57 60 57 58 60 63 62 61 61 64 63 64 65 63 67 66 174 174 68 67 68 69 67 73 71 70 70 72 73 72 75 73 72 74 75 79 78 77 77 76 79 76 80 79 85 84 81 81 82 85 82 83 85 88 86 87 88 87 89 93 92 91 91 95 93 95 90 93 90 94 93 96 97 99 96 99 98 103 102 100 103 100 101 108 104 105 105 107 108 107 106 108 106 109 108 111 110 112 112 114 111 114 113 111 119 115 118 118 117 119 117 116 119 124 123 120 124 120 121 125 123 124 125 124 122 130 131 126 126 127 130 127 128 130 127 129 128 132 133 135 135 134 132 134 136 132 137 138 139 139 140 137 140 141 137 143 142 146 146 147 143 147 144 143 147 145 144 151 148 149 149 150 151 150 152 151 155 175 153 153 154 155 154 156 155 159 157 158 158 160 159 160 162 159 162 161 159 163 164 165 165 166 163 166 167 163 169 168 171 171 172 169 172 170 169 176 177 178 176 178 179 180 181 182 180 182 183 184 185 186 184 186 187 188 189 190 188 190 191 192 193 194 192 194 195 196 197 198 196 198 199 200 201 202 200 202 203 204 205 206 204 206 207 199 198 208 199 208 209 195 194 210 195 210 211 212 213 214 212 214 215 216 217 218 216 218 219 220 221 222 220 222 223 224 225 226 224 226 227 228 229 230 228 230 231 232 233 234 232 234 235 236 237 238 236 238 239 240 241 242 240 242 243 244 245 246 244 246 247 248 249 250 248 250 251 251 250 252 251 252 253 254 255 256 254 256 257 258 259 260 258 260 261 257 256 262 257 262 263 264 265 266 264 266 267 268 269 270 268 270 271 272 273 274 272 274 275 276 277 278 276 278 279 280 281 277 280 277 276 282 283 284 282 284 285 286 287 288 286 288 289 290 291 292 290 292 293 294 295 296 294 296 297 298 299 300 298 300 301 302 303 304 302 304 305 306 307 308 306 308 309 310 311 312 310 312 313 314 315 311 314 311 310 316 317 318 316 318 319 309 308 320 309 320 321 322 323 324 322 324 325 326 327 328 326 328 329 330 331 327 330 327 326 332 333 334 332 334 335 336 337 338 336 338 339 340 341 337 340 337 336 342 343 344 342 344 345 345 344 346 345 346 347 348 349 350 348 350 351 352 353 354 352 354 355 356 357 358 356 358 359 360 361 362 360 362 363 364 365 366 364 366 367 368 369 370 368 370 371 372 373 374 372 374 375 376 377 373 376 373 372 378 379 380 378 380 381 382 383 384 382 384 385 386 387 388 386 388 389 390 391 392 390 392 393 394 395 396 394 396 397 397 396 398 397 398 399 400 401 402 400 402 403 404 405 406 404 406 407 408 409 410 408 410 411 412 413 414 412 414 415 403 402 416 403 416 417 418 419 420 418 420 421 422 423 424 422 424 425 426 427 428 426 428 429 430 431 432 430 432 433 421 420 434 421 434 435 436 437 438 436 438 439 440 441 442 440 442 443 444 445 446 444 446 447 448 449 445 448 445 444 450 451 437 450 437 436 452 453 454 452 454 455 456 457 458 456 458 459 460 461 462 460 462 463 464 465 466 464 466 467 468 469 470 468 470 471 472 473 469 472 469 468 474 475 476 474 476 477 478 479 480 478 480 481 482 483 484 482 484 485 486 487 488 486 488 489 481 480 490 481 490 491  
		</Mesh>
		<Materials>: 1
			<Material>: 0
				<AlbedoColor>: 1 1 1 1
				<EmissiveColor>: 0 0 0 0
				<Glossiness>: 0
				<Metallic>: 0
				<SpecularHighlight>: 1
				<GlossyReflection>: 1
				<AlbedoMap>: BLD_Structures1_A
				<MetallicMap>: BLD_Structures1_MS
				<NormalMap>: BLD_Structures1_N
				<EmissionMap>: null
				<DetailAlbedoMap>: DET_Concrete1_A
				<DetailNormalMap>: DET_Concrete1_N
		</Materials>
		<Children>: 0
	</Frame>
</Hierarchy>
