<Hierarchy>:
	<Frame>: 0 5 Villa2_Deco_Beam_A
		<Transform>: 0 0 0 0 0 0 1 1 1 0 0 0 1  
		<TransformMatrix>: 1 0 0 0 0 1 0 0 0 0 1 0 0 0 0 1  
		<BoxCollider>: 1 5.960464E-08 0.02999992 -2 0.6 0.2000002 4  
		<Mesh>: 42 Villa2_Deco_Beam_A
			<Bounds>: 5.960464E-08 0.02999992 -2 0.3 0.1000001 2
			<Positions>: 42 0.3000001 0.13 -4.371139E-09 0.3000001 0.1299998 -4 -0.3 0.13 -4.371139E-09 -0.3 0.1299998 -4 0.3000001 -0.02000001 -1.092785E-09 0.2500001 -0.07 0 0.2500001 -0.07000018 -4 0.3000001 -0.02000017 -4 -0.25 -0.07 0 -0.3 -0.02 -1.092785E-09 -0.3 -0.02000017 -4 -0.25 -0.07000018 -4 0.2183303 -0.07000018 -4 0.2183303 -0.07 0 -0.2196156 -0.07000018 -4 -0.2196156 -0.07 0 -0.3 -0.02 -1.092785E-09 -0.3 0.13 -4.371139E-09 -0.3 0.13 -4.371139E-09 0.3000001 0.13 -4.371139E-09 -0.3 0.1299998 -4 0.2500001 -0.07 0 0.2183303 -0.07 0 0.3000001 0.1299998 -4 0.3000001 0.13 -4.371139E-09 0.3000001 -0.02000001 -1.092785E-09 0.2500001 -0.07000018 -4 0.2500001 -0.07 0 -0.25 -0.07 0 -0.3 -0.02 -1.092785E-09 -0.3 -0.02000017 -4 -0.2196156 -0.07 0 -0.25 -0.07000018 -4 -0.25 -0.07 0 -0.25 -0.07000018 -4 -0.3 -0.02000017 -4 -0.3 0.1299998 -4 0.3000001 0.1299998 -4 -0.2196156 -0.07000018 -4 0.2183303 -0.07000018 -4 0.2500001 -0.07000018 -4 0.3000001 -0.02000017 -4  
			<Colors>: 0  
			<TextureCoords0>: 42 0.954834 0.4997559 0.909668 0.3916016 0.9091797 0.4997559 0.8647461 0.3916016 0.9542847 0.4911499 0.9503987 0.4882813 0.9592285 0.3916016 0.9440918 0.3916016 0.9133707 0.4882813 0.9095459 0.4911499 0.8310547 0.3916016 0.9958496 0.3916016 0.9615481 0.3916016 0.9480534 0.4882813 0.9936242 0.3916016 0.9156209 0.4882813 0.8310547 0.1245117 0.8647461 0.1245117 0.8647461 0.1245117 0.909668 0.1245117 0.8647461 0.3916016 0.9592285 0.1245117 0.9615481 0.1245117 0.909668 0.3916016 0.909668 0.1245117 0.9440918 0.1245117 0.9592285 0.3916016 0.9592285 0.1245117 0.9958497 0.1245117 0.9995117 0.1245117 0.9995117 0.3916016 0.9936242 0.1245117 0.9958496 0.3916016 0.9958497 0.1245117 0.9060059 0.4299316 0.909668 0.4338379 0.909668 0.4448242 0.8654785 0.4448242 0.9035645 0.4299316 0.871582 0.4299316 0.8691406 0.4299316 0.8654785 0.4338379  
			<TextureCoords1>: 42 0.1527433 0.5484884 0.00390625 0.6020069 0.003906258 0.5484884 0.00390625 0.7547505 0.1527433 0.5856975 0.1403402 0.5981007 0.9961535 0.8134067 0.9961539 0.9785531 0.01630934 0.5981007 0.00390625 0.5856976 0.003906608 0.7919598 0.003906801 0.8095004 0.9961528 0.8212628 0.1324841 0.5981007 0.9961535 0.9299004 0.02384654 0.5981007 0.9961532 0.7919598 0.9961529 0.7547505 0.9961534 0.7508442 0.9961526 0.6020072 0.003906959 0.750844 0.003907018 0.8134066 0.003906304 0.8212627 0.9961543 0.9413439 0.003907313 0.9413438 0.003906864 0.9785531 0.9961532 0.9960938 0.00390625 0.9960937 0.9961534 0.8095003 0.9961532 0.7919598 0.003906608 0.7919598 0.003906969 0.9299003 0.9961528 0.9374376 0.00390625 0.9374375 0.1403402 0.5445821 0.1527433 0.532179 0.1527433 0.4949698 0.00390625 0.4949698 0.132803 0.5445821 0.02416541 0.5445821 0.01630934 0.5445821 0.003906269 0.532179  
			<Normals>: 42 0 0 1 0 1 0 0 0 1 -1 0 0 0 0 1 0 0 1 0.3826815 -0.9238803 0 0.9238803 -0.3826815 0 0 0 1 0 0 1 -0.9238803 -0.3826815 0 -0.3826815 -0.9238803 0 0 -1 0 0 0 1 0 -1 0 0 0 1 -0.9238803 -0.3826815 0 -1 0 0 0 1 0 0 1 0 0 1 0 0.3826815 -0.9238803 0 0 -1 0 1 0 0 1 0 0 0.9238803 -0.3826815 0 0.3826815 -0.9238803 0 0.3826815 -0.9238803 0 -0.3826815 -0.9238803 0 -0.9238803 -0.3826815 0 -0.9238803 -0.3826815 0 0 -1 0 -0.3826815 -0.9238803 0 -0.3826815 -0.9238803 0 0 0 -1 0 0 -1 0 0 -1 0 0 -1 0 0 -1 0 0 -1 0 0 -1 0 0 -1  
			<Tangents>: 42 1 -2.833769E-09 0 1 0 0 1 0 0 0 1 -5.215219E-10 1 -1.986821E-07 0 1 -5.177348E-08 0 -0.9238803 -0.3826815 0 -0.3826815 -0.9238803 0 1 1.933554E-08 0 1 4.840282E-09 0 -0.3826815 0.9238803 0 -0.9238803 0.3826815 0 -1 0 0 1 0 0 -1 0 0 1 0 0 -0.3826815 0.9238803 -2.309192E-08 0 1 -2.185569E-08 1 0 0 1 0 0 1 0 0 -0.9238803 -0.3826815 0 -1 0 0 0 -1 0 0 -1 0 -0.3826815 -0.9238803 0 -0.9238803 -0.3826815 0 -0.9238803 -0.3826815 0 -0.9238803 0.3826815 -1.65394E-08 -0.3826815 0.9238803 -1.672764E-08 -0.3826815 0.9238803 -1.882294E-10 -1 0 0 -0.9238803 0.3826815 0 -0.9238803 0.3826815 0 -0.9999989 -0.001446591 0 -0.9977852 -0.06651902 0 -0.9999997 -0.0007430495 0 -0.9999995 0.001034535 0 -1 0 0 -1 0 0 -0.9998641 0.0164866 0 -0.9977852 0.0665188 0  
			<BiTangents>: 42 -2.833769E-09 -1 0 0 0 1 0 -1 0 0 5.215219E-10 1 -1.986821E-07 -1 0 -5.177348E-08 -1 0 0 0 1 0 0 1 1.933554E-08 -1 0 4.840282E-09 -1 0 0 0 1 0 0 1 0 0 1 0 -1 0 0 0 1 0 -1 0 -8.836852E-09 2.133417E-08 1 0 2.185569E-08 1 0 0 1 0 0 1 0 0 1 0 0 1 0 0 1 0 0 1 0 0 1 0 0 1 0 0 1 0 0 1 -1.528043E-08 6.329325E-09 1 -6.401359E-09 1.545434E-08 1 -7.203193E-11 1.739015E-10 1 0 0 1 0 0 1 0 0 1 0.001446591 -0.9999989 0 0.06651902 -0.9977852 0 0.0007430495 -0.9999997 0 -0.001034535 -0.9999995 0 0 -1 0 0 -1 0 -0.0164866 -0.9998641 0 -0.0665188 -0.9977852 0  
			<SubMeshes>: 1
				<SubMesh>: 0 84 0 2 9 9 8 0 8 15 0 15 13 0 13 5 0 5 4 0 16 17 3 16 3 10 18 19 1 18 1 20 12 6 21 12 21 22 7 23 24 7 24 25 26 7 25 26 25 27 28 29 30 28 30 11 14 12 22 14 22 31 32 14 31 32 31 33 34 35 36 36 37 34 37 38 34 37 39 38 37 40 39 37 41 40  
		</Mesh>
		<Materials>: 1
			<Material>: 0
				<AlbedoColor>: 1 1 1 1
				<EmissiveColor>: 0 0 0 0
				<Glossiness>: 0.04
				<Metallic>: 0
				<SpecularHighlight>: 1
				<GlossyReflection>: 1
				<AlbedoMap>: BLD_Villa2_A
				<MetallicMap>: BLD_Villa2_MS
				<NormalMap>: BLD_Villa2_N
				<EmissionMap>: null
				<DetailAlbedoMap>: DET_Concrete1_A
				<DetailNormalMap>: DET_Concrete1_N
		</Materials>
		<Children>: 0
	</Frame>
</Hierarchy>
