<Hierarchy>:
	<Frame>: 0 4 Villa2_Door_B
		<Transform>: 0 0 0 0 0 0 1 1 1 0 0 0 1  
		<TransformMatrix>: 1 0 0 0 0 1 0 0 0 0 1 0 0 0 0 1  
		<BoxCollider>: 1 -0.4265431 2.430315 -0.003753342 0.9026595 4.860631 0.1369692  
		<Mesh>: 422 Villa2_Door_B
			<Bounds>: -0.4265431 2.430315 -0.003753342 0.4513297 2.430315 0.06848462
			<Positions>: 422 -0.7365719 1.433881 0.01588912 -0.7333584 1.437094 0.01588912 -0.7333584 1.472303 0.01588912 -0.7365719 1.475516 0.01588912 -0.862154 1.437094 0.01588912 -0.8589405 1.433881 0.01588912 -0.8589405 1.475516 0.01588912 -0.862154 1.472303 0.01588912 -0.7333584 1.437094 0.06288984 -0.7351997 1.437857 0.06473127 -0.7365719 1.433881 0.06288984 -0.7373347 1.435722 0.06473127 -0.7365719 1.475516 0.06288984 -0.7373347 1.473675 0.06473127 -0.7333584 1.472303 0.06288984 -0.7351997 1.47154 0.06473127 -0.8589405 1.433881 0.06288984 -0.8581777 1.435722 0.06473127 -0.862154 1.437094 0.06288984 -0.8603127 1.437857 0.06473127 -0.862154 1.472303 0.06288984 -0.8603127 1.47154 0.06473127 -0.8589405 1.475516 0.06288984 -0.8581777 1.473675 0.06473127 -0.7365719 1.357593 0.01588913 -0.7333584 1.360806 0.01588913 -0.7333584 1.396015 0.01588913 -0.7365719 1.399228 0.01588913 -0.862154 1.360806 0.01588913 -0.8589405 1.357593 0.01588913 -0.8589405 1.399228 0.01588913 -0.862154 1.396015 0.01588913 -0.7333584 1.360806 0.06288985 -0.7351997 1.361569 0.06473128 -0.7365719 1.357593 0.06288985 -0.7373347 1.359434 0.06473128 -0.7365719 1.399228 0.06288985 -0.7373347 1.397387 0.06473128 -0.7333584 1.396015 0.06288985 -0.7351997 1.395252 0.06473128 -0.8589405 1.357593 0.06288985 -0.8581777 1.359434 0.06473128 -0.862154 1.360806 0.06288985 -0.8603127 1.361569 0.06473128 -0.862154 1.396015 0.06288985 -0.8603127 1.395252 0.06473128 -0.8589405 1.399228 0.06288985 -0.8581777 1.397387 0.06473128 -0.7365719 1.433881 -0.02339582 -0.7333584 1.437094 -0.02339582 -0.7333584 1.472303 -0.02339582 -0.7365719 1.475516 -0.02339582 -0.862154 1.437094 -0.02339582 -0.8589405 1.433881 -0.02339582 -0.8589405 1.475516 -0.02339582 -0.862154 1.472303 -0.02339582 -0.7333584 1.437094 -0.07039654 -0.7351997 1.437857 -0.07223796 -0.7365719 1.433881 -0.07039654 -0.7373347 1.435722 -0.07223796 -0.7365719 1.475516 -0.07039654 -0.7373347 1.473675 -0.07223796 -0.7333584 1.472303 -0.07039654 -0.7351997 1.47154 -0.07223796 -0.8589405 1.433881 -0.07039654 -0.8581777 1.435722 -0.07223796 -0.862154 1.437094 -0.07039654 -0.8603127 1.437857 -0.07223796 -0.862154 1.472303 -0.07039654 -0.8603127 1.47154 -0.07223796 -0.8589405 1.475516 -0.07039654 -0.8581777 1.473675 -0.07223796 -0.7365719 1.357593 -0.02339581 -0.7333584 1.360806 -0.02339581 -0.7333584 1.396015 -0.02339582 -0.7365719 1.399228 -0.02339582 -0.862154 1.360806 -0.02339581 -0.8589405 1.357593 -0.02339581 -0.8589405 1.399228 -0.02339582 -0.862154 1.396015 -0.02339582 -0.7333584 1.360806 -0.07039654 -0.7351997 1.361569 -0.07223796 -0.7365719 1.357593 -0.07039654 -0.7373347 1.359434 -0.07223796 -0.7365719 1.399228 -0.07039654 -0.7373347 1.397387 -0.07223796 -0.7333584 1.396015 -0.07039654 -0.7351997 1.395252 -0.07223796 -0.8589405 1.357593 -0.07039654 -0.8581777 1.359434 -0.07223796 -0.862154 1.360806 -0.07039654 -0.8603127 1.361569 -0.07223796 -0.862154 1.396015 -0.07039654 -0.8603127 1.395252 -0.07223796 -0.8589405 1.399228 -0.07039654 -0.8581777 1.397387 -0.07223796 0.000324117 0.4803848 -0.02870343 0.000324117 0.9478788 -0.02870345 -0.02413844 0.4803848 -0.01457996 -0.02413844 0.9478788 -0.01457999 -0.02413844 0.4803848 0.01366696 -0.02413844 0.9478788 0.01366694 0.0003241189 0.4803848 0.02779042 0.0003241189 0.9478788 0.0277904 0.02478668 0.4803848 0.01366696 0.02478668 0.9478788 0.01366694 0.02478668 0.4803848 -0.01457996 0.02478668 0.9478788 -0.01457999 0.000324117 4.135799 -0.02870359 0.000324117 4.603293 -0.02870361 -0.02413844 4.135799 -0.01458013 -0.02413844 4.603293 -0.01458014 -0.02413844 4.135799 0.0136668 -0.02413844 4.603293 0.01366678 0.0003241189 4.135799 0.02779027 0.0003241189 4.603293 0.02779024 0.02478668 4.135799 0.0136668 0.02478668 4.603293 0.01366678 0.02478668 4.135799 -0.01458013 0.02478668 4.603293 -0.01458014 -0.0238582 1.149785E-07 0.04845563 -0.0238582 4.860631 0.04845539 -0.0238582 1.106073E-07 -0.05154434 -0.0238582 4.860631 -0.05154457 -0.8778728 1.149785E-07 0.04845563 -0.8778728 4.860631 0.04845539 -0.8778728 1.106073E-07 -0.05154434 -0.8778728 4.860631 -0.05154457 -0.8589405 1.433881 0.01588912 -0.862154 1.437094 0.01588912 -0.862154 1.472303 0.01588912 -0.8589405 1.475516 0.01588912 -0.7365719 1.433881 0.01588912 -0.7365719 1.475516 0.01588912 -0.7333584 1.437094 0.01588912 -0.7333584 1.472303 0.01588912 -0.8589405 1.475516 0.06288984 -0.8589405 1.475516 0.01588912 -0.7333584 1.472303 0.06288984 -0.7333584 1.437094 0.06288984 -0.7333584 1.437094 0.01588912 -0.7333584 1.472303 0.01588912 -0.862154 1.437094 0.01588912 -0.862154 1.437094 0.06288984 -0.7333584 1.472303 0.06288984 -0.7365719 1.475516 0.06288984 -0.7365719 1.433881 0.06288984 -0.7333584 1.437094 0.06288984 -0.8589405 1.475516 0.06288984 -0.862154 1.472303 0.06288984 -0.862154 1.437094 0.06288984 -0.8589405 1.433881 0.06288984 -0.7351997 1.437857 0.06473127 -0.7333584 1.437094 0.06288984 -0.7333584 1.472303 0.06288984 -0.7351997 1.47154 0.06473127 -0.862154 1.437094 0.06288984 -0.8603127 1.437857 0.06473127 -0.8603127 1.47154 0.06473127 -0.862154 1.472303 0.06288984 -0.8589405 1.475516 0.06288984 -0.8581777 1.473675 0.06473127 -0.8603127 1.437857 0.06473127 -0.8581777 1.435722 0.06473127 -0.7373347 1.473675 0.06473127 -0.7373347 1.435722 0.06473127 -0.7351997 1.47154 0.06473127 -0.7351997 1.437857 0.06473127 -0.8589405 1.357593 0.01588913 -0.862154 1.360806 0.01588913 -0.862154 1.396015 0.01588913 -0.8589405 1.399228 0.01588913 -0.7365719 1.357593 0.01588913 -0.7365719 1.399228 0.01588913 -0.7333584 1.360806 0.01588913 -0.7333584 1.396015 0.01588913 -0.8589405 1.399228 0.06288985 -0.8589405 1.399228 0.01588913 -0.7333584 1.396015 0.06288985 -0.7333584 1.360806 0.06288985 -0.7333584 1.360806 0.01588913 -0.7333584 1.396015 0.01588913 -0.862154 1.360806 0.01588913 -0.862154 1.360806 0.06288985 -0.7333584 1.396015 0.06288985 -0.7365719 1.399228 0.06288985 -0.7365719 1.357593 0.06288985 -0.7333584 1.360806 0.06288985 -0.8589405 1.399228 0.06288985 -0.862154 1.396015 0.06288985 -0.862154 1.360806 0.06288985 -0.8589405 1.357593 0.06288985 -0.7351997 1.361569 0.06473128 -0.7333584 1.360806 0.06288985 -0.7333584 1.396015 0.06288985 -0.7351997 1.395252 0.06473128 -0.862154 1.360806 0.06288985 -0.8603127 1.361569 0.06473128 -0.8603127 1.395252 0.06473128 -0.862154 1.396015 0.06288985 -0.8589405 1.399228 0.06288985 -0.8581777 1.397387 0.06473128 -0.8603127 1.361569 0.06473128 -0.8581777 1.359434 0.06473128 -0.7373347 1.397387 0.06473128 -0.7373347 1.359434 0.06473128 -0.7351997 1.395252 0.06473128 -0.7351997 1.361569 0.06473128 -0.7365719 1.433881 -0.02339582 -0.7333584 1.437094 -0.07039654 -0.8589405 1.475516 -0.02339582 -0.862154 1.472303 -0.02339582 -0.862154 1.437094 -0.02339582 -0.8589405 1.433881 -0.02339582 -0.7365719 1.475516 -0.02339582 -0.7365719 1.433881 -0.02339582 -0.7333584 1.472303 -0.02339582 -0.7333584 1.437094 -0.02339582 -0.8589405 1.475516 -0.07039654 -0.8589405 1.475516 -0.02339582 -0.7333584 1.472303 -0.07039654 -0.7333584 1.472303 -0.02339582 -0.862154 1.437094 -0.07039654 -0.862154 1.437094 -0.02339582 -0.7365719 1.475516 -0.07039654 -0.7333584 1.472303 -0.07039654 -0.7333584 1.437094 -0.07039654 -0.7365719 1.433881 -0.07039654 -0.862154 1.472303 -0.07039654 -0.8589405 1.475516 -0.07039654 -0.8589405 1.433881 -0.07039654 -0.862154 1.437094 -0.07039654 -0.7351997 1.437857 -0.07223796 -0.7351997 1.47154 -0.07223796 -0.7333584 1.472303 -0.07039654 -0.7333584 1.437094 -0.07039654 -0.862154 1.437094 -0.07039654 -0.862154 1.472303 -0.07039654 -0.8603127 1.47154 -0.07223796 -0.8603127 1.437857 -0.07223796 -0.8589405 1.475516 -0.07039654 -0.7365719 1.475516 -0.07039654 -0.7373347 1.473675 -0.07223796 -0.8581777 1.473675 -0.07223796 -0.8581777 1.435722 -0.07223796 -0.8603127 1.437857 -0.07223796 -0.7373347 1.435722 -0.07223796 -0.7351997 1.437857 -0.07223796 -0.7365719 1.357593 -0.02339581 -0.7333584 1.360806 -0.07039654 -0.8589405 1.399228 -0.02339582 -0.862154 1.396015 -0.02339582 -0.862154 1.360806 -0.02339581 -0.8589405 1.357593 -0.02339581 -0.7365719 1.399228 -0.02339582 -0.7365719 1.357593 -0.02339581 -0.7333584 1.396015 -0.02339582 -0.7333584 1.360806 -0.02339581 -0.8589405 1.399228 -0.07039654 -0.8589405 1.399228 -0.02339582 -0.7333584 1.396015 -0.07039654 -0.7333584 1.396015 -0.02339582 -0.862154 1.360806 -0.07039654 -0.862154 1.360806 -0.02339581 -0.7365719 1.399228 -0.07039654 -0.7333584 1.396015 -0.07039654 -0.7333584 1.360806 -0.07039654 -0.7365719 1.357593 -0.07039654 -0.862154 1.396015 -0.07039654 -0.8589405 1.399228 -0.07039654 -0.8589405 1.357593 -0.07039654 -0.862154 1.360806 -0.07039654 -0.7351997 1.361569 -0.07223796 -0.7351997 1.395252 -0.07223796 -0.7333584 1.396015 -0.07039654 -0.7333584 1.360806 -0.07039654 -0.862154 1.360806 -0.07039654 -0.862154 1.396015 -0.07039654 -0.8603127 1.395252 -0.07223796 -0.8603127 1.361569 -0.07223796 -0.8589405 1.399228 -0.07039654 -0.7365719 1.399228 -0.07039654 -0.7373347 1.397387 -0.07223796 -0.8581777 1.397387 -0.07223796 -0.8581777 1.359434 -0.07223796 -0.8603127 1.361569 -0.07223796 -0.7373347 1.359434 -0.07223796 -0.7351997 1.361569 -0.07223796 0.0003241189 0.4803848 0.02779042 0.0003241189 0.9478788 0.0277904 0.000324117 0.9478788 -0.02870345 -0.02413844 0.9478788 -0.01457999 0.02478668 0.9478788 0.01366694 -0.02413844 0.9478788 0.01366694 0.0003241189 0.9478788 0.0277904 0.000324117 0.4803848 -0.02870343 0.000324117 0.9478788 -0.02870345 0.02478668 0.9478788 -0.01457999 0.02478668 0.4803848 0.01366696 0.02478668 0.4803848 -0.01457996 0.02478668 0.9478788 -0.01457999 0.02478668 0.9478788 0.01366694 -0.02413844 0.4803848 -0.01457996 0.000324117 0.4803848 -0.02870343 0.02478668 0.4803848 -0.01457996 -0.02413844 0.4803848 0.01366696 0.02478668 0.4803848 0.01366696 0.0003241189 0.4803848 0.02779042 0.0003241189 4.135799 0.02779027 0.0003241189 4.603293 0.02779024 0.000324117 4.603293 -0.02870361 -0.02413844 4.603293 -0.01458014 0.02478668 4.603293 0.01366678 -0.02413844 4.603293 0.01366678 0.0003241189 4.603293 0.02779024 0.000324117 4.135799 -0.02870359 0.000324117 4.603293 -0.02870361 0.02478668 4.603293 -0.01458014 0.02478668 4.135799 0.0136668 0.02478668 4.135799 -0.01458013 0.02478668 4.603293 -0.01458014 0.02478668 4.603293 0.01366678 -0.02413844 4.135799 -0.01458013 0.000324117 4.135799 -0.02870359 0.02478668 4.135799 -0.01458013 -0.02413844 4.135799 0.0136668 0.02478668 4.135799 0.0136668 0.0003241189 4.135799 0.02779027 -0.0238582 4.860631 -0.05154457 -0.0238582 1.106073E-07 -0.05154434 -0.8778728 4.860631 -0.05154457 -0.8778728 1.106073E-07 -0.05154434 -0.8778728 4.860631 0.04845539 -0.8778728 1.149785E-07 0.04845563 -0.0238582 1.149785E-07 0.04845563 -0.0238582 4.860631 0.04845539 -0.0238582 1.149785E-07 0.04845563 -0.8778728 1.149785E-07 0.04845563 -0.8778728 1.106073E-07 -0.05154434 -0.0238582 1.106073E-07 -0.05154434 -0.8778728 4.860631 0.04845539 -0.0238582 4.860631 0.04845539 -0.0238582 4.860631 -0.05154457 -0.8778728 4.860631 -0.05154457 -0.7365719 1.475516 0.06288984 -0.7365719 1.475516 0.01588912 -0.7365719 1.433881 0.06288984 -0.8589405 1.433881 0.06288984 -0.8589405 1.433881 0.01588912 -0.7365719 1.433881 0.01588912 -0.7351997 1.47154 0.06473127 -0.7365719 1.475516 0.06288984 -0.7373347 1.435722 0.06473127 -0.7333584 1.437094 0.06288984 -0.8581777 1.473675 0.06473127 -0.862154 1.472303 0.06288984 -0.8603127 1.437857 0.06473127 -0.8589405 1.433881 0.06288984 -0.7373347 1.473675 0.06473127 -0.8581777 1.473675 0.06473127 -0.8603127 1.47154 0.06473127 -0.7373347 1.435722 0.06473127 -0.7373347 1.473675 0.06473127 -0.7365719 1.399228 0.06288985 -0.7365719 1.399228 0.01588913 -0.7365719 1.357593 0.06288985 -0.8589405 1.357593 0.06288985 -0.8589405 1.357593 0.01588913 -0.7365719 1.357593 0.01588913 -0.7351997 1.395252 0.06473128 -0.7365719 1.399228 0.06288985 -0.7373347 1.359434 0.06473128 -0.7333584 1.360806 0.06288985 -0.8581777 1.397387 0.06473128 -0.862154 1.396015 0.06288985 -0.8603127 1.361569 0.06473128 -0.8589405 1.357593 0.06288985 -0.7373347 1.397387 0.06473128 -0.8581777 1.397387 0.06473128 -0.8603127 1.395252 0.06473128 -0.7373347 1.359434 0.06473128 -0.7373347 1.397387 0.06473128 -0.7365719 1.475516 -0.02339582 -0.7365719 1.475516 -0.07039654 -0.7365719 1.433881 -0.07039654 -0.7365719 1.433881 -0.02339582 -0.8589405 1.433881 -0.02339582 -0.8589405 1.433881 -0.07039654 -0.7351997 1.47154 -0.07223796 -0.7365719 1.475516 -0.07039654 -0.7373347 1.435722 -0.07223796 -0.7333584 1.437094 -0.07039654 -0.8581777 1.473675 -0.07223796 -0.862154 1.472303 -0.07039654 -0.8603127 1.437857 -0.07223796 -0.8589405 1.433881 -0.07039654 -0.8603127 1.47154 -0.07223796 -0.8581777 1.473675 -0.07223796 -0.7373347 1.473675 -0.07223796 -0.7373347 1.473675 -0.07223796 -0.7373347 1.435722 -0.07223796 -0.7351997 1.47154 -0.07223796 -0.7365719 1.399228 -0.02339582 -0.7365719 1.399228 -0.07039654 -0.7365719 1.357593 -0.07039654 -0.7365719 1.357593 -0.02339581 -0.8589405 1.357593 -0.02339581 -0.8589405 1.357593 -0.07039654 -0.7351997 1.395252 -0.07223796 -0.7365719 1.399228 -0.07039654 -0.7373347 1.359434 -0.07223796 -0.7333584 1.360806 -0.07039654 -0.8581777 1.397387 -0.07223796 -0.862154 1.396015 -0.07039654 -0.8603127 1.361569 -0.07223796 -0.8589405 1.357593 -0.07039654 -0.8603127 1.395252 -0.07223796 -0.8581777 1.397387 -0.07223796 -0.7373347 1.397387 -0.07223796 -0.7373347 1.397387 -0.07223796 -0.7373347 1.359434 -0.07223796 -0.7351997 1.395252 -0.07223796  
			<Colors>: 0  
			<TextureCoords0>: 422 0.5283203 0.08789063 0.5283203 0.08740234 0.5283203 0.08349609 0.5283203 0.08349609 0.5283203 0.07373047 0.5283203 0.07373047 0.5283203 0.06884766 0.5283203 0.06982422 0.5239258 0.08740234 0.5102539 0.07714844 0.5239258 0.08789063 0.5102539 0.07763672 0.5239258 0.08349609 0.5102539 0.07421875 0.5239258 0.08349609 0.5102539 0.07421875 0.5239258 0.07373047 0.5234375 0.07763672 0.5239258 0.07373047 0.5239258 0.07714844 0.5239258 0.06982422 0.5239258 0.07421875 0.5239258 0.06884766 0.5234375 0.07421875 0.5283203 0.08789063 0.5283203 0.08740234 0.5283203 0.08349609 0.5283203 0.08349609 0.5283203 0.07373047 0.5283203 0.07373047 0.5283203 0.06884766 0.5283203 0.06982422 0.5239258 0.08740234 0.5102539 0.07714844 0.5239258 0.08789063 0.5102539 0.07763672 0.5239258 0.08349609 0.5102539 0.07421875 0.5239258 0.08349609 0.5102539 0.07421875 0.5239258 0.07373047 0.5234375 0.07763672 0.5239258 0.07373047 0.5239258 0.07714844 0.5239258 0.06982422 0.5239258 0.07421875 0.5239258 0.06884766 0.5234375 0.07421875 0.5283203 0.08789063 0.5283203 0.08740234 0.5283203 0.08349609 0.5283203 0.08349609 0.5283203 0.07373047 0.5283203 0.07373047 0.5283203 0.06884766 0.5283203 0.06982422 0.5239258 0.08740234 0.5102539 0.07714844 0.5239258 0.08789063 0.5102539 0.07763672 0.5239258 0.08349609 0.5102539 0.07421875 0.5239258 0.08349609 0.5102539 0.07421875 0.5239258 0.07373047 0.5234375 0.07763672 0.5239258 0.07373047 0.5239258 0.07714844 0.5239258 0.06982422 0.5239258 0.07421875 0.5239258 0.06884766 0.5234375 0.07421875 0.5283203 0.08789063 0.5283203 0.08740234 0.5283203 0.08349609 0.5283203 0.08349609 0.5283203 0.07373047 0.5283203 0.07373047 0.5283203 0.06884766 0.5283203 0.06982422 0.5239258 0.08740234 0.5102539 0.07714844 0.5239258 0.08789063 0.5102539 0.07763672 0.5239258 0.08349609 0.5102539 0.07421875 0.5239258 0.08349609 0.5102539 0.07421875 0.5239258 0.07373047 0.5234375 0.07763672 0.5239258 0.07373047 0.5239258 0.07714844 0.5239258 0.06982422 0.5239258 0.07421875 0.5239258 0.06884766 0.5234375 0.07421875 0.2135454 0.07379717 0.2135454 0.03713471 0.2113302 0.07379717 0.2113302 0.03713471 0.2224063 0.07379717 0.2224063 0.03713471 0.2201911 0.07379717 0.2201911 0.03713471 0.2179759 0.07379717 0.2179759 0.03713471 0.2157606 0.07379717 0.2262489 0.07047433 0.2135454 0.07379717 0.2135454 0.03713471 0.2113302 0.07379717 0.2113302 0.03713471 0.2224063 0.07379717 0.2224063 0.03713471 0.2201911 0.07379717 0.2201911 0.03713471 0.2179759 0.07379717 0.2179759 0.03713471 0.2157606 0.07379717 0.2262489 0.07047433 0.4975586 0.5996094 0.4975586 0.04931641 0.5083008 0.5996094 0.5083008 0.04931641 0.4975586 0.5996094 0.4975586 0.04931641 0.4975586 0.5996094 0.4975586 0.06005859 0.5234375 0.07763672 0.5239258 0.07763672 0.5239258 0.07421875 0.5234375 0.07373047 0.5102539 0.07763672 0.5102539 0.07373047 0.5097656 0.07763672 0.5097656 0.07421875 0.5239258 0.06933594 0.5283203 0.06933594 0.5239258 0.08349609 0.5239258 0.08740234 0.5283203 0.08740234 0.5283203 0.08349609 0.5283203 0.07373047 0.5239258 0.07373047 0.5097656 0.07421875 0.5102539 0.07373047 0.5102539 0.07763672 0.5097656 0.07763672 0.5234375 0.07373047 0.5239258 0.07421875 0.5239258 0.07763672 0.5234375 0.07763672 0.5102539 0.07714844 0.5097656 0.07763672 0.5097656 0.07421875 0.5102539 0.07421875 0.5239258 0.07763672 0.5239258 0.07714844 0.5239258 0.07421875 0.5239258 0.07421875 0.5234375 0.07373047 0.5234375 0.07421875 0.5239258 0.07714844 0.5234375 0.07763672 0.5102539 0.07421875 0.5102539 0.07763672 0.5102539 0.07421875 0.5102539 0.07714844 0.5234375 0.07763672 0.5239258 0.07763672 0.5239258 0.07421875 0.5234375 0.07373047 0.5102539 0.07763672 0.5102539 0.07373047 0.5097656 0.07763672 0.5097656 0.07421875 0.5239258 0.06933594 0.5283203 0.06933594 0.5239258 0.08349609 0.5239258 0.08740234 0.5283203 0.08740234 0.5283203 0.08349609 0.5283203 0.07373047 0.5239258 0.07373047 0.5097656 0.07421875 0.5102539 0.07373047 0.5102539 0.07763672 0.5097656 0.07763672 0.5234375 0.07373047 0.5239258 0.07421875 0.5239258 0.07763672 0.5234375 0.07763672 0.5102539 0.07714844 0.5097656 0.07763672 0.5097656 0.07421875 0.5102539 0.07421875 0.5239258 0.07763672 0.5239258 0.07714844 0.5239258 0.07421875 0.5239258 0.07421875 0.5234375 0.07373047 0.5234375 0.07421875 0.5239258 0.07714844 0.5234375 0.07763672 0.5102539 0.07421875 0.5102539 0.07763672 0.5102539 0.07421875 0.5102539 0.07714844 0.5283203 0.08789063 0.5239258 0.08740234 0.5234375 0.07373047 0.5239258 0.07421875 0.5239258 0.07763672 0.5234375 0.07763672 0.5102539 0.07373047 0.5102539 0.07763672 0.5097656 0.07421875 0.5097656 0.07763672 0.5239258 0.06933594 0.5283203 0.06933594 0.5239258 0.08349609 0.5283203 0.08349609 0.5239258 0.07373047 0.5283203 0.07373047 0.5102539 0.07373047 0.5097656 0.07421875 0.5097656 0.07763672 0.5102539 0.07763672 0.5239258 0.07421875 0.5234375 0.07373047 0.5234375 0.07763672 0.5239258 0.07763672 0.5102539 0.07714844 0.5102539 0.07421875 0.5097656 0.07421875 0.5097656 0.07763672 0.5239258 0.07763672 0.5239258 0.07421875 0.5239258 0.07421875 0.5239258 0.07714844 0.5234375 0.07373047 0.5102539 0.07373047 0.5102539 0.07421875 0.5234375 0.07421875 0.5234375 0.07763672 0.5239258 0.07714844 0.5102539 0.07763672 0.5102539 0.07714844 0.5283203 0.08789063 0.5239258 0.08740234 0.5234375 0.07373047 0.5239258 0.07421875 0.5239258 0.07763672 0.5234375 0.07763672 0.5102539 0.07373047 0.5102539 0.07763672 0.5097656 0.07421875 0.5097656 0.07763672 0.5239258 0.06933594 0.5283203 0.06933594 0.5239258 0.08349609 0.5283203 0.08349609 0.5239258 0.07373047 0.5283203 0.07373047 0.5102539 0.07373047 0.5097656 0.07421875 0.5097656 0.07763672 0.5102539 0.07763672 0.5239258 0.07421875 0.5234375 0.07373047 0.5234375 0.07763672 0.5239258 0.07763672 0.5102539 0.07714844 0.5102539 0.07421875 0.5097656 0.07421875 0.5097656 0.07763672 0.5239258 0.07763672 0.5239258 0.07421875 0.5239258 0.07421875 0.5239258 0.07714844 0.5234375 0.07373047 0.5102539 0.07373047 0.5102539 0.07421875 0.5234375 0.07421875 0.5234375 0.07763672 0.5239258 0.07714844 0.5102539 0.07763672 0.5102539 0.07714844 0.2201911 0.07379717 0.2201911 0.03713471 0.2262489 0.07268953 0.2243305 0.07379717 0.2243305 0.06936675 0.222412 0.07268953 0.222412 0.07047433 0.2135454 0.07379717 0.2135454 0.03713471 0.2157607 0.03713471 0.2179759 0.07379717 0.2157606 0.07379717 0.2157607 0.03713471 0.2179759 0.03713471 0.2262489 0.06603819 0.2262489 0.0682534 0.2243305 0.06936103 0.2243305 0.06493056 0.222412 0.0682534 0.222412 0.06603819 0.2201911 0.07379717 0.2201911 0.03713471 0.2262489 0.07268953 0.2243305 0.07379717 0.2243305 0.06936675 0.222412 0.07268953 0.222412 0.07047433 0.2135454 0.07379717 0.2135454 0.03713471 0.2157607 0.03713471 0.2179759 0.07379717 0.2157606 0.07379717 0.2157607 0.03713471 0.2179759 0.03713471 0.2262489 0.06603819 0.2262489 0.0682534 0.2243305 0.06936103 0.2243305 0.06493056 0.222412 0.0682534 0.222412 0.06603819 0.3999023 0.06005859 0.3999023 0.5996094 0.5083008 0.04931641 0.5083008 0.5996094 0.4975586 0.06005859 0.4975586 0.5996094 0.3999023 0.5996094 0.3999023 0.06005859 0.3999023 0.05957031 0.4970703 0.05957031 0.4970703 0.04931641 0.3999023 0.04931641 0.4970703 0.05957031 0.3999023 0.05957031 0.3999023 0.04931641 0.4970703 0.04931641 0.5239258 0.08349609 0.5283203 0.08349609 0.5239258 0.08789063 0.5239258 0.07373047 0.5283203 0.07373047 0.5283203 0.08789063 0.5102539 0.07421875 0.5102539 0.07373047 0.5102539 0.07763672 0.5097656 0.07763672 0.5234375 0.07421875 0.5239258 0.07421875 0.5239258 0.07714844 0.5234375 0.07763672 0.5102539 0.07421875 0.5234375 0.07421875 0.5239258 0.07421875 0.5102539 0.07763672 0.5102539 0.07421875 0.5239258 0.08349609 0.5283203 0.08349609 0.5239258 0.08789063 0.5239258 0.07373047 0.5283203 0.07373047 0.5283203 0.08789063 0.5102539 0.07421875 0.5102539 0.07373047 0.5102539 0.07763672 0.5097656 0.07763672 0.5234375 0.07421875 0.5239258 0.07421875 0.5239258 0.07714844 0.5234375 0.07763672 0.5102539 0.07421875 0.5234375 0.07421875 0.5239258 0.07421875 0.5102539 0.07763672 0.5102539 0.07421875 0.5283203 0.08349609 0.5239258 0.08349609 0.5239258 0.08789063 0.5283203 0.08789063 0.5283203 0.07373047 0.5239258 0.07373047 0.5102539 0.07421875 0.5102539 0.07373047 0.5102539 0.07763672 0.5097656 0.07763672 0.5234375 0.07421875 0.5239258 0.07421875 0.5239258 0.07714844 0.5234375 0.07763672 0.5239258 0.07421875 0.5234375 0.07421875 0.5102539 0.07421875 0.5102539 0.07421875 0.5102539 0.07763672 0.5102539 0.07421875 0.5283203 0.08349609 0.5239258 0.08349609 0.5239258 0.08789063 0.5283203 0.08789063 0.5283203 0.07373047 0.5239258 0.07373047 0.5102539 0.07421875 0.5102539 0.07373047 0.5102539 0.07763672 0.5097656 0.07763672 0.5234375 0.07421875 0.5239258 0.07421875 0.5239258 0.07714844 0.5234375 0.07763672 0.5239258 0.07421875 0.5234375 0.07421875 0.5102539 0.07421875 0.5102539 0.07421875 0.5102539 0.07763672 0.5102539 0.07421875  
			<TextureCoords1>: 422 0.03097264 0.445039 0.03186544 0.444908 0.03422277 0.4184546 0.03523683 0.4185617 0.00390625 0.4454741 0.004995076 0.4455981 0.1645497 0.4225864 0.1645497 0.4235142 0.03051035 0.4356746 0.03019325 0.4352112 0.02965961 0.4359203 0.02959925 0.435405 0.03618265 0.4090728 0.03624945 0.4085483 0.03528886 0.408844 0.03562466 0.4083283 0.006089814 0.4354172 0.006175786 0.4348611 0.005137009 0.4351541 0.005510581 0.4346079 0.1741444 0.4235142 0.03481212 0.4233917 0.1741444 0.4225864 0.03524613 0.422954 0.06283806 0.445039 0.06373086 0.444908 0.00390625 0.4184546 0.004920309 0.4185617 0.03577169 0.4454741 0.03686051 0.4455981 0.03410481 0.3962654 0.03410481 0.3971931 0.06237578 0.4356746 0.06205868 0.4352112 0.06152504 0.4359203 0.06146468 0.435405 0.005866128 0.4090728 0.005932926 0.4085483 0.004972335 0.408844 0.005308132 0.4083283 0.03795523 0.4354172 0.0380412 0.4348611 0.03700243 0.4351541 0.037376 0.4346079 0.04369953 0.3971931 0.0647747 0.4233917 0.04369953 0.3962654 0.06520871 0.422954 0.09469252 0.435095 0.122447 0.4297739 0.00390625 0.3818486 0.004833983 0.3818485 0.06763711 0.4347417 0.06872506 0.4346144 0.05826368 0.3962654 0.05826367 0.3971931 0.09425866 0.4444565 0.0939431 0.4449207 0.09340757 0.4442135 0.09334879 0.4447289 0.004834003 0.3914433 0.004828089 0.422954 0.003906271 0.3914433 0.004392244 0.4233898 0.06984998 0.4447874 0.06993759 0.445343 0.0688984 0.4450533 0.06927345 0.4455981 0.04866897 0.3971931 0.02993279 0.4233898 0.04866897 0.3962654 0.02949694 0.422954 0.1256542 0.435095 0.09425882 0.4297739 0.03372053 0.3818486 0.03464826 0.3818485 0.09859877 0.4347417 0.09968672 0.4346144 0.1185405 0.4225867 0.1185337 0.4235144 0.1252203 0.4444565 0.1249048 0.4449207 0.1243692 0.4442136 0.1243104 0.4447289 0.03464828 0.3914433 0.1304823 0.4378505 0.03372055 0.3914433 0.1300464 0.4382863 0.1008116 0.4447875 0.1008992 0.445343 0.09986005 0.4450533 0.1002351 0.4455981 0.1089393 0.4234445 0.155587 0.4382863 0.108946 0.4225168 0.1551511 0.4378505 0.00390625 0.459177 0.09934032 0.459177 0.003906297 0.4649433 0.09934036 0.4649433 0.09934036 0.4552707 0.003906297 0.4552707 0.09934032 0.4495044 0.00390625 0.4495044 0.09934039 0.4881947 0.00390628 0.4881947 0.00390628 0.4978673 0.08185685 0.3819873 0.00390625 0.4785221 0.09934033 0.4785221 0.003906297 0.4842885 0.09934038 0.4842885 0.09934038 0.4746159 0.003906297 0.4746159 0.09934033 0.4688495 0.00390625 0.4688495 0.0993404 0.5172124 0.00390628 0.5172124 0.00390628 0.526885 0.1580181 0.4085742 0.003906262 0.6191908 0.996154 0.6191909 0.00390625 0.6396048 0.996154 0.6396048 0.9961536 0.5948706 0.003906262 0.5948706 0.00390625 0.8178493 0.9961543 0.8178493 0.1203742 0.4185617 0.1210302 0.4179057 0.1210302 0.4107183 0.1203742 0.4100623 0.09539387 0.4185617 0.09539387 0.4100623 0.09473786 0.4179057 0.09473787 0.4107183 0.06063305 0.4088072 0.06063305 0.4185617 0.151047 0.4235142 0.1510487 0.4307016 0.1606435 0.4306993 0.1606417 0.4235119 0.1645497 0.4307016 0.1741444 0.4307016 0.03528886 0.408844 0.03618265 0.4090728 0.02965961 0.4359203 0.03051035 0.4356746 0.03497826 0.4224691 0.03432502 0.4231279 0.005137009 0.4351541 0.006089814 0.4354172 0.1505171 0.430546 0.1510487 0.4307016 0.151047 0.4235142 0.1505155 0.42367 0.1741444 0.4307016 0.174676 0.4305459 0.174676 0.4236699 0.1741444 0.4235142 0.06063305 0.4088072 0.06047449 0.4082868 0.03484103 0.4302676 0.0352787 0.4307016 0.05991476 0.4228503 0.05994733 0.4305979 0.06035244 0.4232843 0.06038135 0.4301602 0.0901756 0.4185617 0.09083161 0.4179057 0.09083161 0.4107183 0.09017561 0.4100623 0.06519531 0.4185617 0.06519531 0.4100623 0.0645393 0.4179057 0.06453931 0.4107183 0.03031652 0.4088072 0.03031652 0.4185617 0.1370128 0.4235142 0.1370145 0.4307016 0.1466092 0.4306993 0.1466075 0.4235119 0.03410481 0.4043806 0.04369953 0.4043806 0.004972335 0.408844 0.005866128 0.4090728 0.06152504 0.4359203 0.06237578 0.4356746 0.06494084 0.4224691 0.0642876 0.4231279 0.03700243 0.4351541 0.03795523 0.4354172 0.1364829 0.430546 0.1370145 0.4307016 0.1370128 0.4235142 0.1364812 0.42367 0.04369953 0.4043806 0.04423112 0.4042249 0.04423112 0.3973489 0.04369953 0.3971931 0.03031652 0.4088072 0.03015797 0.4082868 0.06480361 0.4302676 0.06524128 0.4307016 0.08987734 0.4228503 0.08990991 0.4305979 0.09031501 0.4232843 0.09034392 0.4301602 0.1224467 0.4307016 0.1320417 0.4297762 0.004562257 0.3958811 0.003906252 0.3965371 0.00390625 0.4037246 0.004562255 0.4043806 0.02954255 0.3958811 0.02954255 0.4043806 0.03019856 0.3965371 0.03019856 0.4037246 0.02981428 0.3914433 0.02981426 0.3818486 0.1320434 0.4225888 0.1224487 0.4225864 0.04866897 0.4043806 0.05826367 0.4043806 0.004562263 0.4224679 0.00390625 0.423124 0.09425866 0.4444565 0.09340757 0.4442135 0.03041877 0.423124 0.02976276 0.4224679 0.06984998 0.4447874 0.0688984 0.4450533 0.1325733 0.4296206 0.132575 0.4227446 0.1320434 0.4225888 0.1320417 0.4297762 0.04866897 0.4043806 0.04866897 0.3971931 0.04813737 0.3973489 0.04813737 0.4042249 0.02981428 0.3914433 0.004834003 0.3914433 0.004989725 0.3919749 0.02965855 0.3919749 0.02949693 0.4307016 0.02993278 0.4302658 0.004828083 0.4307016 0.004392238 0.4302658 0.09425017 0.4307016 0.1038531 0.4298634 0.1255924 0.4100623 0.1249364 0.4107183 0.1249364 0.4179057 0.1255924 0.4185617 0.1505727 0.4100623 0.1505727 0.4185617 0.1512287 0.4107183 0.1512287 0.4179057 0.05962855 0.3914433 0.05962854 0.3818486 0.1039202 0.4226763 0.09432586 0.4225868 0.108887 0.4306318 0.1184814 0.4307016 0.1302164 0.4373645 0.1295604 0.4380205 0.1252203 0.4444565 0.1243692 0.4442136 0.1560729 0.4380205 0.1554169 0.4373645 0.1008116 0.4447875 0.09986005 0.4450533 0.1043861 0.4297127 0.1044503 0.422837 0.1039202 0.4226763 0.1038531 0.4298634 0.108887 0.4306318 0.1089393 0.4234445 0.1084066 0.4235964 0.1083565 0.4304722 0.05962855 0.3914433 0.03464828 0.3914433 0.034804 0.3919749 0.05947283 0.3919749 0.1551511 0.4455981 0.1555869 0.4451623 0.1304823 0.4455981 0.1300464 0.4451623 0.09934036 0.493961 0.00390625 0.493961 0.07897369 0.3869811 0.08185685 0.3919749 0.08762317 0.3819873 0.08762316 0.3919749 0.09050633 0.3869811 0.00390625 0.5036336 0.09934036 0.5036336 0.09934039 0.4978673 0.00390628 0.5075399 0.00390625 0.5133061 0.09934036 0.5133061 0.09934039 0.5075399 0.07218428 0.3919749 0.07506744 0.3869811 0.07218429 0.3819873 0.06641796 0.3919749 0.06641796 0.3819873 0.0635348 0.3869811 0.09934037 0.5229787 0.00390625 0.5229787 0.155135 0.4135679 0.1580181 0.4185617 0.1637845 0.4085742 0.1637845 0.4185617 0.1666676 0.4135679 0.00390625 0.5326513 0.09934037 0.5326513 0.0993404 0.526885 0.00390628 0.5365576 0.00390625 0.5423238 0.09934037 0.5423238 0.0993404 0.5365576 0.1686287 0.4455981 0.1715118 0.4406044 0.1686287 0.4356106 0.1628623 0.4455981 0.1628623 0.4356106 0.1599792 0.4406044 0.9961543 0.6435111 0.003906279 0.6435111 0.00390625 0.6152846 0.9961536 0.6152845 0.00390625 0.9960938 0.9961543 0.9960938 0.9961543 0.8217555 0.003906279 0.8217555 0.1782445 0.5462301 0.003906252 0.5462301 0.00390625 0.5666441 0.1782445 0.5666441 0.1782446 0.5705503 0.003906255 0.5705503 0.00390625 0.5909643 0.1782446 0.5909643 0.03618265 0.4090728 0.03523683 0.4185617 0.02965961 0.4359203 0.006089814 0.4354172 0.004995076 0.4455981 0.03097264 0.445039 0.03562466 0.4083283 0.03618265 0.4090728 0.02959925 0.435405 0.03051035 0.4356746 0.03524613 0.422954 0.03432502 0.4231279 0.005510581 0.4346079 0.006089814 0.4354172 0.03624945 0.4085483 0.03524613 0.422954 0.03481212 0.4233917 0.05994733 0.4305979 0.05991476 0.4228503 0.005866128 0.4090728 0.004920309 0.4185617 0.06152504 0.4359203 0.03795523 0.4354172 0.03686051 0.4455981 0.06283806 0.445039 0.005308132 0.4083283 0.005866128 0.4090728 0.06146468 0.435405 0.06237578 0.4356746 0.06520871 0.422954 0.0642876 0.4231279 0.037376 0.4346079 0.03795523 0.4354172 0.005932926 0.4085483 0.06520871 0.422954 0.0647747 0.4233917 0.08990991 0.4305979 0.08987734 0.4228503 0.004833983 0.3818485 0.004834003 0.3914433 0.09340757 0.4442135 0.09469252 0.435095 0.06872506 0.4346144 0.06984998 0.4447874 0.004392244 0.4233898 0.004562263 0.4224679 0.09334879 0.4447289 0.09425866 0.4444565 0.02949694 0.422954 0.03041877 0.423124 0.06927345 0.4455981 0.06984998 0.4447874 0.02993279 0.4233898 0.02949694 0.422954 0.004828089 0.422954 0.004828089 0.422954 0.004828083 0.4307016 0.004392244 0.4233898 0.03464826 0.3818485 0.03464828 0.3914433 0.1243692 0.4442136 0.1256542 0.435095 0.09968672 0.4346144 0.1008116 0.4447875 0.1300464 0.4382863 0.1302164 0.4373645 0.1243104 0.4447289 0.1252203 0.4444565 0.1551511 0.4378505 0.1560729 0.4380205 0.1002351 0.4455981 0.1008116 0.4447875 0.155587 0.4382863 0.1551511 0.4378505 0.1304823 0.4378505 0.1304823 0.4378505 0.1304823 0.4455981 0.1300464 0.4382863  
			<Normals>: 422 0.2971048 -0.7172937 -0.6302528 0.7172937 -0.2971048 -0.6302528 0.7172937 0.2971048 -0.6302528 0.2971048 0.7172937 -0.6302528 -0.7172937 -0.2971048 -0.6302528 -0.2971048 -0.7172937 -0.6302528 -0.2971048 0.7172937 -0.6302528 -0.7172937 0.2971048 -0.6302528 0.8587373 -0.3556963 0.3688499 0.6269528 -0.2596866 0.7345019 0.3556963 -0.8587373 0.3688499 0.2596581 -0.6269578 0.7345077 0.3557056 0.8587293 0.3688596 0.2596573 0.6269252 0.7345359 0.8587373 0.3556963 0.3688499 0.6269528 0.2596866 0.7345019 -0.3556963 -0.8587373 0.3688499 -0.2596581 -0.6269578 0.7345077 -0.8587373 -0.3556963 0.3688499 -0.6269528 -0.2596866 0.7345019 -0.8587373 0.3556963 0.3688499 -0.6269528 0.2596866 0.7345019 -0.3557056 0.8587293 0.3688596 -0.2596573 0.6269252 0.7345359 0.2971048 -0.7172937 -0.6302528 0.7172937 -0.2971048 -0.6302528 0.7172937 0.2971048 -0.6302528 0.2971048 0.7172937 -0.6302528 -0.7172937 -0.2971048 -0.6302528 -0.2971048 -0.7172937 -0.6302528 -0.2971048 0.7172937 -0.6302528 -0.7172937 0.2971048 -0.6302528 0.8587373 -0.3556963 0.3688499 0.6269392 -0.2596631 0.7345218 0.3556963 -0.8587373 0.3688499 0.2596573 -0.6269252 0.7345359 0.3556963 0.8587373 0.3688499 0.2596573 0.6269252 0.7345359 0.8587373 0.3556963 0.3688499 0.6269528 0.2596866 0.7345019 -0.3556963 -0.8587373 0.3688499 -0.2596573 -0.6269252 0.7345359 -0.8587373 -0.3556963 0.3688499 -0.6269392 -0.2596631 0.7345218 -0.8587373 0.3556963 0.3688499 -0.6269528 0.2596866 0.7345019 -0.3556963 0.8587373 0.3688499 -0.2596573 0.6269252 0.7345359 0.2971048 -0.7172937 0.6302528 0.7172937 -0.2971048 0.6302528 0.7172937 0.2971048 0.6302528 0.2971048 0.7172937 0.6302528 -0.7172937 -0.2971048 0.6302528 -0.2971048 -0.7172937 0.6302528 -0.2971048 0.7172937 0.6302528 -0.7172937 0.2971048 0.6302528 0.8587373 -0.3556963 -0.3688499 0.6269528 -0.2596866 -0.7345019 0.3556963 -0.8587373 -0.3688499 0.2596581 -0.6269578 -0.7345077 0.3556963 0.8587373 -0.3688499 0.2596573 0.6269252 -0.7345359 0.8587373 0.3556963 -0.3688499 0.6269528 0.2596866 -0.7345019 -0.3556963 -0.8587373 -0.3688499 -0.2596631 -0.6269392 -0.7345218 -0.8587373 -0.3556963 -0.3688499 -0.6269578 -0.2596581 -0.7345077 -0.8587469 0.3557003 -0.3688235 -0.6269528 0.2596866 -0.7345019 -0.3556963 0.8587373 -0.3688499 -0.2596573 0.6269252 -0.7345359 0.2971048 -0.7172937 0.6302528 0.7172937 -0.2971048 0.6302528 0.7172937 0.2971048 0.6302528 0.2971048 0.7172937 0.6302528 -0.7172937 -0.2971048 0.6302528 -0.2971048 -0.7172937 0.6302528 -0.2971048 0.7172937 0.6302528 -0.7172937 0.2971048 0.6302528 0.8587373 -0.3556963 -0.3688499 0.6269578 -0.2596581 -0.7345077 0.3556963 -0.8587373 -0.3688499 0.2596573 -0.6269252 -0.7345359 0.3556963 0.8587373 -0.3688499 0.2596631 0.6269392 -0.7345218 0.8587373 0.3556963 -0.3688499 0.6269528 0.2596866 -0.7345019 -0.3556963 -0.8587373 -0.3688499 -0.2596573 -0.6269252 -0.7345359 -0.8587373 -0.3556963 -0.3688499 -0.6269578 -0.2596581 -0.7345077 -0.8587469 0.3557003 -0.3688235 -0.6269528 0.2596866 -0.7345019 -0.3556963 0.8587373 -0.3688499 -0.2596581 0.6269578 -0.7345077 0 0 -1 0 0 -1 -0.4999893 0 -0.8660316 -0.4999893 0 -0.8660316 -0.4999893 0 0.8660316 -0.4999893 0 0.8660316 0 0 1 0 0 1 0.8660316 0 0.4999893 0.8660316 0 0.4999893 0.8660316 0 -0.4999893 0 1 0 0 0 -1 0 0 -1 -0.4999893 0 -0.8660316 -0.4999893 0 -0.8660316 -0.4999893 0 0.8660316 -0.4999893 0 0.8660316 0 0 1 0 0 1 0.8660316 0 0.4999893 0.8660316 0 0.4999893 0.8660316 0 -0.4999893 0 1 0 1 0 0 1 0 0 1 0 0 1 0 0 -1 0 0 -1 0 0 0 0 -1 0 0 -1 -0.2971048 -0.7172937 -0.6302528 -0.7172937 -0.2971048 -0.6302528 -0.7172937 0.2971048 -0.6302528 -0.2971048 0.7172937 -0.6302528 0.2971048 -0.7172937 -0.6302528 0.2971048 0.7172937 -0.6302528 0.7172937 -0.2971048 -0.6302528 0.7172937 0.2971048 -0.6302528 -0.3557056 0.8587293 0.3688596 -0.2971048 0.7172937 -0.6302528 0.8587373 0.3556963 0.3688499 0.8587373 -0.3556963 0.3688499 0.7172937 -0.2971048 -0.6302528 0.7172937 0.2971048 -0.6302528 -0.7172937 -0.2971048 -0.6302528 -0.8587373 -0.3556963 0.3688499 0.8587373 0.3556963 0.3688499 0.3557056 0.8587293 0.3688596 0.3556963 -0.8587373 0.3688499 0.8587373 -0.3556963 0.3688499 -0.3557056 0.8587293 0.3688596 -0.8587373 0.3556963 0.3688499 -0.8587373 -0.3556963 0.3688499 -0.3556963 -0.8587373 0.3688499 0.6269528 -0.2596866 0.7345019 0.8587373 -0.3556963 0.3688499 0.8587373 0.3556963 0.3688499 0.6269528 0.2596866 0.7345019 -0.8587373 -0.3556963 0.3688499 -0.6269528 -0.2596866 0.7345019 -0.6269528 0.2596866 0.7345019 -0.8587373 0.3556963 0.3688499 -0.3557056 0.8587293 0.3688596 -0.2596573 0.6269252 0.7345359 0 0 1 0 0 1 0 0 1 0 0 1 0 0 1 0 0 1 -0.2971048 -0.7172937 -0.6302528 -0.7172937 -0.2971048 -0.6302528 -0.7172937 0.2971048 -0.6302528 -0.2971048 0.7172937 -0.6302528 0.2971048 -0.7172937 -0.6302528 0.2971048 0.7172937 -0.6302528 0.7172937 -0.2971048 -0.6302528 0.7172937 0.2971048 -0.6302528 -0.3556963 0.8587373 0.3688499 -0.2971048 0.7172937 -0.6302528 0.8587373 0.3556963 0.3688499 0.8587373 -0.3556963 0.3688499 0.7172937 -0.2971048 -0.6302528 0.7172937 0.2971048 -0.6302528 -0.7172937 -0.2971048 -0.6302528 -0.8587373 -0.3556963 0.3688499 0.8587373 0.3556963 0.3688499 0.3556963 0.8587373 0.3688499 0.3556963 -0.8587373 0.3688499 0.8587373 -0.3556963 0.3688499 -0.3556963 0.8587373 0.3688499 -0.8587373 0.3556963 0.3688499 -0.8587373 -0.3556963 0.3688499 -0.3556963 -0.8587373 0.3688499 0.6269392 -0.2596631 0.7345218 0.8587373 -0.3556963 0.3688499 0.8587373 0.3556963 0.3688499 0.6269528 0.2596866 0.7345019 -0.8587373 -0.3556963 0.3688499 -0.6269392 -0.2596631 0.7345218 -0.6269528 0.2596866 0.7345019 -0.8587373 0.3556963 0.3688499 -0.3556963 0.8587373 0.3688499 -0.2596573 0.6269252 0.7345359 0 0 1 0 0 1 0 0 1 0 0 1 0 0 1 0 0 1 0.2971048 -0.7172937 0.6302528 0.8587373 -0.3556963 -0.3688499 -0.2971048 0.7172937 0.6302528 -0.7172937 0.2971048 0.6302528 -0.7172937 -0.2971048 0.6302528 -0.2971048 -0.7172937 0.6302528 0.2971048 0.7172937 0.6302528 0.2971048 -0.7172937 0.6302528 0.7172937 0.2971048 0.6302528 0.7172937 -0.2971048 0.6302528 -0.3556963 0.8587373 -0.3688499 -0.2971048 0.7172937 0.6302528 0.8587373 0.3556963 -0.3688499 0.7172937 0.2971048 0.6302528 -0.8587373 -0.3556963 -0.3688499 -0.7172937 -0.2971048 0.6302528 0.3556963 0.8587373 -0.3688499 0.8587373 0.3556963 -0.3688499 0.8587373 -0.3556963 -0.3688499 0.3556963 -0.8587373 -0.3688499 -0.8587469 0.3557003 -0.3688235 -0.3556963 0.8587373 -0.3688499 -0.3556963 -0.8587373 -0.3688499 -0.8587373 -0.3556963 -0.3688499 0.6269528 -0.2596866 -0.7345019 0.6269528 0.2596866 -0.7345019 0.8587373 0.3556963 -0.3688499 0.8587373 -0.3556963 -0.3688499 -0.8587373 -0.3556963 -0.3688499 -0.8587469 0.3557003 -0.3688235 -0.6269528 0.2596866 -0.7345019 -0.6269578 -0.2596581 -0.7345077 -0.3556963 0.8587373 -0.3688499 0.3556963 0.8587373 -0.3688499 0.2596573 0.6269252 -0.7345359 -0.2596573 0.6269252 -0.7345359 0 0 -1 0 0 -1 0 0 -1 0 0 -1 0.2971048 -0.7172937 0.6302528 0.8587373 -0.3556963 -0.3688499 -0.2971048 0.7172937 0.6302528 -0.7172937 0.2971048 0.6302528 -0.7172937 -0.2971048 0.6302528 -0.2971048 -0.7172937 0.6302528 0.2971048 0.7172937 0.6302528 0.2971048 -0.7172937 0.6302528 0.7172937 0.2971048 0.6302528 0.7172937 -0.2971048 0.6302528 -0.3556963 0.8587373 -0.3688499 -0.2971048 0.7172937 0.6302528 0.8587373 0.3556963 -0.3688499 0.7172937 0.2971048 0.6302528 -0.8587373 -0.3556963 -0.3688499 -0.7172937 -0.2971048 0.6302528 0.3556963 0.8587373 -0.3688499 0.8587373 0.3556963 -0.3688499 0.8587373 -0.3556963 -0.3688499 0.3556963 -0.8587373 -0.3688499 -0.8587469 0.3557003 -0.3688235 -0.3556963 0.8587373 -0.3688499 -0.3556963 -0.8587373 -0.3688499 -0.8587373 -0.3556963 -0.3688499 0.6269578 -0.2596581 -0.7345077 0.6269528 0.2596866 -0.7345019 0.8587373 0.3556963 -0.3688499 0.8587373 -0.3556963 -0.3688499 -0.8587373 -0.3556963 -0.3688499 -0.8587469 0.3557003 -0.3688235 -0.6269528 0.2596866 -0.7345019 -0.6269578 -0.2596581 -0.7345077 -0.3556963 0.8587373 -0.3688499 0.3556963 0.8587373 -0.3688499 0.2596631 0.6269392 -0.7345218 -0.2596581 0.6269578 -0.7345077 0 0 -1 0 0 -1 0 0 -1 0 0 -1 0 0 1 0 0 1 0 1 0 0 1 0 0 1 0 0 1 0 0 1 0 0 0 -1 0 0 -1 0.8660316 0 -0.4999893 0.8660316 0 0.4999893 0.8660316 0 -0.4999893 0.8660316 0 -0.4999893 0.8660316 0 0.4999893 0 -1 0 0 -1 0 0 -1 0 0 -1 0 0 -1 0 0 -1 0 0 0 1 0 0 1 0 1 0 0 1 0 0 1 0 0 1 0 0 1 0 0 0 -1 0 0 -1 0.8660316 0 -0.4999893 0.8660316 0 0.4999893 0.8660316 0 -0.4999893 0.8660316 0 -0.4999893 0.8660316 0 0.4999893 0 -1 0 0 -1 0 0 -1 0 0 -1 0 0 -1 0 0 -1 0 0 0 -1 0 0 -1 -1 0 0 -1 0 0 0 0 1 0 0 1 0 0 1 0 0 1 0 -1 0 0 -1 0 0 -1 0 0 -1 0 0 1 0 0 1 0 0 1 0 0 1 0 0.3557056 0.8587293 0.3688596 0.2971048 0.7172937 -0.6302528 0.3556963 -0.8587373 0.3688499 -0.3556963 -0.8587373 0.3688499 -0.2971048 -0.7172937 -0.6302528 0.2971048 -0.7172937 -0.6302528 0.6269528 0.2596866 0.7345019 0.3557056 0.8587293 0.3688596 0.2596581 -0.6269578 0.7345077 0.8587373 -0.3556963 0.3688499 -0.2596573 0.6269252 0.7345359 -0.8587373 0.3556963 0.3688499 -0.6269528 -0.2596866 0.7345019 -0.3556963 -0.8587373 0.3688499 0.2596573 0.6269252 0.7345359 0 0 1 0 0 1 0 0 1 0 0 1 0.3556963 0.8587373 0.3688499 0.2971048 0.7172937 -0.6302528 0.3556963 -0.8587373 0.3688499 -0.3556963 -0.8587373 0.3688499 -0.2971048 -0.7172937 -0.6302528 0.2971048 -0.7172937 -0.6302528 0.6269528 0.2596866 0.7345019 0.3556963 0.8587373 0.3688499 0.2596573 -0.6269252 0.7345359 0.8587373 -0.3556963 0.3688499 -0.2596573 0.6269252 0.7345359 -0.8587373 0.3556963 0.3688499 -0.6269392 -0.2596631 0.7345218 -0.3556963 -0.8587373 0.3688499 0.2596573 0.6269252 0.7345359 0 0 1 0 0 1 0 0 1 0 0 1 0.2971048 0.7172937 0.6302528 0.3556963 0.8587373 -0.3688499 0.3556963 -0.8587373 -0.3688499 0.2971048 -0.7172937 0.6302528 -0.2971048 -0.7172937 0.6302528 -0.3556963 -0.8587373 -0.3688499 0.6269528 0.2596866 -0.7345019 0.3556963 0.8587373 -0.3688499 0.2596581 -0.6269578 -0.7345077 0.8587373 -0.3556963 -0.3688499 -0.2596573 0.6269252 -0.7345359 -0.8587469 0.3557003 -0.3688235 -0.6269578 -0.2596581 -0.7345077 -0.3556963 -0.8587373 -0.3688499 0 0 -1 0 0 -1 0 0 -1 0 0 -1 0 0 -1 0 0 -1 0.2971048 0.7172937 0.6302528 0.3556963 0.8587373 -0.3688499 0.3556963 -0.8587373 -0.3688499 0.2971048 -0.7172937 0.6302528 -0.2971048 -0.7172937 0.6302528 -0.3556963 -0.8587373 -0.3688499 0.6269528 0.2596866 -0.7345019 0.3556963 0.8587373 -0.3688499 0.2596573 -0.6269252 -0.7345359 0.8587373 -0.3556963 -0.3688499 -0.2596581 0.6269578 -0.7345077 -0.8587469 0.3557003 -0.3688235 -0.6269578 -0.2596581 -0.7345077 -0.3556963 -0.8587373 -0.3688499 0 0 -1 0 0 -1 0 0 -1 0 0 -1 0 0 -1 0 0 -1  
			<Tangents>: 422 -0.2411818 0.58228 -0.7763899 -0.58228 0.2411818 -0.7763899 -0.2231895 0.9548449 0.1961064 0.9548449 -0.2231895 0.1961064 -0.2231895 0.9548449 -0.1961064 0.9548449 -0.2231895 -0.1961064 0.2411818 -0.58228 -0.7763899 0.58228 -0.2411818 -0.7763899 0.3407735 -0.1411513 -0.929489 -0.7702127 -0.3482754 0.5343003 0.1411513 -0.3407735 -0.929489 0.9657006 0.1685768 -0.1974948 0.934598 -0.3268302 -0.140387 0.9657009 -0.1685674 -0.1975017 -0.3268234 0.9346016 -0.1403791 -0.6785749 -0.2811213 0.6786066 0.9346016 -0.3268234 0.1403791 0.9657006 -0.1685768 0.1974948 -0.3268234 0.9346016 0.1403791 -0.5636272 0.8020651 -0.1975246 -0.3407735 0.1411513 -0.929489 0.1685952 0.965693 -0.1975165 -0.1411593 0.3407806 -0.9294851 -0.9656634 -0.1752543 -0.1917812 -0.2411818 0.58228 -0.7763899 -0.58228 0.2411818 -0.7763899 -0.2231895 0.9548449 0.1961064 0.9548449 -0.2231895 0.1961064 -0.2231895 0.9548449 -0.1961064 0.9548449 -0.2231895 -0.1961064 0.2411818 -0.58228 -0.7763899 0.58228 -0.2411818 -0.7763899 0.3407735 -0.1411513 -0.929489 -0.7702214 -0.3482672 0.534293 0.1411513 -0.3407735 -0.929489 0.9657009 0.1685674 -0.1975017 0.9346016 -0.3268234 -0.1403791 0.9657009 -0.1685674 -0.1975017 -0.3268234 0.9346016 -0.1403791 -0.6785749 -0.2811213 0.6786066 0.9346016 -0.3268234 0.1403791 0.9657009 -0.1685674 0.1975017 -0.3268234 0.9346016 0.1403791 -0.5636274 0.8020622 -0.1975356 -0.3407735 0.1411513 -0.929489 0.1685952 0.965693 -0.1975165 -0.1411513 0.3407735 -0.929489 -0.9656634 -0.1752543 -0.1917812 -0.2411818 0.58228 0.7763899 -0.58228 0.2411818 0.7763899 -0.2231895 0.9548449 -0.1961064 0.9548449 -0.2231895 -0.1961064 -0.2231895 0.9548449 0.1961064 0.9548449 -0.2231895 0.1961064 0.2411818 -0.58228 0.7763899 0.58228 -0.2411818 0.7763899 0.3407735 -0.1411513 0.929489 -0.7702127 -0.3482754 -0.5343003 0.1411513 -0.3407735 0.929489 -0.9651347 -0.1424442 -0.2196009 0.9346016 -0.3268234 0.1403791 0.9657009 -0.1685674 0.1975017 -0.3268234 0.9346016 0.1403791 -0.1685952 0.965693 0.1975165 0.9346016 -0.3268234 -0.1403791 0.9656993 -0.1685753 -0.1975027 -0.3268234 0.9346016 -0.1403791 -0.1685768 0.9657006 -0.1974948 -0.3407491 0.1411412 0.9294994 0.1685952 0.965693 0.1975165 -0.1411513 0.3407735 0.929489 0.9657009 0.1685674 -0.1975017 -0.2411818 0.58228 0.7763899 -0.58228 0.2411818 0.7763899 -0.2231895 0.9548449 -0.1961064 0.9548449 -0.2231895 -0.1961064 -0.2231895 0.9548449 0.1961064 0.9548449 -0.2231895 0.1961064 0.2411818 -0.58228 0.7763899 0.58228 -0.2411818 0.7763899 0.3407735 -0.1411513 0.929489 -0.7702066 -0.3482738 -0.53431 0.1411513 -0.3407735 0.929489 -0.9651358 -0.1424515 -0.2195919 0.9346016 -0.3268234 0.1403791 0.9656993 -0.1685753 0.1975027 -0.3268234 0.9346016 0.1403791 -0.1685952 0.965693 0.1975165 0.9346016 -0.3268234 -0.1403791 0.9657009 -0.1685674 -0.1975017 -0.3268234 0.9346016 -0.1403791 -0.1685768 0.9657006 -0.1974948 -0.3407491 0.1411412 0.9294994 0.1685952 0.965693 0.1975165 -0.1411513 0.3407735 0.929489 0.9657006 0.1685768 -0.1974948 1 0 0 1 0 0 0.8660316 0 -0.4999893 0.8660316 0 -0.4999893 -0.8660316 0 -0.4999893 -0.8660316 0 -0.4999893 -1 0 0 -1 0 0 -0.4999893 0 0.8660316 -0.4999893 0 0.8660316 0.4999893 0 0.8660316 0.4999866 0 -0.8660331 1 0 0 1 0 0 0.8660316 0 -0.4999893 0.8660316 0 -0.4999893 -0.8660316 0 -0.4999893 -0.8660316 0 -0.4999893 -1 0 0 -1 0 0 -0.4999893 0 0.8660316 -0.4999893 0 0.8660316 0.4999893 0 0.8660316 0.4999866 0 -0.8660331 0 0 -1 0 0 -1 0 0 -1 0 0 -1 0 0 -1 0 0 -1 -1 0 0 -1 0 0 -0.9548167 0.2282543 0.1903288 -0.5173488 0.8329998 0.1961162 -0.4619668 0.4743567 0.7493813 -0.9548237 -0.2187937 0.2010993 -0.954807 -0.2290603 -0.189407 -0.9548287 0.2193458 -0.2004733 -0.5200364 -0.8302897 -0.2004526 -0.4986844 -0.4128227 -0.7621623 -0.1411593 0.3407806 -0.9294851 0.2411818 -0.58228 -0.7763899 0.3407735 0.1411513 -0.929489 0.3407735 -0.1411513 -0.929489 -0.58228 0.2411818 -0.7763899 -0.58228 -0.2411818 -0.7763899 0.58228 0.2411818 -0.7763899 -0.3407735 -0.1411513 -0.929489 -0.340754 -0.1411985 0.929489 -0.934513 0.3214769 0.1527679 0.9346016 0.3268234 -0.1403791 0.3268234 0.9346016 0.1403791 -0.9045065 -0.2169643 -0.3671437 -0.5110652 -0.5422925 -0.6668817 -0.4297574 0.8919649 -0.1403825 -0.8919649 0.4297574 0.1403825 -0.5646837 -0.801006 0.1988008 -0.4777657 -0.8159931 0.3254155 -0.321269 -0.1870412 0.9283328 -0.6785749 -0.2811213 0.6786066 -0.3268234 0.9346016 0.1403791 -0.1685952 0.965693 0.1975165 0.1685952 0.965693 -0.1975165 0.3268234 0.9346016 -0.1403791 -0.934598 -0.3268302 -0.140387 -0.9657009 -0.1685674 -0.1975017 -0.548515 -0.8361408 0 -0.9998818 -0.01537347 0 -1 0 0 -1 0 0 1 0 0 1 0 0 -0.9548167 0.2282543 0.1903288 -0.5173488 0.8329998 0.1961162 -0.4619668 0.4743567 0.7493813 -0.9548237 -0.2187937 0.2010993 -0.954807 -0.2290603 -0.189407 -0.9548287 0.2193458 -0.2004733 -0.5200364 -0.8302897 -0.2004526 -0.4986844 -0.4128227 -0.7621623 -0.1411513 0.3407735 -0.929489 0.2411818 -0.58228 -0.7763899 0.3407735 0.1411513 -0.929489 0.3407735 -0.1411513 -0.929489 -0.58228 0.2411818 -0.7763899 -0.58228 -0.2411818 -0.7763899 0.58228 0.2411818 -0.7763899 -0.3407735 -0.1411513 -0.929489 -0.340754 -0.1411985 0.929489 -0.9345165 0.3214703 0.15276 0.9346016 0.3268234 -0.1403791 0.3268234 0.9346016 0.1403791 -0.9045085 -0.216958 -0.3671424 -0.5110652 -0.5422925 -0.6668817 -0.4297574 0.8919649 -0.1403825 -0.8919649 0.4297574 0.1403825 -0.5646745 -0.8010126 0.1988003 -0.4777657 -0.8159931 0.3254155 -0.321269 -0.1870412 0.9283328 -0.6785749 -0.2811213 0.6786066 -0.3268234 0.9346016 0.1403791 -0.1685753 0.9656993 0.1975027 0.1685952 0.965693 -0.1975165 0.3268234 0.9346016 -0.1403791 -0.9346016 -0.3268234 -0.1403791 -0.9657009 -0.1685674 -0.1975017 -0.548515 -0.8361408 0 -0.9998818 -0.01537347 0 -1 0 0 -1 0 0 1 0 0 1 0 0 -0.2411818 0.58228 0.7763899 0.3407735 -0.1411513 0.929489 -0.9548287 -0.2193458 -0.2004733 -0.4986844 0.4128227 -0.7621623 -0.5200364 0.8302897 -0.2004526 -0.954807 0.2290603 -0.189407 -0.9548237 0.2187937 0.2010993 -0.9548167 -0.2282543 0.1903288 -0.4619668 -0.4743567 0.7493813 -0.5173488 -0.8329998 0.1961162 -0.1411513 0.3407735 0.929489 0.2411818 -0.58228 0.7763899 0.3407735 0.1411513 0.929489 -0.58228 -0.2411818 0.7763899 -0.3407735 -0.1411513 0.929489 0.58228 0.2411818 0.7763899 0.9346016 -0.3268234 0.1403791 -0.340754 -0.1411985 -0.929489 -0.5110652 -0.5422925 -0.6668817 0.9346016 0.3268234 0.1403791 0.3268313 0.9346001 0.1403709 -0.9045085 -0.216958 0.3671424 0.9346016 -0.3268234 -0.1403791 -0.4297574 0.8919649 0.1403825 -0.5646837 -0.801006 -0.1988008 -0.6785749 -0.2811213 -0.6786066 -0.321269 -0.1870412 -0.9283328 -0.4777657 -0.8159931 -0.3254155 -0.3268234 0.9346016 -0.1403791 0.3268313 0.9346001 0.1403709 0.1685952 0.965693 0.1975165 -0.1685768 0.9657006 -0.1974948 -0.9346016 -0.3268234 0.1403791 -0.9346016 0.3268234 -0.1403791 -0.9657009 0.1685674 -0.1975017 -0.9657009 -0.1685674 0.1975017 -0.9999105 -0.01337888 0 -0.523064 -0.8522934 0 -1 0 0 1 0 0 -0.2411818 0.58228 0.7763899 0.3407735 -0.1411513 0.929489 -0.9548287 -0.2193458 -0.2004733 -0.4986844 0.4128226 -0.7621623 -0.5200364 0.8302897 -0.2004526 -0.954807 0.2290603 -0.189407 -0.9548237 0.2187937 0.2010993 -0.9548167 -0.2282543 0.1903288 -0.4619669 -0.4743567 0.7493813 -0.5173488 -0.8329998 0.1961162 -0.1411513 0.3407735 0.929489 0.2411818 -0.58228 0.7763899 0.3407735 0.1411513 0.929489 -0.58228 -0.2411818 0.7763899 -0.3407735 -0.1411513 0.929489 0.58228 0.2411818 0.7763899 0.9346016 -0.3268234 0.1403791 -0.340754 -0.1411985 -0.929489 -0.5110652 -0.5422925 -0.6668817 0.9346016 0.3268234 0.1403791 0.3268313 0.9346001 0.1403709 -0.9045085 -0.216958 0.3671424 0.9346016 -0.3268234 -0.1403791 -0.4297574 0.8919649 0.1403825 -0.564666 -0.8010147 -0.1988159 -0.6785749 -0.2811213 -0.6786066 -0.321269 -0.1870412 -0.9283328 -0.4777657 -0.8159931 -0.3254155 -0.3268234 0.9346016 -0.1403791 0.3268313 0.9346001 0.1403709 0.1685952 0.965693 0.1975165 -0.1685768 0.9657006 -0.1974948 -0.9346016 -0.3268234 0.1403791 -0.9346016 0.3268234 -0.1403791 -0.9656993 0.1685752 -0.1975027 -0.9657006 -0.1685768 0.1974949 -0.9999105 -0.01337888 0 -0.523064 -0.8522934 0 -1 0 0 1 0 0 -1 0 0 -1 0 0 0.4999866 0 -0.8660331 0.5000019 0 -0.8660243 0.4999981 0 -0.8660265 0.5000134 0 -0.8660176 0.5000135 0 -0.8660176 1 0 0 1 0 0 0.4999893 0 0.8660316 -0.4999893 0 0.8660316 0.4999893 0 0.8660316 0.4999893 0 0.8660316 -0.4999893 0 0.8660316 -0.500004 0 -0.8660231 -0.4999866 0 -0.8660331 -0.5000039 0 -0.8660231 -0.5000039 0 -0.8660231 -0.5000039 0 -0.8660232 -0.4999866 0 -0.8660331 -1 0 0 -1 0 0 0.4999865 0 -0.8660332 0.5000019 0 -0.8660243 0.4999981 0 -0.8660265 0.5000134 0 -0.8660176 0.5000135 0 -0.8660176 1 0 0 1 0 0 0.4999893 0 0.8660316 -0.4999893 0 0.8660316 0.4999893 0 0.8660316 0.4999893 0 0.8660316 -0.4999893 0 0.8660316 -0.5000039 0 -0.8660231 -0.4999866 0 -0.8660331 -0.5000039 0 -0.8660232 -0.5000039 0 -0.8660231 -0.5000038 0 -0.8660232 -0.4999866 0 -0.8660331 -1 0 0 -1 0 0 0 0 -1 0 0 -1 -1 0 0 -1 0 0 -1 0 0 -1 0 0 -1 0 0 -1 0 0 -1 0 0 -1 0 0 -1 0 0 -1 0 0 -1 0 0 -1 0 0 0.1411593 0.3407806 -0.9294851 -0.2411818 -0.58228 -0.7763899 0.1411513 -0.3407735 -0.929489 -0.1411513 -0.3407735 -0.929489 0.2411818 0.58228 -0.7763899 -0.2411818 0.58228 -0.7763899 -0.1685952 0.965693 -0.1975165 0.934598 -0.3268302 -0.140387 -0.9651347 -0.1424442 0.2196009 -0.5110652 -0.5422925 0.6668817 0.9657009 0.1685674 0.1975017 0.3268234 0.9346016 -0.1403791 -0.1685952 0.965693 0.1975165 0.9346016 -0.3268234 0.1403791 -0.9657009 0.1685674 0.1975017 -0.9999203 -0.01262351 0 -0.7071265 -0.707087 0 1 0 0 1 0 0 0.1411513 0.3407735 -0.929489 -0.2411818 -0.58228 -0.7763899 0.1411513 -0.3407735 -0.929489 -0.1411513 -0.3407735 -0.929489 0.2411818 0.58228 -0.7763899 -0.2411818 0.58228 -0.7763899 -0.1685952 0.965693 -0.1975165 0.9346016 -0.3268234 -0.1403791 -0.9651358 -0.1424515 0.2195919 -0.5110652 -0.5422925 0.6668817 0.9657009 0.1685674 0.1975017 0.3268234 0.9346016 -0.1403791 -0.1685753 0.9656993 0.1975027 0.9346016 -0.3268234 0.1403791 -0.9657009 0.1685674 0.1975017 -0.9999203 -0.01262351 0 -0.7071265 -0.707087 0 1 0 0 1 0 0 -0.2411818 -0.58228 0.7763899 0.1411513 0.3407735 0.929489 0.1411513 -0.3407735 0.929489 -0.2411818 0.58228 0.7763899 0.2411818 0.58228 0.7763899 -0.1411513 -0.3407735 0.929489 -0.6785749 -0.2811213 -0.6786066 -0.6126663 -0.08378757 -0.7858878 0.9657006 0.1685768 0.1974948 0.3268234 0.9346016 -0.1403791 -0.9656528 -0.1761451 0.1910172 -0.5110482 -0.5423082 0.666882 -0.5636143 0.8020691 0.1975454 -0.8919649 0.4297574 -0.1403825 -0.7035367 -0.7106589 0 -0.9999003 -0.0141176 0 -1 0 0 1 0 0 1 0 0 1 0 0 -0.2411818 -0.58228 0.7763899 0.1411513 0.3407735 0.929489 0.1411513 -0.3407735 0.929489 -0.2411818 0.58228 0.7763899 0.2411818 0.58228 0.7763899 -0.1411513 -0.3407735 0.929489 -0.6785749 -0.2811213 -0.6786066 -0.6126663 -0.08378757 -0.7858878 0.9657009 0.1685674 0.1975017 0.3268234 0.9346016 -0.1403791 -0.9656526 -0.1761538 0.1910103 -0.5110482 -0.5423082 0.666882 -0.5636143 0.8020691 0.1975454 -0.8919649 0.4297574 -0.1403825 -0.7035367 -0.7106589 0 -0.9999003 -0.0141176 0 -1 0 0 1 0 0 1 0 0 1 0 0  
			<BiTangents>: 422 0.9238832 0.3826747 2.48801E-09 0.3826747 0.9238832 -2.48801E-09 0.6600578 -6.269108E-09 0.7512148 -6.269108E-09 0.6600578 0.7512148 -0.6600578 6.269108E-09 0.7512148 6.269108E-09 -0.6600578 0.7512148 0.9238832 0.3826747 -2.48801E-09 0.3826747 0.9238832 2.48801E-09 0.3826795 0.9238812 3.689316E-11 -0.1170583 0.9007037 0.4183661 0.9238812 0.3826795 -3.689316E-11 -5.164842E-09 0.7605957 0.6492258 -3.063099E-09 -0.3946719 0.9188221 -2.82664E-09 0.7606247 -0.6491919 -0.3946601 9.943903E-09 0.9188272 -0.3827092 0.9238689 3.305021E-05 -9.943903E-09 0.3946601 0.9188272 5.164842E-09 0.7605957 0.6492258 0.3946601 -9.943903E-09 0.9188272 0.5378239 0.5378239 0.6492234 0.3826795 0.9238812 -3.689316E-11 0.7605956 6.777745E-09 0.6492258 0.9238763 0.3826911 2.309171E-09 -0.008498086 0.7591118 -0.6509048 0.9238832 0.3826747 2.48801E-09 0.3826747 0.9238832 -2.48801E-09 0.6600578 -6.269108E-09 0.7512148 -6.269108E-09 0.6600578 0.7512148 -0.6600578 6.269108E-09 0.7512148 6.269108E-09 -0.6600578 0.7512148 0.9238832 0.3826747 -2.48801E-09 0.3826747 0.9238832 2.48801E-09 0.3826795 0.9238812 3.689316E-11 -0.1170737 0.9007136 0.4183404 0.9238812 0.3826795 -3.689316E-11 2.82664E-09 0.7606247 0.6491919 9.943903E-09 -0.3946601 0.9188272 -2.82664E-09 0.7606247 -0.6491919 -0.3946601 9.943903E-09 0.9188272 -0.3827092 0.9238689 3.305021E-05 -9.943903E-09 0.3946601 0.9188272 -2.82664E-09 0.7606247 0.6491919 0.3946601 -9.943903E-09 0.9188272 0.5378395 0.5378395 0.6491975 0.3826795 0.9238812 -3.689316E-11 0.7605956 6.777745E-09 0.6492258 0.9238812 0.3826795 3.689316E-11 -0.008498086 0.7591118 -0.6509048 0.9238832 0.3826747 -2.48801E-09 0.3826747 0.9238832 2.48801E-09 -0.6600578 6.269108E-09 0.7512148 6.269108E-09 -0.6600578 0.7512148 0.6600578 -6.269108E-09 0.7512148 -6.269108E-09 0.6600578 0.7512148 0.9238832 0.3826747 2.48801E-09 0.3826747 0.9238832 -2.48801E-09 0.3826795 0.9238812 -3.689316E-11 -0.1170583 0.9007037 -0.4183661 0.9238812 0.3826795 3.689316E-11 0.03305417 0.7659201 -0.6420855 -9.943903E-09 0.3946601 0.9188272 -2.82664E-09 0.7606247 0.6491919 0.3946601 -9.943903E-09 0.9188272 0.7605956 -6.777745E-09 0.6492258 9.943903E-09 -0.3946601 0.9188272 -6.550058E-10 0.7606112 -0.6492075 -0.3946601 9.943903E-09 0.9188272 0.7605957 5.164842E-09 -0.6492258 0.3826795 0.9238812 2.51011E-09 0.7605956 6.777745E-09 -0.6492258 0.9238812 0.3826795 -3.689316E-11 2.82664E-09 0.7606247 0.6491919 0.9238832 0.3826747 -2.48801E-09 0.3826747 0.9238832 2.48801E-09 -0.6600578 6.269108E-09 0.7512148 6.269108E-09 -0.6600578 0.7512148 0.6600578 -6.269108E-09 0.7512148 -6.269108E-09 0.6600578 0.7512148 0.9238832 0.3826747 2.48801E-09 0.3826747 0.9238832 -2.48801E-09 0.3826795 0.9238812 -3.689316E-11 -0.1170719 0.9007124 -0.4183433 0.9238812 0.3826795 3.689316E-11 0.03303195 0.7659454 -0.6420565 -9.943903E-09 0.3946601 0.9188272 -6.550058E-10 0.7606112 0.6492075 0.3946601 -9.943903E-09 0.9188272 0.7605956 -6.777745E-09 0.6492258 9.943903E-09 -0.3946601 0.9188272 -2.82664E-09 0.7606247 -0.6491919 -0.3946601 9.943903E-09 0.9188272 0.7605957 5.164842E-09 -0.6492258 0.3826795 0.9238812 2.51011E-09 0.7605956 6.777745E-09 -0.6492258 0.9238812 0.3826795 -3.689316E-11 -5.164842E-09 0.7605957 0.6492258 0 1 0 0 1 0 0 1 0 0 1 0 0 1 0 0 1 0 0 1 0 0 1 0 0 1 0 0 1 0 0 1 0 0.8660331 0 0.4999866 0 1 0 0 1 0 0 1 0 0 1 0 0 1 0 0 1 0 0 1 0 0 1 0 0 1 0 0 1 0 0 1 0 0.8660331 0 0.4999866 0 1 0 0 1 0 0 1 0 0 1 0 0 1 0 0 1 0 0 1 0 0 1 0 0.00733627 0.6583235 -0.7526993 0.4667334 0.4667334 -0.7512123 0.5216094 0.8286824 -0.2030005 0.006351847 0.6615279 0.7498937 -0.008505422 0.6580436 -0.7529319 -0.005554929 0.6613451 0.7500612 -0.463737 0.4715378 -0.7500668 -0.4866247 0.8609914 -0.1479536 -0.9238763 -0.3826911 -2.309171E-09 -0.9238832 -0.3826747 2.48801E-09 -0.3826795 0.9238812 -3.689316E-11 0.3826795 0.9238812 3.689316E-11 0.3826747 0.9238832 -2.48801E-09 -0.3826747 0.9238832 2.48801E-09 -0.3826747 0.9238832 -2.48801E-09 -0.3826795 0.9238812 3.689316E-11 -0.3826969 0.923874 4.748604E-05 -0.01260645 0.3990445 -0.9168449 9.943903E-09 0.3946601 0.9188272 -0.3946601 -9.943903E-09 0.9188272 0.2352477 0.464231 -0.8539017 0.03718284 0.7611826 -0.6474708 0.2790677 0.2790677 0.9188267 0.2790677 0.2790677 0.9188267 -0.5367145 0.5394 0.6488338 -0.1852299 0.4556703 0.8706633 -0.3991947 0.9156941 0.0463451 -0.3827092 0.9238689 3.305021E-05 0.3946601 -9.943903E-09 0.9188272 0.7605956 -6.777745E-09 0.6492258 0.7605956 6.777745E-09 0.6492258 0.3946601 9.943903E-09 0.9188272 -1.259908E-09 0.3946719 -0.9188221 4.430165E-09 0.7606247 -0.6491919 -0.8361408 0.548515 0 -0.01537347 0.9998818 0 0 1 0 0 1 0 0 1 0 0 1 0 0.00733627 0.6583235 -0.7526993 0.4667334 0.4667334 -0.7512123 0.5216094 0.8286824 -0.2030005 0.006351847 0.6615279 0.7498937 -0.008505422 0.6580436 -0.7529319 -0.005554929 0.6613451 0.7500612 -0.463737 0.4715378 -0.7500668 -0.4866247 0.8609914 -0.1479536 -0.9238812 -0.3826795 -3.689316E-11 -0.9238832 -0.3826747 2.48801E-09 -0.3826795 0.9238812 -3.689316E-11 0.3826795 0.9238812 3.689316E-11 0.3826747 0.9238832 -2.48801E-09 -0.3826747 0.9238832 2.48801E-09 -0.3826747 0.9238832 -2.48801E-09 -0.3826795 0.9238812 3.689316E-11 -0.3826969 0.923874 4.748604E-05 -0.01260645 0.3990326 -0.9168501 9.943903E-09 0.3946601 0.9188272 -0.3946601 -9.943903E-09 0.9188272 0.235254 0.4642191 -0.8539065 0.03718284 0.7611826 -0.6474708 0.2790677 0.2790677 0.9188267 0.2790677 0.2790677 0.9188267 -0.5367401 0.5394015 0.6488113 -0.1852299 0.4556703 0.8706633 -0.3991947 0.9156941 0.0463451 -0.3827092 0.9238689 3.305021E-05 0.3946601 -9.943903E-09 0.9188272 0.7606112 -6.550058E-10 0.6492075 0.7605956 6.777745E-09 0.6492258 0.3946601 9.943903E-09 0.9188272 -1.048682E-09 0.3946601 -0.9188272 4.430165E-09 0.7606247 -0.6491919 -0.8361408 0.548515 0 -0.01537347 0.9998818 0 0 1 0 0 1 0 0 1 0 0 1 0 0.9238832 0.3826747 -2.48801E-09 0.3826795 0.9238812 -3.689316E-11 0.005554929 0.6613451 -0.7500612 0.4866247 0.8609914 0.1479536 0.463737 0.4715378 0.7500668 0.008505422 0.6580436 0.7529319 -0.006351847 0.6615279 -0.7498937 -0.00733627 0.6583235 0.7526993 -0.5216094 0.8286824 0.2030005 -0.4667334 0.4667334 0.7512123 -0.9238812 -0.3826795 3.689316E-11 -0.9238832 -0.3826747 -2.48801E-09 -0.3826795 0.9238812 3.689316E-11 -0.3826747 0.9238832 -2.48801E-09 -0.3826795 0.9238812 -3.689316E-11 -0.3826747 0.9238832 2.48801E-09 -9.943903E-09 0.3946601 0.9188272 -0.3826969 0.923874 -4.748604E-05 0.03718284 0.7611826 -0.6474708 -9.943903E-09 -0.3946601 0.9188272 -0.3946325 3.771315E-09 0.918839 0.235254 0.4642191 0.8539065 9.943903E-09 -0.3946601 0.9188272 0.2790677 0.2790677 -0.9188267 -0.5367145 0.5394 -0.6488338 -0.3827092 0.9238689 -3.305021E-05 -0.3991947 0.9156941 -0.0463451 -0.1852299 0.4556703 -0.8706633 -0.3946601 9.943903E-09 0.9188272 -0.3946325 3.771315E-09 0.918839 0.7605956 6.777745E-09 -0.6492258 0.7605957 5.164842E-09 -0.6492258 -1.048682E-09 0.3946601 0.9188272 1.048682E-09 0.3946601 0.9188272 -4.430165E-09 0.7606247 0.6491919 4.430165E-09 0.7606247 0.6491919 -0.01337888 0.9999105 0 -0.8522934 0.523064 0 0 1 0 0 1 0 0.9238832 0.3826747 -2.48801E-09 0.3826795 0.9238812 -3.689316E-11 0.005554929 0.6613451 -0.7500612 0.4866246 0.8609914 0.1479535 0.463737 0.4715378 0.7500668 0.008505422 0.6580436 0.7529319 -0.006351857 0.6615279 -0.7498937 -0.00733627 0.6583235 0.7526993 -0.5216094 0.8286823 0.2030004 -0.4667334 0.4667334 0.7512123 -0.9238812 -0.3826795 3.689316E-11 -0.9238832 -0.3826747 -2.48801E-09 -0.3826795 0.9238812 3.689316E-11 -0.3826747 0.9238832 -2.48801E-09 -0.3826795 0.9238812 -3.689316E-11 -0.3826747 0.9238832 2.48801E-09 -9.943903E-09 0.3946601 0.9188272 -0.3826969 0.923874 -4.748604E-05 0.03718284 0.7611826 -0.6474708 -9.943903E-09 -0.3946601 0.9188272 -0.3946325 3.771315E-09 0.918839 0.235254 0.4642191 0.8539065 9.943903E-09 -0.3946601 0.9188272 0.2790677 0.2790677 -0.9188267 -0.5367274 0.5394008 -0.6488225 -0.3827092 0.9238689 -3.305021E-05 -0.3991947 0.9156941 -0.0463451 -0.1852299 0.4556703 -0.8706633 -0.3946601 9.943903E-09 0.9188272 -0.3946325 3.771315E-09 0.918839 0.7605956 6.777745E-09 -0.6492258 0.7605957 5.164842E-09 -0.6492258 -1.048682E-09 0.3946601 0.9188272 1.048682E-09 0.3946601 0.9188272 -2.258111E-09 0.7606114 0.6492075 4.177557E-09 0.7605957 0.6492258 -0.01337888 0.9999105 0 -0.8522934 0.523064 0 0 1 0 0 1 0 0 1 0 0 1 0 0.8660331 0 0.4999866 0.8660243 0 0.5000019 0.8660265 0 0.4999981 0.8660176 0 0.5000134 0.8660176 0 0.5000135 0 1 0 0 1 0 0 1 0 0 1 0 0 1 0 0 1 0 0 1 0 -0.8660231 0 0.500004 -0.8660331 0 0.4999866 -0.8660231 0 0.5000039 -0.8660231 0 0.5000039 -0.8660232 0 0.5000039 -0.8660331 0 0.4999866 0 1 0 0 1 0 0.8660332 0 0.4999865 0.8660243 0 0.5000019 0.8660265 0 0.4999981 0.8660176 0 0.5000134 0.8660176 0 0.5000135 0 1 0 0 1 0 0 1 0 0 1 0 0 1 0 0 1 0 0 1 0 -0.8660231 0 0.5000039 -0.8660331 0 0.4999866 -0.8660232 0 0.5000039 -0.8660232 0 0.5000039 -0.8660232 0 0.5000038 -0.8660331 0 0.4999866 0 1 0 0 1 0 0 1 0 0 1 0 0 1 0 0 1 0 0 1 0 0 1 0 0 0 -1 0 0 -1 0 0 -1 0 0 -1 0 0 -1 0 0 -1 0 0 -1 0 0 -1 -0.9238763 0.3826911 2.309171E-09 -0.9238832 0.3826747 -2.48801E-09 -0.9238812 -0.3826795 3.689316E-11 -0.9238812 0.3826795 -3.689316E-11 -0.9238832 0.3826747 2.48801E-09 -0.9238832 -0.3826747 -2.48801E-09 0.7605956 -6.777745E-09 -0.6492258 -3.063099E-09 -0.3946719 0.9188221 0.03305417 0.7659201 0.6420855 0.03718284 0.7611826 0.6474708 2.82664E-09 0.7606247 -0.6491919 0.3946601 9.943903E-09 0.9188272 0.7605956 -6.777745E-09 0.6492258 -9.943903E-09 0.3946601 0.9188272 -4.430165E-09 0.7606247 -0.6491919 -0.01262351 0.9999203 0 -0.707087 0.7071265 0 0 1 0 0 1 0 -0.9238812 0.3826795 3.689316E-11 -0.9238832 0.3826747 -2.48801E-09 -0.9238812 -0.3826795 3.689316E-11 -0.9238812 0.3826795 -3.689316E-11 -0.9238832 0.3826747 2.48801E-09 -0.9238832 -0.3826747 -2.48801E-09 0.7605956 -6.777745E-09 -0.6492258 9.943903E-09 -0.3946601 0.9188272 0.03303195 0.7659454 0.6420565 0.03718284 0.7611826 0.6474708 2.82664E-09 0.7606247 -0.6491919 0.3946601 9.943903E-09 0.9188272 0.7606112 -6.550058E-10 0.6492075 -9.943903E-09 0.3946601 0.9188272 -4.430165E-09 0.7606247 -0.6491919 -0.01262351 0.9999203 0 -0.707087 0.7071265 0 0 1 0 0 1 0 -0.9238832 0.3826747 2.48801E-09 -0.9238812 0.3826795 -3.689316E-11 -0.9238812 -0.3826795 -3.689316E-11 -0.9238832 -0.3826747 2.48801E-09 -0.9238832 0.3826747 -2.48801E-09 -0.9238812 0.3826795 3.689316E-11 -0.3827092 0.9238689 -3.305021E-05 -0.7057762 0.5055193 0.4963165 -5.164842E-09 0.7605957 -0.6492258 0.3946601 9.943903E-09 0.9188272 -0.00963138 0.7589056 0.6511294 0.03719415 0.7611696 0.6474856 0.5378317 0.5378317 -0.6492105 0.2790677 0.2790677 -0.9188267 -0.7106589 0.7035367 0 -0.0141176 0.9999003 0 0 1 0 0 1 0 0 1 0 0 1 0 -0.9238832 0.3826747 2.48801E-09 -0.9238812 0.3826795 -3.689316E-11 -0.9238812 -0.3826795 -3.689316E-11 -0.9238832 -0.3826747 2.48801E-09 -0.9238832 0.3826747 -2.48801E-09 -0.9238812 0.3826795 3.689316E-11 -0.3827092 0.9238689 -3.305021E-05 -0.7057762 0.5055193 0.4963165 2.82664E-09 0.7606247 -0.6491919 0.3946601 9.943903E-09 0.9188272 -0.009630905 0.7588767 0.6511632 0.03719415 0.7611696 0.6474856 0.5378317 0.5378317 -0.6492105 0.2790677 0.2790677 -0.9188267 -0.7106589 0.7035367 0 -0.0141176 0.9999003 0 0 1 0 0 1 0 0 1 0 0 1 0  
			<SubMeshes>: 1
				<SubMesh>: 0 672 12 14 2 12 2 3 6 7 20 6 20 22 16 18 4 16 4 5 0 1 8 0 8 10 128 129 130 130 131 128 131 132 128 131 133 132 133 134 132 133 135 134 136 344 345 136 345 137 138 139 140 138 140 141 7 142 143 7 143 20 346 347 348 346 348 349 15 144 145 350 351 13 11 146 147 352 353 9 23 148 149 354 355 21 19 150 151 356 357 17 152 153 154 152 154 155 17 357 146 17 146 11 156 157 158 156 158 159 160 161 358 160 358 145 359 360 162 162 163 359 163 164 359 163 165 164 361 166 362 361 167 166 36 38 26 36 26 27 30 31 44 30 44 46 40 42 28 40 28 29 24 25 32 24 32 34 168 169 170 170 171 168 171 172 168 171 173 172 173 174 172 173 175 174 176 363 364 176 364 177 178 179 180 178 180 181 31 182 183 31 183 44 365 366 367 365 367 368 39 184 185 369 370 37 35 186 187 371 372 33 47 188 189 373 374 45 43 190 191 375 376 41 192 193 194 192 194 195 41 376 186 41 186 35 196 197 198 196 198 199 200 201 377 200 377 185 378 379 202 202 203 378 203 204 378 203 205 204 380 206 381 380 207 206 60 51 50 60 50 62 54 70 68 54 68 55 64 53 52 64 52 66 48 58 56 208 209 49 210 211 212 212 213 210 213 214 210 213 215 214 215 216 214 215 217 216 218 219 382 218 382 383 220 221 49 220 49 209 55 68 222 55 222 223 384 385 386 384 386 387 63 61 224 388 389 225 59 57 226 390 391 227 71 69 228 392 393 229 67 65 230 394 395 231 232 233 234 232 234 235 65 390 227 65 227 230 236 237 238 236 238 239 240 241 242 240 242 243 244 245 396 396 397 244 397 246 244 397 398 246 399 247 400 399 401 247 84 75 74 84 74 86 78 94 92 78 92 79 88 77 76 88 76 90 72 82 80 248 249 73 250 251 252 252 253 250 253 254 250 253 255 254 255 256 254 255 257 256 258 259 402 258 402 403 260 261 73 260 73 249 79 92 262 79 262 263 404 405 406 404 406 407 87 85 264 408 409 265 83 81 266 410 411 267 95 93 268 412 413 269 91 89 270 414 415 271 272 273 274 272 274 275 89 410 267 89 267 270 276 277 278 276 278 279 280 281 282 280 282 283 284 285 416 416 417 284 417 286 284 417 418 286 419 287 420 419 421 287 96 98 99 96 99 97 100 102 103 100 103 101 288 104 105 288 105 289 107 290 291 291 292 107 291 293 292 293 294 292 106 295 296 106 296 297 298 299 300 298 300 301 302 303 304 304 305 302 304 306 305 306 307 305 108 110 111 108 111 109 112 114 115 112 115 113 308 116 117 308 117 309 119 310 311 311 312 119 311 313 312 313 314 312 118 315 316 118 316 317 318 319 320 318 320 321 322 323 324 324 325 322 324 326 325 326 327 325 121 120 122 121 122 123 328 329 126 328 126 127 330 331 124 330 124 125 332 333 334 332 334 335 336 337 338 336 338 339 340 341 342 340 342 343  
		</Mesh>
		<Materials>: 1
			<Material>: 0
				<AlbedoColor>: 1 1 1 1
				<EmissiveColor>: 0 0 0 0
				<Glossiness>: 0.267
				<Metallic>: 0
				<SpecularHighlight>: 1
				<GlossyReflection>: 1
				<AlbedoMap>: BLD_Doors1_A
				<MetallicMap>: BLD_Doors1_MS
				<NormalMap>: BLD_Doors1_N
				<EmissionMap>: null
				<DetailAlbedoMap>: DET_Concrete1_A
				<DetailNormalMap>: null
		</Materials>
		<Children>: 0
	</Frame>
</Hierarchy>
