<Hierarchy>:
	<Frame>: 0 5 Villa2_Deco_Column_Base_A
		<Transform>: 0 0 0 0 0 0 1 1 1 0 0 0 1  
		<TransformMatrix>: 1 0 0 0 0 1 0 0 0 0 1 0 0 0 0 1  
		<BoxCollider>: 1 3.829598E-06 2 -1.192093E-07 0.9999955 4 1  
		<Mesh>: 217 Villa2_Deco_Column_Base_A
			<Bounds>: 3.829598E-06 1.998837 4.470348E-08 0.4914644 2.001163 0.4914669
			<Positions>: 217 0.4914682 -0.002325177 0.4914669 0.4914682 -0.002325177 -0.4914663 -0.4914605 -0.002325177 0.4914669 -0.4914605 -0.002325177 -0.4914663 0.4914682 1.287116 -0.4914663 -0.491459 1.287116 -0.4914663 -0.491459 1.287116 0.4914669 0.4914682 1.287116 0.4914669 -0.4271831 1.402628 0.4210427 -0.4210348 1.402628 0.427191 0.42105 1.402628 0.427191 0.4271984 1.402628 0.4210427 0.4271984 1.492721 0.4210427 0.42105 1.492721 0.427191 0.4438041 1.433 0.4376485 0.4376558 1.433 0.4437968 0.4438041 1.46235 0.4376485 0.4376558 1.46235 0.4437968 -0.4210348 1.492721 0.427191 -0.4271831 1.492721 0.4210427 -0.4376405 1.46235 0.4437968 -0.4437889 1.46235 0.4376485 -0.4437889 1.433 0.4376485 -0.4376405 1.433 0.4437968 0.4104006 1.492721 -0.4271904 0.4271984 1.492721 -0.4103926 -0.4271831 1.492721 -0.4103926 -0.4103853 1.492721 -0.4271903 0.4271984 1.402628 -0.4103926 0.4104006 1.402628 -0.4271903 0.4270064 1.46235 -0.4437962 0.4438041 1.46235 -0.4269984 0.4270064 1.433 -0.4437962 0.4438041 1.433 -0.4269984 -0.4103853 1.402628 -0.4271904 -0.4271831 1.402628 -0.4103926 -0.4437889 1.46235 -0.4269984 -0.4269911 1.46235 -0.4437962 -0.4437889 1.433 -0.4269984 -0.4269911 1.433 -0.4437962 0.4914681 3.9 0.4914664 0.4914681 3.9 -0.4914669 -0.4914605 3.9 0.4914664 -0.4914605 3.9 -0.4914669 0.3914682 3.5 0.3914665 0.3914682 3.5 -0.3914668 -0.3914605 3.5 -0.3914668 -0.3914605 3.5 0.3914665 0.4914681 4 0.4914665 0.4914681 4 -0.4914669 -0.4914605 4 0.4914665 -0.4914605 4 -0.4914669 0.3914682 3.400001 -0.3914668 -0.3914605 3.400001 -0.3914668 -0.3914605 3.400001 0.3914665 0.3914682 3.400001 0.3914665 0.4389651 3.4095 0.4389637 0.4389651 3.490499 0.4389637 0.4389651 3.490499 -0.438964 -0.4389575 3.490499 -0.438964 -0.4389575 3.490499 0.4389637 0.4389651 3.4095 -0.438964 -0.4389575 3.4095 -0.438964 -0.4389575 3.4095 0.4389637 0.3914682 1.395515 0.3914666 -0.3914605 1.395515 0.3914666 -0.3914605 1.395515 -0.3914667 0.3914682 1.395515 -0.3914667 0.4914682 1.263525 -0.4914663 0.4914682 1.263525 0.4914669 -0.4914591 1.263525 -0.4914663 -0.4914591 1.263525 0.4914669 0.4718682 1.308362 -0.4718663 -0.4718593 1.308362 -0.4718663 -0.4718593 1.308362 0.4718669 0.4718682 1.308362 0.4718669 -0.4271831 1.402628 -0.4103926 0.4271984 1.402628 -0.4103926 0.4271984 1.402628 0.4210427 -0.4271831 1.402628 0.4210427 -0.4103853 1.402628 -0.4271904 0.4104006 1.402628 -0.4271903 0.4914682 -0.002325177 -0.4914663 -0.4914605 -0.002325177 -0.4914663 -0.491459 1.287116 0.4914669 -0.4718593 1.308362 0.4718669 -0.491459 1.287116 -0.4914663 -0.4718593 1.308362 -0.4718663 -0.4271831 1.492721 -0.4103926 -0.4271831 1.492721 0.4210427 0.42105 1.492721 0.427191 -0.4210348 1.492721 0.427191 0.4271984 1.492721 -0.4103926 0.4271984 1.492721 0.4210427 0.4376558 1.433 0.4437968 0.42105 1.402628 0.427191 0.4376558 1.46235 0.4437968 -0.4437889 1.433 0.4376485 -0.4376405 1.433 0.4437968 -0.4376405 1.46235 0.4437968 -0.4437889 1.46235 0.4376485 0.42105 1.492721 0.427191 -0.4210348 1.492721 0.427191 -0.4271831 1.492721 0.4210427 -0.4271831 1.402628 0.4210427 -0.4210348 1.402628 0.427191 -0.4376405 1.433 0.4437968 -0.4437889 1.433 0.4376485 0.42105 1.402628 0.427191 -0.4210348 1.402628 0.427191 -0.4103853 1.402628 -0.4271904 -0.4271831 1.402628 -0.4103926 -0.4437889 1.433 -0.4269984 -0.4269911 1.433 -0.4437962 -0.4269911 1.433 -0.4437962 -0.4269911 1.46235 -0.4437962 0.4104006 1.402628 -0.4271903 0.4270064 1.433 -0.4437962 0.4270064 1.46235 -0.4437962 -0.4103853 1.492721 -0.4271903 0.4104006 1.492721 -0.4271904 -0.4103853 1.492721 -0.4271903 0.4104006 1.492721 -0.4271904 0.4914682 -0.002325177 0.4914669 0.4914682 -0.002325177 -0.4914663 0.4914682 1.263525 -0.4914663 -0.4914605 -0.002325177 0.4914669 0.4914682 -0.002325177 0.4914669 0.4914682 1.263525 0.4914669 -0.4914591 1.263525 -0.4914663 -0.4914605 -0.002325177 -0.4914663 -0.4914605 -0.002325177 0.4914669 -0.4914591 1.263525 0.4914669 -0.3914605 3.400001 -0.3914668 0.3914682 3.400001 -0.3914668 0.3914682 3.5 -0.3914668 -0.3914605 3.5 -0.3914668 -0.3914605 3.5 0.3914665 0.3914682 3.5 0.3914665 0.4389651 3.490499 0.4389637 0.4389651 3.4095 0.4389637 0.4389651 3.4095 -0.438964 0.4389651 3.490499 -0.438964 0.4389651 3.490499 -0.438964 0.4389651 3.4095 -0.438964 -0.4389575 3.4095 -0.438964 -0.4389575 3.490499 -0.438964 0.4914681 3.9 0.4914664 0.3914682 3.5 0.3914665 0.3914682 3.5 -0.3914668 0.4914681 3.9 -0.4914669 0.3914682 3.400001 -0.3914668 0.3914682 3.400001 0.3914665 0.3914682 1.395515 -0.3914667 0.4914681 4 -0.4914669 0.4914681 4 0.4914665 -0.4914605 3.9 0.4914664 -0.4914605 4 0.4914665 -0.4914605 4 -0.4914669 -0.4914605 3.9 -0.4914669 -0.4914605 4 -0.4914669 0.4914681 4 -0.4914669 -0.3914605 3.5 -0.3914668 -0.3914605 3.5 0.3914665 0.4914681 4 0.4914665 -0.4914605 4 0.4914665 -0.4389575 3.4095 -0.438964 -0.3914605 3.400001 -0.3914668 -0.4389575 3.490499 -0.438964 -0.4389575 3.4095 -0.438964 -0.4389575 3.4095 0.4389637 -0.4389575 3.490499 0.4389637 -0.4389575 3.490499 0.4389637 -0.4389575 3.4095 0.4389637 0.4389651 3.4095 0.4389637 0.4389651 3.490499 0.4389637 -0.3914605 3.5 -0.3914668 -0.4389575 3.490499 -0.438964 0.3914682 3.400001 0.3914665 -0.3914605 3.400001 0.3914665 0.3914682 1.395515 0.3914666 -0.3914605 3.400001 0.3914665 -0.3914605 3.400001 -0.3914668 -0.3914605 1.395515 -0.3914667 -0.3914605 1.395515 0.3914666 0.4718682 1.308362 0.4718669 0.4914682 1.287116 0.4914669 0.4914682 1.287116 -0.4914663 0.4718682 1.308362 -0.4718663 0.3914682 1.395515 0.3914666 0.3914682 1.395515 -0.3914667 0.3914682 1.395515 -0.3914667 -0.3914605 1.395515 -0.3914667 -0.3914605 1.395515 -0.3914667 -0.3914605 1.395515 0.3914666 -0.3914605 1.395515 0.3914666 0.3914682 1.395515 0.3914666 0.3914682 3.400001 -0.3914668 0.4389651 3.4095 -0.438964 0.4389651 3.4095 0.4389637 0.3914682 3.400001 0.3914665 0.3914682 3.5 0.3914665 0.4389651 3.490499 0.4389637 0.4389651 3.490499 -0.438964 0.3914682 3.5 -0.3914668 0.4914681 3.9 -0.4914669 0.4914681 3.9 0.4914664 -0.4914605 3.9 -0.4914669 0.4914681 3.9 -0.4914669 -0.4914605 3.9 -0.4914669 -0.4914605 3.9 0.4914664 0.4914681 3.9 0.4914664 -0.4914605 3.9 0.4914664 -0.3914605 3.400001 0.3914665 -0.4389575 3.4095 0.4389637 -0.4389575 3.490499 0.4389637 -0.3914605 3.5 0.3914665  
			<Colors>: 0  
			<TextureCoords0>: 217 0.8652344 0.5493164 0.8652344 0.5053711 0.9091797 0.5493164 0.9091797 0.5053711 0.9545898 0.145752 0.8193359 0.145752 0.864502 0.145752 0.9094238 0.145752 0.9991885 0.1396484 0.909833 0.5102539 0.8655577 0.5102539 0.8650728 0.1396484 0.8652344 0.5099306 0.8644193 0.1450195 0.8650606 0.1411133 0.8644316 0.1411133 0.8650606 0.1435547 0.8644316 0.1435547 0.8196627 0.1450195 0.9991885 0.1450195 0.8196505 0.1435547 0.9992006 0.1435547 0.9992006 0.1411133 0.8196505 0.1411133 0.8661176 0.465332 0.8652344 0.4662153 0.955473 0.1450195 0.909273 0.465332 0.9092634 0.1396484 0.8661176 0.465332 0.9109972 0.1435547 0.9092969 0.1435547 0.9109972 0.1411133 0.9092969 0.1411133 0.909273 0.465332 0.955473 0.1396484 0.95544 0.1435547 0.9537489 0.1435547 0.95544 0.1411133 0.9537489 0.1411133 0.9101563 0.1210938 0.9550781 0.1210938 0.8647461 0.1210938 0.9995117 0.1210938 0.9099121 0.1499023 0.9545898 0.1499023 0.9990234 0.1499023 0.8652344 0.1499023 0.8652344 0.5493164 0.8652344 0.5053711 0.9091797 0.5493164 0.9091797 0.5053711 0.9545898 0.1357422 0.9990234 0.1357422 0.8652344 0.1357422 0.9099121 0.1357422 0.9099121 0.1401367 0.9099121 0.1450195 0.9545898 0.1450195 0.9990234 0.1450195 0.8652344 0.1450195 0.9545898 0.1401367 0.9990234 0.1401367 0.8652344 0.1401367 0.9101563 0.5384943 0.8669434 0.5384943 0.9995117 0.5384943 0.9545898 0.5384943 0.9545898 0.1465113 0.9094238 0.1465113 0.9997559 0.1465113 0.864502 0.1465113 0.9554511 0.1450822 0.8202451 0.1450821 0.8653633 0.145082 0.9085625 0.1450821 0.9101563 0.4662153 0.8652344 0.4662153 0.8652344 0.5099306 0.9101563 0.5099306 0.9537163 0.1396484 0.9110298 0.1396484 0.9545898 0.1872559 0.9997559 0.1872559 0.864502 0.145752 0.8635449 0.1450821 0.9997559 0.145752 0.9988467 0.1450821 0.9101563 0.4662153 0.9101563 0.5099306 0.8655577 0.5102539 0.909833 0.5102539 0.9092634 0.1450195 0.8650728 0.1450195 0.8644315 0.1411133 0.8644193 0.1396484 0.8644315 0.1435547 0.9992006 0.1411133 0.9995117 0.1411133 0.9995117 0.1435547 0.9992006 0.1435547 0.8644193 0.1450195 0.9995782 0.1451443 0.9991885 0.1450195 0.9991885 0.1396484 0.9995784 0.1395235 0.9995843 0.1409885 0.9992006 0.1411133 0.8644193 0.1396484 0.8196627 0.1396484 0.9537163 0.1396484 0.955473 0.1396484 0.95544 0.1411133 0.9537489 0.1411133 0.9537489 0.1411133 0.9537489 0.1435547 0.9110298 0.1396484 0.9109972 0.1411133 0.9109972 0.1435547 0.9537163 0.1450195 0.9110298 0.1450195 0.9537163 0.1450195 0.9110298 0.1450195 0.9094238 0.1872559 0.9545898 0.1872559 0.9545898 0.1465113 0.864502 0.1872559 0.9094238 0.1872559 0.9094238 0.1465113 0.8193359 0.1465113 0.8193359 0.1872559 0.864502 0.1872559 0.864502 0.1465113 0.9995117 0.6425781 0.9545898 0.6425781 0.9550781 0.1455078 0.9995117 0.1455078 0.8647461 0.1455078 0.9101563 0.1455078 0.9099121 0.1450195 0.9099121 0.1401367 0.9545898 0.1401367 0.9545898 0.1450195 0.9545898 0.1450195 0.9545898 0.1401367 0.9990234 0.1401367 0.9990234 0.1450195 0.9101563 0.1210938 0.9101563 0.1455078 0.9550781 0.1455078 0.9550781 0.1210938 0.9545898 0.6425781 0.9101563 0.6425781 0.9545898 0.5384943 0.9550781 0.1157227 0.9101563 0.1157227 0.8647461 0.1210938 0.8647461 0.1157227 0.8200684 0.1157227 0.8200684 0.1210938 0.9995117 0.1157227 0.9550781 0.1157227 0.8200684 0.1455078 0.8647461 0.1455078 0.9101563 0.1157227 0.8647461 0.1157227 0.8200684 0.1401367 0.8200684 0.1357422 0.8200684 0.1450195 0.8200684 0.1401367 0.8652344 0.1401367 0.8652344 0.1450195 0.8652344 0.1450195 0.8652344 0.1401367 0.9099121 0.1401367 0.9099121 0.1450195 0.8200684 0.1499023 0.8200684 0.1450195 0.9101563 0.6425781 0.8669434 0.6425781 0.9101563 0.5384943 0.8669434 0.6425781 0.8217773 0.6425781 0.8217773 0.5384943 0.8669434 0.5384943 0.910333 0.145082 0.9094238 0.145752 0.9545898 0.145752 0.9536806 0.1450821 0.9140625 0.142334 0.9499512 0.142334 0.9589844 0.142334 0.9951172 0.142334 0.8239746 0.142334 0.8596191 0.142334 0.8688965 0.142334 0.9050293 0.142334 0.9545898 0.1357422 0.9545898 0.1401367 0.9099121 0.1401367 0.9099121 0.1357422 0.9099121 0.1499023 0.9099121 0.1450195 0.9545898 0.1450195 0.9545898 0.1499023 0.9550781 0.1210938 0.9101563 0.1210938 0.9995117 0.1210938 0.9550781 0.1210938 0.8200684 0.1210938 0.8647461 0.1210938 0.9101563 0.1210938 0.8647461 0.1210938 0.8652344 0.1357422 0.8652344 0.1401367 0.8652344 0.1450195 0.8652344 0.1499023  
			<TextureCoords1>: 217 0.6598511 0.8098596 0.846086 0.8098596 0.6598509 0.9960936 0.8460859 0.9960938 0.248215 0.4295784 0.4116357 0.4256718 0.4116359 0.8059524 0.4116359 0.6197186 0.8245718 0.7039977 0.3893314 0.2292221 0.3893314 0.06967354 0.6638119 0.4750677 0.9917271 0.2637933 0.8234979 0.6619886 0.661576 0.4682572 0.8266663 0.6744579 0.6615025 0.462819 0.8266546 0.6685125 0.6645347 0.6625224 0.8244241 0.6850014 0.6622216 0.6691007 0.827617 0.6915067 0.8276621 0.6974515 0.6616111 0.67457 0.8310136 0.2669759 0.8341963 0.2637931 0.6674922 0.6864089 0.8310133 0.4224888 0.818496 0.4752232 0.5512097 0.07169122 0.6598508 0.4387284 0.8203476 0.4629252 0.6598508 0.4442893 0.8203925 0.4683077 0.5512099 0.2272041 0.6678025 0.7049795 0.665212 0.6930076 0.8216564 0.4387284 0.6646305 0.6984724 0.8216565 0.4442893 0.3802816 0.05643773 0.1940476 0.1574107 0.1940476 0.05643767 0.3802816 0.1574107 0.8179648 0.2675687 0.6689886 0.2675439 0.6689927 0.4165194 0.8179688 0.4165442 0.1901412 0.04929644 0.003906254 0.04929644 0.1901412 0.2355306 0.00390625 0.2355306 0.8179647 0.09640706 0.8179687 0.2453824 0.6689927 0.2453577 0.6689886 0.09638232 0.6598505 0.0872547 0.8270925 0.2584308 0.6598505 0.2584163 0.659865 0.4256573 0.827107 0.4256718 0.8270923 0.08726919 0.8271068 0.25451 0.659865 0.2544956 0.2761575 0.8288057 0.383693 0.7870058 0.2761576 0.5968657 0.2761578 0.4485252 0.2437452 0.4295782 0.2437449 0.8098588 0.2437451 0.6158121 0.4161057 0.8059524 0.2536918 0.433292 0.4061589 0.4219583 0.4061591 0.8022389 0.4061591 0.6234322 0.5480272 0.230387 0.548027 0.06850857 0.3904963 0.06850863 0.3904963 0.230387 0.8185102 0.4508477 0.6629971 0.4508477 0.003906404 0.4295781 0.00390625 0.6158122 0.4116356 0.2394368 0.4061589 0.2431504 0.2482148 0.6158122 0.2536916 0.6120987 0.8341959 0.4256715 0.9917266 0.4256718 0.992892 0.2649582 0.9928916 0.4245069 0.8182678 0.4561011 0.6635767 0.455933 0.6598716 0.4684901 0.6621068 0.4756283 0.6598508 0.4625782 0.6598508 0.6743428 0.6616111 0.67457 0.6622216 0.6691007 0.6606544 0.6687156 0.6619634 0.4554546 0.6645347 0.6625224 0.6630111 0.6619886 0.3904963 0.230387 0.3893314 0.2292221 0.3841879 0.2343656 0.3853528 0.2355306 0.8235394 0.6809874 0.6647469 0.6810951 0.5512099 0.2272041 0.5480272 0.230387 0.5531712 0.2355306 0.5563538 0.2323476 0.6598508 0.6977116 0.6609476 0.6919019 0.8231028 0.476333 0.8248963 0.4688879 0.825019 0.4625782 0.6632223 0.6850014 0.8232238 0.454754 0.8185102 0.43217 0.6629971 0.43217 0.00390625 0.8098588 0.00390625 0.9960937 0.2437449 0.9960936 0.6559445 0.8059525 0.6559446 0.6197184 0.4161057 0.6197184 0.4161054 0.4256718 0.6559442 0.4256718 0.6559442 0.2394368 0.4161054 0.2394368 0.6559444 0.5968667 0.6559445 0.4485264 0.2129944 0.2355306 0.3613348 0.2355306 0.2129944 0.1345575 0.3613348 0.1345575 0.6598508 0.6427355 0.6598508 0.6580824 0.8261905 0.6580824 0.8261906 0.6427355 0.6598508 0.4994923 0.6598509 0.5148392 0.8261896 0.5148392 0.8261895 0.4994923 0.6598508 0.5376924 0.6787976 0.6158122 0.8271388 0.6158122 0.8460857 0.5376924 0.6559446 0.977147 0.6559446 0.8288057 0.2761575 0.977147 0.8460856 0.5187454 0.6598508 0.5187454 0.8460858 0.7278327 0.8460858 0.7088857 0.6598508 0.7088857 0.659851 0.7278327 0.3802817 0.1384638 0.1940475 0.1384638 0.6787978 0.8059525 0.827139 0.8059525 0.3802815 0.03749079 0.1940475 0.03749073 0.8271068 0.25451 0.8179687 0.2453824 0.6598508 0.6234825 0.6598508 0.6388293 0.8261905 0.6388293 0.8261906 0.6234825 0.6598508 0.4802393 0.6598509 0.4955861 0.8261896 0.4955861 0.8261895 0.4802393 0.6689927 0.4165194 0.659865 0.4256573 0.00390625 0.6386646 0.00390625 0.787005 0.3836931 0.6386654 0.00390625 0.258383 0.00390625 0.4067243 0.383693 0.406725 0.383693 0.2583838 0.2536915 0.8135723 0.2482147 0.8098587 0.2482147 0.9960938 0.2536915 0.9923802 0.2761575 0.8288057 0.2761575 0.977147 0.2761578 0.4485252 0.2761576 0.5968657 0.383693 0.406725 0.383693 0.2583838 0.383693 0.7870058 0.3836931 0.6386654 0.8179647 0.09640706 0.8270923 0.08726919 0.6598505 0.0872547 0.6689886 0.09638232 0.8179648 0.2675687 0.8270925 0.2584308 0.6598505 0.2584163 0.6689886 0.2675439 0.8460857 0.5376924 0.6598508 0.5376924 0.3802816 0.1574107 0.1940476 0.1574107 0.659851 0.7278327 0.8460858 0.7278327 0.3802816 0.05643773 0.1940476 0.05643767 0.6689927 0.2453577 0.659865 0.2544956 0.827107 0.4256718 0.8179688 0.4165442  
			<Normals>: 217 0 -1 0 0 -1 0 0 -1 0 0 -1 0 0 0.2776341 -0.9606869 -0.9606869 0.2776341 0 0 0.2776341 0.9606869 0 0.2776341 0.9606869 -0.7808475 -0.5685217 0.2589599 0 -1 0 0 -1 0 0.7808475 -0.5685217 0.2589599 0 1 0 0.2589599 0.5685217 0.7808475 0.8769424 -0.2893232 0.38375 0.38375 -0.2893232 0.8769424 0.8769424 0.2893232 0.38375 0.38375 0.2893232 0.8769424 -0.2589599 0.5685217 0.7808475 -0.7808475 0.5685217 0.2589599 -0.38375 0.2893232 0.8769424 -0.8769424 0.2893232 0.38375 -0.8769424 -0.2893232 0.38375 -0.38375 -0.2893232 0.8769424 0 1 0 0 1 0 -0.7808475 0.5685217 -0.2589599 0 1 0 0.7808475 -0.5685217 -0.2589599 0 -1 0 0.38375 0.2893232 -0.8769424 0.8769424 0.2893232 -0.38375 0.38375 -0.2893232 -0.8769424 0.8769424 -0.2893232 -0.38375 0 -1 0 -0.7808475 -0.5685217 -0.2589599 -0.8769424 0.2893232 -0.38375 -0.38375 0.2893232 -0.8769424 -0.8769424 -0.2893232 -0.38375 -0.38375 -0.2893232 -0.8769424 0 -0.2425356 0.9701425 0 -0.2425356 -0.9701425 0 -0.2425356 0.9701425 0 -0.2425356 -0.9701425 0 0.6434955 0.7654499 0 0.6434955 -0.7654499 0 0.6434955 -0.7654499 0 0.6434955 0.7654499 0 1 0 0 1 0 0 1 0 0 1 0 0 -0.9805807 -0.1961161 0 -0.9805807 -0.1961161 0 -0.9805807 0.1961161 0 -0.9805807 0.1961161 0 -0.4115483 0.911388 0 0.4115483 0.911388 0 0.4115483 -0.911388 0 0.4115483 -0.911388 0 0.4115483 0.911388 0 -0.4115483 -0.911388 0 -0.4115483 -0.911388 0 -0.4115483 0.911388 1 0 0 0 0 1 0 0 -1 0 0 -1 0 0 -1 1 0 0 0 0 -1 0 0 1 0 0.6780431 -0.7350222 -0.7350222 0.6780431 0 0 0.6780583 0.7350082 0 0.6780583 0.7350082 0 -1 0 0 -1 0 0 -1 0 0 -1 0 -0.2589599 -0.5685217 -0.7808475 0.2589599 -0.5685217 -0.7808475 0 0 -1 0 0 -1 -0.9606869 0.2776341 0 -0.7350222 0.6780431 0 0 0.2776341 -0.9606869 0 0.6780431 -0.7350222 0 1 0 0 1 0 0 1 0 0 1 0 0.7808475 0.5685217 -0.2589599 0.7808475 0.5685217 0.2589599 0.38375 -0.2893232 0.8769424 0.2589599 -0.5685217 0.7808475 0.38375 0.2893232 0.8769424 -0.8769424 -0.2893232 0.38375 -0.38375 -0.2893232 0.8769424 -0.38375 0.2893232 0.8769424 -0.8769424 0.2893232 0.38375 0.2589599 0.5685217 0.7808475 -0.2589599 0.5685217 0.7808475 -0.7808475 0.5685217 0.2589599 -0.7808475 -0.5685217 0.2589599 -0.2589599 -0.5685217 0.7808475 -0.38375 -0.2893232 0.8769424 -0.8769424 -0.2893232 0.38375 0.2589599 -0.5685217 0.7808475 -0.2589599 -0.5685217 0.7808475 -0.2589599 -0.5685217 -0.7808475 -0.7808475 -0.5685217 -0.2589599 -0.8769424 -0.2893232 -0.38375 -0.38375 -0.2893232 -0.8769424 -0.38375 -0.2893232 -0.8769424 -0.38375 0.2893232 -0.8769424 0.2589599 -0.5685217 -0.7808475 0.38375 -0.2893232 -0.8769424 0.38375 0.2893232 -0.8769424 -0.2589599 0.5685217 -0.7808475 0.2589599 0.5685217 -0.7808475 -0.2589599 0.5685217 -0.7808475 0.2589599 0.5685217 -0.7808475 1 0 0 1 0 0 1 0 0 0 0 1 0 0 1 0 0 1 -1 0 0 -1 0 0 -1 0 0 -1 0 0 0 0 -1 0 0 -1 0 0.6434955 -0.7654499 0 0.6434955 -0.7654499 0 0.6434955 0.7654499 0 0.6434955 0.7654499 0.911388 0.4115483 0 0.911388 -0.4115483 0 0.911388 -0.4115483 0 0.911388 0.4115483 0 0 0.4115483 -0.911388 0 -0.4115483 -0.911388 0 -0.4115483 -0.911388 0 0.4115483 -0.911388 0.9701425 -0.2425356 0 0.7654499 0.6434955 0 0.7654499 0.6434955 0 0.9701425 -0.2425356 0 1 0 0 1 0 0 1 0 0 1 0 0 1 0 0 -1 0 0 -1 0 0 -1 0 0 -1 0 0 0 0 -1 0 0 -1 -0.7654499 0.6434955 0 -0.7654499 0.6434955 0 0 0 1 0 0 1 -0.911388 -0.4115483 0 -0.1961161 -0.9805807 0 -0.911388 0.4115483 0 -0.911388 -0.4115483 0 -0.911388 -0.4115483 0 -0.911388 0.4115483 0 0 0.4115483 0.911388 0 -0.4115483 0.911388 0 -0.4115483 0.911388 0 0.4115483 0.911388 -0.7654499 0.6434955 0 -0.911388 0.4115483 0 0 0 1 0 0 1 0 0 1 -1 0 0 -1 0 0 -1 0 0 -1 0 0 0.7350222 0.6780431 0 0.9606869 0.2776341 0 0.9606869 0.2776341 0 0.7350222 0.6780431 0 0.7350222 0.6780431 0 0.7350222 0.6780431 0 0 0.6780431 -0.7350222 0 0.6780431 -0.7350222 -0.7350222 0.6780431 0 -0.7350222 0.6780431 0 0 0.6780583 0.7350082 0 0.6780583 0.7350082 0.1961161 -0.9805807 0 0.911388 -0.4115483 0 0.911388 -0.4115483 0 0.1961161 -0.9805807 0 0.7654499 0.6434955 0 0.911388 0.4115483 0 0.911388 0.4115483 0 0.7654499 0.6434955 0 1 0 0 1 0 0 0 0 -1 0 0 -1 -0.9701425 -0.2425356 0 -0.9701425 -0.2425356 0 0 0 1 0 0 1 -0.1961161 -0.9805807 0 -0.911388 -0.4115483 0 -0.911388 0.4115483 0 -0.7654499 0.6434955 0  
			<Tangents>: 217 -1 0 -6.063984E-08 -1 0 -3.031983E-08 -1 0 -3.032001E-08 -1 0 0 -1 0 0 1.176436E-08 4.070777E-08 1 1 0 0 1 7.82498E-07 -2.261384E-07 0.2093486 0.1524251 0.9658881 -1 0 0 -1 0 0 0.2122378 -0.1484516 -0.9658764 -1 0 1.767775E-08 0.9658881 -0.1524238 -0.2093495 0.3656071 -0.116652 -0.9234304 0.923437 0.1202337 -0.3644282 0.365604 0.1166612 -0.9234305 0.923437 -0.1202332 -0.3644284 0.9658881 0.1524238 0.2093495 0.2093495 -0.1524238 0.9658881 0.923437 0.1202327 0.3644286 0.3644284 -0.1202332 0.923437 0.3644282 0.1202337 0.923437 0.923437 -0.1202338 0.3644282 -1 0 3.630949E-08 -1 0 3.489513E-08 -0.2169499 0.1419482 0.9658071 -1 0 3.489343E-08 -0.2169105 0.1420026 -0.965808 -1 0 3.429951E-08 -0.923437 0.1202332 -0.3644284 -0.3675293 -0.1107737 -0.9233913 -0.923437 -0.1202332 -0.3644284 -0.3675133 0.1108228 -0.9233918 -1 0 -3.630949E-08 -0.2093495 -0.1524238 0.9658881 -0.3675291 0.1107743 0.9233913 -0.923437 -0.1202332 0.3644284 -0.3664013 -0.1142288 0.9234186 -0.923437 0.1202332 0.3644284 1 0 0 -1 0 0 1 0 0 -1 0 0 1 0 0 -1 0 0 -1 0 0 1 0 0 -1 0 0 -1 0 0 -1 0 0 -1 0 0 -1 0 0 -1 0 0 1 0 0 1 0 0 1 0 0 1 0 0 -1 0 0 -1 0 0 1 0 0 -1 0 0 -1 0 0 1 0 0 0 -3.269589E-07 -1 1 3.269614E-07 0 -1 0 0 -1 0 0 -1 0 0 0 0 -1 -1 0 0 1 0 0 -1 -2.581549E-06 -2.381427E-06 2.15255E-08 2.333439E-08 1 1 1.291094E-06 -1.191057E-06 1 8.902168E-07 -8.21241E-07 -1 0 1.664259E-08 -1 0 3.488175E-08 -1 0 1.767869E-08 -1 0 0 -0.9658881 0.1524238 0.2093495 -0.9658881 -0.1524238 -0.2093496 -1 0 0 -1 0 0 2.156014E-08 7.460372E-08 1 0 0 1 -1 -1.564086E-06 -4.520139E-07 -1 -1.953909E-06 -1.802442E-06 -1 0 1.731608E-08 -1 0 0 -1 0 0 -1 0 0 -0.2170163 -0.1418563 -0.9658057 0.2122198 0.1484764 -0.9658766 0.897276 -0.1076152 -0.4281527 0.8636287 -0.2257332 -0.450766 0.8972665 0.1076565 -0.4281622 0.4281626 -0.1076582 0.8972661 0.8972665 0.1076565 0.4281622 0.8522878 -0.2545659 0.4569483 0.3905009 -0.03648819 0.9198791 0.8636286 0.2257334 -0.4507661 0.6382601 -0.5060498 0.5801186 0.2555436 -0.08758131 0.9628224 0.2553945 0.08779519 0.9628425 0.6380215 0.5062633 0.5801948 0.7535723 0.4507615 0.4784797 0.3286685 0.2215366 0.9180951 0.9658881 0.1524251 -0.2093486 0.9658881 -0.1524238 0.2093495 -0.8636172 -0.2257542 0.4507774 -0.4507665 0.2257342 0.8636282 -0.4281531 0.107617 0.8972756 -0.8972519 -0.1077201 0.4281768 -0.8972663 -0.1076573 0.4281624 -0.8972663 0.1076573 0.4281624 -0.8636282 0.2257342 -0.4507665 -0.8972664 0.107657 -0.4281623 -0.8972664 -0.1076568 -0.4281622 -0.8636279 0.2257346 0.4507667 -0.8636281 -0.2257343 -0.4507666 -0.9658881 -0.1524238 0.2093496 -0.9658881 0.1524238 -0.2093495 0 0 -1 0 0 -1 0 -2.185051E-09 -1 1 0 0 1 0 0 1 0 0 0 0 1 0 0 1 0 0 1 0 2.185048E-09 1 -1 0 0 -1 0 0 -1 0 0 -1 0 0 1 0 0 1 0 0 0 0 -1 0 0 -1 0 0 -1 0 0 -1 -1 0 0 -1 0 0 -1 0 0 -1 0 0 0 0 -1 0 0 -1 0 0 -1 0 0 -1 0 -1.015908E-07 -1 0 0 -1 0 -4.285498E-07 -1 0 0 -1 0 0 -1 0 0 1 0 0 1 0 0 1 0 0 1 -1 0 0 -1 0 0 0 0 1 0 0 1 1 0 0 1 0 0 0 0 1 0 0 1 0 0 1 0 0 1 0 0 1 0 0 1 1 0 0 1 0 0 1 0 0 1 0 0 0 0 1 0 0 1 1 1.015909E-07 0 1 0 0 1 4.285522E-07 0 0 0 1 0 0 1 0 0 1 0 0 1 -1.168658E-06 1.266866E-06 -1 1.176501E-08 -4.071001E-08 -1 -2.042864E-07 7.068844E-07 -1 -9.813779E-07 1.063848E-06 -1 -1.758381E-06 1.906145E-06 -1 -1.517655E-07 1.645191E-07 -1 -1 -3.793608E-06 -3.499527E-06 -1 0 0 0 0 1 0 0 1 1 1.887666E-06 -1.741406E-06 1 -1.645138E-07 1.517669E-07 0 0 -1 0 0 -1 0 0 -1 0 0 -1 0 0 -1 0 0 -1 0 0 -1 0 0 -1 0 0 -1 0 0 -1 -1 0 0 -1 0 0 0 0 1 0 0 1 1 0 0 1 0 0 0 0 1 0 0 1 0 0 1 0 0 1  
			<BiTangents>: 217 6.063984E-08 0 -1 3.031983E-08 0 -1 3.032001E-08 0 -1 0 0 -1 0 0.9606869 0.2776341 0.2776341 0.9606869 -4.237361E-08 0 0.9606869 -0.2776341 -8.145192E-07 0.9606869 -0.2776341 0.5886003 -0.8084242 1.585237E-06 0 0 -1 0 0 -1 -0.5875647 -0.8091633 -0.004743708 -1.767775E-08 0 -1 9.816388E-10 -0.8084244 0.5886 -0.3119351 -0.950097 -0.003481568 4.679854E-07 -0.9496504 -0.3133115 0.3119386 -0.9500959 0.003472593 1.90836E-09 -0.9496505 0.3133113 -9.816388E-10 -0.8084244 0.5886 -0.5886 -0.8084244 9.816388E-10 -5.371394E-07 -0.9496505 0.3133111 -0.3133113 -0.9496505 -4.62537E-09 0.3133115 -0.9496504 4.875866E-07 -5.267889E-07 -0.9496504 -0.3133115 -3.630949E-08 0 -1 -3.489513E-08 0 -1 -0.5858412 -0.8103294 -0.01250084 -3.489343E-08 0 -1 -0.5858558 -0.81032 0.01243599 -3.429951E-08 0 -1 1.90836E-09 -0.9496505 -0.3133113 0.309668 -0.9508004 -0.009192608 -8.44209E-09 -0.9496505 0.3133113 -0.309687 -0.9507946 0.009144882 3.630949E-08 0 -1 0.5886 -0.8084244 9.816388E-10 -0.3096682 -0.9508002 -0.009192027 -8.44209E-09 -0.9496505 -0.3133113 0.3110017 -0.9503914 0.005836358 1.90836E-09 -0.9496505 0.3133113 0 0.9701425 0.2425356 0 0.9701425 -0.2425356 0 0.9701425 0.2425356 0 0.9701425 -0.2425356 0 -0.7654499 0.6434955 0 -0.7654499 -0.6434955 0 -0.7654499 -0.6434955 0 -0.7654499 0.6434955 0 0 -1 0 0 -1 0 0 -1 0 0 -1 0 -0.1961161 0.9805807 0 -0.1961161 0.9805807 0 -0.1961161 -0.9805807 0 -0.1961161 -0.9805807 0 -0.911388 -0.4115483 0 -0.911388 0.4115483 0 -0.911388 -0.4115483 0 -0.911388 -0.4115483 0 -0.911388 0.4115483 0 -0.911388 0.4115483 0 -0.911388 0.4115483 0 -0.911388 -0.4115483 0 -1 3.269589E-07 3.269614E-07 -1 0 0 -1 0 0 -1 0 0 1 0 0 1 0 0 1 0 0 1 0 -3.512206E-06 0.7350222 0.6780431 0.6780431 0.7350222 -3.174651E-08 -1.75657E-06 0.7350082 -0.6780583 -1.211166E-06 0.7350082 -0.6780583 -1.664259E-08 0 -1 -3.488175E-08 0 -1 -1.767869E-08 0 -1 0 0 -1 9.816388E-10 -0.8084244 0.5886 -2.108881E-08 -0.8084244 0.5886 0 1 0 0 1 0 0.2776341 0.9606869 -7.765664E-08 0.6780431 0.7350222 0 -1.628092E-06 0.9606869 0.2776341 -2.6583E-06 0.7350222 0.6780431 -1.731608E-08 0 -1 0 0 -1 0 0 -1 0 0 -1 0.5858166 -0.8103455 -0.01261038 0.5875712 -0.8091587 0.004714093 -0.2182469 -0.951163 -0.2183055 -0.4325334 -0.7910927 -0.4325358 0.2182858 -0.9511583 0.2182869 0.2182861 -0.9511581 -0.2182874 0.2182858 -0.9511583 -0.2182869 -0.3554454 -0.9227612 0.148897 -0.2801448 -0.9565358 0.08098294 0.4325336 -0.7910926 0.4325357 -0.7249578 -0.6486114 0.2318181 -0.5700655 -0.817993 0.07689443 0.5701323 -0.8179701 -0.07664268 0.7251678 -0.6484447 -0.2316272 0.5337272 -0.8444561 -0.04504624 0.3506409 -0.931243 0.09918344 1.56513E-06 -0.8084242 -0.5886003 9.816388E-10 -0.8084244 -0.5886 0.4325563 -0.7910867 0.4325238 0.4325353 -0.7910924 0.4325345 0.2183046 -0.9511628 0.2182486 0.2183458 -0.9511511 0.2182583 0.2182865 -0.9511582 0.2182865 -0.2182865 -0.9511582 -0.2182865 -0.4325345 -0.7910924 0.4325353 -0.2182863 -0.9511583 0.2182867 0.2182861 -0.9511583 -0.2182868 -0.432535 -0.7910923 -0.432535 0.4325346 -0.7910923 -0.4325351 -2.108881E-08 -0.8084244 -0.5886 9.816388E-10 -0.8084244 -0.5886 0 1 0 0 1 0 0 1 -2.185051E-09 0 1 0 0 1 0 0 1 0 0 1 0 0 1 0 0 1 0 0 1 -2.185048E-09 0 -1 0 0 -1 0 0 0.7654499 0.6434955 0 0.7654499 0.6434955 0 0.7654499 -0.6434955 0 0.7654499 -0.6434955 0.4115483 -0.911388 0 -0.4115483 -0.911388 0 -0.4115483 -0.911388 0 0.4115483 -0.911388 0 0 -0.911388 -0.4115483 0 -0.911388 0.4115483 0 -0.911388 0.4115483 0 -0.911388 -0.4115483 0.2425356 0.9701425 0 -0.6434955 0.7654499 0 -0.6434955 0.7654499 0 0.2425356 0.9701425 0 0 -1 1.015908E-07 0 -1 0 0 -1 4.285498E-07 0 1 0 0 1 0 0 1 0 0 1 0 0 1 0 0 1 0 0 1 0 0 1 0 0.6434955 0.7654499 0 0.6434955 0.7654499 0 0 1 0 0 1 0 0.4115483 -0.911388 0 0.9805807 -0.1961161 0 -0.4115483 -0.911388 0 0.4115483 -0.911388 0 0.4115483 -0.911388 0 -0.4115483 -0.911388 0 0 -0.911388 0.4115483 0 -0.911388 -0.4115483 0 -0.911388 -0.4115483 0 -0.911388 0.4115483 -0.6434955 -0.7654499 0 -0.4115483 -0.911388 0 1.015909E-07 -1 0 0 -1 0 4.285522E-07 -1 0 0 -1 0 0 -1 0 0 -1 0 0 -1 0 -0.6780431 0.7350222 1.723575E-06 -0.2776341 0.9606869 -4.237594E-08 -0.2776341 0.9606869 7.358114E-07 -0.6780431 0.7350222 1.447368E-06 -0.6780431 0.7350222 2.593317E-06 -0.6780431 0.7350222 2.238287E-07 -5.161216E-06 0.7350222 0.6780431 0 0.7350222 0.6780431 0.6780431 0.7350222 0 0.6780431 0.7350222 0 -2.568225E-06 0.7350082 -0.6780583 2.238258E-07 0.7350082 -0.6780583 -0.9805807 -0.1961161 0 -0.4115483 -0.911388 0 -0.4115483 -0.911388 0 -0.9805807 -0.1961161 0 0.6434955 -0.7654499 0 0.4115483 -0.911388 0 0.4115483 -0.911388 0 0.6434955 -0.7654499 0 0 1 0 0 1 0 0 1 0 0 1 0 -0.2425356 0.9701425 0 -0.2425356 0.9701425 0 0 1 0 0 1 0 0.9805807 -0.1961161 0 0.4115483 -0.911388 0 -0.4115483 -0.911388 0 -0.6434955 -0.7654499 0  
			<SubMeshes>: 1
				<SubMesh>: 0 432 39 37 30 39 30 32 21 19 26 21 26 36 28 33 14 28 14 11 8 22 38 8 38 35 33 31 16 33 16 14 17 13 18 17 18 20 76 34 29 29 77 76 77 78 76 78 79 76 78 9 79 78 10 9 80 39 32 80 32 81 22 21 36 22 36 38 74 6 7 74 7 75 1 0 2 1 2 3 68 82 83 68 83 70 73 5 84 73 84 85 72 4 86 72 86 87 25 24 27 27 88 25 88 12 25 88 89 12 89 90 12 89 91 90 31 92 93 31 93 16 15 17 20 15 20 23 14 94 95 14 95 11 16 96 94 16 94 14 97 98 99 97 99 100 93 101 96 93 96 16 100 99 102 100 102 103 104 105 106 104 106 107 108 15 23 108 23 109 110 111 112 110 112 113 114 38 36 114 36 115 28 116 117 28 117 33 33 117 118 33 118 31 115 36 26 115 26 119 31 118 120 31 120 92 37 121 122 37 122 30 69 123 124 69 124 125 71 126 127 71 127 128 129 130 131 129 131 132 48 49 51 48 51 50 47 60 57 47 57 44 45 58 59 45 59 46 55 56 63 55 63 54 53 62 61 53 61 52 133 134 67 133 67 66 41 135 136 41 136 43 42 137 138 42 138 40 139 140 141 139 141 142 197 198 199 197 199 200 143 144 145 143 145 146 147 148 149 147 149 150 151 152 64 151 64 153 201 202 203 201 203 204 205 154 155 205 155 206 156 157 158 156 158 159 207 160 161 207 161 208 209 162 163 209 163 210 211 164 165 211 165 212 213 214 166 213 166 167 168 169 170 168 170 171 172 173 174 172 174 175 176 177 215 176 215 216 178 179 65 178 65 180 181 182 183 181 183 184 185 186 187 185 187 188 5 129 132 5 132 84 6 71 128 6 128 7 186 69 125 186 125 187 4 68 70 4 70 86 189 185 188 189 188 190 191 72 87 191 87 192 193 73 85 193 85 194 195 74 75 195 75 196  
		</Mesh>
		<Materials>: 1
			<Material>: 0
				<AlbedoColor>: 1 1 1 1
				<EmissiveColor>: 0 0 0 0
				<Glossiness>: 0.04
				<Metallic>: 0
				<SpecularHighlight>: 1
				<GlossyReflection>: 1
				<AlbedoMap>: BLD_Villa2_A
				<MetallicMap>: BLD_Villa2_MS
				<NormalMap>: BLD_Villa2_N
				<EmissionMap>: null
				<DetailAlbedoMap>: DET_Concrete1_A
				<DetailNormalMap>: DET_Concrete1_N
		</Materials>
		<Children>: 0
	</Frame>
</Hierarchy>
