<Hierarchy>:
	<Frame>: 0 5 Villa2_Deco_Column_Top_B
		<Transform>: 0 0 0 0 0 0 1 1 1 0 0 0 1  
		<TransformMatrix>: 1 0 0 0 0 1 0 0 0 0 1 0 0 0 0 1  
		<BoxCollider>: 2 -0.4856294 1.989904 -0.4831703 1.027289 0.6201973 1.033659  
-0.0007348061 0.9522244 0.02178276 1.050899 1.904449 1.005849  
		<Mesh>: 320 Villa2_Deco_Column_Top_B
			<Bounds>: -0.237043 1.150002 -0.2376465 0.7617575 1.150002 0.7623535
			<Positions>: 320 -0.9988005 2.300004 -0.9999999 -0.9988005 1.689602 -1 -0.9988005 1.900003 -1 0.007117798 1.689602 0.01130232 0.003887147 1.900003 -1 0.003887206 2.300004 -0.9999999 0.003887147 1.689602 -1 0.006131371 2.300004 0.01153263 0.004008636 1.900003 0.01271006 -0.9988005 2.300004 0.01268348 -0.9988005 1.689602 0.01268342 -0.9988005 1.900003 0.01268342 0.4539191 1.490116E-08 0.4539173 0.4914681 1.7749 0.4914665 0.4539191 -1.490116E-08 -0.4539173 0.4914681 1.7749 -0.4914668 -0.4539114 1.490116E-08 0.4539173 -0.4914605 1.7749 0.4914665 -0.4539114 -1.490116E-08 -0.4539173 -0.4914605 1.7749 -0.4914668 0.3914682 0.3749008 0.3914666 0.3914682 0.3749008 -0.3914667 -0.3914605 0.3749008 -0.3914667 -0.3914605 0.3749008 0.3914666 0.3914682 1.274901 0.3914666 0.3914682 1.274901 -0.3914667 -0.3914605 1.274901 -0.3914667 -0.3914605 1.274901 0.3914666 0.4914681 1.874901 0.4914665 0.4914681 1.874901 -0.4914668 -0.4914605 1.874901 0.4914665 -0.4914605 1.874901 -0.4914668 0.4539191 0.2643417 -0.4539173 0.4477823 0.2815453 -0.4477805 -0.4539101 0.2643417 -0.4539173 -0.4477733 0.2815453 -0.4477805 -0.4539101 0.2643417 0.4539173 -0.4477733 0.2815453 0.4477805 0.4477823 0.2815453 0.4477805 0.4539191 0.2643417 0.4539173 -0.4271831 0.3798543 0.4210424 -0.4210348 0.3798543 0.4271907 0.42105 0.3798543 0.4271907 0.4271984 0.3798543 0.4210424 0.4271984 0.4699472 0.4210424 0.42105 0.4699472 0.4271907 0.4438041 0.4102257 0.4376482 0.4376558 0.4102257 0.4437965 0.4438041 0.4395758 0.4376482 0.4376558 0.4395758 0.4437965 -0.4210348 0.4699472 0.4271907 -0.4271831 0.4699472 0.4210424 -0.4376405 0.4395758 0.4437965 -0.4437889 0.4395758 0.4376482 -0.4437889 0.4102257 0.4376482 -0.4376405 0.4102257 0.4437965 0.4104006 0.4699472 -0.4271907 0.4271984 0.4699472 -0.410393 -0.4271831 0.4699472 -0.4103929 -0.4103853 0.4699472 -0.4271907 0.4271984 0.3798543 -0.410393 0.4104006 0.3798543 -0.4271907 0.4270064 0.4395758 -0.4437965 0.4438041 0.4395758 -0.4269988 0.4270064 0.4102257 -0.4437965 0.4438041 0.4102257 -0.4269988 -0.4103853 0.3798543 -0.4271907 -0.4271831 0.3798543 -0.4103929 -0.4437889 0.4395758 -0.4269988 -0.4269911 0.4395758 -0.4437965 -0.4437889 0.4102257 -0.4269988 -0.4269911 0.4102257 -0.4437965 -0.505066 1.573346 0.4978045 -0.4977967 1.573346 0.5050737 0.497812 1.573346 0.5050737 0.5050813 1.573346 0.4978045 0.5050813 1.679864 0.4978045 0.497812 1.679864 0.5050737 0.5247145 1.609255 0.5174379 0.5174453 1.609255 0.524707 0.5247145 1.643956 0.5174379 0.5174453 1.643956 0.524707 -0.4977967 1.679864 0.5050737 -0.505066 1.679864 0.4978045 -0.51743 1.643956 0.524707 -0.5246993 1.643956 0.5174379 -0.5246992 1.609255 0.5174379 -0.51743 1.609255 0.524707 0.4852211 1.679864 -0.5050735 0.5050813 1.679864 -0.4852132 -0.505066 1.679864 -0.4852132 -0.4852058 1.679864 -0.5050734 0.5050813 1.573346 -0.4852132 0.4852211 1.573346 -0.5050734 0.5048543 1.643956 -0.5247067 0.5247145 1.643956 -0.5048465 0.5048543 1.609255 -0.5247067 0.5247145 1.609255 -0.5048465 -0.4852058 1.573346 -0.5050735 -0.505066 1.573346 -0.4852132 -0.5246992 1.643956 -0.5048465 -0.504839 1.643956 -0.5247067 -0.5246992 1.609255 -0.5048465 -0.504839 1.609255 -0.5247067 0.4539191 0.2379075 -0.4539173 0.4539191 0.2379076 0.4539173 -0.4539102 0.2379075 -0.4539173 -0.4539102 0.2379076 0.4539173 4.500151E-06 0.2643417 -0.4539173 4.470348E-06 0.2815453 0.4477805 3.814697E-06 0.3749008 0.3914666 3.814697E-06 1.274901 -0.3914667 3.814697E-06 1.874901 0.4914665 3.784895E-06 1.7749 0.4914665 3.814697E-06 -1.490116E-08 -0.4539173 3.8445E-06 1.490116E-08 0.4539173 3.814697E-06 1.274901 0.3914666 3.814697E-06 1.7749 -0.4914668 3.814697E-06 1.874901 -0.4914668 3.814697E-06 0.3749008 -0.3914667 4.529953E-06 0.2643417 0.4539173 4.500151E-06 0.2815453 -0.4477805 4.470348E-06 0.2379076 0.4539173 4.440546E-06 0.2379075 -0.4539173 -0.4539101 0.2643417 -2.980232E-08 -0.4477733 0.2815453 0 -0.3914605 0.3749008 -2.980232E-08 -0.3914605 1.274901 -8.940697E-08 -0.4914605 1.874901 -1.192093E-07 -0.4914605 1.7749 -1.192093E-07 -0.4539114 0 0 0.4539191 0 0 0.4914681 1.7749 -1.192093E-07 0.3914682 1.274901 -8.940697E-08 0.4914681 1.874901 -1.192093E-07 0.3914682 0.3749008 -2.980232E-08 0.4477823 0.2815453 0 0.4539191 0.2643417 0 0.4539191 0.2379075 0 -0.4539102 0.2379075 -2.980232E-08 3.829598E-06 0 0 3.814697E-06 1.874901 -1.192093E-07 0.007117798 1.689602 0.01130232 -0.9988005 1.689602 -1 0.003887147 1.689602 -1 0.003887206 2.300004 -0.9999999 -0.9988005 2.300004 -0.9999999 0.006131371 2.300004 0.01153263 -0.9988005 2.300004 -0.9999999 -0.9988005 1.900003 -1 -0.9988005 1.900003 0.01268342 -0.9988005 2.300004 0.01268348 0.003887206 2.300004 -0.9999999 0.006131371 2.300004 0.01153263 0.004008636 1.900003 0.01271006 0.003887147 1.900003 -1 0.007117798 1.689602 0.01130232 0.003887147 1.689602 -1 -0.9988005 1.689602 -1 -0.9988005 1.689602 0.01268342 -0.9988005 1.689602 0.01268342 -0.9988005 2.300004 0.01268348 -0.4271831 0.3798543 -0.4103929 0.4271984 0.3798543 -0.410393 0.4271984 0.3798543 0.4210424 -0.4271831 0.3798543 0.4210424 -0.4103853 0.3798543 -0.4271907 0.4104006 0.3798543 -0.4271907 3.814697E-06 1.274901 -0.3914667 -0.3914605 1.274901 -0.3914667 3.814697E-06 1.274901 0.3914666 0.3914682 1.274901 0.3914666 3.814697E-06 0.3749008 0.3914666 0.3914682 0.3749008 0.3914666 3.814697E-06 -1.490116E-08 -0.4539173 -0.4539114 -1.490116E-08 -0.4539173 -0.3914605 0.3749008 -2.980232E-08 -0.3914605 0.3749008 0.3914666 -0.3914605 1.274901 -8.940697E-08 -0.3914605 1.274901 0.3914666 -0.4271831 0.4699472 -0.4103929 -0.4271831 0.4699472 0.4210424 0.42105 0.4699472 0.4271907 -0.4210348 0.4699472 0.4271907 0.4271984 0.4699472 -0.410393 0.4271984 0.4699472 0.4210424 0.4376558 0.4102257 0.4437965 0.42105 0.3798543 0.4271907 0.4376558 0.4395758 0.4437965 -0.4437889 0.4102257 0.4376482 -0.4376405 0.4102257 0.4437965 -0.4376405 0.4395758 0.4437965 -0.4437889 0.4395758 0.4376482 0.42105 0.4699472 0.4271907 -0.4210348 0.4699472 0.4271907 -0.4271831 0.4699472 0.4210424 -0.4271831 0.3798543 0.4210424 -0.4210348 0.3798543 0.4271907 -0.4376405 0.4102257 0.4437965 -0.4437889 0.4102257 0.4376482 0.42105 0.3798543 0.4271907 -0.4210348 0.3798543 0.4271907 -0.4103853 0.3798543 -0.4271907 -0.4271831 0.3798543 -0.4103929 -0.4437889 0.4102257 -0.4269988 -0.4269911 0.4102257 -0.4437965 -0.4269911 0.4102257 -0.4437965 -0.4269911 0.4395758 -0.4437965 0.4104006 0.3798543 -0.4271907 0.4270064 0.4102257 -0.4437965 0.4270064 0.4395758 -0.4437965 -0.4103853 0.4699472 -0.4271907 0.4104006 0.4699472 -0.4271907 -0.4103853 0.4699472 -0.4271907 0.4104006 0.4699472 -0.4271907 -0.505066 1.573346 -0.4852132 0.5050813 1.573346 -0.4852132 0.5050813 1.573346 0.4978045 -0.505066 1.573346 0.4978045 -0.4852058 1.573346 -0.5050735 0.4852211 1.573346 -0.5050734 -0.505066 1.679864 -0.4852132 -0.505066 1.679864 0.4978045 0.497812 1.679864 0.5050737 -0.4977967 1.679864 0.5050737 0.5050813 1.679864 -0.4852132 0.5050813 1.679864 0.4978045 0.5247145 1.609255 0.5174379 0.497812 1.573346 0.5050737 0.5050813 1.573346 0.4978045 0.5247145 1.643956 0.5174379 -0.51743 1.609255 0.524707 -0.51743 1.643956 0.524707 0.5050813 1.679864 0.4978045 0.497812 1.679864 0.5050737 0.5174453 1.643956 0.524707 0.5247145 1.643956 0.5174379 -0.4977967 1.679864 0.5050737 -0.4977967 1.573346 0.5050737 -0.4977967 1.573346 0.5050737 -0.505066 1.573346 -0.4852132 -0.5246992 1.609255 -0.5048465 -0.5246992 1.643956 -0.5048465 0.4852211 1.573346 -0.5050734 0.5048543 1.609255 -0.5247067 0.5048543 1.643956 -0.5247067 -0.504839 1.643956 -0.5247067 -0.5246992 1.643956 -0.5048465 -0.505066 1.679864 -0.4852132 -0.4852058 1.679864 -0.5050734 0.5247145 1.643956 -0.5048465 0.5048543 1.643956 -0.5247067 0.4852211 1.679864 -0.5050735 0.5050813 1.679864 -0.4852132 -0.4852058 1.679864 -0.5050734 0.4852211 1.679864 -0.5050735 -0.4914605 1.7749 0.4914665 -0.4539114 0 0 -0.4914605 1.874901 -1.192093E-07 -0.4914605 1.874901 -0.4914668 -0.4914605 1.7749 -0.4914668 0.4914681 1.7749 0.4914665 3.814697E-06 1.874901 -0.4914668 0.4914681 1.7749 -0.4914668 3.814697E-06 0.3749008 -0.3914667 -0.3914605 0.3749008 -0.3914667 0.3914682 1.274901 -8.940697E-08 0.3914682 0.3749008 -2.980232E-08 0.3914682 0.3749008 -0.3914667 0.3914682 1.274901 -0.3914667 0.4539191 0.2643417 -0.4539173 0.4539191 0.2379075 -0.4539173 -0.4539101 0.2643417 0.4539173 -0.4539102 0.2379076 0.4539173 0.3914682 0.3749008 -0.3914667 0.4477823 0.2815453 -0.4477805 -0.4539114 1.490116E-08 0.4539173 -0.4914605 1.874901 -0.4914668 0.4914681 1.874901 0.4914665 0.4539191 -1.490116E-08 -0.4539173 -0.3914605 0.3749008 0.3914666 -0.4477733 0.2815453 0.4477805 -0.3914605 1.274901 0.3914666 0.3914682 1.274901 -0.3914667 0.3914682 1.274901 -0.3914667 0.3914682 0.3749008 -0.3914667 -0.3914605 1.274901 0.3914666 -0.3914605 0.3749008 0.3914666 0.4539191 0 0 0.4539191 -1.490116E-08 -0.4539173 0.4914681 1.874901 -1.192093E-07 0.4914681 1.874901 -0.4914668 0.4914681 1.874901 0.4914665 3.814697E-06 1.874901 0.4914665 0.4539191 1.490116E-08 0.4539173 3.8445E-06 1.490116E-08 0.4539173 -0.4539101 0.2643417 -0.4539173 -0.4539102 0.2379075 -0.4539173 0.4539191 0.2643417 0.4539173 0.4539191 0.2379076 0.4539173 0.3914682 1.274901 0.3914666 0.3914682 0.3749008 0.3914666 0.4477823 0.2815453 0.4477805 0.4539191 1.490116E-08 0.4539173 0.3914682 1.274901 0.3914666 0.4914681 1.874901 -0.4914668 0.3914682 0.3749008 0.3914666 -0.4914605 1.874901 0.4914665 -0.4539114 -1.490116E-08 -0.4539173 -0.3914605 1.274901 -0.3914667 -0.3914605 1.274901 -0.3914667 -0.3914605 0.3749008 -0.3914667 -0.3914605 0.3749008 -0.3914667 -0.4477733 0.2815453 -0.4477805 -0.4539114 1.490116E-08 0.4539173 -0.4914605 1.874901 0.4914665 0.007117798 1.689602 0.01130232 -0.9988005 1.689602 -1 0.006131371 2.300004 0.01153263 -0.9988005 2.300004 -0.9999999  
			<Colors>: 0  
			<TextureCoords0>: 320 0.2043829 0.0002441406 0.2043829 0.0300293 0.2043829 0.02001953 0.2435686 0.0300293 0.2435686 0.02001953 0.2435686 0.0002441406 0.2435686 0.0300293 0.2435686 0.0002441406 0.2435686 0.02001953 0.2043829 0.0002441406 0.2043829 0.0300293 0.2043829 0.02001953 0.9091797 0.7089844 0.9101563 0.1210938 0.8657227 0.7089844 0.9550781 0.1210938 0.9543457 0.7089844 0.8647461 0.1210938 0.9091797 0.5053711 0.9995117 0.1210938 0.9101563 0.6025391 0.8657227 0.6791992 0.9995117 0.6025391 0.9543457 0.6791992 0.9101563 0.6425781 0.9550781 0.1455078 0.9995117 0.6425781 0.8669434 0.6425781 0.9101563 0.1157227 0.9550781 0.1157227 0.8647461 0.1157227 0.9091797 0.5053711 0.8657227 0.6885425 0.8657227 0.6874043 0.8198242 0.6885425 0.8198242 0.6874043 0.9543457 0.6885425 0.9543457 0.6874043 0.9091797 0.6874043 0.9091797 0.6885425 0.9991885 0.1396484 0.909833 0.5102539 0.8655577 0.5102539 0.8650728 0.1396484 0.8652344 0.5099306 0.8644193 0.1450195 0.8650606 0.1411133 0.8644316 0.1411133 0.8650606 0.1435547 0.8644316 0.1435547 0.8196627 0.1450195 0.9991885 0.1450195 0.8196505 0.1435547 0.9992006 0.1435547 0.9992006 0.1411133 0.8196505 0.1411133 0.8661176 0.465332 0.8652344 0.4662153 0.955473 0.1450195 0.909273 0.465332 0.9092634 0.1396484 0.8661176 0.465332 0.9109972 0.1435547 0.9092969 0.1435547 0.9109972 0.1411133 0.9092969 0.1411133 0.909273 0.465332 0.955473 0.1396484 0.95544 0.1435547 0.9537489 0.1435547 0.95544 0.1411133 0.9537489 0.1411133 0.9991885 0.1396484 0.909833 0.5102539 0.8655577 0.5102539 0.8650728 0.1396484 0.8652344 0.5099306 0.8644193 0.1450195 0.8650606 0.1411133 0.8644316 0.1411133 0.8650606 0.1435547 0.8644316 0.1435547 0.8196627 0.1450195 0.9991885 0.1450195 0.8196505 0.1435547 0.9992006 0.1435547 0.9992006 0.1411133 0.8196505 0.1411133 0.8661176 0.465332 0.8652344 0.4662153 0.955473 0.1450195 0.909273 0.465332 0.9092634 0.1396484 0.8661176 0.465332 0.9109972 0.1435547 0.9092969 0.1435547 0.9109972 0.1411133 0.9092969 0.1411133 0.909273 0.465332 0.955473 0.1396484 0.95544 0.1435547 0.9537489 0.1435547 0.95544 0.1411133 0.9537489 0.1411133 0.8657227 0.6905867 0.9091797 0.6905867 0.8198242 0.6905867 0.9543457 0.6905867 0.8427734 0.6885425 0.9317627 0.6874043 0.8885498 0.6025391 0.9770508 0.6425781 0.8874512 0.1157227 0.8874512 0.1210938 0.887207 0.5053711 0.9317627 0.7089844 0.8885498 0.6425781 0.9772949 0.1210938 0.887207 0.5053711 0.9770508 0.6025391 0.9317627 0.6885425 0.8427734 0.6874043 0.9317627 0.6905867 0.8427734 0.6905867 0.9768066 0.6885425 0.9768066 0.6874043 0.9768066 0.6791992 0.8443604 0.6425781 0.9091797 0.5273438 0.8424072 0.1210938 0.9091797 0.5273438 0.8874512 0.7089844 0.9326172 0.1210938 0.9326172 0.1455078 0.9326172 0.1157227 0.8874512 0.6791992 0.8874512 0.6874043 0.8874512 0.6885425 0.8874512 0.6905867 0.9768066 0.6905867 0.887207 0.5273438 0.887207 0.5273438 0.244195 0.04944134 0.2051056 0.09033203 0.244195 0.09033203 0.04429685 0.7110123 0.005159298 0.7110124 0.0444911 0.7604025 0.2044945 0.0002441406 0.2044946 0.02001953 0.2439255 0.02001953 0.2439255 0.0002441406 0.2044945 0.0002441406 0.2439255 0.0002441406 0.2439255 0.02001953 0.2044946 0.02001953 0.2439255 0.0300293 0.2044946 0.0300293 0.2044946 0.0300293 0.2439255 0.0300293 0.2445511 0.09033203 0.04465335 0.7110124 0.9101563 0.4662153 0.8652344 0.4662153 0.8652344 0.5099306 0.9101563 0.5099306 0.9537163 0.1396484 0.9110298 0.1396484 0.9772949 0.1455078 0.9995117 0.1455078 0.8874512 0.1455078 0.9101563 0.1455078 0.9317627 0.6791992 0.9091797 0.6791992 0.8427734 0.7089844 0.8198242 0.7089844 0.8443604 0.6025391 0.8669434 0.6025391 0.8424072 0.1455078 0.8647461 0.1455078 0.9101563 0.4662153 0.9101563 0.5099306 0.8655577 0.5102539 0.909833 0.5102539 0.9092634 0.1450195 0.8650728 0.1450195 0.8644315 0.1411133 0.8644193 0.1396484 0.8644315 0.1435547 0.9992006 0.1411133 0.9995117 0.1411133 0.9995117 0.1435547 0.9992006 0.1435547 0.8644193 0.1450195 0.9995782 0.1451443 0.9991885 0.1450195 0.9991885 0.1396484 0.9995784 0.1395235 0.9995843 0.1409885 0.9992006 0.1411133 0.8644193 0.1396484 0.8196627 0.1396484 0.9537163 0.1396484 0.955473 0.1396484 0.95544 0.1411133 0.9537489 0.1411133 0.9537489 0.1411133 0.9537489 0.1435547 0.9110298 0.1396484 0.9109972 0.1411133 0.9109972 0.1435547 0.9537163 0.1450195 0.9110298 0.1450195 0.9537163 0.1450195 0.9110298 0.1450195 0.9101563 0.4662153 0.8652344 0.4662153 0.8652344 0.5099306 0.9101563 0.5099306 0.9537163 0.1396484 0.9110298 0.1396484 0.9101563 0.4662153 0.9101563 0.5099306 0.8655577 0.5102539 0.909833 0.5102539 0.9092634 0.1450195 0.8650728 0.1450195 0.8650606 0.1411133 0.8644193 0.1396484 0.8650728 0.1396484 0.8650606 0.1435547 0.9995117 0.1411133 0.9995117 0.1435547 0.8650728 0.1450195 0.8644193 0.1450195 0.8644316 0.1435547 0.8650606 0.1435547 0.9995782 0.1451443 0.9995784 0.1395235 0.8196627 0.1396484 0.955473 0.1396484 0.95544 0.1411133 0.95544 0.1435547 0.9110298 0.1396484 0.9109972 0.1411133 0.9109972 0.1435547 0.9537489 0.1435547 0.95544 0.1435547 0.955473 0.1450195 0.9537163 0.1450195 0.9092969 0.1435547 0.9109972 0.1435547 0.9110298 0.1450195 0.9092634 0.1450195 0.9537163 0.1450195 0.9110298 0.1450195 0.8647461 0.1210938 0.9768066 0.7089844 0.8424072 0.1157227 0.8200684 0.1157227 0.8200684 0.1210938 0.9101563 0.1210938 0.9772949 0.1157227 0.9550781 0.1210938 0.8427734 0.6791992 0.8198242 0.6791992 0.932373 0.6425781 0.932373 0.6025391 0.9545898 0.6025391 0.9545898 0.6425781 0.8657227 0.6885425 0.8657227 0.6905867 0.9543457 0.6885425 0.9543457 0.6905867 0.8657227 0.6791992 0.8657227 0.6874043 0.9543457 0.7089844 0.9995117 0.1157227 0.9101563 0.1157227 0.8657227 0.7089844 0.9543457 0.6791992 0.9543457 0.6874043 0.8647461 0.1455078 0.9550781 0.1455078 0.9545898 0.6425781 0.9545898 0.6025391 0.8669434 0.6425781 0.8669434 0.6025391 0.8652344 0.5273438 0.8652344 0.5053711 0.8652344 0.5273438 0.8652344 0.5053711 0.8652344 0.5493164 0.887207 0.5493164 0.8652344 0.5493164 0.887207 0.5493164 0.9992676 0.6885425 0.9992676 0.6905867 0.9091797 0.6885425 0.9091797 0.6905867 0.9101563 0.6425781 0.9101563 0.6025391 0.9091797 0.6874043 0.9091797 0.7089844 0.9101563 0.1455078 0.9550781 0.1157227 0.9091797 0.6791992 0.8647461 0.1157227 0.9992676 0.7089844 0.8200684 0.1455078 0.8217773 0.6425781 0.8217773 0.6025391 0.9992676 0.6791992 0.9992676 0.6874043 0.9091797 0.5493164 0.9091797 0.5493164 0.2443064 0.0494414 0.205217 0.09033203 0.0444911 0.7604025 0.005270814 0.7110124  
			<TextureCoords1>: 320 0.800272 0.6714166 0.8002719 0.7943031 0.8002719 0.7519451 0.5931427 0.2538223 0.5984104 0.7519451 0.5984104 0.6714166 0.5984104 0.7943031 0.5929436 0.1309346 0.5925166 0.2114635 0.3906302 0.1309358 0.3906309 0.2538223 0.3906307 0.2114643 0.7734481 0.8057694 0.4107625 0.7982101 0.003906263 0.9885345 0.3665918 0.5964195 0.3867238 0.4021881 0.02403837 0.3946286 0.9824564 0.4610922 0.3665918 0.7943031 0.6946045 0.8183422 0.08274989 0.9759617 0.08274982 0.774171 0.3078803 0.4147606 0.5134159 0.8183421 0.2639384 0.9759617 0.2639383 0.774171 0.1266918 0.4147606 0.386724 0.7982093 0.3867239 0.5964195 0.3906303 0.9960938 0.5978999 0.4610922 0.05712366 0.9885344 0.06080084 0.9872989 0.05712362 0.7867434 0.0608008 0.7855079 0.3335064 0.402188 0.3298292 0.4034234 0.7165534 0.807005 0.7202306 0.8057696 0.9523791 0.8808049 0.8116555 0.6608072 0.8116555 0.4912784 0.7815632 0.8311616 0.7686663 0.08729786 0.951238 0.8364123 0.7791875 0.8239251 0.9546046 0.8496616 0.7791094 0.8181467 0.9545921 0.8433442 0.7823312 0.8369795 0.9522222 0.8606203 0.7798734 0.8439692 0.9556148 0.8675325 0.9556626 0.8738491 0.7792247 0.8497806 0.5978999 0.09067959 0.6012816 0.08729786 0.7854736 0.8621157 0.5978999 0.2559206 0.9459233 0.8313269 0.9836599 0.4934223 0.00390625 0.03085375 0.9478906 0.8182595 0.003906308 0.03676254 0.9479384 0.8239788 0.9836599 0.6586632 0.7858034 0.881848 0.7830508 0.8691273 0.1758333 0.03085375 0.782433 0.8749338 0.1758334 0.03676254 0.9777536 0.9096061 0.3906302 0.4596284 0.3906305 0.259192 0.781422 0.9960938 0.2122681 0.1808974 0.980769 0.9430866 0.7774108 0.9879212 0.9839415 0.9581549 0.7773543 0.9804531 0.9847084 0.9512841 0.7812825 0.943222 0.9774495 0.886422 0.7773543 0.9514248 0.9801496 0.8948743 0.9802192 0.9014074 0.777369 0.9588939 0.0103684 0.1848961 0.01436668 0.1808975 0.7815543 0.8858235 0.01036834 0.3802625 0.9785712 0.9943256 0.5939936 0.2617272 0.7773543 0.9235401 0.9821661 0.9791706 0.7774115 0.9310081 0.9814357 0.9860358 0.5939935 0.4570936 0.7813123 0.910177 0.7773543 0.8945735 0.979646 0.9222577 0.7773651 0.9020101 0.9789162 0.9291228 0.05180192 0.9885343 0.7255524 0.8057695 0.05180188 0.7867434 0.3388282 0.402188 0.05712363 0.6953612 0.7165534 0.8971518 0.6946045 0.8971519 0.2639384 0.6953613 0.3906303 0.8971519 0.4107624 0.8971519 0.9824564 0.3697098 0.773448 0.8971518 0.5134159 0.8971519 0.3665918 0.6953613 0.5978999 0.3621504 0.08274984 0.6953613 0.7202306 0.8971518 0.06080081 0.6953612 0.7255524 0.8971517 0.05180188 0.6953611 0.3335064 0.4935709 0.3298292 0.4935709 0.3078803 0.4935709 0.1266918 0.4935709 0.6968421 0.4610922 0.02403838 0.4935709 0.8910735 0.4610922 0.003906258 0.8971516 0.3665919 0.8971515 0.2639384 0.8971515 0.386724 0.8971514 0.0827499 0.8971515 0.06080085 0.8971516 0.05712367 0.8971516 0.05180192 0.8971516 0.3388281 0.4935708 0.8910735 0.3697098 0.6968421 0.3621504 0.390908 0.4649984 0.5945041 0.6675102 0.5945039 0.4656488 0.5986415 0.4654155 0.5984103 0.6672769 0.802284 0.4651969 0.3906302 0.6714165 0.3906303 0.751945 0.5945041 0.7519451 0.5945039 0.6714165 0.2077855 0.04763865 0.004142818 0.0476374 0.00390625 0.128167 0.2077855 0.128167 0.004189575 0.1705296 0.2077864 0.170525 0.3906304 0.7943029 0.5945042 0.7943031 0.3906302 0.6675102 0.802284 0.6675102 0.9802782 0.6620449 0.9802781 0.4900405 0.8128933 0.4900406 0.8128933 0.662045 0.1724903 0.04373115 0.007249384 0.04373115 0.2639384 0.6953613 0.2639383 0.774171 0.5134159 0.8971519 0.5134159 0.8183421 0.6946045 0.8971519 0.6946045 0.8183422 0.00390625 0.6953613 0.00390625 0.7867436 0.3078803 0.4935709 0.3078803 0.4147606 0.1266918 0.4935709 0.1266918 0.4147606 0.6012816 0.2593024 0.7686663 0.2593024 0.7699041 0.08853561 0.7699041 0.2580646 0.9456807 0.8110086 0.7813133 0.8108301 0.7773764 0.8241725 0.7797514 0.8317573 0.7773543 0.8178909 0.7773543 0.8495392 0.7792247 0.8497806 0.7798734 0.8439692 0.7782081 0.84356 0.779599 0.8103217 0.7823312 0.8369795 0.7807123 0.8364123 0.8128933 0.662045 0.8116555 0.6608072 0.8061903 0.6662724 0.8074281 0.6675102 0.951282 0.8565995 0.7825567 0.856714 0.9836599 0.6586632 0.9802782 0.6620449 0.9857435 0.6675102 0.9891252 0.6641285 0.7773543 0.8741255 0.7785197 0.8679524 0.9508182 0.8325061 0.9527239 0.8245953 0.9528543 0.8178909 0.7809367 0.8606203 0.9509467 0.8095772 0.1724903 0.02388513 0.007249327 0.02388513 0.5899952 0.4610922 0.5899953 0.2577289 0.392094 0.2577286 0.3920936 0.4610919 0.9760526 0.9374129 0.7814237 0.9391804 0.01436658 0.3842608 0.212268 0.3842609 0.2137315 0.1823609 0.2137314 0.3827974 0.9781813 0.9709958 0.7812364 0.9722292 0.9859104 0.9586387 0.9810356 0.966419 0.9829496 0.9670896 0.9869198 0.9515695 0.9821938 0.9017022 0.9822276 0.8946016 0.2122681 0.1808974 0.2137315 0.1823609 0.2201933 0.1758993 0.2187298 0.1744359 0.9795631 0.8857542 0.979673 0.910177 0.7813347 0.9670896 0.9814169 0.9391804 0.9842734 0.9305112 0.9856505 0.9232128 0.9839353 0.9960938 0.9867929 0.9874248 0.9881707 0.9801263 0.003906641 0.3867241 0.007904887 0.3907224 0.01436658 0.3842608 0.01036834 0.3802625 0.007904516 0.1744359 0.00390625 0.1784344 0.0103684 0.1848961 0.01436668 0.1808975 0.9756604 0.9140832 0.7812358 0.9153157 0.4107624 0.9960937 0.3867238 0.4935708 0.003906266 0.4935709 0.00390625 0.5925132 0.02403838 0.5925131 0.3665919 0.7982093 0.3867239 0.6953613 0.3665919 0.9960938 0.08274984 0.6953613 0.08274982 0.774171 0.2639384 0.8971515 0.0827499 0.8971515 0.08274989 0.9759617 0.2639384 0.9759617 0.05712363 0.6039789 0.05180189 0.6039789 0.7202306 0.988534 0.7255524 0.988534 0.08274984 0.6165515 0.06080081 0.6052144 0.7734481 0.9885342 0.3867239 0.7943031 0.3906303 0.7982101 0.00390625 0.603979 0.6946045 0.9759616 0.7165534 0.9872985 0.5134159 0.9759617 0.2639384 0.6165515 0.2639384 0.6165515 0.08274984 0.6165515 0.5134159 0.9759617 0.6946045 0.9759616 0.8910735 0.2783275 0.9824564 0.2783275 0.6968421 0.2632086 0.5978999 0.2632086 0.7957844 0.2632086 0.7957844 0.3621504 0.7996906 0.2783275 0.7996906 0.3697098 0.3335064 0.5849537 0.3388282 0.5849537 0.05712367 0.8057688 0.05180192 0.8057687 0.2639384 0.8183414 0.0827499 0.8183414 0.06080087 0.8070042 0.00390625 0.8057688 0.2639384 0.8183414 0.386724 0.9960937 0.0827499 0.8183414 0.00390625 0.3946287 0.3867238 0.5849535 0.1266918 0.572381 0.1266918 0.572381 0.3078803 0.5723811 0.3078803 0.5723811 0.3298292 0.5837182 0.7996907 0.4610922 0.7957844 0.4610922 0.390908 0.4649984 0.5945041 0.6675102 0.802284 0.4651969 0.5984103 0.6672769  
			<Normals>: 320 0 0 -1 0 0 -1 0 0 -1 0.0006714239 -0.0033266 0.9999943 0 0 -1 0 0 -1 0 0 -1 0.0005493493 0.001464931 0.9999988 0.0006103885 -0.0009155827 0.9999994 0.0005493493 0.001464931 0.9999988 0.0006714239 -0.0033266 0.9999943 0.0006103885 -0.0009155827 0.9999994 0 0 1 0 -0.09204635 0.9957547 1 0 0 0 -0.09204635 -0.9957547 -1 0 0 -0.9957547 -0.09204635 0 0 -1 0 0 -0.09204635 -0.9957547 0 0 1 0.8562815 0.5165095 0 0 0 -1 -0.8562815 0.5165095 0 0 -0.1042527 0.9945509 0.9945509 -0.1042527 0 0 -0.1042527 -0.9945509 -0.9945509 -0.1042527 0 1 0 0 0 0 -1 0 0 1 0 1 0 0.9885607 0.1508233 0 0.9147918 0.4039257 0 0 0.1508233 -0.9885607 0 0.4039257 -0.9147918 -0.9885607 0.1508233 0 -0.9147918 0.4039257 0 0 0.4039257 0.9147918 0 0.1508233 0.9885607 -0.7808475 -0.5685217 0.2589599 0 -1 0 0 -1 0 0.7808475 -0.5685217 0.2589599 0 1 0 0.2589599 0.5685217 0.7808475 0.8769424 -0.2893232 0.38375 0.38375 -0.2893232 0.8769424 0.8769424 0.2893232 0.38375 0.38375 0.2893232 0.8769424 -0.2589599 0.5685217 0.7808475 -0.7808475 0.5685217 0.2589599 -0.38375 0.2893232 0.8769424 -0.8769424 0.2893232 0.38375 -0.8769424 -0.2893232 0.38375 -0.38375 -0.2893232 0.8769424 0 1 0 0 1 0 -0.7808475 0.5685217 -0.2589599 0 1 0 0.7808475 -0.5685217 -0.2589599 0 -1 0 0.38375 0.2893232 -0.8769424 0.8769424 0.2893232 -0.38375 0.38375 -0.2893232 -0.8769424 0.8769424 -0.2893232 -0.38375 0 -1 0 -0.7808475 -0.5685217 -0.2589599 -0.8769424 0.2893232 -0.38375 -0.38375 0.2893232 -0.8769424 -0.8769424 -0.2893232 -0.38375 -0.38375 -0.2893232 -0.8769424 -0.7808475 -0.5685217 0.2589599 0 -1 0 0 -1 0 0.7808475 -0.5685217 0.2589599 0 1 0 0.2589599 0.5685217 0.7808475 0.8769424 -0.2893232 0.38375 0.38375 -0.2893232 0.8769424 0.8769424 0.2893232 0.38375 0.38375 0.2893232 0.8769424 -0.2589599 0.5685217 0.7808475 -0.7808475 0.5685217 0.2589599 -0.38375 0.2893232 0.8769424 -0.8769424 0.2893232 0.38375 -0.8769424 -0.2893232 0.38375 -0.38375 -0.2893232 0.8769424 0 1 0 0 1 0 -0.7808475 0.5685217 -0.2589599 0 1 0 0.7808475 -0.5685217 -0.2589599 0 -1 0 0.38375 0.2893232 -0.8769424 0.8769424 0.2893232 -0.38375 0.38375 -0.2893232 -0.8769424 0.8769424 -0.2893232 -0.38375 0 -1 0 -0.7808475 -0.5685217 -0.2589599 -0.8769424 0.2893232 -0.38375 -0.38375 0.2893232 -0.8769424 -0.8769424 -0.2893232 -0.38375 -0.38375 -0.2893232 -0.8769424 1 0 0 0 0 1 0 0 -1 -1 0 0 0 0.1704782 -0.9853615 0 0.4283894 0.9035943 0 0 1 0 -0.09851558 -0.9951355 0 0 1 0 -0.09851558 0.9951355 0 -1 0 0 0 1 0 -0.09851558 0.9951355 0 -0.09851558 -0.9951355 0 1 0 0 0 -1 0 0.1704782 0.9853615 0 0.4283894 -0.9035943 0 0 1 0 0 -1 -0.9853615 0.1704782 0 -0.9035943 0.4283894 0 -0.8562815 0.5165095 0 -0.9951355 -0.09851558 0 0 1 0 -0.9951355 -0.09851558 0 0 -1 0 1 0 0 0.9951355 -0.09851558 0 0.9951355 -0.09851558 0 1 0 0 0.8562815 0.5165095 0 0.9035887 0.4284012 0 0.9853615 0.1704782 0 1 0 0 -1 0 0 0 -1 0 0 1 0 0 -1 0 0 -1 0 0 -1 0 0 1 0 0 1 0 0 1 0 -1 0 0 -1 0 0 -1 0 0 -1 0 0 0.9999958 -0.00265518 -0.001159734 0.9999958 -0.00265518 -0.001159734 0.9999963 0.002349988 -0.001403889 0.9999963 0.002349988 -0.001403889 0.9999714 0.007385493 -0.001648003 0.9999714 0.007385493 -0.001648003 -1 0 0 -1 0 0 0 -1 0 0 1 0 0 -1 0 0 -1 0 0 -1 0 0 -1 0 -0.2589599 -0.5685217 -0.7808475 0.2589599 -0.5685217 -0.7808475 0 -0.09851558 -0.9951355 0 -0.1042527 -0.9945509 0 -0.09851558 0.9951355 0 -0.1042527 0.9945509 0 0.5165095 0.8562815 0 0.5165095 0.8562815 0 0 -1 0 0 -1 -1 0 0 -1 0 0 -0.9951355 -0.09851558 0 -0.9945509 -0.1042527 0 0 1 0 0 1 0 0 1 0 0 1 0 0.7808475 0.5685217 -0.2589599 0.7808475 0.5685217 0.2589599 0.38375 -0.2893232 0.8769424 0.2589599 -0.5685217 0.7808475 0.38375 0.2893232 0.8769424 -0.8769424 -0.2893232 0.38375 -0.38375 -0.2893232 0.8769424 -0.38375 0.2893232 0.8769424 -0.8769424 0.2893232 0.38375 0.2589599 0.5685217 0.7808475 -0.2589599 0.5685217 0.7808475 -0.7808475 0.5685217 0.2589599 -0.7808475 -0.5685217 0.2589599 -0.2589599 -0.5685217 0.7808475 -0.38375 -0.2893232 0.8769424 -0.8769424 -0.2893232 0.38375 0.2589599 -0.5685217 0.7808475 -0.2589599 -0.5685217 0.7808475 -0.2589599 -0.5685217 -0.7808475 -0.7808475 -0.5685217 -0.2589599 -0.8769424 -0.2893232 -0.38375 -0.38375 -0.2893232 -0.8769424 -0.38375 -0.2893232 -0.8769424 -0.38375 0.2893232 -0.8769424 0.2589599 -0.5685217 -0.7808475 0.38375 -0.2893232 -0.8769424 0.38375 0.2893232 -0.8769424 -0.2589599 0.5685217 -0.7808475 0.2589599 0.5685217 -0.7808475 -0.2589599 0.5685217 -0.7808475 0.2589599 0.5685217 -0.7808475 0 -1 0 0 -1 0 0 -1 0 0 -1 0 -0.2589599 -0.5685217 -0.7808475 0.2589599 -0.5685217 -0.7808475 0 1 0 0 1 0 0 1 0 0 1 0 0.7808475 0.5685217 -0.2589599 0.7808475 0.5685217 0.2589599 0.8769424 -0.2893232 0.38375 0.2589599 -0.5685217 0.7808475 0.7808475 -0.5685217 0.2589599 0.8769424 0.2893232 0.38375 -0.38375 -0.2893232 0.8769424 -0.38375 0.2893232 0.8769424 0.7808475 0.5685217 0.2589599 0.2589599 0.5685217 0.7808475 0.38375 0.2893232 0.8769424 0.8769424 0.2893232 0.38375 -0.2589599 0.5685217 0.7808475 -0.2589599 -0.5685217 0.7808475 -0.2589599 -0.5685217 0.7808475 -0.7808475 -0.5685217 -0.2589599 -0.8769424 -0.2893232 -0.38375 -0.8769424 0.2893232 -0.38375 0.2589599 -0.5685217 -0.7808475 0.38375 -0.2893232 -0.8769424 0.38375 0.2893232 -0.8769424 -0.38375 0.2893232 -0.8769424 -0.8769424 0.2893232 -0.38375 -0.7808475 0.5685217 -0.2589599 -0.2589599 0.5685217 -0.7808475 0.8769424 0.2893232 -0.38375 0.38375 0.2893232 -0.8769424 0.2589599 0.5685217 -0.7808475 0.7808475 0.5685217 -0.2589599 -0.2589599 0.5685217 -0.7808475 0.2589599 0.5685217 -0.7808475 0 -0.09204635 0.9957547 -1 0 0 -1 0 0 -1 0 0 -0.9957547 -0.09204635 0 0.9957547 -0.09204635 0 0 0 -1 0.9957547 -0.09204635 0 0 0.5165095 -0.8562815 0 0.5165095 -0.8562815 0.9951355 -0.09851558 0 1 0 0 1 0 0 0.9945509 -0.1042527 0 0 0.1508233 -0.9885607 0 0 -1 0 0.1508233 0.9885607 0 0 1 0 0.5165095 -0.8562815 0 0.4039257 -0.9147918 0 0 1 0 0 -1 0 0 1 0 0 -1 0 0.5165095 0.8562815 0 0.4039257 0.9147918 0 -0.1042527 0.9945509 0 -0.1042527 -0.9945509 0 -0.1042527 -0.9945509 0 0 -1 0 -0.1042527 0.9945509 0 0 1 0 -1 0 0 -1 0 0 1 0 0 1 0 0 1 0 0 1 0 0 -1 0 0 -1 0 -0.9885607 0.1508233 0 -1 0 0 0.9885607 0.1508233 0 1 0 0 0.9945509 -0.1042527 0 1 0 0 0.9147918 0.4039257 0 1 0 0 0.9945509 -0.1042527 0 1 0 0 0.8562815 0.5165095 0 -1 0 0 -1 0 0 -0.9945509 -0.1042527 0 -0.9945509 -0.1042527 0 -1 0 0 -0.8562815 0.5165095 0 -0.9147918 0.4039257 0 0 -1 0 0 1 0 0 -1 0 0 -1 0 0 1 0 0 1 0  
			<Tangents>: 320 1 -5.745941E-08 0 1 0 0 1 0 0 0.9999998 1.720715E-06 -0.0006714219 1 -1.197207E-07 0 1 -2.377795E-07 0 1 0 0 0.9999998 8.728893E-07 -0.0005493511 0.9999998 4.349994E-08 -0.0006103887 0.9999998 -4.289153E-07 -0.0005493492 0.9999998 -2.215226E-06 -0.0006714349 0.9999998 2.436811E-07 -0.0006103885 -1 0 0 1 0 0 0 6.209178E-07 1 -1 0 0 0 -5.556674E-08 -1 0 0 1 -1 0 0 -1 0 0 1 0 0 -3.367055E-08 5.581981E-08 1 -1 0 0 0 0 -1 1 0 0 0 0 -1 -1 0 0 0 0 1 0 0 -1 -1 0 0 1 0 0 -1 0 0 -8.778403E-09 5.753745E-08 1 -2.682252E-08 6.074637E-08 1 1 -3.074382E-07 -4.69054E-08 1 -3.300228E-07 -1.457214E-07 -9.828943E-09 -6.442313E-08 -1 -9.093069E-09 -2.059355E-08 -1 -1 0 0 -1 6.885761E-09 -1.050551E-09 0.2093486 0.1524251 0.9658881 -1 0 0 -1 0 0 0.2122378 -0.1484516 -0.9658764 -1 0 1.767775E-08 0.9658881 -0.1524238 -0.2093495 0.3656071 -0.116652 -0.9234304 0.923437 0.1202337 -0.3644282 0.365604 0.1166612 -0.9234305 0.923437 -0.1202332 -0.3644284 0.9658881 0.1524238 0.2093495 0.2093495 -0.1524238 0.9658881 0.923437 0.1202327 0.3644286 0.3644284 -0.1202332 0.923437 0.3644282 0.1202337 0.923437 0.923437 -0.1202338 0.3644282 -1 0 3.630949E-08 -1 0 3.489513E-08 -0.2169499 0.1419482 0.9658071 -1 0 3.489343E-08 -0.2169105 0.1420026 -0.965808 -1 0 3.429951E-08 -0.923437 0.1202332 -0.3644284 -0.3675293 -0.1107737 -0.9233913 -0.923437 -0.1202332 -0.3644284 -0.3675133 0.1108228 -0.9233918 -1 0 -3.630949E-08 -0.2093495 -0.1524238 0.9658881 -0.3675291 0.1107743 0.9233913 -0.923437 -0.1202332 0.3644284 -0.3664013 -0.1142288 0.9234186 -0.923437 0.1202332 0.3644284 0.2096609 0.1519961 0.9658879 -1 0 0 -1 0 0 0.2093495 -0.1524238 -0.9658881 -1 0 1.495182E-08 0.9658881 -0.1524238 -0.2093495 0.3644284 -0.1202332 -0.923437 0.9234306 0.1167049 -0.3655897 0.3644284 0.1202332 -0.923437 0.9234345 -0.1180144 -0.3651593 0.9658881 0.1524238 0.2093495 0.2096642 -0.1519916 0.9658879 0.923437 0.1202327 0.3644286 0.3646688 -0.1195042 0.9234368 0.3646686 0.1195048 0.9234368 0.923437 -0.1202338 0.3644282 -1 0 1.228421E-07 -1 0 3.037716E-08 -0.2093496 0.1524238 0.9658881 -1 0 3.026633E-08 -0.2169106 0.1420025 -0.965808 -1 0 2.825698E-08 -0.923437 0.1202332 -0.3644284 -0.3663911 -0.11426 -0.9234188 -0.923437 -0.1202332 -0.3644284 -0.3675133 0.1108228 -0.9233918 -1 0 -1.228421E-07 -0.2093495 -0.1524238 0.9658881 -0.3644284 0.1202332 0.923437 -0.9234177 -0.1140899 0.3664468 -0.3644284 -0.1202332 0.923437 -0.9233891 0.1105594 0.3675991 0 8.032536E-07 1 -1 0 0 1 0 0 0 -6.565584E-08 -1 1 0 0 -1 1.203687E-07 -5.706618E-08 1 0 0 -1 0 0 1 0 0 1 0 0 -1 0 0 -1 -2.826773E-07 0 1 0 0 -1 0 0 -1 0 0 -1 0 0 -1 1.861446E-07 -3.220503E-08 1 -3.50619E-07 -1.662266E-07 -1 -3.688005E-07 0 1 0 0 -1.105537E-08 -6.389988E-08 -1 -2.708828E-08 -5.713683E-08 -1 -2.931552E-08 -4.859994E-08 -1 0 0 1 -1 0 0 0 0 1 -1 0 0 0 4.419733E-08 1 0 0 -1 0 0 -1 0 0 -1 -1.503995E-08 2.493358E-08 1 -1.567142E-08 3.305433E-08 1 -5.188251E-08 2.998801E-07 1 0 2.091127E-07 1 0 -5.542337E-08 -1 -1 0 0 -1 0 0 1 0 0 1 0 0 1 0 0 1 0 6.087286E-07 1 0 6.087286E-07 1 0 6.087286E-07 0 0 1 0 0 1 0 0 1 0 0 1 0.001159734 -1.369901E-06 0.9999993 0.001159746 3.047093E-06 0.9999993 0.001403891 6.455216E-07 0.999999 0.001403891 9.406037E-07 0.999999 0.001647986 8.348071E-06 0.9999986 0.001648131 -1.130339E-05 0.9999986 0 0 1 0 0 1 0 0 1 -1.177162E-07 0 1 -1 0 1.664259E-08 -1 0 3.488175E-08 -1 0 1.767869E-08 -1 0 0 -0.9658881 0.1524238 0.2093495 -0.9658881 -0.1524238 -0.2093496 -1 0 0 -1 0 0 1 0 0 1 0 0 -1 0 0 -1 0 0 1 0 0 1 0 0 0 0 1 0 0 1 0 0 1 0 0 1 -1 0 1.731608E-08 -1 0 0 -1 0 0 -1 0 0 -0.2170163 -0.1418563 -0.9658057 0.2122198 0.1484764 -0.9658766 0.897276 -0.1076152 -0.4281527 0.8636287 -0.2257332 -0.450766 0.8972665 0.1076565 -0.4281622 0.4281626 -0.1076582 0.8972661 0.8972665 0.1076565 0.4281622 0.8522878 -0.2545659 0.4569483 0.3905009 -0.03648819 0.9198791 0.8636286 0.2257334 -0.4507661 0.6382601 -0.5060498 0.5801186 0.2555436 -0.08758131 0.9628224 0.2553945 0.08779519 0.9628425 0.6380215 0.5062633 0.5801948 0.7535723 0.4507615 0.4784797 0.3286685 0.2215366 0.9180951 0.9658881 0.1524251 -0.2093486 0.9658881 -0.1524238 0.2093495 -0.8636172 -0.2257542 0.4507774 -0.4507665 0.2257342 0.8636282 -0.4281531 0.107617 0.8972756 -0.8972519 -0.1077201 0.4281768 -0.8972663 -0.1076573 0.4281624 -0.8972663 0.1076573 0.4281624 -0.8636282 0.2257342 -0.4507665 -0.8972664 0.107657 -0.4281623 -0.8972664 -0.1076568 -0.4281622 -0.8636279 0.2257346 0.4507667 -0.8636281 -0.2257343 -0.4507666 -0.9658881 -0.1524238 0.2093496 -0.9658881 0.1524238 -0.2093495 -1 0 1.321338E-08 -1 0 2.950295E-08 -1 0 1.495262E-08 -1 0 0 -0.9658034 0.1417063 0.2171247 -0.9658881 -0.1524238 -0.2093496 -1 0 1.464592E-08 -1 0 0 -1 0 0 -1 0 0 -0.2093495 -0.1524238 -0.9658881 0.2093496 0.1524238 -0.9658881 0.4281743 0.1077094 -0.8972544 0.9658768 0.1485253 -0.2121842 0.4507679 0.2257368 -0.8636268 0.4281594 -0.1076442 -0.8972694 0.8521594 0.2548991 0.457002 0.8522878 -0.2545659 0.4569483 0.4507679 -0.2257368 -0.8636268 0.8636291 0.2257325 -0.4507656 0.8972666 0.107656 -0.4281621 0.4281627 -0.1076585 -0.897266 0.6382608 -0.5060492 0.5801184 0.6380223 0.5062626 0.5801946 0.9658881 -0.1524238 0.2093495 -0.4507665 0.2257342 0.8636281 -0.428159 0.1076425 0.8972697 -0.4281625 -0.1076577 0.8972663 -0.8636288 0.2257331 -0.4507659 -0.8972664 0.1076567 -0.4281622 -0.8972665 -0.1076565 -0.4281622 -0.8972664 0.1076567 0.4281622 -0.4281625 -0.1076577 0.8972663 -0.4507673 -0.2257356 0.8636274 -0.8636286 0.2257334 0.4507661 -0.4281625 0.1076579 -0.8972662 -0.8972666 -0.1076563 -0.4281622 -0.8636282 -0.2257341 -0.4507665 -0.4507667 0.2257346 -0.8636279 -0.9658881 -0.1524238 0.2093496 -0.9658881 0.1524238 -0.2093495 1 0 0 0 -4.419733E-08 -1 0 0 1 0 0 1 0 0 1 0 0 -1 -1 0 0 0 0 -1 1 -3.210655E-07 -1.936669E-07 1 0 0 0 0 -1 0 0 -1 0 0 -1 0 0 -1 1 0 0 1 0 0 -1 -5.326908E-07 8.127185E-08 -1 -3.07381E-07 0 1 0 0 1 0 0 -1 0 0 -1 0 0 1 0 0 1 0 0 -1 6.568098E-07 -3.961881E-07 -1 6.510908E-07 -2.874887E-07 1 0 0 -1 0 0 -1 0 0 -1 0 0 1 0 0 1 0 0 -1 0 0 -1 0 0 -1 0 0 -1 0 0 -1 0 0 -1 0 0 -1 0 0 -1 0 0 -9.789152E-09 -6.416233E-08 -1 0 -4.519089E-08 -1 -8.295634E-09 5.437317E-08 1 0 4.519093E-08 1 0 0 -1 0 0 -1 -2.249914E-08 5.095498E-08 1 0 3.282792E-08 1 0 0 -1 0 0 -1 -2.553121E-08 4.232623E-08 1 0 0 1 0 -3.282792E-08 -1 0 0 1 0 0 1 0 0 1 -2.999779E-08 -4.973103E-08 -1 -2.452981E-08 -5.555395E-08 -1 -1 0 0 -1 0 0 0 0 1 0 0 1 -1.177162E-07 0 1 -1.177162E-07 0 1  
			<BiTangents>: 320 5.745941E-08 1 0 0 1 0 0 1 0 5.128473E-07 0.9999945 0.0033266 1.197207E-07 1 0 2.377795E-07 1 0 0 1 0 -1.67765E-06 0.9999989 -0.001464931 5.153614E-07 0.9999996 0.0009155826 -3.758441E-07 0.9999989 -0.001464931 4.448808E-06 0.9999945 0.003326598 3.151802E-07 0.9999996 0.0009155827 0 1 0 0 0.9957547 0.09204635 0 1 -6.209178E-07 0 0.9957547 -0.09204635 0 1 -5.556674E-08 -0.09204635 0.9957547 0 0 0 -1 0 0.9957547 -0.09204635 0 -1 0 -0.5165095 0.8562814 -6.518863E-08 0 -1 0 0.5165095 0.8562814 0 0 -0.9945509 -0.1042527 0.1042527 0.9945509 0 0 -0.9945509 0.1042527 0.1042527 -0.9945509 0 0 1 0 0 1 0 0 1 0 0 0 -1 -0.1508233 0.9885607 -5.820324E-08 -0.4039257 0.9147918 -6.64046E-08 3.109958E-07 0.9885607 0.1508233 3.607628E-07 0.9147918 0.4039257 0.1508233 0.9885607 -6.516861E-08 0.4039257 0.9147918 -2.251173E-08 0 0.9147918 -0.4039257 6.965441E-09 0.9885607 -0.1508233 0.5886003 -0.8084242 1.585237E-06 0 0 -1 0 0 -1 -0.5875647 -0.8091633 -0.004743708 -1.767775E-08 0 -1 9.816388E-10 -0.8084244 0.5886 -0.3119351 -0.950097 -0.003481568 4.679854E-07 -0.9496504 -0.3133115 0.3119386 -0.9500959 0.003472593 1.90836E-09 -0.9496505 0.3133113 -9.816388E-10 -0.8084244 0.5886 -0.5886 -0.8084244 9.816388E-10 -5.371394E-07 -0.9496505 0.3133111 -0.3133113 -0.9496505 -4.62537E-09 0.3133115 -0.9496504 4.875866E-07 -5.267889E-07 -0.9496504 -0.3133115 -3.630949E-08 0 -1 -3.489513E-08 0 -1 -0.5858412 -0.8103294 -0.01250084 -3.489343E-08 0 -1 -0.5858558 -0.81032 0.01243599 -3.429951E-08 0 -1 1.90836E-09 -0.9496505 -0.3133113 0.309668 -0.9508004 -0.009192608 -8.44209E-09 -0.9496505 0.3133113 -0.309687 -0.9507946 0.009144882 3.630949E-08 0 -1 0.5886 -0.8084244 9.816388E-10 -0.3096682 -0.9508002 -0.009192027 -8.44209E-09 -0.9496505 -0.3133113 0.3110017 -0.9503914 0.005836358 1.90836E-09 -0.9496505 0.3133113 0.5884892 -0.808505 -0.0005110509 0 0 -1 0 0 -1 -0.5886 -0.8084244 -9.816388E-10 -1.495182E-08 0 -1 9.816388E-10 -0.8084244 0.5886 -0.3133113 -0.9496505 1.978161E-08 -0.003430113 -0.9500905 -0.3119555 0.3133113 -0.9496505 -4.62537E-09 0.002157255 -0.9499288 0.3124591 -9.816388E-10 -0.8084244 0.5886 -0.588488 -0.8085058 0.0005163566 -5.371394E-07 -0.9496505 0.3133111 -0.3130315 -0.9497425 0.0007088438 0.3130317 -0.9497424 -0.0007082542 -5.267889E-07 -0.9496504 -0.3133115 -1.228421E-07 0 -1 -3.037716E-08 0 -1 -0.5886 -0.8084244 -4.119597E-08 -3.026633E-08 0 -1 -0.5858558 -0.81032 0.01243604 -2.825698E-08 0 -1 1.90836E-09 -0.9496505 -0.3133113 0.3110138 -0.9503877 -0.005806004 -1.497582E-08 -0.9496505 0.3133113 -0.309687 -0.9507946 0.009144882 1.228421E-07 0 -1 0.5886 -0.8084244 9.816388E-10 -0.3133113 -0.9496505 -8.44209E-09 -0.005971296 -0.9504081 -0.3109482 0.3133113 -0.9496505 2.150955E-08 0.009400739 -0.9508253 0.3095851 0 1 -8.032536E-07 0 1 0 0 1 0 0 1 -6.565584E-08 0 0.9853614 0.1704782 1.33211E-07 0.9035942 -0.4283893 0 -1 0 0 -0.9951355 0.09851558 0 1 0 0 0.9951355 0.09851558 0 0 -1 -2.826773E-07 1 0 0 -0.9951355 -0.09851558 0 0.9951355 -0.09851558 0 0 -1 0 -1 0 1.8891E-07 0.9853614 -0.1704782 3.88027E-07 0.9035942 0.4283893 -3.688005E-07 1 0 0 1 0 0.1704782 0.9853614 -6.484917E-08 0.4283893 0.9035942 -6.323284E-08 0.5165095 0.8562814 -5.675696E-08 0.09851558 -0.9951355 0 0 0 -1 -0.09851558 0.9951355 0 0 0 -1 0 1 -4.419733E-08 0.09851558 0.9951355 0 0.09851558 0.9951355 0 0 1 0 -0.5165095 0.8562814 -2.911844E-08 -0.4284012 0.9035887 -3.658117E-08 -0.1704782 0.9853614 -3.043351E-07 0 1 -2.091127E-07 0 1 -5.542337E-08 0 0 -1 0 0 -1 0 0 1 0 0 1 0 0 1 6.087286E-07 0 -1 6.087286E-07 0 -1 6.087286E-07 0 -1 0 1 0 0 1 0 0 1 0 0 1 0 0.00265518 0.9999964 -1.709408E-06 0.002655175 0.9999964 -6.126414E-06 -0.002349987 0.9999973 2.653609E-06 -0.002349987 0.9999973 2.358526E-06 -0.007385497 0.9999728 3.823357E-06 -0.007385464 0.9999728 2.347532E-05 0 1 0 0 1 0 1 0 0 -1 0 -1.177162E-07 -1.664259E-08 0 -1 -3.488175E-08 0 -1 -1.767869E-08 0 -1 0 0 -1 9.816388E-10 -0.8084244 0.5886 -2.108881E-08 -0.8084244 0.5886 0 0.9951355 -0.09851558 0 0.9945509 -0.1042527 0 0.9951355 0.09851558 0 0.9945509 0.1042527 0 0.8562814 -0.5165095 0 0.8562814 -0.5165095 0 1 0 0 1 0 0 -1 0 0 -1 0 -0.09851558 0.9951355 0 -0.1042527 0.9945509 0 -1.731608E-08 0 -1 0 0 -1 0 0 -1 0 0 -1 0.5858166 -0.8103455 -0.01261038 0.5875712 -0.8091587 0.004714093 -0.2182469 -0.951163 -0.2183055 -0.4325334 -0.7910927 -0.4325358 0.2182858 -0.9511583 0.2182869 0.2182861 -0.9511581 -0.2182874 0.2182858 -0.9511583 -0.2182869 -0.3554454 -0.9227612 0.148897 -0.2801448 -0.9565358 0.08098294 0.4325336 -0.7910926 0.4325357 -0.7249578 -0.6486114 0.2318181 -0.5700655 -0.817993 0.07689443 0.5701323 -0.8179701 -0.07664268 0.7251678 -0.6484447 -0.2316272 0.5337272 -0.8444561 -0.04504624 0.3506409 -0.931243 0.09918344 1.56513E-06 -0.8084242 -0.5886003 9.816388E-10 -0.8084244 -0.5886 0.4325563 -0.7910867 0.4325238 0.4325353 -0.7910924 0.4325345 0.2183046 -0.9511628 0.2182486 0.2183458 -0.9511511 0.2182583 0.2182865 -0.9511582 0.2182865 -0.2182865 -0.9511582 -0.2182865 -0.4325345 -0.7910924 0.4325353 -0.2182863 -0.9511583 0.2182867 0.2182861 -0.9511583 -0.2182868 -0.432535 -0.7910923 -0.432535 0.4325346 -0.7910923 -0.4325351 -2.108881E-08 -0.8084244 -0.5886 9.816388E-10 -0.8084244 -0.5886 -1.321338E-08 0 -1 -2.950295E-08 0 -1 -1.495262E-08 0 -1 0 0 -1 0.01278906 -0.8103718 0.5857764 -7.293868E-08 -0.8084245 0.5886 -1.464592E-08 0 -1 0 0 -1 0 0 -1 0 0 -1 0.5886 -0.8084244 -9.816388E-10 0.5886 -0.8084244 4.119597E-08 -0.2182631 -0.9511523 -0.2183357 -0.004655697 -0.8091497 -0.5875841 -0.4325338 -0.7910916 -0.4325373 0.2182924 -0.9511597 0.2182742 0.3557531 -0.9226692 -0.148732 -0.3554454 -0.9227613 0.148897 0.4325338 -0.7910916 0.4325373 0.4325326 -0.7910929 0.4325362 0.2182853 -0.9511583 0.2182871 0.218286 -0.9511581 0.2182878 -0.7249572 -0.6486118 0.2318187 0.7251671 -0.6484452 -0.2316278 9.816388E-10 -0.8084244 -0.5886 0.4325352 -0.7910924 0.4325346 0.2182932 -0.9511599 0.2182726 -0.2182863 -0.9511582 -0.218287 -0.4325333 -0.7910927 0.4325359 -0.218286 -0.9511583 0.2182868 0.2182858 -0.9511583 -0.2182869 -0.218286 -0.9511583 -0.2182868 -0.2182863 -0.9511582 -0.218287 -0.4325344 -0.791092 -0.4325361 -0.4325337 -0.7910926 -0.4325356 0.2182863 -0.9511582 -0.2182871 0.2182857 -0.9511583 -0.218287 0.4325344 -0.7910925 -0.4325353 0.432535 -0.7910923 -0.432535 -7.293868E-08 -0.8084245 -0.5886 9.816388E-10 -0.8084244 -0.5886 0 0.9957547 0.09204635 0 1 -4.419733E-08 0 1 0 0 1 0 -0.09204635 0.9957547 0 0.09204635 0.9957547 0 0 1 0 0.09204635 0.9957547 0 3.749532E-07 0.8562814 0.5165095 0 0.8562814 0.5165095 -0.09851558 -0.9951355 0 0 -1 0 0 -1 0 -0.1042527 -0.9945509 0 0 0.9885607 0.1508233 0 1 0 -5.388549E-07 0.9885607 -0.1508233 -3.07381E-07 1 0 0 0.8562814 0.5165095 0 0.9147918 0.4039257 0 1 0 0 1 0 0 1 0 0 1 0 7.67049E-07 0.8562814 -0.5165095 7.117367E-07 0.9147918 -0.4039257 0 0.9945509 0.1042527 0 0.9945509 -0.1042527 0 -0.9945509 0.1042527 0 -1 0 0 -0.9945509 -0.1042527 0 -1 0 0 0 -1 0 0 -1 0 0 -1 0 0 -1 0 0 -1 0 0 -1 0 0 -1 0 0 -1 0.1508233 0.9885607 -6.490479E-08 0 1 -4.519089E-08 -0.1508233 0.9885607 -5.500236E-08 0 1 -4.519093E-08 -0.1042527 -0.9945509 0 0 -1 0 -0.4039257 0.9147918 -5.570119E-08 0 1 -3.282792E-08 0.1042527 0.9945509 0 0 1 0 -0.5165095 0.8562814 -4.943028E-08 0 1 0 0 1 -3.282792E-08 -0.1042527 0.9945509 0 0.1042527 -0.9945509 0 0 -1 0 0.5165095 0.8562814 -5.80779E-08 0.4039257 0.9147918 -6.072852E-08 0 0 -1 0 0 -1 1 0 0 1 0 0 -1 0 -1.177162E-07 -1 0 -1.177162E-07  
			<SubMeshes>: 1
				<SubMesh>: 0 804 0 5 4 0 4 2 2 4 6 2 6 1 11 10 3 11 3 8 142 143 144 9 11 8 9 8 7 145 146 147 148 149 150 148 150 151 152 153 154 152 154 155 155 154 156 155 156 157 149 158 159 149 159 150 316 160 317 318 319 161 71 69 62 71 62 64 53 51 58 53 58 68 60 65 46 60 46 43 40 54 70 40 70 67 65 63 48 65 48 46 49 45 50 49 50 52 162 66 61 61 163 162 163 164 162 164 165 162 164 41 165 164 42 41 166 71 64 166 64 167 54 53 68 54 68 70 141 118 31 141 31 128 121 108 34 121 34 35 109 120 39 109 39 38 140 130 18 140 18 114 116 110 20 116 20 24 111 119 22 111 22 26 117 168 169 117 169 19 113 170 171 113 171 13 125 124 36 125 36 37 172 109 38 172 38 173 126 125 37 126 37 23 123 174 175 123 175 106 127 176 177 127 177 27 129 178 179 129 179 17 57 56 59 59 180 57 180 44 57 180 181 44 181 182 44 181 183 182 63 184 185 63 185 48 47 49 52 47 52 55 46 186 187 46 187 43 48 188 186 48 186 46 189 190 191 189 191 192 185 193 188 185 188 48 192 191 194 192 194 195 196 197 198 196 198 199 200 47 55 200 55 201 202 203 204 202 204 205 206 70 68 206 68 207 60 208 209 60 209 65 65 209 210 65 210 63 207 68 58 207 58 211 63 210 212 63 212 184 69 213 214 69 214 62 103 101 94 103 94 96 85 83 90 85 90 100 92 97 78 92 78 75 72 86 102 72 102 99 97 95 80 97 80 78 81 77 82 81 82 84 215 98 93 93 216 215 216 217 215 217 218 215 217 73 218 217 74 73 219 103 96 219 96 220 86 85 100 86 100 102 89 88 91 91 221 89 221 76 89 221 222 76 222 223 76 222 224 223 95 225 226 95 226 80 79 81 84 79 84 87 227 79 228 227 228 229 230 81 79 230 79 227 86 231 232 86 232 85 233 234 235 233 235 236 85 232 237 85 237 83 72 238 231 72 231 86 228 79 87 228 87 239 219 240 241 219 241 103 103 241 242 103 242 101 92 243 244 92 244 97 97 244 245 97 245 95 246 247 248 246 248 249 250 251 252 250 252 253 101 254 255 101 255 94 113 112 30 113 30 256 139 257 16 139 16 107 129 258 259 129 259 260 135 136 33 135 33 21 132 134 28 132 28 261 117 262 29 117 29 15 122 115 12 122 12 105 132 133 25 132 25 263 138 131 14 138 14 104 264 121 35 264 35 265 136 137 32 136 32 33 266 267 268 266 268 269 137 138 104 137 104 32 120 122 105 120 105 39 124 139 107 124 107 36 108 123 106 108 106 34 270 271 123 270 123 108 272 273 122 272 122 120 274 275 121 274 121 264 273 276 115 273 115 122 19 277 262 19 262 117 13 278 112 13 112 113 271 279 174 271 174 123 280 281 109 280 109 172 256 282 170 256 170 113 15 283 168 15 168 117 284 285 119 284 119 111 286 287 110 286 110 116 288 140 114 288 114 289 281 272 120 281 120 109 275 270 108 275 108 121 290 291 118 290 118 141 292 290 141 292 141 293 294 295 140 294 140 288 296 297 139 296 139 124 298 299 138 298 138 137 300 301 267 300 267 266 302 298 137 302 137 136 299 303 131 299 131 138 261 304 133 261 133 132 263 305 134 263 134 132 306 302 136 306 136 135 17 307 258 17 258 129 297 308 257 297 257 139 260 309 178 260 178 129 310 311 176 310 176 127 312 313 125 312 125 126 313 296 124 313 124 125 295 314 130 295 130 140 293 141 128 293 128 315  
		</Mesh>
		<Materials>: 1
			<Material>: 0
				<AlbedoColor>: 1 1 1 1
				<EmissiveColor>: 0 0 0 0
				<Glossiness>: 0.04
				<Metallic>: 0
				<SpecularHighlight>: 1
				<GlossyReflection>: 1
				<AlbedoMap>: BLD_Villa2_A
				<MetallicMap>: BLD_Villa2_MS
				<NormalMap>: BLD_Villa2_N
				<EmissionMap>: null
				<DetailAlbedoMap>: DET_Concrete1_A
				<DetailNormalMap>: DET_Concrete1_N
		</Materials>
		<Children>: 0
	</Frame>
</Hierarchy>
