<Hierarchy>:
	<Frame>: 0 5 Villa1_Wall_Mid_E
		<Transform>: 0 0 0 0 0 0 1 1 1 0 0 0 1  
		<TransformMatrix>: 1 0 0 0 0 1 0 0 0 0 1 0 0 0 0 1  
		<BoxCollider>: 1 2.000003 3.5 0.06394371 4.000008 7 0.727888  
		<Mesh>: 331 Villa1_Wall_Mid_E
			<Bounds>: 2.000003 3.5 0.06394371 2.000004 3.5 0.363944
			<Positions>: 331 0.2000003 5.59 0.1999997 0.2000003 9.536743E-07 0.1999999 -3.890991E-07 5.59 0.1999997 -3.890991E-07 9.536743E-07 0.1999999 0.1648729 9.536743E-07 0.3 0.1829671 9.536743E-07 0.2851663 0.1829671 5.59 0.2851661 0.1648729 5.59 0.2999998 0.01703287 9.536743E-07 0.2851663 0.03512705 9.536743E-07 0.3 0.03512705 5.59 0.2999998 0.01703288 5.59 0.2851661 0 8.742278E-09 0.2 0 7 0.1999997 4 8.742278E-09 0.2 4 7 0.1999997 1.1 8.742278E-09 0.2 2.9 8.742278E-09 0.2 2.9 7 0.1999997 1.1 7 0.1999997 0 0.8000001 0.2 4 0.8000001 0.2 2.9 0.8000001 0.2 1.1 0.8000001 0.2 1.1 4.1 0.1999998 0 4.1 0.1999998 4 4.1 0.1999998 2.9 4.1 0.1999998 0 -8.742278E-09 -0.2 0 7 -0.2000003 4 -8.742278E-09 -0.2 4 7 -0.2000003 1.1 -8.742278E-09 -0.2 2.9 -8.742278E-09 -0.2 2.9 7 -0.2000003 1.1 7 -0.2000003 0 0.8000001 -0.2 4 0.8000001 -0.2 2.9 0.8000001 -0.2 1.1 0.8000001 -0.2 1.1 4.1 -0.2000002 0 4.1 -0.2000002 4 4.1 -0.2000002 2.9 4.1 -0.2000002 -2.384186E-07 6.999999 0.1730058 -1.223297E-07 5.526035 0.1730058 4 5.526035 0.1730068 4.000007 6.999999 0.1730068 -1.592562E-07 6.707801 0.3278868 4.000006 6.707801 0.3278877 -1.223297E-07 6.707801 0.1730058 4.000006 6.707801 0.1730068 -2.384186E-07 6.999999 0.4278868 4.000007 6.999999 0.4278877 -1.83098E-07 6.742151 0.4278868 4.000006 6.742151 0.4278877 -1.592562E-07 5.617712 0.3278868 -1.373989E-07 5.526035 0.2362106 4 5.526035 0.2362115 4.000001 5.617711 0.3278877 4.000002 5.935729 0.3278877 -1.592562E-07 5.935729 0.3278868 -1.592562E-07 6.022936 0.3278868 4.000002 6.022936 0.3278877 4.000002 6.009855 0.3778877 4.000002 5.94881 0.3778877 -2.384186E-07 5.94881 0.3778868 -2.384186E-07 6.009855 0.3778868 -2.33294E-07 6.9871 0.1730058 4.000007 6.9871 0.1730068 -2.359765E-07 6.988616 0.4278868 4.000007 6.988616 0.4278877 -1.335478E-07 6.736037 0.1730058 4.000006 6.736037 0.1730068 -1.884438E-07 6.767068 0.4278868 4.000006 6.767068 0.4278877 -1.592562E-07 6.678991 0.3278868 4.000006 6.678991 0.3278877 4.000002 6.038123 0.3278877 -1.592562E-07 6.038123 0.3278868 4.000002 5.913959 0.3278877 -1.592562E-07 5.913959 0.3278868 4.000001 5.630883 0.3278877 -1.592562E-07 5.630883 0.3278868 4 5.540728 0.2509044 -1.409019E-07 5.540728 0.2509034 0 0.2000001 0.2 4 0.2000001 0.2 2.9 0.2000001 0.2 1.1 0.2000001 0.2 0 0.2 -0.2 4 0.2 -0.2 2.9 0.2 -0.2 1.1 0.2 -0.2 0 -1.619286E-08 -0.3 4 -1.619286E-08 -0.3 1.1 -1.619286E-08 -0.3 2.9 -1.619286E-08 -0.3 0 0.1822654 -0.3 0 0.2 -0.2822654 4 0.2 -0.2822654 4 0.1822654 -0.3 2.9 0.2 -0.2822654 2.9 0.1822654 -0.3 1.1 0.1822654 -0.3 1.1 0.2 -0.2822654 1.1 6.7 0.1999997 0 6.7 0.1999997 4 6.7 0.1999997 2.9 6.7 0.1999997 1.1 6.7 -0.2000003 0 6.7 -0.2000003 4 6.7 -0.2000003 2.9 6.7 -0.2000003 1.1 7 -0.3000003 2.9 7 -0.3000003 0 7 -0.3000003 4 7 -0.3000003 0 5.53 0.1999998 4 5.53 0.1999998 2.9 5.53 0.1999998 0 5.53 -0.2000002 4 5.53 -0.2000002 2.9 5.53 -0.2000002 1.1 5.53 0.1999998 1.1 5.53 -0.2000002 1.1 6.810154 -0.3000003 1.1 6.79282 -0.2928205 0 6.79282 -0.2928205 0 6.810154 -0.3000003 4 6.810154 -0.3000003 4 6.79282 -0.2928205 2.9 6.79282 -0.2928205 2.9 6.810154 -0.3000003 2.971249 4.117316 0.2406671 2.971249 4.117316 -0.04701826 3.156697 4.432609 0.3809651 3.156697 4.432609 -0.04701826 3.156697 4.303356 0.3809651 3.156697 4.303356 -0.04701826 1.999999 4.117316 0.2406671 1.028751 4.117316 0.2406671 1.028751 4.117316 -0.04701827 0.8433033 4.432609 0.3809651 0.8433033 4.432609 -0.04701827 0.8433033 4.303356 0.3809651 0.8433033 4.303356 -0.04701827 2 4.303356 0.3809651 2 4.432609 0.3809651 2 4.432609 -0.04701827 1.999999 0.007316245 0.2406672 2.971249 0.007316245 0.2406672 2.971249 0.007316245 -0.04701817 1.999999 0.007316245 -0.04701817 1.028751 0.007316245 0.2406672 1.028751 0.007316245 -0.04701819 3.156697 4.316281 0.3809651 3.156697 4.316281 -0.04701826 0.8433033 4.316281 0.3809651 0.8433033 4.316281 -0.04701827 2 4.316281 0.3809651 0.01703287 9.536743E-07 0.2851663 -3.890991E-07 9.536743E-07 0.1999999 0.03512705 9.536743E-07 0.3 0.1648729 9.536743E-07 0.3 0.1648729 9.536743E-07 0.3 0.1829671 9.536743E-07 0.2851663 0.1648729 5.59 0.2999998 0.03512705 5.59 0.2999998 0.03512705 9.536743E-07 0.3 0.2000003 9.536743E-07 0.1999999 0 4.1 0.1999998 0 4.1 -0.2000002 4 6.7 -0.2000003 4 7 -0.2000003 0 0.2000001 0.2 0 0.2 -0.2 0 8.742278E-09 0.2 4 0.2000001 0.2 4 0.2 -0.2 4 0.8000001 -0.2 4 0.8000001 0.2 1.1 8.742278E-09 0.2 2.9 8.742278E-09 0.2 1.1 7 0.1999997 0 7 0.1999997 4 8.742278E-09 0.2 0 8.742278E-09 0.2 0 -8.742278E-09 -0.2 4 7 0.1999997 4 7 -0.2000003 0 0.8000001 -0.2 0 0.8000001 0.2 4 4.1 -0.2000002 4 4.1 0.1999998 -1.592562E-07 6.707801 0.3278868 -1.83098E-07 6.742151 0.4278868 4.000006 6.707801 0.3278877 4 5.526035 0.2362115 -1.373989E-07 5.526035 0.2362106 -1.223297E-07 5.526035 0.1730058 4 5.526035 0.1730068 4.000007 6.988616 0.4278877 4.000007 6.999999 0.4278877 -2.384186E-07 6.999999 0.4278868 -2.359765E-07 6.988616 0.4278868 4 5.540728 0.2509044 4.000001 5.617711 0.3278877 -1.592562E-07 5.617712 0.3278868 -1.409019E-07 5.540728 0.2509034 4.000006 6.678991 0.3278877 4.000006 6.707801 0.3278877 -1.592562E-07 6.707801 0.3278868 -1.592562E-07 6.678991 0.3278868 4.000002 5.913959 0.3278877 4.000002 5.935729 0.3278877 -1.592562E-07 5.935729 0.3278868 -1.592562E-07 5.913959 0.3278868 -1.592562E-07 6.022936 0.3278868 4.000002 6.022936 0.3278877 4.000002 6.009855 0.3778877 -2.384186E-07 6.009855 0.3778868 -2.384186E-07 5.94881 0.3778868 -2.384186E-07 6.009855 0.3778868 4.000002 5.935729 0.3278877 4.000002 5.94881 0.3778877 -2.384186E-07 5.94881 0.3778868 -1.592562E-07 5.935729 0.3278868 4.000002 6.009855 0.3778877 4.000002 5.94881 0.3778877 4.000006 6.767068 0.4278877 -1.884438E-07 6.767068 0.4278868 4.000007 6.999999 0.1730068 -2.384186E-07 6.999999 0.1730058 -2.384186E-07 6.999999 0.4278868 4.000007 6.999999 0.4278877 4.000006 6.742151 0.4278877 4.000006 6.742151 0.4278877 -1.83098E-07 6.742151 0.4278868 4.000002 6.038123 0.3278877 -1.592562E-07 6.038123 0.3278868 4.000002 6.022936 0.3278877 -1.592562E-07 6.022936 0.3278868 4.000001 5.630883 0.3278877 -1.592562E-07 5.630883 0.3278868 4.000001 5.617711 0.3278877 -1.592562E-07 5.617712 0.3278868 4 5.526035 0.2362115 -1.373989E-07 5.526035 0.2362106 4 8.742278E-09 0.2 4 -8.742278E-09 -0.2 0 -8.742278E-09 -0.2 0 0.2 -0.2 4 -8.742278E-09 -0.2 4 0.2 -0.2 1.1 0.2 -0.2 0 0.2 -0.2822654 0 0.2 -0.2 2.9 0.2 -0.2 0 -1.619286E-08 -0.3 1.1 -1.619286E-08 -0.3 2.9 -1.619286E-08 -0.3 4 -1.619286E-08 -0.3 4 0.1822654 -0.3 4 -1.619286E-08 -0.3 4 0.2 -0.2 4 0.2 -0.2822654 1.1 0.2 -0.2822654 2.9 0.2 -0.2822654 0 0.1822654 -0.3 0 0.2 -0.2822654 4 0.2 -0.2822654 0 -1.619286E-08 -0.3 2.9 7 0.1999997 4 5.53 0.1999998 4 6.7 -0.2000003 4 5.53 -0.2000002 0 5.53 -0.2000002 0 7 0.1999997 0 7 -0.2000003 0 6.7 -0.2000003 0 6.7 0.1999997 4 7 0.1999997 4 6.7 0.1999997 1.1 5.53 0.1999998 0 5.53 0.1999998 0 6.7 -0.2000003 0 7 -0.2000003 0 6.810154 -0.3000003 0 7 -0.3000003 0 6.7 -0.2000003 0 6.79282 -0.2928205 1.1 6.7 -0.2000003 2.9 6.7 -0.2000003 4 6.79282 -0.2928205 4 6.7 -0.2000003 4 7 -0.3000003 4 6.810154 -0.3000003 4 7 -0.3000003 2.9 7 -0.3000003 1.1 7 -0.3000003 0 7 -0.3000003 0 5.53 0.1999998 2.9 5.53 0.1999998 4 5.53 0.1999998 1.028751 4.117316 0.2406671 0.8433033 4.316281 0.3809651 0.8433033 4.303356 0.3809651 3.156697 4.316281 0.3809651 3.156697 4.303356 0.3809651 2.971249 4.117316 0.2406671 1.999999 0.007316245 0.2406672 1.028751 0.007316245 0.2406672 1.028751 0.007316245 -0.04701819 1.028751 0.007316245 0.2406672 2.971249 0.007316245 0.2406672 2.971249 0.007316245 -0.04701817 2.971249 0.007316245 0.2406672 3.156697 4.432609 0.3809651 2 4.432609 0.3809651 0.8433033 4.432609 0.3809651 0.8433033 4.432609 -0.04701827 0.8433033 4.432609 0.3809651 3.156697 4.432609 -0.04701826 3.156697 4.432609 0.3809651 1.1 7 0.1999997 1.1 7 -0.2000003 1.1 -8.742278E-09 -0.2 1.1 8.742278E-09 0.2 1.1 -1.619286E-08 -0.3 1.1 7 -0.3000003  
			<Colors>: 0  
			<TextureCoords0>: 331 0.3959961 0.6689453 0.02685547 0.7133789 0.3959961 0.6816406 0.1533203 0.6816406 0.1533203 0.6738281 0.02734375 0.7114258 0.3959961 0.6723633 0.3959961 0.6738281 0.1533203 0.6791992 0.1533203 0.6777344 0.3959961 0.6777344 0.3959961 0.6791992 0.3007813 0.7988281 0.2500442 0.2793813 0.1005859 0.7988281 0.3271484 0.8422852 0.2456055 0.7988281 0.1557617 0.7988281 0.4248047 0.9604492 0.250565 0.2741836 0.3007813 0.7587891 0.1005859 0.7587891 0.1557617 0.7587891 0.2456055 0.7587891 0.2456055 0.59375 0.3007813 0.59375 0.1005859 0.59375 0.1557617 0.59375 0.02783203 0.859375 0.4624023 0.9482422 0.3642578 0.9482422 0.4394531 0.9350586 0.5229492 0.9482422 0.4248047 0.9482422 0.4248047 0.9482422 0.5229492 0.9482422 0.5991211 0.7597656 0.4008789 0.7597656 0.4550781 0.7597656 0.5449219 0.7597656 0.5449219 0.5961914 0.203125 0.859375 0.4008789 0.5961914 0.4550781 0.5961914 0.2856445 0.4956055 0.1245117 0.4956055 0.1245117 0.4956055 0.2856445 0.4956055 0.3007813 0.465332 0.09960938 0.465332 0.253418 0.4956055 0.253418 0.4956055 0.2856445 0.4677734 0.2856445 0.4677734 0.3007813 0.4628906 0.09960938 0.4628906 0.1347656 0.4785156 0.1245117 0.4882813 0.1245117 0.4882813 0.1347656 0.4785156 0.1694336 0.4785156 0.1694336 0.4785156 0.1787109 0.4785156 0.1787109 0.4785156 0.09960938 0.4995117 0.09960938 0.5029297 0.3007813 0.5029297 0.3007813 0.4995117 0.2841797 0.4956055 0.2841797 0.4956055 0.2841797 0.4677734 0.2841797 0.4677734 0.2568359 0.4956055 0.2568359 0.4956055 0.2602539 0.4677734 0.2602539 0.4677734 0.2504883 0.4785156 0.2504883 0.4785156 0.1806641 0.4785156 0.1806641 0.4785156 0.1669922 0.4785156 0.1669922 0.4785156 0.1362305 0.4785156 0.1362305 0.4785156 0.1259766 0.4868164 0.1259766 0.4868164 0.3007813 0.7890625 0.1005859 0.7890625 0.1557617 0.7890625 0.2456055 0.7890625 0.5991211 0.7895508 0.4008789 0.7895508 0.4550781 0.7895508 0.5449219 0.7895508 0.4125977 0.9487305 0.4125977 0.9487305 0.5444336 0.7998047 0.4550781 0.7998047 0.4370117 0.9487305 0.4394531 0.9462891 0.4394531 0.9462891 0.4370117 0.9487305 0.4550781 0.7910156 0.4550781 0.7910156 0.5444336 0.7910156 0.5449219 0.7910156 0.2487654 0.2742283 0.2482446 0.279426 0.3144531 0.8422852 0.2497046 0.2648549 0.5449219 0.4672852 0.5991211 0.4672852 0.3989258 0.9350586 0.4550781 0.4672852 0.5449219 0.4506836 0.4550781 0.4506836 0.5996094 0.4506836 0.4394531 0.9487305 0.2641602 0.8422852 0.1005859 0.5224609 0.1557617 0.5224609 0.2641602 0.859375 0.2641602 0.859375 0.4550781 0.5253906 0.2456055 0.5224609 0.5449219 0.5253906 0.5449219 0.4599286 0.5449219 0.4607998 0.411616 0.9477488 0.5996094 0.4599286 0.4139611 0.9487305 0.411616 0.9477488 0.4550781 0.4607998 0.4550781 0.4599286 0.0390625 0.8334961 0.0390625 0.8579102 0.203125 0.9462891 0.203125 0.9174805 0.03027344 0.8217773 0.03027344 0.8579102 0.4604492 0.2436523 0.5078125 0.2436523 0.2128906 0.8579102 0.3574219 0.9462891 0.3574219 0.9174805 0.2216797 0.8217773 0.2216797 0.8579102 0.4604492 0.234375 0.2807617 0.9462891 0.2807617 0.9174805 0.4604492 0.4492188 0.1386719 0.8217773 0.1386719 0.8457031 0.1831055 0.8457031 0.5078125 0.4492188 0.2275391 0.8457031 0.02978516 0.8217773 0.02978516 0.8579102 0.2226563 0.8217773 0.2226563 0.8579102 0.4604492 0.2337891 0.03125 0.7114258 0.03173828 0.7133789 0.03076172 0.7109375 0.02783203 0.7109375 0.1533203 0.6738281 0.1533203 0.6723633 0.3959961 0.6738281 0.3959961 0.6777344 0.1533203 0.6777344 0.1533203 0.6689453 0.203125 0.8422852 0.5991211 0.5961914 0.3144531 0.859375 0.3271484 0.859375 0.03613281 0.8422852 0.03613281 0.859375 0.02783203 0.8422852 0.03613281 0.8422852 0.03613281 0.859375 0.06201172 0.859375 0.06201172 0.8422852 0.5229492 0.9604492 0.4248047 0.9604492 0.5229492 0.9604492 0.4624023 0.9604492 0.3642578 0.9604492 0.4624023 0.9604492 0.4624023 0.9482422 0.3642578 0.9604492 0.3642578 0.9482422 0.06201172 0.859375 0.06201172 0.8422852 0.203125 0.859375 0.203125 0.8422852 0.253418 0.4785156 0.2573242 0.4677734 0.253418 0.4785156 0.314696 0.2589467 0.3127083 0.2787148 0.3127083 0.2787147 0.314696 0.2589467 0.09960938 0.4507557 0.09960938 0.4501953 0.3007813 0.4501953 0.3007813 0.4507557 0.09960938 0.5222449 0.09960938 0.5185547 0.3007813 0.5185547 0.3007813 0.5222449 0.09960938 0.4667287 0.09960938 0.465332 0.3007813 0.465332 0.3007813 0.4667287 0.09960938 0.5039994 0.09960938 0.5029297 0.3007813 0.5029297 0.3007813 0.5039994 0.3007813 0.4985352 0.09960938 0.4985352 0.09960938 0.4995117 0.3007813 0.4995117 0.1708984 0.4731445 0.1772461 0.4731445 0.09960938 0.5029297 0.09960938 0.5029297 0.3007813 0.5029297 0.3007813 0.5029297 0.1772461 0.4731445 0.1708984 0.4731445 0.09960938 0.4616638 0.3007813 0.4616638 0.05273438 0.4223633 0.3154297 0.4223633 0.3154297 0.4394531 0.05273438 0.4394531 0.2573242 0.4677734 0.09960938 0.4628906 0.3007813 0.4628906 0.09960938 0.4977989 0.3007813 0.4977989 0.09960938 0.4985352 0.3007813 0.4985352 0.09960938 0.5179075 0.3007813 0.5179076 0.09960938 0.5185547 0.3007813 0.5185547 0.09960938 0.5229492 0.3007813 0.5229492 0.02783203 0.8422852 0.02783203 0.859375 0.4125977 0.9350586 0.4394531 0.9350586 0.4125977 0.9350586 0.4394531 0.9350586 0.5449219 0.7949219 0.5996094 0.7905273 0.5996094 0.7949219 0.4550781 0.7949219 0.4624023 0.9448242 0.5229492 0.9448242 0.4248047 0.9448242 0.3642578 0.9448242 0.3999023 0.7910156 0.3999023 0.7998047 0.4003906 0.7949219 0.4003906 0.7910156 0.5444336 0.7900391 0.4550781 0.7900391 0.5996094 0.7910156 0.5996094 0.7900391 0.3999023 0.7900391 0.5996094 0.7998047 0.2515042 0.2648102 0.2641602 0.8422852 0.4008789 0.4672852 0.4008789 0.5253906 0.5991211 0.5253906 0.3271484 0.8422852 0.3271484 0.859375 0.3144531 0.859375 0.3144531 0.8422852 0.2520251 0.2596126 0.2502255 0.2596573 0.2414769 0.2744097 0.2409561 0.2796073 0.3989258 0.9350586 0.4394531 0.9350586 0.4139611 0.9487305 0.4394531 0.9487305 0.5996094 0.465332 0.5996094 0.4607998 0.5449219 0.465332 0.4550781 0.465332 0.4003906 0.4607998 0.4003906 0.465332 0.4003906 0.4506836 0.4003906 0.4599286 0.3642578 0.9448242 0.4248047 0.9448242 0.5229492 0.9448242 0.4624023 0.9448242 0.3007813 0.5224609 0.2424162 0.2650362 0.242937 0.2598386 0.2128906 0.8334961 0.5170898 0.2337891 0.5170898 0.234375 0.402832 0.2337891 0.402832 0.234375 0.4121094 0.2436523 0.1831055 0.8217773 0.2275391 0.8217773 0.02441406 0.8579102 0.02441406 0.8334961 0.2275391 0.8334961 0.2275391 0.8579102 0.4121094 0.4492188 0.402832 0.2285156 0.4604492 0.2285156 0.5170898 0.2285156 0.2275391 0.8579102 0.2275391 0.8217773 0.02441406 0.8579102 0.02441406 0.8217773 0.5229492 0.9604492 0.5229492 0.9482422 0.5229492 0.9482422 0.5229492 0.9604492 0.5229492 0.9448242 0.5229492 0.9448242  
			<TextureCoords1>: 331 0.4925262 0.1937808 0.9907078 0.9960938 0.00390627 0.1649902 0.492526 0.1649902 0.4925262 0.1688965 0.989219 0.9886494 0.4925262 0.186189 0.003906256 0.1688965 0.492526 0.1573985 0.4925262 0.1802375 0.00390625 0.1802375 0.003906275 0.1573985 0.6157738 0.9960937 0.00390627 0.9960938 0.6157739 0.646455 0.6157739 0.5988439 0.615774 0.8999432 0.6157739 0.7426057 0.7158307 0.6966711 0.00390635 0.8999431 0.5458462 0.9960938 0.5458462 0.6464552 0.5458461 0.7426057 0.5458463 0.8999432 0.2573944 0.8999431 0.2573944 0.9960937 0.2573943 0.646455 0.2573943 0.7426056 0.6157737 0.5861966 0.9693188 0.7316352 0.9693188 0.7792463 0.6157739 0.6338078 0.7158309 0.7792462 0.8731682 0.7792464 0.7158309 0.731635 0.8731682 0.7316351 0.05635212 0.5473261 0.05635201 0.1976875 0.05635204 0.2938381 0.05635206 0.4511755 0.3448041 0.4511752 0.2573943 0.5861963 0.344804 0.1976873 0.3448041 0.293838 0.61968 0.5949376 0.7485188 0.5949376 0.752425 0.5949376 0.8812637 0.5949376 0.6196803 0.9350398 0.9693194 0.9350398 0.645221 0.5949376 0.8557228 0.5949376 0.61968 0.5726585 0.8812637 0.5726585 0.6196802 0.9257975 0.9693193 0.9257975 0.7405053 0.5813996 0.7485188 0.5894129 0.752425 0.5894129 0.7604384 0.5813996 0.7882363 0.5813996 0.7127075 0.5813996 0.7050847 0.5813996 0.795859 0.5813996 0.6196805 0.9389461 0.969319 0.8264171 0.6196803 0.8264171 0.9693194 0.9389461 0.6208075 0.5949376 0.8801362 0.5949376 0.620675 0.5726585 0.8802688 0.5726585 0.6427529 0.5949376 0.8581909 0.5949376 0.6400405 0.5726585 0.8609033 0.5726585 0.6477392 0.5813996 0.8532045 0.5813996 0.7971864 0.5813996 0.7037573 0.5813996 0.7863333 0.5813996 0.7146105 0.5813996 0.7615898 0.5813996 0.739354 0.5813996 0.7537093 0.5881286 0.7472344 0.5881286 0.598292 0.9960937 0.598292 0.6464551 0.5982919 0.7426057 0.598292 0.8999432 0.00390625 0.5473262 0.00390625 0.1976876 0.003906289 0.2938381 0.003906264 0.4511755 0.6157738 0.5949376 0.003906255 0.6425487 0.8731682 0.6927647 0.7158308 0.6927649 0.5998421 0.5949376 0.5982919 0.5933875 0.02138817 0.6409986 0.01983798 0.6425488 0.7158308 0.6707343 0.7158308 0.6768332 0.8731682 0.676833 0.8731682 0.6707329 0.03012923 0.8999431 0.03012915 0.9960937 0.589551 0.5988439 0.03012922 0.7426057 0.5720692 0.451175 0.5720693 0.5473256 0.589551 0.6338078 0.5720692 0.2938377 0.6017776 0.4511749 0.6017776 0.2938377 0.6017777 0.5473255 0.6157739 0.6425488 0.1323984 0.5512326 0.1323985 0.646455 0.1323985 0.7426057 0.1323985 0.5861964 0.4872817 0.6338078 0.4697999 0.2938378 0.1323986 0.8999431 0.4697999 0.4511752 0.5851832 0.451175 0.5835433 0.451175 0.02201593 0.59431 0.5851833 0.5473256 0.5991794 0.6425488 0.5976644 0.6419212 0.5835432 0.2938377 0.5851832 0.2938378 0.3631601 0.1263005 0.3631601 0.1514469 0.6196801 0.6051388 0.6196802 0.6425487 0.386121 0.1140371 0.386121 0.1514469 0.6373501 0.4462196 0.6373507 0.531116 0.03816513 0.1101308 0.821893 0.6051388 0.821893 0.6425487 0.01520421 0.07272094 0.01520421 0.1101308 0.6169826 0.4462197 0.7207865 0.6051389 0.7207866 0.6425488 0.9966038 0.4462168 0.9955924 0.6174023 0.9955924 0.6425488 0.9106959 0.6425487 0.9966045 0.5311133 0.8257993 0.6425488 0.3872508 0.1140371 0.3872508 0.1514469 0.01407442 0.07272094 0.01407442 0.1101308 0.6158528 0.4462197 0.9747147 0.9886494 0.9732258 0.9960938 0.9762963 0.9873528 0.9876373 0.9873528 0.003906628 0.1841438 0.003906255 0.1861889 0.4925266 0.1841438 0.00390625 0.1553533 0.492526 0.1553533 0.00390625 0.1937807 0.2573942 0.5512325 0.3448042 0.5473258 0.589551 0.6338078 0.6157739 0.6338078 0.5982917 0.5512328 0.5982918 0.5861967 0.6157736 0.5512328 0.02138821 0.5988439 0.02138818 0.6338078 0.07383396 0.6338078 0.07383398 0.598844 0.7158308 0.7442824 0.8731681 0.7442826 0.8731682 0.6966712 0.9693187 0.6966712 0.9693187 0.7442824 0.6196802 0.7442824 0.6196802 0.7792462 0.6196802 0.6966712 0.6196802 0.7316351 0.545846 0.5861969 0.5458459 0.551233 0.3622858 0.6338078 0.3622859 0.5988439 0.645221 0.5813996 0.6422185 0.5726585 0.8557228 0.5813996 0.9693189 0.8032263 0.6196803 0.8032263 0.6196803 0.808751 0.9693189 0.808751 0.9693194 0.9483649 0.9693194 0.94737 0.6196802 0.9473699 0.6196802 0.9483649 0.9693189 0.80141 0.9693189 0.7918937 0.6196802 0.7918937 0.6196803 0.8014101 0.9693192 0.8328416 0.9693192 0.8303233 0.6196802 0.8303233 0.6196802 0.8328416 0.9693192 0.8959963 0.9693192 0.8940934 0.6196805 0.8940934 0.6196806 0.8959964 0.9693192 0.9434637 0.6196802 0.9434636 0.969319 0.8210812 0.6196802 0.8210812 0.7115641 0.577029 0.7062281 0.577029 0.969319 0.8171749 0.969319 0.8126572 0.6196802 0.8126574 0.6196803 0.8171749 0.7947156 0.577029 0.7893797 0.577029 0.9693195 0.9677304 0.6196804 0.9677304 0.6196802 0.9960937 0.9693195 0.9960938 0.9693196 0.9738147 0.6196802 0.9738146 0.8587253 0.5726585 0.9693195 0.9699084 0.6196804 0.9699084 0.9693192 0.8888597 0.6196805 0.8888597 0.9693192 0.8901871 0.6196805 0.8901871 0.9693193 0.9207399 0.6196805 0.9207399 0.969319 0.9218913 0.6196802 0.9218912 0.9693189 0.8032263 0.6196803 0.8032263 0.003906278 0.5988439 0.00390625 0.6338078 0.6157737 0.5861966 0.5982918 0.5861967 0.00390625 0.6338078 0.02138818 0.6338078 0.8731682 0.6635421 0.9693188 0.6707336 0.9693188 0.6635428 0.7158308 0.6635435 0.6196803 0.7879872 0.7158309 0.7879872 0.8731682 0.7879874 0.9693189 0.7879872 0.6196802 0.6768328 0.6196802 0.6927646 0.6196802 0.6635428 0.6196802 0.6707336 0.8731682 0.6746407 0.7158308 0.6746409 0.9693187 0.6768329 0.9693187 0.6746405 0.6196803 0.6746405 0.9693189 0.6927646 0.003906344 0.7426056 0.4872817 0.5988439 0.5720691 0.1976872 0.4697998 0.1976873 0.4698 0.5473257 0.00390625 0.5512328 0.003906382 0.5861967 0.03012927 0.5861965 0.03012914 0.5512327 0.00390625 0.646455 0.03012911 0.646455 0.1323986 0.8999431 0.1323985 0.9960937 0.03012927 0.5861965 0.003906382 0.5861967 0.02050081 0.5949376 0.003906427 0.5949376 0.5720693 0.5473256 0.5835433 0.5473255 0.5720692 0.451175 0.5720692 0.2938377 0.5835432 0.1976871 0.5720691 0.1976872 0.6017776 0.197687 0.5851831 0.1976871 0.6196803 0.7403761 0.7158309 0.740376 0.8731681 0.7403761 0.9693189 0.7403761 0.1323985 0.9960937 0.1323985 0.7426057 0.1323985 0.646455 0.03816514 0.08498436 0.6158536 0.5473261 0.6169834 0.5473262 0.6158521 0.3451132 0.6169819 0.3451132 0.6373495 0.361323 0.9106958 0.6174022 0.8257993 0.6174023 0.3974188 0.1101308 0.3974188 0.08498436 0.00390625 0.1263006 0.00390625 0.1514471 0.9966033 0.3613203 0.6056839 0.3451133 0.6056847 0.4462197 0.6056854 0.5473262 0.00390625 0.1101308 0.00390625 0.072721 0.397419 0.1514469 0.3974189 0.1140371 0.8731682 0.6966712 0.8731682 0.7316351 0.7158309 0.7792462 0.7158308 0.7442824 0.7158309 0.7879872 0.8731681 0.7403761  
			<Normals>: 331 0.9805807 0 0.1961161 0 -1 0 -0.9805807 0 0.1961161 -0.9805807 0 0.1961161 0.3366264 0 0.9416383 0 -1 0 0.8573259 0 0.514774 0.3366264 0 0.9416383 -0.8573259 0 0.514774 -0.3366264 0 0.9416383 -0.3366264 0 0.9416383 -0.8573259 0 0.514774 0 0 1 0 0 1 0 0 1 1 0 0 0 0 1 0 0 1 0 1 0 0 0 1 0 0 1 0 0 1 0 0 1 0 0 1 0 0 1 0 0 1 0 0 1 0 0 1 -1 0 0 0 1 0 0 -1 0 1 0 0 0 -1 0 0 -1 0 0 1 0 0 1 0 0 0 -1 0 0 -1 0 0 -1 0 0 -1 0 0 -1 -1 0 0 0 0 -1 0 0 -1 -1 0 0 -1 0 0 1 0 0 1 0 0 0 -0.5809899 0.8139108 0 -0.5809899 0.8139108 -1 0 0 1 0 0 -1 0 0 1 0 0 0 -0.5809899 0.8139108 0 -0.5809899 0.8139108 -1 0 0 -1 0 0 1 0 0 1 0 0 1 0 0 -1 0 0 -1 0 0 1 0 0 0 0.6111139 0.7915426 0 -0.6111139 0.7915426 0 -0.6111139 0.7915426 0 0.6111139 0.7915426 -1 0 0 1 0 0 -1 0 0 1 0 0 -1 0 0 1 0 0 -1 0 0 1 0 0 -1 0 0 1 0 0 1 0 0 -1 0 0 1 0 0 -1 0 0 1 0 0 -1 0 0 1 0 0 -1 0 0 0 0 1 0 0 1 0 0 1 0 0 1 0 0 -1 0 0 -1 0 0 -1 0 0 -1 -1 0 0 1 0 0 0 0 -1 0 0 -1 -1 0 0 -1 0 0 1 0 0 1 0 0 0 0.9238803 -0.3826815 0 0.3826815 -0.9238803 0 0.3826815 -0.9238803 0 0.9238803 -0.3826815 0 0 1 0 0 1 1 0 0 0 0 1 0 0 -1 0 0 -1 0.9284756 -0.2626149 -0.2626149 0 0 -1 0 0 -1 0 0 -1 0 0 -1 1 0 0 -1 0 0 0 0 1 0 0 1 -1 0 0 1 0 0 0 0 -1 0 0 1 0 0 -1 0 -0.1950772 -0.9807879 0 -0.5555732 -0.8314676 -0.6657112 -0.4145702 -0.6204515 -0.6657089 -0.1455752 -0.7318739 0.6657089 -0.1455752 -0.7318739 0.6657112 -0.4145702 -0.6204515 0 -0.5555732 -0.8314676 0 -0.1950772 -0.9807879 0.9014664 -0.4328491 0 0.9241837 -0.3819483 0 0 1 0 0 1 0 0.9506215 -0.3103528 0 0.9241837 -0.3819483 0 0 -0.3174635 0.9482704 0 -0.3727846 0.9279179 -0.9241837 -0.3819483 0 0 1 0 0 1 0 -0.9506215 -0.3103528 0 -0.9241837 -0.3819483 0 0 -0.3174635 0.9482704 0 1 0 0 1 0 0 0 1 0.7071068 -0.7071068 0 0.7071068 -0.7071068 0 0 -1 0 0 0 1 -0.7071068 -0.7071068 0 1 0 0 1 0 0 -1 0 0 -1 0 0 0 0 1 0 -1 0 0 -1 0 0 -1 0 0 -1 0 0.3366264 0 0.9416383 0.8573259 0 0.514774 0.3366264 0 0.9416383 -0.3366264 0 0.9416383 -0.3366264 0 0.9416383 0.9805807 0 0.1961161 -1 0 0 0 0 -1 0.9284756 -0.2626149 -0.2626149 1 0 0 -1 0 0 -1 0 0 -1 0 0 1 0 0 1 0 0 1 0 0 1 0 0 0 -1 0 0 -1 0 0 1 0 0 1 0 0 -1 0 0 -1 0 0 -1 0 0 1 0 0 1 0 -1 0 0 -1 0 0 1 0 0 1 0 0 -1 0 0 -1 0 0 1 0 0 0 -0.9238803 0.3826815 0 -0.9238803 0.3826815 0 -1 0 0 -1 0 0 0 1 0 0.7071068 0.7071068 0 0.7071068 0.7071068 0 0 1 0 -0.7071068 0.7071068 0 -0.3826815 0.9238803 0 -0.3826815 0.9238803 0 -0.7071068 0.7071068 0 0 1 0 -0.5809899 0.8139108 0 -0.5809899 0.8139108 0 0 1 0 0 1 0 -0.6111139 0.7915426 0 -0.6111139 0.7915426 0 0 1 0 0.6111139 0.7915426 0 0.6111139 0.7915426 0 0.6111139 0.7915426 0 0.6111139 0.7915426 -1 0 0 -1 0 0 0 -0.6111139 0.7915426 0 -0.6111139 0.7915426 0 -0.6111139 0.7915426 0 -0.6111139 0.7915426 1 0 0 1 0 0 0 0 1 0 0 1 0 1 0 0 1 0 0 0.7071068 0.7071068 0 0.7071068 0.7071068 1 0 0 0 -0.5809899 0.8139108 0 -0.5809899 0.8139108 0 0 1 0 0 1 0 0.6111139 0.7915426 0 0.6111139 0.7915426 0 0 1 0 0 1 0 -0.3826815 0.9238803 0 -0.3826815 0.9238803 0 -0.9238803 0.3826815 0 -0.9238803 0.3826815 1 0 0 1 0 0 -1 0 0 -1 0 0 1 0 0 1 0 0 0 1 0 0 0.9238803 -0.3826815 0 1 0 0 1 0 0 -1 0 0 -1 0 0 -1 0 0 -1 0 0 0.3826815 -0.9238803 0 0 -1 0 1 0 0 0.9238803 -0.3826815 0 0.9238803 -0.3826815 0 0.9238803 -0.3826815 0 0.3826815 -0.9238803 0 0.9238803 -0.3826815 0 0.9238803 -0.3826815 0 0 -1 0 0 1 1 0 0 0 0 -1 0 0 -1 0 0 -1 -1 0 0 -1 0 0 -0.9284756 -0.2626149 -0.2626149 -1 0 0 0 0 1 0 0 1 0 0 1 0 0 1 -0.9284756 -0.2626149 -0.2626149 -1 0 0 -0.6657089 -0.1455752 -0.7318739 -1 0 0 -0.9284756 -0.2626149 -0.2626149 -0.6657112 -0.4145702 -0.6204515 0 -0.7071068 -0.7071068 0 -0.7071068 -0.7071068 0.6657112 -0.4145702 -0.6204515 0.9284756 -0.2626149 -0.2626149 0 0 -1 0.6657089 -0.1455752 -0.7318739 0 1 0 0 1 0 0 1 0 0 1 0 0 0 1 0 0 1 0 0 1 -0.9014664 -0.4328491 0 0 0 1 0 -0.2300853 0.9731704 0 0 1 0 -0.2300853 0.9731704 0 -0.3727846 0.9279179 0 -1 0 -0.7071068 -0.7071068 0 -0.7071068 -0.7071068 0 -0.7071068 -0.7071068 0 0.7071068 -0.7071068 0 0.7071068 -0.7071068 0 0 0 1 0 0 1 0 0 1 0 0 1 -1 0 0 -1 0 0 1 0 0 1 0 0 0 1 0 0 1 0 0 -1 0 0 -1 0 0 -1 0 0 1 0  
			<Tangents>: 331 8.71473E-09 1 -4.357365E-08 -1 0 0 -8.194481E-09 1 -4.09724E-08 -8.71473E-09 1 -4.357365E-08 1.35195E-08 1 -4.833088E-09 -1 0 0 1.963846E-08 1 -3.270669E-08 1.35195E-08 1 -4.833088E-09 -1.955046E-08 1 -3.256014E-08 -1.35195E-08 1 -4.833088E-09 -1.35195E-08 1 -4.833088E-09 -1.873479E-08 1 -3.12017E-08 -1 0 0 -0.03152055 0.9995031 0 -1 0 0 0 1 -4.967059E-08 -1 0 0 -1 0 0 -1 0 0 -0.02964509 0.9995605 0 -1 0 0 -1 0 0 -1 0 0 -1 0 0 -1 0 0 -1 0 0 -1 0 0 -1 0 0 0 1 -1.270199E-07 1 0 0 -1 0 0 0 1 -2.705991E-08 -1 0 0 -1 0 0 -1 0 0 -1 0 0 -1 0 0 -1 0 0 -1 0 0 -1 0 0 -1 0 0 0 1 -4.410628E-08 -1 0 0 -1 0 0 0 1 0 0 1 0 0 1 0.0001761569 0 1 0 -1 -1.127418E-07 -8.047788E-08 -1 -1.127418E-07 -8.047788E-08 0 1 0.0001611199 0 0.9999999 0.0005388055 0 1 0 0 1 0 -1 -1.127418E-07 -8.047788E-08 -1 -1.127418E-07 -8.047788E-08 0 0.9999958 0.002890591 0 0.9999996 0.0008550879 0 0.9903889 0.1383109 0 0.9999958 0.002890589 0 1 0 0 1 0 0 1 0 0 1 0 -1 1.153284E-07 -8.903981E-08 -1 -1.153284E-07 -8.903981E-08 -1 -1.153284E-07 -8.903982E-08 -1 1.153284E-07 -8.90398E-08 0 1 0 0 1 0 0 1 0 0 1 0 0 0.9999996 0.0009319501 0 1 0 0 1 0 0 1 0 0 1 0 0 1 0 0 1 0 0 1 0 0 1 0 0 1 0 0 1 0 0 1 0 0 0.9999992 0.001276762 0 0.9999894 0.004588198 -1 0 0 -1 0 0 -1 0 0 -1 0 0 -1 0 0 -1 0 0 -1 0 0 -1 0 0 0 1 0 0 1 0 -1 0 0 -1 0 0 0 1 -0.0002193466 0 0.9999647 -0.008408347 0 0.9999647 -0.008408347 0 1 -0.0002193466 -1 0 0 -1 0 0 -1 0 0 -0.9999946 0.001250546 0.003019102 -0.03059395 0.9995319 0 -0.03253032 0.9994708 0 0 1 -5.478866E-08 -0.03059433 0.9995319 0 -1 0 0 -1 0 0 0.2527012 0.9649007 -0.07147536 -1 0 0 -1 0 0 -1 0 0 -1 0 0 0 1 0 0 1 -4.586597E-08 -1 0 0 -1 0 0 0 1 -4.586597E-08 0 1 -4.586597E-08 -1 0 0 -1 0 0 -1 0 0 -1 1.670762E-10 -3.323122E-11 -1 1.063842E-09 -7.108423E-10 -0.3032734 0.9100173 -0.2826548 -0.7462116 0.1298703 0.6529181 0.09795386 0.9893472 -0.1076902 0.3032733 0.9100173 -0.2826549 -1 0 0 -1 0 0 -0.4328491 -0.9014663 -0.0003376115 -0.3819483 -0.9241837 2.248936E-08 -1 0 0 -1 0 0 -0.3103474 -0.9506051 -0.005862793 -0.3819463 -0.9241787 -0.003276367 -1 -2.183586E-09 -7.310252E-10 -1 -5.307105E-09 -2.132093E-09 -0.3819483 0.9241837 -2.248936E-08 -1 0 0 -1 0 0 -0.3103482 0.9506074 0.005432349 -0.3819465 0.9241793 0.003082641 -1 0 0 -1 0 0 -1 0 0 -1 0 0 -0.7071068 -0.7071068 0 -0.7071068 -0.7071068 0 -1 0 0 -1 0 0 -0.7071068 0.7071068 -1.771959E-08 0 -1 0 0 -1 0 0 1 0 0 1 0 -1 0 0 -1 0 0 -1 0 0 -1 0 0 -1 0 0 1.35195E-08 1 -4.833088E-09 1.882309E-08 1 -3.134875E-08 1.35195E-08 1 -4.833088E-09 -1.322483E-08 1 -4.727748E-09 -1.35195E-08 1 -4.833088E-09 8.207169E-09 1 -4.103585E-08 0 1 -4.410628E-08 -1 0 0 0.2527011 0.9649007 -0.07147538 0 1 -7.899285E-08 0 1 -4.223894E-08 0 1 -7.610913E-08 0 1 -7.450579E-08 0 1 -4.866303E-08 0 1 -6.845539E-08 0 1 -3.581532E-08 0 1 -3.496063E-08 -1 0 0 -1 0 0 -1 0 0 1 0 0 -1 0 0 1 0 0 1 0 0 -1 0 0 -1 0 0 0 1 -5.355229E-08 0 1 -4.923015E-08 0 1 -4.362217E-08 0 1 -4.410628E-08 0 0.9992694 0.03821733 0 0.9999504 0.009958322 0 0.9985324 0.05415683 1 0 0 1 0 0 1 0 0 1 0 0 -1 0 0 -1 1.192091E-07 -1.192091E-07 -1 1.192091E-07 -1.192091E-07 -1 0 0 -1 -3.24332E-08 -3.243321E-08 -1 1.745831E-08 7.231439E-09 -1 2.018277E-07 8.359931E-08 -1 7.099704E-08 7.099703E-08 -1 0 0 -1 -1.127418E-07 -8.047788E-08 -1 -1.127418E-07 -8.047788E-08 -1 0 0 -1 -1.408507E-07 0 -1 -1.153284E-07 -8.903982E-08 -1 -2.100096E-07 -1.621388E-07 -1 2.230335E-07 0 -1 1.153284E-07 -8.90398E-08 -1 1.153284E-07 -8.903981E-08 -1 1.153284E-07 -8.903981E-08 -1 1.153284E-07 -8.903982E-08 0 1 0 0 1 0 1 0 0 1 0 0 1 0 0 1 0 0 0 1 0 0 1 0 -1 0 0 -1 0 0 -1 0 -2.384181E-07 -1 0 -2.384181E-07 -1 1.192091E-07 -1.192091E-07 -1 1.192091E-07 -1.192091E-07 0 0.9999784 0.006573068 -1 -1.127418E-07 -8.047788E-08 -1 -1.127418E-07 -8.047788E-08 -1 0 0 -1 0 0 -1 1.153284E-07 -8.903981E-08 -1 1.153284E-07 -8.903981E-08 -1 -1.147001E-07 0 -1 2.641236E-07 0 -1 1.466222E-07 6.073257E-08 -1 1.745831E-08 7.231439E-09 -1 1.062032E-08 2.563991E-08 -1 -6.683573E-08 -1.613566E-07 0 1 -9.649746E-08 0 1 -1.490116E-07 0 1 -2.537126E-08 0 1 -7.832623E-05 0 1 -2.537126E-08 0 1 -7.832623E-05 -0.9999943 0 0.003361442 -0.9999999 0.00014035 0.0003388368 -1 0 0 -1 0 0 1 0 0 1 0 0 -1 0 0 -1 0 0 -1 0 0 -1 0 0 -1 0 0 -1 0 0 -1 0 0 -1 0 0 -1 0 0 -1 0 0 -1 0 0 -1 0 0 -0.02964249 0.9995606 0 0 1 -4.586597E-08 -1 0 0 -1 0 0 -1 0 0 0 1 -7.00189E-08 0 1 -9.934117E-08 -0.2527011 0.9649007 -0.07147537 0 1 -5.068745E-08 -0.03155524 0.999502 0 -0.03253488 0.9994706 0 -0.03082844 0.9995247 0 -0.03277979 0.9994626 0 -0.2527012 0.9649007 -0.07147536 0 1 -2.122311E-08 -0.09795406 0.9893472 -0.10769 0 1 0 -0.3713932 0.6565315 0.6565314 -0.7462096 0.369848 0.5535195 -1 0 0 -1 0 0 -0.7462096 -0.3698479 -0.5535195 -0.3713932 -0.6565315 -0.6565315 -1 0 0 -0.7462116 -0.1298703 -0.6529181 -1 0 0 -1 0 0 1 0 0 1 0 0 -1 0 0 -0.03082674 0.9995248 0 -0.03276902 0.999463 0 -0.4328491 0.9014663 0.0003376117 -1 0 0 -1 -2.276202E-09 -5.381603E-10 -1 0 0 -1 0 0 -1 0 0 -1 0 -1.406324E-09 -0.7071068 0.7071068 -2.169727E-08 -0.7071068 0.7071068 -3.076412E-08 -0.7071068 0.7071068 -3.076412E-08 -0.7071068 -0.7071068 3.076412E-08 -0.7071068 -0.7071068 3.076412E-08 -1 0 0 -1 0 0 -1 0 0 -1 0 0 0 1 0 0 1 0 0 -1 0 0 -1 0 1 0 0 1 0 0 1 0 0 1 0 0 -1 0 0 -1 0 0  
			<BiTangents>: 331 0.1961161 -4.443658E-08 -0.9805807 0 0 1 0.1961161 4.178382E-08 0.9805807 0.1961161 4.443658E-08 0.9805807 0.9416383 -1.435742E-08 -0.3366264 0 0 1 0.514774 -3.814966E-08 -0.8573259 0.9416383 -1.435742E-08 -0.3366264 0.514774 3.797873E-08 0.8573259 0.9416383 1.435742E-08 0.3366264 0.9416383 1.435742E-08 0.3366264 0.514774 3.639421E-08 0.8573259 0 1 0 0.9995031 0.03152055 0 0 1 0 0 4.967059E-08 1 0 1 0 0 1 0 0 0 -1 0.9995605 0.02964509 0 0 1 0 0 1 0 0 1 0 0 1 0 0 1 0 0 1 0 0 1 0 0 1 0 0 1.270199E-07 1 0 0 -1 0 0 -1 0 2.705991E-08 1 0 0 -1 0 0 -1 0 0 -1 0 0 -1 0 1 0 0 1 0 0 1 0 0 1 0 0 1 0 0 4.410628E-08 1 0 1 0 0 1 0 0 0 1 0 0 1 0 -0.0001761569 1 0 0 1 -1.385186E-07 0.8139107 0.5809898 -1.385186E-07 0.8139107 0.5809898 0 -0.0001611199 1 0 -0.0005388055 0.9999999 0 0 1 0 0 1 -1.385186E-07 0.8139107 0.5809898 -1.385186E-07 0.8139107 0.5809898 0 -0.002890591 0.9999958 0 -0.0008550879 0.9999996 0 -0.1383109 0.9903889 0 -0.002890589 0.9999958 0 0 1 0 0 1 0 0 1 0 0 1 1.457008E-07 0.7915426 -0.6111139 -1.457008E-07 0.7915426 0.6111139 -1.457008E-07 0.7915426 0.6111139 1.457008E-07 0.7915426 -0.6111139 0 0 1 0 0 1 0 0 1 0 0 1 0 -0.0009319501 0.9999996 0 0 1 0 0 1 0 0 1 0 0 1 0 0 1 0 0 1 0 0 1 0 0 1 0 0 1 0 0 1 0 0 1 0 -0.001276762 0.9999992 0 -0.004588198 0.9999894 0 1 0 0 1 0 0 1 0 0 1 0 0 1 0 0 1 0 0 1 0 0 1 0 0 0 1 0 0 1 0 1 0 0 1 0 0 0.0002193466 1 0 0.008408347 0.9999647 0 0.008408347 0.9999647 0 0.0002193466 1 0 -0.3826815 -0.9238803 0 0.9238803 0.3826815 0 0.9238803 0.3826815 -0.00326785 -0.3826795 -0.9238754 0.9995319 0.03059395 0 0.9994708 0.03253032 0 0 5.478866E-08 1 0.9995319 0.03059433 0 0 1 0 0 1 0 0.2721678 4.083414E-08 0.9622498 0 1 0 0 1 0 0 1 0 0 1 0 0 0 1 0 4.586597E-08 1 0 1 0 0 1 0 0 4.586597E-08 1 0 4.586597E-08 1 0 1 0 0 1 0 0 1 0 1.703489E-10 0.9807879 -0.1950772 1.279476E-09 0.8314676 -0.5555732 -0.6818019 6.267711E-08 0.7315368 -8.709529E-09 0.9807862 -0.1950857 0.7397544 4.362944E-07 0.6728769 0.6818019 1.010077E-07 0.7315368 0 0.8314676 -0.5555732 0 0.9807879 -0.1950772 -0.0001461349 -0.0003043455 0.9999999 8.589774E-09 2.07843E-08 1 0 0 -1 0 0 -1 -0.001819534 -0.005573297 0.9999828 -0.001251403 -0.003027965 0.9999946 -2.302704E-09 0.9482705 0.3174636 -5.719369E-09 0.9279179 0.3727846 -8.589774E-09 2.07843E-08 1 0 0 -1 0 0 -1 0.001685945 -0.005164107 0.9999853 0.00117741 -0.002848927 0.9999952 0 0.9482705 0.3174636 0 0 -1 0 0 -1 0 1 0 0 0 1 0 0 1 0 0 1 0 1 0 -1.252964E-08 1.252964E-08 1 0 0 1 0 0 1 0 0 1 0 0 1 0 1 0 0 0 1 0 0 1 0 0 1 0 0 1 0.9416383 -1.435742E-08 -0.3366264 0.514774 -3.656573E-08 -0.8573259 0.9416383 -1.435742E-08 -0.3366264 0.9416383 1.40445E-08 0.3366264 0.9416383 1.435742E-08 0.3366264 0.1961161 -4.184852E-08 -0.9805807 0 4.410628E-08 1 0 1 0 0.2721678 6.249604E-08 0.9622498 0 7.899285E-08 1 0 4.223894E-08 1 0 7.610913E-08 1 0 7.450579E-08 1 0 4.866303E-08 1 0 6.845539E-08 1 0 3.581532E-08 1 0 3.496063E-08 1 0 0 -1 0 0 -1 0 0 -1 0 0 -1 0 0 -1 0 0 -1 0 0 -1 0 0 -1 0 0 -1 0 5.355229E-08 1 0 4.923015E-08 1 0 4.362217E-08 1 0 4.410628E-08 1 0 -0.03821733 0.9992694 0 -0.009958322 0.9999504 0 -0.05415683 0.9985324 0 0.3826815 0.9238803 0 0.3826815 0.9238803 0 0 1 0 0 1 0 1 0 1.685871E-07 0.7071068 -0.7071068 1.685871E-07 0.7071068 -0.7071068 0 1 0 -4.586748E-08 0.7071068 0.7071068 1.889672E-08 0.9238803 0.3826815 2.184566E-07 0.9238803 0.3826815 1.00405E-07 0.7071068 0.7071068 0 1 0 -1.385186E-07 0.8139107 0.5809898 -1.385186E-07 0.8139107 0.5809898 0 1 0 -1.408507E-07 1 0 -1.457008E-07 0.7915426 0.6111139 -2.653168E-07 0.7915426 0.6111139 2.230335E-07 1 0 1.457008E-07 0.7915426 -0.6111139 1.457008E-07 0.7915426 -0.6111139 1.457008E-07 0.7915426 -0.6111139 1.457008E-07 0.7915426 -0.6111139 0 0 1 0 0 1 0 0.7915426 0.6111139 0 0.7915426 0.6111139 0 0.7915426 0.6111139 0 0.7915426 0.6111139 0 0 1 0 0 1 0 1 0 0 1 0 2.384181E-07 0 -1 2.384181E-07 0 -1 1.685871E-07 0.7071068 -0.7071068 1.685871E-07 0.7071068 -0.7071068 0 -0.006573068 0.9999784 -1.385186E-07 0.8139107 0.5809898 -1.385186E-07 0.8139107 0.5809898 0 1 0 0 1 0 1.457008E-07 0.7915426 -0.6111139 1.457008E-07 0.7915426 -0.6111139 -1.147001E-07 1 0 2.641236E-07 1 0 1.587026E-07 0.9238803 0.3826815 1.889672E-08 0.9238803 0.3826815 2.775241E-08 0.3826815 0.9238803 -1.74651E-07 0.3826815 0.9238803 0 9.649746E-08 1 0 1.490116E-07 1 0 2.537126E-08 1 0 7.832623E-05 1 0 2.537126E-08 1 0 7.832623E-05 1 -0.003361442 0 -0.9999943 -0.000366754 -0.3826815 -0.9238803 0 0 -1 0 0 -1 0 0 -1 0 0 -1 0 0 -1 0 0 -1 0 0.9238803 0.3826815 0 1 0 0 0 -1 0 -0.3826815 -0.9238803 0 0.3826815 0.9238803 0 0.3826815 0.9238803 0 0.9238803 0.3826815 0 0.3826815 0.9238803 0 0.3826815 0.9238803 0 1 0 0.9995606 0.02964249 0 0 4.586597E-08 1 0 1 0 0 1 0 0 1 0 0 7.00189E-08 1 0 9.934117E-08 1 -0.2721678 5.557835E-08 0.9622498 0 5.068745E-08 1 0.999502 0.03155524 0 0.9994706 0.03253488 0 0.9995247 0.03082844 0 0.9994626 0.03277979 0 -0.2721678 4.083414E-08 0.9622498 0 2.122311E-08 1 -0.7397544 1.546557E-07 0.672877 0 0 1 3.130613E-08 0.7071067 -0.7071068 1.316255E-08 0.831471 -0.5555682 0 0.7071068 -0.7071068 0 0.7071068 -0.7071068 5.328344E-09 0.831471 -0.5555682 0 0.7071068 -0.7071068 0 1 0 8.709529E-09 0.9807862 -0.1950857 0 0 -1 0 0 -1 0 0 -1 0 0 -1 0 1 0 0.9995248 0.03082674 0 0.999463 0.03276902 0 0.000146135 -0.0003043457 0.9999999 0 1 0 -2.338955E-09 0.9731705 0.2300854 0 1 0 0 0.9731705 0.2300854 0 0.9279179 0.3727846 -1.406324E-09 0 1 -1.534229E-08 1.534229E-08 1 -2.175352E-08 2.175352E-08 1 -2.175352E-08 2.175352E-08 1 2.175352E-08 2.175352E-08 1 2.175352E-08 2.175352E-08 1 0 1 0 0 1 0 0 1 0 0 1 0 0 0 1 0 0 1 0 0 1 0 0 1 0 0 -1 0 0 -1 0 0 -1 0 0 -1 0 0 -1 0 0 -1  
			<SubMeshes>: 1
				<SubMesh>: 0 846 2 3 8 2 8 11 10 9 4 10 4 7 161 162 1 1 5 161 5 163 161 5 164 163 165 166 6 165 6 167 168 11 8 168 8 169 6 166 170 6 170 0 88 17 14 88 14 87 86 12 16 86 16 89 31 112 131 131 130 31 130 117 31 88 89 16 88 16 17 106 19 13 106 13 107 119 120 27 119 27 26 25 20 23 25 23 24 27 22 21 27 21 26 92 38 37 92 37 91 90 36 39 90 39 93 118 121 41 118 41 171 104 103 97 104 97 96 126 114 115 126 115 133 129 116 114 129 114 126 36 172 40 36 40 39 38 43 42 38 42 37 108 173 174 108 174 15 175 176 28 175 28 177 178 179 180 178 180 181 182 32 33 182 33 183 18 34 35 18 35 184 325 326 29 325 29 185 183 33 30 183 30 186 187 188 327 187 327 328 189 190 34 189 34 18 171 41 191 171 191 192 181 180 193 181 193 194 43 38 39 43 39 40 27 24 23 27 23 22 120 124 24 120 24 27 49 55 54 49 54 48 72 50 195 195 196 72 196 74 72 50 45 57 57 85 50 85 56 50 56 83 50 83 81 50 81 61 50 61 62 50 62 79 50 79 76 50 76 195 50 47 53 71 47 71 69 84 58 46 46 51 84 51 59 84 51 82 59 51 80 82 51 60 80 51 63 60 51 78 63 51 77 78 51 197 77 44 68 70 44 70 52 198 199 200 198 200 201 202 203 204 202 204 205 206 207 208 206 208 209 210 211 212 210 212 213 214 215 216 214 216 217 218 67 64 218 64 219 65 220 221 65 221 66 61 222 223 61 223 62 224 225 226 224 226 227 63 228 229 63 229 60 71 75 73 71 73 69 72 74 70 72 70 68 230 202 205 230 205 231 232 233 234 232 234 235 236 197 51 51 73 236 73 75 236 237 230 231 237 231 238 239 210 213 239 213 240 241 239 240 241 240 242 243 214 217 243 217 244 245 243 244 245 244 246 247 206 209 247 209 248 249 250 179 249 179 178 192 191 176 192 176 175 39 38 92 39 92 93 98 94 251 251 252 98 252 99 98 253 95 101 101 254 253 101 100 254 22 23 89 22 89 88 20 86 89 20 89 23 22 88 87 22 87 21 255 105 256 255 256 257 258 102 105 258 105 255 188 259 260 188 260 327 33 261 262 33 262 30 32 329 261 32 261 33 97 103 263 97 263 264 265 266 102 265 102 258 104 267 268 104 268 103 267 104 269 267 269 270 271 263 103 271 103 268 272 269 104 272 104 96 273 19 106 273 106 109 274 122 173 274 173 108 123 113 275 123 275 276 277 111 110 277 110 125 278 279 280 278 280 281 282 273 109 282 109 283 284 106 107 284 107 285 125 110 113 125 113 123 128 286 287 287 288 128 287 289 288 290 291 127 290 127 292 293 132 294 293 294 295 133 115 296 133 296 297 190 298 299 190 299 34 326 300 301 326 301 29 34 299 330 34 330 35 40 125 123 40 123 43 24 124 302 24 302 25 172 277 125 172 125 40 43 123 276 43 276 42 194 193 122 194 122 274 109 106 284 109 284 303 281 280 121 281 121 118 283 109 303 283 303 304 297 294 132 297 132 133 126 127 291 126 291 129 133 132 127 133 127 126 292 127 132 292 132 293 139 138 134 139 134 135 141 154 150 141 150 140 157 156 138 157 138 139 146 142 305 146 305 145 159 146 145 159 145 158 306 307 147 306 147 160 143 148 149 143 149 144 308 160 147 308 147 309 309 147 140 309 140 310 136 137 149 136 149 148 307 141 140 307 140 147 311 153 152 311 152 151 311 312 155 311 155 153 142 313 314 142 314 305 134 315 316 134 316 135 140 150 317 140 317 310 318 319 160 318 160 308 320 306 160 320 160 319 321 159 158 321 158 322 323 324 156 323 156 157  
		</Mesh>
		<Materials>: 1
			<Material>: 0
				<AlbedoColor>: 1 1 1 1
				<EmissiveColor>: 0 0 0 0
				<Glossiness>: 0.04
				<Metallic>: 0
				<SpecularHighlight>: 1
				<GlossyReflection>: 1
				<AlbedoMap>: BLD_Villa1_A
				<MetallicMap>: BLD_Villa1_MS
				<NormalMap>: BLD_Villa1_N
				<EmissionMap>: null
				<DetailAlbedoMap>: DET_Concrete1_A
				<DetailNormalMap>: DET_Concrete1_N
		</Materials>
		<Children>: 0
	</Frame>
</Hierarchy>
