<Hierarchy>:
	<Frame>: 0 5 Villa2_Base_Mid_B
		<Transform>: 0 0 0 0 0 0 1 1 1 0 0 0 1  
		<TransformMatrix>: 1 0 0 0 0 1 0 0 0 0 1 0 0 0 0 1  
		<BoxCollider>: 1 1.999999 2 0.04999983 4.000002 4 0.7  
		<Mesh>: 87 Villa2_Base_Mid_B
			<Bounds>: 1.999999 2 0.04999983 2.000001 2 0.35
			<Positions>: 87 3.999998 3.5 0.2999998 3.999998 3.6 0.2999998 -2.324581E-06 3.5 0.2999998 -2.324581E-06 3.6 0.2999998 3.999998 3.515394 0.3499999 3.999998 3.584606 0.3499999 -2.324581E-06 3.515394 0.3499999 -2.324581E-06 3.584606 0.3499999 3.999998 4 -0.3000002 3.999998 -1.311342E-08 -0.3 3.999998 1.311342E-08 0.3 -1.907349E-06 1.311342E-08 0.3 -1.907349E-06 4 -0.3000002 -1.907349E-06 -1.311342E-08 -0.3 0 3.7 -0.3000002 4 3.7 -0.3000002 0 3.7 0.2999999 4 3.7 0.2999999 3.999998 4 0.3999999 -1.907349E-06 4 0.3999999 -8.223845E-17 3.8 0.3999998 4 3.8 0.3999998 -1.759365E-06 3.976724 -0.3000002 3.999998 3.976724 -0.3000002 0.02327405 3.976724 -0.3000002 3.999998 3.984483 0.3999999 -1.759365E-06 3.984483 0.3999999 -1.884556E-06 0.04421473 0.3 -1.884556E-06 0.04421441 -0.3 3.999998 0.04421479 0.3 3.999998 0.04421473 -0.3 3.978665 3.6 0.2999998 3.978665 3.5 0.2999998 3.978665 3.584606 0.3499999 3.978665 3.515394 0.3499999 0.03422356 3.6 0.2999998 0.03422356 3.584606 0.3499999 0.03422356 3.5 0.2999998 0.03422356 3.515394 0.3499999 3.978665 3.515394 0.3499999 3.999998 3.515394 0.3499999 3.999998 3.584606 0.3499999 3.999998 3.515394 0.3499999 3.999998 3.5 0.2999998 -1.907349E-06 4 -0.3000002 3.999998 3.976724 -0.3000002 3.999998 3.984483 0.3999999 -1.907349E-06 4 0.3999999 -1.759365E-06 3.984483 0.3999999 -1.759365E-06 3.976724 -0.3000002 4 3.7 0.2999999 4 3.8 0.3999998 -8.223845E-17 3.8 0.3999998 0 3.7 0.2999999 -1.884556E-06 0.04421441 -0.3 0 3.7 -0.3000002 4 3.7 -0.3000002 3.999998 0.04421473 -0.3 3.999998 4 -0.3000002 -1.907349E-06 4 -0.3000002 -1.907349E-06 4 0.3999999 3.999998 4 0.3999999 3.999998 -1.311342E-08 -0.3 -1.907349E-06 -1.311342E-08 -0.3 3.999998 1.311342E-08 0.3 3.999998 -1.311342E-08 -0.3 3.999998 1.311342E-08 0.3 3.999998 0.04421479 0.3 -1.884556E-06 0.04421473 0.3 -1.907349E-06 1.311342E-08 0.3 -1.907349E-06 -1.311342E-08 -0.3 -1.907349E-06 1.311342E-08 0.3 -2.324581E-06 3.6 0.2999998 -2.324581E-06 3.584606 0.3499999 3.999998 3.584606 0.3499999 3.999998 3.6 0.2999998 3.978665 3.584606 0.3499999 0.03422356 3.584606 0.3499999 0.03422356 3.515394 0.3499999 -2.324581E-06 3.515394 0.3499999 -2.324581E-06 3.5 0.2999998 -2.324581E-06 3.584606 0.3499999 -2.324581E-06 3.515394 0.3499999 3.999998 4 -0.3000002 3.999998 4 0.3999999 0 3.7 0.2999999 4 3.7 0.2999999  
			<Colors>: 0  
			<TextureCoords0>: 87 0.2004395 0.824707 0 1 0 1 0 1 0.2004395 0.8237305 0.2004395 0.8205566 0 1 0 1 0.2006836 0.7998047 0 1 0 1 0 1 0.7543945 0.8984375 0 1 0.7299805 0.8984375 0.7299805 0.8984375 0.7299805 0.8491211 0.7299805 0.8491211 0.2006836 0.7998047 0.7543945 0.8408203 0.7382813 0.8408203 0.7382813 0.8408203 0.7524414 0.8984375 0.7524414 0.8984375 0.3989721 0.8009791 0.753418 0.8408203 0.753418 0.8408203 0.4301758 0.8491211 0.4301758 0.8984375 0.4301758 0.8491211 0.4301758 0.8984375 0.201502 0.8198242 0.201502 0.824707 0.201502 0.8205566 0.2015019 0.8237305 0.3979536 0.8198242 0.3979536 0.8205566 0.3979536 0.824707 0.3979536 0.8237305 0.2015019 0.8237305 0.2004395 0.8237305 0 1 0 1 0 1 0.4001465 0.7998047 0.2006836 0.8009791 0.2006836 0.8006002 0.4001465 0.7998047 0.4001465 0.8006002 0.4001465 0.8009791 0.2006836 0.8149414 0.2006836 0.8100586 0.4001465 0.8100586 0.4001465 0.8149414 0.4001465 0.9970649 0.4001465 0.8149414 0.2006836 0.8149414 0.2006836 0.9970649 0.2006836 0.7641602 0.4003906 0.7641602 0.4003906 0.7998047 0.2006836 0.7998047 0.2006836 0.9992676 0.4001465 0.9992676 0.4267578 0.8491211 0.4267578 0.8984375 0.2006836 0.9992676 0.2006836 0.9970649 0.4001465 0.9970649 0.4001465 0.9992676 0.4267578 0.8984375 0.4267578 0.8491211 0.3996582 0.8198242 0.3996582 0.8205566 0.2004395 0.8205566 0.2004395 0.8198242 0.201502 0.8205566 0.3979536 0.8205566 0.3979536 0.8237305 0.3996582 0.8237305 0.3996582 0.824707 0.3996582 0.8205566 0.3996582 0.8237305 0.7543945 0.8984375 0.7543945 0.8408203 0.4001465 0.8149414 0.2006836 0.8149414  
			<TextureCoords1>: 87 0.9890691 0.6283582 0.5131705 0.6080605 0.5131705 0.618068 0.500968 0.618068 0.989069 0.6219743 0.9890695 0.9773577 0.511292 0.6119667 0.5028465 0.6119667 0.4920071 0.01598477 0.9890692 0.8841275 0.9890692 0.8109124 0.500968 0.8109124 0.500968 0.7176822 0.500968 0.8841275 0.5375755 0.7176822 0.9524616 0.8070061 0.5375755 0.644467 0.9524617 0.733791 0.00390625 0.5079927 0.500968 0.6322646 0.525373 0.6322645 0.9646642 0.7215884 0.5038082 0.7176822 0.9862289 0.8070061 0.489167 0.5012459 0.9871757 0.7215884 0.5028615 0.6322645 0.9836738 0.644467 0.9836738 0.7176821 0.5063633 0.7337909 0.5063633 0.8070061 0.5035712 0.9960938 0.9864659 0.6283582 0.9864663 0.9773576 0.9864658 0.6219743 0.9848928 0.9960936 0.9848931 0.9897096 0.5051445 0.6283581 0.5051444 0.9858034 0.986466 0.9858031 0.9890692 0.9858032 0.511292 0.6019592 0.5028465 0.6019592 0.500968 0.6080605 0.4920072 0.5040861 0.4891669 0.01598477 0.005799744 0.5079927 0.00390625 0.9960934 0.005799744 0.9960938 0.489167 0.504086 0.04556827 0.5079925 0.0283113 0.5079927 0.0283113 0.9960938 0.04556827 0.9960936 0.00930166 0.5040861 0.4553996 0.5040858 0.4553995 0.01598454 0.009301567 0.01598489 0.500968 0.9734514 0.9890692 0.9734514 0.9890692 0.8880337 0.500968 0.8880337 0.00390625 0.01598489 0.003906371 0.5040861 0.500968 0.7337909 0.500968 0.807006 0.4970617 0.5079923 0.4916664 0.5079924 0.4916664 0.9960934 0.4970617 0.9960933 0.9890691 0.7176821 0.9890691 0.644467 0.9890692 0.9960938 0.9890695 0.9897099 0.5009683 0.9897097 0.500968 0.9960936 0.5035715 0.9897099 0.5051447 0.9773579 0.5051444 0.6219742 0.500968 0.6219743 0.500968 0.6283582 0.5009683 0.9773577 0.500968 0.9858032 0.9890692 0.8070061 0.9890692 0.7215884 0.04556827 0.9960936 0.04556827 0.5079925  
			<Normals>: 87 0.629364 -0.7427117 0.2286488 0.629364 0.7427117 0.2286488 -0.629364 -0.7427117 0.2286488 -0.629364 0.7427117 0.2286488 0.5946985 -0.4775656 0.6467339 0.5946985 0.4775656 0.6467339 -0.5946985 -0.4775656 0.6467339 -0.5946985 0.4775656 0.6467339 0 0.7071068 -0.7071068 0 -0.7071068 -0.7071068 0 -0.7071068 0.7071068 0 -0.7071068 0.7071068 -1 0 0 0 -0.7071068 -0.7071068 -1 0 0 1 0 0 -1 0 0 1 0 0 0 0.7071068 0.7071068 -1 0 0 -1 0 0 1 0 0 -1 0 0 1 0 0 0 0 -1 1 0 0 -1 0 0 -1 0 0 -1 0 0 1 0 0 1 0 0 0 0.9557334 0.2942338 0 -0.9557334 0.2942338 0 0.5940211 0.8044494 0 -0.5940211 0.8044494 0 0.9557334 0.2942338 0 0.5940211 0.8044494 0 -0.9557334 0.2942338 0 -0.5940211 0.8044494 0 -0.5940211 0.8044494 0.5946985 -0.4775656 0.6467339 0.5946985 0.4775656 0.6467339 0.5946985 -0.4775656 0.6467339 0.629364 -0.7427117 0.2286488 0 0.7071068 -0.7071068 0 0 -1 0 0 1 0 0.7071068 0.7071068 0 0 1 0 0 -1 0 -0.7071068 0.7071068 0 -0.3826815 0.9238803 0 -0.3826815 0.9238803 0 -0.7071068 0.7071068 0 0 -1 0 0 -1 0 0 -1 0 0 -1 0 0.7071068 -0.7071068 0 0.7071068 -0.7071068 0 0.7071068 0.7071068 0 0.7071068 0.7071068 0 -0.7071068 -0.7071068 0 -0.7071068 -0.7071068 1 0 0 1 0 0 0 -0.7071068 0.7071068 0 0 1 0 0 1 0 -0.7071068 0.7071068 -1 0 0 -1 0 0 -0.629364 0.7427117 0.2286488 -0.5946985 0.4775656 0.6467339 0.5946985 0.4775656 0.6467339 0.629364 0.7427117 0.2286488 0 0.5940211 0.8044494 0 0.5940211 0.8044494 0 -0.5940211 0.8044494 -0.5946985 -0.4775656 0.6467339 -0.629364 -0.7427117 0.2286488 -0.5946985 0.4775656 0.6467339 -0.5946985 -0.4775656 0.6467339 1 0 0 1 0 0 0 0 1 0 0 1  
			<Tangents>: 87 -0.7771107 -0.601505 0.1851773 -0.1478192 -0.1744412 0.973509 0.1478192 0.1744412 0.973509 0.1478192 -0.1744412 0.973509 -0.8039488 -0.3532657 0.4784033 -0.8039488 0.3532657 0.4784033 -0.3232515 0.8785961 0.3515357 0.3232515 0.8785961 -0.3515357 -1 0 0 1 0 0 1 0 0 1 0 0 0 1 0 1 0 0 0 1 -5.222428E-08 0 1 -2.292208E-05 0 0.9999999 -0.0003116666 0 0.9999999 -0.0003948316 -1 0 0 0 1 0 0 0.9999973 -0.002348633 0 0.9999991 -0.001357489 0 0.9999999 -0.0004198035 0 1 -8.727179E-08 -1 0 0 0 1 0 0 1 1.514286E-07 0 1 -4.113576E-08 0 1 -4.030103E-08 0 1 -4.836124E-08 0 1 -4.66918E-08 -1 0 0 -1 0 0 -1 0 0 -1 0 0 -1 0 0 -1 0 0 -1 0 0 -1 0 0 -1 0 0 -0.8039488 -0.3532657 0.4784033 -0.3232515 0.8785961 -0.3515357 0.3232515 0.8785961 0.3515357 -0.1478192 0.1744412 0.973509 -1 0 0 -1 0 0 -1 0 0 -1 0 0 -1 0 0 -1 0 0 -1 0 0 -1 0 0 -1 0 0 -1 1.924798E-08 1.924797E-08 -1 -1.467173E-08 0 -1 0 0 -1 -1.546901E-08 0 -1 -3.149474E-08 0 -1 0 0 -1 0 0 -1 0 0 -1 0 0 -1 -1.56365E-08 1.56365E-08 -1 0 0 0 1 0 0 1 0 -1 1.140026E-08 1.140026E-08 -1 3.510329E-08 0 -1 7.388651E-08 0 -1 0 0 0 1 0 0 1 0 -0.7771107 -0.601505 -0.1851773 -0.8039488 -0.3532657 -0.4784033 -0.8039488 0.3532657 0.4784033 -0.7771107 0.601505 0.1851773 -1 0 0 -1 0 0 -1 0 0 -0.8039488 0.3532657 -0.4784033 -0.7771107 0.601505 -0.1851773 -0.8039488 -0.3532657 -0.4784033 -0.8039488 0.3532657 -0.4784033 0 1 0 0 1 0 -1 3.849595E-08 0 -1 0 0  
			<BiTangents>: 87 -3.877952E-09 0.2942294 0.9557348 0.7629223 -0.6464902 -2.828094E-10 0.7629223 -0.6464902 2.828094E-10 0.7629223 0.6464902 2.828094E-10 -5.696688E-10 0.8044467 0.5940249 5.696688E-10 0.8044467 -0.5940249 0.7360992 -1.186196E-08 0.6768736 0.7360992 1.186196E-08 0.6768736 0 0.7071068 0.7071068 0 0.7071068 -0.7071068 0 0.7071068 0.7071068 0 0.7071068 0.7071068 0 0 1 0 0.7071068 -0.7071068 0 5.222428E-08 1 0 2.292208E-05 1 0 0.0003116666 0.9999999 0 0.0003948316 0.9999999 0 0.7071068 -0.7071068 0 0 1 0 0.002348633 0.9999973 0 0.001357489 0.9999991 0 0.0004198035 0.9999999 0 8.727179E-08 1 0 1 0 0 0 1 0 -1.514286E-07 1 0 4.113576E-08 1 0 4.030103E-08 1 0 4.836124E-08 1 0 4.66918E-08 1 0 0.2942339 -0.9557335 0 0.2942339 0.9557335 0 0.8044494 -0.5940211 0 0.8044494 0.5940211 0 0.2942339 -0.9557335 0 0.8044494 -0.5940211 0 0.2942339 0.9557335 0 0.8044494 0.5940211 0 0.8044494 0.5940211 -5.696688E-10 0.8044467 0.5940249 0.7360992 -1.186196E-08 -0.6768736 0.7360992 1.186196E-08 -0.6768736 0.7629223 0.6464902 -2.828094E-10 0 0.7071068 0.7071068 0 1 0 0 1 0 0 0.7071068 -0.7071068 0 1 0 0 1 0 0 0.7071068 0.7071068 0 0.9238803 0.3826815 0 0.9238803 0.3826815 2.722075E-08 0.7071068 0.7071068 -1.467173E-08 1 0 0 1 0 -1.546901E-08 1 0 -3.149474E-08 1 0 0 -0.7071068 -0.7071068 0 -0.7071068 -0.7071068 0 0.7071068 -0.7071068 0 0.7071068 -0.7071068 -2.211335E-08 0.7071068 -0.7071068 0 0.7071068 -0.7071068 0 0 1 0 0 1 1.61224E-08 0.7071068 0.7071068 3.510329E-08 1 0 7.388651E-08 1 0 0 0.7071068 0.7071068 0 0 1 0 0 1 -3.877952E-09 0.2942294 -0.9557348 -5.696688E-10 0.8044467 -0.5940249 5.696688E-10 0.8044467 -0.5940249 3.877952E-09 0.2942294 -0.9557348 0 0.8044494 -0.5940211 0 0.8044494 -0.5940211 0 0.8044494 0.5940211 5.696688E-10 0.8044467 0.5940249 3.877952E-09 0.2942294 0.9557348 -5.696688E-10 0.8044467 -0.5940249 5.696688E-10 0.8044467 0.5940249 0 0 1 0 0 1 3.849595E-08 1 0 0 1 0  
			<SubMeshes>: 1
				<SubMesh>: 0 192 34 32 0 34 0 4 33 39 40 33 40 5 3 2 6 3 6 7 41 42 43 41 43 1 12 22 26 12 26 19 22 14 16 16 20 22 20 26 22 10 11 13 10 13 9 14 28 27 14 27 16 17 29 30 17 30 15 21 17 15 15 23 21 23 25 21 24 44 8 24 8 45 46 18 47 46 47 48 49 44 24 50 51 52 50 52 53 54 55 56 54 56 57 58 59 60 58 60 61 62 63 54 62 54 57 51 46 48 51 48 52 29 64 65 29 65 30 66 67 68 66 68 69 28 70 71 28 71 27 36 35 72 36 72 73 74 75 31 74 31 76 77 38 39 77 39 33 78 37 32 78 32 34 79 80 37 79 37 78 81 82 38 81 38 77 76 31 35 76 35 36 83 84 25 83 25 23 55 49 24 24 56 55 24 45 56 85 68 67 85 67 86  
		</Mesh>
		<Materials>: 1
			<Material>: 0
				<AlbedoColor>: 1 1 1 1
				<EmissiveColor>: 0 0 0 0
				<Glossiness>: 0.04
				<Metallic>: 0
				<SpecularHighlight>: 1
				<GlossyReflection>: 1
				<AlbedoMap>: BLD_Villa2_A
				<MetallicMap>: BLD_Villa2_MS
				<NormalMap>: BLD_Villa2_N
				<EmissionMap>: null
				<DetailAlbedoMap>: DET_Concrete1_A
				<DetailNormalMap>: DET_Concrete1_N
		</Materials>
		<Children>: 0
	</Frame>
</Hierarchy>
