<Hierarchy>:
	<Frame>: 0 5 Villa2_Deco_RoofPiece_B
		<Transform>: 0 0 0 0 0 0 1 1 1 0 0 0 1  
		<TransformMatrix>: 1 0 0 0 0 1 0 0 0 0 1 0 0 0 0 1  
		<BoxCollider>: 1 2.09645 1.578413 -0.00374651 4.207027 3.773498 16.48  
		<Mesh>: 322 Villa2_Deco_RoofPiece_B
			<Bounds>: 2.09645 1.578413 -0.00374651 2.103513 1.886749 8.24
			<Positions>: 322 4.05259 0.192852 7.996253 4.05259 0.192851 -8.003747 0.09996423 0.192852 7.996253 0.09996423 0.192851 -8.003747 4.05259 -0.307149 -8.003747 0.09996423 -0.3071481 7.996253 4.05259 1.785432 4.014804 0.09996423 1.785432 4.014802 0.09996423 0.1928517 4.014804 4.05259 0.1928517 4.014804 4.05259 3.385555 -0.02198806 4.05259 0.1928515 -0.02198697 0.09996423 3.385555 -0.02198806 0.09996423 0.1928515 -0.02198793 0.09996423 -0.3071485 -0.0219879 4.05259 1.795595 -3.996887 0.09996423 1.795595 -3.996887 4.05259 0.1928512 -3.996889 0.09996423 0.1928512 -3.996887 0.1042312 -0.3071404 -8 4.052635 -0.3071401 -4.026087 0.1042312 -0.3071403 -4 4.052635 -0.3071399 -0.02608681 4.052635 -0.3071398 3.973913 0.1042312 -0.30714 4 4.052635 -0.3071397 7.973913 4.043764 -0.09805043 7.566587 4.043764 2.930082 -0.003744167 4.043764 -0.09805043 -7.574075 4.043764 -0.3083363 -7.574075 4.043764 -0.3083363 7.566587 4.043764 0.1928497 7.990038 4.043764 3.443913 -0.003744177 4.043764 0.1928497 -7.994635 4.043764 -0.3083363 7.990038 4.043764 -0.3083363 -7.994635 4.139744 3.21253 -0.003744173 4.139744 0.0473997 7.781422 4.139744 0.0473997 -7.78891 4.139744 -0.3083363 7.781422 4.139744 -0.3083363 -7.78891 3.935905 0.1928497 7.990038 3.935905 3.443913 -0.003744177 3.935905 0.1928497 -7.994635 3.935905 -0.3083363 7.990038 3.935905 -0.3083363 -7.994635 3.899965 3.146063 0.1962533 3.899965 3.346062 0.1962533 3.899965 3.146063 -0.2037466 3.899965 3.346062 -0.2037466 -0.0070633 3.146063 0.1962533 -0.0070633 3.346062 0.1962533 -0.0070633 3.146063 -0.2037466 -0.0070633 3.346062 -0.2037466 4.199964 0.09993178 8.236254 4.199964 3.409931 -0.003746644 4.199964 0.09993106 -8.243747 3.899965 0.09993178 8.236254 3.899965 0.09993106 -8.243747 3.899965 3.409931 -0.003746644 4.199964 -0.03999466 8.139115 4.199964 3.192852 -0.003746648 4.199964 -0.01999527 -8.156609 3.899965 -0.03999466 8.139115 3.899965 -0.01999527 -8.156609 3.899965 3.192852 -0.003746648 3.899965 1.804931 -4.023747 4.199964 1.804931 -4.023747 3.899965 1.636428 -3.980177 4.199964 1.636428 -3.980177 4.199964 1.804932 4.016253 3.899965 1.804932 4.016253 4.199964 1.626429 3.967684 3.899965 1.626429 3.967684 3.999964 0.1928518 8.096253 3.999964 3.392852 -0.003746648 3.999964 0.1928511 -8.103747 -3.567374E-05 0.1928518 8.096253 -3.567374E-05 0.1928511 -8.103747 -3.567374E-05 3.392852 -0.003746648 3.999964 0.1000053 8.059115 3.999964 3.292852 -0.003746648 3.999964 0.1000046 -8.066609 -3.567374E-05 0.1000053 8.059115 -3.567374E-05 0.1000046 -8.066609 -3.567374E-05 3.292852 -0.003746648 3.999964 1.792852 4.046254 -3.567374E-05 1.792852 4.046254 3.999964 1.696429 4.027685 -3.567374E-05 1.696429 4.027685 -3.567374E-05 1.792851 -4.053747 3.999964 1.792851 -4.053747 -3.567374E-05 1.696428 -4.035178 3.999964 1.696428 -4.035178 3.964457 0.1355823 -8.243747 4.135472 0.1355821 -8.243747 4.049964 0.1551612 -8.243747 4.135472 0.1355829 8.236254 3.964457 0.1355831 8.236254 4.049964 0.1551621 8.236254 4.135472 3.445583 -0.003746646 3.964457 3.445583 -0.003746646 4.049964 3.465162 -0.003746647 3.962445 -0.01999527 -8.156609 4.137484 -0.01999527 -8.156609 4.049964 -0.01999527 -8.156609 4.137509 -0.03999466 8.139115 3.96242 -0.03999466 8.139115 4.049964 -0.03999466 8.139115 3.962445 3.192852 -0.003746648 4.137484 3.192852 -0.003746648 4.049964 3.192852 -0.003746648 4.137484 1.636428 -3.980177 3.962445 1.636428 -3.980177 4.049964 1.636428 -3.980177 4.135472 1.840583 -4.023747 3.964457 1.840583 -4.023747 4.049964 1.860162 -4.023747 3.962445 1.626429 3.967684 4.137484 1.626429 3.967684 4.049964 1.626429 3.967684 3.964457 1.840583 4.016253 4.135472 1.840583 4.016253 4.049964 1.860162 4.016253 3.899965 3.381294 0.1335425 3.899965 3.381294 -0.1410358 3.899965 3.421335 -0.003746642 3.899965 3.146063 0.1335424 3.899965 3.146063 -0.1410358 3.899965 3.146063 -0.003746656 -0.0070633 3.381294 -0.1410357 -0.0070633 3.381294 0.1335424 -0.0070633 3.421335 -0.003746642 -0.0070633 3.146063 -0.1410357 -0.0070633 3.146063 0.1335424 -0.0070633 3.146063 -0.003746648 0.09996423 1.785432 4.014802 0.09996423 0.1928517 4.014804 4.05259 1.785432 4.014804 4.05259 0.1928517 4.014804 0.09996423 0.192852 7.996253 4.05259 0.192852 7.996253 4.05259 0.192851 -8.003747 0.09996423 0.192851 -8.003747 0.1042312 -0.3071404 -8 4.05259 -0.307149 -8.003747 4.052635 -0.3071397 7.973913 0.1042312 -0.30714 4 0.09996423 -0.3071481 7.996253 4.052635 -0.3071398 3.973913 4.043764 -0.3083363 -7.994635 4.043764 0.1928497 -7.994635 4.043764 0.1928497 7.990038 4.043764 -0.3083363 7.990038 4.043764 0.1928497 -7.994635 3.935905 0.1928497 -7.994635 4.043764 3.443913 -0.003744177 3.935905 0.1928497 7.990038 4.043764 0.1928497 7.990038 -0.0070633 3.346062 -0.2037466 -0.0070633 3.146063 -0.2037466 -0.0070633 3.346062 0.1962533 3.899965 3.346062 0.1962533 3.899965 3.346062 0.1962533 3.899965 3.146063 0.1962533 3.899965 3.381294 0.1335425 -0.0070633 3.381294 -0.1410357 3.899965 3.346062 -0.2037466 -0.0070633 3.346062 -0.2037466 -0.0070633 3.381294 0.1335424 -0.0070633 3.146063 0.1962533 -0.0070633 3.346062 0.1962533 3.899965 1.804931 -4.023747 3.899965 1.636428 -3.980177 3.899965 3.192852 -0.003746648 3.899965 3.409931 -0.003746644 3.899965 0.09993178 8.236254 3.964457 0.1355831 8.236254 4.199964 -0.01999527 -8.156609 4.199964 0.09993106 -8.243747 3.899965 1.804932 4.016253 3.899965 -0.03999466 8.139115 3.899965 0.09993178 8.236254 4.199964 -0.01999527 -8.156609 4.199964 1.636428 -3.980177 4.137484 -0.01999527 -8.156609 4.199964 1.804932 4.016253 4.199964 3.409931 -0.003746644 3.899965 -0.03999466 8.139115 3.899965 1.626429 3.967684 3.96242 -0.03999466 8.139115 3.999964 1.792852 4.046254 3.999964 1.696429 4.027685 3.999964 3.292852 -0.003746648 -3.567374E-05 1.792851 -4.053747 -3.567374E-05 1.696428 -4.035178 -3.567374E-05 3.292852 -0.003746648 3.999964 0.1928511 -8.103747 -3.567374E-05 0.1928511 -8.103747 -3.567374E-05 0.1928518 8.096253 3.999964 0.1928518 8.096253 3.999964 1.792851 -4.053747 3.999964 1.696428 -4.035178 3.999964 0.1000046 -8.066609 3.999964 0.1928511 -8.103747 -3.567374E-05 1.792852 4.046254 -3.567374E-05 1.696429 4.027685 -3.567374E-05 0.1000053 8.059115 -3.567374E-05 0.1928518 8.096253 3.999964 0.1928518 8.096253 3.999964 0.1000053 8.059115 -3.567374E-05 0.1000053 8.059115 3.999964 0.1000053 8.059115 -3.567374E-05 3.392852 -0.003746648 -3.567374E-05 1.792852 4.046254 3.999964 1.792852 4.046254 3.999964 3.392852 -0.003746648 3.999964 3.392852 -0.003746648 3.999964 3.292852 -0.003746648 -3.567374E-05 0.1928511 -8.103747 -3.567374E-05 0.1000046 -8.066609 3.999964 0.1000046 -8.066609 -3.567374E-05 0.1000046 -8.066609 3.999964 1.792851 -4.053747 -3.567374E-05 1.792851 -4.053747 4.199964 1.804931 -4.023747 3.899965 1.626429 3.967684 3.899965 3.192852 -0.003746648 3.962445 3.192852 -0.003746648 3.962445 1.626429 3.967684 3.962445 1.636428 -3.980177 3.899965 1.636428 -3.980177 3.899965 -0.01999527 -8.156609 4.199964 1.626429 3.967684 4.199964 -0.03999466 8.139115 4.199964 0.09993178 8.236254 3.899965 0.09993106 -8.243747 4.199964 1.636428 -3.980177 4.199964 3.192852 -0.003746648 4.137484 1.636428 -3.980177 4.137484 1.626429 3.967684 4.137484 3.192852 -0.003746648 4.199964 3.192852 -0.003746648 4.199964 1.626429 3.967684 4.135472 0.1355829 8.236254 4.137509 -0.03999466 8.139115 4.199964 -0.03999466 8.139115 4.199964 0.09993178 8.236254 3.964457 0.1355823 -8.243747 3.962445 -0.01999527 -8.156609 3.899965 -0.01999527 -8.156609 3.899965 0.09993106 -8.243747 4.049964 -0.03999466 8.139115 4.049964 -0.01999527 -8.156609 4.049964 0.1551621 8.236254 4.049964 0.1551612 -8.243747 4.135472 0.1355821 -8.243747 4.199964 0.09993106 -8.243747 -0.0070633 3.421335 -0.003746642 3.899965 3.381294 -0.1410358 3.899965 3.421335 -0.003746642 3.899965 3.421335 -0.003746642 3.899965 3.146063 -0.003746656 3.899965 3.146063 -0.2037466 3.899965 3.346062 -0.2037466 4.043764 3.443913 -0.003744177 4.139744 3.21253 -0.003744173 4.043764 2.930082 -0.003744167 4.043764 3.443913 -0.003744177 3.935905 3.443913 -0.003744177 4.199964 3.409931 -0.003746644 4.199964 3.192852 -0.003746648 4.199964 1.636428 -3.980177 4.199964 1.804931 -4.023747 3.899965 1.636428 -3.980177 3.899965 1.804931 -4.023747 3.899965 3.409931 -0.003746644 3.899965 3.192852 -0.003746648 3.899965 1.626429 3.967684 3.899965 1.804932 4.016253 4.199964 1.626429 3.967684 4.199964 1.804932 4.016253 3.899965 3.409931 -0.003746644 3.899965 1.804932 4.016253 3.964457 1.840583 4.016253 3.964457 3.445583 -0.003746646 -3.567374E-05 3.292852 -0.003746648 3.999964 3.292852 -0.003746648 -3.567374E-05 3.392852 -0.003746648 -3.567374E-05 3.292852 -0.003746648 -3.567374E-05 1.696429 4.027685 -3.567374E-05 1.792852 4.046254 -3.567374E-05 1.696429 4.027685 3.999964 1.696429 4.027685 -3.567374E-05 1.696428 -4.035178 -3.567374E-05 1.792851 -4.053747 3.999964 1.696428 -4.035178 -3.567374E-05 1.696428 -4.035178 3.999964 3.392852 -0.003746648 -3.567374E-05 3.392852 -0.003746648 4.199964 3.409931 -0.003746644 4.135472 3.445583 -0.003746646 4.135472 1.840583 4.016253 4.199964 1.804932 4.016253 3.964457 1.840583 -4.023747 3.899965 1.804931 -4.023747 4.137509 -0.03999466 8.139115 4.049964 1.626429 3.967684 4.049964 -0.03999466 8.139115 3.962445 1.626429 3.967684 4.049964 3.465162 -0.003746647 3.962445 -0.01999527 -8.156609 4.049964 1.636428 -3.980177 4.049964 -0.01999527 -8.156609 4.137484 1.636428 -3.980177 4.049964 1.626429 3.967684 4.049964 1.636428 -3.980177 4.049964 3.192852 -0.003746648 4.049964 1.860162 4.016253 4.049964 1.860162 -4.023747 4.135472 1.840583 -4.023747 4.199964 1.804931 -4.023747  
			<Colors>: 0  
			<TextureCoords0>: 322 0.4165039 0.9780273 0.9174805 0.9780273 0.4165039 0.9780273 0.9174805 0.9780273 0.3745117 0.6948242 0.5683594 0.6948242 0.5398765 0.9287264 0.5411673 0.9282106 0.5411672 0.9780273 0.5398765 0.9780273 0.6675633 0.8781579 0.6675633 0.9780273 0.6675633 0.8781579 0.6675633 0.9780273 0.6675633 0.9936523 0.7920215 0.9278927 0.7920215 0.9278927 0.7920216 0.9780273 0.7920215 0.9780273 0.5683594 0.6948242 0.7920216 0.9936523 0.7920215 0.9936523 0.6675633 0.9936523 0.5398765 0.9936523 0.5411672 0.9936523 0.3745117 0.6948242 0.5336914 0.7993164 0.8793945 0.7993164 0.5332031 0.7993164 0.5185547 0.7993164 0.5195313 0.7993164 0.5336914 0.8203125 0.8793945 0.8203125 0.5332031 0.8203125 0.5195313 0.8203125 0.5185547 0.8203125 0.8793945 0.8100586 0.5336914 0.8100586 0.5332031 0.8100586 0.5195313 0.8100586 0.5185547 0.8100586 0.4165039 0.9780273 0.6669922 0.8779297 0.9174805 0.9780273 0.4165039 0.9936523 0.9174805 0.9936523 0.4155273 0.6210938 0.4155273 0.625 0.4155273 0.6201172 0.4155273 0.6152344 0.5234375 0.6210938 0.5234375 0.625 0.5234375 0.6201172 0.5234375 0.6152344 0.4042969 0.640625 0.4042969 0.640625 0.4487305 0.6293945 0.4013672 0.6147461 0.4018555 0.6577148 0.4013672 0.6147461 0.4042969 0.6489258 0.4042969 0.6489258 0.4545898 0.6293945 0.4462891 0.6293945 0.4018555 0.6499023 1 0 0.5546875 0.6147461 0.5981445 0.640625 1 1 0.5981445 0.6489258 0.5981445 0.640625 0.5546875 0.6147461 0.5981445 0.6489258 0.5888672 0.6499023 0.4165039 0.5996094 1 1 0.4165039 0.5996094 0.4165039 0.4350586 0.4165039 0.4350586 0.4091797 0.6367188 0.4052734 0.6435547 0.4165039 0.4382324 0.4052734 0.6347656 0.5732422 0.6435547 0.5732422 0.6347656 0.4165039 0.6123047 0.5776367 0.5996094 0.5776367 0.4350586 0.5908203 0.4382324 0.5908203 0.6123047 0.5776367 0.4350586 0.5776367 0.5996094 0.5908203 0.6123047 0.5908203 0.4382324 0.4013672 0.6176758 0.4472656 0.6323242 0.4462891 0.6362305 0.4013672 0.6235352 0.4013672 0.6176758 0.4365234 0.6362305 0.4013672 0.6235352 0.4013672 0.6176758 0.4013672 0.6201172 0.7917317 1 0.4545898 0.6323242 0.5 0.5 0.7918155 1 0.4462891 0.6323242 0.5 0.5 0.791732 0 0.2082671 0 0.5 0 0.2082671 0 0.791732 1 0.5 0.5 0.5546875 0.6235352 0.5546875 0.6176758 0.5546875 0.6201172 0.2082683 0 0.7917329 0 0.5 0.5 0.5546875 0.6176758 0.5546875 0.6235352 0.5546875 0.6201172 0.4155273 0.623469 0.4155273 0.6167654 0.4155273 0.6201172 0.3135545 0 0.6864456 0 0 0 0.4511719 0.6450195 0.5234375 0.623469 0.5234375 0.6201172 0.4511719 0.6552734 0.4389648 0.6552734 0.4458008 0.6552734 0.5398765 0.9287264 0.5398765 0.9780273 0.5411673 0.9282106 0.5411672 0.9780273 0.5683594 0.6743164 0.3745117 0.6743164 0.3745117 0.6743164 0.5683594 0.6743164 0.9174805 0.9936523 0.9174805 0.9936523 0.4165039 0.9936523 0.5398765 0.9936523 0.4165039 0.9936523 0.5411672 0.9936523 0.9174805 0.9936523 0.9174805 0.9780273 0.4165039 0.9780273 0.4165039 0.9936523 0.9174805 0.9780273 0.9174805 0.9780273 0.6669922 0.8779297 0.4165039 0.9780273 0.4165039 0.9780273 0.4536133 0.6464844 0.4536133 0.6552734 0.5234375 0.625 0.4155273 0.625 0 1 0 0 0.3135547 1 0.5234375 0.6167654 0.4155273 0.6152344 0.5234375 0.6152344 0.4389648 0.6450195 0.4365234 0.6552734 0.4365234 0.6464844 0.5888672 0.6577148 0.5888672 0.6499023 0.4018555 0.6499023 0.4018555 0.6577148 0.4379883 0.6293945 0.4375 0.6323242 0.4042969 0.6489258 0.4042969 0.640625 0.5888672 0.6577148 0.4018555 0.6499023 0.4018555 0.6577148 0 1 0 0 0.2082671 1 0.5546875 0.6254883 0.4013672 0.6254883 0 1 0 0 0.2081857 1 0.5 1 0.5 0 1 0 0.5791016 0.6367188 0.5791016 0.6313477 0.4091797 0.6313477 0.4052734 0.6391602 0.5732422 0.6391602 0.5732422 0.6391602 0.4052734 0.6391602 0.5 1 0.5 0 1 0 1 1 0.5791016 0.6367188 0.5791016 0.6313477 0.4091797 0.6313477 0.4091797 0.6367188 0 1 0 0 0.4165039 0.6123047 0.4165039 0.4382324 0.5776367 0.4350586 0.4165039 0.4350586 0.4165039 0.5996094 0.5776367 0.5996094 0 1 0 0 0.4091797 0.6367188 0.4091797 0.6313477 0.4165039 0.4382324 0.4165039 0.6123047 0.4165039 0.5996094 0.4165039 0.4350586 0.5546875 0.6254883 0 1 0 0 0.208268 0 0.208268 1 0.7917316 0 1 0 1 1 1 0 1 1 0.4013672 0.6254883 0.4013672 0.6147461 0 1 0 0 0.2082671 1 0.7917329 1 0.7917329 0 1 0 1 1 0.4375 0.6396484 0.4462891 0.640625 0.4462891 0.6435547 0.4379883 0.6435547 0.4472656 0.6396484 0.4545898 0.640625 0.4545898 0.6435547 0.4487305 0.6435547 0.4462891 0.6362305 0.4545898 0.6362305 0.4013672 0.6201172 0.4013672 0.6201172 0.4013672 0.6235352 0.4013672 0.6254883 0.4458008 0.6435547 0.6864453 1 0 0.8659635 1 0.8659635 1 0 1 0 1 1 0.8793945 0.8203125 0.8793945 0.8100586 0.8793945 0.7993164 0.6669922 0.8779297 0.6669922 0.8779297 0.4042969 0.640625 0.4042969 0.6489258 0.5981445 0.6489258 0.5981445 0.640625 0.5888672 0.6499023 0.5888672 0.6577148 0.4018555 0.6577148 0.4018555 0.6499023 0.5888672 0.6499023 0.5888672 0.6577148 0.5981445 0.6489258 0.5981445 0.640625 0.4013672 0.6147461 0.5546875 0.6147461 0.5546875 0.6176758 0.4013672 0.6176758 0.4165039 0.6123047 0.4165039 0.4382324 0.4091797 0.6367188 0.4091797 0.6313477 0.5791016 0.6313477 0.5791016 0.6367188 0.5908203 0.6123047 0.5908203 0.4382324 0.5791016 0.6313477 0.5791016 0.6367188 0.5908203 0.4382324 0.5908203 0.6123047 0.5776367 0.5996094 0.5776367 0.4350586 0.4013672 0.6254883 0.4013672 0.6235352 0.5546875 0.6235352 0.5546875 0.6254883 0.5546875 0.6176758 0.5546875 0.6147461 0.7918155 1 0.5 0.5 0.5 0.5 0.2082683 0 0.4013672 0.6201172 0.7917317 1 0.5 0.5 0.5 0.5 0.2082671 0 0.5 0.5 0.5 0.5 0.5 0 0.5546875 0.6201172 0.5546875 0.6201172 0.5546875 0.6235352 0.5546875 0.6254883  
			<TextureCoords1>: 322 0.5023818 0.4785482 0.9890972 0.4785482 0.4906217 0.1574243 0.00390625 0.1574243 0.5376747 0.9500943 0.5376747 0.9692255 0.6234964 0.4301023 0.3695072 0.1089785 0.3695073 0.1574243 0.6234965 0.4785481 0.7462944 0.3814269 0.7462944 0.478548 0.2467093 0.06030321 0.2467093 0.1574243 0.2467093 0.1726341 0.8672097 0.4297931 0.1257939 0.1086693 0.8672098 0.4785481 0.1257939 0.1574243 0.6577827 0.9500945 0.868098 0.4937577 0.1256993 0.1726345 0.7464192 0.4937577 0.6247403 0.4937577 0.369057 0.1726344 0.6579157 0.9692255 0.01868637 0.4873894 0.2512363 0.4013736 0.4837647 0.4873884 0.484476 0.493758 0.01798412 0.4937553 0.005595438 0.4770201 0.2512369 0.3846882 0.4967671 0.4770201 0.00390625 0.4921975 0.4984755 0.4921859 0.2512353 0.3923188 0.01205568 0.4822071 0.4903972 0.4821943 0.01086096 0.4929695 0.4916062 0.4929597 0.9398559 0.9960938 0.2663348 0.7180412 0.9359497 0.9960938 0.9551018 0.9960938 0.9207037 0.9960938 0.9167975 0.9960938 0.5376747 0.9179014 0.5408955 0.9822593 0.5408955 0.9761754 0.7979468 0.9960938 0.6565254 0.9179014 0.6597462 0.9822593 0.6597461 0.9761754 0.00390625 0.5980458 0.2546881 0.4976643 0.6636524 0.9777504 0.5428701 0.9960026 0.00390625 0.707209 0.2733875 0.995889 0.006855952 0.602306 0.25468 0.5042678 0.6637243 0.9822593 0.6769339 0.9822593 0.006561437 0.7108539 0.2704774 0.9731318 0.1439051 0.9960124 0.3769153 0.546638 0.1405795 0.9731326 0.3755837 0.5517622 0.132341 0.5463378 0.4028698 0.9960938 0.1338118 0.5517696 0.3753172 0.6603175 0.5337684 0.8475466 0.2503059 0.2806145 0.003906254 0.8475466 0.5337684 0.9692255 0.00390625 0.9692255 0.250306 0.1765407 0.7940404 0.9960938 0.2677068 0.7219615 0.5467764 0.9960938 0.6723616 0.9960938 0.6684552 0.9960938 0.2677068 0.8436404 0.4013029 0.8475466 0.4013029 0.9692255 0.1358065 0.7219615 0.1358065 0.8436404 0.1363718 0.9692255 0.1363718 0.8475466 0.399607 0.8436404 0.399607 0.7219615 0.00432157 0.9938641 0.6656847 0.9768046 0.668302 0.9762846 0.5424548 0.9883952 0.5424579 0.9937738 0.6815109 0.9756076 0.2733875 0.9885337 0.2733888 0.9937258 0.2733881 0.9911298 0.00390627 0.9750341 0.6656247 0.9822291 0.003906316 0.9776964 0.5369892 0.9803578 0.6788337 0.9822333 0.5369892 0.9776947 0.2704774 0.9750324 0.2704772 0.9803571 0.2704773 0.9776947 0.1405796 0.9803579 0.1405795 0.9750332 0.1405796 0.9776955 0.1443089 0.9883639 0.1443128 0.9937797 0.1445365 0.9910868 0.4003448 0.9750335 0.4003446 0.9803581 0.4003447 0.9776958 0.4024674 0.9938955 0.4024635 0.9884797 0.4022398 0.9911726 0.5376747 0.9200895 0.5376748 0.9287901 0.5376747 0.9244398 0.9769899 0.9960938 0.9853425 0.9960938 0.9811662 0.9960938 0.9609157 0.9889381 0.6565254 0.9200895 0.6565254 0.9244398 0.9609157 0.9960938 0.9692683 0.9960938 0.9650921 0.9960938 0.3695072 0.1089785 0.3695073 0.1574243 0.6234964 0.4301023 0.6234965 0.4785481 0.5376747 0.9540157 0.6579125 0.9540007 0.5376747 0.9348844 0.6579124 0.9348844 0.004020223 0.1726345 0.9890972 0.493758 0.5030614 0.4937578 0.369057 0.1726344 0.4906218 0.1726341 0.6247403 0.4937577 0.9207037 0.9928127 0.9359497 0.9928127 0.9398559 0.9928127 0.9551018 0.9928127 0.00390625 0.7147743 0.00390625 0.7180552 0.2663348 0.7147602 0.5288447 0.7180442 0.5288447 0.7147632 0.9590081 0.9900098 0.9590081 0.9960938 0.7979468 0.9900098 0.9167974 0.9900098 0.9750822 0.9900098 0.9750823 0.9960938 0.9769899 0.9889381 0.6565254 0.9287901 0.5376748 0.9309782 0.6565254 0.9309782 0.9692683 0.9889381 0.971176 0.9960938 0.971176 0.9900098 0.1322137 0.6551859 0.1335454 0.6603101 0.254449 0.6128157 0.2544409 0.6062123 0.676863 0.9770781 0.6788939 0.9761294 0.5025676 0.602306 0.5052228 0.5986611 0.376788 0.6548858 0.5022731 0.7108539 0.5052228 0.7065938 0.003906261 0.9822593 0.1405796 0.9822584 0.00390625 0.9803587 0.4028712 0.986247 0.2733888 0.9863706 0.5369891 0.9731318 0.4003448 0.9731328 0.5369891 0.9750316 0.1271061 0.329286 0.1276709 0.3322192 0.2503059 0.2836564 0.1271061 0.2252123 0.127671 0.2281455 0.250306 0.1795827 0.5467764 0.9930518 0.6684553 0.9930518 0.6723616 0.9930518 0.7940405 0.9930518 0.3735058 0.329286 0.3729409 0.3322192 0.4955759 0.3807819 0.4967056 0.3779576 0.3735058 0.2252123 0.3729409 0.2281454 0.4955759 0.2767082 0.4967056 0.2738838 0.00390625 0.3779575 0.005035918 0.3807819 0.00390625 0.8436404 0.00390625 0.7219615 0.2688374 0.9692255 0.4013029 0.9692255 0.4013029 0.8475466 0.2688374 0.8475466 0.2503059 0.2806145 0.2503059 0.2836564 0.00390625 0.2738838 0.005035918 0.2767082 0.5315073 0.7219615 0.5315073 0.8436404 0.1363718 0.8475466 0.1363718 0.9692255 0.1439065 0.9861657 0.4003448 0.9731328 0.2704774 0.9731318 0.2704774 0.9750324 0.4003448 0.9750335 0.1405795 0.9750332 0.1405795 0.9731326 0.003906259 0.9731334 0.4003446 0.9822587 0.5369892 0.9822577 0.5428643 0.9861656 0.003912004 0.9960938 0.1405796 0.9822584 0.2704772 0.9822577 0.1405796 0.9803579 0.4003446 0.9803581 0.2704772 0.9803571 0.2704772 0.9822577 0.4003446 0.9822587 0.6841244 0.9761464 0.6841598 0.9822505 0.6860596 0.9822588 0.6861631 0.9770781 0.6709152 0.9768245 0.6709493 0.9822491 0.6728499 0.9822586 0.6729567 0.9777504 0.6814967 0.9822389 0.668287 0.9822357 0.5422307 0.9910845 0.004545656 0.9911748 0.004318497 0.9884856 0.00390625 0.9862567 0.9650921 0.98772 0.9853425 0.9889381 0.9811662 0.98772 0.9811662 0.98772 0.9811662 0.9960938 0.9872501 0.9960938 0.9872501 0.9900098 0.2512369 0.3846882 0.2512353 0.3923188 0.2512363 0.4013736 0.2663348 0.7147602 0.2663348 0.7180412 0.2546881 0.4976643 0.25468 0.5042678 0.3755837 0.5517622 0.3769153 0.546638 0.1335454 0.6603101 0.1322137 0.6551859 0.2544409 0.6062123 0.254449 0.6128157 0.3753172 0.6603175 0.376788 0.6548858 0.1338118 0.5517696 0.132341 0.5463378 0.2733875 0.995889 0.4028698 0.9960938 0.4024674 0.9938955 0.2733888 0.9937258 0.2677068 0.8436404 0.2677068 0.7219615 0.250306 0.1765407 0.250306 0.1795827 0.3729409 0.2281454 0.3735058 0.2252123 0.1358065 0.8436404 0.1358065 0.7219615 0.127671 0.2281455 0.1271061 0.2252123 0.399607 0.7219615 0.399607 0.8436404 0.2688374 0.8475466 0.2688374 0.9692255 0.2733888 0.9863706 0.2733875 0.9885337 0.4024635 0.9884797 0.4028712 0.986247 0.1443128 0.9937797 0.1439051 0.9960124 0.5369892 0.9803578 0.4003447 0.9776958 0.5369892 0.9776947 0.4003448 0.9750335 0.2733881 0.9911298 0.00390627 0.9750341 0.1405796 0.9776955 0.003906316 0.9776964 0.1405796 0.9803579 0.4003447 0.9776958 0.1405796 0.9776955 0.2704773 0.9776947 0.4022398 0.9911726 0.1445365 0.9910868 0.1443089 0.9883639 0.1439065 0.9861657  
			<Normals>: 322 1 6.103702E-05 0 1 3.051944E-05 0 -0.999994 -0.003418157 -0.0004272696 -0.9999766 -0.006836195 0 -0.0004577884 -0.003723346 -0.999993 0.002807764 -0.02230952 0.9997472 1 0 0 -1 0 0 -0.9999979 -0.002105837 0 1 3.051851E-05 0 1 0 0 1 3.051851E-05 0 -1 0 0 -0.9999979 -0.002105837 0 -0.9999911 -0.004242165 0 1 0 0 -1 0 0 1 3.051851E-05 0 -0.999995 -0.003174006 -0.0001220772 -0.0004577884 -0.003723346 -0.999993 1 6.103702E-05 0 -0.9999796 -0.006378433 -0.0002441505 1 6.103702E-05 0 1 6.103702E-05 0 -0.9999911 -0.004242165 0 0.002807764 -0.02230952 0.9997472 0.9433103 -0.1773456 -0.2805607 0.9277483 -0.3461164 0.1395941 0.9433103 -0.1773456 0.2805607 0.9130334 0 0.4078849 0.9130334 0 -0.4078849 0.4900711 0.4870802 0.7228991 0.4724436 0.81643 0.3320228 0.4892225 0.4874219 -0.7232436 0.539452 0 0.8420163 0.5371974 0 -0.8434566 0.9931433 0.1081282 0.0444354 0.9905244 0.07678578 0.1138664 0.9902729 0.07669366 -0.1160934 0.999985 0 0.005493417 0.9999666 0 -0.008179187 0 0.5582237 0.8296905 0 0.9262758 -0.3768461 0 0.5581886 -0.8297141 0 0 1 0 0 -1 0 0 1 0 0.5050622 0.8630829 0 0 -1 0 0.5050622 -0.8630829 0 0 1 0 0.5050622 0.8630829 0 0 -1 0 0.5050622 -0.8630829 0.6216088 0.04315372 0.7821382 0.8089406 0.5878904 0 0.6192316 0.03756895 -0.7843091 -0.6216088 0.04315372 0.7821382 -0.6192309 0.03759943 -0.7843083 -0.8089406 0.5878904 0 0.5483441 -0.7952468 0.2586528 0.7993951 -0.6008053 -0.0007629854 0.5508386 -0.7949607 -0.2541933 -0.5483441 -0.7952468 0.2586528 -0.5508386 -0.7949607 -0.2541933 -0.7993951 -0.6008053 -0.0007629854 -0.8530492 0.4841911 -0.194592 0.8530492 0.4841911 -0.194592 -0.707616 -0.6574121 0.2590156 0.707616 -0.6574121 0.2590156 0.8530492 0.4841911 0.194592 -0.8530492 0.4841911 0.194592 0.70759 -0.6567754 -0.2606959 -0.70759 -0.6567754 -0.2606959 0 0.9300573 0.3674146 1 0 0 0 0.9300573 -0.3674146 0 0.9300573 0.3674146 0 0.9300573 -0.3674146 -1 0 0 0.7078966 -0.2623139 0.6558001 0 -1 0 0.7078966 -0.2623139 -0.6558001 -0.7078825 -0.2623087 0.6558175 -0.7078825 -0.2623087 -0.6558175 0 -1 0 0 0.9300573 0.3674146 0 0.9300573 0.3674146 0 -0.929755 -0.3681787 0 -0.929755 -0.3681787 0 0.9300573 -0.3674146 0 0.9300573 -0.3674146 0 -0.929755 0.3681787 0 -0.929755 0.3681787 -0.2129648 0.3446869 -0.9142412 0.2129648 0.3446869 -0.9142412 0 0.4290425 -0.9032843 0.2131153 0.3472776 0.9132251 -0.2131153 0.3472776 0.9132251 0 0.4298933 0.9028797 0.3464266 0.9380771 0 -0.3464266 0.9380771 0 0 1 0 0.06677626 -0.9436266 -0.3242067 -0.06677626 -0.9436266 -0.3242067 0 -0.9382143 -0.3460546 -0.06601232 -0.9428501 0.326613 0.06601232 -0.9428501 0.326613 0 -0.9382477 0.3459642 0 -0.9999992 -0.001281815 0 -0.9999992 -0.001281815 0 -0.9999992 -0.001281815 0 -0.9303902 0.366571 0 -0.9303902 0.366571 0 -0.9303902 0.366571 0.3350133 0.8743551 -0.3510971 -0.3350133 0.8743551 -0.3510971 0 0.9280002 -0.3725796 0 -0.9294522 -0.3689426 0 -0.9294522 -0.3689426 0 -0.9294522 -0.3689426 -0.3350133 0.8743551 0.3510971 0.3350133 0.8743551 0.3510971 0 0.9280002 0.3725796 0 0.9219097 0.3874047 0 0.9219097 -0.3874047 0 1 0 1 0 0 1 0 0 1 0 0 -1 0 0 0 0.9219097 0.3874047 0 1 0 -1 0 0 -1 0 0 -1 0 0 -1 0 0 -0.9999979 -0.002105837 0 1 0 0 1 3.051851E-05 0 0.002807764 -0.02230952 0.9997472 0.002807764 -0.02230952 0.9997472 -0.0004577884 -0.003723346 -0.999993 -0.0004577884 -0.003723346 -0.999993 -0.9999638 -0.008514876 0 1 3.051944E-05 0 1 6.103702E-05 0 -0.9999911 -0.004242165 0 -0.9999909 -0.004242164 -0.0005188258 1 6.103702E-05 0 0.5371974 0 -0.8434566 0.4892225 0.4874219 -0.7232436 0.4900711 0.4870802 0.7228991 0.539452 0 0.8420163 0.4892225 0.4874219 -0.7232436 0 0.5581886 -0.8297141 0.4720762 0.8165807 -0.3321746 0 0.5582237 0.8296905 0.4900711 0.4870802 0.7228991 -1 0 0 -1 0 0 0 0.5050622 0.8630829 0 0.5050622 0.8630829 1 0 0 1 0 0 1 0 0 0 0.9219097 -0.3874047 0 0.5050622 -0.8630829 0 0.5050622 -0.8630829 -1 0 0 -1 0 0 -1 0 0 -0.8530492 0.4841911 -0.194592 -0.707616 -0.6574121 0.2590156 -0.7993951 -0.6008053 -0.0007629854 -0.8089406 0.5878904 0 -0.6216088 0.04315372 0.7821382 -0.2131153 0.3472776 0.9132251 0.5508386 -0.7949607 -0.2541933 0.6192316 0.03756895 -0.7843091 -0.8530492 0.4841911 0.194592 -0.5483441 -0.7952468 0.2586528 -0.6216088 0.04315372 0.7821382 0.5508386 -0.7949607 -0.2541933 0.707616 -0.6574121 0.2590156 -0.06677626 -0.9436266 -0.3242067 0.8530492 0.4841911 0.194592 0.8089406 0.5878904 0 -0.5483441 -0.7952468 0.2586528 -0.70759 -0.6567754 -0.2606959 0.06601232 -0.9428501 0.326613 1 0 0 1 0 0 1 0 0 -1 0 0 -1 0 0 -1 0 0 0.7061567 -0.2629547 -0.6574173 -0.7061567 -0.2629547 -0.6574173 -0.7061567 -0.2629547 0.6574173 0.7061567 -0.2629547 0.6574173 1 0 0 1 0 0 0.7078966 -0.2623139 -0.6558001 0.7061567 -0.2629547 -0.6574173 -1 0 0 -1 0 0 -0.7078825 -0.2623087 0.6558175 -0.7061567 -0.2629547 0.6574173 0.7061567 -0.2629547 0.6574173 0.7078966 -0.2623139 0.6558001 0 -0.929755 -0.3681787 0 -0.929755 -0.3681787 0 1 0 0 0.9300573 0.3674146 0 0.9300573 0.3674146 0 1 0 1 0 0 1 0 0 -0.7061567 -0.2629547 -0.6574173 -0.7078825 -0.2623087 -0.6558175 0 -0.929755 0.3681787 0 -0.929755 0.3681787 0 0.9300573 -0.3674146 0 0.9300573 -0.3674146 0.8530492 0.4841911 -0.194592 -0.70759 -0.6567754 -0.2606959 -0.7993951 -0.6008053 -0.0007629854 0 -0.9999992 -0.001281815 0 -0.9294522 -0.3689426 0 -0.9303902 0.366571 -0.707616 -0.6574121 0.2590156 -0.5508386 -0.7949607 -0.2541933 0.70759 -0.6567754 -0.2606959 0.5483441 -0.7952468 0.2586528 0.6216088 0.04315372 0.7821382 -0.6192309 0.03759943 -0.7843083 0.707616 -0.6574121 0.2590156 0.7993951 -0.6008053 -0.0007629854 0 -0.9303902 0.366571 0 -0.9294522 -0.3689426 0 -0.9999992 -0.001281815 0.7993951 -0.6008053 -0.0007629854 0.70759 -0.6567754 -0.2606959 0.2131153 0.3472776 0.9132251 -0.06601232 -0.9428501 0.326613 0.5483441 -0.7952468 0.2586528 0.6216088 0.04315372 0.7821382 -0.2129648 0.3446869 -0.9142412 0.06677626 -0.9436266 -0.3242067 -0.5508386 -0.7949607 -0.2541933 -0.6192309 0.03759943 -0.7843083 0 -0.9382477 0.3459642 0 -0.9382143 -0.3460546 0 0.4298933 0.9028797 0 0.4290425 -0.9032843 0.2129648 0.3446869 -0.9142412 0.6192316 0.03756895 -0.7843091 -1 0 0 1 0 0 1 0 0 1 0 0 1 0 0 1 0 0 1 0 0 0.4720762 0.8165807 -0.3321746 0.9930722 0.1086797 -0.04468047 0.9277483 -0.3461164 -0.1395941 0.4724436 0.81643 0.3320228 0 0.9263228 0.3767307 0.8089406 0.5878904 0 0.7993951 -0.6008053 -0.0007629854 0.707616 -0.6574121 0.2590156 0.8530492 0.4841911 -0.194592 -0.707616 -0.6574121 0.2590156 -0.8530492 0.4841911 -0.194592 -0.8089406 0.5878904 0 -0.7993951 -0.6008053 -0.0007629854 -0.70759 -0.6567754 -0.2606959 -0.8530492 0.4841911 0.194592 0.70759 -0.6567754 -0.2606959 0.8530492 0.4841911 0.194592 -0.8089406 0.5878904 0 -0.8530492 0.4841911 0.194592 -0.3350133 0.8743551 0.3510971 -0.3464266 0.9380771 0 0 -1 0 0 -1 0 -1 0 0 -1 0 0 -1 0 0 -1 0 0 0 -0.929755 -0.3681787 0 -0.929755 -0.3681787 -1 0 0 -1 0 0 0 -0.929755 0.3681787 0 -0.929755 0.3681787 0 1 0 0 1 0 0.8089406 0.5878904 0 0.3464266 0.9380771 0 0.3350133 0.8743551 0.3510971 0.8530492 0.4841911 0.194592 -0.3350133 0.8743551 -0.3510971 -0.8530492 0.4841911 -0.194592 -0.06601232 -0.9428501 0.326613 0 -0.9294522 -0.3689426 0 -0.9382477 0.3459642 0 -0.9294522 -0.3689426 0 1 0 0.06677626 -0.9436266 -0.3242067 0 -0.9303902 0.366571 0 -0.9382143 -0.3460546 0 -0.9303902 0.366571 0 -0.9294522 -0.3689426 0 -0.9303902 0.366571 0 -0.9999992 -0.001281815 0 0.9280002 0.3725796 0 0.9280002 -0.3725796 0.3350133 0.8743551 -0.3510971 0.8530492 0.4841911 -0.194592  
			<Tangents>: 322 2.710712E-12 -4.441095E-08 -1 1.815987E-12 -5.950262E-08 -1 0.0004272673 1.400593E-06 -0.9999999 2.491709E-10 -3.644791E-08 -1 -0.9999999 3.675256E-07 0.0004577902 -0.9999961 6.130218E-05 0.002809831 0 -5.988235E-08 -1 0 -0.001807704 -0.9999984 1.257496E-06 -0.0005971466 -0.9999998 1.82752E-12 -5.988235E-08 -1 0 -0.0004830949 -0.9999999 9.594739E-09 -0.0003143908 -0.9999999 0 -0.0001182144 -1 1.065984E-10 -4.58618E-08 -1 -4.491124E-09 1.071943E-06 -1 0 -4.623505E-08 -1 0 -6.466533E-08 -1 7.802504E-12 -2.556335E-07 -1 0.0001220772 1.774474E-07 -1 -0.9999999 1.59787E-06 0.0004577856 7.354106E-11 -1.204502E-06 -1 0.0002441609 -8.351296E-07 -0.9999999 2.659755E-12 -4.35761E-08 -1 3.502571E-12 -5.738438E-08 -1 -6.003427E-10 1.437325E-07 -1 -0.9999961 -5.271055E-05 0.002807287 -0.1770097 0.4462502 -0.8772276 -0.0009884569 0.3717597 0.9283285 -0.1751773 0.4519537 0.8746718 0 1 0 0 1 0 0.2536512 0.7137413 -0.6528663 -8.108948E-06 0.3767201 -0.9263272 0.252822 0.7143941 0.6524738 0 1 0 0 1 0 0.0004286232 0.3767357 -0.9263207 0.07193229 0.416217 -0.9064155 0.07358853 0.4194374 0.9047967 0 1 0 0 1 0 1 0 0 1 0 0 1 0 0 1 0 0 1 0 0 -1 0 0 -1 0 0 -1 0 0 -1 0 0 -1 0 0 -1 6.572209E-09 -3.845952E-09 -1 0 0 -1 0 0 0.6272224 0.5707153 -0.5299774 0.1806825 -0.2486202 0.9515996 0.2996211 -0.9345819 0.1917912 -0.6249856 0.5746053 -0.5284144 -0.6335443 0.566157 0.5273403 -0.1806825 -0.2486202 -0.9515996 0.3474328 -0.06469613 -0.9354704 -0.1820195 -0.243394 0.9526953 -0.3127185 -0.4789645 0.820244 0.3214798 -0.4859942 -0.8126872 -0.3437057 -0.06147323 0.9370632 -0.6008057 0.7993945 0.001015181 0.001011637 -0.3713675 -0.9284854 0.001963839 0.3699213 0.929061 -0.7065972 0.6583599 -0.2593891 0.001132653 0.3676224 0.9299744 -0.00281719 -0.3686242 0.9295743 0.0008185657 0.3741439 -0.9273703 0.001085224 -0.3679216 0.9298562 -0.001101211 0.3699565 -0.9290484 0 0.3674146 -0.9300573 0 0.3674279 -0.930052 0 0.3674146 0.9300573 0 0.3674146 -0.9300573 0 0.3674146 0.9300573 0 -0.367428 -0.930052 -0.7063161 -0.2629009 0.6572676 0 0 -1 -0.7063161 -0.2629009 -0.6572676 -0.7063302 0.2628851 -0.6572587 -0.7063302 0.2628851 0.6572587 0 0 -1 0 0.3674146 -0.9300573 0 0.3674146 -0.9300573 0 -0.3681787 0.929755 0 -0.3681787 0.929755 0 0.3674146 0.9300573 0 0.3674146 0.9300573 0 -0.3681787 -0.929755 0 -0.3681787 -0.929755 -0.2200284 0.894753 0.3885932 0.2547866 -0.9229236 -0.28861 0.006375257 -0.903266 -0.4290338 0.2189773 0.8939416 -0.3910465 -0.2189773 0.8939416 -0.3910465 -0.006056376 -0.9028632 0.4298853 0.1285239 -0.04746314 0.9905699 -0.1285239 -0.04746315 -0.9905699 0 0 1 -0.9976812 -0.0588622 -0.03416799 0.06260311 -0.328254 0.9425127 1 0 0 0.9977326 -0.05806925 0.03402208 -0.06092924 -0.330525 -0.9418285 1 0 0 -1 0 0 -0.9999496 1.287387E-05 -0.01004353 0.9999917 5.23323E-06 -0.004082635 -0.9998496 -0.006356759 -0.01613403 -0.8310087 0.2039085 0.5175382 1 0 0 -0.0006246176 -0.3724239 -0.9280625 0.0006246271 -0.3724239 -0.9280625 0 -0.3725796 -0.9280003 0.9998494 -0.006401909 0.0161279 0.601689 -0.2946857 0.7423818 1 0 0 0.0006731722 0.3728521 -0.9278905 -0.0006246304 -0.3724239 0.9280625 0 -0.3725796 0.9280003 -1 1.07137E-10 -2.549547E-10 -1 5.448625E-09 1.296613E-08 -1 0 7.450241E-09 0 0.1349386 -0.990854 0 0 -1 0 -0.1623108 -0.9867397 0 -0.0425311 -0.9990951 -1 5.448625E-09 -1.296613E-08 -1 0 -7.450175E-09 0 -0.01069737 -0.9999428 0 0 -1 0 0.008097893 -0.9999672 0 -5.988235E-08 -1 1.746903E-10 -9.927361E-08 -1 0 -0.0005027071 -0.9999999 1.662529E-12 -5.447609E-08 -1 -0.9999961 5.136496E-05 0.002809609 -0.9999961 -6.264012E-05 0.002807066 -0.9999999 4.747408E-07 0.0004577898 -0.9999999 1.704505E-06 0.0004577852 1.268769E-10 -1.490008E-08 -1 7.112047E-12 -2.330062E-07 -1 1.819045E-12 -2.980232E-08 -1 1.055074E-08 -2.515945E-06 -1 0.0005188222 1.945724E-06 -0.9999999 2.273806E-12 -3.72529E-08 -1 0 1 0 -0.2730954 0.8731666 0.4037314 -0.2733177 0.8733572 -0.4031682 0 1 0 -0.2730954 0.8731666 0.4037314 1 0 0 0.1662519 0.2875766 0.9432179 1 0 0 -0.2733177 0.8733572 -0.4031682 0 -0.02262284 -0.9997441 0 0 -1 -1 0 0 -1 0 0 0 0.4251885 -0.9051048 0 0 -1 0 0.4680047 -0.883726 -1 1.071374E-10 2.549557E-10 -1 6.572209E-09 3.845952E-09 -1 0 0 0 0.02919983 -0.9995736 0 0.004405562 -0.9999903 0 0.0302528 -0.9995423 0.003946096 -0.3669066 -0.9302495 -0.001117913 -0.3655255 -0.9308007 0.1832187 -0.2425698 -0.9526756 -0.1806825 -0.2486202 -0.9515996 -0.2989786 -0.9359623 -0.1859743 -0.2523125 -0.9225546 0.2919442 0.3473549 -0.05857349 0.9359026 0.6299083 0.5725797 0.5247552 -0.0008788021 0.3715692 -0.9284049 -0.3496705 -0.06292129 -0.9347574 -0.6249856 0.5746053 -0.5284144 -0.8346118 -0.5246692 -0.167766 -0.7065972 -0.6583599 0.2593891 -0.6805695 0.2806879 -0.6767861 -0.001011641 -0.3713675 0.9284854 0.1806825 -0.2486202 0.9515996 0.8362528 -0.5214558 0.1696027 0.7066233 -0.657674 -0.2610526 0.6821372 0.281535 0.6748533 0 0.3678421 -0.9298882 0 0.3677638 -0.9299192 0 0.3674365 -0.9300486 0 -0.3681686 -0.929759 0 -0.3681778 -0.9297554 0 -0.3674366 -0.9300486 -0.7080556 -0.2622495 -0.6556543 -0.7080556 0.2622495 0.6556543 -0.7080556 0.2622495 -0.6556543 -0.7080556 -0.2622495 0.6556543 0 -0.367753 -0.9299235 0 -0.3678525 -0.9298841 -0.7063034 -0.2573286 -0.6594828 -0.7080427 -0.256659 -0.6578766 0 0.3681653 -0.9297603 0 0.3681777 -0.9297554 -0.7063177 0.2573336 -0.6594655 -0.7080427 0.2566589 -0.6578766 0.7080471 0.2577057 -0.6574626 0.7063076 0.2583728 -0.6590698 0 0.3681787 -0.929755 0 0.3681787 -0.929755 0 0 -1 0 0.3674146 -0.9300573 0 0.3674146 -0.9300573 0 0 -1 0 -0.3681639 -0.9297609 0 -0.3681778 -0.9297554 -0.7080471 0.2577056 0.6574627 -0.706322 0.2583779 0.6590524 0 0.3681787 0.929755 0 0.3681787 0.929755 0 0.3674146 0.9300573 0 0.3674146 0.9300573 -0.001011637 -0.3713675 -0.9284854 0.7066233 -0.657674 -0.2610526 0.6008057 -0.7993945 -0.001015181 0.9999495 -1.287677E-05 0.01004564 0.6028069 -0.2943746 0.7415979 -0.6017398 -0.2927774 -0.7430953 -0.7065972 0.6583599 -0.2593891 -0.8346118 0.5246692 0.167766 0.7066233 0.657674 0.2610526 0.8362528 0.5214558 -0.1696027 0.6249856 0.5746053 -0.5284144 -0.6298856 0.5725999 0.5247605 -0.7065972 -0.6583599 0.2593891 -0.6008057 -0.7993945 -0.001015181 -0.6027992 -0.2924843 -0.7423517 0.8310094 0.2052274 -0.5170155 1 0 0 0.6008057 0.7993945 0.001015181 0.7066233 0.657674 0.2610526 0.2123457 -0.9288186 0.3036531 -0.06055814 -0.3229379 -0.9444807 -0.4117185 -0.525948 -0.744222 0.3414759 -0.9135422 -0.2209862 -0.2027008 -0.9309351 -0.3037634 0.07496487 -0.3192685 0.9446946 0.41562 -0.5253899 0.7424456 -0.3494262 -0.9076934 0.2323662 -0.04455616 -0.3456207 -0.9373159 0.04769199 -0.345661 0.9371467 0 0.9028797 -0.4298934 0 0.9032843 0.4290425 0.2200283 0.894753 0.3885932 0.6299083 0.5725797 0.5247552 0 0.01183047 -0.99993 0 -0.3678079 -0.9299018 0 -0.5157608 -0.8567327 0 0.3191465 -0.9477054 0 0 -1 0 -0.08271885 -0.9965729 0 -0.4898016 -0.8718339 7.916618E-05 0.3767649 0.9263089 0.0007106714 0.3746784 0.9271545 0.0009361921 0.376197 -0.9265392 -0.1662958 -0.2873758 0.9432714 1 0 0 0.1775675 -0.2443339 -0.9532947 -0.180022 -0.2383144 -0.9543575 -0.00216432 -0.3685824 -0.9295925 -0.001011637 -0.3713675 -0.9284854 -0.004268945 0.3705384 0.9288073 0.0008186264 0.374144 0.9273703 -0.1787698 -0.2459883 0.9526443 0.1800548 -0.2407812 0.953732 0.0009352574 -0.3698022 0.9291101 0.001011641 -0.3713675 0.9284854 0.003014778 0.3717346 -0.9283341 -0.0008185657 0.3741439 -0.9273703 -0.1806825 -0.2486202 0.9515996 0.001011641 -0.3713675 0.9284854 0.0006246305 -0.3724239 0.9280625 -0.1285239 -0.04746313 0.9905699 0 0 1 0 0 1 0 -0.3681639 0.9297609 0 -0.3681777 0.9297554 0 -0.3674394 0.9300475 0 -0.3674279 0.930052 0 0.3681787 -0.929755 0 0.3681787 -0.929755 0 0.3674378 0.9300481 0 0.367428 0.930052 0 0.3681787 0.929755 0 0.3681787 0.929755 0 0 1 0 0 1 0.1806825 -0.2486202 -0.9515996 0.1285239 -0.04746314 -0.9905699 -0.0006731824 0.3728521 -0.9278905 -0.0008185657 0.3741439 -0.9273703 0.0006732228 0.3728522 0.9278905 0.0008186264 0.374144 0.9273703 0.9978188 -0.06237578 0.02160761 0.04325245 -0.3685974 0.9285824 0.05238443 0.3454891 0.9369595 1 0 0 0 0 -1 0.9977679 0.06315281 0.02169774 -0.04324038 -0.3662281 -0.9295199 -0.05225442 0.3455818 -0.9369326 1 0 0 0.03353327 0.3687351 -0.9289294 -0.03352552 0.3663649 0.9298671 -0.9999917 -5.231982E-06 0.004081726 0 0.3725796 -0.9280003 0 0.3725796 0.9280003 -0.0006732153 0.3728522 0.9278905 -0.0008186264 0.374144 0.9273703  
			<BiTangents>: 322 -6.103702E-05 1 -4.441095E-08 -3.051944E-05 1 -5.950262E-08 -0.003418157 0.9999942 -5.988197E-08 -0.006836195 0.9999766 -3.644877E-08 -1.336988E-06 0.9999931 -0.003723345 0.0001239727 0.9997512 0.02230926 0 1 -5.988235E-08 0 0.9999984 -0.001807704 -0.002105836 0.9999976 -0.0005971479 -3.051851E-05 1 -5.988235E-08 0 0.9999999 -0.0004830949 -3.051851E-05 0.9999999 -0.0003143908 0 1 -0.0001182144 -0.002105837 0.9999977 -4.586191E-08 -0.004242165 0.9999911 1.071953E-06 0 1 -4.623505E-08 0 1 -6.466533E-08 -3.051851E-05 1 -2.556335E-07 -0.003174006 0.999995 -2.100273E-07 -1.066358E-07 0.9999931 -0.003723346 -6.103702E-05 1 -1.204502E-06 -0.006378433 0.9999797 -2.392477E-06 -6.103702E-05 1 -4.35761E-08 -6.103702E-05 1 -5.738438E-08 -0.004242165 0.9999911 1.437338E-07 9.932011E-06 0.9997512 0.02230958 -0.2807728 -0.8771598 -0.3895605 -0.3732052 -0.8613932 0.3445573 -0.2819197 -0.8742347 0.3952656 -0.4078849 0 0.9130334 -0.4078849 0 -0.9130334 0.8339612 -0.5033152 -0.2262355 0.8813609 -0.4376346 -0.1779856 0.834711 -0.5020568 0.2262667 0.8420163 0 -0.539452 0.8434566 0 0.5371974 0.1169018 -0.9199883 -0.3741063 0.1169929 -0.9060173 -0.4067497 0.1180861 -0.9045387 0.4097137 0.005493416 0 -0.9999849 0.008179186 0 0.9999665 0 0.8296905 -0.5582237 0 0.3768461 0.9262759 0 0.8297141 0.5581886 0 1 0 0 1 0 0 -1 0 0 0.8630829 -0.5050623 0 1 0 0 0.8630829 0.5050623 0 -1 0 7.614807E-09 0.8630829 -0.5050623 0 1 0 0 0.8630829 0.5050623 -0.4692487 0.8200133 0.3276947 -0.5594363 0.7697875 0.3073405 0.7257957 0.3537588 0.5899791 -0.4722238 -0.8172922 -0.3302093 -0.4638693 -0.8234394 0.326761 -0.5594363 -0.7697875 0.3073405 0.7606636 0.6028241 0.2408191 0.57257 0.761441 0.3039263 0.7738113 0.3723312 0.5124311 -0.7719907 0.3624805 -0.5221478 0.7605545 -0.6035383 0.2393706 6.989894E-12 -0.001269937 0.9999992 -0.5218295 -0.7922406 0.316305 -0.5218268 0.7929169 -0.3146102 1.074985E-08 0.3665676 0.9303915 0.7065964 0.6577714 -0.2608801 -0.5218229 0.7935208 0.3130905 -0.5218298 -0.7909332 -0.3195595 0.7066223 0.65824 0.2596249 0.7066223 -0.6570984 -0.2625008 -1 0 0 0 -0.930052 -0.3674279 -1 0 0 -1 0 0 -1 0 0 0 -0.930052 0.367428 -8.965451E-09 0.9284797 0.3713832 1 0 0 8.965451E-09 -0.9284797 0.3713832 2.943535E-09 0.9284856 0.3713683 -2.943535E-09 -0.9284856 0.3713683 1 0 0 -1 0 0 -1 0 0 1 0 0 1 0 0 -1 0 0 -1 0 0 1 0 0 1 0 0 -0.951963 -0.2839157 0.11471 0.9432549 0.1714726 0.2843719 0.9999797 0.00575867 0.002735256 -0.9521716 0.2833136 0.1144667 -0.9521716 -0.2833136 -0.1144667 -0.9999816 0.005468179 -0.002603595 -0.929231 0.3431598 0.1370078 -0.929231 -0.3431598 0.1370078 -1 0 0 -0.01315831 -0.3257365 0.945369 0.995802 -0.04264113 -0.08099352 0 -0.3460547 0.9382144 0.01311155 -0.3281183 -0.9445456 -0.9959568 -0.04227201 0.07926586 0 0.3459642 0.9382477 0 -0.001281815 0.9999992 -0.01004354 -0.001281751 0.9999487 -0.004082638 0.001281805 -0.9999908 -0.01734114 0.3665158 0.9302502 0.5562594 0.3046237 0.7731622 0 0.3665709 0.9303901 -0.9422132 0.3111326 -0.1242208 -0.9422132 -0.3111326 0.1242208 -1 0 0 0.01735204 0.3688871 -0.9293122 0.7987304 0.2219887 -0.5592412 0 -0.3689426 0.9294522 -0.9422132 -0.3106193 -0.125499 -0.9422132 0.3111326 0.1242208 -1 0 0 2.765506E-10 0.3874047 -0.9219097 -1.406443E-08 -0.3874047 -0.9219097 -7.450241E-09 0 -1 0 -0.990854 -0.1349386 0 -1 0 0 -0.9867397 0.1623108 0 0.9990951 -0.0425311 1.406443E-08 0.3874047 -0.9219097 7.450175E-09 0 -1 0 0.9999428 -0.01069737 0 1 0 0 0.9999672 0.008097893 0 1 -5.988235E-08 -0.002105837 0.9999977 -9.927376E-08 0 0.9999999 -0.0005027071 -3.051851E-05 1 -5.447609E-08 0.000114033 0.9997512 0.02230929 8.27784E-13 0.9997512 0.02230961 -1.229772E-06 0.9999931 -0.003723345 2.257104E-14 0.9999931 -0.003723346 -0.008514876 0.9999638 -1.490062E-08 -3.051944E-05 1 -2.330062E-07 -6.103702E-05 1 -2.980232E-08 -0.004242165 0.9999911 -2.515967E-06 -0.004242164 0.999991 -2.552223E-07 -6.103702E-05 1 -3.72529E-08 0.8434566 0 0.5371974 0.8282996 -7.309609E-09 0.5602854 0.8277245 2.373603E-08 -0.5611348 0.8420163 0 -0.539452 0.8282996 -7.309609E-09 0.5602854 0 0.8297141 0.5581886 0.8657392 -0.5004954 -1.33937E-08 0 0.8296905 -0.5582237 0.8277245 2.373603E-08 -0.5611348 0 0.9997441 -0.02262284 0 1 0 0 -0.8630829 0.5050623 0 -0.8630829 0.5050623 0 -0.9051048 -0.4251885 0 -1 0 0 -0.883726 -0.4680047 -2.765517E-10 -0.3874047 -0.9219097 -7.614807E-09 -0.8630829 -0.5050623 0 -0.8630829 -0.5050623 0 0.9995736 0.02919983 0 0.9999903 0.004405562 0 0.9995423 0.0302528 -0.5218155 -0.7943164 0.3110787 0.7065964 -0.6589389 0.2579167 0.5721874 -0.761704 0.3039879 -0.5594363 -0.7697875 0.3073405 -0.7240264 0.3494458 -0.5947044 -0.9438857 0.1682003 -0.284233 0.7588948 0.6038267 -0.243869 -0.468794 0.8189878 -0.3308945 -0.5218297 -0.792146 -0.3165413 0.7596377 -0.603012 -0.2435718 -0.4722238 -0.8172922 -0.3302093 -9.591408E-09 -0.3045648 0.9524916 -1.074985E-08 0.3665676 0.9303915 -0.7296342 -0.1754519 0.6609468 -0.5218295 0.7922406 0.316305 -0.5594363 0.7697875 0.3073405 7.216823E-10 -0.3092998 -0.9509646 2.386452E-09 0.368932 -0.9294564 0.7282385 -0.1782462 -0.6617379 0 -0.9298882 -0.3678421 0 -0.9299192 -0.3677638 0 -0.9300486 -0.3674365 0 -0.929759 0.3681686 0 -0.9297554 0.3681778 0 -0.9300486 0.3674366 1.98952E-09 -0.9284827 0.3713758 -1.98952E-09 -0.9284827 0.3713758 1.98952E-09 0.9284827 0.3713758 -1.98952E-09 0.9284827 0.3713758 0 -0.9299235 0.367753 0 -0.9298841 0.3678525 -0.004235433 -0.9300395 0.3674352 -0.004259707 -0.9300435 0.3674246 0 -0.9297603 -0.3681653 0 -0.9297554 -0.3681777 0.004219623 -0.9300395 -0.3674352 0.004259727 -0.9300436 -0.3674246 -0.003462711 -0.9297541 -0.368165 -0.003442267 -0.9297499 -0.3681756 1 0 0 1 0 0 -1 0 0 -1 0 0 -1 0 0 -1 0 0 0 -0.9297609 0.3681639 0 -0.9297554 0.3681778 0.003462765 -0.9297541 0.3681649 0.003426421 -0.92975 0.3681756 1 0 0 1 0 0 -1 0 0 -1 0 0 -0.5218295 0.7922406 -0.316305 2.386452E-09 0.368932 -0.9294564 -6.989894E-12 0.001269937 -0.9999992 0.01004565 0.001281751 -0.9999487 0.7978871 0.2224012 -0.5602802 -0.7986921 0.2205803 0.5598528 1.074985E-08 0.3665676 0.9303915 9.591408E-09 -0.3045648 0.9524916 -2.386452E-09 0.368932 -0.9294564 -7.216823E-10 -0.3092998 -0.9509646 -0.4722238 0.8172922 0.3302093 -0.4688255 -0.8189723 0.3308882 -1.074985E-08 0.3665676 0.9303915 -6.989894E-12 -0.001269937 0.9999992 -0.7978929 0.2209687 0.5608385 -0.5562583 0.3065948 -0.7723836 0 0.001281815 -0.9999992 6.989894E-12 0.001269937 -0.9999992 -2.386452E-09 0.368932 -0.9294564 -0.9536725 -0.1292063 0.2716885 -0.9959795 0.08212644 0.03577936 -0.7278782 -0.3015976 0.6158183 -0.7049799 -0.4044483 0.5826018 0.9558025 -0.1206265 -0.2681248 0.9949478 0.08738727 -0.04941928 0.7237657 -0.30332 -0.6198066 0.7031746 -0.4179462 -0.57521 -0.9990069 0.01541483 0.04180472 0.9988621 0.01650404 -0.04474531 -1 0 0 -1 0 0 -0.951963 0.2839157 -0.11471 -0.468794 0.8189878 -0.3308945 0 0.99993 0.01183047 0 -0.9299018 0.3678079 0 -0.8567327 0.5157608 0 -0.9477054 -0.3191465 0 -1 0 0 -0.9965729 0.08271885 0 -0.8718339 0.4898016 0.8815578 -0.4373147 0.1777971 0.1175037 -0.9207632 0.3720055 -0.3732053 -0.8594645 -0.3493402 0.8655303 -0.5008564 -2.843338E-09 0 -0.3767307 0.9263228 -0.5604328 0.7711588 -0.3020419 0.5732012 0.763046 -0.2986656 0.7065939 0.6572339 -0.2622376 -0.5218295 0.7922406 -0.316305 0.7065844 -0.6561332 0.2650054 -0.5218298 -0.7909332 0.3195596 -0.5600504 -0.7706326 -0.3040869 0.5731909 -0.7622713 -0.3006572 0.7066225 -0.6571853 -0.2622826 -0.5218295 -0.7922406 -0.316305 0.7066167 0.6560941 0.2650158 -0.5218298 0.7909332 0.3195595 -0.5594363 -0.7697875 -0.3073405 -0.5218295 -0.7922406 -0.316305 -0.9422132 -0.3111326 -0.1242208 -0.929231 -0.3431598 -0.1370078 1 0 0 1 0 0 0 -0.9297609 -0.3681639 0 -0.9297554 -0.3681777 0 -0.9300475 -0.3674394 0 -0.930052 -0.3674279 1 0 0 1 0 0 0 -0.9300481 0.3674378 0 -0.930052 0.367428 1 0 0 1 0 0 -1 0 0 -1 0 0 -0.5594363 0.7697875 -0.3073405 -0.929231 0.3431598 -0.1370078 -0.9422132 0.3106193 0.125499 -0.5218298 0.7909332 0.3195595 -0.9422132 -0.3106193 0.1254991 -0.5218298 -0.7909332 0.3195596 -5.997303E-10 0.3273269 0.9449111 0.9990642 0.01595767 -0.04020109 0.998627 -0.01812314 -0.04914958 0 -0.3689426 0.9294522 -1 0 0 9.251622E-11 -0.3249319 0.9457374 -0.9990647 0.01585067 0.04023043 -0.9986338 -0.01808288 0.04902584 0 0.3665709 0.9303901 -0.9994376 0.01237185 -0.03116757 0.9994378 0.01228948 0.03119181 0.004081729 -0.001281805 0.9999908 -1 0 0 -1 0 0 -0.9422132 0.3106193 -0.1254991 -0.5218298 0.7909332 -0.3195596  
			<SubMeshes>: 1
				<SubMesh>: 0 648 3 18 16 10 11 17 10 17 15 16 18 13 16 13 12 15 17 1 12 13 8 12 8 7 0 9 6 136 137 2 138 139 11 138 11 10 140 5 25 140 25 141 142 4 19 142 19 143 3 144 21 3 21 18 11 22 20 11 20 17 18 21 14 18 14 13 17 20 145 17 145 1 13 14 24 13 24 8 0 146 23 0 23 9 137 147 148 137 148 2 139 149 22 139 22 11 36 32 31 36 31 37 38 33 265 38 265 266 37 31 34 37 34 39 40 35 33 40 33 38 29 40 38 29 38 28 26 37 39 26 39 30 28 38 266 28 266 27 267 36 37 267 37 26 150 45 43 150 43 151 152 41 44 152 44 153 154 155 42 154 42 156 268 269 157 268 157 158 51 47 124 51 124 131 49 48 52 49 52 53 159 160 133 159 133 130 161 50 46 161 46 162 163 164 127 163 127 165 166 125 167 166 167 168 169 134 170 169 170 171 71 57 98 71 98 121 101 116 66 101 66 59 113 109 65 113 65 68 70 72 61 70 61 55 172 173 174 172 174 175 56 62 104 56 104 95 176 63 107 176 107 177 67 69 178 67 178 179 180 73 181 180 181 182 270 271 272 270 272 273 58 64 274 58 274 275 183 184 112 183 112 185 100 122 186 100 186 187 276 277 278 276 278 279 54 60 280 54 280 281 188 189 118 188 118 190 282 283 284 282 284 285 91 76 78 91 78 90 87 77 74 87 74 86 93 81 85 93 85 92 89 286 287 89 287 88 191 192 193 191 193 75 194 195 196 194 196 79 197 82 84 197 84 198 199 83 80 199 80 200 201 202 203 201 203 204 205 206 207 205 207 208 288 289 290 288 290 291 209 210 192 209 192 191 211 292 293 211 293 212 213 214 215 213 215 216 217 218 202 217 202 201 219 220 294 219 294 295 221 296 297 221 297 222 298 223 224 298 224 299 300 225 115 300 115 301 226 227 228 226 228 229 103 230 231 103 231 232 106 119 233 106 233 234 302 97 235 302 235 303 304 94 236 304 236 305 237 238 110 237 110 239 240 241 242 240 242 243 244 245 246 244 246 247 248 249 250 248 250 251 100 102 123 100 123 122 102 285 284 102 284 123 306 108 120 106 307 119 308 190 118 108 309 120 101 310 117 101 117 116 310 301 115 310 115 117 311 105 114 103 312 230 313 185 112 105 314 114 244 99 252 244 252 245 99 177 107 99 107 252 248 96 253 248 253 249 96 95 104 96 104 253 240 315 111 240 111 241 307 229 228 307 228 111 113 316 317 113 317 109 312 239 110 312 110 317 302 318 254 302 254 97 318 121 98 318 98 254 304 319 255 304 255 94 319 320 256 319 256 255 321 257 256 321 256 320 166 132 126 166 126 125 132 131 124 132 124 126 169 258 135 169 135 134 258 130 133 258 133 135 259 260 129 259 129 128 261 165 127 261 127 262 259 128 263 259 263 264  
		</Mesh>
		<Materials>: 1
			<Material>: 0
				<AlbedoColor>: 1 1 1 1
				<EmissiveColor>: 0 0 0 0
				<Glossiness>: 0.04
				<Metallic>: 0
				<SpecularHighlight>: 1
				<GlossyReflection>: 1
				<AlbedoMap>: BLD_Villa2_A
				<MetallicMap>: BLD_Villa2_MS
				<NormalMap>: BLD_Villa2_N
				<EmissionMap>: null
				<DetailAlbedoMap>: DET_Concrete1_A
				<DetailNormalMap>: DET_Concrete1_N
		</Materials>
		<Children>: 0
	</Frame>
</Hierarchy>
