<Hierarchy>:
	<Frame>: 0 5 Villa2_Roof_Mid_A
		<Transform>: 0 0 0 0 0 0 1 1 1 0 0 0 1  
		<TransformMatrix>: 1 0 0 0 0 1 0 0 0 0 1 0 0 0 0 1  
		<BoxCollider>: 1 2 -0.2220496 -2 4 0.5559013 4  
		<Mesh>: 40 Villa2_Roof_Mid_A
			<Bounds>: 2 -0.2500001 -2 2 0.2500001 2
			<Positions>: 40 0 -0.5 2.185569E-08 0 -0.5000002 -4 4 -0.5 2.185569E-08 4 -0.5000002 -4 0 0 0 0 -1.748456E-07 -4 4 0 0 4 -1.748456E-07 -4 0.0999999 -0.5 -0.09999845 0.0999999 -0.5000002 -3.900002 3.9 -0.5 -0.09999845 3.9 -0.5000002 -3.900002 0.0999999 -0.5000002 -3.900002 3.9 -0.5000002 -3.900002 4 0 0 4 -0.5 2.185569E-08 4 -0.5000002 -4 4 -1.748456E-07 -4 4 -0.5000002 -4 0 -0.5000002 -4 4 0 0 4 -1.748456E-07 -4 0 -1.748456E-07 -4 0 0 0 0 0 0 0 -1.748456E-07 -4 0 -0.5000002 -4 0 -0.5 2.185569E-08 3.9 -0.5 -0.09999845 4 -0.5 2.185569E-08 0 -0.5 2.185569E-08 0.0999999 -0.5 -0.09999845 3.9 -0.5000002 -3.900002 4 -0.5000002 -4 4 -0.5 2.185569E-08 3.9 -0.5 -0.09999845 0.0999999 -0.5 -0.09999845 0 -0.5 2.185569E-08 0 -0.5000002 -4 0.0999999 -0.5000002 -3.900002  
			<Colors>: 0  
			<TextureCoords0>: 40 0.4015304 0.6259766 0.2678223 0.4423828 0.536706 0.6259766 0.2678223 0.5966797 0.4015304 0.6579508 0.4017706 0.6276938 0.536706 0.6579508 0.4017706 0.6276938 0.3901367 0.5964355 0.3898926 0.4174805 0.2111816 0.5964355 0.2111816 0.4174805 0.2788086 0.4467773 0.2788086 0.5908203 0.536706 0.6276938 0.536706 0.659668 0.4017706 0.659668 0.536706 0.6276938 0.536706 0.659668 0.4017706 0.659668 0.6002736 0.6146815 0.6002736 0.4149895 0.7999654 0.4149895 0.7999654 0.6146815 0.5369462 0.6276938 0.4017706 0.6276938 0.4017706 0.659668 0.5369462 0.659668 0.298584 0.5917969 0.3103027 0.5966797 0.3103027 0.440918 0.298584 0.4467773 0.2409668 0.5917969 0.2504883 0.5966797 0.2504883 0.4423828 0.2409668 0.4467773 0.3100586 0.5922852 0.3195801 0.5976563 0.3195801 0.4423828 0.3100586 0.4472656  
			<TextureCoords1>: 40 0.4946697 0.9313304 0.4907635 0.9960938 0.9815262 0.9313304 0.4907631 0.5092379 0.4946697 0.8704734 0.9815262 0.8057101 0.9815262 0.8704734 0.9815262 0.9352368 0.01607785 0.9839224 0.4785919 0.9839224 0.01607784 0.5214093 0.4785919 0.5214093 0.4785919 0.9839224 0.4785919 0.5214093 0.4946697 0.9352367 0.4946697 0.9960937 0.9815262 0.9960938 0.4946697 0.8057101 0.4946697 0.8665671 0.9815262 0.8665671 0.4907622 0.01847488 0.003906261 0.01847488 0.00390625 0.5053316 0.4907622 0.5053316 0.981526 0.7409468 0.4946697 0.7409468 0.4946697 0.8018039 0.981526 0.8018038 0.01607784 0.5214093 0.00390625 0.5092379 0.00390664 0.9960938 0.01607785 0.9839224 0.4785919 0.5214093 0.4907631 0.5092379 0.00390625 0.5092379 0.01607784 0.5214093 0.01607785 0.9839224 0.00390664 0.9960938 0.4907635 0.9960938 0.4785919 0.9839224  
			<Normals>: 40 0 0 1 0 -1 0 0 0 1 0 -1 0 0 0 1 0 0 -1 0 0 1 1 0 0 0 -1 0 0 -1 0 0 -1 0 0 -1 0 0 -1 0 0 -1 0 1 0 0 1 0 0 1 0 0 0 0 -1 0 0 -1 0 0 -1 0 1 0 0 1 0 0 1 0 0 1 0 -1 0 0 -1 0 0 -1 0 0 -1 0 0 0 -1 0 0 -1 0 0 -1 0 0 -1 0 0 -1 0 0 -1 0 0 -1 0 0 -1 0 0 -1 0 0 -1 0 0 -1 0 0 -1 0  
			<Tangents>: 40 1 0 0 -0.137913 0 0.9904444 1 0 0 0.4606052 0 0.8876051 1 0 0 1 0 0 1 0 0 0 4.462494E-08 1 -1 0 0 -1 0 0 -1 0 0 -1 0 0 -0.1319032 0 0.9912626 0.4790669 0 0.8777784 0 4.371139E-08 1 0 4.378993E-08 1 0 4.470348E-08 1 1 0 0 1 0 0 1 0 0 -1 0 0 -1 0 0 -1 0 0 -1 0 0 0 4.462494E-08 1 0 4.371139E-08 1 0 4.378993E-08 1 0 4.470348E-08 1 -0.2394631 0 0.9709055 -0.2461129 0 0.9692411 0.4508662 0 0.8925916 0.4719806 0 0.881609 0.9674752 0 0.2529659 0.9664339 0 0.2569152 0.9906946 0 -0.1361039 0.9887131 0 -0.1498212 -0.9358022 0 -0.3525256 -0.9336431 0 -0.3582047 -0.9685171 0 0.2489469 -0.9630945 0 0.2691635  
			<BiTangents>: 40 0 -1 0 -0.9904444 0 -0.137913 0 -1 0 -0.8876051 0 0.4606052 0 -1 0 0 1 0 0 -1 0 0 1 -4.462494E-08 0 0 -1 0 0 -1 0 0 -1 0 0 -1 -0.9912626 0 -0.1319032 -0.8777784 0 0.4790669 0 1 -4.371139E-08 0 1 -4.378993E-08 0 1 -4.470348E-08 0 1 0 0 1 0 0 1 0 0 0 -1 0 0 -1 0 0 -1 0 0 -1 0 1 -4.462494E-08 0 1 -4.371139E-08 0 1 -4.378993E-08 0 1 -4.470348E-08 -0.9709055 0 -0.2394631 -0.9692411 0 -0.2461129 -0.8925916 0 0.4508662 -0.881609 0 0.4719806 -0.2529659 0 0.9674752 -0.2569152 0 0.9664339 0.1361039 0 0.9906946 0.1498212 0 0.9887131 0.3525256 0 -0.9358022 0.3582047 0 -0.9336431 -0.2489469 0 -0.9685171 -0.2691635 0 -0.9630945  
			<SubMeshes>: 1
				<SubMesh>: 0 60 9 11 10 9 10 8 12 1 3 12 3 13 6 4 0 6 0 2 7 14 15 7 15 16 5 17 18 5 18 19 20 21 22 20 22 23 24 25 26 24 26 27 28 29 30 28 30 31 32 33 34 32 34 35 36 37 38 36 38 39  
		</Mesh>
		<Materials>: 1
			<Material>: 0
				<AlbedoColor>: 1 1 1 1
				<EmissiveColor>: 0 0 0 0
				<Glossiness>: 0.04
				<Metallic>: 0
				<SpecularHighlight>: 1
				<GlossyReflection>: 1
				<AlbedoMap>: BLD_Villa2_A
				<MetallicMap>: BLD_Villa2_MS
				<NormalMap>: BLD_Villa2_N
				<EmissionMap>: null
				<DetailAlbedoMap>: DET_Concrete1_A
				<DetailNormalMap>: DET_Concrete1_N
		</Materials>
		<Children>: 0
	</Frame>
</Hierarchy>
