<Hierarchy>:
	<Frame>: 0 4 Villa1_Deco_WindowGlass_A
		<Transform>: 0 0 0 0 0 0 1 1 1 0 0 0 1  
		<TransformMatrix>: 1 0 0 0 0 1 0 0 0 0 1 0 0 0 0 1  
		<BoxCollider>: 1 0 0 -3.72529E-09 1.682877 3.112173 0.1572159  
		<Mesh>: 48 Villa1_Deco_WindowGlass_A
			<Bounds>: 0 0 -3.72529E-09 0.8414383 1.556087 0.07860796
			<Positions>: 48 0.8414383 0.05599976 0.07860795 0.8414383 1.556087 0.07860789 0.8414383 0.05599976 0.02085439 0.8414383 1.556087 0.02085432 -0.8414383 0.05599976 0.07860795 -0.8414383 1.556087 0.07860789 -0.8414383 0.05599976 0.02085439 -0.8414383 1.556087 0.02085432 0.8414383 -1.556087 -0.02085433 0.8414383 -0.05599976 -0.0208544 0.8414383 -1.556087 -0.07860789 0.8414383 -0.05599976 -0.07860796 -0.8414383 -1.556087 -0.02085433 -0.8414383 -0.05599976 -0.0208544 -0.8414383 -1.556087 -0.07860789 -0.8414383 -0.05599976 -0.07860796 0.8414383 1.556087 0.02085432 0.8414383 0.05599976 0.02085439 -0.8414383 1.556087 0.02085432 -0.8414383 0.05599976 0.02085439 -0.8414383 1.556087 0.07860789 -0.8414383 0.05599976 0.07860795 0.8414383 0.05599976 0.07860795 0.8414383 1.556087 0.07860789 0.8414383 0.05599976 0.07860795 -0.8414383 0.05599976 0.07860795 -0.8414383 0.05599976 0.02085439 0.8414383 0.05599976 0.02085439 -0.8414383 1.556087 0.07860789 0.8414383 1.556087 0.07860789 0.8414383 1.556087 0.02085432 -0.8414383 1.556087 0.02085432 0.8414383 -0.05599976 -0.07860796 0.8414383 -1.556087 -0.07860789 -0.8414383 -0.05599976 -0.07860796 -0.8414383 -1.556087 -0.07860789 -0.8414383 -0.05599976 -0.0208544 -0.8414383 -1.556087 -0.02085433 0.8414383 -1.556087 -0.02085433 0.8414383 -0.05599976 -0.0208544 0.8414383 -1.556087 -0.02085433 -0.8414383 -1.556087 -0.02085433 -0.8414383 -1.556087 -0.07860789 0.8414383 -1.556087 -0.07860789 -0.8414383 -0.05599976 -0.0208544 0.8414383 -0.05599976 -0.0208544 0.8414383 -0.05599976 -0.07860796 -0.8414383 -0.05599976 -0.07860796  
			<Colors>: 0  
			<TextureCoords0>: 48 0.002453939 0.05490756 0.002453939 -0.8246965 0.002453939 0.05490756 0.002453939 -0.8246965 0.989241 0.05490756 0.989241 -0.8246965 0.989241 0.05490756 0.989241 -0.8246965 0.002453939 1.000186 0.002453939 0.1205806 0.002453939 1.000186 0.002453939 0.1205806 0.989241 1.000186 0.989241 0.1205806 0.989241 1.000186 0.989241 0.1205806 0.002453939 -0.8246965 0.002453939 0.05490756 0.989241 -0.8246965 0.989241 0.05490756 0.989241 -0.8246965 0.989241 0.05490756 0.002453939 0.05490756 0.002453939 -0.8246965 0.002453939 0.05490756 0.989241 0.05490756 0.989241 0.05490756 0.002453939 0.05490756 0.989241 -0.8246965 0.002453939 -0.8246965 0.002453939 -0.8246965 0.989241 -0.8246965 0.002453939 0.1205806 0.002453939 1.000186 0.989241 0.1205806 0.989241 1.000186 0.989241 0.1205806 0.989241 1.000186 0.002453939 1.000186 0.002453939 0.1205806 0.002453939 1.000186 0.989241 1.000186 0.989241 1.000186 0.002453939 1.000186 0.989241 0.1205806 0.002453939 0.1205806 0.002453939 0.1205806 0.989241 0.1205806  
			<TextureCoords1>: 48 0.003906259 0.02098054 0.4379658 0.0209806 0.00390625 0.03769189 0.4379657 0.03769195 0.9288231 0.06221575 0.4947636 0.06221575 0.4908573 0.558128 0.4908573 0.1240686 0.4947636 0.103451 0.9288231 0.103451 0.4947636 0.1201624 0.9288231 0.1201624 0.9288231 0.08283335 0.4947636 0.08283341 0.9817147 0.558128 0.9817147 0.1240686 0.003906269 0.1240686 0.00390625 0.558128 0.4947636 0.0789271 0.9288231 0.0789271 0.4947637 0.5620344 0.4947638 0.9960938 0.9817149 0.9960936 0.9817147 0.5620342 0.490857 0.06221581 0.003906257 0.06221581 0.00390625 0.07892716 0.490857 0.07892716 0.4908572 0.103451 0.003906258 0.103451 0.00390625 0.1201624 0.4908572 0.1201624 0.4947636 0.1240686 0.4947636 0.558128 0.4947636 0.09954476 0.9288231 0.0995447 0.00390625 0.5620344 0.003906381 0.9960938 0.4908575 0.9960936 0.4908573 0.5620342 0.4908572 0.08283341 0.003906257 0.08283341 0.00390625 0.09954476 0.4908572 0.09954476 0.490857 0.0415982 0.003906257 0.0415982 0.00390625 0.05830956 0.490857 0.05830956  
			<Normals>: 48 0.7071068 -0.7071068 0 0.7071068 0.7071068 0 0.7071068 -0.7071068 0 0.7071068 0.7071068 0 -0.7071068 -0.7071068 0 -0.7071068 0.7071068 0 0 0 -1 0 0 -1 0.7071068 -0.7071068 0 0.7071068 0.7071068 0 0.7071068 -0.7071068 0 0.7071068 0.7071068 0 -0.7071068 -0.7071068 0 -0.7071068 0.7071068 0 0 0 -1 0 0 -1 0 0 -1 0 0 -1 -0.7071068 0.7071068 0 -0.7071068 -0.7071068 0 0 0 1 0 0 1 0 0 1 0 0 1 0.7071068 -0.7071068 0 -0.7071068 -0.7071068 0 -0.7071068 -0.7071068 0 0.7071068 -0.7071068 0 -0.7071068 0.7071068 0 0.7071068 0.7071068 0 0.7071068 0.7071068 0 -0.7071068 0.7071068 0 0 0 -1 0 0 -1 -0.7071068 0.7071068 0 -0.7071068 -0.7071068 0 0 0 1 0 0 1 0 0 1 0 0 1 0.7071068 -0.7071068 0 -0.7071068 -0.7071068 0 -0.7071068 -0.7071068 0 0.7071068 -0.7071068 0 -0.7071068 0.7071068 0 0.7071068 0.7071068 0 0.7071068 0.7071068 0 -0.7071068 0.7071068 0  
			<Tangents>: 48 0 0 1 0 0 1 0 0 1 0 0 1 0 0 1 0 0 1 -1 0 0 -1 0 0 0 0 1 0 0 1 0 0 1 0 0 1 0 0 1 0 0 1 -1 0 0 -1 0 0 -1 0 0 -1 0 0 0 0 1 0 0 1 -1 0 0 -1 0 0 -1 0 0 -1 0 0 0 0 1 0 0 1 0 0 1 0 0 1 0 0 1 0 0 1 0 0 1 0 0 1 -1 0 0 -1 0 0 0 0 1 0 0 1 -1 0 0 -1 0 0 -1 0 0 -1 0 0 0 0 1 0 0 1 0 0 1 0 0 1 0 0 1 0 0 1 0 0 1 0 0 1  
			<BiTangents>: 48 0.7071068 0.7071068 0 0.7071068 -0.7071068 0 0.7071068 0.7071068 0 0.7071068 -0.7071068 0 0.7071068 -0.7071068 0 0.7071068 0.7071068 0 0 1 0 0 1 0 0.7071068 0.7071068 0 0.7071068 -0.7071068 0 0.7071068 0.7071068 0 0.7071068 -0.7071068 0 0.7071068 -0.7071068 0 0.7071068 0.7071068 0 0 1 0 0 1 0 0 1 0 0 1 0 0.7071068 0.7071068 0 0.7071068 -0.7071068 0 0 1 0 0 1 0 0 1 0 0 1 0 0.7071068 0.7071068 0 0.7071068 -0.7071068 0 0.7071068 -0.7071068 0 0.7071068 0.7071068 0 0.7071068 0.7071068 0 0.7071068 -0.7071068 0 0.7071068 -0.7071068 0 0.7071068 0.7071068 0 0 1 0 0 1 0 0.7071068 0.7071068 0 0.7071068 -0.7071068 0 0 1 0 0 1 0 0 1 0 0 1 0 0.7071068 0.7071068 0 0.7071068 -0.7071068 0 0.7071068 -0.7071068 0 0.7071068 0.7071068 0 0.7071068 0.7071068 0 0.7071068 -0.7071068 0 0.7071068 -0.7071068 0 0.7071068 0.7071068 0  
			<SubMeshes>: 1
				<SubMesh>: 0 72 1 0 2 1 2 3 16 17 6 16 6 7 18 19 4 18 4 5 20 21 22 20 22 23 24 25 26 24 26 27 28 29 30 28 30 31 9 8 10 9 10 11 32 33 14 32 14 15 34 35 12 34 12 13 36 37 38 36 38 39 40 41 42 40 42 43 44 45 46 44 46 47  
		</Mesh>
		<Materials>: 1
			<Material>: 0
				<AlbedoColor>: 1 1 1 0.3921569
				<EmissiveColor>: 0 0 0 1
				<Glossiness>: 1
				<Metallic>: 0
				<SpecularHighlight>: 1
				<GlossyReflection>: 1
				<AlbedoMap>: BLD_WindowGlass1_A
				<MetallicMap>: BLD_WindowGlass1_MS
				<NormalMap>: BLD_WindowGlass1_N
				<EmissionMap>: null
				<DetailAlbedoMap>: DET_Concrete1_A
				<DetailNormalMap>: null
		</Materials>
		<Children>: 0
	</Frame>
</Hierarchy>
