<Hierarchy>:
	<Frame>: 0 5 Villa1_Deco_Handrail1_Cap_A
		<Transform>: 0 0 0 0 0 0 1 1 1 0 0 0 1  
		<TransformMatrix>: 1 0 0 0 0 1 0 0 0 0 1 0 0 0 0 1  
		<BoxCollider>: 1 0.05 0.6 -2.980232E-08 0.09999993 1.2 0.2600001  
		<Mesh>: 192 Villa1_Deco_Handrail1_Cap_A
			<Bounds>: 0.05 0.6 -2.980232E-08 0.04999996 0.6 0.13
			<Positions>: 192 0.09620151 5.68248E-09 0.13 0.09999996 5.494893E-09 0.1257085 0.09999996 1.2 0.1257084 0.09620149 1.2 0.1299999 0.09999996 -5.494893E-09 -0.1257085 0.09620151 -5.68248E-09 -0.13 0.09620149 1.2 -0.1300001 0.09999996 1.2 -0.1257085 3.72529E-08 5.494893E-09 0.1257085 0.003798494 5.68248E-09 0.13 0.00379851 1.2 0.1299999 3.72529E-08 1.2 0.1257084 0.003798493 -5.68248E-09 -0.13 3.72529E-08 -5.494893E-09 -0.1257085 3.72529E-08 1.2 -0.1257085 0.00379851 1.2 -0.1300001 3.72529E-08 1.145454 0.1257084 0.00379851 1.145454 0.13 0.09620149 1.145454 0.13 0.09999996 1.145454 0.1257084 0.09999996 1.145454 -0.1257085 0.09620149 1.145454 -0.13 0.00379851 1.145454 -0.13 3.72529E-08 1.145454 -0.1257085 3.72529E-08 1.103312 0.1257084 0.003798493 1.103312 0.13 0.09999996 1.103312 0.1257084 0.09620151 1.103312 0.13 0.09999996 1.103312 -0.1257085 0.09620151 1.103312 -0.13 0.003798493 1.103312 -0.13 3.72529E-08 1.103312 -0.1257085 0.08620151 1.124383 0.1039999 0.08999997 1.124383 0.09970842 0.01379849 1.124383 0.1039999 0.01000003 1.124383 0.09970842 0.08620151 1.124383 -0.104 0.08999997 1.124383 -0.09970853 0.01000003 1.124383 -0.09970853 0.01379849 1.124383 -0.104 0.09620151 0.1654967 -0.13 0.09999996 0.1654967 -0.1257085 3.72529E-08 0.1654967 -0.1257085 0.003798494 0.1654967 -0.13 0.003798494 0.1654967 0.13 3.72529E-08 0.1654967 0.1257085 0.09999996 0.1654967 0.1257085 0.09620151 0.1654967 0.13 0.09620151 0.1992782 0.13 0.09999996 0.1992782 0.1257085 0.09999996 0.1992782 -0.1257085 0.09620151 0.1992782 -0.13 0.003798493 0.1992782 -0.13 3.72529E-08 0.1992782 -0.1257085 3.72529E-08 0.1992782 0.1257085 0.003798493 0.1992782 0.13 0.08120152 0.1823875 -0.09100001 0.08499998 0.1823875 -0.08670851 0.01500003 0.1823875 -0.08670851 0.01879848 0.1823875 -0.09100001 0.01879848 0.1823875 0.09099999 0.01500003 0.1823875 0.08670849 0.08120152 0.1823875 0.09099999 0.08499998 0.1823875 0.08670849 3.72529E-08 1.2 -0.1257085 3.72529E-08 1.2 0.1257084 0.09999996 1.2 0.1257084 0.09999996 1.2 -0.1257085 0.00379851 1.2 0.1299999 0.09620149 1.2 0.1299999 0.09620149 1.2 -0.1300001 0.00379851 1.2 -0.1300001 0.01379849 1.124383 0.1039999 0.08620151 1.124383 0.1039999 0.08620151 1.124383 -0.104 0.01379849 1.124383 -0.104 0.003798493 0.1992782 0.13 0.09620151 0.1992782 0.13 0.01879848 0.1823875 0.09099999 0.003798494 0.1654967 0.13 0.09620151 0.1654967 0.13 0.08120152 0.1823875 0.09099999 0.09620151 0.1654967 -0.13 0.003798494 0.1654967 -0.13 0.09620151 0.1992782 -0.13 0.08120152 0.1823875 -0.09100001 0.01879848 0.1823875 -0.09100001 0.003798493 0.1992782 -0.13 0.09620149 1.145454 0.13 0.09620149 1.2 0.1299999 0.09620151 0.1654967 -0.13 0.09620151 -5.68248E-09 -0.13 0.003798494 0.1654967 -0.13 0.003798493 -5.68248E-09 -0.13 0.003798494 0.1654967 0.13 0.003798494 5.68248E-09 0.13 0.00379851 1.2 0.1299999 0.00379851 1.145454 0.13 0.08999997 1.124383 0.09970842 0.09999996 1.145454 0.1257084 0.09620149 1.2 -0.1300001 0.09620149 1.145454 -0.13 0.00379851 1.2 -0.1300001 0.00379851 1.145454 -0.13 0.01000003 1.124383 0.09970842 3.72529E-08 1.103312 0.1257084 0.09620151 0.1992782 0.13 0.09620151 1.103312 0.13 0.08999997 1.124383 -0.09970853 0.09999996 1.103312 -0.1257085 0.01000003 1.124383 -0.09970853 0.01379849 1.124383 -0.104 0.003798493 1.103312 -0.13 3.72529E-08 1.103312 -0.1257085 0.09999996 1.103312 0.1257084 0.08999997 1.124383 0.09970842 3.72529E-08 1.145454 0.1257084 0.01000003 1.124383 0.09970842 0.09999996 1.145454 -0.1257085 0.08999997 1.124383 -0.09970853 3.72529E-08 1.145454 -0.1257085 0.00379851 1.145454 -0.13 0.01379849 1.124383 -0.104 0.01000003 1.124383 -0.09970853 0.08499998 0.1823875 -0.08670851 0.09999996 0.1654967 -0.1257085 0.01500003 0.1823875 -0.08670851 0.01879848 0.1823875 -0.09100001 0.003798494 0.1654967 -0.13 3.72529E-08 0.1654967 -0.1257085 0.01500003 0.1823875 0.08670849 3.72529E-08 0.1654967 0.1257085 0.09620151 5.68248E-09 0.13 0.09620151 0.1654967 0.13 0.08499998 0.1823875 0.08670849 0.09999996 0.1992782 0.1257085 0.09620151 1.103312 -0.13 0.09620151 0.1992782 -0.13 0.003798493 1.103312 -0.13 0.003798493 0.1992782 -0.13 0.003798493 1.103312 0.13 0.003798493 0.1992782 0.13 0.09999996 0.1992782 -0.1257085 0.08499998 0.1823875 -0.08670851 3.72529E-08 0.1992782 -0.1257085 0.003798493 0.1992782 -0.13 0.01879848 0.1823875 -0.09100001 0.01500003 0.1823875 -0.08670851 3.72529E-08 0.1992782 0.1257085 0.01500003 0.1823875 0.08670849 0.09999996 0.1654967 0.1257085 0.08499998 0.1823875 0.08670849 3.72529E-08 -5.494893E-09 -0.1257085 0.003798493 -5.68248E-09 -0.13 0.09620151 -5.68248E-09 -0.13 0.09999996 -5.494893E-09 -0.1257085 3.72529E-08 5.494893E-09 0.1257085 0.09999996 5.494893E-09 0.1257085 0.003798494 5.68248E-09 0.13 0.09620151 5.68248E-09 0.13 0.09620151 1.103312 -0.13 0.003798493 1.103312 -0.13 0.00379851 1.145454 0.13 0.09620149 1.145454 0.13 0.09999996 1.145454 0.1257084 0.09999996 1.145454 -0.1257085 3.72529E-08 1.145454 -0.1257085 3.72529E-08 1.145454 0.1257084 0.003798493 1.103312 0.13 0.09620151 1.103312 0.13 0.09620149 1.145454 -0.13 0.00379851 1.145454 -0.13 0.09999996 0.1654967 0.1257085 0.09999996 0.1654967 -0.1257085 3.72529E-08 0.1654967 -0.1257085 3.72529E-08 0.1654967 0.1257085 0.01000003 1.124383 -0.09970853 3.72529E-08 1.103312 -0.1257085 3.72529E-08 1.103312 0.1257084 0.01000003 1.124383 0.09970842 0.08999997 1.124383 0.09970842 0.09999996 1.103312 0.1257084 0.09999996 1.103312 -0.1257085 0.08999997 1.124383 -0.09970853 0.09999996 0.1992782 0.1257085 0.08499998 0.1823875 0.08670849 0.08499998 0.1823875 -0.08670851 0.09999996 0.1992782 -0.1257085 3.72529E-08 0.1992782 -0.1257085 0.01500003 0.1823875 -0.08670851 0.01500003 0.1823875 0.08670849 3.72529E-08 0.1992782 0.1257085  
			<Colors>: 0  
			<TextureCoords0>: 192 0.4596828 0.4335938 0.4602914 0.4335938 0.45137 0.3334961 0.4516973 0.3337557 0.4796501 0.4335938 0.4802772 0.4335938 0.4340264 0.3337557 0.4343722 0.3334961 0.4523063 0.4335938 0.4529149 0.4335938 0.4525996 0.3400724 0.4523063 0.340332 0.4874962 0.4335938 0.4329476 0.4335938 0.4329476 0.340332 0.4326728 0.3400723 0.4523063 0.3447266 0.4529149 0.3447265 0.4596827 0.3447266 0.4602914 0.3447266 0.47965 0.3447266 0.4802772 0.3447266 0.4874962 0.3447265 0.4329476 0.3447266 0.4523063 0.3496094 0.4529149 0.3496094 0.4602914 0.3496094 0.4596827 0.3496094 0.4796501 0.3496094 0.4802772 0.3496094 0.4874962 0.3496094 0.4329476 0.3496094 0.4596132 0.347168 0.460374 0.347168 0.4529845 0.347168 0.4522237 0.347168 0.4803514 0.347168 0.4795674 0.347168 0.4330302 0.347168 0.487422 0.347168 0.4802772 0.421875 0.4796501 0.421875 0.4329476 0.421875 0.4874962 0.421875 0.4529149 0.421875 0.4523063 0.421875 0.4602914 0.421875 0.4596827 0.421875 0.4596828 0.4145508 0.4602914 0.4145508 0.4796501 0.4145508 0.4802772 0.4145508 0.4874962 0.4145508 0.4329476 0.4145508 0.4523063 0.4145508 0.4529149 0.4145508 0.4804044 0.418457 0.4795084 0.418457 0.4330892 0.418457 0.487369 0.418457 0.4530341 0.418457 0.4521647 0.418457 0.4595635 0.418457 0.460433 0.418457 0.4329476 0.340332 0.4523063 0.340332 0.4602914 0.340332 0.47965 0.340332 0.4529149 0.340332 0.4596827 0.340332 0.4802772 0.340332 0.4874962 0.340332 0.4529845 0.347168 0.4596132 0.347168 0.4803514 0.347168 0.487422 0.347168 0.4529149 0.4145508 0.4596827 0.4145508 0.4530341 0.418457 0.4529149 0.421875 0.4596828 0.421875 0.4595635 0.418457 0.4802772 0.421875 0.4874962 0.421875 0.4802772 0.4145508 0.4804044 0.418457 0.487369 0.418457 0.4874962 0.4145508 0.4596827 0.3447266 0.4596827 0.340332 0.4802772 0.421875 0.4802772 0.4335938 0.4326172 0.421875 0.4326172 0.4335938 0.4529149 0.421875 0.4529149 0.4335938 0.4529149 0.340332 0.4529149 0.3447266 0.460374 0.347168 0.4602914 0.3447266 0.4802772 0.340332 0.4802772 0.3447266 0.4326172 0.340332 0.4326172 0.3447266 0.4522237 0.347168 0.4523063 0.3496094 0.4596828 0.4145508 0.4596827 0.3496094 0.4795674 0.347168 0.4796501 0.3496094 0.4330302 0.347168 0.4324996 0.3469975 0.4324692 0.3494388 0.4329476 0.3496094 0.4602914 0.3496094 0.460374 0.347168 0.4523063 0.3447266 0.4522237 0.347168 0.47965 0.3447266 0.4795674 0.347168 0.4329476 0.3447266 0.4324692 0.344897 0.4324996 0.3473385 0.4330302 0.347168 0.4795084 0.418457 0.4796501 0.421875 0.4330892 0.418457 0.432338 0.4180754 0.4322586 0.4214934 0.4329476 0.421875 0.4521647 0.418457 0.4523063 0.421875 0.4596828 0.4335938 0.4596827 0.421875 0.460433 0.418457 0.4602914 0.4145508 0.4802772 0.3496094 0.4802772 0.4145508 0.4326172 0.3496094 0.4326172 0.4145508 0.4529149 0.3496094 0.4529149 0.4145508 0.4796501 0.4145508 0.4795084 0.418457 0.4329476 0.4145508 0.4322586 0.4149869 0.432338 0.4188932 0.4330892 0.418457 0.4523063 0.4145508 0.4521647 0.418457 0.4602914 0.421875 0.460433 0.418457 0.4329476 0.4335938 0.4326728 0.4338349 0.4340264 0.4397002 0.4343722 0.4399414 0.4523063 0.4335938 0.45137 0.4399414 0.4525996 0.4338349 0.4516973 0.4397003 0.4802772 0.3496094 0.4874962 0.3496094 0.4529149 0.3447266 0.4596827 0.3447266 0.4602914 0.3447266 0.47965 0.3447266 0.4329476 0.3447266 0.4523063 0.3447266 0.4529149 0.3496094 0.4596828 0.3496094 0.4802772 0.3447266 0.4874962 0.3447266 0.4602914 0.421875 0.4796501 0.421875 0.4329476 0.421875 0.4523063 0.421875 0.4330302 0.347168 0.4329476 0.3496094 0.4523063 0.3496094 0.4522237 0.347168 0.460374 0.347168 0.4602914 0.3496094 0.4796501 0.3496094 0.4795674 0.347168 0.4602914 0.4145508 0.460433 0.418457 0.4795084 0.418457 0.4796501 0.4145508 0.4329476 0.4145508 0.4330892 0.418457 0.4521647 0.418457 0.4523063 0.4145508  
			<TextureCoords1>: 192 0.138975 0.3104326 0.003906342 0.7862247 0.9845421 0.4775742 0.9880446 0.4806743 0.003906308 0.9914164 0.003906267 0.2311125 0.7758479 0.4806743 0.7793504 0.4775742 0.9962546 0.5677719 0.138975 0.3858464 0.9880446 0.5560881 0.984542 0.5591882 0.00390625 0.3065264 0.9962546 0.7729636 0.7793503 0.5591882 0.7758479 0.5560881 0.04842321 0.567772 0.007581668 0.1183704 0.08299552 0.1183704 0.9517379 0.7862248 0.9517379 0.9914163 0.007581667 0.1969999 0.08299552 0.1969999 0.0484232 0.7729635 0.0864944 0.5677719 0.03411194 0.5555133 0.9136668 0.7862247 0.03412274 0.4800994 0.9136667 0.9914163 0.7417359 0.3934277 0.7417251 0.4688416 0.08649439 0.7729636 0.07483412 0.1456837 0.9327024 0.8074445 0.01574306 0.1456838 0.0674588 0.5889916 0.7690481 0.401593 0.9327024 0.9701967 0.06745881 0.7517439 0.7690396 0.4606841 0.138975 0.2311125 0.138975 0.9914163 0.8611858 0.7729636 0.138975 0.3065264 0.00390625 0.3858464 0.8611858 0.5677719 0.138975 0.7862247 0.003906267 0.3104326 0.7719416 0.4802048 0.1758478 0.7862247 0.1758478 0.9914164 0.003917042 0.3933222 0.00390625 0.4687361 0.824313 0.7729636 0.824313 0.5677719 0.7719308 0.5556187 0.01947066 0.03526074 0.1574114 0.9595869 0.8427494 0.7411341 0.07040033 0.03526074 0.1584457 0.3825541 0.8427494 0.5996014 0.2093753 0.3825541 0.1574114 0.8180542 0.003906259 0.7729636 0.003906269 0.567772 0.9962549 0.7862247 0.9962549 0.9914162 0.007581641 0.07385343 0.08299549 0.07385343 0.00758164 0.152483 0.08299549 0.152483 0.006799757 0.547348 0.00680821 0.4882569 0.01574307 0.2243133 0.07483413 0.2243133 0.1462035 0.3478676 0.2216174 0.3478676 0.2093753 0.3406689 0.2216174 0.3059825 0.1462035 0.3059825 0.1584457 0.3406689 0.007228557 0.06994718 0.08264244 0.06994718 0.2216174 0.3020762 0.2093753 0.2673898 0.1584457 0.2673898 0.1462035 0.3020762 0.9517379 0.7815474 0.9962549 0.7815472 0.1389749 0.9960938 0.00390625 0.9960938 0.8611858 0.777641 0.9962545 0.7776409 0.8611858 0.5630946 0.9962545 0.5630945 0.00390625 0.5630946 0.04842314 0.5630946 0.07850952 0.1485767 0.08667093 0.1212634 0.9962549 0.9960936 0.9517379 0.9960938 0.00390629 0.777641 0.04842323 0.7776409 0.00390625 0.5510229 0.03121845 0.5591882 0.1758484 0.7815474 0.9136673 0.7815474 0.7719416 0.397918 0.7446294 0.3897527 0.7719321 0.4643599 0.7690396 0.4606841 0.7417251 0.4688416 0.7446175 0.4725174 0.0312303 0.4764236 0.003915755 0.4845811 0.00390625 0.1212634 0.01206766 0.1485767 0.00390625 0.1998929 0.01206767 0.2272063 0.08667094 0.1998929 0.08299552 0.1969999 0.07483413 0.2243133 0.07850952 0.2272063 0.01614835 0.0319683 0.00390625 0.06665474 0.07372265 0.0319683 0.07040033 0.03526074 0.08264244 0.06994718 0.08596475 0.06665474 0.2126976 0.3439614 0.2249397 0.3092749 0.003906306 0.7815474 0.1389749 0.7815474 0.2126976 0.3858464 0.2249397 0.35116 0.9136662 0.9960938 0.1758472 0.9960938 0.08649445 0.777641 0.824313 0.777641 0.08649434 0.5630946 0.8243129 0.5630946 0.2249397 0.2987838 0.2126976 0.2640974 0.1428812 0.2987838 0.1462035 0.3020762 0.1584457 0.2673898 0.1551234 0.2640974 0.1428812 0.35116 0.1551234 0.3858464 0.1428812 0.3092749 0.1551234 0.3439614 0.9845421 0.4725173 0.9880446 0.4694172 0.9880446 0.3940034 0.9845421 0.3909033 0.7793503 0.4725174 0.7793503 0.3909034 0.7758479 0.4694173 0.7758479 0.3940035 0.7417359 0.3934277 0.7417251 0.4688416 0.007581668 0.1183704 0.08299552 0.1183704 0.9517379 0.7862248 0.9517379 0.9914163 0.0484232 0.7729635 0.04842321 0.567772 0.03411194 0.5555133 0.03412274 0.4800994 0.007581667 0.1969999 0.08299552 0.1969999 0.138975 0.7862247 0.138975 0.9914163 0.8611858 0.7729636 0.8611858 0.5677719 0.06745881 0.7517439 0.08649439 0.7729636 0.0864944 0.5677719 0.0674588 0.5889916 0.9327024 0.8074445 0.9136668 0.7862247 0.9136667 0.9914163 0.9327024 0.9701967 0.1758478 0.7862247 0.1574114 0.8180542 0.1574114 0.9595869 0.1758478 0.9914164 0.824313 0.7729636 0.8427494 0.7411341 0.8427494 0.5996014 0.824313 0.5677719  
			<Normals>: 192 0.4106019 0 0.9118146 0.9350994 0 0.3543856 0 1 0 0 1 0 0.9350994 0 -0.3543856 0.4106019 0 -0.9118146 0 1 0 0 1 0 -0.9350994 0 0.3543856 -0.4106019 0 0.9118146 0 1 0 0 1 0 -0.4106019 0 -0.9118146 -0.9350994 0 -0.3543856 0 1 0 0 1 0 -0.9350994 0 0.3543856 -0.2429337 -0.7972253 0.5526436 0.2429337 -0.7972253 0.5526436 0.9350994 0 0.3543856 0.9350994 0 -0.3543856 0.4106019 0 -0.9118146 -0.4106019 0 -0.9118146 -0.9350994 0 -0.3543856 -0.9350994 0 0.3543856 -0.4106019 0 0.9118146 0.9350994 0 0.3543856 0.4106019 0 0.9118146 0.9350994 0 -0.3543856 0.2429337 0.7972253 -0.5526436 -0.2429337 0.7972253 -0.5526436 -0.9350994 0 -0.3543856 0.2574 -0.796768 0.5467231 0.8082616 -0.5692683 0.1504885 -0.2574 -0.796768 0.5467231 -0.8082616 -0.5692683 0.1504885 0.2574 0.796768 -0.5467231 0.8082616 -0.5692683 -0.1504885 -0.8082616 -0.5692683 -0.1504885 -0.2574 0.796768 -0.5467231 0.4106019 0 -0.9118146 0.9350994 0 -0.3543856 -0.9350994 0 -0.3543856 -0.4106019 0 -0.9118146 -0.4106019 0 0.9118146 -0.9350994 0 0.3543856 0.9350994 0 0.3543856 0.4106019 0 0.9118146 0.4106019 0 0.9118146 0.9350994 0 0.3543856 0.9350994 0 -0.3543856 0.4106019 0 -0.9118146 -0.4106019 0 -0.9118146 -0.9350994 0 -0.3543856 -0.9350994 0 0.3543856 -0.4106019 0 0.9118146 0.1615065 0.9267396 -0.3392186 0.6382698 0.7650143 -0.08581881 -0.6382698 0.7650143 -0.08581881 -0.1615065 0.9267396 -0.3392186 -0.1615065 -0.9267396 0.3392186 -0.6382698 0.7650143 0.08581881 0.1615065 -0.9267396 0.3392186 0.6382698 0.7650143 0.08581881 -0.9350994 0 -0.3543856 -0.9350994 0 0.3543856 0.9350994 0 0.3543856 0.9350994 0 -0.3543856 -0.4106019 0 0.9118146 0.4106019 0 0.9118146 0.4106019 0 -0.9118146 -0.4106019 0 -0.9118146 -0.2574 0.796768 0.5467231 0.2574 0.796768 0.5467231 0.2574 -0.796768 -0.5467231 -0.2574 -0.796768 -0.5467231 -0.1505806 -0.9269831 0.343552 0.1505806 -0.9269831 0.343552 -0.1615065 0.9267396 0.3392186 -0.1505806 0.9269831 0.343552 0.1505806 0.9269831 0.343552 0.1615065 0.9267396 0.3392186 0.1505806 0.9269831 -0.343552 -0.1505806 0.9269831 -0.343552 0.1505806 -0.9269831 -0.343552 0.1615065 -0.9267396 -0.3392186 -0.1615065 -0.9267396 -0.3392186 -0.1505806 -0.9269831 -0.343552 0.4106019 0 0.9118146 0.4106019 0 0.9118146 0.4106019 0 -0.9118146 0.4106019 0 -0.9118146 -0.4106019 0 -0.9118146 -0.4106019 0 -0.9118146 -0.4106019 0 0.9118146 -0.4106019 0 0.9118146 -0.4106019 0 0.9118146 -0.4106019 0 0.9118146 0.8082616 -0.5692683 0.1504885 0.6298524 -0.7039527 0.3282325 0.4106019 0 -0.9118146 0.4106019 0 -0.9118146 -0.4106019 0 -0.9118146 -0.4106019 0 -0.9118146 -0.8082616 0.5692683 0.1504885 -0.6298524 0.7039527 0.3282325 0.4106019 0 0.9118146 0.4106019 0 0.9118146 0.8082616 0.5692683 -0.1504885 0.6298524 0.7039527 -0.3282325 -0.8082616 0.5692683 -0.1504885 -0.2574 0.796768 -0.5467231 -0.2429337 0.7972253 -0.5526436 -0.6298524 0.7039527 -0.3282325 0.6298524 0.7039527 0.3282325 0.8082616 0.5692683 0.1504885 -0.6298524 -0.7039527 0.3282325 -0.8082616 -0.5692683 0.1504885 0.6298524 -0.7039527 -0.3282325 0.8082616 -0.5692683 -0.1504885 -0.6298524 -0.7039527 -0.3282325 -0.2429337 -0.7972253 -0.5526436 -0.2574 -0.796768 -0.5467231 -0.8082616 -0.5692683 -0.1504885 0.6382698 0.7650143 -0.08581881 0.4121061 0.8831761 -0.2239833 -0.6382698 0.7650143 -0.08581881 -0.1615065 0.9267396 -0.3392186 -0.1505806 0.9269831 -0.343552 -0.4121061 0.8831761 -0.2239833 -0.6382698 0.7650143 0.08581881 -0.4121061 0.8831761 0.2239833 0.4106019 0 0.9118146 0.4106019 0 0.9118146 0.6382698 -0.7650143 0.08581881 0.4121061 -0.8831761 0.2239833 0.4106019 0 -0.9118146 0.4106019 0 -0.9118146 -0.4106019 0 -0.9118146 -0.4106019 0 -0.9118146 -0.4106019 0 0.9118146 -0.4106019 0 0.9118146 0.4121061 -0.8831761 -0.2239833 0.6382698 -0.7650143 -0.08581881 -0.4121061 -0.8831761 -0.2239833 -0.1505806 -0.9269831 -0.343552 -0.1615065 -0.9267396 -0.3392186 -0.6382698 -0.7650143 -0.08581881 -0.4121061 -0.8831761 0.2239833 -0.6382698 -0.7650143 0.08581881 0.4121061 0.8831761 0.2239833 0.6382698 0.7650143 0.08581881 0 -1 0 0 -1 0 0 -1 0 0 -1 0 0 -1 0 0 -1 0 0 -1 0 0 -1 0 0.4106019 0 -0.9118146 -0.4106019 0 -0.9118146 -0.4106019 0 0.9118146 0.4106019 0 0.9118146 0.6298524 -0.7039527 0.3282325 0.6298524 -0.7039527 -0.3282325 -0.6298524 -0.7039527 -0.3282325 -0.6298524 -0.7039527 0.3282325 -0.2429337 0.7972253 0.5526436 0.2429337 0.7972253 0.5526436 0.2429337 -0.7972253 -0.5526436 -0.2429337 -0.7972253 -0.5526436 0.4121061 0.8831761 0.2239833 0.4121061 0.8831761 -0.2239833 -0.4121061 0.8831761 -0.2239833 -0.4121061 0.8831761 0.2239833 -0.8082616 0.5692683 -0.1504885 -0.6298524 0.7039527 -0.3282325 -0.6298524 0.7039527 0.3282325 -0.8082616 0.5692683 0.1504885 0.8082616 0.5692683 0.1504885 0.6298524 0.7039527 0.3282325 0.6298524 0.7039527 -0.3282325 0.8082616 0.5692683 -0.1504885 0.4121061 -0.8831761 0.2239833 0.6382698 -0.7650143 0.08581881 0.6382698 -0.7650143 -0.08581881 0.4121061 -0.8831761 -0.2239833 -0.4121061 -0.8831761 -0.2239833 -0.6382698 -0.7650143 -0.08581881 -0.6382698 -0.7650143 0.08581881 -0.4121061 -0.8831761 0.2239833  
			<Tangents>: 192 0.9118147 0 -0.4106019 0.3543856 -1.066887E-09 -0.9350994 -6.61178E-07 0 1 -7.632571E-05 0 1 -0.3543856 0 -0.9350994 -0.9118147 0 -0.4106019 7.791495E-05 0 1 6.887266E-07 0 1 0.3543856 0 0.9350994 0.9118147 0 0.4106019 8.705688E-05 0 1 6.611016E-07 0 1 -0.9118147 0 0.4106019 -0.3543856 0 0.9350994 1.225705E-06 0 1 0.0001220172 0 1 0.3543856 0 0.9350994 0.9699059 -0.1900505 0.1521952 0.9699147 0.1903663 -0.1517435 0.3543856 0 -0.9350994 -0.3543856 0 -0.9350994 -0.9118147 -5.916388E-06 -0.4106019 -0.9118147 -2.05178E-06 0.4106019 -0.3543856 0 0.9350994 0.3543856 0 0.9350994 0.9118147 0 0.4106019 0.3543856 0 -0.9350994 0.9118147 0 -0.4106019 -0.3543856 0 -0.9350994 -0.9700418 0.1987846 -0.1396554 -0.9700429 -0.1996539 0.1384019 -0.3543856 0 0.9350994 0.9640731 0.1733174 -0.201306 0.1230353 -0.08665521 -0.9886118 0.9639331 -0.1721012 0.2030125 0.1230353 0.08665521 0.9886118 -0.9642094 0.1745377 -0.1995918 -0.1230353 0.08665521 -0.9886118 -0.1230353 -0.08665521 0.9886118 -0.966305 -0.2122395 0.1456337 -0.9118147 0 -0.4106019 -0.3543856 0 -0.9350994 -0.3543856 0 0.9350994 -0.9118147 0 0.4106019 0.9118147 0 0.4106019 0.3543856 0 0.9350994 0.3543856 -2.14808E-11 -0.9350994 0.9118147 0 -0.4106019 0.9118147 0 -0.4106019 0.3543856 0 -0.9350994 -0.3543856 0 -0.9350994 -0.9118147 9.848047E-06 -0.4106019 -0.9118147 9.209451E-06 0.4106019 -0.3543856 0 0.9350994 0.3543856 0 0.9350994 0.9118147 0 0.4106019 -0.9833574 0.1221434 -0.1344958 -0.05497838 -0.06589572 -0.9963108 -0.05497838 0.06589572 0.9963108 -0.9868717 -0.1516656 0.05551482 0.9828135 -0.119902 0.1403604 0.05497838 -0.06589572 0.9963108 0.983129 0.1211826 -0.1370119 0.05497838 0.06589572 -0.9963108 -0.3543856 0 0.9350994 0.3543856 0 0.9350994 0.3543856 0 -0.9350994 -0.3543856 0 -0.9350994 0.9118147 0 0.4106019 0.9118147 0 -0.4106019 -0.9118147 -5.799911E-06 -0.4106019 -0.9118147 0 0.4106019 0.9640727 0.1733137 0.2013113 0.9639333 -0.1721027 -0.2030105 -0.964078 -0.1733605 -0.2012456 -0.966305 0.2122395 0.1456337 0.9869007 -0.1205998 0.1071573 0.9870859 0.1217678 -0.1040869 0.9831299 0.1211864 0.1370019 0.9870864 0.1217712 0.104078 0.986901 -0.1206019 -0.1071518 0.9828133 -0.119901 -0.140363 -0.9871817 0.1223995 -0.1024245 -0.9885978 -0.1411956 0.05232892 -0.9870075 -0.1212652 -0.1054088 -0.9830591 -0.1208946 -0.1377654 -0.9868717 0.1516656 0.05551482 -0.9885978 0.1411956 0.05232892 0.9118147 0 -0.410602 0.9118147 0 -0.410602 -0.9118147 0 -0.410602 -0.9118147 0 -0.410602 -0.9118147 0 0.410602 -0.9118147 0 0.410602 0.9118147 0 0.410602 0.9118147 0 0.410602 0.9118147 0 0.410602 0.9118147 0 0.410602 0.3541196 0.265756 -0.8966454 0.5630115 0.1226663 -0.817295 -0.9118147 0 -0.410602 -0.9118147 0 -0.410602 -0.9118147 0 0.410602 -0.9118147 0 0.410602 0.3541197 0.2657561 0.8966454 0.5630133 0.1226687 0.8172934 0.9118147 0 -0.410602 0.9118147 0 -0.410602 -0.3541196 0.265756 -0.8966454 -0.5630132 0.1226686 -0.8172935 -0.1735606 0.01389051 0.9847252 -0.5025333 0.3728804 0.7800131 -0.5036386 0.3832486 0.7742536 -0.357583 0.112337 0.9271002 0.5630132 -0.1226686 -0.8172934 0.3541196 -0.265756 -0.8966454 0.5630865 -0.1227644 0.8172286 0.3541265 -0.2657674 0.8966393 -0.5630113 -0.1226661 -0.8172951 -0.3541194 -0.2657558 -0.8966455 -0.3576455 -0.1122735 0.9270838 -0.5037115 -0.3832076 0.7742265 -0.5024681 -0.372918 0.7800372 -0.173517 -0.01395416 0.984732 -0.4647284 0.2940413 -0.835205 -0.6228098 0.09362156 -0.7767516 -0.09149478 0.0353023 0.9951796 -0.2493546 0.2942562 0.9226243 -0.2494994 0.3006305 0.9205278 -0.2064351 0.1489307 0.9670596 0.4647284 0.2940413 0.835205 0.6228099 0.09362166 0.7767515 0.9118147 -3.510676E-08 -0.410602 0.9118147 0 -0.410602 0.4647284 0.2940413 -0.835205 0.6228098 0.09362156 -0.7767516 -0.9118147 0 -0.410602 -0.9118147 0 -0.410602 -0.9118147 0 0.410602 -0.9118147 0 0.410602 0.9118147 0 0.410602 0.9118147 0 0.410602 -0.6228098 -0.09362153 -0.7767516 -0.4647283 -0.2940412 -0.835205 -0.2064622 -0.1489172 0.9670559 -0.2495285 -0.3006237 0.9205221 -0.2493838 -0.2942491 0.9226187 -0.09151748 -0.03528321 0.9951782 0.6227373 -0.09357149 0.7768157 0.4647235 -0.2940367 0.8352093 0.6228098 -0.09362153 -0.7767516 0.4647283 -0.2940412 -0.835205 -3.922666E-07 0 1 -3.991418E-05 0 1 -0.0001711002 0 1 -1.441328E-06 0 1 4.491887E-07 0 1 -3.640505E-07 0 1 4.349581E-05 0 1 -4.868232E-05 0 1 -0.9118147 6.181186E-07 -0.4106019 -0.9118147 0 0.4106019 0.9118147 -1.655504E-06 0.4106019 0.9118147 1.854695E-06 -0.4106019 0.2283791 -0.2360626 -0.9445196 -0.2286474 0.2358206 -0.9445152 -0.2240872 -0.239928 0.9445737 0.2283652 0.2360752 0.9445199 0.9700417 0.198754 0.1396996 0.9700416 -0.1987267 -0.1397389 -0.9699149 -0.1903718 -0.1517357 -0.9700429 0.1996533 0.1384028 0.1103295 0.1956491 -0.974448 -0.1108098 -0.1954227 -0.9744389 -0.1032835 0.1989627 0.9745494 0.1103446 -0.195642 0.9744477 -0.1230353 0.08665521 0.9886118 -0.2252948 0.2388419 0.9445617 0.2305509 -0.2341011 0.9444802 0.1230353 -0.08665521 0.9886118 0.1230353 0.08665521 -0.9886118 0.23055 0.2341019 -0.9444803 -0.2308966 -0.2337885 -0.9444732 -0.1230353 -0.08665521 -0.9886118 0.1114859 -0.1951039 -0.9744257 0.05497838 -0.06589572 -0.9963108 -0.05497838 0.06589572 -0.9963108 -0.111981 0.1948703 -0.9744156 -0.1039266 -0.1986608 0.9745425 -0.05497838 -0.06589572 0.9963108 0.05497838 0.06589572 0.9963108 0.1114829 0.1951053 0.9744257  
			<BiTangents>: 192 0 1 0 3.780892E-10 1 -9.976451E-10 1 0 6.61178E-07 1 0 7.632571E-05 0 1 0 0 1 0 1 0 -7.791495E-05 1 0 -6.887266E-07 0 1 0 0 1 0 1 0 -8.705688E-05 1 0 -6.611016E-07 0 1 0 0 1 0 1 0 -1.225705E-06 1 0 -0.0001220172 0 1 0 -0.01630366 0.5729856 0.8194032 0.01576905 0.5728808 0.819487 0 1 0 0 1 0 -5.394649E-06 1 -2.429281E-06 -1.870844E-06 1 8.424651E-07 0 1 0 0 1 0 0 1 0 0 1 0 0 1 0 0 1 0 -0.001479792 0.5700144 0.8216334 -2.079667E-09 0.5697106 0.8218455 0 1 0 0.06563754 0.5788972 0.8127545 0.5758259 0.8175722 -4.1305E-10 -0.06766215 0.5792599 0.8123299 -0.5758259 0.8175722 -4.1305E-10 -0.06360454 0.5785305 0.8131771 0.5758259 0.8175722 4.1305E-10 -0.5758259 0.8175722 4.1305E-10 -2.001481E-09 0.5657873 0.8245512 0 1 0 0 1 0 0 1 0 0 1 0 0 1 0 0 1 0 7.612487E-12 1 -2.008669E-11 0 1 0 0 1 0 0 1 0 0 1 0 8.979594E-06 1 4.043628E-06 8.397313E-06 1 -3.781419E-06 0 1 0 0 1 0 0 1 0 -0.0832093 0.3552951 0.9310433 -0.7678471 0.6406332 1.113221E-10 0.7678471 0.6406332 1.113221E-10 -9.561383E-10 0.3437312 0.9390681 -0.08940453 0.3560578 0.9301773 0.7678471 0.6406332 -1.113221E-10 0.08586692 0.3556239 0.9306763 -0.7678471 0.6406332 -1.113221E-10 0 1 0 0 1 0 0 1 0 0 1 0 0 1 0 0 1 0 -5.288444E-06 1 -2.381455E-06 0 1 0 0.06564379 0.5788984 -0.8127531 -0.06765974 0.5792595 -0.8123304 0.06556582 0.5788843 -0.8127694 2.001481E-09 0.5657873 -0.8245512 -0.05790071 0.3551875 0.9330002 0.05465322 0.3547888 0.9333478 0.08585637 0.3556226 -0.9306778 0.05464385 0.3547876 -0.9333487 -0.05789491 0.3551868 -0.9330009 -0.0894073 0.3560581 -0.9301769 -0.05289519 0.3545714 0.9335316 9.373634E-10 0.3475144 0.9376746 0.05605123 0.3549609 -0.9331993 0.08666296 0.3557219 -0.9305651 9.561383E-10 0.3437312 -0.9390681 -9.373634E-10 0.3475144 -0.9376746 0 1 0 0 1 0 0 1 0 0 1 0 0 1 0 0 1 0 0 1 0 0 1 0 0 1 0 0 1 0 0.4704386 0.778015 0.4163895 0.5350739 0.6995739 0.4735951 0 1 0 0 1 0 0 1 0 0 1 0 0.4704385 0.7780149 -0.4163896 0.535072 0.6995735 -0.4735978 0 1 0 0 1 0 -0.4704386 0.778015 0.4163895 -0.5350721 0.6995735 0.4735977 0.5626633 0.8220345 0.08757539 0.8253517 0.4755219 0.304423 0.8290545 0.466425 0.3084095 0.6895073 0.7013066 0.1809658 -0.5350721 0.6995735 -0.4735978 -0.4704386 0.778015 -0.4163895 -0.534995 0.6995566 0.4737096 -0.4704335 0.7780111 0.4164025 0.5350741 0.6995739 -0.4735949 0.4704387 0.778015 -0.4163892 -0.689475 0.7013168 -0.1810498 -0.8290102 0.4664586 -0.3084775 -0.8253915 0.4754925 -0.3043614 -0.5626767 0.8220333 -0.08749913 -0.6137094 0.5729685 0.5432015 -0.6650388 0.4596031 0.5886327 0.7643562 0.643045 0.04746242 0.9548497 0.2335955 0.1835625 0.9565958 0.2243296 0.1860126 0.8874419 0.4447692 0.1209433 0.6137094 0.5729685 -0.5432015 0.6650386 0.4596031 -0.5886329 3.201086E-08 1 -1.441491E-08 0 1 0 0.6137094 0.5729685 0.5432015 0.6650388 0.4596031 0.5886327 0 1 0 0 1 0 0 1 0 0 1 0 0 1 0 0 1 0 0.6650388 0.4596031 -0.5886327 0.6137094 0.5729685 -0.5432014 -0.8874356 0.4447737 -0.1209728 -0.9565883 0.2243388 -0.1860406 -0.9548421 0.2336045 -0.1835907 -0.7643535 0.6430461 -0.04749197 -0.6651065 0.4596133 0.5885481 -0.6137131 0.5729709 0.5431948 -0.6650388 0.4596031 -0.5886327 -0.6137094 0.5729685 -0.5432014 -1 0 -3.922666E-07 -1 0 -3.991418E-05 -1 0 -0.0001711002 -1 0 -1.441328E-06 -1 0 4.491887E-07 -1 0 -3.640505E-07 -1 0 4.349581E-05 -1 0 -4.868232E-05 5.636097E-07 1 2.538007E-07 0 1 0 1.509513E-06 1 6.797533E-07 -1.691138E-06 1 7.615416E-07 0.7423806 0.6698694 0.01208351 0.742298 0.6699547 -0.01242478 -0.7436874 0.6684948 -0.006627608 -0.7423849 0.669865 0.01206573 0.001531934 0.5700251 -0.8216258 -0.00157829 0.5700346 -0.8216192 0.01575983 0.572879 -0.8194884 -1.068446E-06 0.5697107 -0.8218453 -0.9044313 0.4262879 -0.01681215 -0.9043726 0.4263918 0.01732962 0.905263 0.4247515 0.009223742 0.9044294 0.4262912 -0.01682843 0.5758259 0.8175722 -4.1305E-10 0.7433224 0.6688835 0.008161698 0.7417091 0.6705574 -0.01484779 0.5758259 0.8175722 4.1305E-10 -0.5758259 0.8175722 4.1305E-10 -0.7417093 0.6705571 -0.01484669 -0.7416015 0.6706665 0.015288 -0.5758259 0.8175722 -4.1305E-10 0.9042895 0.4265378 0.01805818 0.7678471 0.6406332 1.113221E-10 0.7678471 0.6406332 -1.113221E-10 0.9042283 0.4266445 -0.01859173 -0.9051893 0.4248928 -0.009916192 -0.7678471 0.6406332 -1.113221E-10 -0.7678471 0.6406332 1.113221E-10 -0.9042898 0.4265371 0.018055  
			<SubMeshes>: 1
				<SubMesh>: 0 372 7 6 15 15 14 7 14 2 7 14 11 2 11 3 2 11 10 3 42 13 8 42 8 45 64 23 16 64 16 65 46 1 4 46 4 41 44 9 0 44 0 47 40 5 12 40 12 43 66 19 20 66 20 67 36 29 30 36 30 39 160 51 52 160 52 161 17 34 32 17 32 18 25 55 48 25 48 27 68 162 163 68 163 69 70 21 22 70 22 71 31 53 54 31 54 24 164 33 37 164 37 165 166 38 35 166 35 167 72 168 169 72 169 73 170 74 75 170 75 171 63 172 173 63 173 57 58 174 175 58 175 61 76 60 62 76 62 77 78 79 80 78 80 81 26 49 50 26 50 28 176 177 178 176 178 179 180 181 182 180 182 183 56 82 83 56 83 59 184 185 186 184 186 187 84 85 86 84 86 87 188 189 190 188 190 191 88 19 66 88 66 89 90 41 4 90 4 91 42 92 93 42 93 13 94 45 8 94 8 95 96 65 16 96 16 97 32 98 99 32 99 18 100 67 20 100 20 101 64 102 103 64 103 23 72 104 105 72 105 168 106 49 26 106 26 107 36 108 109 36 109 29 110 111 112 110 112 113 169 114 115 169 115 73 17 116 117 17 117 34 170 118 119 170 119 74 120 121 122 120 122 123 56 124 125 56 125 82 126 127 128 126 128 129 78 130 131 78 131 79 132 1 46 132 46 133 62 134 135 62 135 77 136 28 50 136 50 137 31 138 139 31 139 53 140 24 54 140 54 141 84 142 143 84 143 85 144 145 146 144 146 147 76 148 149 76 149 60 80 150 151 80 151 81 152 153 154 154 155 152 155 156 152 155 157 156 157 158 156 157 159 158  
		</Mesh>
		<Materials>: 1
			<Material>: 0
				<AlbedoColor>: 1 1 1 1
				<EmissiveColor>: 0 0 0 0
				<Glossiness>: 0.04
				<Metallic>: 0
				<SpecularHighlight>: 1
				<GlossyReflection>: 1
				<AlbedoMap>: BLD_Villa1_A
				<MetallicMap>: BLD_Villa1_MS
				<NormalMap>: BLD_Villa1_N
				<EmissionMap>: null
				<DetailAlbedoMap>: DET_Concrete1_A
				<DetailNormalMap>: DET_Concrete1_N
		</Materials>
		<Children>: 0
	</Frame>
</Hierarchy>
