<Hierarchy>:
	<Frame>: 0 5 Villa2_Wall_Mid_B
		<Transform>: 0 0 0 0 0 0 1 1 1 0 0 0 1  
		<TransformMatrix>: 1 0 0 0 0 1 0 0 0 0 1 0 0 0 0 1  
		<Mesh>: 627 Villa2_Wall_Mid_B
			<Bounds>: 4 3 0.0008251667 4 3 0.3228882
			<Positions>: 627 7.99 0 0.26 7.99 5.7 0.2599998 8 0 0.19 8 5.7 0.1899998 7.82 0 0.26 7.82 5.7 0.2599998 7.81 0 0.19 7.81 5.7 0.1899998 0.19 0 0.26 0.19 5.7 0.2599998 0.2 0 0.19 0.2 5.7 0.1899998 0.02 0 0.26 0.02 5.7 0.2599998 0.01 0 0.19 0.01 5.7 0.1899998 1.750609 5.16096 0.3237134 1.750609 5.176016 0.3067589 1.750609 5.087215 0.3067589 1.750609 5.102271 0.3237134 6.247219 5.176016 0.3067589 6.247219 5.16096 0.3237134 6.247219 5.102271 0.3237134 6.247219 5.087215 0.3067589 6.247219 5.222438 -0.3051085 6.247219 5.237494 -0.3220631 6.247219 5.296183 -0.3220631 6.247219 5.311239 -0.3051085 1.750609 5.237494 -0.3220631 1.750609 5.222438 -0.3051085 1.750609 5.311239 -0.3051085 1.750609 5.296183 -0.3220631 1.750609 5.160961 -0.3220631 1.750609 5.176016 -0.3051085 1.750609 5.087215 -0.3051085 1.750609 5.102271 -0.3220631 6.247219 5.176016 -0.3051085 6.247219 5.160961 -0.3220631 6.247219 5.102271 -0.3220631 6.247219 5.087215 -0.3051085 6.247219 5.222437 0.3067589 6.247219 5.237493 0.3237134 6.247219 5.296183 0.3237134 6.247219 5.311238 0.3067589 1.750609 5.237493 0.3237134 1.750609 5.222437 0.3067589 1.750609 5.311238 0.3067589 1.750609 5.296183 0.3237134 5.96384 5.000803 0.2357838 5.96384 5.000803 -0.2399921 2.010067 5.000803 -0.2399921 2.010067 5.000803 0.2357838 6.218545 5.100803 0.2607838 6.218545 5.100803 -0.264992 1.786986 5.100803 -0.264992 1.786986 5.100803 0.2607838 6.218545 5.300803 0.2607838 6.218545 5.300803 -0.264992 1.786986 5.300803 -0.264992 1.786986 5.300803 0.2607838 4.002766 5.100803 -0.264992 4.002766 5.000803 -0.2399921 4.002766 5.100803 0.2607838 4.002766 5.000803 0.2357838 4.002766 5.300803 -0.264992 4.002766 5.300803 0.2607838 1.777552 5.311239 -0.3051085 1.777552 5.296183 -0.3220631 1.777552 5.222438 -0.3051085 1.777552 5.237494 -0.3220631 1.777552 5.311238 0.3067589 1.777552 5.296183 0.3237134 1.777552 5.222437 0.3067589 1.777552 5.237493 0.3237134 6.184235 5.311239 -0.3051085 6.184235 5.237494 -0.3220631 6.184235 5.311238 0.3067589 6.184235 5.237493 0.3237134 6.184235 5.296183 -0.3220631 6.184235 5.222438 -0.3051085 6.184235 5.296183 0.3237134 6.184235 5.222437 0.3067589 1.777552 5.176016 -0.3051085 1.777552 5.160961 -0.3220631 1.777552 5.087215 -0.3051085 1.777552 5.102271 -0.3220631 1.777552 5.176016 0.3067589 1.777552 5.16096 0.3237134 1.777552 5.087215 0.3067589 1.777552 5.102271 0.3237134 6.184235 5.176016 -0.3051085 6.184235 5.102271 -0.3220631 6.184235 5.176016 0.3067589 6.184235 5.102271 0.3237134 6.184235 5.160961 -0.3220631 6.184235 5.087215 -0.3051085 6.184235 5.16096 0.3237134 6.184235 5.087215 0.3067589 4.124274 9.475656E-10 0.1706267 4.159999 9.475656E-10 0.1522441 4.159999 5.043494 0.1522439 4.124274 5.043494 0.1706264 4.159999 9.475656E-10 -0.1196216 4.124274 9.475656E-10 -0.1380042 4.124274 5.043494 -0.1380044 4.159999 5.043494 -0.1196218 3.84 9.475656E-10 0.1522441 3.875725 9.475656E-10 0.1706267 3.875725 5.043494 0.1706264 3.84 5.043494 0.1522439 3.875725 9.475656E-10 -0.1380042 3.84 9.475656E-10 -0.1196216 3.84 5.043494 -0.1196218 3.875725 5.043494 -0.1380044 2 8.742278E-09 0.1452968 5.993176 8.742278E-09 0.1452968 2 -6.119595E-09 -0.1126484 5.993176 -6.119595E-09 -0.1126484 8 8.742271E-09 0.2000002 8 6 0.2000002 4 6 0.2000002 6 6 0.2000002 6 8.742271E-09 0.2000002 5 6 0.2000002 8 1 0.2000002 6 1 0.2000002 8 4.922963 0.2000002 6 4.922963 0.2000002 5 4.922963 0.2000002 8 -8.742304E-09 -0.2 8 6 -0.2 4 6 -0.2 6 6 -0.2 6 -8.742304E-09 -0.2 5 6 -0.2 8 1 -0.2 6 1 -0.2 8 4.922963 -0.2 4 4.922963 -0.2 6 4.922963 -0.2 5 4.922963 -0.2 8 5.6 0.2000002 4 5.6 0.2000002 6 5.6 0.2000002 5 5.6 0.2000002 8 5.6 -0.2 4 5.6 -0.2 6 5.6 -0.2 5 5.6 -0.2 8 5.7 0.2999996 8 6 0.2999996 5 6 0.2999996 4 6 0.2999996 6 6 0.2999996 8 5.7 -0.3000004 8 6 -0.3000004 5 6 -0.3000004 4 6 -0.3000004 6 6 -0.3000004 4 5.7 0.2999996 6 5.7 0.2999996 5 5.7 0.2999996 6 5.7 -0.3000004 5 5.7 -0.3000004 6 0.2 0.2000002 8 0.2 0.2000002 6 0.2 -0.2 8 0.2 -0.2 8 -1.311345E-08 -0.3000004 6 -1.311345E-08 -0.3000004 6 0.2 -0.2799999 6 0.18 -0.3000004 8 0.2 -0.2799999 8 0.18 -0.3000004 0 6 0.2000002 0 8.742271E-09 0.2000002 3 6 0.2000002 2 6 0.2000002 2 8.742271E-09 0.2000002 0 1 0.2000002 2 1 0.2000002 4 4.922963 0.2000002 0 4.922963 0.2000002 3 4.922963 0.2000002 2 4.922963 0.2000002 0 6 -0.2 0 -8.742304E-09 -0.2 3 6 -0.2 2 6 -0.2 2 -8.742304E-09 -0.2 0 1 -0.2 2 1 -0.2 0 4.922963 -0.2 3 4.922963 -0.2 2 4.922963 -0.2 0 5.6 0.2000002 3 5.6 0.2000002 2 5.6 0.2000002 0 5.6 -0.2 3 5.6 -0.2 2 5.6 -0.2 2 6 0.2999996 0 6 0.2999996 3 6 0.2999996 4 5.7 -0.3000004 2 6 -0.3000004 0 6 -0.3000004 3 6 -0.3000004 0 5.7 0.2999996 3 5.7 0.2999996 2 5.7 0.2999996 0 5.7 -0.3000004 3 5.7 -0.3000004 2 5.7 -0.3000004 0 0.2 0.2000002 2 0.2 0.2000002 0 0.2 -0.2 2 0.2 -0.2 0 -1.311345E-08 -0.3000004 2 -1.311345E-08 -0.3000004 0 0.18 -0.3000004 0 0.2 -0.2799999 2 0.2 -0.2799999 2 0.18 -0.3000004 5.895598 8.238381E-09 0.1365511 5.904236 8.742278E-09 0.1452968 2.097578 -5.615698E-09 -0.1039027 2.088941 -6.119595E-09 -0.1126484 5.904236 -6.119595E-09 -0.1126484 5.895598 -5.615698E-09 -0.1039027 2.088941 8.742278E-09 0.1452968 2.097578 8.238381E-09 0.1365511 5.993176 4.932097 0.1452966 5.976701 4.948856 0.1452966 5.976701 4.948856 -0.1126485 5.993176 4.932097 -0.1126485 5.904236 4.84095 0.1452966 5.887761 4.857708 0.1452966 5.879123 4.848856 0.1365509 5.895598 4.832098 0.1365509 5.895598 4.832098 -0.1039028 5.879123 4.848856 -0.1039028 5.887761 4.857708 -0.1126485 5.904236 4.84095 -0.1126485 2.007684 4.948856 0.1452966 2 4.941041 0.1452966 2 4.941041 -0.1126485 2.007683 4.948856 -0.1126485 2.096624 4.857708 0.1452966 2.088941 4.849893 0.1452966 2.097578 4.841041 0.1365509 2.105261 4.848856 0.1365509 2.105261 4.848856 -0.1039028 2.097578 4.841041 -0.1039028 2.088941 4.849893 -0.1126485 2.096624 4.857708 -0.1126485 8 5.961193 0.2000002 8 5.961193 -0.2 8 5.970894 0.2999996 8 5.970894 -0.3000004 4 5.970894 0.2999996 6 5.970894 0.2999996 5 5.970894 0.2999996 6 5.970894 -0.3000004 5 5.970894 -0.3000004 4 5.970894 -0.3000004 0 5.961193 0.2000002 0 5.961193 -0.2 0 5.970894 0.2999996 3 5.970894 0.2999996 2 5.970894 0.2999996 0 5.970894 -0.3000004 3 5.970894 -0.3000004 2 5.970894 -0.3000004 8 0.2310132 0.2000002 8 0.2310132 -0.2 6 0.2310132 0.2000002 6 0.2310132 -0.2 0 0.2252475 0.2000002 2 0.2252475 0.2000002 0 0.2252475 -0.2 2 0.2252475 -0.2 7.82 5.7 0.2599998 7.82 0 0.26 7.99 0 0.26 7.99 5.7 0.2599998 7.99 0 0.26 7.82 0 0.26 7.81 0 0.19 8 0 0.19 0.02 5.7 0.2599998 0.02 0 0.26 0.19 0 0.26 0.19 5.7 0.2599998 0.19 0 0.26 0.02 0 0.26 0.01 0 0.19 0.2 0 0.19 6.247219 5.296183 -0.3220631 6.184235 5.296183 -0.3220631 1.750609 5.176016 -0.3051085 1.750609 5.176016 0.3067589 1.750609 5.087215 0.3067589 6.247219 5.176016 0.3067589 6.247219 5.087215 -0.3051085 6.247219 5.087215 0.3067589 6.184235 5.16096 0.3237134 6.247219 5.16096 0.3237134 1.750609 5.102271 0.3237134 6.247219 5.237493 0.3237134 6.247219 5.296183 0.3237134 6.247219 5.222437 0.3067589 6.184235 5.296183 0.3237134 6.247219 5.296183 0.3237134 6.247219 5.311238 0.3067589 1.750609 5.237493 0.3237134 1.750609 5.222437 0.3067589 1.750609 5.311238 0.3067589 1.786986 5.100803 -0.264992 2.010067 5.000803 -0.2399921 5.96384 5.000803 0.2357838 6.218545 5.100803 0.2607838 4.002766 5.000803 0.2357838 2.010067 5.000803 0.2357838 2.010067 5.000803 -0.2399921 4.002766 5.000803 -0.2399921 1.786986 5.100803 0.2607838 1.786986 5.100803 0.2607838 1.786986 5.300803 0.2607838 1.786986 5.100803 -0.264992 6.218545 5.100803 -0.264992 6.218545 5.100803 -0.264992 6.218545 5.300803 -0.264992 6.218545 5.100803 0.2607838 1.786986 5.300803 -0.264992 6.218545 5.300803 0.2607838 5.96384 5.000803 0.2357838 5.96384 5.000803 -0.2399921 2.010067 5.000803 0.2357838 5.96384 5.000803 -0.2399921 1.750609 5.311239 -0.3051085 1.750609 5.222438 -0.3051085 1.750609 5.087215 -0.3051085 1.750609 5.102271 -0.3220631 1.750609 5.237494 -0.3220631 6.247219 5.176016 -0.3051085 6.247219 5.160961 -0.3220631 6.247219 5.237494 -0.3220631 6.247219 5.296183 -0.3220631 6.247219 5.311239 -0.3051085 6.247219 5.222438 -0.3051085 6.184235 5.160961 -0.3220631 6.247219 5.160961 -0.3220631 6.247219 5.102271 -0.3220631 6.247219 5.16096 0.3237134 6.247219 5.102271 0.3237134 6.184235 5.311239 -0.3051085 6.184235 5.311238 0.3067589 6.184235 5.222437 0.3067589 6.184235 5.237493 0.3237134 1.750609 5.311238 0.3067589 1.750609 5.296183 0.3237134 1.777552 5.311238 0.3067589 1.750609 5.222438 -0.3051085 1.777552 5.222438 -0.3051085 1.777552 5.222437 0.3067589 1.750609 5.222437 0.3067589 1.750609 5.296183 0.3237134 1.750609 5.237493 0.3237134 1.777552 5.237493 0.3237134 1.777552 5.296183 0.3237134 6.184235 5.222438 -0.3051085 6.184235 5.237494 -0.3220631 1.750609 5.311239 -0.3051085 1.777552 5.311239 -0.3051085 1.750609 5.296183 -0.3220631 1.750609 5.296183 -0.3220631 1.777552 5.296183 -0.3220631 1.777552 5.237494 -0.3220631 1.750609 5.237494 -0.3220631 6.247219 5.222438 -0.3051085 6.247219 5.237494 -0.3220631 6.247219 5.222437 0.3067589 6.247219 5.237493 0.3237134 6.247219 5.311239 -0.3051085 6.247219 5.311238 0.3067589 6.184235 5.176016 -0.3051085 6.184235 5.176016 0.3067589 6.184235 5.087215 0.3067589 6.184235 5.102271 0.3237134 1.750609 5.176016 0.3067589 1.750609 5.16096 0.3237134 1.777552 5.176016 0.3067589 1.750609 5.087215 -0.3051085 1.777552 5.087215 -0.3051085 1.777552 5.087215 0.3067589 1.750609 5.087215 0.3067589 1.750609 5.16096 0.3237134 1.750609 5.102271 0.3237134 1.777552 5.102271 0.3237134 1.777552 5.16096 0.3237134 6.184235 5.087215 -0.3051085 6.184235 5.102271 -0.3220631 1.750609 5.176016 -0.3051085 1.777552 5.176016 -0.3051085 1.750609 5.160961 -0.3220631 1.750609 5.160961 -0.3220631 1.777552 5.160961 -0.3220631 1.777552 5.102271 -0.3220631 1.750609 5.102271 -0.3220631 6.247219 5.087215 -0.3051085 6.247219 5.102271 -0.3220631 6.247219 5.087215 0.3067589 6.247219 5.102271 0.3237134 6.247219 5.176016 -0.3051085 6.247219 5.176016 0.3067589 3.84 9.475656E-10 -0.1196216 3.84 9.475656E-10 0.1522441 3.875725 9.475656E-10 0.1706267 4.124274 9.475656E-10 0.1706267 4.124274 9.475656E-10 -0.1380042 3.875725 9.475656E-10 -0.1380042 4.159999 9.475656E-10 0.1522441 4.159999 9.475656E-10 -0.1196216 3.84 5.043494 -0.1196218 3.84 9.475656E-10 -0.1196216 3.84 5.043494 0.1522439 3.84 9.475656E-10 0.1522441 4.159999 5.043494 0.1522439 4.159999 9.475656E-10 0.1522441 4.159999 9.475656E-10 -0.1196216 4.159999 5.043494 -0.1196218 8 5.6 0.2000002 8 6 0.2000002 8 6 -0.2 6 8.742271E-09 0.2000002 8 8.742271E-09 0.2000002 8 0.2310132 -0.2 8 1 -0.2 8 1 0.2000002 6 4.922963 0.2000002 6 4.922963 -0.2 6 1 -0.2 6 1 0.2000002 8 4.922963 -0.2 8 4.922963 0.2000002 5 4.922963 0.2000002 6 4.922963 -0.2 6 4.922963 0.2000002 5 4.922963 -0.2 8 5.6 -0.2 8 5.7 0.2999996 6 6 -0.3000004 8 6 -0.3000004 8 5.970894 -0.3000004 5 6 -0.3000004 8 5.970894 0.2999996 8 6 -0.3000004 8 8.742271E-09 0.2000002 8 -8.742304E-09 -0.2 8 0.2 0.2000002 8 -8.742304E-09 -0.2 8 -1.311345E-08 -0.3000004 8 0.18 -0.3000004 8 0.2 -0.2 8 0.2310132 0.2000002 8 0.2 -0.2 8 0.2 -0.2799999 6 -1.311345E-08 -0.3000004 8 -1.311345E-08 -0.3000004 8 0.2 -0.2799999 6 0.2 -0.2799999 0 8.742271E-09 0.2000002 2 8.742271E-09 0.2000002 0 0.2 0.2000002 0 -8.742304E-09 -0.2 0 8.742271E-09 0.2000002 4 6 -0.3000004 0 4.922963 0.2000002 0 4.922963 -0.2 0 1 -0.2 0 1 0.2000002 2 1 0.2000002 2 1 -0.2 2 4.922963 -0.2 2 4.922963 0.2000002 0 5.6 0.2000002 2 4.922963 0.2000002 2 4.922963 -0.2 3 4.922963 0.2000002 0 5.6 -0.2 3 4.922963 -0.2 2 6 -0.3000004 3 6 -0.3000004 0 6 -0.3000004 0 5.970894 -0.3000004 0 5.970894 0.2999996 0 6 0.2999996 0 6 0.2000002 0 5.7 -0.3000004 0 0.2252475 -0.2 0 -8.742304E-09 -0.2 0 0.2 -0.2 0 0.2252475 0.2000002 0 0.2 -0.2799999 0 0.2 -0.2 0 -1.311345E-08 -0.3000004 2 0.2 -0.2799999 0 0.18 -0.3000004 0 0.2 -0.2799999 0 -1.311345E-08 -0.3000004 0 0.18 -0.3000004 2 0.18 -0.3000004 2 -1.311345E-08 -0.3000004 6 0.2310132 -0.2 6 0.2 -0.2 6 0.2 0.2000002 6 0.2310132 0.2000002 6 0.18 -0.3000004 6 -1.311345E-08 -0.3000004 6 -8.742304E-09 -0.2 6 0.2 -0.2 6 0.2 -0.2799999 6 -8.742304E-09 -0.2 6 8.742271E-09 0.2000002 2 0.2252475 -0.2 2 0.2252475 0.2000002 2 0.2 0.2000002 2 0.2 -0.2 2 -8.742304E-09 -0.2 2 -1.311345E-08 -0.3000004 2 0.18 -0.3000004 2 0.2 -0.2 2 0.2 -0.2799999 2 8.742271E-09 0.2000002 2 -8.742304E-09 -0.2 4 4.922963 -0.2 4 4.922963 0.2000002 5.895598 -5.615698E-09 -0.1039027 5.895598 4.832098 -0.1039028 2.105261 4.848856 -0.1039028 5.879123 4.848856 -0.1039028 2.105261 4.848856 0.1365509 5.879123 4.848856 0.1365509 2.088941 4.849893 -0.1126485 2.088941 -6.119595E-09 -0.1126484 5.895598 4.832098 0.1365509 5.904236 4.84095 0.1452966 5.879123 4.848856 -0.1039028 5.879123 4.848856 0.1365509 5.904236 8.742278E-09 0.1452968 2.097578 4.841041 0.1365509 2.088941 4.849893 0.1452966 2.097578 4.841041 -0.1039028 2.105261 4.848856 -0.1039028 2.105261 4.848856 0.1365509 2.088941 8.742278E-09 0.1452968 3 6 0.2999996 4 6 0.2999996 0 5.7 0.2999996 0 6 -0.2 0 6 -0.3000004 2 6 0.2999996 0 6 0.2999996 6 6 0.2999996 8 6 0.2999996 5 6 0.2999996 8 5.7 -0.3000004 8 6 0.2999996 6 0.2 -0.2 8 0.2 -0.2 0 0.2 -0.2 2 0.2 -0.2 4.124274 9.475656E-10 0.1706267 4.124274 5.043494 0.1706264 4.124274 5.043494 -0.1380044 4.124274 9.475656E-10 -0.1380042 3.875725 5.043494 -0.1380044 3.875725 9.475656E-10 -0.1380042 3.875725 5.043494 0.1706264 3.875725 9.475656E-10 0.1706267 5 5.6 0.2000002 4 5.6 0.2000002 8 5.6 0.2000002 6 5.6 0.2000002 5 5.6 -0.2 6 5.6 -0.2 8 5.6 -0.2 2 5.6 0.2000002 0 5.6 0.2000002 4 5.6 -0.2 2 5.6 -0.2 3 5.6 -0.2 3 5.6 0.2000002 0 5.6 -0.2 4 5.6 -0.2 4 4.922963 -0.2 4 6 -0.3000004 4 5.970894 -0.3000004 4 5.7 -0.3000004 4 5.6 -0.2 4 4.922963 0.2000002 4 4.922963 -0.2 5.879123 4.848856 0.1365509 5.887761 4.857708 0.1452966 5.887761 4.857708 -0.1126485 5.887761 4.857708 -0.1126485 5.895598 4.832098 -0.1039028 5.879123 4.848856 -0.1039028 5.976701 4.948856 0.1452966 5.887761 4.857708 0.1452966 5.904236 4.84095 0.1452966 5.976701 4.948856 -0.1126485 2.105261 4.848856 0.1365509 2.096624 4.857708 0.1452966 2.088941 4.849893 -0.1126485 2.096624 4.857708 -0.1126485 2.105261 4.848856 -0.1039028 2.088941 4.849893 0.1452966 2.096624 4.857708 0.1452966 2.007684 4.948856 0.1452966 2.007683 4.948856 -0.1126485 2.096624 4.857708 -0.1126485 6 1 -0.2 6 1 0.2000002 2 1 -0.2 2 1 0.2000002  
			<Colors>: 0  
			<TextureCoords0>: 627 0.4038086 0.3623047 0.7900391 0.3623047 0.4038086 0.3554688 0.7900391 0.3554688 0.4038086 0.3691406 0.7900391 0.3691406 0.4038086 0.3764648 0.7900391 0.3764648 0.4038086 0.3286133 0.7900391 0.3286133 0.4038086 0.3217773 0.7900391 0.3217773 0.4038086 0.3354492 0.7900391 0.3354492 0.4038086 0.3427734 0.7900391 0.3427734 0.6254883 0.6811523 0.6269531 0.6801758 0.6269531 0.6855469 0.7148438 0.6987305 0.6269531 0.6801758 0.4765625 0.6962891 0.4765625 0.6987305 0.6269531 0.6855469 0.4760742 0.7148438 0.4765625 0.6987305 0.4765625 0.6962891 0.4765625 0.6953125 0.7148438 0.6987305 0.7148438 0.699707 0.7133789 0.7148438 0.6665039 0.6811523 0.6665039 0.6811523 0.6655273 0.6801758 0.6655273 0.6855469 0.6665039 0.6845703 0.6655273 0.6801758 0.6665039 0.6811523 0.6665039 0.6845703 0.6655273 0.6855469 0.6269531 0.6855469 0.6254883 0.6845703 0.6254883 0.6811523 0.6269531 0.6801758 0.6254883 0.6845703 0.6269531 0.6855469 0.6269531 0.6801758 0.6254883 0.6811523 0.6772461 0.7114258 0.6772461 0.7260742 0.7177734 0.7099609 0.5834961 0.7114258 0.6708984 0.7104492 0.6708984 0.7270508 0.730957 0.7045898 0.5898438 0.7104492 0.5522461 0.6953125 0.4785156 0.6953125 0.6748047 0.6953125 0.730957 0.6953125 0.6049805 0.7045898 0.6049805 0.7099609 0.6049805 0.7045898 0.6049805 0.7099609 0.6049805 0.6953125 0.6049805 0.6953125 0.7119141 0.7148438 0.7133789 0.6962891 0.7133789 0.699707 0.7133789 0.6987305 0.7119141 0.7524414 0.7133789 0.6962891 0.7133789 0.699707 0.7133789 0.6987305 0.4790039 0.6953125 0.4790039 0.6987305 0.4790039 0.6953125 0.4790039 0.6987305 0.4790039 0.6962891 0.4794922 0.7148438 0.4790039 0.6962891 0.4794922 0.7524414 0.7119141 0.7148438 0.7133789 0.6962891 0.7133789 0.699707 0.7133789 0.6987305 0.7119141 0.7524414 0.7133789 0.6962891 0.7133789 0.699707 0.7133789 0.6987305 0.4790039 0.6953125 0.4790039 0.6987305 0.4790039 0.6953125 0.4790039 0.6987305 0.4790039 0.6962891 0.4794922 0.7148438 0.4790039 0.6962891 0.4794922 0.7524414 0.06005859 0.4453125 0.05761719 0.4467773 0.140625 0.5893555 0.1381836 0.5893555 0.05761719 0.4638672 0.06005859 0.465332 0.07958984 0.5893555 0.07666016 0.5893555 0.078125 0.4467773 0.07617188 0.4453125 0.1201172 0.5893555 0.1176758 0.5893555 0.07617188 0.465332 0.078125 0.4638672 0.1000977 0.5893555 0.09765625 0.5893555 0.03466797 0.6074219 0.03466797 0.4165039 0.05566406 0.6074219 0.05566406 0.4165039 0.4008789 0.4145508 0.8237305 0.871582 0.5512695 0.01660156 0.4873047 0.01660156 0.5 0.4145508 0.519043 0.01660156 0.4008789 0.3642578 0.5 0.3642578 0.4008789 0.1699219 0.5 0.1699219 0.5498047 0.1699219 0.4301758 0.8642578 0.8237305 0.8969727 0.5512695 0.00390625 0.4873047 0.00390625 0.543457 0.8642578 0.519043 0.00390625 0.2001953 0.3642578 0.2993164 0.3642578 0.2001953 0.1699219 0.3996582 0.1699219 0.2993164 0.1699219 0.1293945 0.5605469 0.4008789 0.1357422 0.5996094 0.1357422 0.5 0.1357422 0.5498047 0.1357422 0.7988281 0.8969727 0.3996582 0.1352539 0.2993164 0.1352539 0.3500977 0.1352539 0.8051758 0.8657227 0.4228516 0.01953125 0.519043 0.01953125 0.5512695 0.01953125 0.4873047 0.01953125 0.2001953 0.1303711 0.8237305 0.9033203 0.519043 0.0004882813 0.5512695 0.0004882813 0.4873047 0.0004882813 0.5996094 0.1308594 0.5 0.1308594 0.5498047 0.1308594 0.2993164 0.1303711 0.3500977 0.1303711 0.5 0.4047852 0.4008789 0.4047852 0.5585938 0.6723633 0.4594727 0.8969727 0.2001953 0.4150391 0.2993164 0.4150391 0.5585938 0.6650391 0.2993164 0.4057617 0.402832 0.6704102 0.2001953 0.4057617 0.6791992 0.01660156 0.7978516 0.4145508 0.5830078 0.01660156 0.6152344 0.01660156 0.6992188 0.4145508 0.7978516 0.3642578 0.6992188 0.3642578 0.5996094 0.1699219 0.7978516 0.1699219 0.6489258 0.1699219 0.6992188 0.1699219 0.6791992 0.00390625 0.6533203 0.8642578 0.5830078 0.00390625 0.6152344 0.00390625 0.5405273 0.8642578 0.2006836 0.3642578 0.3007813 0.3642578 0.2006836 0.1699219 0.1293945 0.5595703 0.3007813 0.1699219 0.7978516 0.1357422 0.6489258 0.1357422 0.6992188 0.1357422 0.7988281 0.8969727 0.3500977 0.1352539 0.3007813 0.1352539 0.6152344 0.01953125 0.6791992 0.01953125 0.5830078 0.01953125 0.3996582 0.1303711 0.6152344 0.0004882813 0.2006836 0.1157227 0.5830078 0.0004882813 0.7978516 0.1308594 0.6489258 0.1308594 0.6992188 0.1308594 0.8051758 0.9033203 0.3500977 0.1303711 0.3007813 0.1303711 0.7978516 0.4047852 0.6992188 0.4047852 0.4594727 0.8969727 0.3759766 0.6723633 0.3803711 0.6723633 0.5405273 0.8583984 0.4003906 0.6723633 0.402832 0.6704102 0.3759766 0.6650391 0.3007813 0.4057617 0.04037017 0.4165039 0.03956363 0.4165039 0.04947358 0.6074219 0.05032334 0.6074219 0.05032335 0.4165039 0.04947358 0.4165039 0.03956363 0.6074219 0.04037017 0.6074219 0.03466797 0.5717382 0.03466797 0.571764 0.05566406 0.571764 0.05566406 0.5717382 0.03956363 0.5717282 0.03956363 0.5717406 0.04037017 0.5717382 0.04037017 0.5717273 0.04947358 0.5717273 0.04947358 0.5717382 0.05032334 0.5717406 0.05032334 0.5717282 0.03466797 0.4509176 0.03466797 0.4509311 0.05566406 0.4509311 0.05566406 0.4509175 0.03956363 0.4509284 0.03956364 0.4509358 0.04037017 0.4509362 0.04037017 0.4509296 0.04947358 0.4509295 0.04947358 0.4509362 0.05032333 0.4509358 0.05032334 0.4509285 0.8213144 0.871582 0.8213145 0.8969727 0.8219303 0.8657227 0.8219302 0.9033203 0.5996094 0.1176321 0.5 0.1176321 0.5498047 0.1176321 0.2993164 0.1171439 0.3500977 0.1171439 0.3996582 0.1171439 0.8213145 0.871582 0.8213143 0.8969727 0.7978516 0.1176321 0.6489258 0.1176321 0.6992188 0.1176321 0.2006836 0.1171439 0.3500977 0.1171439 0.3007813 0.1171439 0.4614223 0.871582 0.2001953 0.4027447 0.5 0.4032141 0.2993164 0.4027447 0.4610599 0.871582 0.6992188 0.4035062 0.2006836 0.4030333 0.3007813 0.4030333 0.7900391 0.3691406 0.4038086 0.3691406 0.4038086 0.3623047 0.7900391 0.3623047 0.6689453 0.3432617 0.6787109 0.3432617 0.6791992 0.347168 0.668457 0.347168 0.7900391 0.3354492 0.4038086 0.3354492 0.4038086 0.3286133 0.7900391 0.3286133 0.6689453 0.3432617 0.6787109 0.3432617 0.6791992 0.347168 0.668457 0.347168 0.4765625 0.6962891 0.4790039 0.6962891 0.7133789 0.7148438 0.7133789 0.7524414 0.7148438 0.699707 0.4765625 0.6953125 0.4760742 0.7148438 0.4760742 0.7524414 0.4790039 0.6962891 0.4765625 0.6962891 0.6254883 0.6845703 0.4765625 0.6987305 0.4765625 0.6962891 0.4760742 0.7524414 0.4790039 0.6962891 0.4765625 0.6962891 0.4765625 0.6953125 0.7148438 0.6987305 0.7148438 0.699707 0.7133789 0.7524414 0.5898438 0.7270508 0.5834961 0.7260742 0.4931641 0.7099609 0.4785156 0.7045898 0.6762695 0.7114258 0.7519531 0.7114258 0.7519531 0.7260742 0.6762695 0.7260742 0.730957 0.7045898 0.6518555 0.7060547 0.6518555 0.6953125 0.6748047 0.7060547 0.4785156 0.7045898 0.5263672 0.7060547 0.5263672 0.6953125 0.5522461 0.7060547 0.730957 0.6953125 0.4785156 0.6953125 0.6005859 0.7114258 0.6005859 0.7260742 0.7177734 0.7099609 0.4931641 0.7099609 0.6655273 0.6801758 0.6655273 0.6855469 0.7148438 0.699707 0.7148438 0.6987305 0.6665039 0.6845703 0.4765625 0.6953125 0.4765625 0.6962891 0.6665039 0.6845703 0.6665039 0.6811523 0.6655273 0.6801758 0.6655273 0.6855469 0.4790039 0.6962891 0.4765625 0.6962891 0.4765625 0.6987305 0.6254883 0.6811523 0.6254883 0.6845703 0.4794922 0.7148438 0.4794922 0.7524414 0.4790039 0.699707 0.4790039 0.6987305 0.7148438 0.6953125 0.7148438 0.6962891 0.7133789 0.6953125 0.7133789 0.7148438 0.7119141 0.7148438 0.7119141 0.7524414 0.7133789 0.7524414 0.7148438 0.6962891 0.7148438 0.6987305 0.7133789 0.6987305 0.7133789 0.6962891 0.4790039 0.699707 0.4790039 0.6987305 0.7148438 0.6953125 0.7133789 0.6953125 0.7148438 0.6962891 0.7148438 0.6962891 0.7133789 0.6962891 0.7133789 0.6987305 0.7148438 0.6987305 0.4765625 0.699707 0.4765625 0.6987305 0.4765625 0.699707 0.4765625 0.6987305 0.4760742 0.7148438 0.4760742 0.7524414 0.4794922 0.7148438 0.4794922 0.7524414 0.4790039 0.699707 0.4790039 0.6987305 0.7148438 0.6953125 0.7148438 0.6962891 0.7133789 0.6953125 0.7133789 0.7148438 0.7119141 0.7148438 0.7119141 0.7524414 0.7133789 0.7524414 0.7148438 0.6962891 0.7148438 0.6987305 0.7133789 0.6987305 0.7133789 0.6962891 0.4790039 0.699707 0.4790039 0.6987305 0.7148438 0.6953125 0.7133789 0.6953125 0.7148438 0.6962891 0.7148438 0.6962891 0.7133789 0.6962891 0.7133789 0.6987305 0.7148438 0.6987305 0.4765625 0.699707 0.4765625 0.6987305 0.4765625 0.699707 0.4765625 0.6987305 0.4760742 0.7148438 0.4760742 0.7524414 0.1000977 0.4257813 0.1176758 0.4257813 0.1201172 0.4257813 0.1381836 0.4257813 0.07958984 0.4257813 0.09765625 0.4257813 0.140625 0.4257813 0.07666016 0.4257813 0.1000977 0.5893555 0.1000977 0.4257813 0.1176758 0.5893555 0.1176758 0.4257813 0.05761719 0.5893555 0.05761719 0.4257813 0.07666016 0.4257813 0.07666016 0.5893555 0.7988281 0.871582 0.4228516 0.01660156 0.4228516 0.00390625 0.543457 0.8867188 0.4301758 0.8867188 0.4614223 0.8969727 0.5097656 0.8969727 0.5097656 0.871582 0.1494141 0.612793 0.1293945 0.612793 0.1293945 0.4169922 0.1494141 0.4169922 0.7563477 0.8969727 0.7563477 0.871582 0.1494141 0.5605469 0.1293945 0.612793 0.1494141 0.612793 0.3500977 0.1699219 0.2001953 0.1352539 0.4008789 0.1308594 0.2993164 0.1157227 0.2001953 0.1157227 0.2001953 0.1171439 0.3500977 0.1157227 0.4008789 0.1176321 0.4228516 0.0004882813 0.4472656 0.871582 0.4472656 0.8969727 0.4594727 0.871582 0.3803711 0.6611328 0.3803711 0.6723633 0.4003906 0.6723633 0.402832 0.6611328 0.4008789 0.403214 0.3759766 0.6723633 0.3759766 0.6650391 0.543457 0.8583984 0.4301758 0.8583984 0.2001953 0.4042969 0.2993164 0.4042969 0.6533203 0.8867188 0.5405273 0.8867188 0.4594727 0.871582 0.4472656 0.8969727 0.4472656 0.871582 0.3996582 0.1157227 0.7563477 0.871582 0.7563477 0.8969727 0.5097656 0.8969727 0.5097656 0.871582 0.1494141 0.4169922 0.1293945 0.4169922 0.1293945 0.612793 0.1494141 0.612793 0.7988281 0.871582 0.1494141 0.612793 0.1293945 0.612793 0.1494141 0.5595703 0.2006836 0.1352539 0.3500977 0.1699219 0.3007813 0.1157227 0.3500977 0.1157227 0.6791992 0.0004882813 0.8219302 0.9033203 0.8219303 0.8657227 0.8237305 0.8657227 0.8237305 0.871582 0.2006836 0.1303711 0.4610599 0.8969727 0.3803711 0.6611328 0.402832 0.6611328 0.7978516 0.4035062 0.5585938 0.6650391 0.5585938 0.6723633 0.6533203 0.8583984 0.3007813 0.4042969 0.2006836 0.4057617 0.2006836 0.4042969 0.2006836 0.4150391 0.2006836 0.4057617 0.3007813 0.4057617 0.3007813 0.4150391 0.1293945 0.4550098 0.1293945 0.456543 0.1494141 0.456543 0.1494141 0.4550097 0.4003906 0.6723633 0.3803711 0.6723633 0.3803711 0.6611328 0.402832 0.6611328 0.402832 0.6704102 0.1293945 0.4663086 0.1494141 0.4663086 0.1293945 0.4548219 0.1494141 0.4548219 0.1494141 0.4560547 0.1293945 0.4560547 0.3803711 0.6611328 0.3803711 0.6723633 0.4003906 0.6723633 0.402832 0.6611328 0.402832 0.6704102 0.1494141 0.4658203 0.1293945 0.4658203 0.1293945 0.5092773 0.1494141 0.5092773 0.04947358 0.4165039 0.04947358 0.5717273 0.04947358 0.4509295 0.04947358 0.5717382 0.04037017 0.4509296 0.04037017 0.5717382 0.05032333 0.4509357 0.05032334 0.6074219 0.04037017 0.5717273 0.03956363 0.5717282 0.04947358 0.5717382 0.04037017 0.5717382 0.03956363 0.4165039 0.04037017 0.4509362 0.03956364 0.4509358 0.04947358 0.4509363 0.04947358 0.4509295 0.04037017 0.4509296 0.03956363 0.6074219 0.6489258 0.1162109 0.5996094 0.1162109 0.8051758 0.8657227 0.8237305 0.8969727 0.8237305 0.9033203 0.6992188 0.1162109 0.7978516 0.1162109 0.5 0.1162109 0.4008789 0.1162109 0.5498047 0.1162109 0.8051758 0.9033203 0.8237305 0.8657227 0.2993164 0.4042969 0.2001953 0.4042969 0.2006836 0.4042969 0.3007813 0.4042969 0.1381836 0.4257813 0.1381836 0.5893555 0.07958984 0.5893555 0.07958984 0.4257813 0.09765625 0.5893555 0.09765625 0.4257813 0.1201172 0.5893555 0.1201172 0.4257813 0.5498047 0.1357422 0.5996094 0.1357422 0.4008789 0.1357422 0.5 0.1357422 0.3500977 0.1352539 0.2993164 0.1352539 0.2001953 0.1352539 0.6992188 0.1357422 0.7978516 0.1357422 0.3996582 0.1352539 0.3007813 0.1352539 0.3500977 0.1352539 0.6489258 0.1357422 0.2006836 0.1352539 0.3996582 0.1352539 0.3996582 0.1699219 0.3996582 0.1157227 0.3996582 0.1171439 0.3996582 0.1303711 0.3996582 0.1352539 0.1494141 0.5097656 0.1293945 0.5097656 0.04037017 0.5717382 0.03956363 0.5717406 0.05032334 0.5717406 0.05032334 0.5717406 0.04947358 0.5717273 0.04947358 0.5717382 0.03466797 0.571764 0.03956363 0.5717406 0.03956363 0.5717283 0.05566406 0.571764 0.04037017 0.4509296 0.03956363 0.4509284 0.05032333 0.4509357 0.05032334 0.4509284 0.04947358 0.4509295 0.03956364 0.4509357 0.03956363 0.4509284 0.03466797 0.4509176 0.05566406 0.4509175 0.05032334 0.4509285 0.1293945 0.4169922 0.1494141 0.4169922 0.1293945 0.4169922 0.1494141 0.4169922  
			<TextureCoords1>: 627 0.4978667 0.630029 0.8470303 0.630029 0.4978667 0.6343604 0.8470302 0.6343605 0.3530696 0.4995791 0.003906253 0.4995791 0.3530696 0.5039105 0.00390625 0.5039105 0.003906253 0.5078168 0.3530698 0.5078169 0.00390625 0.5121484 0.3530698 0.5121484 0.3530696 0.4913413 0.003906253 0.4913413 0.3530696 0.4956728 0.00390625 0.4956728 0.356319 0.4588639 0.3552804 0.4579416 0.3552804 0.4633812 0.3753531 0.2748424 0.3177994 0.4819954 0.3753531 0.1715068 0.6508008 0.2634326 0.3177994 0.487435 0.6508008 0.1662109 0.375353 0.1159333 0.375353 0.1123382 0.375353 0.2545421 0.375353 0.1675999 0.375353 0.166211 0.6508008 0.2545421 0.3167608 0.4495179 0.3167608 0.4588638 0.3177994 0.4579415 0.3177994 0.4633812 0.3167608 0.462459 0.3552804 0.4819953 0.356319 0.4829176 0.356319 0.4865128 0.3552804 0.487435 0.3177994 0.4780891 0.3167609 0.4771668 0.3167608 0.4735717 0.3177994 0.4726495 0.356319 0.453113 0.3552804 0.4540353 0.3552804 0.4485956 0.356319 0.4495179 0.6325238 0.07775599 0.6325238 0.1069005 0.6331507 0.07231832 0.3903284 0.07775605 0.6492857 0.07622457 0.6492857 0.1084319 0.6468159 0.06600404 0.375353 0.07622463 0.3167605 0.4065162 0.3753531 0.05375272 0.3167606 0.4270761 0.3753531 0.03128076 0.5110845 0.06600392 0.5110845 0.0723182 0.5110846 0.04353195 0.5110845 0.04984623 0.5110844 0.0537526 0.5110844 0.03128064 0.6491504 0.2545421 0.6491504 0.255931 0.3770035 0.166211 0.3770035 0.1676 0.6491504 0.217061 0.6491506 0.2156721 0.3770035 0.12873 0.3770037 0.127341 0.3792112 0.254542 0.3792112 0.1159333 0.3792112 0.217061 0.6469426 0.270934 0.3792112 0.1123382 0.6469426 0.166211 0.6469428 0.2673389 0.6469426 0.12873 0.6491504 0.2103762 0.6491504 0.2117652 0.3770037 0.3137125 0.3770037 0.3151014 0.6491504 0.1728952 0.6491506 0.1715062 0.3770035 0.2762315 0.3770037 0.2748426 0.3792113 0.2103767 0.3792112 0.1234347 0.3792112 0.1728957 0.6469426 0.2634324 0.3792113 0.2117657 0.6469429 0.3137106 0.3792114 0.1715068 0.6469426 0.2762296 0.3279351 0.379302 0.3301235 0.380428 0.003906478 0.4672875 0.003906256 0.4697486 0.3301235 0.3970816 0.3279351 0.3982077 0.3128544 0.4456948 0.3128546 0.4432337 0.3105214 0.380428 0.3127098 0.379302 0.00390625 0.4849739 0.003906256 0.402114 0.3127098 0.3982077 0.3105214 0.3970816 0.00390625 0.4187676 0.3128544 0.4609201 0.6763182 0.5814485 0.6762242 0.3190077 0.005001381 0.3982077 0.004595986 0.1165441 0.4939605 0.9960936 0.3714468 0.5508201 0.2489334 0.5914806 0.1264199 0.5914804 0.3714471 0.9960935 0.1876767 0.5914804 0.4939603 0.9348369 0.3714469 0.9348368 0.4939604 0.6945289 0.371447 0.6945288 0.3101903 0.6945288 0.991827 0.6159835 0.3714468 0.5753228 0.2489334 0.6159832 0.1264199 0.6159831 0.8693135 0.6159835 0.1876766 0.6159831 0.4978667 0.9470882 0.6203803 0.9470883 0.4978669 0.70678 0.742894 0.7067801 0.6203805 0.7067801 0.5591233 0.02737433 0.4939604 0.6530558 0.2489336 0.6530557 0.371447 0.6530558 0.3101903 0.6530557 0.3469441 0.5753227 0.742894 0.665307 0.6203805 0.6653069 0.6816373 0.665307 0.3530698 0.5446944 0.003906287 0.5853549 0.1876766 0.5853548 0.2489334 0.5853549 0.1264198 0.5853547 0.4978669 0.6566437 0.3714467 0.5814485 0.1876767 0.6221088 0.2489334 0.622109 0.1264199 0.6221088 0.2489336 0.6443927 0.371447 0.6443927 0.3101903 0.6443927 0.6203805 0.6566439 0.6816372 0.656644 0.371447 0.9838422 0.4939604 0.9838423 0.9734501 0.62946 0.01615759 0.5753228 0.6803 0.5628128 0.8028135 0.5628128 0.9734501 0.6343605 0.8028134 0.5517866 0.01615759 0.5802233 0.6802999 0.5517866 0.4939602 0.5914806 0.003906316 0.9960936 0.3101901 0.5914807 0.3714468 0.5914807 0.1264198 0.9960938 0.003906287 0.9348368 0.1264198 0.9348369 0.2489336 0.6945288 0.003906474 0.6945286 0.1876768 0.6945288 0.12642 0.6945287 0.4939604 0.6159832 0.6803 0.540022 0.3101901 0.6159834 0.3714468 0.6159835 0.8028135 0.540022 0.9879208 0.9470882 0.8654074 0.9470881 0.9879208 0.7067803 0.4366098 0.02737433 0.8654075 0.7067802 0.00390642 0.6530554 0.1876768 0.6530557 0.12642 0.6530555 0.5223694 0.6159833 0.8041508 0.665307 0.8654075 0.6653071 0.3714468 0.5853551 0.4939602 0.5853549 0.3101901 0.585355 0.742894 0.656644 0.3714469 0.6221092 0.9879209 0.6382672 0.3101901 0.6221091 0.003906464 0.6443924 0.1876768 0.6443926 0.12642 0.6443926 0.5162438 0.6221091 0.8041507 0.656644 0.8654074 0.6566441 0.00390625 0.9838423 0.1264198 0.9838424 0.8531558 0.6159835 0.8067197 0.5561796 0.8654072 0.6221091 0.8028134 0.5461477 0.854381 0.6221092 0.8531558 0.620884 0.8067198 0.5610802 0.8067198 0.5628128 0.3013444 0.02883875 0.3013444 0.02808577 0.003906482 0.02342659 0.005001176 0.392886 0.003990319 0.1219739 0.3013444 0.04356819 0.00390672 0.007944226 0.003906488 0.008697152 0.3763229 0.3284169 0.375353 0.3294254 0.3066151 0.1511658 0.3056992 0.1501305 0.004803583 0.02808577 0.3810855 0.3347594 0.9114745 0.5667191 0.005345827 0.02883875 0.005345821 0.04356819 0.9114745 0.5814485 0.3007368 0.1562356 0.2997114 0.1551132 0.3757609 0.5767921 0.376229 0.5772655 0.3006428 0.3981962 0.3010998 0.397748 0.3813891 0.5714329 0.3009952 0.007944226 0.300453 0.008697152 0.6802999 0.5667191 0.6802999 0.5814485 0.300453 0.02342659 0.2951885 0.3928747 0.2956357 0.3923784 0.3690696 0.5508201 0.3690695 0.5753227 0.3696639 0.5446944 0.3696638 0.5814485 0.2489335 0.6277986 0.3714469 0.6277987 0.3101903 0.6277987 0.6203804 0.6400498 0.6816372 0.6400498 0.742894 0.6400499 0.5002438 0.5914807 0.500244 0.6159834 0.003906397 0.6277983 0.1876768 0.6277986 0.12642 0.6277985 0.9879209 0.6400501 0.8041507 0.6400499 0.8654073 0.64005 0.01805737 0.5508201 0.4978668 0.9941939 0.371447 0.9819424 0.6203803 0.994194 0.8516091 0.5914807 0.1264199 0.9822958 0.9879208 0.994547 0.8654075 0.9945469 0.00390625 0.5407882 0.3530698 0.5407882 0.3530698 0.5303745 0.003906255 0.5303745 0.3680022 0.5365002 0.3575886 0.5365002 0.356976 0.5407882 0.3686148 0.5407882 0.00390625 0.5264683 0.3530698 0.5264683 0.3530698 0.5160546 0.003906255 0.5160546 0.9883826 0.6300725 0.9779689 0.6300725 0.9773564 0.6343605 0.9889951 0.6343605 0.375353 0.255931 0.3792112 0.255931 0.6508008 0.2103762 0.6508008 0.1728951 0.375353 0.2762315 0.375353 0.1728957 0.6508011 0.3137106 0.6508008 0.2762296 0.6469428 0.2598373 0.650801 0.2598374 0.356319 0.462459 0.6508008 0.2709342 0.650801 0.2673391 0.6508008 0.1287299 0.3792115 0.2156721 0.3753531 0.215672 0.375353 0.217061 0.3753531 0.127341 0.3753531 0.12873 0.6508008 0.217061 0.375353 0.1084319 0.3903284 0.1069005 0.6312135 0.04984635 0.646816 0.04353207 0.5123947 0.07775599 0.3903284 0.07775605 0.3903284 0.1069005 0.5123947 0.1069005 0.375353 0.04353207 0.348968 0.4393274 0.3489679 0.4270761 0.3167607 0.4393274 0.375353 0.06600404 0.3489678 0.4187676 0.3489678 0.4065162 0.3167605 0.4187676 0.646816 0.05375272 0.6468158 0.03128076 0.6325238 0.07775599 0.6325238 0.1069005 0.3890183 0.04984635 0.3909555 0.07231832 0.3177994 0.4485956 0.3177994 0.4540353 0.3753533 0.3137125 0.3753533 0.3151014 0.3167608 0.453113 0.3753531 0.2103768 0.3753531 0.2117658 0.356319 0.4771668 0.356319 0.4735717 0.3552804 0.4726495 0.3552804 0.4780891 0.3792112 0.1198395 0.375353 0.1198395 0.375353 0.1234347 0.3167608 0.4829177 0.3167609 0.4865128 0.3792112 0.254542 0.3792112 0.217061 0.6469426 0.12873 0.6469426 0.127341 0.6508008 0.217061 0.6508009 0.2156721 0.6491504 0.217061 0.375353 0.166211 0.3770035 0.166211 0.3770035 0.12873 0.3753531 0.12873 0.3753532 0.2673391 0.375353 0.2709342 0.3770035 0.2709343 0.3770036 0.2673392 0.6469426 0.166211 0.6469426 0.1676 0.6508008 0.2545421 0.6491504 0.2545421 0.6508008 0.255931 0.6508006 0.1123382 0.6491502 0.1123382 0.6491502 0.1159333 0.6508006 0.1159333 0.6508008 0.1662109 0.6508008 0.1675999 0.6508008 0.1287299 0.6508008 0.127341 0.375353 0.2545421 0.375353 0.217061 0.3792113 0.2103767 0.3792112 0.1728957 0.6469426 0.2762296 0.6469426 0.2748407 0.6508008 0.1728951 0.6508008 0.1715063 0.6491504 0.1728952 0.3753533 0.3137125 0.3770037 0.3137125 0.3770035 0.2762315 0.375353 0.2762315 0.3753532 0.2598374 0.375353 0.2634326 0.3770035 0.2634327 0.3770036 0.2598375 0.6469429 0.3137106 0.6469429 0.3150995 0.6508008 0.2103762 0.6491504 0.2103762 0.6508008 0.2117652 0.6508006 0.1198395 0.6491502 0.1198395 0.6491502 0.1234347 0.6508006 0.1234347 0.6508011 0.3137106 0.6508011 0.3150995 0.6508008 0.2762296 0.6508008 0.2748406 0.3753531 0.2103768 0.375353 0.1728957 0.3128543 0.4187676 0.3128543 0.4021139 0.3128544 0.4849739 0.3128544 0.4697486 0.003906256 0.4456948 0.00390625 0.4609201 0.3128546 0.4672875 0.003906478 0.4432337 0.3128544 0.4633812 0.003906279 0.4633812 0.003906279 0.487435 0.3128544 0.487435 0.3128544 0.4226738 0.003906256 0.4226738 0.00390625 0.4393274 0.3128544 0.4393274 0.3469441 0.55082 0.00390625 0.5914806 0.00390638 0.6159832 0.8693134 0.5914807 0.9918269 0.5914807 0.01805736 0.5753228 0.06516296 0.5753229 0.06516297 0.5508202 0.00390625 0.04747462 0.003906403 0.07197738 0.2442143 0.07197738 0.2442142 0.04747468 0.305471 0.5753227 0.305471 0.55082 0.5591232 0.002871633 0.62038 0.02737439 0.62038 0.002871633 0.6816372 0.7067801 0.4978668 0.6653068 0.4939605 0.6443928 0.6203804 0.6382669 0.4978668 0.6382667 0.4978668 0.6400497 0.6816372 0.6382669 0.4939605 0.6277988 0.003906344 0.6221089 0.00390625 0.5508201 0.003906254 0.5753228 0.01615759 0.5508201 0.003906254 0.5753228 0.003906261 0.5814485 0.01493246 0.5814485 0.01615759 0.5753228 0.4939604 0.9819425 0.8509365 0.62946 0.8509365 0.6343605 0.8693135 0.6221092 0.991827 0.6221092 0.6802999 0.550054 0.8028134 0.550054 0.6802999 0.5155193 0.8028134 0.5155193 0.8531557 0.5914807 0.8654071 0.6159834 0.865407 0.5914807 0.742894 0.638267 0.5638424 0.5914804 0.5638425 0.6159831 0.8041504 0.6159836 0.8041503 0.5914809 0.06516303 0.08200938 0.06516299 0.1065121 0.305471 0.1065121 0.305471 0.08200938 0.5223693 0.5914806 0.375353 0.002871633 0.3753531 0.02737433 0.4366097 0.002871633 0.9879209 0.6653072 0.8041508 0.7067802 0.8654073 0.638267 0.8041508 0.638267 0.4939603 0.6221089 0.4996497 0.6221091 0.4996495 0.585355 0.4978666 0.585355 0.4978666 0.5914807 0.9879209 0.6566442 0.8516092 0.6159835 0.8654071 0.6159834 0.8531558 0.6159835 0.003906334 0.9822957 0.9292333 0.5610802 0.9292332 0.5561796 0.6802999 0.5461477 0.8067198 0.5610802 0.9292333 0.5628128 0.9292333 0.5610802 0.9292333 0.5461477 0.9292332 0.5351215 0.8067197 0.5351215 0.8067198 0.5461477 0.29132 0.07197714 0.2932197 0.07197732 0.2932197 0.04747456 0.2913198 0.04747444 0.2944448 0.07810301 0.305471 0.07810301 0.305471 0.07197732 0.2932197 0.07197732 0.2932197 0.07687783 0.305471 0.07197732 0.305471 0.04747462 0.0177042 0.106512 0.01770423 0.08200926 0.01615763 0.08200938 0.01615762 0.1065121 0.00390625 0.1065121 0.003906261 0.1126378 0.0149325 0.1126378 0.01615762 0.1065121 0.01615763 0.1114126 0.003906259 0.08200938 0.00390625 0.1065121 0.4978665 0.02737433 0.4978665 0.002871633 0.00390625 0.1227246 0.2990284 0.1557765 0.2949015 0.3917953 0.2999598 0.1568288 0.3821513 0.57086 0.381838 0.3353301 0.3009953 0.02417952 0.00390625 0.02417952 0.3827542 0.3342295 0.3820349 0.3336511 0.00390625 0.04356819 0.003906255 0.02883875 0.6763936 0.3244158 0.3825601 0.5713735 0.3818401 0.5719409 0.2944784 0.392302 0.3011244 0.02342659 0.3011244 0.008697152 0.6763936 0.5760468 0.1876768 0.6260156 0.2489335 0.6260157 0.5162436 0.5853549 0.4978667 0.6159834 0.4978667 0.6221091 0.12642 0.6260155 0.00390638 0.6260154 0.3714469 0.6260158 0.4939605 0.6260159 0.3101903 0.6260157 0.3530698 0.5814484 0.3714468 0.5446944 0.6203803 0.9960938 0.4978668 0.9960936 0.9879208 0.9960936 0.8654073 0.9960935 0.3128544 0.4697486 0.003906256 0.4697486 0.3128544 0.4456948 0.003906256 0.4456948 0.3128544 0.4609201 0.00390625 0.4609201 0.00390625 0.4849739 0.3128544 0.4849739 0.3101903 0.6530557 0.2489336 0.6530557 0.4939604 0.6530558 0.371447 0.6530558 0.6816373 0.665307 0.6203805 0.6653069 0.4978668 0.6653068 0.12642 0.6530555 0.00390642 0.6530554 0.742894 0.665307 0.8654075 0.6653071 0.8041508 0.665307 0.1876768 0.6530557 0.9879209 0.6653072 0.742894 0.665307 0.742894 0.7067801 0.742894 0.638267 0.742894 0.6400499 0.742894 0.656644 0.742894 0.665307 0.4978665 0.002871633 0.4978665 0.02737433 0.381838 0.3353301 0.3810855 0.3347594 0.3007368 0.1562356 0.3007368 0.1562356 0.2990284 0.1557765 0.2999598 0.1568288 0.375353 0.3294254 0.3810855 0.3347594 0.3820349 0.3336511 0.3066151 0.1511658 0.3821513 0.57086 0.3813891 0.5714329 0.2951885 0.3928747 0.2956357 0.3923784 0.2949015 0.3917953 0.3818401 0.5719409 0.3813891 0.5714329 0.3757609 0.5767921 0.3010998 0.397748 0.2956357 0.3923784 0.2442143 0.07197738 0.2442142 0.04747468 0.06516299 0.1065121 0.06516303 0.08200938  
			<Normals>: 627 0.9899532 0 0.1413957 0.9899532 0 0.1413957 0.9899532 0 0.1413957 0.9899532 0 0.1413957 -0.9899532 0 0.1413957 -0.9899532 0 0.1413957 -0.9899532 0 0.1413957 -0.9899532 0 0.1413957 0.9899532 0 0.1413957 0.9899532 0 0.1413957 0.9899532 0 0.1413957 0.9899532 0 0.1413957 -0.9899532 0 0.1413957 -0.9899532 0 0.1413957 -0.9899532 0 0.1413957 -0.9899532 0 0.1413957 -0.6254395 0.3198156 0.7117186 -0.6352223 0.7219878 0.2742742 -0.6352223 -0.7219878 0.2742742 -0.6254395 -0.3198156 0.7117186 0.6352223 0.7219878 0.2742742 0.6254395 0.3198156 0.7117186 0.6254395 -0.3198156 0.7117186 0.6352223 -0.7219878 0.2742742 0.6352223 -0.7219878 -0.2742742 0.6254395 -0.3198156 -0.7117186 0.6254395 0.3198156 -0.7117186 0.6352223 0.7219878 -0.2742742 -0.6254395 -0.3198156 -0.7117186 -0.6352223 -0.7219878 -0.2742742 -0.6352223 0.7219878 -0.2742742 -0.6254395 0.3198156 -0.7117186 -0.6254395 0.3198156 -0.7117186 -0.6352223 0.7219878 -0.2742742 -0.6352223 -0.7219878 -0.2742742 -0.6254395 -0.3198156 -0.7117186 0.6352223 0.7219878 -0.2742742 0.6254395 0.3198156 -0.7117186 0.6254395 -0.3198156 -0.7117186 0.6352223 -0.7219878 -0.2742742 0.6352223 -0.7219878 0.2742742 0.6254395 -0.3198156 0.7117186 0.6254395 0.3198156 0.7117186 0.6352223 0.7219878 0.2742742 -0.6254395 -0.3198156 0.7117186 -0.6352223 -0.7219878 0.2742742 -0.6352223 0.7219878 0.2742742 -0.6254395 0.3198156 0.7117186 0.1298885 -0.8098499 0.572077 0.1298885 -0.8098499 -0.572077 -0.1476524 -0.8102569 -0.5671706 -0.1476524 -0.8102569 0.5671706 0.6547674 -0.4560238 0.602762 0.6547674 -0.4560238 -0.602762 -0.6617827 -0.440456 -0.6066647 -0.6617827 -0.440456 0.6066647 0.7071068 0 0.7071068 0.7071068 0 -0.7071068 -0.7071068 0 -0.7071068 -0.7071068 0 0.7071068 0 -0.1221677 -0.9925095 0 -0.7882071 -0.6154101 0 -0.1221677 0.9925095 0 -0.7882071 0.6154101 0 0 -1 0 0 1 0 0.9348079 -0.3551537 0 0.4098672 -0.9121452 0 -0.9348079 -0.3551537 0 -0.4098672 -0.9121452 0 0.9348079 0.3551537 0 0.4098672 0.9121452 0 -0.9348079 0.3551537 0 -0.4098672 0.9121452 0 0.9348079 -0.3551537 0 -0.4098672 -0.9121452 0 0.9348079 0.3551537 0 -0.4098672 0.9121452 0 0.4098672 -0.9121452 0 -0.9348079 -0.3551537 0 0.4098672 0.9121452 0 -0.9348079 0.3551537 0 0.9348079 -0.3551537 0 0.4098672 -0.9121452 0 -0.9348079 -0.3551537 0 -0.4098672 -0.9121452 0 0.9348079 0.3551537 0 0.4098672 0.9121452 0 -0.9348079 0.3551537 0 -0.4098672 0.9121452 0 0.9348079 -0.3551537 0 -0.4098672 -0.9121452 0 0.9348079 0.3551537 0 -0.4098672 0.9121452 0 0.4098672 -0.9121452 0 -0.9348079 -0.3551537 0 0.4098672 0.9121452 0 -0.9348079 0.3551537 0 -1 0 0 -1 0 0.853689 0 0.5207832 0 0 1 0 -1 0 0 -1 0 0 0 -1 0.853689 0 -0.5207832 0 -1 0 0 -1 0 0 0 1 -0.8536754 0 0.5208055 0 -1 0 0 -1 0 -0.8536754 0 -0.5208055 0 0 -1 0 0 1 0 0 1 0 0 -1 0 0 -1 0 0 1 1 0 0 0 1 0 0 1 0 0 0 1 0 1 0 0 0 1 0 0 1 0 0 1 0 0 1 0 0 1 0 -1 0 1 0 0 0 1 0 0 1 0 0 -1 0 0 1 0 0 0 -1 0 0 -1 0 0 -1 0 0 -1 0 0 -1 0 -1 0 0 0 1 0 -0.7071068 0.7071068 0 0 1 0 0 1 1 0 0 0 0 -1 0 0 -1 0 0 -1 1 0 0 0 0.7071068 0.7071068 0 0.7071068 0.7071068 0 0.7071068 0.7071068 0 0.7071068 0.7071068 0 -0.3826815 -0.9238803 1 0 0 0 0.7071068 -0.7071068 0 0.7071068 -0.7071068 0 0.7071068 -0.7071068 0 -0.3826815 0.9238803 0 -0.3826815 0.9238803 0 -0.3826815 0.9238803 0 -0.3826815 -0.9238803 0 -0.3826815 -0.9238803 0 0 1 0 0 1 0 0.7071068 -0.7071068 1 0 0 0 0 -1 0 0 -1 0 0.9238803 -0.3826815 0 0.3826815 -0.9238803 1 0 0 0 0.3826815 -0.9238803 0 1 0 0 0 1 0 1 0 0 1 0 0 0 1 0 0 1 0 0 1 0 0 1 0 0 1 0 0 1 0 0 1 0 1 0 0 -1 0 0 1 0 0 1 0 0 -1 0 0 0 -1 0 0 -1 0 0 -1 0 -1 0 0 0 -1 0 0 1 0 0 1 0 0 1 -1 0 0 0 0 -1 0 0 -1 0 0.7071068 0.7071068 0 0.7071068 0.7071068 0 0.7071068 0.7071068 0 -0.3826815 -0.9238803 0 0.7071068 -0.7071068 0 0.7071068 -0.7071068 0 0.7071068 -0.7071068 0 -0.3826815 0.9238803 0 -0.3826815 0.9238803 0 -0.3826815 0.9238803 -1 0 0 0 -0.3826815 -0.9238803 0 -0.3826815 -0.9238803 0 0 1 0 0 1 -1 0 0 0 0.7071068 -0.7071068 -1 0 0 0 -1 0 -1 0 0 -1 0 0 0 0.9238803 -0.3826815 0 0.3826815 -0.9238803 -0.9250644 0 0.3798102 -0.3855492 0 0.9226873 0.9250751 0 -0.379784 0.3855492 0 -0.9226873 -0.3855492 0 -0.9226873 -0.9250644 0 -0.3798102 0.3855492 0 0.9226873 0.9250751 0 0.379784 0 0 1 0 0 1 0 0 -1 0 0 -1 -0.2189445 -0.1060236 0.96996 -0.1054452 -0.2153462 0.9708282 -0.3010711 -0.8223073 0.4828736 -0.828984 -0.2931643 0.4762775 -0.828984 -0.2931643 -0.4762775 -0.3010667 -0.8222952 -0.482897 -0.1054452 -0.2153462 -0.9708282 -0.2189445 -0.1060236 -0.96996 0 0 1 0 0 1 0 0 -1 0 0 -1 0.1054452 -0.2153462 0.9708282 0.2189445 -0.1060236 0.96996 0.828984 -0.2931643 0.4762775 0.3010434 -0.8223149 0.482878 0.3010434 -0.8223149 -0.482878 0.828984 -0.2931643 -0.4762775 0.2189445 -0.1060236 -0.96996 0.1054452 -0.2153462 -0.9708282 1 0 0 1 0 0 1 0 0 1 0 0 0 0 1 0 0 1 0 0 1 0 0 -1 0 0 -1 0 0 -1 -1 0 0 -1 0 0 0 0 1 0 0 1 0 0 1 0 0 -1 0 0 -1 0 0 -1 1 0 0 0 0 -1 0 0 1 0 0 -1 -1 0 0 0 0 1 0 0 -1 0 0 -1 0 0 1 0 0 1 0 0 1 0 0 1 0 -1 0 0 -1 0 0 -1 0 0 -1 0 0 0 1 0 0 1 0 0 1 0 0 1 0 -1 0 0 -1 0 0 -1 0 0 -1 0 0.6254395 0.3198156 -0.7117186 0 0.4098672 -0.9121452 -0.6352223 0.7219878 -0.2742742 -0.6352223 0.7219878 0.2742742 -0.6352223 -0.7219878 0.2742742 0.6352223 0.7219878 0.2742742 0.6352223 -0.7219878 -0.2742742 0.6352223 -0.7219878 0.2742742 0 0.4098672 0.9121452 0.6254395 0.3198156 0.7117186 -0.6254395 -0.3198156 0.7117186 0.6254395 -0.3198156 0.7117186 0.6254395 0.3198156 0.7117186 0.6352223 -0.7219878 0.2742742 0 0.4098672 0.9121452 0.6254395 0.3198156 0.7117186 0.6352223 0.7219878 0.2742742 -0.6254395 -0.3198156 0.7117186 -0.6352223 -0.7219878 0.2742742 -0.6352223 0.7219878 0.2742742 -0.6617827 -0.440456 -0.6066647 -0.1476524 -0.8102569 -0.5671706 0.1298885 -0.8098499 0.572077 0.6547674 -0.4560238 0.602762 0 -0.7882071 0.6154101 -0.1476524 -0.8102569 0.5671706 -0.1476524 -0.8102569 -0.5671706 0 -0.7882071 -0.6154101 -0.6617827 -0.440456 0.6066647 -0.6617827 -0.440456 0.6066647 -0.7071068 0 0.7071068 -0.6617827 -0.440456 -0.6066647 0.6547674 -0.4560238 -0.602762 0.6547674 -0.4560238 -0.602762 0.7071068 0 -0.7071068 0.6547674 -0.4560238 0.602762 -0.7071068 0 -0.7071068 0.7071068 0 0.7071068 0.1298885 -0.8098499 0.572077 0.1298885 -0.8098499 -0.572077 -0.1476524 -0.8102569 0.5671706 0.1298885 -0.8098499 -0.572077 -0.6352223 0.7219878 -0.2742742 -0.6352223 -0.7219878 -0.2742742 -0.6352223 -0.7219878 -0.2742742 -0.6254395 -0.3198156 -0.7117186 -0.6254395 -0.3198156 -0.7117186 0.6352223 0.7219878 -0.2742742 0.6254395 0.3198156 -0.7117186 0.6254395 -0.3198156 -0.7117186 0.6254395 0.3198156 -0.7117186 0.6352223 0.7219878 -0.2742742 0.6352223 -0.7219878 -0.2742742 0 0.4098672 -0.9121452 0.6254395 0.3198156 -0.7117186 0.6254395 -0.3198156 -0.7117186 0.6254395 0.3198156 0.7117186 0.6254395 -0.3198156 0.7117186 0 0.9348079 -0.3551537 0 0.9348079 0.3551537 0 -0.9348079 0.3551537 0 -0.4098672 0.9121452 -0.6352223 0.7219878 0.2742742 -0.6254395 0.3198156 0.7117186 0 0.9348079 0.3551537 -0.6352223 -0.7219878 -0.2742742 0 -0.9348079 -0.3551537 0 -0.9348079 0.3551537 -0.6352223 -0.7219878 0.2742742 -0.6254395 0.3198156 0.7117186 -0.6254395 -0.3198156 0.7117186 0 -0.4098672 0.9121452 0 0.4098672 0.9121452 0 -0.9348079 -0.3551537 0 -0.4098672 -0.9121452 -0.6352223 0.7219878 -0.2742742 0 0.9348079 -0.3551537 -0.6254395 0.3198156 -0.7117186 -0.6254395 0.3198156 -0.7117186 0 0.4098672 -0.9121452 0 -0.4098672 -0.9121452 -0.6254395 -0.3198156 -0.7117186 0.6352223 -0.7219878 -0.2742742 0.6254395 -0.3198156 -0.7117186 0.6352223 -0.7219878 0.2742742 0.6254395 -0.3198156 0.7117186 0.6352223 0.7219878 -0.2742742 0.6352223 0.7219878 0.2742742 0 0.9348079 -0.3551537 0 0.9348079 0.3551537 0 -0.9348079 0.3551537 0 -0.4098672 0.9121452 -0.6352223 0.7219878 0.2742742 -0.6254395 0.3198156 0.7117186 0 0.9348079 0.3551537 -0.6352223 -0.7219878 -0.2742742 0 -0.9348079 -0.3551537 0 -0.9348079 0.3551537 -0.6352223 -0.7219878 0.2742742 -0.6254395 0.3198156 0.7117186 -0.6254395 -0.3198156 0.7117186 0 -0.4098672 0.9121452 0 0.4098672 0.9121452 0 -0.9348079 -0.3551537 0 -0.4098672 -0.9121452 -0.6352223 0.7219878 -0.2742742 0 0.9348079 -0.3551537 -0.6254395 0.3198156 -0.7117186 -0.6254395 0.3198156 -0.7117186 0 0.4098672 -0.9121452 0 -0.4098672 -0.9121452 -0.6254395 -0.3198156 -0.7117186 0.6352223 -0.7219878 -0.2742742 0.6254395 -0.3198156 -0.7117186 0.6352223 -0.7219878 0.2742742 0.6254395 -0.3198156 0.7117186 0.6352223 0.7219878 -0.2742742 0.6352223 0.7219878 0.2742742 -0.8536754 0 -0.5208055 -0.8536754 0 0.5208055 0 0 1 0 0 1 0 0 -1 0 0 -1 0.8536754 0 0.5208055 0.853689 0 -0.5207832 -0.8536754 0 -0.5208055 -0.8536754 0 -0.5208055 -0.8536754 0 0.5208055 -0.8536754 0 0.5208055 0.853689 0 0.5207832 0.8536754 0 0.5208055 0.853689 0 -0.5207832 0.853689 0 -0.5207832 1 0 0 0 1 0 0 1 0 0 -1 0 0 -1 0 1 0 0 1 0 0 1 0 0 -1 0 0 -1 0 0 -1 0 0 -1 0 0 1 0 0 1 0 0 0 -1 0 0 -1 0 0 -1 0 0 0 -1 0 0 -1 0 -0.3826815 0.9238803 0 0.7071068 -0.7071068 0 0.7071068 -0.7071068 0 0 -1 0 0.7071068 -0.7071068 0 0 1 0 0.7071068 -0.7071068 1 0 0 1 0 0 1 0 0 1 0 0 1 0 0 1 0 0 1 0 0 0 0 1 0 0.7071068 -0.7071068 0 0.9238803 -0.3826815 0 -1 0 0 -1 0 0 0.9238803 -0.3826815 0 0.9238803 -0.3826815 0 -1 0 0 -1 0 -1 0 0 -1 0 0 -1 0 0 0 0.7071068 -0.7071068 -1 0 0 -1 0 0 -1 0 0 -1 0 0 1 0 0 1 0 0 1 0 0 1 0 0 -1 0 0 0 -1 0 0 -1 0 0 -1 0 0 0 -1 0 0 -1 0 0.7071068 -0.7071068 0 0.7071068 -0.7071068 0 0.7071068 -0.7071068 -1 0 0 -1 0 0 -1 0 0 -1 0 0 0 -0.3826815 -0.9238803 -1 0 0 -1 0 0 -1 0 0 0 0 1 0 0.9238803 -0.3826815 0 0.7071068 -0.7071068 0 -1 0 0 0.9238803 -0.3826815 0 0.3826815 -0.9238803 0 0.9238803 -0.3826815 0 0 -1 0 0.3826815 -0.9238803 0 0.3826815 -0.9238803 0 0 -1 -1 0 0 -1 0 0 -1 0 0 -1 0 0 -1 0 0 -1 0 0 -1 0 0 -1 0 0 -1 0 0 -1 0 0 -1 0 0 1 0 0 1 0 0 1 0 0 1 0 0 1 0 0 1 0 0 1 0 0 1 0 0 1 0 0 1 0 0 1 0 0 0 -1 0 0 -1 0 -0.9250644 0 -0.3798102 -0.828984 -0.2931643 -0.4762775 0.3010434 -0.8223149 -0.482878 -0.3010667 -0.8222952 -0.482897 0.3010434 -0.8223149 0.482878 -0.3010711 -0.8223073 0.4828736 0.2189445 -0.1060236 -0.96996 0.3855492 0 -0.9226873 -0.828984 -0.2931643 0.4762775 -0.2189445 -0.1060236 0.96996 -0.3010667 -0.8222952 -0.482897 -0.3010711 -0.8223073 0.4828736 -0.3855492 0 0.9226873 0.828984 -0.2931643 0.4762775 0.2189445 -0.1060236 0.96996 0.828984 -0.2931643 -0.4762775 0.3010434 -0.8223149 -0.482878 0.3010434 -0.8223149 0.482878 0.3855492 0 0.9226873 0 0.7071068 0.7071068 0 0.7071068 0.7071068 -1 0 0 -1 0 0 -1 0 0 0 0.7071068 0.7071068 0 0.7071068 0.7071068 0 0.7071068 0.7071068 0 0.7071068 0.7071068 0 0.7071068 0.7071068 1 0 0 1 0 0 0 0.7071068 -0.7071068 0 0.7071068 -0.7071068 0 0.7071068 -0.7071068 0 0.7071068 -0.7071068 0.4575355 0 0.8891913 0.4575355 0 0.8891913 0.4575355 0 -0.8891913 0.4575355 0 -0.8891913 -0.4575355 0 -0.8891913 -0.4575355 0 -0.8891913 -0.4575355 0 0.8891913 -0.4575355 0 0.8891913 0 -0.7071068 0.7071068 0 0 1 0 -0.7071068 0.7071068 0 -0.7071068 0.7071068 0 -0.7071068 -0.7071068 0 -0.7071068 -0.7071068 0 -0.7071068 -0.7071068 0 -0.7071068 0.7071068 0 -0.7071068 0.7071068 0 -0.7071068 -0.7071068 0 -0.7071068 -0.7071068 0 -0.7071068 -0.7071068 0 -0.7071068 0.7071068 0 -0.7071068 -0.7071068 0 0 -1 0 0 -1 0 0.7071068 -0.7071068 0 0 -1 0 -0.3826815 -0.9238803 0 -0.7071068 -0.7071068 0 -1 0 0 -1 0 -0.3010711 -0.8223073 0.4828736 -0.1054452 -0.2153462 0.9708282 -0.1054452 -0.2153462 -0.9708282 -0.1054452 -0.2153462 -0.9708282 -0.828984 -0.2931643 -0.4762775 -0.3010667 -0.8222952 -0.482897 0 0 1 -0.1054452 -0.2153462 0.9708282 -0.2189445 -0.1060236 0.96996 0 0 -1 0.3010434 -0.8223149 0.482878 0.1054452 -0.2153462 0.9708282 0.2189445 -0.1060236 -0.96996 0.1054452 -0.2153462 -0.9708282 0.3010434 -0.8223149 -0.482878 0.2189445 -0.1060236 0.96996 0.1054452 -0.2153462 0.9708282 0 0 1 0 0 -1 0.1054452 -0.2153462 -0.9708282 -1 0 0 -1 0 0 1 0 0 1 0 0  
			<Tangents>: 627 5.854857E-09 1 -4.099157E-08 5.854857E-09 1 -4.099157E-08 5.854857E-09 1 -4.099157E-08 5.854857E-09 1 -4.099157E-08 -5.854857E-09 1 -4.099157E-08 -5.854857E-09 1 -4.099157E-08 -5.854857E-09 1 -4.099157E-08 -5.854857E-09 1 -4.099157E-08 5.854857E-09 1 -4.099157E-08 5.854857E-09 1 -4.099157E-08 5.854857E-09 1 -4.099157E-08 5.854857E-09 1 -4.099157E-08 -5.854857E-09 1 -4.099157E-08 -5.854857E-09 1 -4.099157E-08 -5.854857E-09 1 -4.099157E-08 -5.854857E-09 1 -4.099157E-08 -0.6886404 0.2026339 -0.696214 -0.1814804 0.2056486 -0.9616514 -0.1818354 -0.2053362 -0.9616511 -0.7802727 0.2563531 -0.570489 0.1818346 0.2053369 -0.9616511 -0.7802727 0.2563531 0.570489 -0.7802727 -0.2563531 0.570489 0.1814812 -0.2056479 -0.9616514 -0.7723294 -0.5938175 -0.2255839 -0.7802727 -0.2563531 -0.570489 -0.7802727 0.2563531 -0.570489 -0.7723294 0.5938175 -0.2255839 -0.7802727 0.2563531 0.570489 -0.7723294 0.5938175 0.2255839 -0.7723294 -0.5938175 0.2255839 0.6637754 -0.2613943 -0.7007676 0.6637754 -0.2613943 -0.7007676 0.1816176 -0.2055279 -0.9616514 0.1813787 0.2057381 -0.9616515 0.6886404 0.2026339 -0.696214 -0.1813795 -0.2057374 -0.9616515 -0.6886404 -0.2026339 -0.696214 -0.6637754 0.2613943 -0.7007676 -0.1816168 0.2055286 -0.9616514 0.1814812 -0.2056479 -0.9616514 0.6886404 -0.2026339 -0.696214 0.6637754 0.2613943 -0.7007676 0.1818346 0.2053369 -0.9616511 -0.6637754 -0.2613943 -0.7007676 -0.1818354 -0.2053362 -0.9616511 -0.1814804 0.2056486 -0.9616514 -0.6886404 0.2026339 -0.696214 -0.9726427 -0.2161417 -0.08514108 -0.970068 -0.2231834 0.09569398 -0.9890393 0.1209622 0.08467215 -0.962529 0.249602 0.1060034 -0.7163122 -0.6288832 0.3023287 -0.7190359 -0.6216075 -0.3107917 -0.7496957 0.388806 0.5355243 -0.7031121 0.6454482 -0.2983788 -0.7071068 0 0.7071068 -0.7071068 0 -0.7071068 0.7071068 0 -0.7071068 -0.7071068 0 -0.7071068 -1 0 0 -1 0 0 -1 2.92412E-10 3.599285E-11 -1 3.359586E-09 4.302902E-09 -1 0 0 -1 0 0 -1 0 0 -1 0 0 -1 0 0 -1 0 0 -1 0 0 -1 0 0 -1 0 0 -1 0 0 -1 0 0 -1 0 0 -1 0 0 -1 0 0 -1 0 0 -1 0 0 -1 0 0 -1 0 0 -1 0 0 -1 0 0 -1 0 0 -1 0 0 -1 0 0 -1 0 0 -1 0 0 -1 0 0 -1 0 0 -1 0 0 -1 0 0 -1 0 0 -1 0 0 -1 0 0 -1 0 0 -1 0 0 -1 0 0 -1 0 0 0.5207832 0 -0.853689 1 0 0 -1 0 0 -1 0 0 -1 0 0 -0.5207832 0 -0.853689 -1 0 0 -1 0 0 1 0 0 0.5208056 0 0.8536753 -1 0 0 -1 0 0 -0.5208056 0 0.8536753 -1 0 0 0.9999649 -0.008377841 0 -1 0 0 -0.9999649 0.008377752 0 1 0 0 -1 0 0 0 1 0 -1 0 0 -1 0 0 -1 0 0 -1 0 0 -1 0 0 -1 7.527964E-08 0 -1 0 0 -1 0 0 -1 0 0 -1 0 0 0 1 0 -1 0 0 -1 0 0 -1 0 0 -1 0 0 -1 0 0 -1 0 0 -1 0 0 -1 0 0 -1 0 0 0 0 1 -1 0 0 -1 0 0 -1 0 0 -1 0 0 0 1 2.757391E-08 -1 0 0 -1 0 0 -1 0 0 0 1 0 -1 0 0 -1 0 0 -1 0 0 -1 0 0 -1 0 0 0 1 -2.852431E-06 -1 0 0 -1 0 0 -1 0 0 -1 0 0 -1 0 0 -1 0 0 -1 0 0 -1 0 0 -1 0 0 -1 8.072358E-08 0 -1 0 0 0 1 0 -1 0 0 -1 0 0 -1 0 0 -1 0 0 0 0.9877594 0.1559855 -1 0 0 -1 0 0 -1 0 0 -1 0 0 -1 0 0 -1 0 0 -1 0 0 -1 0 0 -1 0 0 -1 0 0 -1 0 0 -1 0 0 -1 0 0 -1 0 0 -1 0 0 -1 0 0 -1 0 0 1 0 0 1 0 0 1 0 0 0 0 1 1 0 0 -1 0 0 -1 0 0 -1 0 0 0 1 -2.352386E-09 1 0 0 1 0 0 -1 0 0 -1 0 0 -1 0 0 -1 0 0 -1 0 0 1 0 0 -1 0 0 -1 0 0 -1 0 0 -1 0 0 0 1 3.380086E-07 1 0 0 1 0 0 -1 0 0 -1 0 0 0 1 0 -1 0 0 0 1 0 -1 0 0 0 0.9999891 0.004665402 0 0.9877594 0.1559855 -1 0 0 1 0 0 -0.3798101 -8.285651E-05 -0.9250644 -0.9226873 -4.44293E-08 -0.3855492 -0.379784 8.667205E-05 -0.9250752 -0.9226873 0 -0.3855492 0.922659 0.007832501 -0.3855374 0.3798101 -6.228367E-08 -0.9250644 0.9226868 -0.001023073 -0.385549 0.379784 0 -0.9250752 -0.7115248 -0.7026609 0 -0.695324 -0.7186964 0 0.6952987 0.7187209 0 0.7115078 0.7026782 0 -0.7048314 -0.6702398 -0.2323602 -0.680293 -0.6964529 -0.2283742 -0.1660128 -0.4534387 -0.87569 -0.4335361 -0.2011432 -0.8784007 0.4490247 0.1587986 -0.8792951 0.1660288 0.4534577 -0.8756772 0.6802362 0.6965065 -0.2283799 0.6693566 0.7069722 -0.2283679 0.6749841 -0.7378322 0 0.6989602 -0.7151605 0 -0.6989725 0.7151486 0 -0.6749601 0.7378542 0 0.6889693 -0.6881676 -0.2274788 0.7031704 -0.6720436 -0.2321824 0.4335234 -0.2011767 -0.8783993 0.1660113 -0.453444 -0.8756876 -0.1659959 0.4534496 -0.8756876 -0.4327467 0.203228 -0.8783101 -0.6705855 0.7057599 -0.2285127 -0.6891562 0.687987 -0.227459 0 1 0 0 1 -1.005978E-08 0 1 0 0 1 -2.94295E-07 -1 0 0 -1 0 0 -1 0 0 -1 0 0 -1 0 0 -1 0 0 0 1 2.964723E-07 0 1 5.171165E-08 -1 0 0 -1 0 0 -1 0 0 1 0 0 1 0 0 1 0 0 0 1 0 -1 0 0 -1 5.657098E-07 0 -1 0 0 0 1 0 -1 0 0 1 0 0 1 0 0 0 1 0 0 1 0 0 1 0 0 1 0 -1 0 0 -1 0 0 -1 0 0 -1 0 0 0 1 0 0 1 0 0 1 0 0 1 0 -1 0 0 -1 0 0 -1 0 0 -1 0 0 -0.7802727 0.2563531 -0.570489 -1 0 0 -0.7723294 -0.5938175 0.2255839 -0.7723294 -0.5938175 -0.2255839 -0.7723294 0.5938175 -0.2255839 -0.7723294 0.5938175 0.2255839 -0.7723294 -0.5938175 -0.2255839 -0.7723294 -0.5938175 0.2255839 -1 0 0 -0.7802727 0.2563531 0.570489 -0.6637754 -0.2613943 -0.7007676 -0.7802727 -0.2563531 0.570489 -0.7802727 0.2563531 0.570489 -0.7723294 -0.5938175 0.2255839 -1 0 0 -0.7802727 0.2563531 0.570489 -0.7723294 0.5938175 0.2255839 -0.7802727 0.2563531 -0.570489 -0.7723294 0.5938175 -0.2255839 -0.7723294 -0.5938175 -0.2255839 -0.7000751 0.6525789 0.2898889 -0.9654897 0.2424761 -0.09505276 -0.9915286 -0.1060889 0.07494106 -0.7558304 -0.3950483 0.522166 -1 0 0 -0.9890393 0.1209622 -0.08467215 -0.9890393 0.1209622 0.08467215 -1 0 0 -0.7496957 0.388806 -0.5355243 -0.5050334 -0.3361299 -0.7949578 -0.7071068 0 -0.7071068 0.5050334 0.3361299 -0.7949578 -0.7558304 -0.3950483 -0.522166 0.4946215 -0.3444875 0.797921 0.7071068 0 0.7071068 -0.4946215 0.3444875 0.797921 -0.7071068 0 0.7071068 -0.7071068 0 0.7071068 -0.9915286 -0.1060889 0.07494107 -0.9915286 -0.1060889 -0.07494107 -0.9890393 0.1209622 -0.08467215 -0.9915286 -0.1060889 -0.07494107 0.1816176 -0.2055279 -0.9616514 0.1813787 0.2057381 -0.9616515 -0.7723294 0.5938175 0.2255839 -0.7802727 0.2563531 0.570489 0.6886404 0.2026339 -0.696214 -0.7723294 0.5938175 -0.2255839 -0.7802727 0.2563531 -0.570489 -0.6637754 0.2613943 -0.7007676 -0.6886404 -0.2026339 -0.696214 -0.1813795 -0.2057374 -0.9616515 -0.1816168 0.2055286 -0.9616514 -1 0 0 -0.7802727 0.2563531 -0.570489 -0.7802727 -0.2563531 -0.570489 0.6637754 0.2613943 -0.7007676 0.6886404 -0.2026339 -0.696214 -1 0 0 -1 0 0 -1 0 0 -1 0 0 -0.7723294 -0.5938175 -0.2255839 -0.7802727 -0.2563531 -0.570489 -1 0 0 -0.7723294 0.5938175 0.2255839 -1 0 0 -1 0 0 -0.7723294 0.5938175 -0.2255839 -0.7802727 -0.2563531 -0.570489 -0.7802727 0.2563531 -0.570489 -1 0 0 -1 0 0 -1 0 0 -1 0 0 -0.7723294 -0.5938175 0.2255839 -1 0 0 -0.7802727 -0.2563531 0.570489 -0.7802727 -0.2563531 0.570489 -1 0 0 -1 0 0 -0.7802727 0.2563531 0.570489 -0.7723294 -0.5938175 -0.2255839 -0.7802727 -0.2563531 -0.570489 -0.7723294 -0.5938175 0.2255839 -0.7802727 -0.2563531 0.570489 -0.7723294 0.5938175 -0.2255839 -0.7723294 0.5938175 0.2255839 -1 0 0 -1 0 0 -1 0 0 -1 0 0 -0.7723294 -0.5938175 -0.2255839 -0.7802727 -0.2563531 -0.570489 -1 0 0 -0.7723294 0.5938175 0.2255839 -1 0 0 -1 0 0 -0.7723294 0.5938175 -0.2255839 -0.7802727 -0.2563531 -0.570489 -0.7802727 0.2563531 -0.570489 -1 0 0 -1 0 0 -1 0 0 -1 0 0 -0.7723294 -0.5938175 0.2255839 -1 0 0 -0.7802727 -0.2563531 0.570489 -0.7802727 -0.2563531 0.570489 -1 0 0 -1 0 0 -0.7802727 0.2563531 0.570489 -0.7723294 -0.5938175 -0.2255839 -0.7802727 -0.2563531 -0.570489 -0.7723294 -0.5938175 0.2255839 -0.7802727 -0.2563531 0.570489 -0.7723294 0.5938175 -0.2255839 -0.7723294 0.5938175 0.2255839 -0.5208056 0 0.8536753 0.5208056 0 0.8536753 1 0 0 1 0 0 -1 0 0 -1 0 0 0.5208054 0 -0.8536754 -0.5207832 0 -0.853689 -0.5208054 0 0.8536754 -0.5208054 0 0.8536754 0.5208054 0 0.8536754 0.5208054 0 0.8536754 0.5207832 0 -0.853689 0.5208056 0 -0.8536753 -0.5207832 0 -0.853689 -0.5207832 0 -0.853689 0 1 1.383881E-08 -1 0 0 -1 0 0 -1 0 0 -1 0 0 0 1 0 0 1 -6.351631E-09 0 1 -6.146192E-09 0 0 1 0 0 1 0 -1.496457E-07 1 0 0 1 0 1 3.019136E-09 0 1 2.129915E-09 0 0 1 0 0 1 0 0 1 -1 0 0 -1 0 0 -1 0 0 -1 0 0 -1 0 0 -1 0 0 -1 0 0 -1 0 0 -1 0 0 0 1 0 0 1 0 0 1 0 0 1 0 0 1 0 0 0.9999891 0.004665402 0 0.999998 0.001987733 -1 1.549498E-07 0 -1 0 0 -1 0 0 -1 0 0 -1 0 0 -1 0 0 -1 0 0 -1 0 0 -1 0 0 0 1 0 0 1 0 0 1 0 -1 0 0 0 1 -3.036365E-09 0 1 -2.147144E-09 0 1 -3.377104E-09 0 1 -3.171917E-09 0 0 1 0 0 1 0 0 1 0 0 1 0 1 -2.037325E-07 0 0 1 0 0 1 0 0 1 1 0 0 1 0 0 1 0 0 1 0 0 -1 0 0 0 1 -5.094271E-08 0 1 -5.533863E-07 0 1 1.918026E-06 0 1 5.689672E-06 1 0 0 0 1 0 0 1 0 0 0.999998 0.001987733 -1 0 0 -1 0 0 -1 0 0 -1 0 0 1 0 0 1 0 0 1 0 0 1 0 0 1 0 0 1 0 0 1 0 0 0 -2.902991E-06 1 0 0 1 0 -3.434714E-07 1 0 -2.129395E-06 1 0 0.9999891 0.004665402 0 1 0 0 1 0 0 0.999998 0.001987733 0 0.9877594 0.1559855 0 2.199165E-08 1 0 7.450577E-08 1 0 0 1 0 0 1 0 4.662786E-08 1 0 0 1 0 1 0 0 1 0 0 0.9999891 0.004665402 0 0.999998 0.001987733 0 0.9877594 0.1559855 0 7.450577E-08 1 0 2.199165E-08 1 0 0 1 0 0 1 0.3798102 -4.431445E-08 -0.9250644 0.2856266 0.5102404 -0.8112165 -0.4906677 0.3006235 -0.8178452 0.4900072 0.3010236 -0.818094 0.4918117 -0.299947 -0.8174063 -0.4887038 -0.3017673 -0.8185995 -0.7043282 0.6707872 -0.2323064 -0.9226873 0 -0.3855492 -0.2541974 0.9560621 0.1460444 -0.02334485 0.9943636 0.1034215 0.1657676 0.4535533 -0.8756772 -0.1662742 -0.453343 -0.87569 -0.9226506 -0.0089192 -0.3855339 0.2541974 0.9560621 0.1460444 0.02334485 0.9943636 0.1034215 0.2541974 0.9560621 -0.1460444 -0.1663978 0.4533024 -0.8756875 0.1656093 -0.4535911 -0.8756875 0.9226873 0 -0.3855492 -1 0 0 -1 0 0 0 1 0 0 1 -3.051904E-06 0 1 -4.032746E-06 -1 0 0 -1 0 0 -1 0 0 -1 0 0 -1 0 0 0 1 4.332904E-07 0 1 0 -1 0 0 -1 0 0 1 0 0 1 0 0 0.8891913 0 -0.4575355 0.8891913 0 -0.4575355 -0.8891913 0 -0.4575355 -0.8891913 0 -0.4575355 -0.8891913 0 0.4575355 -0.8891913 0 0.4575355 0.8891913 0 0.4575355 0.8891913 0 0.4575355 -1 0 0 -1 0 0 -1 0 0 -1 0 0 -1 0 0 -1 0 0 -1 0 0 -1 0 0 -1 0 0 -1 0 0 1 0 0 1 0 0 -1 0 0 1 0 0 1 0 0 1 0 0 1 0 0 1 0 0 1 0 0 1 0 0 0 0 1 0 0 1 0.9536017 -0.2596188 0.1524529 0.9944251 -0.02283452 0.1029431 0.6872721 0.6898037 -0.2276574 0.9944251 -0.02283452 -0.1029431 -0.2541974 0.9560621 -0.1460444 0.953603 -0.2596108 -0.1524578 -0.695324 -0.7186964 0 -0.6873217 -0.689756 -0.2276522 -0.6672011 -0.7090891 -0.2281127 0.6952987 0.7187209 0 0.9536105 0.2595949 -0.1524388 0.9944251 0.02283452 -0.1029431 0.02334485 0.9943636 -0.1034215 0.9944251 0.02283452 0.1029431 0.9536105 0.2595949 0.1524388 0.6705796 -0.7057658 -0.228512 0.6891063 -0.6880352 -0.2274643 0.6970189 -0.7170528 0 -0.6970118 0.7170597 0 -0.6891562 0.687987 -0.227459 0 -1.496457E-07 1 0 0 1 0 0 1 0 0 1  
			<BiTangents>: 627 0.1413957 -4.140758E-08 -0.9899531 0.1413957 -4.140758E-08 -0.9899531 0.1413957 -4.140758E-08 -0.9899531 0.1413957 -4.140758E-08 -0.9899531 0.1413957 4.140758E-08 0.9899531 0.1413957 4.140758E-08 0.9899531 0.1413957 4.140758E-08 0.9899531 0.1413957 4.140758E-08 0.9899531 0.1413957 -4.140758E-08 -0.9899531 0.1413957 -4.140758E-08 -0.9899531 0.1413957 -4.140758E-08 -0.9899531 0.1413957 -4.140758E-08 -0.9899531 0.1413957 4.140758E-08 0.9899531 0.1413957 4.140758E-08 0.9899531 0.1413957 4.140758E-08 0.9899531 0.1413957 4.140758E-08 0.9899531 0.3668784 0.9255579 -0.09350266 0.7507047 0.6606378 -0.0003940583 -0.7506188 0.660735 0.0008487997 -4.54061E-09 0.912141 0.4098767 -0.750619 0.6607347 -0.0008477846 -4.54061E-09 0.912141 -0.4098767 4.54061E-09 0.912141 0.4098767 0.7507045 0.660638 0.0003950734 -4.545013E-09 0.3551259 -0.9348185 4.54061E-09 0.912141 -0.4098767 -4.54061E-09 0.912141 0.4098767 4.545013E-09 0.3551259 0.9348185 -4.54061E-09 0.912141 -0.4098767 4.545013E-09 0.3551259 -0.9348185 4.545013E-09 -0.3551259 -0.9348185 0.4101556 0.9107091 0.04879939 0.4101556 0.9107091 0.04879939 0.7506716 0.6606753 0.0005697798 -0.7507293 0.66061 -0.0002638222 -0.3668784 0.9255579 -0.09350266 -0.7507291 0.6606101 0.0002648373 -0.3668784 0.9255579 0.09350266 0.4101556 0.9107091 -0.04879939 0.7506717 0.6606752 -0.0005687647 0.7507045 0.660638 0.0003950734 0.3668784 0.9255579 0.09350266 -0.4101556 0.9107091 -0.04879939 -0.750619 0.6607347 -0.0008477846 -0.4101556 0.9107091 0.04879939 -0.7506188 0.660735 0.0008487997 0.7507047 0.6606378 -0.0003940583 0.3668784 0.9255579 -0.09350266 -0.1926012 0.5453677 0.8157689 0.2051758 -0.542524 0.8145984 -3.747588E-09 0.5734561 -0.8192363 0.2274569 0.5302665 0.8167501 -0.2411979 0.6297208 0.7384276 0.232953 -0.6369038 0.7349058 -5.196611E-09 0.8092147 -0.5875131 0.2601479 0.6240153 0.7368365 0 1 0 0 1 0 0 1 0 0 1 0 0 0.9925095 -0.1221677 0 0.6154101 -0.7882071 2.946189E-10 0.9925095 0.1221677 5.459102E-09 0.6154101 0.7882071 0 1 0 0 1 0 0 -0.3551537 -0.9348079 0 0.9121452 0.4098672 0 0.3551537 -0.9348079 0 0.9121452 -0.4098672 0 0.3551537 -0.9348079 0 0.9121452 -0.4098672 0 0.3551537 0.9348079 0 0.9121452 0.4098672 0 0.3551537 0.9348079 0 0.9121452 -0.4098672 0 0.3551537 -0.9348079 0 0.9121452 0.4098672 0 0.9121452 0.4098672 0 0.3551537 -0.9348079 0 0.9121452 -0.4098672 0 -0.3551537 -0.9348079 0 -0.3551537 -0.9348079 0 0.9121452 0.4098672 0 0.3551537 -0.9348079 0 0.9121452 -0.4098672 0 0.3551537 -0.9348079 0 0.9121452 -0.4098672 0 0.3551537 0.9348079 0 0.9121452 0.4098672 0 0.3551537 0.9348079 0 0.9121452 -0.4098672 0 0.3551537 -0.9348079 0 0.9121452 0.4098672 0 0.9121452 0.4098672 0 0.3551537 -0.9348079 0 0.9121452 -0.4098672 0 -0.3551537 -0.9348079 0 0 1 0 0 1 0 -1 0 0 -1 0 0 0 1 0 0 1 0 -1 0 0 -1 0 0 0 1 0 0 1 0 -1 0 0 -1 0 0 0 1 0 0 1 0 -1 0 0 -1 0 0.008377841 0.9999649 0 0 -1 0 0.008377752 0.9999649 0 0 -1 0 0 1 0 0 0 1 0 0 -1 0 0 -1 0 1 0 0 0 -1 0 1 0 7.527964E-08 1 0 0 1 0 0 1 0 0 1 0 0 0 -1 0 0 1 0 0 -1 0 0 -1 0 0 -1 0 0 -1 0 1 0 0 1 0 0 1 0 0 1 0 0 1 0 -1 0 0 0 1 0 0 0.7071068 0.7071068 0 1 0 0 1 0 0 -2.757391E-08 1 0 1 0 0 1 0 0 1 0 0 0 1 0 0.7071068 -0.7071068 0 0.7071068 -0.7071068 0 0.7071068 -0.7071068 0 0.7071068 -0.7071068 0 0.9238803 -0.3826815 0 2.852431E-06 1 0 -0.7071068 -0.7071068 0 -0.7071068 -0.7071068 0 -0.7071068 -0.7071068 0 0.9238803 0.3826815 0 0.9238803 0.3826815 0 0.9238803 0.3826815 0 0.9238803 -0.3826815 0 0.9238803 -0.3826815 0 1 0 8.072358E-08 1 0 0 -0.7071068 -0.7071068 0 0 1 0 1 0 0 1 0 0 -0.3826815 -0.9238803 0 0.9238803 0.3826815 0 -0.1559855 0.9877594 0 0.9238803 0.3826815 0 0 -1 0 1 0 0 0 -1 0 0 -1 0 1 0 0 1 0 0 1 0 0 1 0 0 1 0 0 1 0 0 1 0 0 0 -1 0 0 -1 0 0 -1 0 0 -1 0 0 -1 0 1 0 0 1 0 0 1 0 1 0 0 0 1 0 0 1 0 0 1 0 0 1 0 0 2.352386E-09 1 0 1 0 0 1 0 0 0.7071068 -0.7071068 0 0.7071068 -0.7071068 0 0.7071068 -0.7071068 0 0.9238803 -0.3826815 0 -0.7071068 -0.7071068 0 0.7071068 0.7071068 0 -0.7071068 -0.7071068 0 0.9238803 0.3826815 0 0.9238803 0.3826815 0 0.9238803 0.3826815 0 -3.380086E-07 1 0 0.9238803 -0.3826815 0 0.9238803 -0.3826815 0 1 0 0 1 0 0 0 1 0 -0.7071068 -0.7071068 0 0 1 0 0 -1 0 -0.004665402 0.9999891 0 -0.1559855 0.9877594 0 -0.3826815 -0.9238803 0 0.9238803 0.3826815 3.146975E-05 -1 7.664762E-05 4.099435E-08 -1 1.712968E-08 3.291667E-05 1 8.017816E-05 0 1 0 0.007226949 -0.9999693 -0.003019814 -2.365597E-08 -1 5.761641E-08 0.0009439763 0.9999995 -0.0003944449 0 1 0 0.7026609 -0.7115248 0 -0.7186964 0.695324 0 -0.7187209 0.6952987 0 0.7026782 -0.7115078 0 0.6747414 -0.7345322 0.07201655 -0.7253156 0.6845286 0.07306094 -0.9390399 0.3438082 -3.786748E-06 0.3533157 -0.9346637 0.03964723 0.3334101 -0.9427819 -3.541839E-06 -0.9390385 0.343812 -3.631009E-06 -0.7253689 0.684474 -0.07304303 0.7099472 -0.6992491 -0.08382009 -0.7378322 -0.6749841 0 0.7151605 0.6989602 0 0.7151486 0.6989725 0 -0.7378542 -0.6749601 0 -0.7170792 -0.6928573 -0.07580297 0.6764722 0.7328823 -0.0725876 0.3533312 0.9346564 -0.03967866 -0.9390491 -0.3437832 -7.274436E-06 -0.9390518 -0.3437757 -7.124775E-06 0.3542821 0.9342126 0.0416069 0.7087865 0.7004727 0.08342435 -0.7168996 -0.6930367 0.07586228 0 0 1 0 1.005978E-08 1 0 0 1 0 2.94295E-07 1 0 1 0 0 1 0 0 1 0 0 1 0 0 1 0 0 1 0 0 -2.964723E-07 1 0 -5.171165E-08 1 0 1 0 0 1 0 0 1 0 0 1 0 0 1 0 0 1 0 0 0 1 0 1 0 5.657098E-07 1 0 0 1 0 0 0 1 0 1 0 0 1 0 0 1 0 1 0 0 1 0 0 1 0 0 1 0 0 0 0 1 0 0 1 0 0 1 0 0 1 1 0 0 1 0 0 1 0 0 1 0 0 0 0 1 0 0 1 0 0 1 0 0 1 -4.54061E-09 0.912141 0.4098767 0 0.9121452 0.4098672 4.545013E-09 -0.3551259 -0.9348185 -4.545013E-09 0.3551259 -0.9348185 4.545013E-09 0.3551259 0.9348185 4.545013E-09 0.3551259 -0.9348185 -4.545013E-09 0.3551259 -0.9348185 4.545013E-09 -0.3551259 -0.9348185 0 0.9121452 -0.4098672 -4.54061E-09 0.912141 -0.4098767 -0.4101556 0.9107091 0.04879939 4.54061E-09 0.912141 0.4098767 -4.54061E-09 0.912141 -0.4098767 4.545013E-09 -0.3551259 -0.9348185 0 0.9121452 -0.4098672 -4.54061E-09 0.912141 -0.4098767 4.545013E-09 0.3551259 -0.9348185 -4.54061E-09 0.912141 0.4098767 4.545013E-09 0.3551259 0.9348185 -4.545013E-09 0.3551259 -0.9348185 -0.2682133 -0.6165544 0.7402177 -0.2145425 -0.5335626 0.8180969 -8.617798E-09 0.5769647 0.8167691 -3.401458E-09 0.797483 0.6033413 0 0.6154101 0.7882071 -3.747588E-09 0.5734561 0.8192363 3.747588E-09 -0.5734561 0.8192363 0 -0.6154101 0.7882071 -5.196611E-09 0.8092147 0.5875131 -0.5540621 0.8324753 -7.775778E-09 0 1 0 -0.5540621 0.8324753 7.775778E-09 -3.401458E-09 0.797483 -0.6033413 0.5715149 0.8205916 6.608694E-09 0 1 0 0.5715149 0.8205916 -6.608694E-09 0 1 0 0 1 0 -2.583946E-09 0.5769647 0.8167691 2.583946E-09 -0.5769647 0.8167691 -3.747588E-09 0.5734561 0.8192363 -2.583946E-09 0.5769647 -0.8167691 0.7506716 0.6606753 0.0005697798 -0.7507293 0.66061 -0.0002638222 4.545013E-09 0.3551259 -0.9348185 -4.54061E-09 0.912141 -0.4098767 -0.3668784 0.9255579 -0.09350266 4.545013E-09 0.3551259 0.9348185 -4.54061E-09 0.912141 0.4098767 0.4101556 0.9107091 -0.04879939 -0.3668784 0.9255579 0.09350266 -0.7507291 0.6606101 0.0002648373 0.7506717 0.6606752 -0.0005687647 0 0.9121452 0.4098672 -4.54061E-09 0.912141 0.4098767 4.54061E-09 0.912141 -0.4098767 -0.4101556 0.9107091 -0.04879939 0.3668784 0.9255579 0.09350266 0 -0.3551537 -0.9348079 0 0.3551537 -0.9348079 0 0.3551537 0.9348079 0 0.9121452 0.4098672 -4.545013E-09 0.3551259 -0.9348185 4.54061E-09 0.912141 -0.4098767 0 0.3551537 -0.9348079 4.545013E-09 0.3551259 -0.9348185 0 0.3551537 -0.9348079 0 -0.3551537 -0.9348079 -4.545013E-09 -0.3551259 -0.9348185 4.54061E-09 0.912141 -0.4098767 -4.54061E-09 0.912141 0.4098767 0 0.9121452 0.4098672 0 0.9121452 -0.4098672 0 0.3551537 -0.9348079 0 0.9121452 -0.4098672 -4.545013E-09 0.3551259 0.9348185 0 0.3551537 0.9348079 4.54061E-09 0.912141 0.4098767 4.54061E-09 0.912141 0.4098767 0 0.9121452 0.4098672 0 0.9121452 -0.4098672 -4.54061E-09 0.912141 -0.4098767 -4.545013E-09 0.3551259 -0.9348185 4.54061E-09 0.912141 -0.4098767 -4.545013E-09 0.3551259 0.9348185 4.54061E-09 0.912141 0.4098767 -4.545013E-09 -0.3551259 -0.9348185 4.545013E-09 0.3551259 -0.9348185 0 -0.3551537 -0.9348079 0 0.3551537 -0.9348079 0 0.3551537 0.9348079 0 0.9121452 0.4098672 -4.545013E-09 0.3551259 -0.9348185 4.54061E-09 0.912141 -0.4098767 0 0.3551537 -0.9348079 4.545013E-09 0.3551259 -0.9348185 0 0.3551537 -0.9348079 0 -0.3551537 -0.9348079 -4.545013E-09 -0.3551259 -0.9348185 4.54061E-09 0.912141 -0.4098767 -4.54061E-09 0.912141 0.4098767 0 0.9121452 0.4098672 0 0.9121452 -0.4098672 0 0.3551537 -0.9348079 0 0.9121452 -0.4098672 -4.545013E-09 0.3551259 0.9348185 0 0.3551537 0.9348079 4.54061E-09 0.912141 0.4098767 4.54061E-09 0.912141 0.4098767 0 0.9121452 0.4098672 0 0.9121452 -0.4098672 -4.54061E-09 0.912141 -0.4098767 -4.545013E-09 0.3551259 -0.9348185 4.54061E-09 0.912141 -0.4098767 -4.545013E-09 0.3551259 0.9348185 4.54061E-09 0.912141 0.4098767 -4.545013E-09 -0.3551259 -0.9348185 4.545013E-09 0.3551259 -0.9348185 0 -1 0 0 -1 0 0 -1 0 0 -1 0 0 -1 0 0 -1 0 0 -1 0 0 -1 0 0 -1 0 0 -1 0 0 -1 0 0 -1 0 0 -1 0 0 -1 0 0 -1 0 0 -1 0 0 -1.383881E-08 1 0 0 -1 0 0 -1 0 0 -1 0 0 -1 0 0 1 0 6.351631E-09 1 0 6.146192E-09 1 0 -1 0 0 -1 0 0 -1 -1.496457E-07 0 -1 0 0 -3.019136E-09 1 0 -2.129915E-09 1 -1 0 0 -1 0 0 -1 0 0 0 1 0 0 1 0 0 0.9238803 0.3826815 0 0.7071068 0.7071068 0 0.7071068 0.7071068 0 1 0 0 0.7071068 0.7071068 0 1 0 0 -0.7071068 -0.7071068 0 0 1 0 0 1 0 0 1 0 0 1 0 0 1 0 -0.004665402 0.9999891 0 -0.001987733 0.999998 1.549498E-07 1 0 0 -0.7071068 -0.7071068 0 -0.3826815 -0.9238803 0 0 -1 0 0 -1 0 0.3826815 0.9238803 0 0.3826815 0.9238803 0 0 -1 0 0 -1 0 0 1 0 0 1 0 0 1 0 0.7071068 0.7071068 0 3.036365E-09 1 0 2.147144E-09 1 0 3.377104E-09 1 0 3.171917E-09 1 0 -1 0 0 -1 0 0 -1 0 0 -1 0 0 2.037325E-07 1 1 0 0 1 0 0 1 0 0 0 1 0 0 1 0 0 0.7071068 0.7071068 0 0.7071068 0.7071068 0 -0.7071068 -0.7071068 0 5.094271E-08 1 0 5.533863E-07 1 0 -1.918026E-06 1 0 -5.689672E-06 1 0 0.9238803 -0.3826815 0 0 1 0 0 1 0 -0.001987733 0.999998 0 1 0 0 -0.3826815 -0.9238803 0 -0.7071068 -0.7071068 0 0 -1 0 0.3826815 0.9238803 0 0.9238803 0.3826815 0 0.3826815 0.9238803 0 1 0 0 0.9238803 0.3826815 0 0.9238803 0.3826815 0 1 0 0 1 2.902991E-06 0 1 0 0 1 3.434714E-07 0 1 2.129395E-06 0 -0.004665402 0.9999891 0 0 1 0 0 1 0 -0.001987733 0.999998 0 -0.1559855 0.9877594 0 1 -2.199165E-08 0 1 -7.450577E-08 0 1 0 0 1 0 0 1 -4.662786E-08 0 1 0 0 0 1 0 0 1 0 -0.004665402 0.9999891 0 -0.001987733 0.999998 0 -0.1559855 0.9877594 0 1 -7.450577E-08 0 1 -2.199165E-08 1 0 0 1 0 0 -1.683108E-08 -1 4.099372E-08 0.4808357 -0.808523 -0.3392456 -0.8176907 -0.4831395 0.3129826 -0.8180782 0.4829239 -0.3123024 -0.8170031 -0.4835598 -0.314127 -0.8188558 0.4824389 0.3110113 0.6752667 0.7340324 0.07218977 0 1 0 0.4981658 1.85878E-10 0.8670818 0.975458 -9.386888E-10 0.2201855 0.9390846 -0.3436859 -0.0002399383 0.9389936 -0.3439344 -0.000239969 0.008229633 -0.9999602 0.00343879 -0.4981658 1.85878E-10 0.8670818 0.975458 9.386888E-10 -0.2201855 0.4981658 -1.85878E-10 0.8670818 0.9389806 0.3439698 -0.0003677114 0.9391201 0.343589 -0.0003676418 0 1 0 0 0.7071068 -0.7071068 0 0.7071068 -0.7071068 0 0 1 0 3.051904E-06 1 0 4.032746E-06 1 0 0.7071068 -0.7071068 0 0.7071068 -0.7071068 0 0.7071068 -0.7071068 0 0.7071068 -0.7071068 0 0.7071068 -0.7071068 0 -4.332904E-07 1 0 0 1 0 0.7071068 0.7071068 0 0.7071068 0.7071068 0 0.7071068 0.7071068 0 0.7071068 0.7071068 0 -1 0 0 -1 0 0 -1 0 0 -1 0 0 -1 0 0 -1 0 0 -1 0 0 -1 0 0 0.7071068 0.7071068 0 1 0 0 0.7071068 0.7071068 0 0.7071068 0.7071068 0 0.7071068 -0.7071068 0 0.7071068 -0.7071068 0 0.7071068 -0.7071068 0 0.7071068 0.7071068 0 0.7071068 0.7071068 0 0.7071068 -0.7071068 0 0.7071068 -0.7071068 0 0.7071068 -0.7071068 0 0.7071068 0.7071068 0 0.7071068 -0.7071068 0 1 0 0 1 0 0 0.7071068 0.7071068 0 1 0 0 0.9238803 -0.3826815 0 0.7071068 -0.7071068 -1 0 0 -1 0 0 -9.786873E-09 0.5063682 0.8623173 6.8962E-10 0.9762708 0.2165535 0.7187061 -0.6912285 0.07526498 6.8962E-10 0.9762708 -0.2165535 -0.4981658 -1.85878E-10 0.8670818 1.398751E-08 -0.506392 0.8623034 0.7186964 -0.695324 0 0.7186586 -0.6912761 -0.07528069 0.7119734 -0.6971024 0.08451209 0.7187209 -0.6952987 0 -2.53517E-09 0.5063682 0.8623174 -6.8962E-10 0.9762708 0.2165535 0.975458 9.386888E-10 0.2201855 -6.8962E-10 0.9762708 -0.2165535 2.53517E-09 -0.5063682 0.8623174 0.7087922 0.7004668 -0.08342627 0.7169476 0.6929888 0.07584643 0.7170528 0.6970189 0 0.7170597 0.6970118 0 0.7168996 0.6930367 -0.07586228 0 1 1.496457E-07 0 1 0 0 1 0 0 1 0  
			<SubMeshes>: 1
				<SubMesh>: 0 1488 1 0 2 1 2 3 7 6 4 7 4 5 282 283 284 282 284 285 286 287 288 286 288 289 9 8 10 9 10 11 15 14 12 15 12 13 290 291 292 290 292 293 294 295 296 294 296 297 39 36 20 39 20 23 38 37 36 38 36 39 32 35 34 32 34 33 33 34 18 33 18 17 40 43 42 40 42 41 78 26 25 78 25 75 74 27 298 74 298 299 68 29 28 68 28 69 82 300 301 82 301 86 88 89 19 88 19 302 92 96 21 92 21 303 95 304 305 95 305 97 306 93 22 306 22 307 17 18 308 17 308 16 46 45 44 46 44 47 80 77 309 80 309 310 79 24 311 79 311 81 76 312 313 76 313 314 72 73 315 72 315 316 66 30 317 66 317 70 52 48 49 52 49 53 60 61 50 60 50 54 318 319 51 318 51 55 62 63 320 62 320 321 322 323 324 322 324 325 62 65 59 62 59 326 327 328 58 327 58 329 60 64 57 60 57 330 331 332 56 331 56 333 54 334 64 54 64 60 321 335 65 321 65 62 336 322 325 336 325 337 326 338 63 326 63 62 330 339 61 330 61 60 340 341 45 340 45 46 84 342 343 84 343 85 31 344 341 31 341 340 90 345 346 90 346 94 347 348 349 347 349 350 351 352 353 351 353 91 350 349 43 350 43 40 23 20 354 23 354 355 356 66 70 356 70 357 358 359 73 358 73 72 360 361 71 360 71 362 363 364 365 363 365 366 367 368 369 367 369 370 371 68 69 371 69 372 373 374 67 373 67 375 376 377 378 376 378 379 380 371 372 380 372 381 382 383 359 382 359 358 384 356 357 384 357 385 362 71 312 362 312 76 364 79 81 364 81 365 370 369 77 370 77 80 374 74 299 374 299 67 377 78 75 377 75 378 386 82 86 386 86 387 388 389 89 388 89 88 390 391 87 390 87 392 393 394 395 393 395 396 397 398 399 397 399 400 401 84 85 401 85 402 403 404 83 403 83 405 406 407 408 406 408 409 410 401 402 410 402 411 412 413 389 412 389 388 414 386 387 414 387 415 392 87 96 392 96 92 394 95 97 394 97 395 400 399 93 400 93 306 404 90 94 404 94 83 407 351 91 407 91 408 111 110 103 103 102 111 102 106 111 102 99 106 99 107 106 99 98 107 112 416 417 112 417 109 108 418 419 108 419 101 104 420 421 104 421 113 573 422 100 573 100 574 575 105 423 575 423 576 424 577 578 424 578 425 579 426 427 579 427 580 428 429 430 428 430 431 247 234 242 247 242 255 116 246 254 116 254 227 235 117 228 235 228 243 238 251 252 238 252 241 244 248 237 244 237 233 250 249 230 250 230 231 250 231 226 250 226 253 164 122 118 164 118 165 127 125 124 127 124 126 143 127 126 143 126 141 144 128 127 144 127 143 277 136 135 277 135 275 136 139 137 136 137 135 132 158 156 132 156 134 581 161 159 581 159 142 256 258 149 256 149 432 256 257 130 256 130 119 123 134 131 123 131 120 433 434 132 433 132 121 435 133 129 435 129 436 121 132 134 121 134 123 274 437 438 274 438 439 440 441 442 440 442 443 439 438 444 439 444 445 196 183 181 196 181 582 446 140 447 446 447 448 445 444 145 445 145 432 138 146 148 138 148 449 449 148 147 449 147 139 139 147 450 139 450 137 583 451 160 583 160 584 257 259 155 257 155 130 121 153 150 121 150 433 263 452 453 263 453 454 264 455 452 264 452 263 260 159 161 260 161 262 262 161 160 262 160 261 261 160 451 261 451 456 585 163 162 585 162 586 123 151 153 123 153 121 134 156 157 134 157 131 120 152 151 120 151 123 584 160 161 584 161 581 586 162 154 586 154 587 434 457 158 434 158 132 458 459 167 458 167 460 169 171 173 169 173 168 461 462 463 463 464 461 463 172 464 276 164 165 276 165 465 466 467 170 466 170 166 133 468 469 133 469 129 470 173 171 470 171 471 214 175 178 214 178 215 182 179 180 182 180 184 197 184 183 197 183 196 195 182 184 195 184 197 280 190 191 280 191 281 190 192 194 190 194 191 187 207 205 187 205 188 588 210 208 588 208 589 590 204 163 590 163 585 177 188 185 177 185 174 472 186 189 472 189 473 474 216 475 474 475 476 176 187 188 176 188 177 265 477 455 265 455 264 478 479 480 478 480 481 482 483 484 482 484 485 486 198 479 486 479 478 487 488 193 487 193 489 266 267 198 266 198 486 192 490 200 192 200 194 194 200 199 194 199 491 273 492 493 273 493 272 271 206 492 271 492 273 268 208 210 268 210 270 270 210 209 270 209 269 591 213 212 591 212 592 177 201 203 177 203 176 188 205 494 188 494 185 267 495 211 267 211 198 174 202 201 174 201 177 593 209 210 593 210 588 266 496 497 266 497 498 594 499 213 594 213 591 582 181 128 582 128 144 278 500 216 278 216 474 220 218 501 501 502 220 502 221 220 503 214 215 503 215 279 217 222 504 217 504 505 186 506 219 186 219 189 507 223 508 507 508 509 510 511 512 510 512 513 120 131 187 120 187 176 491 199 595 491 595 596 142 159 209 142 209 593 176 203 152 176 152 120 272 493 597 272 597 598 269 209 159 269 159 260 592 212 599 592 599 600 131 157 207 131 207 187 514 515 516 514 516 517 518 519 520 520 521 518 521 522 518 516 515 523 516 523 524 525 526 527 525 527 528 529 530 531 531 532 529 531 533 532 527 534 535 527 535 528 536 537 489 536 489 193 140 446 601 140 601 602 224 239 240 224 240 229 224 225 236 224 236 239 228 538 539 228 539 243 540 255 242 540 242 541 248 542 543 248 543 237 544 253 226 544 226 545 603 546 547 603 547 604 605 243 539 606 607 608 548 240 239 548 239 549 232 609 610 232 610 611 612 235 243 612 243 605 232 611 550 232 550 115 551 613 614 551 614 552 615 616 617 615 617 553 618 619 620 618 620 245 253 554 555 253 555 250 246 621 622 246 622 254 114 556 618 114 618 245 557 269 260 557 260 558 212 272 598 212 598 599 486 559 496 486 496 266 560 561 495 560 495 267 562 270 269 562 269 557 563 268 270 563 270 562 499 271 273 499 273 213 213 273 272 213 272 212 498 560 267 498 267 266 204 265 264 204 264 163 564 261 456 564 456 565 566 262 261 566 261 564 558 260 262 558 262 566 163 264 263 163 263 162 162 263 454 162 454 154 145 567 259 145 259 257 432 145 257 432 257 256 119 568 258 119 258 256 623 514 517 623 517 624 125 276 465 125 465 124 460 167 437 460 437 274 569 277 275 569 275 570 625 626 526 625 526 525 179 503 279 179 279 180 481 480 500 481 500 278 571 280 281 571 281 572  
		</Mesh>
		<Materials>: 1
			<Material>: 0
				<AlbedoColor>: 1 1 1 1
				<EmissiveColor>: 0 0 0 0
				<Glossiness>: 0.04
				<Metallic>: 0
				<SpecularHighlight>: 1
				<GlossyReflection>: 1
				<AlbedoMap>: BLD_Villa2_A
				<MetallicMap>: BLD_Villa2_MS
				<NormalMap>: BLD_Villa2_N
				<EmissionMap>: null
				<DetailAlbedoMap>: DET_Concrete1_A
				<DetailNormalMap>: DET_Concrete1_N
		</Materials>
		<Children>: 4
			<Frame>: 1 0 Villa2_Wall_Mid_B_bb
				<Transform>: 4 3 0.0008251667 0 0 0 1 1 1 0 0 0 1  
				<TransformMatrix>: 1 0 0 0 0 1 0 0 0 0 1 0 4 3 0.0008251667 1  
				<BoxCollider>: 1 2.984259 0.007853627 -0.007853806 2.068051 6.041828 0.5759211  
				<Children>: 0
			</Frame>
			<Frame>: 2 0 Villa2_Wall_Mid_B_bb1
				<Transform>: -1.97 3 0.0008251667 0 0 0 1 1 1 0 0 0 1  
				<TransformMatrix>: 1 0 0 0 0 1 0 0 0 0 1 0 -1.97 3 0.0008251667 1  
				<BoxCollider>: 1 2.984259 0.007853627 -0.007853806 2.068051 6.041828 0.5759211  
				<Children>: 0
			</Frame>
			<Frame>: 3 0 Villa2_Wall_Mid_B_bb2
				<Transform>: 0.9 3 0.0008251667 0 0 0 1 1 1 0 0 0 1  
				<TransformMatrix>: 1 0 0 0 0 1 0 0 0 0 1 0 0.9 3 0.0008251667 1  
				<BoxCollider>: 1 3.102059 0.007853508 -0.007853806 0.324615 6.041828 0.5759211  
				<Children>: 0
			</Frame>
			<Frame>: 4 0 Villa2_Wall_Mid_B_bb3
				<Transform>: 0.9 3 0.0008251667 0 0 0 1 1 1 0 0 0 1  
				<TransformMatrix>: 1 0 0 0 0 1 0 0 0 0 1 0 0.9 3 0.0008251667 1  
				<BoxCollider>: 1 2.74866 2.465941 -0.007853806 6.434494 1.125653 0.5759211  
				<Children>: 0
			</Frame>
	</Frame>
</Hierarchy>
