<Hierarchy>:
	<Frame>: 0 5 BGR_Factory_A
		<Transform>: 0 0 0 0 0 0 1 1 1 0 0 0 1  
		<TransformMatrix>: 1 0 0 0 0 1 0 0 0 0 1 0 0 0 0 1  
		<BoxCollider>: 1 0 21.82 -9.5 20.00013 63.64013 11.00013  
		<Mesh>: 638 BGR_Factory_A
			<Bounds>: 0 21.82 -9.5 10 31.82 5.5
			<Positions>: 638 -4.067204 32.20849 -12.7042 -4.067204 32.86945 -12.7042 -5.347407 32.20849 -12.34191 -5.347407 32.86945 -12.34191 -6.284581 32.20849 -11.3521 -6.284581 32.86945 -11.3521 -6.62761 32.20849 -10 -6.62761 32.86945 -10 -6.284581 32.20849 -8.647902 -6.284581 32.86945 -8.647902 -5.347408 32.20849 -7.658096 -5.347407 32.86945 -7.658096 -4.067204 32.20849 -7.295802 -4.067204 32.86945 -7.295802 -2.787001 32.20849 -7.658095 -2.787001 32.86945 -7.658095 -1.849827 32.20849 -8.647902 -1.849827 32.86945 -8.647902 -1.506797 32.20849 -10 -1.506797 32.86945 -10 -1.849826 32.20849 -11.3521 -1.849826 32.86945 -11.3521 -2.786999 32.20849 -12.34191 -2.786999 32.86945 -12.34191 -2.94905 36.82848 -12.04547 -2.949049 36.16751 -12.04547 -2.130506 36.82848 -11.18095 -2.130506 36.16751 -11.18095 -1.830898 36.82848 -10 -1.830898 36.16751 -10 -2.130507 36.82848 -8.819054 -2.130507 36.16751 -8.819054 -2.949051 36.82848 -7.954539 -2.949051 36.16751 -7.954539 -4.067204 36.82848 -7.638105 -4.067204 36.16751 -7.638105 -5.185357 36.82848 -7.95454 -5.185357 36.16751 -7.954539 -6.003901 36.82848 -8.819054 -6.003901 36.16751 -8.819054 -6.303509 36.82848 -10 -6.303509 36.16751 -10 -6.003901 36.82848 -11.18095 -6.003901 36.16751 -11.18095 -5.185357 36.82848 -12.04547 -5.185357 36.16751 -12.04547 -4.067204 36.82848 -12.3619 -4.067204 36.16751 -12.3619 -4.067204 4.890741 -12.50389 -4.067204 44.83268 -11.62753 -5.252577 4.890741 -12.16843 -4.837697 44.83268 -11.40948 -6.120331 4.890741 -11.25195 -5.401736 44.83268 -10.81377 -6.43795 4.890741 -10 -5.608189 44.83268 -10 -6.120331 4.890741 -8.748057 -5.401736 44.83268 -9.186238 -5.252577 4.890741 -7.831571 -4.837697 44.83268 -8.590523 -4.067204 4.890741 -7.496113 -4.067204 44.83268 -8.372475 -2.881831 4.890741 -7.83157 -3.296711 44.83268 -8.590523 -2.014077 4.890741 -8.748056 -2.732672 44.83268 -9.186238 -1.696457 4.890741 -10 -2.526218 44.83268 -10 -2.014076 4.890741 -11.25194 -2.732671 44.83268 -10.81377 -2.881829 4.890741 -12.16843 -3.29671 44.83268 -11.40948 -4.067204 1.511559 -12.50389 -5.252577 1.511559 -12.16843 -6.120331 1.511559 -11.25195 -6.43795 1.511559 -10 -6.120331 1.511559 -8.748057 -5.252578 1.511559 -7.83157 -4.067204 1.511559 -7.496112 -2.881831 1.511559 -7.83157 -2.014077 1.511559 -8.748056 -1.696457 1.511559 -10 -2.014076 1.511559 -11.25194 -2.881829 1.511559 -12.16843 -4.067204 24.86171 -12.06571 -5.045137 24.86171 -11.78896 -5.761034 24.86171 -11.03286 -6.02307 24.86171 -10 -5.761033 24.86171 -8.967148 -5.045137 24.86171 -8.211046 -4.067204 24.86171 -7.934294 -3.089271 24.86171 -8.211046 -2.373374 24.86171 -8.967148 -2.111337 24.86171 -10 -2.373374 24.86171 -11.03286 -3.089269 24.86171 -11.78896 -4.067204 34.8472 -11.84662 -4.941417 34.8472 -11.59922 -5.581385 34.8472 -10.92331 -5.815629 34.8472 -10 -5.581385 34.8472 -9.076693 -4.941417 34.8472 -8.400784 -4.067204 34.8472 -8.153385 -3.192991 34.8472 -8.400784 -2.553023 34.8472 -9.076693 -2.318778 34.8472 -10 -2.553022 34.8472 -10.92331 -3.19299 34.8472 -11.59922 -5.148857 14.87623 -11.9787 -5.940682 14.87623 -11.1424 -6.23051 14.87623 -10 -5.940682 14.87623 -8.857602 -5.148857 14.87623 -8.021309 -4.067204 14.87623 -7.715203 -2.985551 14.87623 -8.021308 -2.193726 14.87623 -8.857602 -1.903897 14.87623 -10 -2.193725 14.87623 -11.1424 -2.985549 14.87623 -11.9787 -4.067204 14.87622 -12.2848 4 48.1888 -13.9312 4 48.9712 -13.9312 2.0344 48.1888 -13.40452 2.0344 48.9712 -13.40452 0.5954802 48.1888 -11.9656 0.5954804 48.9712 -11.9656 0.0687995 48.1888 -10 0.06879973 48.9712 -10 0.5954804 48.1888 -8.034401 0.5954807 48.9712 -8.034402 2.0344 48.1888 -6.595482 2.0344 48.9712 -6.595483 4 48.1888 -6.068801 4 48.9712 -6.068802 5.9656 48.1888 -6.595482 5.965599 48.9712 -6.595482 7.404519 48.1888 -8.034401 7.404519 48.9712 -8.034401 7.931201 48.1888 -10 7.9312 48.9712 -10 7.404521 48.1888 -11.9656 7.40452 48.9712 -11.9656 5.965603 48.1888 -13.40452 5.965602 48.9712 -13.40452 5.436456 52.69906 -12.48801 5.436456 51.91666 -12.48801 6.488012 52.69906 -11.43645 6.488013 51.91666 -11.43645 6.872909 52.69906 -10 6.872909 51.91666 -10 6.488011 52.69906 -8.563547 6.488011 51.91666 -8.563547 5.436454 52.69906 -7.51199 5.436454 51.91666 -7.51199 4 52.69906 -7.127093 4 51.91666 -7.127093 2.563546 52.69906 -7.511991 2.563545 51.91666 -7.51199 1.511988 52.69906 -8.563548 1.511988 51.91666 -8.563547 1.127091 52.69906 -10 1.127091 51.91666 -10 1.511988 52.69906 -11.43646 1.511988 51.91666 -11.43646 2.563546 52.69906 -12.48801 2.563546 51.91666 -12.48801 4 52.69906 -12.87291 4 51.91666 -12.87291 4 6.36 -13.64 4 53.64 -12.366 2.18 6.36 -13.15233 2.817 53.64 -12.04902 0.8476675 6.36 -11.82 1.950984 53.64 -11.183 0.3600001 6.36 -10 1.634 53.64 -10 0.8476677 6.36 -8.18 1.950984 53.64 -8.817001 2.18 6.36 -6.847668 2.817 53.64 -7.950986 4 6.36 -6.360001 4 53.64 -7.634002 5.819999 6.36 -6.847668 5.183 53.64 -7.950986 7.152331 6.36 -8.179999 6.049016 53.64 -8.817001 7.64 6.36 -9.999998 6.366 53.64 -10 7.152333 6.36 -11.82 6.049017 53.64 -11.183 5.820002 6.36 -13.15233 5.183002 53.64 -12.04902 4 2.360001 -13.64 2.18 2.360001 -13.15233 0.8476672 2.360001 -11.82 0.3600001 2.360001 -10 0.8476675 2.360001 -8.18 2.18 2.360001 -6.847668 3.999999 2.360001 -6.36 5.819999 2.360001 -6.847667 7.152331 2.360001 -8.179999 7.639999 2.360001 -9.999998 7.152333 2.360001 -11.82 5.820002 2.360001 -13.15233 10 -10 -6 -10 -10 -4 -1.31 -10 -15 10 10 -6 -10 7 -4 -1.31 9.999999 -15 -5.6 -10 -15 -5.6 7 -15 -5.6 7 -4 -5.6 -10 -4 -10 7 -15 -1.31 10 -4 10 9.999999 -15 -1.31 -10 -4 -10 -10 -15 10 -10 -15 4 30 -13.003 2.4985 30 -12.60068 1.399326 30 -11.5015 0.9970001 30 -10 1.399326 30 -8.498501 2.4985 30 -7.399327 4 30 -6.997002 5.501499 30 -7.399327 6.600674 30 -8.498501 7.003 30 -10 6.600675 30 -11.5015 5.501502 30 -12.60067 4 41.82 -12.6845 2.65775 41.82 -12.32485 1.675155 41.82 -11.34225 1.3155 41.82 -10 1.675155 41.82 -8.657751 2.65775 41.82 -7.675157 4 41.82 -7.315502 5.342249 41.82 -7.675157 6.324844 41.82 -8.657751 6.6845 41.82 -10 6.324846 41.82 -11.34225 5.342252 41.82 -12.32485 2.33925 18.18 -12.8765 1.123497 18.18 -11.66075 0.6785001 18.18 -10 1.123497 18.18 -8.339251 2.33925 18.18 -7.123498 4 18.18 -6.678501 5.660749 18.18 -7.123497 6.876503 18.18 -8.339251 7.3215 18.18 -9.999999 6.876504 18.18 -11.66075 5.660752 18.18 -12.8765 4 18.18 -13.3215 10 8.316613 -6 -10 5.569121 -4 -5.6 5.56912 -15 -1.31 8.316613 -4 -1.31 8.316612 -15 -10 5.56912 -15 10 8.316612 -15 -5.6 5.569121 -4 4 47.40053 -13.17221 4 48.18293 -13.17221 2.413898 47.40053 -12.74721 2.413898 48.18293 -12.74721 1.252789 47.40053 -11.5861 1.25279 48.18293 -11.5861 0.827795 47.40053 -10 0.827795 48.18293 -10 1.25279 47.40053 -8.413898 1.25279 48.18293 -8.413899 2.413897 47.40053 -7.252791 2.413898 48.18293 -7.252792 4 47.40053 -6.827797 4 48.18293 -6.827797 5.586102 47.40053 -7.252791 5.586102 48.18293 -7.252791 6.74721 47.40053 -8.413898 6.74721 48.18293 -8.413898 7.172205 47.40053 -10 7.172205 48.18293 -10 6.747211 47.40053 -11.5861 6.747211 48.18293 -11.5861 5.586104 47.40053 -12.74721 5.586104 48.18293 -12.74721 -6.284581 32.20849 -11.3521 -6.284581 32.86945 -11.3521 -6.62761 32.20849 -10 -6.62761 32.86945 -10 -5.347408 32.20849 -7.658096 -5.347407 32.86945 -7.658096 -1.849827 32.20849 -8.647902 -1.849827 32.86945 -8.647902 -4.067204 32.86945 -12.7042 -5.347407 32.86945 -12.34191 -6.284581 32.86945 -11.3521 -1.849826 32.86945 -11.3521 -6.62761 32.86945 -10 -1.506797 32.86945 -10 -6.284581 32.86945 -8.647902 -1.849827 32.86945 -8.647902 -5.347407 32.86945 -7.658096 -2.787001 32.86945 -7.658095 -4.067204 32.86945 -7.295802 -2.786999 32.86945 -12.34191 -2.786999 32.20849 -12.34191 -2.786999 32.86945 -12.34191 -5.347407 32.20849 -12.34191 -4.067204 32.20849 -12.7042 -2.786999 32.20849 -12.34191 -6.284581 32.20849 -11.3521 -1.849826 32.20849 -11.3521 -6.62761 32.20849 -10 -1.506797 32.20849 -10 -6.284581 32.20849 -8.647902 -1.849827 32.20849 -8.647902 -5.347408 32.20849 -7.658096 -2.787001 32.20849 -7.658095 -4.067204 32.20849 -7.295802 -1.830898 36.16751 -10 -1.830898 36.82848 -10 -4.067204 36.16751 -7.638105 -4.067204 36.82848 -7.638105 -6.303509 36.16751 -10 -6.303509 36.82848 -10 -2.94905 36.82848 -12.04547 -5.185357 36.82848 -12.04547 -2.130506 36.82848 -11.18095 -6.003901 36.82848 -11.18095 -6.303509 36.82848 -10 -1.830898 36.82848 -10 -6.003901 36.82848 -8.819054 -2.130507 36.82848 -8.819054 -2.949051 36.82848 -7.954539 -5.185357 36.82848 -7.95454 -4.067204 36.82848 -7.638105 -4.067204 36.82848 -12.3619 -4.067204 36.16751 -12.3619 -4.067204 36.82848 -12.3619 -5.185357 36.16751 -12.04547 -4.067204 36.16751 -12.3619 -2.949049 36.16751 -12.04547 -6.003901 36.16751 -11.18095 -2.130506 36.16751 -11.18095 -6.303509 36.16751 -10 -1.830898 36.16751 -10 -6.003901 36.16751 -8.819054 -2.130507 36.16751 -8.819054 -5.185357 36.16751 -7.954539 -2.949051 36.16751 -7.954539 -4.067204 36.16751 -7.638105 -4.067204 34.8472 -11.84662 -4.837697 44.83268 -11.40948 -5.581385 34.8472 -10.92331 -5.401736 44.83268 -10.81377 -5.815629 34.8472 -10 -5.608189 44.83268 -10 -5.581385 34.8472 -9.076693 -4.837697 44.83268 -8.590523 -4.067204 34.8472 -8.153385 -4.067204 44.83268 -8.372475 -2.318778 34.8472 -10 -2.732671 44.83268 -10.81377 -4.067204 44.83268 -11.62753 -4.837697 44.83268 -11.40948 -5.401736 44.83268 -10.81377 -2.732671 44.83268 -10.81377 -2.526218 44.83268 -10 -5.608189 44.83268 -10 -5.401736 44.83268 -9.186238 -2.732672 44.83268 -9.186238 -3.296711 44.83268 -8.590523 -4.837697 44.83268 -8.590523 -4.067204 44.83268 -8.372475 -3.29671 44.83268 -11.40948 -2.014076 1.511559 -11.25194 -1.696457 4.890741 -10 -2.881831 1.511559 -7.83157 -4.067204 4.890741 -7.496113 -6.120331 1.511559 -8.748057 -6.43795 4.890741 -10 -6.43795 1.511559 -10 -6.43795 4.890741 -10 -6.120331 1.511559 -11.25195 -6.120331 4.890741 -11.25195 -4.067204 4.890741 -12.50389 -4.067204 1.511559 -12.50389 -1.903897 14.87623 -10 -2.111337 24.86171 -10 -4.067204 14.87623 -7.715203 -4.067204 24.86171 -7.934294 -5.940682 14.87623 -8.857602 -5.761033 24.86171 -8.967148 -6.23051 14.87623 -10 -6.02307 24.86171 -10 -5.148857 14.87623 -11.9787 -5.761034 24.86171 -11.03286 -4.067204 14.87622 -12.2848 -4.067204 24.86171 -12.06571 -3.089269 24.86171 -11.78896 -2.373374 24.86171 -11.03286 -2.553022 34.8472 -10.92331 -5.045137 24.86171 -8.211046 -5.252577 4.890741 -12.16843 -5.940682 14.87623 -11.1424 -6.120331 4.890741 -8.748057 -5.148857 14.87623 -8.021309 -2.014076 4.890741 -11.25194 -2.193725 14.87623 -11.1424 0.5954802 48.1888 -11.9656 0.5954804 48.9712 -11.9656 0.0687995 48.1888 -10 0.06879973 48.9712 -10 2.0344 48.1888 -6.595482 2.0344 48.9712 -6.595483 7.404519 48.1888 -8.034401 7.404519 48.9712 -8.034401 4 48.9712 -13.9312 2.0344 48.9712 -13.40452 0.5954804 48.9712 -11.9656 7.40452 48.9712 -11.9656 0.06879973 48.9712 -10 7.9312 48.9712 -10 0.5954807 48.9712 -8.034402 7.404519 48.9712 -8.034401 2.0344 48.9712 -6.595483 5.965599 48.9712 -6.595482 4 48.9712 -6.068802 5.965602 48.9712 -13.40452 5.965603 48.1888 -13.40452 5.965602 48.9712 -13.40452 2.0344 48.1888 -13.40452 4 48.1888 -13.9312 5.965603 48.1888 -13.40452 0.5954802 48.1888 -11.9656 7.404521 48.1888 -11.9656 0.0687995 48.1888 -10 7.931201 48.1888 -10 0.5954804 48.1888 -8.034401 7.404519 48.1888 -8.034401 2.0344 48.1888 -6.595482 5.9656 48.1888 -6.595482 4 48.1888 -6.068801 6.872909 51.91666 -10 6.872909 52.69906 -10 4 51.91666 -7.127093 4 52.69906 -7.127093 1.127091 51.91666 -10 1.127091 52.69906 -10 5.436456 52.69906 -12.48801 2.563546 52.69906 -12.48801 1.511988 52.69906 -11.43646 6.488012 52.69906 -11.43645 1.127091 52.69906 -10 6.872909 52.69906 -10 1.511988 52.69906 -8.563548 6.488011 52.69906 -8.563547 2.563546 52.69906 -7.511991 5.436454 52.69906 -7.51199 4 52.69906 -7.127093 4 52.69906 -12.87291 4 51.91666 -12.87291 4 52.69906 -12.87291 2.563546 51.91666 -12.48801 4 51.91666 -12.87291 5.436456 51.91666 -12.48801 1.511988 51.91666 -11.43646 6.488013 51.91666 -11.43645 1.127091 51.91666 -10 6.872909 51.91666 -10 1.511988 51.91666 -8.563547 6.488011 51.91666 -8.563547 2.563545 51.91666 -7.51199 5.436454 51.91666 -7.51199 4 51.91666 -7.127093 4 41.82 -12.6845 2.817 53.64 -12.04902 1.675155 41.82 -11.34225 1.950984 53.64 -11.183 1.3155 41.82 -10 1.634 53.64 -10 1.675155 41.82 -8.657751 2.817 53.64 -7.950986 4 41.82 -7.315502 4 53.64 -7.634002 6.324844 41.82 -8.657751 6.049016 53.64 -8.817001 4 53.64 -12.366 2.817 53.64 -12.04902 1.950984 53.64 -11.183 6.049017 53.64 -11.183 1.634 53.64 -10 6.366 53.64 -10 1.950984 53.64 -8.817001 6.049016 53.64 -8.817001 5.183 53.64 -7.950986 2.817 53.64 -7.950986 4 53.64 -7.634002 5.183002 53.64 -12.04902 6.324846 41.82 -11.34225 6.049017 53.64 -11.183 7.152333 2.360001 -11.82 7.152333 6.36 -11.82 7.639999 2.360001 -9.999998 7.152331 6.36 -8.179999 5.819999 2.360001 -6.847667 4 6.36 -6.360001 0.8476675 2.360001 -8.18 0.8476677 6.36 -8.18 0.3600001 2.360001 -10 0.3600001 6.36 -10 0.8476672 2.360001 -11.82 0.8476675 6.36 -11.82 4 6.36 -13.64 4 2.360001 -13.64 -10 7 -4 -10 7 -15 10 8.316612 -15 -1.31 8.316612 -15 -1.31 9.999999 -15 10 9.999999 -15 10 -10 -6 10 8.316613 -6 -10 5.56912 -15 -10 5.569121 -4 5.660752 18.18 -12.8765 4 30 -13.003 6.876504 18.18 -11.66075 6.600675 30 -11.5015 6.876503 18.18 -8.339251 6.600674 30 -8.498501 4 18.18 -6.678501 4 30 -6.997002 1.123497 18.18 -8.339251 1.399326 30 -8.498501 0.6785001 18.18 -10 0.9970001 30 -10 2.33925 18.18 -12.8765 2.4985 30 -12.60068 5.501499 30 -7.399327 5.342249 41.82 -7.675157 1.399326 30 -11.5015 1.123497 18.18 -11.66075 0.6785001 18.18 -10 4 18.18 -13.3215 -5.6 7 -4 -10 7 -4 -10 5.569121 -4 -5.6 5.569121 -4 -5.6 7 -15 -5.6 5.56912 -15 -10 5.56912 -15 -10 7 -15 -1.31 10 -4 -1.31 8.316613 -4 10 8.316613 -6 10 10 -6 10 -10 -15 10 8.316612 -15 -10 -10 -4 -10 5.569121 -4 -10 5.56912 -15 -10 -10 -15 10 10 -6 10 8.316613 -6 10 8.316612 -15 10 9.999999 -15 1.252789 47.40053 -11.5861 1.25279 48.18293 -11.5861 0.827795 47.40053 -10 0.827795 48.18293 -10 2.413897 47.40053 -7.252791 2.413898 48.18293 -7.252792 6.74721 47.40053 -8.413898 6.74721 48.18293 -8.413898 4 48.18293 -13.17221 2.413898 48.18293 -12.74721 6.747211 48.18293 -11.5861 1.25279 48.18293 -11.5861 0.827795 48.18293 -10 7.172205 48.18293 -10 1.25279 48.18293 -8.413899 6.74721 48.18293 -8.413898 2.413898 48.18293 -7.252792 5.586102 48.18293 -7.252791 4 48.18293 -6.827797 5.586104 48.18293 -12.74721 5.586104 47.40053 -12.74721 5.586104 48.18293 -12.74721 2.413898 47.40053 -12.74721 4 47.40053 -13.17221 5.586104 47.40053 -12.74721 1.252789 47.40053 -11.5861 6.747211 47.40053 -11.5861 0.827795 47.40053 -10 7.172205 47.40053 -10 1.25279 47.40053 -8.413898 6.74721 47.40053 -8.413898 2.413897 47.40053 -7.252791 5.586102 47.40053 -7.252791 4 47.40053 -6.827797 -2.373374 24.86171 -11.03286 -3.089269 24.86171 -11.78896 -4.067204 24.86171 -12.06571 -2.111337 24.86171 -10 -2.373374 24.86171 -8.967148 -3.089271 24.86171 -8.211046 -4.067204 24.86171 -7.934294 -5.045137 24.86171 -8.211046 -5.761033 24.86171 -8.967148 -6.02307 24.86171 -10 -5.761033 24.86171 -8.967148 -5.761034 24.86171 -11.03286 -6.02307 24.86171 -10 -5.045137 24.86171 -11.78896 -5.761034 24.86171 -11.03286 -5.6 5.56912 -15 -5.6 -10 -15 6.600675 30 -11.5015 5.501502 30 -12.60067 4 30 -13.003 7.003 30 -10 6.600675 30 -11.5015 6.600674 30 -8.498501 5.501499 30 -7.399327 4 30 -6.997002 4 30 -6.997002 2.4985 30 -7.399327 1.399326 30 -8.498501 0.9970001 30 -10 1.399326 30 -8.498501 1.399326 30 -11.5015 0.9970001 30 -10 2.4985 30 -12.60068 4 30 -13.003  
			<Colors>: 0  
			<TextureCoords0>: 638 0.6972656 0.394043 0.6972656 0.3818359 0.6650391 0.394043 0.6650391 0.3818359 0.6333008 0.394043 0.6333008 0.3818359 0.6020508 0.394043 0.6020508 0.3818359 0.9506836 0.394043 0.9506836 0.3818359 0.9194336 0.394043 0.9194336 0.3818359 0.887207 0.394043 0.887207 0.3818359 0.855957 0.394043 0.855957 0.3818359 0.8237305 0.394043 0.8237305 0.3818359 0.7919922 0.394043 0.7919922 0.3818359 0.7602539 0.394043 0.7602539 0.3818359 0.7290039 0.394043 0.7109375 0.4267578 0.7290039 0.3818359 0.7290039 0.394043 0.7602539 0.3818359 0.7602539 0.394043 0.7919922 0.3818359 0.7919922 0.394043 0.8237305 0.3818359 0.8237305 0.394043 0.855957 0.3818359 0.855957 0.394043 0.887207 0.3818359 0.887207 0.394043 0.9194336 0.3818359 0.9194336 0.394043 0.9506836 0.3818359 0.9506836 0.394043 0.9824219 0.3818359 0.9824219 0.394043 0.6333008 0.3818359 0.6333008 0.394043 0.6650391 0.3818359 0.6650391 0.394043 0.7260742 0.4179688 0.6972656 0.394043 0.08007813 0.9663086 0.08007813 0.9663086 0.06738281 0.9663086 0.06738281 0.9663086 0.05371094 0.9663086 0.05371094 0.9663086 0.1928711 0.9663086 0.04248047 0.9663086 0.1806641 0.9663086 0.1806641 0.9663086 0.1669922 0.9663086 0.1669922 0.9663086 0.1542969 0.9663086 0.1542969 0.9663086 0.1420898 0.9663086 0.1420898 0.9663086 0.1303711 0.9663086 0.1303711 0.9663086 0.1166992 0.9663086 0.1166992 0.9663086 0.105957 0.9663086 0.105957 0.9663086 0.09326172 0.9663086 0.2768555 0.8251953 0.08007813 1.000977 0.06738281 1.000977 0.05371094 1.000977 0.1928711 1.000977 0.1806641 1.000977 0.1669922 1.000977 0.1542969 1.000977 0.1420898 1.000977 0.1303711 1.000977 0.1166992 1.000977 0.105957 1.000977 0.09326172 1.000977 0.08007813 0.7539063 0.06738281 0.7539063 0.05371094 0.7539063 0.1928711 0.7539063 0.1806641 0.7539063 0.1669922 0.7539063 0.1542969 0.7539063 0.1420898 0.7539063 0.1303711 0.7539063 0.1166992 0.7539063 0.105957 0.7539063 0.09326172 0.7539063 0.08007813 0.8608398 0.06738281 0.8608398 0.05371094 0.8608398 0.04248047 0.8608398 0.1806641 0.8608398 0.1669922 0.8608398 0.1542969 0.8608398 0.1420898 0.8608398 0.1303711 0.8608398 0.1166992 0.8608398 0.105957 0.8608398 0.09326172 0.8608398 0.06738281 0.8608398 0.05371094 0.8608398 0.1928711 0.8608398 0.1806641 0.8608398 0.1669922 0.8608398 0.1542969 0.8608398 0.1420898 0.8608398 0.1303711 0.8608398 0.1166992 0.8608398 0.105957 0.8608398 0.09326172 0.8608398 0.08007813 0.8608398 0.6972656 0.394043 0.6972656 0.3818359 0.6650391 0.394043 0.6650391 0.3818359 0.6333008 0.394043 0.6333008 0.3818359 0.6020508 0.394043 0.6020508 0.3818359 0.9506836 0.394043 0.9506836 0.3818359 0.9194336 0.394043 0.9194336 0.3818359 0.887207 0.394043 0.887207 0.3818359 0.855957 0.394043 0.855957 0.3818359 0.8237305 0.394043 0.8237305 0.3818359 0.7919922 0.394043 0.7919922 0.3818359 0.7602539 0.394043 0.7602539 0.3818359 0.7290039 0.394043 0.7109375 0.4267578 0.7290039 0.3818359 0.7290039 0.394043 0.7602539 0.3818359 0.7602539 0.394043 0.7919922 0.3818359 0.7919922 0.394043 0.8237305 0.3818359 0.8237305 0.394043 0.855957 0.3818359 0.855957 0.394043 0.887207 0.3818359 0.887207 0.394043 0.9194336 0.3818359 0.9194336 0.394043 0.9506836 0.3818359 0.9506836 0.394043 0.9824219 0.3818359 0.9824219 0.394043 0.6333008 0.3818359 0.6333008 0.394043 0.6650391 0.3818359 0.6650391 0.394043 0.7260742 0.4179688 0.6972656 0.394043 0.08007813 0.9663086 0.08007813 0.9663086 0.06738281 0.9663086 0.06738281 0.9663086 0.05371094 0.9663086 0.05371094 0.9663086 0.1928711 0.9663086 0.04248047 0.9663086 0.1806641 0.9663086 0.1806641 0.9663086 0.1669922 0.9663086 0.1669922 0.9663086 0.1542969 0.9663086 0.1542969 0.9663086 0.1420898 0.9663086 0.1420898 0.9663086 0.1303711 0.9663086 0.1303711 0.9663086 0.1166992 0.9663086 0.1166992 0.9663086 0.105957 0.9663086 0.105957 0.9663086 0.09326172 0.9663086 0.2768555 0.8251953 0.08007813 1.000977 0.06738281 1.000977 0.05371094 1.000977 0.1928711 1.000977 0.1806641 1.000977 0.1669922 1.000977 0.1542969 1.000977 0.1420898 1.000977 0.1303711 1.000977 0.1166992 1.000977 0.105957 1.000977 0.09326172 1.000977 0.2700195 0.684082 0.001464844 0.684082 0.5415039 0.684082 0.06201172 0.5249023 0.4863281 0.5654297 0.3789063 0.2333984 0.5986328 0.684082 0.3974609 0.3422852 0.3974609 0.5654297 0.06005859 0.684082 0.4863281 0.3422852 0.2910156 0.5654297 0.5993652 0.2333984 0.1176758 0.684082 0.5385742 0.684082 0.390625 0.684082 0.08007813 0.7539063 0.06738281 0.7539063 0.05371094 0.7539063 0.1928711 0.7539063 0.1806641 0.7539063 0.1669922 0.7539063 0.1542969 0.7539063 0.1420898 0.7539063 0.1303711 0.7539063 0.1166992 0.7539063 0.105957 0.7539063 0.09326172 0.7539063 0.08007813 0.8608398 0.06738281 0.8608398 0.05371094 0.8608398 0.04248047 0.8608398 0.1806641 0.8608398 0.1669922 0.8608398 0.1542969 0.8608398 0.1420898 0.8608398 0.1303711 0.8608398 0.1166992 0.8608398 0.105957 0.8608398 0.09326172 0.8608398 0.06738281 0.8608398 0.05371094 0.8608398 0.1928711 0.8608398 0.1806641 0.8608398 0.1669922 0.8608398 0.1542969 0.8608398 0.1420898 0.8608398 0.1303711 0.8608398 0.1166992 0.8608398 0.105957 0.8608398 0.09326172 0.8608398 0.08007813 0.8608398 0.2700195 0.439473 0.001464844 0.2539063 0.5986328 0.4761419 0.1176758 0.4394729 0.3789063 0.2539063 0.2001953 0.2539063 0.390625 0.439473 0.06005859 0.4761419 0.6972656 0.394043 0.6972656 0.3818359 0.6650391 0.394043 0.6650391 0.3818359 0.6333008 0.394043 0.6333008 0.3818359 0.6020508 0.394043 0.6020508 0.3818359 0.9506836 0.394043 0.9506836 0.3818359 0.9194336 0.394043 0.9194336 0.3818359 0.887207 0.394043 0.887207 0.3818359 0.855957 0.394043 0.855957 0.3818359 0.8237305 0.394043 0.8237305 0.3818359 0.7919922 0.394043 0.7919922 0.3818359 0.7602539 0.394043 0.7602539 0.3818359 0.7290039 0.394043 0.7109375 0.4267578 0.6333008 0.394043 0.6333008 0.3818359 0.9824219 0.394043 0.9824219 0.3818359 0.9194336 0.394043 0.9194336 0.3818359 0.8237305 0.394043 0.8237305 0.3818359 0.7260742 0.4179688 0.7436523 0.4179688 0.7587891 0.4267578 0.7021484 0.4418945 0.7675781 0.4418945 0.7021484 0.4594727 0.7675781 0.4594727 0.7109375 0.4746094 0.7587891 0.4746094 0.7260742 0.4833984 0.7436523 0.4833984 0.7290039 0.3818359 0.7290039 0.394043 0.7290039 0.3818359 0.6782227 0.4833984 0.6606445 0.4833984 0.6455078 0.4746094 0.6933594 0.4746094 0.6362305 0.4594727 0.7021484 0.4594727 0.6362305 0.4418945 0.7021484 0.4418945 0.6455078 0.4267578 0.6933594 0.4267578 0.6606445 0.4179688 0.6782227 0.4179688 0.7919922 0.394043 0.7919922 0.3818359 0.887207 0.394043 0.887207 0.3818359 0.6020508 0.394043 0.6020508 0.3818359 0.7109375 0.4267578 0.7436523 0.4179688 0.7021484 0.4418945 0.7587891 0.4267578 0.7675781 0.4418945 0.7021484 0.4594727 0.7675781 0.4594727 0.7109375 0.4746094 0.7260742 0.4833984 0.7587891 0.4746094 0.7436523 0.4833984 0.6972656 0.3818359 0.6972656 0.394043 0.6972656 0.3818359 0.6782227 0.4833984 0.6606445 0.4833984 0.6455078 0.4746094 0.6933594 0.4746094 0.6362305 0.4594727 0.7021484 0.4594727 0.6362305 0.4418945 0.7021484 0.4418945 0.6455078 0.4267578 0.6933594 0.4267578 0.6606445 0.4179688 0.6782227 0.4179688 0.08007813 0.8608398 0.06738281 0.9663086 0.05371094 0.8608398 0.05371094 0.9663086 0.1928711 0.8608398 0.1928711 0.9663086 0.1806641 0.8608398 0.1669922 0.9663086 0.1542969 0.8608398 0.1542969 0.9663086 0.1166992 0.8608398 0.105957 0.9663086 0.2915039 0.8334961 0.2998047 0.847168 0.2998047 0.8637695 0.2607422 0.8251953 0.246582 0.8334961 0.2915039 0.8779297 0.2768555 0.8862305 0.2382813 0.847168 0.2382813 0.8637695 0.2607422 0.8862305 0.246582 0.8779297 0.09326172 0.9663086 0.105957 1.000977 0.1166992 0.9663086 0.1420898 1.000977 0.1542969 0.9663086 0.1806641 1.000977 0.1928711 0.9663086 0.04248047 1.000977 0.04248047 0.9663086 0.05371094 1.000977 0.05371094 0.9663086 0.08007813 0.9663086 0.08007813 1.000977 0.1166992 0.8608398 0.1166992 0.7539063 0.1542969 0.8608398 0.1542969 0.7539063 0.1806641 0.8608398 0.1806641 0.7539063 0.04248047 0.8608398 0.04248047 0.7539063 0.06738281 0.8608398 0.05371094 0.7539063 0.08007813 0.8608398 0.08007813 0.7539063 0.09326172 0.7539063 0.105957 0.7539063 0.105957 0.8608398 0.1669922 0.7539063 0.06738281 0.9663086 0.05371094 0.8608398 0.1806641 0.9663086 0.1669922 0.8608398 0.105957 0.9663086 0.105957 0.8608398 0.6333008 0.394043 0.6333008 0.3818359 0.9824219 0.394043 0.9824219 0.3818359 0.9194336 0.394043 0.9194336 0.3818359 0.8237305 0.394043 0.8237305 0.3818359 0.7260742 0.4179688 0.7436523 0.4179688 0.7587891 0.4267578 0.7021484 0.4418945 0.7675781 0.4418945 0.7021484 0.4594727 0.7675781 0.4594727 0.7109375 0.4746094 0.7587891 0.4746094 0.7260742 0.4833984 0.7436523 0.4833984 0.7290039 0.3818359 0.7290039 0.394043 0.7290039 0.3818359 0.6782227 0.4833984 0.6606445 0.4833984 0.6455078 0.4746094 0.6933594 0.4746094 0.6362305 0.4594727 0.7021484 0.4594727 0.6362305 0.4418945 0.7021484 0.4418945 0.6455078 0.4267578 0.6933594 0.4267578 0.6606445 0.4179688 0.6782227 0.4179688 0.7919922 0.394043 0.7919922 0.3818359 0.887207 0.394043 0.887207 0.3818359 0.6020508 0.394043 0.6020508 0.3818359 0.7109375 0.4267578 0.7436523 0.4179688 0.7587891 0.4267578 0.7021484 0.4418945 0.7675781 0.4418945 0.7021484 0.4594727 0.7675781 0.4594727 0.7109375 0.4746094 0.7587891 0.4746094 0.7260742 0.4833984 0.7436523 0.4833984 0.6972656 0.3818359 0.6972656 0.394043 0.6972656 0.3818359 0.6782227 0.4833984 0.6606445 0.4833984 0.6455078 0.4746094 0.6933594 0.4746094 0.6362305 0.4594727 0.7021484 0.4594727 0.6362305 0.4418945 0.7021484 0.4418945 0.6455078 0.4267578 0.6933594 0.4267578 0.6606445 0.4179688 0.6782227 0.4179688 0.08007813 0.8608398 0.06738281 0.9663086 0.05371094 0.8608398 0.05371094 0.9663086 0.1928711 0.8608398 0.1928711 0.9663086 0.1806641 0.8608398 0.1669922 0.9663086 0.1542969 0.8608398 0.1542969 0.9663086 0.1303711 0.8608398 0.1303711 0.9663086 0.2915039 0.8334961 0.2998047 0.847168 0.2998047 0.8637695 0.2607422 0.8251953 0.2915039 0.8779297 0.246582 0.8334961 0.2768555 0.8862305 0.2382813 0.847168 0.2382813 0.8637695 0.2607422 0.8862305 0.246582 0.8779297 0.09326172 0.9663086 0.105957 0.8608398 0.105957 0.9663086 0.105957 1.000977 0.105957 0.9663086 0.1166992 1.000977 0.1303711 0.9663086 0.1420898 1.000977 0.1542969 0.9663086 0.1806641 1.000977 0.1806641 0.9663086 0.04248047 1.000977 0.04248047 0.9663086 0.05371094 1.000977 0.05371094 0.9663086 0.08007813 0.9663086 0.08007813 1.000977 0.001464844 0.2333984 0.2001953 0.2333984 0.5993652 0.2539063 0.5415039 0.4394729 0.2910156 0.3422852 0.06201172 0.3422852 0.2700195 0.684082 0.2700195 0.439473 0.5385742 0.4761419 0.001464844 0.4761419 0.09326172 0.8608398 0.08007813 0.7539063 0.105957 0.8608398 0.105957 0.7539063 0.1303711 0.8608398 0.1303711 0.7539063 0.1542969 0.8608398 0.1542969 0.7539063 0.1806641 0.8608398 0.1806641 0.7539063 0.04248047 0.8608398 0.04248047 0.7539063 0.06738281 0.8608398 0.06738281 0.7539063 0.1420898 0.7539063 0.1420898 0.8608398 0.05371094 0.7539063 0.05371094 0.8608398 0.04248047 0.8608398 0.08007813 0.8608398 0.08691406 0.2333984 0.001464844 0.2333984 0.001464844 0.2539063 0.08691406 0.2539063 0.284668 0.2333984 0.284668 0.2539063 0.2001953 0.2539063 0.2001953 0.2333984 0.1816406 0.2333984 0.1816406 0.2539063 0.4013672 0.2539063 0.4013672 0.2333984 0.390625 0.684082 0.390625 0.439473 0.3916016 0.684082 0.3916016 0.4761419 0.5385742 0.4761419 0.5385742 0.684082 0.4013672 0.2333984 0.4013672 0.2539063 0.5993652 0.2539063 0.5993652 0.2333984 0.6333008 0.394043 0.6333008 0.3818359 0.9824219 0.394043 0.9824219 0.3818359 0.9194336 0.394043 0.9194336 0.3818359 0.8237305 0.394043 0.8237305 0.3818359 0.7260742 0.4179688 0.7436523 0.4179688 0.7021484 0.4418945 0.7587891 0.4267578 0.7675781 0.4418945 0.7021484 0.4594727 0.7675781 0.4594727 0.7109375 0.4746094 0.7587891 0.4746094 0.7260742 0.4833984 0.7436523 0.4833984 0.7290039 0.3818359 0.7290039 0.394043 0.7290039 0.3818359 0.6782227 0.4833984 0.6606445 0.4833984 0.6455078 0.4746094 0.6933594 0.4746094 0.6362305 0.4594727 0.7021484 0.4594727 0.6362305 0.4418945 0.7021484 0.4418945 0.6455078 0.4267578 0.6933594 0.4267578 0.6606445 0.4179688 0.6782227 0.4179688 0.105957 0.7539063 0.09326172 0.7539063 0.08007813 0.7539063 0.1166992 0.7539063 0.1303711 0.7539063 0.1420898 0.7539063 0.1542969 0.7539063 0.1669922 0.7539063 0.1806641 0.7539063 0.1928711 0.7539063 0.1806641 0.7539063 0.05371094 0.7539063 0.04248047 0.7539063 0.06738281 0.7539063 0.05371094 0.7539063 0.5986328 0.4761419 0.5986328 0.684082 0.105957 0.7539063 0.09326172 0.7539063 0.08007813 0.7539063 0.1166992 0.7539063 0.105957 0.7539063 0.1303711 0.7539063 0.1420898 0.7539063 0.1542969 0.7539063 0.1542969 0.7539063 0.1669922 0.7539063 0.1806641 0.7539063 0.1928711 0.7539063 0.1806641 0.7539063 0.05371094 0.7539063 0.04248047 0.7539063 0.06738281 0.7539063 0.08007813 0.7539063  
			<TextureCoords1>: 638 0.7011153 0.7972805 0.7011153 0.8057575 0.6840515 0.7972805 0.6840515 0.8057575 0.6665695 0.7972805 0.6665695 0.8057575 0.6844599 0.8305242 0.6844599 0.8220472 0.7023504 0.8305242 0.7023504 0.8220471 0.7198324 0.8305242 0.7198325 0.8220471 0.7011153 0.7848971 0.7011153 0.7933742 0.6840515 0.7848971 0.6840515 0.7933742 0.6665695 0.7848971 0.6665695 0.7933742 0.701942 0.8096638 0.701942 0.8181409 0.6840515 0.8096638 0.6840515 0.8181409 0.7181792 0.7972805 0.8299863 0.9409632 0.7386426 0.8181409 0.7386426 0.8096637 0.7539117 0.8181409 0.7539117 0.8096637 0.7695376 0.8181409 0.7695376 0.8096637 0.7393646 0.7933741 0.7393646 0.784897 0.7546337 0.7933741 0.7546337 0.784897 0.7695375 0.7933741 0.7695375 0.784897 0.7546337 0.8220471 0.7546337 0.8305242 0.7393646 0.8220471 0.7393646 0.8305242 0.7237387 0.8220471 0.7237387 0.8305242 0.7539117 0.7972803 0.7539117 0.8057575 0.7386426 0.7972803 0.7386426 0.8057575 0.7291532 0.7424794 0.7237387 0.8096637 0.04748053 0.3620604 0.5597881 0.3521373 0.04749655 0.2934492 0.5598527 0.2991125 0.5176681 0.4727881 0.5598063 0.309634 0.5169287 0.4562393 0.005184533 0.481716 0.5152734 0.4123297 0.004594371 0.4709647 0.5159531 0.396176 0.00390625 0.3765822 0.5165269 0.3804115 0.004250137 0.3663123 0.04850572 0.513849 0.5605727 0.5310368 0.04806663 0.5299951 0.5602893 0.5415583 0.0477064 0.5465343 0.5601134 0.5523281 0.04723818 0.330103 0.5596296 0.3313421 0.04731558 0.3462787 0.7785845 0.7973438 0.004137569 0.3624061 0.004162913 0.292762 0.560964 0.4708536 0.5602247 0.4543049 0.558551 0.414059 0.5591968 0.3978949 0.5598177 0.3820946 0.00523309 0.5126054 0.004776777 0.528816 0.004336286 0.5454092 0.00390625 0.330402 0.004017908 0.3465863 0.3035844 0.3571104 0.3036747 0.296279 0.2616666 0.4826321 0.2610567 0.4689794 0.2594548 0.399742 0.2600549 0.3863937 0.3049327 0.5094019 0.3044322 0.5224317 0.3040726 0.535786 0.303501 0.3170475 0.3033828 0.3307164 0.3034092 0.3440736 0.4319487 0.2860444 0.4317637 0.2976953 0.4317111 0.3096331 0.1331207 0.4753482 0.132451 0.4631497 0.1319806 0.3814884 0.1323707 0.3698362 0.4325024 0.5267338 0.4321809 0.5386716 0.4319816 0.5508913 0.4315062 0.3310288 0.4315296 0.3429693 0.39017 0.4924726 0.3896674 0.4777105 0.3889928 0.4626098 0.3874656 0.4060622 0.3881293 0.3912982 0.1769169 0.5037189 0.1763644 0.5181231 0.1759657 0.5328974 0.17539 0.3152863 0.1752594 0.3304049 0.1752884 0.3451728 0.1754812 0.3595979 0.6942005 0.9960938 0.6942005 0.9860592 0.7202992 0.9960937 0.7202992 0.9860592 0.7463979 0.9960937 0.7463979 0.9860592 0.6942005 0.9821529 0.6942005 0.9721184 0.7202992 0.9821529 0.7202992 0.9721184 0.7463979 0.9821529 0.7463979 0.9721184 0.7202992 0.9581776 0.7202992 0.9682121 0.6942005 0.9581776 0.6942005 0.9682121 0.6681017 0.9581776 0.6681017 0.9682121 0.7202991 0.9442368 0.7202991 0.9542713 0.6942005 0.9442368 0.6942005 0.9542713 0.6681017 0.9960938 0.8383321 0.3781153 0.9116583 0.9403307 0.9116583 0.9302962 0.9307312 0.9403307 0.9307312 0.9302962 0.949804 0.9403307 0.949804 0.9302962 0.9258212 0.8472487 0.9258212 0.8372142 0.9448941 0.8472487 0.9448941 0.8372142 0.963967 0.8472487 0.963967 0.8372142 0.9307311 0.944237 0.9307312 0.9542715 0.9116583 0.944237 0.9116583 0.9542715 0.8925855 0.944237 0.8925855 0.9542716 0.869807 0.8372141 0.869807 0.8472487 0.8507341 0.8372142 0.8507341 0.8472487 0.9328024 0.9223358 0.8925855 0.9302962 0.05575217 0.8299392 0.6621619 0.8148251 0.05704846 0.8915127 0.661283 0.8390877 0.611362 0.7560326 0.6627496 0.8547262 0.6111804 0.7319077 0.004690357 0.7386203 0.6105392 0.6395769 0.004407829 0.7229075 0.6105952 0.6154322 0.004035774 0.6162009 0.6104847 0.5913005 0.00390625 0.600489 0.05747123 0.9503537 0.663308 0.9803951 0.05635589 0.9744609 0.6626393 0.9960938 0.05548231 0.6791189 0.6619791 0.6875823 0.05523341 0.7816354 0.6618695 0.7032942 0.05540949 0.8057944 0.7996369 0.7698753 0.004399037 0.8305242 0.005962484 0.8958923 0.662617 0.7555281 0.6623793 0.7313844 0.6618367 0.6395769 0.6618367 0.6154131 0.6618088 0.5912088 0.006292709 0.94777 0.00509115 0.9719455 0.004246733 0.6783581 0.00390625 0.7821284 0.004138468 0.8063061 0.003906293 0.005897224 0.2764372 0.2663096 0.5648704 0.3810208 0.00390625 0.150882 0.2725309 0.1252312 0.8213765 0.3810208 0.5648704 0.4360414 0.2160995 0.2663096 0.2160995 0.1252313 0.3328685 0.2663096 0.2725309 0.2663095 0.1489604 0.1252314 0.8213764 0.2359666 0.387889 0.2663096 0.5648704 0.4924726 0.00390625 0.121325 0.3575419 0.8454316 0.3080034 0.7751702 0.3082007 0.7552249 0.30812 0.7352788 0.3073156 0.635756 0.307429 0.6158139 0.3614043 0.9454601 0.360278 0.9653715 0.3590341 0.6634135 0.3586172 0.6833516 0.3585249 0.7825228 0.3586055 0.8024586 0.5087881 0.8344305 0.5102048 0.8521956 0.5118691 0.8699393 0.1564052 0.73695 0.1560845 0.7191222 0.1557324 0.6160077 0.1555853 0.5981808 0.511793 0.9728829 0.5110344 0.9906948 0.5102981 0.6854665 0.5101739 0.7032934 0.5102425 0.8007891 0.459706 0.7777292 0.4599242 0.7556685 0.4598348 0.7336069 0.4589983 0.6376762 0.4591239 0.6156297 0.2100086 0.9358377 0.2087633 0.9578503 0.2073992 0.6591849 0.2069381 0.6812268 0.2068791 0.7820787 0.2069684 0.804129 0.2062957 0.8564334 0.2388224 0.005897224 0.5832219 0.09098184 0.764549 0.4360414 0.3878891 0.03139347 0.7997865 0.3810208 0.5832218 0.2320602 0.2388224 0.121325 0.3328685 0.0666309 0.6891616 0.9403306 0.6891616 0.9302961 0.7102215 0.9403306 0.7102215 0.9302961 0.7312813 0.9403305 0.7312813 0.9302961 0.9136453 0.9960938 0.9136453 0.9860592 0.9347051 0.9960938 0.9347051 0.9860592 0.955765 0.9960938 0.9557649 0.9860592 0.9136453 0.982153 0.9136453 0.9721185 0.9347051 0.982153 0.9347051 0.9721185 0.9557649 0.982153 0.9557649 0.9721185 0.9347051 0.9581778 0.9347051 0.9682122 0.9136453 0.9581778 0.9136453 0.9682122 0.6681017 0.9403306 0.7596886 0.9118059 0.6665695 0.8305242 0.6665695 0.8220472 0.6844599 0.8305242 0.6844599 0.8220472 0.7181792 0.784897 0.7181792 0.7933741 0.7198324 0.8096638 0.7198324 0.8181409 0.8214448 0.9557354 0.821911 0.9727928 0.83126 0.987565 0.8452468 0.9324345 0.8469867 0.9960938 0.8631373 0.9324345 0.8648772 0.9960938 0.878864 0.9409633 0.8801377 0.987565 0.888213 0.9557354 0.8886792 0.9727929 0.7181792 0.8057575 0.6665695 0.8096638 0.6665695 0.8181409 0.8089971 0.987565 0.8175386 0.9727929 0.8170723 0.9557354 0.7937366 0.9960938 0.8077233 0.9409632 0.7758461 0.9960938 0.7919966 0.9324345 0.7601194 0.987565 0.7741061 0.9324345 0.7507704 0.9727929 0.7588456 0.9409633 0.7503042 0.9557354 0.7237387 0.784897 0.7237387 0.7933741 0.7695376 0.8305242 0.7695376 0.8220471 0.7695376 0.8057575 0.7695376 0.7972803 0.7366135 0.7295771 0.7295604 0.7573777 0.7499422 0.722128 0.7377259 0.77028 0.7514619 0.7777292 0.7655681 0.722128 0.7670878 0.7777292 0.7793041 0.7295772 0.7874697 0.7424794 0.7804166 0.77028 0.7878768 0.7573777 0.7237387 0.8181409 0.7237387 0.8057575 0.7237387 0.7972803 0.7177867 0.77028 0.7252469 0.7573777 0.7248397 0.7424794 0.7044579 0.7777292 0.7166741 0.7295772 0.688832 0.7777292 0.7029381 0.722128 0.675096 0.77028 0.6873122 0.722128 0.6669304 0.7573777 0.6739835 0.7295772 0.6665232 0.7424794 0.4316863 0.3546233 0.5600487 0.3624061 0.1336657 0.4875529 0.005664843 0.4924726 0.1331207 0.4753482 0.005184533 0.481716 0.131444 0.393421 0.00390625 0.4604657 0.4329499 0.5150858 0.5609671 0.5207708 0.4316119 0.3188096 0.5600476 0.5630991 0.7734438 0.8062345 0.7737244 0.8165005 0.7793511 0.8253912 0.7877691 0.7922108 0.7985365 0.7922108 0.7888163 0.8305242 0.7995837 0.8305242 0.8080016 0.7973439 0.8136283 0.8062345 0.8087682 0.8253912 0.8139089 0.8165005 0.5596502 0.341866 0.00390625 0.5619863 0.04712392 0.3135405 0.5604313 0.3663123 0.04902764 0.4980699 0.5594853 0.4377562 0.5146124 0.4288715 0.5602247 0.4543049 0.5169287 0.4562393 0.00390625 0.3089471 0.04723989 0.3096343 0.04774708 0.2776514 0.004413435 0.2769642 0.1757166 0.5480198 0.3038497 0.5494554 0.3886118 0.3768809 0.2604912 0.373359 0.388164 0.4475167 0.2603075 0.4553336 0.3889928 0.4626098 0.2610567 0.4689794 0.1755856 0.2948637 0.303616 0.3096332 0.1758143 0.2804482 0.3038815 0.2832458 0.3042441 0.2702159 0.3037664 0.5631263 0.431907 0.5631122 0.3055888 0.4963789 0.5182191 0.4889658 0.1755208 0.3096343 0.5160204 0.4396991 0.3871976 0.4327777 0.04759892 0.5630894 0.1756185 0.5631263 0.6681017 0.9821529 0.6681017 0.9721184 0.6942005 0.9821529 0.6942005 0.9721184 0.7463979 0.9581776 0.7463979 0.9682121 0.7463979 0.9442368 0.7463979 0.9542713 0.8609343 0.3911647 0.887033 0.3911647 0.9096351 0.3781154 0.8252828 0.3555132 0.9226844 0.3555132 0.8252828 0.3294144 0.9226845 0.3294145 0.8383321 0.3068123 0.9096351 0.3068123 0.8609343 0.293763 0.887033 0.293763 0.6681017 0.9860592 0.6681017 0.9442368 0.6681017 0.9542713 0.909635 0.4081203 0.8870329 0.3950709 0.8609342 0.395071 0.9226845 0.4307224 0.8383321 0.4081203 0.9226845 0.4568211 0.8252828 0.4307225 0.9096351 0.4794233 0.8252828 0.4568212 0.8870329 0.4924726 0.8383321 0.4794233 0.8609343 0.4924726 0.9067484 0.8372142 0.9067484 0.8472487 0.949804 0.9542715 0.949804 0.9442369 0.8888798 0.8472487 0.8888798 0.8372141 0.9162848 0.9127994 0.9518753 0.9223358 0.9683928 0.9127994 0.9067484 0.8962818 0.9779293 0.8962818 0.9067484 0.8772089 0.9779293 0.877209 0.9162849 0.8606914 0.9683929 0.8606914 0.9328024 0.851155 0.9518753 0.851155 0.8925855 0.9403307 0.8316613 0.8472487 0.8316613 0.8372142 0.8933057 0.8606913 0.8767881 0.8511549 0.8577152 0.851155 0.9028422 0.8772089 0.8411977 0.8606914 0.9028422 0.8962818 0.8316613 0.8772089 0.8933057 0.9127994 0.8316613 0.8962818 0.8767881 0.9223358 0.8411978 0.9127994 0.8577154 0.9223358 0.510563 0.8186078 0.6626632 0.8305242 0.1564773 0.7547806 0.004753779 0.7543353 0.1564052 0.73695 0.004690357 0.7386203 0.1556309 0.633835 0.00390625 0.7072004 0.5127999 0.9550833 0.6641955 0.9647074 0.5106709 0.667643 0.6623078 0.6718734 0.8132401 0.7777292 0.8289477 0.7777292 0.8425508 0.7698754 0.7917832 0.7562722 0.8504046 0.7562723 0.7917831 0.7405647 0.8504045 0.7405647 0.7996369 0.7269615 0.8132401 0.7191077 0.8425508 0.7269616 0.8289476 0.7191077 0.6618797 0.7991204 0.5101706 0.7829676 0.6618164 0.7834134 0.00390625 0.7025598 0.05522556 0.7032493 0.00390625 0.9960938 0.05590577 0.654978 0.6617657 0.5670326 0.05875354 0.9262421 0.6621133 0.7072004 0.6108325 0.7077969 0.6623793 0.7313844 0.6111804 0.7319077 0.00805004 0.9200217 0.05921236 0.9155627 0.05504962 0.867436 0.00390625 0.8718013 0.5648704 0.09098196 0.5648703 0.2320603 0.7997864 0.2359666 0.7997865 0.3810208 0.1489604 0.2663097 0.00390625 0.2663097 0.5351937 0.2663097 0.5351938 0.03139359 0.764549 0.4924726 0.2764372 0.06663108 0.2048492 0.8344305 0.358964 0.8223915 0.2067815 0.7032942 0.3584782 0.7032937 0.2078215 0.9798992 0.3594295 0.9852972 0.4589446 0.5935624 0.3072644 0.5958717 0.4594378 0.7115487 0.3077612 0.7153358 0.4598348 0.7336069 0.30812 0.7352788 0.2080489 0.878414 0.3591268 0.8653044 0.359729 0.6434832 0.1551897 0.5803577 0.3609886 0.8851532 0.2101071 0.9004105 0.2124632 0.9223358 0.2073607 0.8262183 0.3328685 0.04827946 0.2764372 0.04827958 0.2764372 0.06663108 0.3328685 0.0666309 0.7829005 0.4360414 0.764549 0.4360414 0.764549 0.4924726 0.7829005 0.4924726 0.3878891 0.009803534 0.3878891 0.03139347 0.5351938 0.03139359 0.5351937 0.009803653 0.5648703 0.2359666 0.7997864 0.2359666 0.7829006 0.09098196 0.5832219 0.09098184 0.5832218 0.2320602 0.7829005 0.2320602 0.2604124 0.005897224 0.2388224 0.005897224 0.2388224 0.121325 0.2604123 0.121325 0.8925855 0.9960938 0.8925855 0.9860592 0.9136453 0.9960938 0.9136453 0.9860592 0.8925855 0.982153 0.8925855 0.9721185 0.9557649 0.9581778 0.9557649 0.9682122 0.7779269 0.9223358 0.7989867 0.9223358 0.7491586 0.8935675 0.8172251 0.9118059 0.827755 0.8935676 0.7491586 0.8725077 0.827755 0.8725077 0.7596886 0.8542693 0.8172251 0.8542694 0.7779269 0.8437394 0.7989867 0.8437394 0.6681017 0.9302961 0.8925855 0.9581778 0.8925855 0.9682122 0.7347223 0.8542693 0.716484 0.8437394 0.6954241 0.8437394 0.7452524 0.8725077 0.6771858 0.8542694 0.7452523 0.8935676 0.6666559 0.8725078 0.7347224 0.9118059 0.666656 0.8935676 0.7164841 0.9223358 0.6771858 0.9118059 0.6954242 0.9223358 0.3033828 0.3307164 0.3034092 0.3440736 0.3038815 0.2832458 0.3038497 0.5494554 0.3040726 0.535786 0.3044322 0.5224317 0.3049327 0.5094019 0.2600549 0.3863937 0.2594548 0.399742 0.2610567 0.4689794 0.2603075 0.4553336 0.2616666 0.4826321 0.2610567 0.4689794 0.3036747 0.296279 0.303616 0.3096332 0.764549 0.4360414 0.5648704 0.4360414 0.3585249 0.7825228 0.3586055 0.8024586 0.358964 0.8223915 0.3586172 0.6833516 0.3584782 0.7032937 0.3590341 0.6634135 0.360278 0.9653715 0.3614043 0.9454601 0.3072644 0.5958717 0.307429 0.6158139 0.3073156 0.635756 0.30812 0.7352788 0.3077612 0.7153358 0.3082007 0.7552249 0.30812 0.7352788 0.3591268 0.8653044 0.3575419 0.8454316  
			<Normals>: 638 0 -0.6506431 -0.7593837 0 0 -1 -0.3925718 -0.6519872 -0.6486911 -0.5177639 0 -0.8555236 -0.6623073 -0.6545247 -0.3646185 -0.8760122 0 -0.4822889 -0.755016 -0.6557063 0 -1 0 0 -0.6623073 -0.6545247 0.3646185 -0.8760122 0 0.4822889 -0.3925718 -0.6519872 0.6486911 -0.5177639 0 0.8555236 0 -0.6506431 0.7593837 0 0 1 0.3925718 -0.6519872 0.6486911 0.5177639 0 0.8555236 0.6623073 -0.6545247 0.3646185 0.8760122 0 0.4822889 0.755016 -0.6557063 0 1 0 0 0.6623073 -0.6545247 -0.3646185 0.8760122 0 -0.4822889 0.3925718 -0.6519872 -0.6486911 0 1 0 0.5177639 0 -0.8555236 0.3925718 -0.6519872 -0.6486911 0.8760122 0 -0.4822889 0.6623073 -0.6545247 -0.3646185 1 0 0 0.755016 -0.6557063 0 0.8760122 0 0.4822889 0.6622999 -0.6545174 0.3646449 0.5177639 0 0.8555236 0.3925718 -0.6519872 0.6486911 0 0 1 0 -0.6506431 0.7593837 -0.5177639 0 0.8555236 -0.3925718 -0.6519872 0.6486911 -0.8760122 0 0.4822889 -0.6622999 -0.6545174 0.3646449 -1 0 0 -0.755016 -0.6557063 0 -0.8760122 0 -0.4822889 -0.6622999 -0.6545174 -0.3646449 -0.5177639 0 -0.8555236 -0.3925718 -0.6519872 -0.6486911 0 1 0 0 -0.6506431 -0.7593837 0 0.01092564 -0.9999404 0 0.02191238 -0.9997599 -0.5176668 0.01077328 -0.8555144 -0.517787 0.02160752 -0.8552366 -0.8759297 0.01049858 -0.4823244 -0.8758933 0.02102754 -0.4820465 -0.9999465 0.01034585 0 -0.9997846 0.02075318 0 -0.8759297 0.01049858 0.4823244 -0.8758933 0.02102754 0.4820465 -0.5176668 0.01077328 0.8555144 -0.517787 0.02160752 0.8552366 0 0.01092564 0.9999404 0 0.02191238 0.9997599 0.5176668 0.01077328 0.8555144 0.517787 0.02160752 0.8552366 0.8759297 0.01049858 0.4823244 0.8758933 0.02102754 0.4820465 0.9999465 0.01034585 0 0.9997846 0.02075318 0 0.8759297 0.01049858 -0.4823244 0.8758933 0.02102754 -0.4820465 0.5176668 0.01077328 -0.8555144 0 1 0 0 0 -1 -0.5177639 0 -0.8555236 -0.8760122 0 -0.4822889 -1 0 0 -0.8760122 0 0.4822889 -0.5177639 0 0.8555236 0 0 1 0.5177639 0 0.8555236 0.8760122 0 0.4822889 1 0 0 0.8760122 0 -0.4822889 0.5177639 0 -0.8555236 0 0.02191238 -0.9997599 -0.5176347 0.02160754 -0.8553288 -0.8758203 0.02102799 -0.4821789 -0.9997846 0.02075318 0 -0.8758203 0.02102799 0.4821789 -0.5176347 0.02160754 0.8553288 0 0.02191238 0.9997599 0.5176347 0.02160754 0.8553288 0.8758203 0.02102799 0.4821789 0.9997846 0.02075318 0 0.8758203 0.02102799 -0.4821789 0.5176347 0.02160754 -0.8553288 0 0.02191238 -0.9997599 -0.5176347 0.02160754 -0.8553288 -0.8758203 0.02102799 -0.4821789 -0.9997846 0.02075318 0 -0.8758203 0.02102799 0.4821789 -0.5176347 0.02160754 0.8553288 0 0.02191238 0.9997599 0.5176347 0.02160754 0.8553288 0.8758203 0.02102799 0.4821789 0.9997846 0.02075318 0 0.8758203 0.02102799 -0.4821789 0.5176347 0.02160754 -0.8553288 -0.5176347 0.02160754 -0.8553288 -0.8758203 0.02102799 -0.4821789 -0.9997846 0.02075318 0 -0.8758203 0.02102799 0.4821789 -0.5176347 0.02160754 0.8553288 0 0.02191238 0.9997599 0.5176347 0.02160754 0.8553288 0.8758203 0.02102799 0.4821789 0.9997846 0.02075318 0 0.8758203 0.02102799 -0.4821789 0.5176347 0.02160754 -0.8553288 0 0.02191238 -0.9997599 0 -0.653236 -0.7571544 0 0 -1 -0.3785582 -0.6532295 -0.6557322 -0.4999893 0 -0.8660316 -0.6557322 -0.6532295 -0.3785582 -0.8660316 0 -0.4999893 -0.7571544 -0.653236 0 -1 0 0 -0.6557322 -0.6532295 0.3785582 -0.8660316 0 0.4999893 -0.3785582 -0.6532295 0.6557322 -0.4999893 0 0.8660316 0 -0.653236 0.7571544 0 0 1 0.3785582 -0.6532295 0.6557322 0.4999893 0 0.8660316 0.6557322 -0.6532295 0.3785582 0.8660316 0 0.4999893 0.7571544 -0.653236 0 1 0 0 0.6557322 -0.6532295 -0.3785582 0.8660316 0 -0.4999893 0.3785582 -0.6532295 -0.6557322 0 1 0 0.4999893 0 -0.8660316 0.3785582 -0.6532295 -0.6557322 0.8660316 0 -0.4999893 0.6557322 -0.6532295 -0.3785582 1 0 0 0.7571544 -0.653236 0 0.8660316 0 0.4999893 0.6557322 -0.6532295 0.3785582 0.4999893 0 0.8660316 0.3785582 -0.6532295 0.6557322 0 0 1 0 -0.653236 0.7571544 -0.4999893 0 0.8660316 -0.3785582 -0.6532295 0.6557322 -0.8660316 0 0.4999893 -0.6557322 -0.6532295 0.3785582 -1 0 0 -0.7571544 -0.653236 0 -0.8660316 0 -0.4999893 -0.6557322 -0.6532295 -0.3785582 -0.4999893 0 -0.8660316 -0.3785582 -0.6532295 -0.6557322 0 1 0 0 -0.653236 -0.7571544 0 0.01342816 -0.9999099 0 0.02691743 -0.9996377 -0.4999609 0.01342832 -0.8659438 -0.4998161 0.02691811 -0.8657131 -0.8659438 0.01342832 -0.4999609 -0.8657131 0.02691811 -0.4998161 -0.9999099 0.01342816 0 -0.9996377 0.02691743 0 -0.8659438 0.01342832 0.4999609 -0.8657131 0.02691811 0.4998161 -0.4999609 0.01342832 0.8659438 -0.4998161 0.02691811 0.8657131 0 0.01342816 0.9999099 0 0.02691743 0.9996377 0.4999609 0.01342832 0.8659438 0.4998161 0.02691811 0.8657131 0.8659438 0.01342832 0.4999609 0.8657131 0.02691811 0.4998161 0.9999099 0.01342816 0 0.9996377 0.02691743 0 0.865957 0.01342853 -0.4999381 0.8657131 0.02691811 -0.4998161 0.4999609 0.01342832 -0.8659438 0 1 0 0 0 -1 -0.4999893 0 -0.8660316 -0.8660316 0 -0.4999893 -1 0 0 -0.8660316 0 0.4999893 -0.4999893 0 0.8660316 0 0 1 0.4999893 0 0.8660316 0.8660316 0 0.4999893 1 0 0 0.8660316 0 -0.4999893 0.4999893 0 -0.8660316 1 0 0 0 0 1 0 0 -1 0 1 0 0 1 0 0 0 -1 0 0 -1 -0.3003995 0.9538134 0 -0.3003995 0.9538134 0 0 0 1 0 1 0 -0.3180675 0.9480681 0 0 0 -1 0.0873763 0 0.9961753 0 0 -1 1 0 0 0 0.02691743 -0.9996377 -0.4998161 0.02691811 -0.8657131 -0.8657131 0.02691811 -0.4998161 -0.9996377 0.02691743 0 -0.8657131 0.02691811 0.4998161 -0.4998161 0.02691811 0.8657131 0 0.02691743 0.9996377 0.4998161 0.02691811 0.8657131 0.8657131 0.02691811 0.4998161 0.9996377 0.02691743 0 0.8657131 0.02691811 -0.4998161 0.4998161 0.02691811 -0.8657131 0 0.02691743 -0.9996377 -0.4998161 0.02691811 -0.8657131 -0.8657131 0.02691811 -0.4998161 -0.9996377 0.02691743 0 -0.8657131 0.02691811 0.4998161 -0.4998161 0.02691811 0.8657131 0 0.02691743 0.9996377 0.4998161 0.02691811 0.8657131 0.8657131 0.02691811 0.4998161 0.9996377 0.02691743 0 0.8657131 0.02691811 -0.4998161 0.4998161 0.02691811 -0.8657131 -0.4998161 0.02691811 -0.8657131 -0.8657131 0.02691811 -0.4998161 -0.9996377 0.02691743 0 -0.8657131 0.02691811 0.4998161 -0.4998161 0.02691811 0.8657131 0 0.02691743 0.9996377 0.4998161 0.02691811 0.8657131 0.8657131 0.02691811 0.4998161 0.9996377 0.02691743 0 0.8657131 0.02691811 -0.4998161 0.4998161 0.02691811 -0.8657131 0 0.02691743 -0.9996377 1 0 0 -1 0 0 0 0 -1 0.0873763 0 0.9961753 0 0 -1 -1 0 0 1 0 0 0 0 1 0 -0.653236 -0.7571544 0 0.653236 -0.7571544 -0.3785582 -0.6532295 -0.6557322 -0.3785582 0.6532295 -0.6557322 -0.6557322 -0.6532295 -0.3785582 -0.6557322 0.6532295 -0.3785582 -0.7571544 -0.653236 0 -0.7571544 0.653236 0 -0.6557322 -0.6532295 0.3785582 -0.6557322 0.6532295 0.3785582 -0.3785582 -0.6532295 0.6557322 -0.3785582 0.6532295 0.6557322 0 -0.653236 0.7571544 0 0.653236 0.7571544 0.3785582 -0.6532295 0.6557322 0.3785582 0.6532295 0.6557322 0.6557322 -0.6532295 0.3785582 0.6557322 0.6532295 0.3785582 0.7571544 -0.653236 0 0.7571544 0.653236 0 0.6557322 -0.6532295 -0.3785582 0.6557322 0.6532295 -0.3785582 0.3785582 -0.6532295 -0.6557322 0.3785582 0.6532295 -0.6557322 -0.6623073 -0.6545247 -0.3646185 -0.8760122 0 -0.4822889 -0.755016 -0.6557063 0 -1 0 0 -0.3925718 -0.6519872 0.6486911 -0.5177639 0 0.8555236 0.6623073 -0.6545247 0.3646185 0.8760122 0 0.4822889 0 1 0 0 1 0 0 1 0 0 1 0 0 1 0 0 1 0 0 1 0 0 1 0 0 1 0 0 1 0 0 1 0 0.5177639 0 -0.8555236 0.3925718 -0.6519872 -0.6486911 0.5177639 0 -0.8555236 -0.3925718 -0.6519872 -0.6486911 0 -0.6506431 -0.7593837 0.3925718 -0.6519872 -0.6486911 -0.6623073 -0.6545247 -0.3646185 0.6623073 -0.6545247 -0.3646185 -0.755016 -0.6557063 0 0.755016 -0.6557063 0 -0.6623073 -0.6545247 0.3646185 0.6623073 -0.6545247 0.3646185 -0.3925718 -0.6519872 0.6486911 0.3925718 -0.6519872 0.6486911 0 -0.6506431 0.7593837 0.755016 -0.6557063 0 1 0 0 0 -0.6506431 0.7593837 0 0 1 -0.755016 -0.6557063 0 -1 0 0 0 1 0 0 1 0 0 1 0 0 1 0 0 1 0 0 1 0 0 1 0 0 1 0 0 1 0 0 1 0 0 1 0 0 0 -1 0 -0.6506431 -0.7593837 0 0 -1 -0.3925718 -0.6519872 -0.6486911 0 -0.6506431 -0.7593837 0.3925718 -0.6519872 -0.6486911 -0.6622999 -0.6545174 -0.3646449 0.6623073 -0.6545247 -0.3646185 -0.755016 -0.6557063 0 0.755016 -0.6557063 0 -0.6622999 -0.6545174 0.3646449 0.6622999 -0.6545174 0.3646449 -0.3925718 -0.6519872 0.6486911 0.3925718 -0.6519872 0.6486911 0 -0.6506431 0.7593837 0 0.02191238 -0.9997599 -0.517787 0.02160752 -0.8552366 -0.8758203 0.02102799 -0.4821789 -0.8758933 0.02102754 -0.4820465 -0.9997846 0.02075318 0 -0.9997846 0.02075318 0 -0.8758203 0.02102799 0.4821789 -0.517787 0.02160752 0.8552366 0 0.02191238 0.9997599 0 0.02191238 0.9997599 0.9997846 0.02075318 0 0.8758933 0.02102754 -0.4820465 0 1 0 0 1 0 0 1 0 0 1 0 0 1 0 0 1 0 0 1 0 0 1 0 0 1 0 0 1 0 0 1 0 0.517787 0.02160752 -0.8552366 0.8760122 0 -0.4822889 0.9999465 0.01034585 0 0.5177639 0 0.8555236 0 0.01092564 0.9999404 -0.8760122 0 0.4822889 -0.9999465 0.01034585 0 -1 0 0 -0.9999465 0.01034585 0 -0.8760122 0 -0.4822889 -0.8759297 0.01049858 -0.4823244 0 0.01092564 -0.9999404 0 0 -1 0.9997846 0.02075318 0 0.9997846 0.02075318 0 0 0.02191238 0.9997599 0 0.02191238 0.9997599 -0.8758203 0.02102799 0.4821789 -0.8758203 0.02102799 0.4821789 -0.9997846 0.02075318 0 -0.9997846 0.02075318 0 -0.5176347 0.02160754 -0.8553288 -0.8758203 0.02102799 -0.4821789 0 0.02191238 -0.9997599 0 0.02191238 -0.9997599 0.5176347 0.02160754 -0.8553288 0.8758203 0.02102799 -0.4821789 0.8758203 0.02102799 -0.4821789 -0.5176347 0.02160754 0.8553288 -0.5176668 0.01077328 -0.8555144 -0.8758203 0.02102799 -0.4821789 -0.8759297 0.01049858 0.4823244 -0.5176347 0.02160754 0.8553288 0.8759297 0.01049858 -0.4823244 0.8758203 0.02102799 -0.4821789 -0.6557322 -0.6532295 -0.3785582 -0.8660316 0 -0.4999893 -0.7571544 -0.653236 0 -1 0 0 -0.3785582 -0.6532295 0.6557322 -0.4999893 0 0.8660316 0.6557322 -0.6532295 0.3785582 0.8660316 0 0.4999893 0 1 0 0 1 0 0 1 0 0 1 0 0 1 0 0 1 0 0 1 0 0 1 0 0 1 0 0 1 0 0 1 0 0.4999893 0 -0.8660316 0.3785582 -0.6532295 -0.6557322 0.4999893 0 -0.8660316 -0.3785582 -0.6532295 -0.6557322 0 -0.653236 -0.7571544 0.3785582 -0.6532295 -0.6557322 -0.6557322 -0.6532295 -0.3785582 0.6557322 -0.6532295 -0.3785582 -0.7571544 -0.653236 0 0.7571544 -0.653236 0 -0.6557322 -0.6532295 0.3785582 0.6557322 -0.6532295 0.3785582 -0.3785582 -0.6532295 0.6557322 0.3785582 -0.6532295 0.6557322 0 -0.653236 0.7571544 0.7571544 -0.653236 0 1 0 0 0 -0.653236 0.7571544 0 0 1 -0.7571544 -0.653236 0 -1 0 0 0 1 0 0 1 0 0 1 0 0 1 0 0 1 0 0 1 0 0 1 0 0 1 0 0 1 0 0 1 0 0 1 0 0 0 -1 0 -0.653236 -0.7571544 0 0 -1 -0.3785582 -0.6532295 -0.6557322 0 -0.653236 -0.7571544 0.3785582 -0.6532295 -0.6557322 -0.6557322 -0.6532295 -0.3785582 0.6557322 -0.6532295 -0.3785582 -0.7571544 -0.653236 0 0.7571544 -0.653236 0 -0.6557322 -0.6532295 0.3785582 0.6557322 -0.6532295 0.3785582 -0.3785582 -0.6532295 0.6557322 0.3785582 -0.6532295 0.6557322 0 -0.653236 0.7571544 0 0.02691743 -0.9996377 -0.4998161 0.02691811 -0.8657131 -0.8657131 0.02691811 -0.4998161 -0.8657131 0.02691811 -0.4998161 -0.9996377 0.02691743 0 -0.9996377 0.02691743 0 -0.8657131 0.02691811 0.4998161 -0.4998161 0.02691811 0.8657131 0 0.02691743 0.9996377 0 0.02691743 0.9996377 0.8657131 0.02691811 0.4998161 0.8657131 0.02691811 0.4998161 0 1 0 0 1 0 0 1 0 0 1 0 0 1 0 0 1 0 0 1 0 0 1 0 0 1 0 0 1 0 0 1 0 0.4998161 0.02691811 -0.8657131 0.8657131 0.02691811 -0.4998161 0.8657131 0.02691811 -0.4998161 0.8660316 0 -0.4999893 0.865957 0.01342853 -0.4999381 1 0 0 0.8659438 0.01342832 0.4999609 0.4999893 0 0.8660316 0 0.01342816 0.9999099 -0.8660316 0 0.4999893 -0.8659438 0.01342832 0.4999609 -1 0 0 -0.9999099 0.01342816 0 -0.8660316 0 -0.4999893 -0.8659438 0.01342832 -0.4999609 0 0.01342816 -0.9999099 0 0 -1 -1 0 0 -1 0 0 0 0 -1 0 0 -1 -0.3003995 0.9538134 0 0 1 0 0.1741109 0 0.9847261 0.1741109 0 0.9847261 0 0 -1 0 0 1 0.4998161 0.02691811 -0.8657131 0 0.02691743 -0.9996377 0.8657131 0.02691811 -0.4998161 0.8657131 0.02691811 -0.4998161 0.8657131 0.02691811 0.4998161 0.8657131 0.02691811 0.4998161 0 0.02691743 0.9996377 0 0.02691743 0.9996377 -0.8657131 0.02691811 0.4998161 -0.8657131 0.02691811 0.4998161 -0.9996377 0.02691743 0 -0.9996377 0.02691743 0 -0.4998161 0.02691811 -0.8657131 -0.4998161 0.02691811 -0.8657131 0.4998161 0.02691811 0.8657131 0.4998161 0.02691811 0.8657131 -0.8657131 0.02691811 -0.4998161 -0.8657131 0.02691811 -0.4998161 -0.9996377 0.02691743 0 0 0.02691743 -0.9996377 0 0 1 0 0 1 0 0 1 0 0 1 0 0 -1 0 0 -1 0 0 -1 0 0 -1 0.1084349 0 0.9941036 0.0873763 0 0.9961753 0.1741109 0 0.9847261 0.1741109 0 0.9847261 0 0 -1 0 0 -1 -1 0 0 -1 0 0 -1 0 0 -1 0 0 1 0 0 1 0 0 1 0 0 1 0 0 -0.6557322 -0.6532295 -0.3785582 -0.6557322 0.6532295 -0.3785582 -0.7571544 -0.653236 0 -0.7571544 0.653236 0 -0.3785582 -0.6532295 0.6557322 -0.3785582 0.6532295 0.6557322 0.6557322 -0.6532295 0.3785582 0.6557322 0.6532295 0.3785582 0 0.653236 -0.7571544 -0.3785582 0.6532295 -0.6557322 0.6557322 0.6532295 -0.3785582 -0.6557322 0.6532295 -0.3785582 -0.7571544 0.653236 0 0.7571544 0.653236 0 -0.6557322 0.6532295 0.3785582 0.6557322 0.6532295 0.3785582 -0.3785582 0.6532295 0.6557322 0.3785582 0.6532295 0.6557322 0 0.653236 0.7571544 0.3785582 0.6532295 -0.6557322 0.3785582 -0.6532295 -0.6557322 0.3785582 0.6532295 -0.6557322 -0.3785582 -0.6532295 -0.6557322 0 -0.653236 -0.7571544 0.3785582 -0.6532295 -0.6557322 -0.6557322 -0.6532295 -0.3785582 0.6557322 -0.6532295 -0.3785582 -0.7571544 -0.653236 0 0.7571544 -0.653236 0 -0.6557322 -0.6532295 0.3785582 0.6557322 -0.6532295 0.3785582 -0.3785582 -0.6532295 0.6557322 0.3785582 -0.6532295 0.6557322 0 -0.653236 0.7571544 0.8758203 0.02102799 -0.4821789 0.5176347 0.02160754 -0.8553288 0 0.02191238 -0.9997599 0.9997846 0.02075318 0 0.8758203 0.02102799 0.4821789 0.5176347 0.02160754 0.8553288 0 0.02191238 0.9997599 -0.5176347 0.02160754 0.8553288 -0.8758203 0.02102799 0.4821789 -0.9997846 0.02075318 0 -0.8758203 0.02102799 0.4821789 -0.8758203 0.02102799 -0.4821789 -0.9997846 0.02075318 0 -0.5176347 0.02160754 -0.8553288 -0.8758203 0.02102799 -0.4821789 0 0 -1 0 0 -1 0.8657131 0.02691811 -0.4998161 0.4998161 0.02691811 -0.8657131 0 0.02691743 -0.9996377 0.9996377 0.02691743 0 0.8657131 0.02691811 -0.4998161 0.8657131 0.02691811 0.4998161 0.4998161 0.02691811 0.8657131 0 0.02691743 0.9996377 0 0.02691743 0.9996377 -0.4998161 0.02691811 0.8657131 -0.8657131 0.02691811 0.4998161 -0.9996377 0.02691743 0 -0.8657131 0.02691811 0.4998161 -0.8657131 0.02691811 -0.4998161 -0.9996377 0.02691743 0 -0.4998161 0.02691811 -0.8657131 0 0.02691743 -0.9996377  
			<Tangents>: 638 0.999999 0.001067272 -0.0009144433 1 0 0 0.8559884 -0.001023776 -0.5169941 0.8555235 0 -0.5177639 0.5717871 -0.1270775 -0.8105004 0.4822889 0 -0.8760122 0.1076002 -0.1238968 -0.986444 0 0 -1 -0.4815256 -0.0009857411 -0.8764315 -0.4822889 0 -0.8760122 -0.7824905 -0.133876 -0.6081002 -0.8555236 0 -0.5177639 -0.999996 -0.002151342 -0.001843279 -1 0 0 -0.8545922 0.002106631 0.5192955 -0.8555235 0 0.5177639 -0.5717871 -0.1270775 0.8105004 -0.4822889 0 0.8760122 -1.530189E-07 -1.761943E-07 1 0 0 1 0.4815252 -0.0009861849 0.8764316 0.4822889 0 0.8760122 0.9016868 0.1338463 0.4111522 -0.9622115 0 0.272303 0.8555235 0 0.5177639 0.8559954 0.001039502 0.5169824 0.4822889 0 0.8760122 0.4815253 -0.0009861471 0.8764316 0 0 1 0.1076002 0.1238968 0.986444 -0.4822889 0 0.8760122 -0.4830473 -0.0009800035 0.8755937 -0.8555235 0 0.5177639 -0.8545922 0.002106569 0.5192954 -1 0 0 -0.9834673 0.1375137 0.1178223 -0.8555235 0 -0.5177639 -0.8564553 0.002077931 -0.5162171 -0.4822889 0 -0.8760122 -0.4815432 -0.001003308 -0.8764217 0 0 -1 -0.1076002 0.1238967 -0.986444 0.4822889 0 -0.8760122 0.4830587 -0.0009949554 -0.8755874 0.8555235 0 -0.5177639 0.8559884 -0.001023871 -0.516994 -0.9622114 0 0.2723036 0.9834672 -0.1375139 0.1178225 0.9999952 0.003091728 3.373474E-05 1 0.000116987 2.564528E-06 0.8555715 0.001504177 -0.5176824 0.8553644 -0.005336403 -0.5179992 0.4823499 -0.0001199573 -0.8759786 0.4822468 0.005479601 -0.8760182 -2.715784E-05 -0.002624601 -0.9999965 0.0001092567 0.005263902 -0.9999861 -0.4823659 -0.001695861 -0.8759682 -0.4821588 -0.0003103007 -0.8760838 -0.8555635 0.0001094092 -0.5176979 -0.8554832 -0.005236149 -0.517804 -0.9999961 0.002779996 -3.033334E-05 -0.9999807 0.006199552 -0.0001359034 -0.8555644 6.083644E-05 0.5176963 -0.8554377 0.0001212399 0.5179057 -0.4823491 -0.0002098078 0.8759791 -0.4821453 -0.0004208709 0.8760912 -6.03949E-06 0.0005836714 0.9999998 -1.311128E-05 0.0006316914 0.9999998 0.4823667 -0.001785521 0.8759676 0.4822384 -0.004947091 0.8760261 0.8555644 -5.621424E-05 0.5176964 -0.6883633 0 -0.7253661 1 0 0 0.8555235 0 -0.5177639 0.4822889 0 -0.8760122 0 0 -1 -0.4822889 0 -0.8760122 -0.8555235 0 -0.5177639 -1 0 0 -0.8555236 0 0.5177639 -0.4822889 0 0.8760122 0 0 1 0.4822889 0 0.8760122 0.8555235 0 0.5177639 0.9999807 0.006201485 0.0001359458 0.855526 -0.0002214659 -0.5177597 0.4821872 -0.005009067 -0.8760539 -0.0001092568 -0.00526391 -0.9999861 -0.4823792 -0.005476345 -0.8759454 -0.8555042 0.002021136 -0.5177919 -0.999998 -0.001968406 4.315038E-05 -0.8555299 0.000120861 0.5177534 -0.4822777 -0.0004209467 0.8760183 0.0001092565 -0.005263896 0.9999861 0.4823251 -0.002211295 0.8759895 0.855508 0.0017225 0.5177867 0.9999833 -0.005784268 -0.0001267998 0.8555261 -0.0002205904 -0.5177597 0.4823792 0.005476332 -0.8759454 0.0001092568 0.005263909 -0.9999861 -0.4821839 0.00516705 -0.8760548 -0.8555261 0.0002205459 -0.5177597 -0.9999807 0.006199522 -0.0001359028 -0.8555299 0.0001208447 0.5177534 -0.4822777 -0.0004209634 0.8760183 -4.488038E-05 0.002162302 0.9999977 0.4823257 -0.002245212 0.8759891 0.8555298 -0.0001116739 0.5177535 0.8554469 -0.005943199 -0.5178564 0.4822645 -0.001122946 -0.8760249 -0.0001092565 -0.005263895 -0.9999861 -0.4823792 -0.005476361 -0.8759454 -0.855545 -0.001566394 -0.5177261 -0.9999807 -0.00619953 0.0001359029 -0.8555299 0.0001208809 0.5177534 -0.4822777 -0.0004209273 0.8760183 0.0001092566 -0.005263899 0.9999861 0.4823251 -0.002213594 0.8759895 0.8555298 -0.0001108134 0.5177536 0.9999807 0.006201216 0.0001359399 0.9999991 0.001011612 -0.0008727694 1 0 0 0.8664706 -0.0009954689 -0.4992271 0.8660316 0 -0.4999893 0.5900321 -0.1305595 -0.7967536 0.4999893 0 -0.8660316 0.1126262 -0.1305431 -0.9850248 0 0 -1 -0.4992156 -0.00101093 -0.8664773 -0.4999893 0 -0.8660316 -0.7967536 -0.1305595 -0.5900321 -0.8660316 0 -0.4999893 -0.9999964 -0.002038968 -0.001759122 -1 0 0 -0.8651522 0.002055183 0.5015051 -0.8660316 0 0.4999893 -0.5900322 -0.1305597 0.7967535 -0.4999893 0 0.8660316 -1.707546E-07 -1.979187E-07 1 0 0 1 0.4992153 -0.001011324 0.8664774 0.4999893 0 0.8660316 0.909378 0.130526 0.3949616 -0.9659259 0 0.2588188 0.8660316 0 0.4999893 0.8664771 0.001010669 0.4992158 0.4999893 0 0.8660316 0.4992153 -0.001011256 0.8664774 0 0 1 0.1126261 0.130543 0.9850248 -0.4999893 0 0.8660316 -0.500739 -0.001028112 0.8655977 -0.8660316 0 0.4999893 -0.8651522 0.002055168 0.5015051 -1 0 0 -0.9850248 0.130543 0.1126262 -0.8660316 0 -0.4999893 -0.8669112 0.00202251 -0.4984584 -0.4999893 0 -0.8660316 -0.4992156 -0.001010934 -0.8664773 0 0 -1 -0.1126263 0.1305432 -0.9850248 0.4999893 0 -0.8660316 0.5007507 -0.001043614 -0.865591 0.8660316 0 -0.4999893 0.8664706 -0.000995431 -0.4992272 -0.9659258 0 0.2588193 0.9850247 -0.1305435 0.1126265 0.9999935 0.003597717 4.829386E-05 1 0.0001360418 3.662588E-06 0.866021 -0.0001331563 -0.5000076 0.8659253 -0.006280493 -0.5001339 0.4999609 -0.003597862 -0.8660405 0.5001525 0.007209965 -0.8659074 -4.8294E-05 -0.003597728 -0.9999935 0.0001941036 0.007209707 -0.999974 -0.5000446 -0.003597661 -0.8659921 -0.5000068 -0.0004082074 -0.8660214 -0.866021 0.000133158 -0.5000076 -0.8660933 -0.006142792 -0.4998446 -0.9999951 0.00314661 -4.223843E-05 -0.999974 0.007209711 -0.0001941037 -0.8660224 7.351998E-05 0.5000052 -0.8660289 0.0001470667 0.4999939 -0.5000393 0.003057548 0.8659973 -0.5001525 0.007209981 0.8659074 -5.795406E-06 0.0004317367 0.9999999 -2.329343E-05 0.0008652022 0.9999996 0.5000218 -0.003598083 0.8660054 0.4998161 0.007209807 0.8661015 0.8660223 -6.792542E-05 0.5000052 -0.7078573 0 -0.7063555 1 9.42861E-08 0 0.8660316 -4.539708E-08 -0.4999893 0.4999893 0 -0.8660316 0 -1.309992E-07 -1 -0.4999893 0 -0.8660316 -0.8660316 0 -0.4999893 -1 0 0 -0.8660316 0 0.4999893 -0.4999893 7.053806E-08 0.8660316 0 0 1 0.4999893 0 0.8660316 0.8660316 6.67354E-08 0.4999893 0 -2.119276E-07 -1 1 0 0 -1 0 0 -1 0 0.00023641 -1 0 0 0.9932141 0.1162999 0 -1 -5.842544E-05 0 -0.9538135 -0.3003995 0 -0.9538135 -0.3003995 0 1 0 0 -1 0 0 -0.9480681 -0.3180675 6.007617E-05 1 0 0 0.9961753 1.905043E-05 -0.08737632 1 0 0 0 -1.811186E-07 -1 0.9999785 -0.006553329 -0.0001764322 0.8659074 -0.007209978 -0.5001525 0.499956 -0.001738689 -0.8660491 -0.0001941035 -0.007209703 -0.999974 -0.5001525 -0.007209979 -0.8659074 -0.8660233 0.0002671202 -0.5000035 -0.999974 -0.007209695 0.0001941032 -0.8660555 0.002290231 0.4999426 -0.4999276 -0.002897375 0.8660623 -2.329335E-05 0.0008651993 0.9999996 0.5001525 -0.007209954 0.8659074 0.8660288 -0.0001353212 0.4999942 0.999974 -0.007209695 -0.0001941032 0.8660233 -0.0002671485 -0.5000035 0.5001525 0.007209966 -0.8659074 0.0001941037 0.007209711 -0.999974 -0.4998298 0.006701859 -0.8660977 -0.8660233 0.0002671175 -0.5000035 -0.9999969 0.00249243 -6.710251E-05 -0.8659977 -0.002041942 0.5000439 -0.5001525 0.00720998 0.8659074 -2.329357E-05 0.0008652075 0.9999996 0.4998161 0.00720981 0.8661015 0.8660288 -0.0001359482 0.4999941 0.8659074 -0.007209973 -0.5001525 0.5000136 0.0007069509 -0.8660172 -0.0001941035 -0.007209707 -0.999974 -0.5001525 -0.007209979 -0.8659074 -0.8660233 0.0002671227 -0.5000035 -0.999974 -0.007209692 0.0001941032 -0.8660289 0.0001470638 0.4999939 -0.4998161 -0.007209776 0.8661015 -2.329337E-05 0.0008651998 0.9999996 0.5001525 -0.007209939 0.8659074 0.8659979 0.002025713 0.5000435 0.9999974 -0.002273999 -6.122181E-05 0 -1.367728E-07 -1 0 -4.334883E-08 -1 -0.9999999 -0.0004589453 0 0.9961753 7.62913E-05 -0.08737632 0.9785035 0.2062301 0 0 -4.334883E-08 -1 0 -1.059638E-07 -1 1 0.0002112027 0 0.9999991 0.001011697 -0.000872843 0.9999991 -0.001011737 -0.0008728772 0.8664706 -0.000995464 -0.4992271 0.8664705 0.0009953465 -0.4992272 0.5900322 -0.1305596 -0.7967536 0.5900322 0.1305597 -0.7967535 0.1126262 -0.1305431 -0.9850248 0.1126262 0.1305431 -0.9850248 -0.4992156 -0.001010923 -0.8664773 -0.4992155 0.00101105 -0.8664773 -0.7967536 -0.1305595 -0.5900321 -0.7967536 0.1305595 -0.5900321 -0.9999964 -0.002038876 -0.001759043 -0.9999964 0.002038914 -0.001759075 -0.8651523 0.002055131 0.501505 -0.8651523 -0.002055036 0.501505 -0.5900322 -0.1305597 0.7967535 -0.5900322 0.1305597 0.7967535 -1.687048E-07 -1.955428E-07 1 -1.517639E-07 1.759069E-07 1 0.4992152 -0.001011427 0.8664774 0.4992152 0.001011372 0.8664774 0.909378 0.1305261 0.3949615 -0.9033527 0.4150721 -0.108023 0.3790611 0.1270501 -0.9166084 0.4822889 0 -0.8760122 -0.1076002 0.1238967 -0.986444 0 0 -1 -0.9016868 0.1338465 -0.411152 -0.8555235 0 -0.5177639 -0.3790615 0.1270497 0.9166083 -0.4822889 0 0.8760122 -0.9622115 0 0.2723033 -0.9622115 0 0.272303 -0.9622115 0 0.272303 -0.9622115 0 0.272303 -0.9622115 0 0.272303 -0.9622115 0 0.272303 -0.9622115 0 0.272303 -0.9622115 0 0.272303 -0.9622115 0 0.2723031 -0.9622115 0 0.2723031 -0.9622116 0 0.2723027 0.8555235 0 0.5177639 0.7824901 -0.1338766 0.6081005 0.8555236 0 0.5177639 -0.9016869 0.1338467 0.4111518 -0.9834672 -0.1375138 0.1178224 -0.8946409 -0.4342932 -0.1049147 -0.7187797 0.4177354 0.5557453 -0.701364 -0.7127818 0.005525501 -0.602029 0.6932091 0.3962604 -0.602029 -0.6932091 0.3962603 -0.701364 0.7127819 0.005525719 -0.7187797 -0.4177353 0.5557454 -0.8946409 0.4342932 -0.1049146 -0.9016869 -0.1338467 0.4111518 -0.9834673 0.1375137 0.1178223 -0.1076004 -0.123897 0.9864439 0 0 1 -0.9834673 -0.1375136 -0.1178222 -1 0 0 0.1076003 -0.1238968 -0.986444 0 0 -1 -0.9617148 0 0.2740523 -0.9624436 0 0.2714817 -0.9621887 0 0.2723836 -0.9622849 0 0.2720439 -0.9622115 0 0.2723031 -0.9622115 0 0.2723031 -0.9621887 0 0.2723838 -0.9622848 0 0.2720441 -0.9624436 0 0.2714818 -0.9617149 0 0.2740519 -0.9622115 0 0.2723031 1 0 0 0.9834672 0.1375138 -0.1178224 1 0 0 -0.9016868 0.1338467 0.4111519 -0.9834673 -0.1375136 0.1178222 -0.8946409 -0.4342932 -0.1049146 -0.7187879 0.4177151 0.55575 -0.701364 -0.7127818 0.00552553 -0.602029 0.6932091 0.3962604 -0.602029 -0.6932091 0.3962604 -0.701372 0.7127742 0.005496984 -0.7187878 -0.4177149 0.5557501 -0.8946409 0.4342933 -0.1049145 -0.9016868 -0.1338466 0.4111519 -0.9834673 0.1375137 0.1178223 0.9999826 0.005895265 0.000129233 0.8554878 0.005946429 -0.5177888 0.4821774 -0.005475735 -0.8760565 0.4820451 -0.005472234 -0.8761293 -0.0001092566 -0.005263899 -0.9999861 -0.0001092565 -0.005263896 -0.9999861 -0.4823792 -0.005476363 -0.8759454 -0.8553548 0.005939055 -0.5180086 -0.9999832 -0.00579391 0.0001270111 -0.9999807 -0.006199555 0.0001359035 0.0001092564 -0.005263888 0.9999861 0.4820451 0.005472246 0.8761293 -0.6536773 0 -0.7567734 -0.7076655 0 -0.7065476 -0.691943 0 -0.7219521 -0.6911847 0 -0.7226781 -0.6825252 0 -0.7308621 -0.6915008 0 -0.7223758 -0.6895937 0 -0.7241964 -0.6729429 0 -0.7396944 -0.690922 0 -0.7229293 -0.6871367 0 -0.7265282 -0.6777758 0 -0.7352687 0.8554376 -0.0001120778 0.5179058 0.4822889 0 0.8760122 2.715781E-05 -0.002624599 0.9999965 -0.8555235 0 0.5177639 -0.9999952 -0.003091723 3.373468E-05 -0.4822889 0 -0.8760122 -2.715784E-05 -0.002624601 -0.9999965 0 0 -1 2.715784E-05 0.002624601 -0.9999965 0.4822889 0 -0.8760122 0.4823744 0.002733813 -0.8759609 0.9999952 -0.003091826 -3.373581E-05 1 0 0 -4.77869E-05 0.002302336 0.9999974 -4.776946E-05 0.002301496 0.9999974 -0.9999807 0.006199549 -0.0001359033 -0.9999807 0.006199528 -0.0001359029 -0.4822563 0.001554575 -0.8760288 -0.4821774 0.005475734 -0.8760565 0.0001092565 0.005263894 -0.9999861 0.0001092565 0.005263896 -0.9999861 0.8555455 0.00161242 -0.5177252 0.4823792 0.005476352 -0.8759454 0.9999807 -0.006201299 -0.0001359417 0.999998 -0.001973114 -4.325359E-05 0.8555799 -0.005940324 0.5176367 0.4821774 0.005475748 0.8760565 0.4821774 0.005475756 0.8760565 -0.8555799 -0.005942293 -0.5176366 0.8555438 -0.002964567 -0.517722 0.4823792 0.005476356 -0.8759454 -0.4823284 0.002320056 -0.8759874 -0.8554469 0.005943193 -0.5178564 0.482324 0.002735188 0.8759886 0.4821774 0.005475746 0.8760565 0.3949615 0.1305262 -0.909378 0.4999893 0 -0.8660316 -0.1126263 0.1305432 -0.9850248 0 0 -1 -0.909378 0.1305261 -0.3949615 -0.8660316 0 -0.4999893 -0.3949617 0.1305259 0.9093779 -0.4999893 0 0.8660316 -0.9659258 0 0.258819 -0.9659259 0 0.2588188 -0.9659259 0 0.2588188 -0.9659259 0 0.2588188 -0.9659259 0 0.2588188 -0.9659259 0 0.2588188 -0.9659259 0 0.2588188 -0.9659259 0 0.2588188 -0.9659259 0 0.2588189 -0.9659259 0 0.2588189 -0.9659259 0 0.2588187 0.8660316 0 0.4999893 0.7967533 -0.13056 0.5900324 0.8660316 0 0.4999893 -0.9093781 0.1305263 0.3949614 -0.9850248 -0.1305429 0.1126261 -0.9036731 -0.414062 -0.1092142 -0.7279728 0.4141007 0.5464212 -0.7131326 -0.7005296 -0.02646118 -0.6043681 0.7005126 0.3795015 -0.6043681 -0.7005126 0.3795014 -0.7131325 0.7005297 -0.02646095 -0.7279728 -0.4141006 0.5464213 -0.903673 0.4140621 -0.109214 -0.909378 -0.1305262 0.3949615 -0.9850248 0.1305431 0.1126262 -0.1126265 -0.1305434 0.9850248 0 0 1 -0.9850248 -0.130543 -0.1126261 -1 0 0 0.1126262 -0.1305431 -0.9850248 0 0 -1 -0.9659259 0 0.2588187 -0.9659259 0 0.2588187 -0.9659259 0 0.2588188 -0.9659259 0 0.2588188 -0.9659259 0 0.2588188 -0.9659259 0 0.2588188 -0.9659259 0 0.2588188 -0.9659259 0 0.2588188 -0.9659259 0 0.2588189 -0.9659259 0 0.2588189 -0.9659259 0 0.2588188 1 0 0 0.9850248 0.1305432 -0.1126263 1 0 0 -0.9093781 0.1305263 0.3949614 -0.9850248 -0.130543 0.1126261 -0.9036731 -0.4140619 -0.1092142 -0.7279728 0.4141007 0.5464212 -0.7131326 -0.7005296 -0.0264612 -0.6043681 0.7005125 0.3795015 -0.6043681 -0.7005125 0.3795015 -0.7131325 0.7005298 -0.02646087 -0.7279728 -0.4141006 0.5464213 -0.903673 0.4140622 -0.1092139 -0.909378 -0.1305261 0.3949615 -0.9850248 0.130543 0.1126262 0.9999771 0.006770882 0.0001822893 0.8661015 0.007209809 -0.4998161 0.4998161 -0.007209786 -0.8661015 0.4998161 -0.00720979 -0.8661015 -0.0001941034 -0.007209701 -0.999974 -0.0001941034 -0.007209701 -0.999974 -0.5001525 -0.00720998 -0.8659074 -0.8659074 0.007209957 -0.5001525 -0.999974 -0.007209697 0.0001941033 -0.999974 -0.007209699 0.0001941033 -0.4998296 -0.006709522 0.8660978 -0.4998161 -0.007209774 0.8661015 -0.6739626 0 -0.7387655 -0.7268067 0 -0.6868421 -0.710394 0 -0.7038043 -0.7108912 0 -0.703302 -0.7109643 0 -0.7032281 -0.7032234 0 -0.710969 -0.709267 0 -0.70494 -0.6926523 0 -0.7212716 -0.710444 0 -0.7037537 -0.7067394 0 -0.7074739 -0.6975774 0 -0.7165095 0.8660288 -0.0001359499 0.4999941 0.5001525 -0.007209959 0.8659074 0.5001525 -0.007209957 0.8659074 0.4999893 0 0.8660316 0.4999381 0.003597542 0.8660537 0 1.309993E-07 1 -0.4999609 -0.003597852 0.8660405 -0.8660316 0 0.4999893 -0.9999935 -0.003597715 4.829383E-05 -0.4999893 -9.428594E-08 -0.8660316 -0.4999609 0.00359786 -0.8660405 0 0 -1 4.829385E-05 0.003597717 -0.9999935 0.4999893 0 -0.8660316 0.5000408 0.003209885 -0.8659959 0.9999935 -0.003597803 -4.829501E-05 1 -1.309992E-07 0 0 -4.334883E-08 -1 0 -4.334883E-08 -1 1 0 0 -1 -5.997178E-05 0 -0.9538135 -0.3003995 0 -1 0 0.0001084726 0.9847261 1.385572E-07 -0.1741109 0.9847261 3.886009E-07 -0.1741109 1 0 0 1 0 0 0.8661015 -0.007208653 0.4998162 0.999974 0.007210979 0.0001941378 0.4998161 0.007209803 0.8661015 0.4998161 0.0072098 0.8661015 -0.5001525 0.007209968 0.8659074 -0.5001525 0.007209978 0.8659074 -0.999974 0.007209708 -0.0001941036 -0.9999775 0.006711689 -0.0001806956 -0.4998161 0.007209791 -0.8661015 -0.4998161 0.007209794 -0.8661015 0.0001941033 0.007209699 -0.999974 0.0001941034 0.007209701 -0.999974 0.8660541 0.002170302 -0.4999455 0.8660542 0.002176702 -0.4999454 -0.8659074 -0.007209966 0.5001525 -0.8661015 0.007209801 0.4998161 0.5001525 0.007209968 -0.8659074 0.5000136 0.0007069513 -0.8660172 0.0001941033 0.007209699 -0.999974 0.999974 0.00721073 0.0001941311 0.9392104 0.3433421 0 1 0 0 1 0 0 0.9726272 0.2323709 0 0.9312882 0.3642833 0 0.969373 0.2455929 0 1 0 0 1 0 0 0.9864763 0.123637 -0.1076029 0.9716365 0.2205889 -0.08522397 0.9847261 0 -0.1741109 0.9847261 0 -0.1741109 -1 -1.389719E-07 0 -1 -3.9463E-07 0 0 -5.274857E-08 -1 0 0 -1 0 -3.39491E-08 -1 0 -8.669767E-08 -1 0 -1.059638E-07 -1 0 -1.059638E-07 -1 0 -1.059638E-07 -1 0 -1.059638E-07 -1 0.3949615 0.1305262 -0.909378 0.3949615 -0.1305261 -0.909378 -0.1126263 0.1305431 -0.9850248 -0.1126263 -0.1305432 -0.9850248 -0.909378 0.130526 -0.3949616 -0.9093779 -0.1305259 -0.3949617 -0.3949617 0.1305259 0.9093779 -0.3949617 -0.1305259 0.9093779 -0.9850248 0.1305433 0.1126264 -0.909475 -0.1309461 0.3945991 -0.7131047 0.7005619 -0.02635704 -0.7280185 -0.4142453 0.5462508 -0.6043682 -0.7005126 0.3795013 -0.6043682 0.7005126 0.3795013 -0.7131326 -0.7005296 -0.02646115 -0.7279728 0.4141007 0.5464212 -0.9036731 -0.414062 -0.1092141 -0.9093781 0.1305262 0.3949614 -0.9850248 -0.1305431 0.1126262 0.909378 -0.1305261 0.3949615 0.7967532 -0.1305601 0.5900325 0.7967532 0.1305602 0.5900325 -0.909378 0.1305262 0.3949614 -0.9850248 -0.1305431 0.1126262 -0.903673 -0.414062 -0.1092141 -0.7279728 0.4141007 0.5464212 -0.7131326 -0.7005296 -0.02646118 -0.6043681 0.7005126 0.3795014 -0.6043681 -0.7005126 0.3795014 -0.7131325 0.7005297 -0.02646096 -0.7279728 -0.4141006 0.5464213 -0.903673 0.4140621 -0.109214 -0.909378 -0.1305261 0.3949615 -0.9850248 0.1305431 0.1126262 0.4823251 -0.002211295 0.8759895 0.855508 0.0017225 0.5177867 0.999998 -0.001973114 -4.325359E-05 -4.776946E-05 0.002301496 0.9999974 -0.4822777 -0.0004209467 0.8760183 -0.8555299 0.000120861 0.5177534 -0.999998 -0.001968406 4.315038E-05 -0.8555042 0.002021136 -0.5177919 -0.4823792 -0.005476345 -0.8759454 -0.0001092568 -0.00526391 -0.9999861 -0.4821774 0.005475734 -0.8760565 0.4821872 -0.005009067 -0.8760539 0.0001092565 0.005263896 -0.9999861 0.855526 -0.0002214659 -0.5177597 0.4823792 0.005476352 -0.8759454 1 0 0 1 0 0 0.5001525 -0.007209954 0.8659074 0.8660288 -0.0001353212 0.4999942 0.999974 0.007210979 0.0001941378 -2.329335E-05 0.0008651993 0.9999996 0.4998161 0.0072098 0.8661015 -0.4999276 -0.002897375 0.8660623 -0.8660555 0.002290231 0.4999426 -0.999974 -0.007209695 0.0001941032 -0.9999775 0.006711689 -0.0001806956 -0.8660233 0.0002671202 -0.5000035 -0.5001525 -0.007209979 -0.8659074 -0.0001941035 -0.007209703 -0.999974 -0.4998161 0.007209794 -0.8661015 0.499956 -0.001738689 -0.8660491 0.0001941034 0.007209701 -0.999974 0.8660542 0.002176702 -0.4999454 0.9999785 -0.006553329 -0.0001764322  
			<BiTangents>: 638 -0.001405445 0.759383 -0.6506425 0 1 0 -0.3364094 0.7582293 -0.5584953 0 1 0 -0.4841577 0.7452843 -0.4584131 0 1 0 -0.6468176 0.7447811 -0.1640982 0 1 0 -0.5740054 0.7560399 0.3145175 0 1 0 -0.4833177 0.7463176 0.4576178 0 1 0 -0.00283301 0.7593806 0.6506404 0 1 0 0.3399405 0.7582271 0.5563562 0 1 0 0.4841577 0.7452843 0.4584131 0 1 0 0.6557063 0.755016 2.33365E-07 0 1 0 0.5740057 0.7560399 -0.314517 0 1 0 0.181241 0.7463229 -0.6404325 -0.272303 0 -0.9622115 0 1 0 0.3363916 0.7582293 -0.5585061 0 1 0 0.5740057 0.7560399 -0.3145171 0 1 0 0.6468176 0.744781 -0.1640982 0 1 0 0.5727339 0.7560463 0.3168119 0 1 0 0.3399405 0.7582271 0.5563562 0 1 0 0.181086 0.746829 0.6398862 0 1 0 -0.335219 0.7582272 0.5592136 0 1 0 -0.5739992 0.7560463 0.314514 0 1 0 -0.6468176 0.7447811 0.1640982 0 1 0 -0.5727244 0.7560463 -0.3168293 0 1 0 -0.3364093 0.7582293 -0.5584955 -0.2723036 0 -0.9622114 0.1810862 0.746829 -0.6398861 -0.003091912 0.9999355 0.01092559 0.0001170151 -0.9997599 -0.02191238 0.004290293 0.9999408 0.009995976 -0.01575657 -0.9997523 -0.01571918 0.009254393 0.9999449 0.004958916 -0.01577909 -0.9997639 -0.01494001 0.01034582 0.999943 -0.002624742 -0.0207529 -0.9997708 -0.005265036 0.008378469 0.9999434 -0.006549614 -0.01827231 -0.9997789 0.0104104 0.005670906 0.9999419 -0.009160588 -0.006710313 -0.9997528 0.02119608 0.002780161 0.9999364 -0.0109256 -0.006201041 -0.9997407 0.02191196 -0.005525242 0.9999419 -0.00924873 0.01108697 -0.9997665 0.01854666 -0.009297736 0.9999449 -0.004880206 0.01862492 -0.9997789 0.009769693 -0.01034585 0.9999463 -0.0005837027 0.02075318 -0.9997845 0.0006318275 -0.008335219 0.9999433 0.006628158 0.01603595 -0.9997667 -0.01447341 -0.005529196 0.9999419 0.009246335 0.7253661 0 -0.6883633 0 1 0 0 1 0 0 1 0 0 1 0 0 1 0 0 1 0 0 1 0 0 1 0 0 1 0 0 1 0 0 1 0 0 1 0 -0.006202975 0.9997407 0.02191196 0.01137694 0.9997665 0.01837117 0.02083692 0.9997663 0.005752383 0.0207529 0.9997708 -0.005265044 0.01577879 0.9997639 -0.01493976 0.01291694 0.9997645 -0.01743913 -0.001968879 0.9997579 -0.02191234 -0.011084 0.9997665 -0.01854846 -0.01862388 0.9997788 -0.009772657 -0.0207529 0.9997708 0.00526503 -0.01735406 0.9997764 0.01207902 -0.0126614 0.999765 0.0175938 -0.005785658 -0.9997432 -0.02191201 -0.01137619 -0.9997665 -0.01837163 -0.0157788 -0.9997639 -0.01493975 -0.0207529 -0.9997708 -0.005265043 -0.02091311 -0.9997655 0.005613949 -0.01137615 -0.9997665 0.01837165 -0.006201012 -0.9997407 0.02191196 0.01108401 -0.9997665 0.01854845 0.01862388 -0.9997788 0.009772643 0.02075314 -0.9997823 0.002162768 0.01733769 -0.9997764 -0.01210874 0.01109186 -0.9997665 -0.0185437 0.01627299 0.9997489 0.0154077 0.0189625 0.9997783 0.009157554 0.0207529 0.9997708 -0.005265029 0.01577879 0.9997639 -0.01493977 0.009847003 0.9997653 -0.01929704 -0.00620102 0.9997407 -0.02191196 -0.01108398 0.9997665 -0.01854847 -0.01862387 0.9997788 -0.009772674 -0.0207529 0.9997708 0.005265032 -0.01735295 0.9997764 0.01208104 -0.0110926 0.9997665 0.01854325 -0.006202707 0.9997407 0.02191196 -0.001336071 0.7571537 -0.6532354 0 1 0 -0.3254572 0.7571592 -0.5663811 0 1 0 -0.4710387 0.7458186 -0.4710385 0 1 0 -0.6434537 0.7458159 -0.1724128 0 1 0 -0.5663913 0.7571592 0.3254395 0 1 0 -0.4710385 0.7458186 0.4710387 0 1 0 -0.002692935 0.7571517 0.6532336 0 1 0 0.3289456 0.7571571 0.564365 0 1 0 0.4710385 0.7458185 0.4710387 0 1 0 0.653236 0.7571544 2.613981E-07 0 1 0 0.5663915 0.7571592 -0.325439 0 1 0 0.1724105 0.7458244 -0.6434443 -0.2588188 0 -0.9659259 0 1 0 0.3254398 0.7571592 -0.5663911 0 1 0 0.5663915 0.7571592 -0.3254391 0 1 0 0.6434537 0.7458159 -0.1724127 0 1 0 0.5650448 0.7571592 0.3277717 0 1 0 0.3289456 0.7571571 0.564365 0 1 0 0.1724127 0.7458159 0.6434537 0 1 0 -0.3242816 0.7571572 0.5670577 0 1 0 -0.5663913 0.7571592 0.3254395 0 1 0 -0.6434536 0.7458158 0.1724129 0 1 0 -0.5650346 0.7571592 -0.3277895 0 1 0 -0.3254572 0.7571593 -0.566381 -0.2588193 0 -0.9659258 0.1724133 0.7458158 -0.6434536 -0.003598042 0.9999034 0.01342808 0.000136091 -0.9996376 -0.02691743 0.006829571 0.9999098 0.01156264 -0.01889976 -0.9996179 -0.02016998 0.01342826 0.9999034 0.003598091 -0.01970493 -0.9996116 -0.01970492 0.01342808 0.9999034 -0.003598052 -0.02691673 -0.9996116 -0.007212319 0.009830135 0.9999034 -0.009830135 -0.02310763 -0.9996375 0.01381263 0.006829572 0.9999098 -0.01156264 -0.008136975 -0.9996188 0.02638386 0.003146894 0.9999049 -0.0134281 -0.007212323 -0.9996116 0.02691673 -0.006650568 0.9999098 -0.01166599 0.01333157 -0.9996376 0.02338536 -0.01010024 0.9999052 -0.009362355 0.01970492 -0.9996116 0.01970493 -0.01342816 0.9999098 -0.0004317756 0.02691742 -0.9996372 0.0008655157 -0.009830361 0.9999034 0.009830343 0.02691739 -0.9996116 -0.007212479 -0.006655414 0.9999098 0.01166319 0.7063555 0 -0.7078573 -9.42861E-08 1 0 3.931531E-08 1 -2.269805E-08 0 1 0 0 1 -1.309992E-07 0 1 0 0 1 0 0 1 0 0 1 0 3.526828E-08 1 -6.108819E-08 0 1 0 0 1 0 -5.779497E-08 1 -3.336698E-08 0 1 -2.119276E-07 0 1 0 0 1 0 -0.00023641 0 -1 0 0 -1 -0.1162999 0.9932141 0 -5.842544E-05 1 0 0 0 -1 0 0 -1 0 1 0 0 0 -1 -5.69563E-05 -1.910827E-05 -1 0 1 0 -1.897757E-05 1 1.664556E-06 0 1 0 0 1 -1.811186E-07 0.006555704 0.9996162 0.02691685 0.01970493 0.9996116 0.01970492 0.02418142 0.9996361 0.01195266 0.02691673 0.9996116 -0.007212315 0.01970492 0.9996116 -0.01970493 0.0136904 0.9996376 -0.0231782 -0.007212307 0.9996116 -0.02691673 -0.01147483 0.999635 -0.02445727 -0.02476091 0.9996334 -0.01094881 -0.02691742 0.9996372 -0.0008655128 -0.01970493 0.9996116 0.01970491 -0.01334175 0.9996376 0.02337949 -0.007212307 -0.9996116 -0.02691673 -0.01369042 -0.9996376 -0.02317818 -0.01970493 -0.9996116 -0.01970492 -0.02691673 -0.9996116 -0.007212323 -0.02666341 -0.9996152 0.007652584 -0.0136904 -0.9996376 0.0231782 -0.002493333 -0.9996345 0.02691734 0.01522797 -0.9996356 0.02229042 0.01970492 -0.9996116 0.01970493 0.02691742 -0.9996372 0.0008655209 0.02691739 -0.9996116 -0.007212477 0.0133412 -0.9996376 -0.0233798 0.01970492 0.9996116 0.01970492 0.0229582 0.9996374 0.01407144 0.02691673 0.9996116 -0.007212318 0.01970492 0.9996116 -0.01970493 0.0136904 0.9996376 -0.0231782 -0.007212304 0.9996116 -0.02691673 -0.01333157 0.9996376 -0.02338536 -0.02691737 0.9996116 -0.007212506 -0.02691742 0.9996372 -0.0008655133 -0.01970494 0.9996116 0.0197049 -0.01521391 0.9996356 0.02229854 0.002274823 0.999635 0.02691736 0 1 -1.367728E-07 0 1 -4.334883E-08 -0.0004589453 0.9999999 0 -7.599952E-05 1 6.666053E-06 -0.2062301 0.9785035 0 0 1 -4.334883E-08 0 1 -1.059638E-07 -0.0002112027 1 0 -0.001336183 0.7571537 -0.6532354 0.001336236 0.7571537 0.6532354 -0.3254572 0.7571592 -0.5663811 0.3254573 0.7571593 0.566381 -0.4710386 0.7458186 -0.4710386 0.4710386 0.7458185 0.4710387 -0.6434537 0.7458159 -0.1724127 0.6434537 0.7458159 0.1724127 -0.5663913 0.7571592 0.3254395 0.5663913 0.7571592 -0.3254394 -0.4710385 0.7458186 0.4710387 0.4710385 0.7458186 -0.4710387 -0.002692814 0.7571517 0.6532336 0.002692864 0.7571517 -0.6532336 0.3289455 0.7571571 0.5643651 -0.3289454 0.7571571 -0.5643651 0.4710385 0.7458185 0.4710387 -0.4710385 0.7458185 -0.4710388 0.653236 0.7571544 2.582602E-07 -0.653236 0.7571544 -2.323264E-07 0.5663916 0.7571592 -0.3254389 -0.5663916 0.7571592 0.325439 0.1724104 0.7458244 -0.6434444 -0.2016123 -0.6332505 -0.7472257 -0.6462677 0.745289 -0.1639587 0 1 0 -0.6468176 0.7447811 0.1640982 0 1 0 -0.1812409 0.7463229 0.6404326 0 1 0 0.6462675 0.7452891 0.1639591 0 1 0 -0.2723033 0 -0.9622115 -0.272303 0 -0.9622115 -0.272303 0 -0.9622115 -0.272303 0 -0.9622115 -0.272303 0 -0.9622115 -0.272303 0 -0.9622115 -0.272303 0 -0.9622115 -0.272303 0 -0.9622115 -0.2723031 0 -0.9622115 -0.2723031 0 -0.9622115 -0.2723027 0 -0.9622116 0 1 0 0.4833183 0.7463175 -0.4576174 0 1 0 0.1812405 -0.7463228 0.6404328 0.1810861 -0.746829 0.6398861 0.2133191 -0.6215321 0.7537857 0.211435 -0.6301544 0.7471282 0.26351 -0.2520707 0.9311406 0.2598304 -0.2991829 0.9181382 0.2598304 0.2991829 0.9181382 0.2635101 0.2520705 0.9311406 0.2114351 0.6301546 0.7471282 0.2133191 0.6215321 0.7537857 0.1812406 0.7463229 0.6404328 0.1810859 0.746829 0.6398862 0.6468176 0.744781 0.1640985 0 1 0 -0.1810858 0.746829 0.6398862 0 1 0 -0.6468176 0.744781 -0.1640983 0 1 0 -0.2740523 0 -0.9617148 -0.2714817 0 -0.9624436 -0.2723836 0 -0.9621887 -0.2720439 0 -0.9622849 -0.2723031 0 -0.9622115 -0.2723031 0 -0.9622115 -0.2723838 0 -0.9621887 -0.2720441 0 -0.9622848 -0.2714818 0 -0.9624436 -0.2740519 0 -0.9617149 -0.2723031 0 -0.9622115 0 1 0 -0.1810861 0.746829 -0.6398861 0 1 0 0.1812406 -0.7463228 0.6404327 0.1810858 -0.746829 0.6398862 0.2133192 -0.621532 0.7537857 0.2114304 -0.6301755 0.7471119 0.26351 -0.2520706 0.9311406 0.2598304 -0.2991829 0.9181382 0.2598304 0.2991829 0.9181382 0.2635073 0.2521111 0.9311305 0.2114305 0.6301756 0.7471117 0.2133193 0.621532 0.7537857 0.1812407 0.7463229 0.6404327 0.181086 0.746829 0.6398862 0.005896681 -0.9997425 -0.021912 -0.006102528 -0.9997488 -0.02156395 -0.02106199 -0.9997639 -0.00534346 -0.02106072 -0.999764 -0.00534313 -0.0207529 -0.9997708 0.005265032 -0.0207529 -0.9997708 0.00526503 -0.01577878 -0.9997639 0.01493978 -0.01627218 -0.9997489 0.01540693 0.005795302 -0.9997431 0.02191201 0.006201045 -0.9997407 0.02191196 0.0207529 -0.9997708 -0.005265022 0.02106072 -0.999764 -0.005343119 0.7567734 0 -0.6536773 0.7065476 0 -0.7076655 0.7219521 0 -0.691943 0.7226781 0 -0.6911847 0.7308621 0 -0.6825252 0.7223758 0 -0.6915008 0.7241964 0 -0.6895937 0.7396944 0 -0.6729429 0.7229293 0 -0.690922 0.7265282 0 -0.6871367 0.7352687 0 -0.6777758 0.01109481 -0.9997665 -0.01854192 0 1 0 -0.01034582 0.999943 0.00262474 0 1 0 -0.003091907 0.9999355 -0.01092559 0 1 0 0.01034582 0.999943 -0.002624742 0 1 0 0.01034582 0.999943 0.002624742 0 1 0 0.007877764 0.9999412 0.007458876 0.00309201 0.9999355 0.01092559 0 1 0 -0.02075313 0.999782 -0.002302832 -0.02075313 0.999782 -0.002301992 0.006201039 0.9997407 -0.02191196 0.006201018 0.9997407 -0.02191196 0.01917071 0.9997777 -0.008779353 0.02106199 0.9997639 -0.005343461 0.0207529 0.9997708 0.005265028 0.0207529 0.9997708 0.00526503 0.009807616 0.9997652 0.01932088 0.01577879 0.9997639 0.01493977 0.006202789 0.9997407 0.02191196 0.001973588 0.9997579 0.02191234 0.006103923 -0.9997489 -0.02156189 0.021062 -0.9997639 -0.005343449 0.021062 -0.9997639 -0.005343442 -0.006102237 -0.9997489 0.02156291 0.008113795 0.9999376 0.007682356 0.01577879 0.9997639 0.01493977 0.01031565 0.9999422 -0.003031559 0.01627299 0.9997489 -0.0154077 -0.01051589 0.9999412 0.002667887 -0.021062 0.9997639 0.00534345 -0.6434444 0.7458243 -0.1724103 0 1 0 -0.6434536 0.7458158 0.1724129 0 1 0 -0.1724104 0.7458244 0.6434444 0 1 0 0.6434442 0.7458244 0.1724106 0 1 0 -0.258819 0 -0.9659258 -0.2588188 0 -0.9659259 -0.2588188 0 -0.9659259 -0.2588188 0 -0.9659259 -0.2588188 0 -0.9659259 -0.2588188 0 -0.9659259 -0.2588188 0 -0.9659259 -0.2588188 0 -0.9659259 -0.2588189 0 -0.9659259 -0.2588189 0 -0.9659259 -0.2588187 0 -0.9659259 0 1 0 0.4710391 0.7458184 -0.4710383 0 1 0 0.1724102 -0.7458244 0.6434445 0.1724125 -0.7458159 0.6434537 0.2001719 -0.6339114 0.7470526 0.2001773 -0.6338861 0.7470726 0.2479061 -0.2873137 0.9251992 0.247904 -0.2873412 0.9251912 0.247904 0.2873412 0.9251912 0.2479062 0.2873135 0.9251992 0.2001774 0.6338862 0.7470725 0.2001721 0.6339114 0.7470526 0.1724103 0.7458243 0.6434444 0.1724127 0.7458159 0.6434537 0.6434536 0.7458158 0.1724131 0 1 0 -0.1724127 0.7458159 0.6434537 0 1 0 -0.6434537 0.7458159 -0.1724128 0 1 0 -0.2588187 0 -0.9659259 -0.2588187 0 -0.9659259 -0.2588188 0 -0.9659259 -0.2588188 0 -0.9659259 -0.2588188 0 -0.9659259 -0.2588188 0 -0.9659259 -0.2588188 0 -0.9659259 -0.2588188 0 -0.9659259 -0.2588189 0 -0.9659259 -0.2588189 0 -0.9659259 -0.2588188 0 -0.9659259 0 1 0 -0.172413 0.7458158 -0.6434536 0 1 0 0.1724102 -0.7458243 0.6434445 0.1724127 -0.7458159 0.6434537 0.2001718 -0.6339114 0.7470526 0.2001772 -0.6338861 0.7470726 0.247906 -0.2873137 0.9251992 0.247904 -0.2873412 0.9251911 0.247904 0.2873412 0.9251911 0.2479063 0.2873134 0.9251992 0.2001774 0.6338862 0.7470725 0.2001721 0.6339113 0.7470526 0.1724104 0.7458244 0.6434444 0.1724127 0.7458159 0.6434537 0.006773336 -0.9996148 -0.02691681 -0.007212477 -0.9996116 -0.02691739 -0.02691738 -0.9996116 -0.007212497 -0.02691738 -0.9996116 -0.007212494 -0.02691673 -0.9996116 0.007212313 -0.02691673 -0.9996116 0.007212313 -0.01970492 -0.9996116 0.01970493 -0.01970491 -0.9996116 0.01970493 0.007212309 -0.9996116 0.02691673 0.007212311 -0.9996116 0.02691673 0.02666724 -0.9996151 0.007645944 0.02691737 -0.9996116 0.007212508 0.7387655 0 -0.6739626 0.6868421 0 -0.7268067 0.7038043 0 -0.710394 0.703302 0 -0.7108912 0.7032281 0 -0.7109643 0.710969 0 -0.7032234 0.70494 0 -0.709267 0.7212716 0 -0.6926523 0.7037538 0 -0.710444 0.7074739 0 -0.7067394 0.7165095 0 -0.6975774 0.0133412 -0.9996376 -0.0233798 0.01970493 -0.9996116 -0.01970491 0.01970493 -0.9996116 -0.01970491 0 1 0 -0.01342838 0.9999034 0.003598116 0 1 -1.309993E-07 -0.01342826 0.9999034 -0.003598101 0 1 0 -0.003598039 0.9999034 -0.01342808 -4.714196E-08 1 -8.16546E-08 0.01342826 0.9999034 -0.003598093 0 1 0 0.01342808 0.9999034 0.003598041 0 1 0 0.01002406 0.9999047 0.009494292 0.003598128 0.9999034 0.01342808 1.309992E-07 1 0 0 1 -4.334883E-08 0 1 -4.334883E-08 0 1 0 -5.997178E-05 1 0 0 0 -1 -0.0001084726 0 -1 -1.364409E-07 1 2.412431E-08 -3.826654E-07 1 6.765966E-08 0 1 0 0 1 0 -0.00721348 0.9996117 0.02691681 -0.007213592 0.9996117 0.02691673 -0.02691739 0.9996116 0.007212482 -0.02691739 0.9996116 0.007212485 -0.01970493 0.9996116 -0.01970492 -0.01970492 0.9996116 -0.01970493 0.00721232 0.9996116 -0.02691673 0.00671412 0.9996151 -0.02691682 0.02691738 0.9996116 -0.007212494 0.02691738 0.9996116 -0.007212491 0.02691673 0.9996116 0.007212311 0.02691673 0.9996116 0.007212313 0.01157873 0.9996353 0.02439729 0.01157318 0.9996353 0.02440049 0.01970492 -0.9996116 0.01970493 0.007212485 -0.9996116 0.02691739 -0.01970493 -0.9996116 -0.01970492 0.0229582 0.9996374 0.01407144 0.02691673 0.9996116 0.007212311 -0.007213342 0.9996116 0.02691673 -0.3433421 0.9392104 0 0 1 0 0 1 0 -0.2323709 0.9726272 0 -0.3642833 0.9312882 0 -0.2455929 0.969373 0 0 1 0 0 1 0 -0.122908 0.9923275 0.01340657 -0.2197453 0.9753669 0.01927425 0 1 0 0 1 0 -1.389719E-07 1 0 -3.9463E-07 1 0 0 1 -5.274857E-08 0 1 0 0 1 -3.39491E-08 0 1 -8.669767E-08 0 1 -1.059638E-07 0 1 -1.059638E-07 0 1 -1.059638E-07 0 1 -1.059638E-07 -0.6434444 0.7458243 -0.1724103 0.6434444 0.7458243 0.1724103 -0.6434536 0.7458158 0.1724128 0.6434536 0.7458158 -0.1724129 -0.1724105 0.7458244 0.6434443 0.1724106 0.7458244 -0.6434442 0.6434442 0.7458244 0.1724107 -0.6434442 0.7458244 -0.1724107 -0.1724131 -0.7458158 -0.6434536 -0.1718982 -0.7457507 -0.6436667 -0.2479863 -0.2872348 -0.9252021 -0.2000112 -0.6337917 -0.7471972 -0.2479039 -0.2873411 -0.9251912 -0.2479039 0.2873411 -0.9251912 -0.2479061 0.2873136 -0.9251992 -0.2001773 0.6338861 -0.7470726 -0.2001719 0.6339114 -0.7470526 -0.1724102 0.7458244 -0.6434444 -0.1724128 0.7458159 -0.6434537 -0.1724104 0.7458244 0.6434444 0.4710391 0.7458184 -0.4710382 -0.4710391 0.7458184 0.4710382 0.1724102 -0.7458243 0.6434444 0.1724127 -0.7458159 0.6434537 0.2001719 -0.6339114 0.7470526 0.2001772 -0.6338861 0.7470726 0.2479061 -0.2873137 0.9251992 0.247904 -0.2873412 0.9251912 0.247904 0.2873411 0.9251912 0.2479062 0.2873135 0.9251992 0.2001774 0.6338862 0.7470725 0.2001721 0.6339114 0.7470526 0.1724103 0.7458243 0.6434444 0.1724127 0.7458159 0.6434537 0.01735406 -0.9997764 -0.01207902 0.0126614 -0.999765 -0.0175938 -0.001973588 -0.9997579 -0.02191234 0.02075313 -0.999782 0.002301992 0.01862388 -0.9997788 0.009772657 0.011084 -0.9997665 0.01854846 0.001968879 -0.9997579 0.02191234 -0.01291694 -0.9997645 0.01743913 -0.01577879 -0.9997639 0.01493976 -0.0207529 -0.9997708 0.005265044 -0.02106199 -0.9997639 0.005343461 -0.02083692 -0.9997663 -0.005752383 -0.0207529 -0.9997708 -0.00526503 -0.01137694 -0.9997665 -0.01837117 -0.01577879 -0.9997639 -0.01493977 0 1 0 0 1 0 0.01970493 -0.9996116 -0.01970491 0.01334175 -0.9996376 -0.02337949 0.007213592 -0.9996117 -0.02691673 0.02691742 -0.9996372 0.0008655128 0.02691739 -0.9996116 -0.007212485 0.02476091 -0.9996334 0.01094881 0.01147483 -0.999635 0.02445727 0.007212307 -0.9996116 0.02691673 -0.00671412 -0.9996151 0.02691682 -0.0136904 -0.9996376 0.0231782 -0.01970492 -0.9996116 0.01970493 -0.02691673 -0.9996116 0.007212315 -0.02691738 -0.9996116 0.007212491 -0.02418142 -0.9996361 -0.01195266 -0.02691673 -0.9996116 -0.007212313 -0.01157318 -0.9996353 -0.02440049 -0.006555704 -0.9996162 -0.02691685  
			<SubMeshes>: 1
				<SubMesh>: 0 1554 0 2 3 0 3 1 2 4 5 2 5 3 288 6 7 288 7 289 290 8 9 290 9 291 8 10 11 8 11 9 292 12 13 292 13 293 12 14 15 12 15 13 14 16 17 14 17 15 294 18 19 294 19 295 18 20 21 18 21 19 23 296 297 297 298 23 298 299 23 298 300 299 300 301 299 300 302 301 302 303 301 302 304 303 304 305 303 304 306 305 22 0 1 22 1 307 20 308 309 20 309 21 310 311 312 312 313 310 312 314 313 314 315 313 314 316 315 316 317 315 316 318 317 318 319 317 318 320 319 320 321 319 27 25 24 27 24 26 29 27 26 29 26 28 31 322 323 31 323 30 33 31 30 33 30 32 35 33 32 35 32 34 37 324 325 37 325 36 39 37 36 39 36 38 41 39 38 41 38 40 43 326 327 43 327 42 45 43 42 45 42 44 328 46 329 329 330 328 329 331 330 331 332 330 332 333 330 332 334 333 334 335 333 334 336 335 334 337 336 337 338 336 25 47 339 25 339 24 340 45 44 340 44 341 342 343 344 344 345 342 344 346 345 346 347 345 346 348 347 348 349 347 348 350 349 350 351 349 350 352 351 352 353 351 96 97 51 354 355 49 97 98 53 97 53 51 356 99 55 356 55 357 358 100 57 358 57 359 360 101 59 100 361 57 101 102 61 101 61 59 362 103 63 362 63 363 103 104 65 103 65 63 104 105 67 104 67 65 364 106 69 105 365 67 71 366 367 367 368 71 368 369 71 368 370 369 368 371 370 371 372 370 372 373 370 372 374 373 372 375 374 375 376 374 107 354 49 107 49 377 106 107 377 106 377 69 70 83 72 70 72 48 117 118 95 117 95 94 68 82 83 68 83 70 66 81 378 379 82 68 64 80 81 64 81 66 62 79 80 62 80 64 60 78 380 381 79 62 58 77 78 58 78 60 56 76 77 56 77 58 54 75 382 383 76 56 52 74 384 52 384 385 50 73 386 50 386 387 388 389 73 388 73 50 118 119 84 118 84 95 116 117 94 116 94 93 115 390 391 115 391 92 114 115 92 114 92 91 113 114 91 113 91 90 112 392 393 112 393 89 111 112 89 111 89 88 110 394 395 110 395 87 109 396 397 109 397 86 108 109 86 398 399 85 400 398 85 400 85 401 604 605 107 604 107 106 402 606 96 605 354 107 607 403 404 607 404 105 608 607 105 608 105 104 609 608 104 609 104 103 610 609 103 610 103 362 405 610 362 611 102 101 612 611 101 612 101 360 613 614 100 613 100 358 615 616 99 615 99 356 617 618 98 617 98 97 606 617 97 606 97 96 388 50 398 388 398 400 406 52 109 50 407 398 52 385 396 52 396 109 54 408 394 54 394 110 56 58 112 408 409 394 58 60 392 58 392 112 381 62 114 381 114 113 62 64 115 62 115 114 64 66 390 64 390 115 66 410 411 66 411 390 70 48 119 70 119 118 68 70 118 68 118 117 120 122 123 120 123 121 122 124 125 122 125 123 412 126 127 412 127 413 414 128 129 414 129 415 128 130 131 128 131 129 416 132 133 416 133 417 132 134 135 132 135 133 134 136 137 134 137 135 418 138 139 418 139 419 138 140 141 138 141 139 143 420 421 421 422 143 422 423 143 422 424 423 424 425 423 424 426 425 426 427 425 426 428 427 428 429 427 428 430 429 142 120 121 142 121 431 140 432 433 140 433 141 434 435 436 436 437 434 436 438 437 438 439 437 438 440 439 440 441 439 440 442 441 442 443 441 442 444 443 444 445 443 147 145 144 147 144 146 149 147 146 149 146 148 151 446 447 151 447 150 153 151 150 153 150 152 155 153 152 155 152 154 157 448 449 157 449 156 159 157 156 159 156 158 161 159 158 161 158 160 163 450 451 163 451 162 165 163 162 165 162 164 452 166 453 453 454 452 454 455 452 454 456 455 456 457 455 456 458 457 458 459 457 458 460 459 460 461 459 460 462 461 145 167 463 145 463 144 464 165 164 464 164 465 466 467 468 468 469 466 468 470 469 470 471 469 470 472 471 472 473 471 472 474 473 474 475 473 474 476 475 476 477 475 232 233 171 478 479 169 233 234 173 233 173 171 480 235 175 480 175 481 482 236 177 482 177 483 484 237 179 236 485 177 237 238 181 237 181 179 486 239 183 486 183 487 239 240 185 239 185 183 488 241 187 488 187 489 241 242 189 241 189 187 191 490 491 491 492 191 492 493 191 492 494 493 494 495 493 494 496 495 496 497 495 496 498 497 496 499 498 499 500 498 243 478 169 243 169 501 502 243 501 502 501 503 190 203 192 190 192 168 253 254 231 253 231 230 188 202 203 188 203 190 186 201 504 186 504 505 184 200 506 507 201 186 182 199 200 182 200 184 180 198 508 509 199 182 178 197 198 178 198 180 176 196 197 176 197 178 174 195 510 174 510 511 172 194 512 172 512 513 170 193 514 170 514 515 516 517 193 516 193 170 256 204 219 256 219 262 208 212 211 208 211 214 257 518 519 257 519 261 520 260 209 520 209 216 521 206 210 521 210 258 522 211 212 522 212 215 215 207 523 215 523 522 263 213 217 263 217 259 259 217 524 259 524 525 619 620 218 619 218 526 263 527 205 263 205 213 528 255 220 254 529 231 252 530 531 252 531 229 251 252 229 251 229 228 250 532 533 250 533 227 249 250 227 249 227 226 248 534 535 248 535 225 247 248 225 247 225 224 246 536 537 246 537 223 245 538 539 245 539 222 244 245 222 244 222 221 255 540 541 255 541 220 621 622 243 621 243 502 622 623 478 622 478 243 624 625 242 624 242 241 626 624 241 626 241 488 542 626 488 627 240 239 628 627 239 629 543 238 630 629 238 630 238 237 631 630 237 631 237 484 632 633 236 632 236 482 634 635 235 634 235 480 636 544 234 636 234 233 637 636 233 637 233 232 516 170 540 516 540 255 170 515 545 170 545 540 172 513 538 515 546 545 174 511 536 174 536 246 176 178 248 176 248 247 178 180 534 178 534 248 509 182 250 509 250 249 182 184 532 182 532 250 507 186 252 507 252 251 186 505 530 186 530 252 190 168 547 190 547 254 188 190 254 188 254 253 548 549 550 548 550 551 552 553 554 552 554 555 556 557 558 556 558 559 548 551 557 548 557 556 209 260 553 209 553 552 560 206 521 560 521 561 562 563 564 562 564 565 566 567 568 566 568 569 264 266 267 264 267 265 266 268 269 266 269 267 570 270 271 570 271 571 572 272 273 572 273 573 272 274 275 272 275 273 574 276 277 574 277 575 276 278 279 276 279 277 278 280 281 278 281 279 576 282 283 576 283 577 282 284 285 282 285 283 287 578 579 579 580 287 579 581 580 581 582 580 582 583 580 582 584 583 584 585 583 584 586 585 586 587 585 586 588 587 286 264 265 286 265 589 284 590 591 284 591 285 592 593 594 594 595 592 594 596 595 596 597 595 596 598 597 598 599 597 598 600 599 600 601 599 600 602 601 602 603 601  
		</Mesh>
		<Materials>: 1
			<Material>: 0
				<AlbedoColor>: 1 1 1 1
				<EmissiveColor>: 0 0 0 0
				<Glossiness>: 0.04
				<Metallic>: 0
				<SpecularHighlight>: 1
				<GlossyReflection>: 1
				<AlbedoMap>: BLD_IndBuilding1_A
				<MetallicMap>: BLD_IndBuilding1_MS
				<NormalMap>: BLD_IndBuilding1_N
				<EmissionMap>: null
				<DetailAlbedoMap>: DET_Concrete1_A
				<DetailNormalMap>: DET_Concrete1_N
		</Materials>
		<Children>: 0
	</Frame>
</Hierarchy>
