<Hierarchy>:
	<Frame>: 0 5 BGR_LargePipe_A
		<Transform>: 0 0 0 0 0 0 1 1 1 0 0 0 1  
		<TransformMatrix>: 1 0 0 0 0 1 0 0 0 0 1 0 0 0 0 1  
		<BoxCollider>: 1 0 35.5027 -9.536743E-07 44.15165 72.94875 44.15165  
		<Mesh>: 334 BGR_LargePipe_A
			<Bounds>: 0 35.5027 -9.536743E-07 22.07574 36.47429 22.07574
			<Positions>: 334 -6.266872E-08 -0.9715812 -22.07574 -11.03787 -0.971581 -19.11815 -19.11815 -0.9715807 -11.03787 -22.07574 -0.9715802 4.418048E-07 -19.11815 -0.9715797 11.03787 -11.03787 -0.9715794 19.11815 -3.396012E-06 -0.9715793 22.07574 11.03786 -0.9715794 19.11815 19.11814 -0.9715797 11.03787 22.07574 -0.9715802 9.740124E-06 19.11815 -0.9715807 -11.03786 11.03788 -0.971581 -19.11814 8.212259E-07 71.7085 -12.92576 -6.462878 71.7085 -11.19404 -11.19403 71.7085 -6.46288 -12.92575 71.7085 -1.533057E-06 -11.19403 71.7085 6.462877 -6.462878 71.7085 11.19403 -1.130509E-06 71.7085 12.92575 6.462876 71.7085 11.19403 11.19403 71.7085 6.46288 12.92576 71.7085 3.911283E-06 11.19404 71.7085 -6.462874 6.462887 71.7085 -11.19403 7.427419E-07 71.97699 -11.32133 -5.660666 71.97699 -9.804563 -9.80456 71.97699 -5.660667 -11.32133 71.97699 -1.419169E-06 -9.80456 71.97699 5.660665 -5.660666 71.97699 9.804559 -9.667317E-07 71.97699 11.32133 5.660664 71.97699 9.804562 9.804562 71.97699 5.660668 11.32133 71.97699 3.349386E-06 9.804566 71.97699 -5.660663 5.660674 71.97699 -9.804559 7.186539E-08 60.99394 -12.48054 -5.129875E-07 38.12839 -13.94087 -2.235638E-07 55.72646 -12.44515 -4.38529E-07 49.53134 -12.71025 -5.360694E-07 43.35172 -13.23547 -6.970437 38.12839 -12.07315 -6.240271 60.99394 -10.80847 -6.617739 43.35172 -11.46226 -6.355124 49.53134 -11.0074 -6.222575 55.72646 -10.77782 -12.07315 38.12839 -6.970437 -10.80847 60.99394 -6.240272 -11.46226 43.35172 -6.617738 -11.0074 49.53134 -6.355125 -10.77782 55.72646 -6.222576 -13.94087 38.12839 -2.321747E-07 -12.48054 60.99394 -1.015616E-06 -13.23548 43.35172 -3.622621E-07 -12.71025 49.53134 -5.528448E-07 -12.44515 55.72646 -7.849485E-07 -12.07315 38.12839 6.970436 -10.80847 60.99394 6.240269 -11.46226 43.35172 6.617737 -11.0074 49.53134 6.355123 -10.77782 55.72646 6.222574 -6.970438 38.12839 12.07315 -6.240272 60.99394 10.80846 -6.617739 43.35172 11.46225 -6.355125 49.53134 11.00739 -6.222576 55.72646 10.77781 -2.618001E-06 38.12839 13.94087 -1.812644E-06 60.99394 12.48054 -2.534171E-06 43.35172 13.23547 -2.351719E-06 49.53134 12.71025 -2.09806E-06 55.72646 12.44515 6.970433 38.12839 12.07315 6.240268 60.99394 10.80847 6.617734 43.35172 11.46226 6.35512 49.53134 11.0074 6.222571 55.72646 10.77781 12.07315 38.12839 6.97044 10.80846 60.99394 6.240273 11.46225 43.35172 6.61774 11.00739 49.53134 6.355126 10.77781 55.72646 6.222577 13.94087 38.12839 5.639733E-06 12.48054 60.99394 4.241199E-06 13.23547 43.35172 5.213128E-06 12.71025 49.53134 4.799788E-06 12.44515 55.72646 4.4688E-06 12.07315 38.12839 -6.970429 10.80847 60.99394 -6.240266 11.46226 43.35172 -6.617732 11.0074 49.53134 -6.355119 10.77782 55.72646 -6.222569 6.970444 38.12839 -12.07315 6.240278 60.99394 -10.80846 6.617744 43.35172 -11.46225 6.35513 49.53134 -11.00739 6.222581 55.72646 -10.77781 8.861008E-07 55.05231 -9.117912 -4.558955 55.05231 -7.896344 -7.896342 55.05231 -4.558956 -9.117908 55.05231 -4.204699E-07 -7.896342 55.05231 4.558955 -4.558955 55.05231 7.896342 -4.906656E-07 55.05231 9.117909 4.558954 55.05231 7.896344 7.896343 55.05231 4.558959 9.117912 55.05231 3.420002E-06 7.896348 55.05231 -4.558952 4.558962 55.05231 -7.896341 -1.236982E-07 16.17299 -20.97326 -6.266872E-08 9.128057 -22.07574 -8.321231E-08 12.68386 -21.75283 -11.03787 9.128057 -19.11815 -10.48663 16.17299 -18.16337 -10.87642 12.68386 -18.8385 -19.11815 9.128057 -11.03787 -18.16338 16.17299 -10.48663 -18.8385 12.68386 -10.87642 -22.07574 9.128057 3.35632E-10 -20.97326 16.17299 -1.673216E-07 -21.75283 12.68386 -1.175646E-07 -19.11815 9.128058 11.03787 -18.16337 16.17299 10.48663 -18.8385 12.68386 10.87641 -11.03787 9.128058 19.11815 -10.48663 16.17299 18.16337 -10.87642 12.68386 18.8385 -3.396012E-06 9.128058 22.07574 -3.290572E-06 16.17299 20.97326 -3.365476E-06 12.68386 21.75283 11.03786 9.128058 19.11815 10.48662 16.17299 18.16338 10.87641 12.68386 18.8385 19.11814 9.128058 11.03787 18.16337 16.17299 10.48663 18.8385 12.68386 10.87642 22.07574 9.128057 9.298656E-06 20.97326 16.17299 8.666634E-06 21.75283 12.68386 9.04966E-06 19.11815 9.128057 -11.03786 18.16338 16.17299 -10.48662 18.83851 12.68386 -10.8764 11.03788 9.128057 -19.11814 10.48664 16.17299 -18.16337 10.87643 12.68386 -18.8385 -12.07315 38.12839 -6.970437 -18.16338 16.17299 -10.48663 -6.970438 38.12839 12.07315 -10.48663 16.17299 18.16337 12.07315 38.12839 6.97044 18.16337 16.17299 10.48663 12.07315 38.12839 -6.970429 18.16338 16.17299 -10.48662 -5.129875E-07 38.12839 -13.94087 -1.236982E-07 16.17299 -20.97326 10.80847 60.99394 -6.240266 11.19404 71.7085 -6.462874 10.80846 60.99394 6.240273 11.19403 71.7085 6.46288 -6.240272 60.99394 10.80846 -6.462878 71.7085 11.19403 -10.80847 60.99394 -6.240272 -11.19403 71.7085 -6.46288 6.462887 71.7085 -11.19403 7.186539E-08 60.99394 -12.48054 8.212259E-07 71.7085 -12.92576 6.462887 71.7085 -11.19403 19.11815 -0.9715807 -11.03786 19.11815 9.128057 -11.03786 19.11814 -0.9715797 11.03787 19.11814 9.128058 11.03787 -11.03787 -0.9715794 19.11815 -11.03787 9.128058 19.11815 7.427419E-07 71.97699 -11.32133 5.660674 71.97699 -9.804559 11.19404 71.7085 -6.462874 12.92576 71.7085 3.911283E-06 11.19403 71.7085 6.46288 6.462876 71.7085 11.19403 -1.130509E-06 71.7085 12.92575 -6.462878 71.7085 11.19403 -6.462878 71.7085 11.19403 -5.660666 71.97699 9.804559 -11.19403 71.7085 6.462877 -12.92575 71.7085 -1.533057E-06 -11.19403 71.7085 -6.46288 -6.462878 71.7085 -11.19404 -6.970437 38.12839 -12.07315 -12.07315 38.12839 -6.970437 -6.617739 43.35172 -11.46226 -6.222575 55.72646 -10.77782 -10.80847 60.99394 -6.240272 -6.240271 60.99394 -10.80847 -11.46226 43.35172 -6.617738 -10.77782 55.72646 -6.222576 -12.07315 38.12839 -6.970437 -13.94087 38.12839 -2.321747E-07 -11.46226 43.35172 -6.617738 -10.77782 55.72646 -6.222576 -12.48054 60.99394 -1.015616E-06 -10.80847 60.99394 -6.240272 -11.46226 43.35172 -6.617738 -13.23548 43.35172 -3.622621E-07 -11.0074 49.53134 -6.355125 -12.44515 55.72646 -7.849485E-07 -10.77782 55.72646 -6.222576 -12.07315 38.12839 6.970436 -10.80847 60.99394 6.240269 -11.46226 43.35172 6.617737 -10.77782 55.72646 6.222574 -6.970438 38.12839 12.07315 -6.240272 60.99394 10.80846 -6.617739 43.35172 11.46225 -6.222576 55.72646 10.77781 -6.970438 38.12839 12.07315 -2.618001E-06 38.12839 13.94087 -6.617739 43.35172 11.46225 -6.222576 55.72646 10.77781 -1.812644E-06 60.99394 12.48054 -6.240272 60.99394 10.80846 -6.617739 43.35172 11.46225 -2.534171E-06 43.35172 13.23547 -6.355125 49.53134 11.00739 -2.09806E-06 55.72646 12.44515 -6.222576 55.72646 10.77781 6.970433 38.12839 12.07315 6.240268 60.99394 10.80847 6.617734 43.35172 11.46226 6.222571 55.72646 10.77781 12.07315 38.12839 6.97044 10.80846 60.99394 6.240273 11.46225 43.35172 6.61774 10.77781 55.72646 6.222577 12.07315 38.12839 6.97044 13.94087 38.12839 5.639733E-06 11.46225 43.35172 6.61774 10.77781 55.72646 6.222577 12.48054 60.99394 4.241199E-06 10.80846 60.99394 6.240273 11.46225 43.35172 6.61774 13.23547 43.35172 5.213128E-06 11.00739 49.53134 6.355126 12.44515 55.72646 4.4688E-06 10.77781 55.72646 6.222577 12.07315 38.12839 -6.970429 10.80847 60.99394 -6.240266 11.46226 43.35172 -6.617732 10.77782 55.72646 -6.222569 12.07315 38.12839 -6.970429 6.970444 38.12839 -12.07315 6.617744 43.35172 -11.46225 10.77782 55.72646 -6.222569 6.240278 60.99394 -10.80846 10.80847 60.99394 -6.240266 6.617744 43.35172 -11.46225 11.0074 49.53134 -6.355119 6.35513 49.53134 -11.00739 6.222581 55.72646 -10.77781 10.77782 55.72646 -6.222569 -5.129875E-07 38.12839 -13.94087 -5.360694E-07 43.35172 -13.23547 -2.235638E-07 55.72646 -12.44515 7.186539E-08 60.99394 -12.48054 6.617744 43.35172 -11.46225 -5.360694E-07 43.35172 -13.23547 -4.38529E-07 49.53134 -12.71025 -2.235638E-07 55.72646 -12.44515 -2.235638E-07 55.72646 -12.44515 7.186539E-08 60.99394 -12.48054 -19.11815 -0.9715807 -11.03787 -19.11815 9.128057 -11.03787 4.558962 55.05231 -7.896341 8.861008E-07 55.05231 -9.117912 7.896348 55.05231 -4.558952 9.804566 71.97699 -5.660663 9.804566 71.97699 -5.660663 7.896348 55.05231 -4.558952 9.117912 55.05231 3.420002E-06 11.32133 71.97699 3.349386E-06 7.896343 55.05231 4.558959 9.804562 71.97699 5.660668 9.804562 71.97699 5.660668 7.896343 55.05231 4.558959 4.558954 55.05231 7.896344 5.660664 71.97699 9.804562 -4.906656E-07 55.05231 9.117909 -9.667317E-07 71.97699 11.32133 -9.667317E-07 71.97699 11.32133 -4.906656E-07 55.05231 9.117909 -4.558955 55.05231 7.896342 -5.660666 71.97699 9.804559 -5.660666 71.97699 9.804559 -4.558955 55.05231 7.896342 -7.896342 55.05231 4.558955 -9.80456 71.97699 5.660665 -9.80456 71.97699 5.660665 -7.896342 55.05231 4.558955 -9.117908 55.05231 -4.204699E-07 -11.32133 71.97699 -1.419169E-06 -7.896342 55.05231 -4.558956 -9.80456 71.97699 -5.660667 -9.80456 71.97699 -5.660667 -7.896342 55.05231 -4.558956 -4.558955 55.05231 -7.896344 -5.660666 71.97699 -9.804563 8.861008E-07 55.05231 -9.117912 7.427419E-07 71.97699 -11.32133 -5.129875E-07 38.12839 -13.94087 -5.360694E-07 43.35172 -13.23547 -6.266872E-08 9.128057 -22.07574 -10.48663 16.17299 -18.16337 -1.236982E-07 16.17299 -20.97326 -18.8385 12.68386 -10.87642 -18.16338 16.17299 -10.48663 -10.48663 16.17299 -18.16337 -20.97326 16.17299 -1.673216E-07 -18.16337 16.17299 10.48663 -10.48663 16.17299 18.16337 -10.87642 12.68386 18.8385 -3.290572E-06 16.17299 20.97326 -10.48663 16.17299 18.16337 10.48662 16.17299 18.16338 18.16337 16.17299 10.48663 18.8385 12.68386 10.87642 20.97326 16.17299 8.666634E-06 18.16337 16.17299 10.48663 18.16338 16.17299 -10.48662 18.83851 12.68386 -10.8764 10.48664 16.17299 -18.16337 18.16338 16.17299 -10.48662 -8.321231E-08 12.68386 -21.75283 -1.236982E-07 16.17299 -20.97326 -6.266872E-08 -0.9715812 -22.07574 11.03788 -0.971581 -19.11814 -11.03787 -0.971581 -19.11815  
			<Colors>: 0  
			<TextureCoords0>: 334 0.8344727 0.6279297 0.8681641 0.6279297 0.9013672 0.6279297 0.9345703 0.6279297 0.9677734 0.6279297 0.6025391 0.6279297 0.6352539 0.6279297 0.668457 0.6279297 0.7016602 0.6279297 0.7348633 0.6279297 0.7680664 0.6279297 0.8012695 0.6279297 0.831543 0.4023438 0.8647461 0.4023438 0.8979492 0.4023438 0.9316406 0.4023438 0.9643555 0.4023438 0.5996094 0.4023438 0.6328125 0.4023438 0.6655273 0.4023438 0.6992188 0.4023438 0.7319336 0.4023438 0.765625 0.4023438 0.7983398 0.4023438 0.3505859 0.7758789 0.3989258 0.7758789 0.4506836 0.7758789 0.5 0.7758789 0.5488281 0.7758789 0.002929688 0.7758789 0.05175781 0.7758789 0.1015625 0.7758789 0.1508789 0.7758789 0.2016602 0.7758789 0.2509766 0.7758789 0.300293 0.7758789 0.831543 0.3466797 0.8344727 0.519043 0.8334961 0.5053711 0.8334961 0.4750977 0.8334961 0.4448242 0.8671875 0.519043 0.8647461 0.3466797 0.8666992 0.4448242 0.8666992 0.4750977 0.8666992 0.5053711 0.9008789 0.519043 0.8979492 0.3466797 0.4492188 0.7802734 0.8999023 0.4750977 0.3012695 0.753418 0.9335938 0.519043 0.9316406 0.3466797 0.4995117 0.7802734 0.9326172 0.4750977 0.3344727 0.753418 0.9667969 0.519043 0.9643555 0.3466797 0.5483398 0.7802734 0.9658203 0.4750977 0.3657227 0.753418 0.9995117 0.519043 0.5996094 0.3466797 0.5991211 0.7802734 0.9990234 0.4750977 0.3989258 0.753418 0.6357422 0.519043 0.6328125 0.3466797 0.05078125 0.7802734 0.6342773 0.4750977 0.03662109 0.753418 0.6689453 0.519043 0.6655273 0.3466797 0.1000977 0.7802734 0.6679688 0.4750977 0.06982422 0.753418 0.7016602 0.519043 0.6992188 0.3466797 0.1503906 0.7802734 0.7011719 0.4750977 0.1030273 0.753418 0.7348633 0.519043 0.7319336 0.3466797 0.199707 0.7802734 0.7338867 0.4750977 0.1367188 0.753418 0.7685547 0.519043 0.765625 0.3466797 0.2495117 0.7802734 0.7675781 0.4750977 0.1674805 0.753418 0.8017578 0.519043 0.7983398 0.3466797 0.2988281 0.7802734 0.800293 0.4750977 0.2021484 0.753418 0.8305664 0.3911133 0.9998997 0.9176275 0.9998997 0.9523998 0.9825135 0.9825136 0.9523997 0.9998998 0.9176273 0.9998998 0.8875136 0.9825135 0.8701274 0.9523998 0.8701274 0.9176275 0.8875136 0.8875137 0.9176275 0.8701274 0.7978516 0.3911133 0.8344727 0.6245117 0.8344727 0.5952148 0.8344727 0.5834961 0.8681641 0.5952148 0.8671875 0.6245117 0.8681641 0.5834961 0.9013672 0.5952148 0.9008789 0.6245117 0.9013672 0.5834961 0.9345703 0.5952148 0.9335938 0.6245117 0.9345703 0.5834961 0.9677734 0.5952148 0.9667969 0.6245117 0.9677734 0.5834961 0.6025391 0.5952148 0.9995117 0.6245117 1.000488 0.5834961 0.6352539 0.5952148 0.6357422 0.6245117 0.6352539 0.5834961 0.668457 0.5952148 0.6689453 0.6245117 0.668457 0.5834961 0.7016602 0.5952148 0.7016602 0.6245117 0.7016602 0.5834961 0.7348633 0.5952148 0.7348633 0.6245117 0.7348633 0.5834961 0.7680664 0.5952148 0.7685547 0.6245117 0.7680664 0.5834961 0.8012695 0.5952148 0.8017578 0.6245117 0.8012695 0.5834961 0.9008789 0.519043 0.9008789 0.6245117 0.6025391 0.519043 0.6025391 0.6245117 0.7016602 0.519043 0.7016602 0.6245117 0.7685547 0.519043 0.7685547 0.6245117 0.8344727 0.519043 0.8344727 0.6245117 0.765625 0.3466797 0.765625 0.4023438 0.6992188 0.3466797 0.6992188 0.4023438 0.9980469 0.3466797 0.9980469 0.4023438 0.8979492 0.3466797 0.8979492 0.4023438 0.7983398 0.4023438 0.831543 0.3466797 0.3505859 0.7543945 0.300293 0.7543945 0.7680664 0.6279297 0.7680664 0.5952148 0.7016602 0.6279297 0.7016602 0.5952148 1.000488 0.6279297 1.000488 0.5952148 0.8305664 0.4858398 0.7978516 0.4858398 0.2509766 0.7543945 0.2016602 0.7543945 0.1508789 0.7543945 0.1015625 0.7543945 0.05175781 0.7543945 0.002929688 0.7543945 0.5986328 0.7543945 0.5986328 0.7758789 0.5488281 0.7543945 0.5 0.7543945 0.4506836 0.7543945 0.3989258 0.7543945 0.3999023 0.7539063 0.4492188 0.7539063 0.3999023 0.7802734 0.2680664 0.753418 0.3012695 0.7797852 0.2680664 0.7797852 0.8999023 0.4448242 0.8999023 0.5053711 0.4492188 0.7539063 0.4995117 0.7539063 0.4492188 0.7802734 0.3012695 0.753418 0.3344727 0.7797852 0.3012695 0.7797852 0.8999023 0.4448242 0.9326172 0.4448242 0.8999023 0.4750977 0.9326172 0.5053711 0.8999023 0.5053711 0.5483398 0.7539063 0.3657227 0.7797852 0.9658203 0.4448242 0.9658203 0.5053711 0.5991211 0.7539063 0.3989258 0.7797852 0.9990234 0.4448242 0.9990234 0.5053711 0 0.7539063 0.05078125 0.7539063 0 0.7802734 0.003417969 0.753418 0.03662109 0.7797852 0.003417969 0.7797852 0.6015625 0.4448242 0.6342773 0.4448242 0.6015625 0.4750977 0.6342773 0.5053711 0.6015625 0.5053711 0.1000977 0.7539063 0.06982422 0.7797852 0.6679688 0.4448242 0.6679688 0.5053711 0.1503906 0.7539063 0.1030273 0.7797852 0.7011719 0.4448242 0.7011719 0.5053711 0.1503906 0.7539063 0.199707 0.7539063 0.1503906 0.7802734 0.1030273 0.753418 0.1367188 0.7797852 0.1030273 0.7797852 0.7011719 0.4448242 0.7338867 0.4448242 0.7011719 0.4750977 0.7338867 0.5053711 0.7011719 0.5053711 0.2495117 0.7539063 0.1674805 0.7797852 0.7675781 0.4448242 0.7675781 0.5053711 0.2495117 0.7539063 0.2988281 0.7539063 0.2988281 0.7802734 0.1674805 0.753418 0.2021484 0.7797852 0.1674805 0.7797852 0.800293 0.4448242 0.7675781 0.4750977 0.800293 0.4750977 0.800293 0.5053711 0.7675781 0.5053711 0.3496094 0.7539063 0.3496094 0.7802734 0.2348633 0.753418 0.2348633 0.7797852 0.800293 0.4448242 0.8334961 0.4448242 0.8334961 0.4750977 0.8334961 0.5053711 0.2348633 0.753418 0.2348633 0.7797852 0.9013672 0.6279297 0.9013672 0.5952148 0.9523997 0.8701274 0.9825135 0.8875136 0.7651367 0.3911133 0.7651367 0.4858398 0.7651367 0.4858398 0.7651367 0.3911133 0.7324219 0.3911133 0.7324219 0.4858398 0.699707 0.3911133 0.699707 0.4858398 0.699707 0.4858398 0.699707 0.3911133 0.6669922 0.3911133 0.6669922 0.4858398 0.6347656 0.3911133 0.6347656 0.4858398 0.6347656 0.4858398 0.6347656 0.3911133 0.6030273 0.3911133 0.6030273 0.4858398 0.9936523 0.4858398 0.9936523 0.3911133 0.9604492 0.3911133 0.9604492 0.4858398 0.9604492 0.4858398 0.9604492 0.3911133 0.9282227 0.3911133 0.9282227 0.4858398 0.8959961 0.3911133 0.8959961 0.4858398 0.8959961 0.4858398 0.8959961 0.3911133 0.8632813 0.3911133 0.8632813 0.4858398 0.8305664 0.3911133 0.8305664 0.4858398 0.3496094 0.7539063 0.3496094 0.7802734 0.8344727 0.5952148 0.8681641 0.5722656 0.8344727 0.5722656 0.9013672 0.5834961 0.9013672 0.5722656 0.8681641 0.5722656 0.9345703 0.5722656 0.9677734 0.5722656 1.000488 0.5722656 0.6025391 0.5834961 0.6352539 0.5722656 0.6025391 0.5722656 0.668457 0.5722656 0.7016602 0.5722656 0.7016602 0.5834961 0.7348633 0.5722656 0.7016602 0.5722656 0.7680664 0.5722656 0.7680664 0.5834961 0.8012695 0.5722656 0.7680664 0.5722656 0.8344727 0.5834961 0.8344727 0.5722656 0.8344727 0.6279297 0.8012695 0.6279297 0.8681641 0.6279297  
			<TextureCoords1>: 334 0.4978626 0.7162957 0.006821889 0.6389825 0.4785692 0.9476744 0.4891728 0.8725731 0.4957802 0.797607 0.4858977 0.5599659 0.4890956 0.4841796 0.4883293 0.4089192 0.5029891 0.8466095 0.5061412 0.9217227 0.4956033 0.5660753 0.4956033 0.6415105 0.4916971 0.6073257 0.4912678 0.6507416 0.00390625 0.8500397 0.008168073 0.8067322 0.01297116 0.7634528 0.00390625 0.5092818 0.00390625 0.4657606 0.004447723 0.4222144 0.9867594 0.8534307 0.9893118 0.8970231 0.9758383 0.5881176 0.9780813 0.63165 0.03329755 0.3011615 0.06642669 0.3202856 0.1046808 0.3202823 0.1378099 0.3011532 0.156938 0.2680236 0.1569401 0.2297695 0.137815 0.196641 0.1046859 0.1775168 0.06643176 0.1775201 0.03330268 0.1966492 0.01417454 0.2297788 0.01417237 0.2680329 0.4220483 0.6072792 0.7602119 0.6863574 0.3878052 0.6066493 0.347547 0.6049831 0.3073255 0.6023823 0.2700773 0.6464914 0.4213478 0.6494854 0.3050953 0.6472436 0.3460144 0.6480045 0.3868007 0.6487861 0.2717119 0.6941813 0.07341533 0.8563174 0.3057925 0.6921569 0.3460287 0.6910032 0.3862761 0.6908321 0.230339 0.8341714 0.07811132 0.8140398 0.1951695 0.8288113 0.1539399 0.8231922 0.112863 0.818074 0.2356403 0.7855927 0.08288543 0.7716148 0.2001377 0.7829739 0.1586976 0.7794724 0.1175553 0.77543 0.2362239 0.7373122 0.073703 0.5087217 0.2020021 0.7376354 0.1617355 0.7362479 0.1215848 0.7333385 0.2277189 0.4713101 0.074236 0.4661832 0.19219 0.46942 0.1506041 0.4678655 0.1092193 0.4667947 0.2282372 0.4224409 0.07483233 0.4234904 0.1926452 0.4233118 0.1510573 0.4238855 0.1097127 0.4238918 0.2240892 0.3743305 0.9168717 0.8581693 0.1900602 0.3780041 0.1498472 0.380567 0.1096005 0.3816038 0.7670261 0.9078014 0.9190677 0.9005677 0.8021905 0.9062939 0.8433605 0.9042574 0.8843527 0.90224 0.7715721 0.9554818 0.9060336 0.5923711 0.8058976 0.9516028 0.8463501 0.9474154 0.8867206 0.9444669 0.7573601 0.6386417 0.9079555 0.6346565 0.7922769 0.6386684 0.8519354 0.9898473 0.8733592 0.6360303 0.8508337 0.8329368 0.5759209 0.8403816 0.6026157 0.8249694 0.6180279 0.7982745 0.6180277 0.76745 0.6026155 0.7407552 0.5759206 0.725343 0.5450961 0.725343 0.5184013 0.7407552 0.5029891 0.76745 0.5029892 0.7982746 0.8498037 0.8021295 0.610636 0.7100514 0.5639594 0.7142988 0.1011954 0.5707428 0.07219741 0.642212 0.1182315 0.6448371 0.09513128 0.6435316 0.4121907 0.937634 0.1226283 0.7148185 0.09332397 0.7162957 0.424316 0.8650311 0.379609 0.8586743 0.401967 0.8619383 0.431237 0.7934824 0.3863051 0.7907859 0.408754 0.7920632 0.4188482 0.5564742 0.3866249 0.7213942 0.4098909 0.7202742 0.4238054 0.4830256 0.3786862 0.4810775 0.4012587 0.4821362 0.4236859 0.4111357 0.3787014 0.4128528 0.4011698 0.4119254 0.5694506 0.8442879 0.3722232 0.3437563 0.3952699 0.3403628 0.5711399 0.9179197 0.6166045 0.9156904 0.5938606 0.9168025 0.5623304 0.5665456 0.6235374 0.9851804 0.6004803 0.9887472 0.5609222 0.6404276 0.6065873 0.6401001 0.5837443 0.6402611 0.2207968 0.8810174 0.3662907 0.9275818 0.22281 0.5188703 0.3721797 0.5509651 0.7670735 0.8602289 0.6162627 0.8454283 0.7597581 0.5909206 0.6092086 0.5696639 0.2732534 0.5992516 0.1245191 0.5740786 0.9210169 0.9427981 0.9910782 0.9407197 0.07547034 0.3813006 0.005644091 0.3786327 0.08765177 0.7296945 0.01842942 0.720202 0.4204109 0.6915091 0.4900511 0.6942075 0.4912592 0.5638722 0.9095388 0.6768616 0.02578464 0.3086805 0.00390625 0.2707875 0.5115071 0.9960938 0.5772378 0.9913512 0.4843208 0.3344603 0.4185124 0.338003 0.4990828 0.7231209 0.4332504 0.720202 0.7396159 0.8403817 0.738337 0.8021295 0.00390625 0.2270314 0.02578337 0.1891359 0.06367601 0.167254 0.1074322 0.1672484 0.1453279 0.1891219 0.1672063 0.2270148 0.1672063 0.2270148 0.1569401 0.2297695 0.1672063 0.270771 0.1453292 0.3086665 0.1074365 0.3305484 0.06368037 0.330554 0.2700773 0.6464914 0.2717119 0.6941813 0.3050953 0.6472436 0.3868007 0.6487861 0.4204109 0.6915091 0.4213478 0.6494854 0.3057925 0.6921569 0.3862761 0.6908321 0.2207968 0.8810174 0.230339 0.8341714 0.1873238 0.873502 0.1075739 0.8602743 0.07811132 0.8140398 0.07341533 0.8563174 0.1873238 0.873502 0.1951695 0.8288113 0.1475668 0.8661928 0.112863 0.818074 0.1075739 0.8602743 0.2356403 0.7855927 0.08288543 0.7716148 0.2001377 0.7829739 0.1175553 0.77543 0.2362239 0.7373122 0.08765177 0.7296945 0.2020021 0.7376354 0.1215848 0.7333385 0.22281 0.5188703 0.2277189 0.4713101 0.1887584 0.5146687 0.1080883 0.5093144 0.074236 0.4661832 0.073703 0.5087217 0.1887584 0.5146687 0.19219 0.46942 0.1484727 0.5112878 0.1092193 0.4667947 0.1080883 0.5093144 0.2282372 0.4224409 0.07483233 0.4234904 0.1926452 0.4233118 0.1097127 0.4238918 0.2240892 0.3743305 0.07547034 0.3813006 0.1900602 0.3780041 0.1096005 0.3816038 0.7670735 0.8602289 0.7670261 0.9078014 0.8014329 0.8611069 0.8824691 0.8598888 0.9190677 0.9005677 0.9168717 0.8581693 0.8014329 0.8611069 0.8021905 0.9062939 0.8419606 0.8609772 0.8843527 0.90224 0.8824691 0.8598888 0.7715721 0.9554818 0.9210169 0.9427981 0.8058976 0.9516028 0.8867206 0.9444669 0.7597581 0.5909206 0.7573601 0.6386417 0.8120958 0.9960938 0.871716 0.5938926 0.9079555 0.6346565 0.9060336 0.5923711 0.8120958 0.9960938 0.8313757 0.5948503 0.8327779 0.6376423 0.8733592 0.6360303 0.871716 0.5938926 0.7602119 0.6863574 0.7943909 0.6833738 0.8752457 0.6782128 0.9095388 0.6768616 0.7922769 0.6386684 0.7943909 0.6833738 0.8348079 0.6805736 0.8752457 0.6782128 0.3878052 0.6066493 0.4220483 0.6072792 0.00390625 0.7136233 0.06987535 0.7162002 0.5184014 0.8249694 0.5450963 0.8403817 0.8508337 0.7713221 0.7396159 0.7638773 0.1723914 0.330554 0.2836092 0.3231091 0.2825792 0.2923018 0.1711126 0.2923019 0.2836092 0.2614945 0.1723914 0.2540497 0.115124 0.006427288 0.00390625 0.01387215 0.004936206 0.04467946 0.1164029 0.04467946 0.00390625 0.07548678 0.115124 0.08293158 0.115124 0.08683783 0.00390625 0.09428269 0.004936207 0.12509 0.1164029 0.12509 0.1164029 0.12509 0.004936207 0.12509 0.00390625 0.1558973 0.115124 0.1633422 0.9659577 0.7638774 0.8547399 0.7713222 0.8557699 0.8021295 0.9672365 0.8021295 0.8547399 0.8329369 0.9659577 0.8403817 0.623213 0.8403817 0.7344307 0.8329369 0.7334008 0.8021295 0.6219341 0.8021295 0.7344307 0.7713222 0.623213 0.7638774 0.2732534 0.5992516 0.3073255 0.6023823 0.07788082 0.5683448 0.1182315 0.6448371 0.1245191 0.5740786 0.3892023 0.9331376 0.3662907 0.9275818 0.3455201 0.9960938 0.379609 0.8586743 0.3863051 0.7907859 0.3866249 0.7213942 0.3955277 0.5542506 0.3786862 0.4810775 0.3721797 0.5509651 0.3787014 0.4128528 0.3722232 0.3437563 0.5928033 0.8443662 0.6166045 0.9156904 0.6162627 0.8454283 0.6235374 0.9851804 0.5857371 0.567609 0.6065873 0.6401001 0.6092086 0.5696639 0.5873702 0.7126623 0.610636 0.7100514 0.01147125 0.5638722 0.4956033 0.6415105 0.006821889 0.6389825  
			<Normals>: 334 0.2588022 0 -0.9659303 -0.7071068 0 -0.7071068 -0.8660316 0 -0.4999893 -1 0 0 -0.8660316 0 0.4999893 -0.4999893 0 0.8660316 0 0 1 0.4999893 0 0.8660316 0.8660316 0 0.4999893 1 0 0 0.8660316 0 -0.4999893 0.2588022 0 -0.9659303 0 -0.04150614 -0.9991382 -0.4995683 -0.04150607 -0.8652795 -0.8652795 -0.04150607 -0.4995683 -0.9991382 -0.04150614 0 -0.8652795 -0.04150607 0.4995683 -0.4995683 -0.04150607 0.8652795 0 -0.04150614 0.9991382 0.4995683 -0.04150607 0.8652795 0.8652795 -0.04150607 0.4995683 0.9991382 -0.04150614 0 0.8652795 -0.04150607 -0.4995683 0.4995683 -0.04150607 -0.8652795 0 0.9862856 -0.1650473 -0.0825238 0.9862876 -0.1429212 -0.1429212 0.9862876 -0.0825238 -0.1650473 0.9862856 0 -0.1429212 0.9862876 0.0825238 -0.0825238 0.9862876 0.1429212 0 0.9862856 0.1650473 0.0825238 0.9862876 0.1429212 0.1429212 0.9862876 0.0825238 0.1650473 0.9862856 0 0.1429212 0.9862876 -0.0825238 0.0825238 0.9862876 -0.1429212 0 -0.02417097 -0.9997078 0 0.2234595 -0.9747132 0 0.01806732 -0.9998368 0 0.06393815 -0.9979539 0 0.1097147 -0.9939631 -0.4873581 0.2234602 -0.8441253 -0.4998477 -0.02417141 -0.8657759 -0.4969776 0.1097172 -0.8607992 -0.4989677 0.06393891 -0.8642587 -0.4999051 0.01806739 -0.8658918 -0.8441253 0.2234602 -0.4873581 -0.8657759 -0.02417141 -0.4998477 -0.8607992 0.1097172 -0.4969776 -0.8642587 0.06393891 -0.4989677 -0.8658918 0.01806739 -0.4999051 -0.9747132 0.2234595 0 -0.9997078 -0.02417097 0 -0.9939631 0.1097147 0 -0.9979539 0.06393815 0 -0.9998368 0.01806732 0 -0.8441253 0.2234602 0.4873581 -0.8657759 -0.02417141 0.4998477 -0.8607992 0.1097172 0.4969776 -0.8642587 0.06393891 0.4989677 -0.8658918 0.01806739 0.4999051 -0.4873581 0.2234602 0.8441253 -0.4998477 -0.02417141 0.8657759 -0.4969776 0.1097172 0.8607992 -0.4989677 0.06393891 0.8642587 -0.4999051 0.01806739 0.8658918 0 0.2234595 0.9747132 0 -0.02417097 0.9997078 0 0.1097147 0.9939631 0 0.06393815 0.9979539 0 0.01806732 0.9998368 0.4873581 0.2234602 0.8441253 0.4998477 -0.02417141 0.8657759 0.4969776 0.1097172 0.8607992 0.4989677 0.06393891 0.8642587 0.4999051 0.01806739 0.8658918 0.8441253 0.2234602 0.4873581 0.8657759 -0.02417141 0.4998477 0.8607992 0.1097172 0.4969776 0.8642587 0.06393891 0.4989677 0.8658918 0.01806739 0.4999051 0.9747132 0.2234595 0 0.9997078 -0.02417097 0 0.9939631 0.1097147 0 0.9979539 0.06393815 0 0.9998368 0.01806732 0 0.8441253 0.2234602 -0.4873581 0.8657759 -0.02417141 -0.4998477 0.8607992 0.1097172 -0.4969776 0.8642587 0.06393891 -0.4989677 0.8658918 0.01806739 -0.4999051 0.4873581 0.2234602 -0.8441253 0.4998477 -0.02417141 -0.8657759 0.4969776 0.1097172 -0.8607992 0.4989677 0.06393891 -0.8642587 0.4999051 0.01806739 -0.8658918 0 0.1290965 0.991632 0 1 0 0 1 0 0 1 0 0 1 0 0 1 0 0 1 0 0 1 0 0 1 0 0 1 0 0 1 0 -0.4958147 0.1290961 0.8587793 0 0.2599319 -0.965627 0 0.04492451 -0.9989904 0 0.1529607 -0.9882323 -0.4994786 0.04492439 -0.8651606 -0.482814 0.2599322 -0.836257 -0.4941016 0.1529609 -0.8558426 -0.8651606 0.04492439 -0.4994786 -0.836257 0.2599322 -0.482814 -0.8558426 0.1529609 -0.4941016 -0.9989904 0.04492451 0 -0.965627 0.2599319 0 -0.9882323 0.1529607 0 -0.8651606 0.04492439 0.4994786 -0.836257 0.2599322 0.482814 -0.8558426 0.1529609 0.4941016 -0.4994786 0.04492439 0.8651606 -0.482814 0.2599322 0.836257 -0.4941016 0.1529609 0.8558426 0 0.04492451 0.9989904 0 0.2599319 0.965627 0 0.1529607 0.9882323 0.4994786 0.04492439 0.8651606 0.482814 0.2599322 0.836257 0.4941016 0.1529609 0.8558426 0.8651606 0.04492439 0.4994786 0.836257 0.2599322 0.482814 0.8558426 0.1529609 0.4941016 0.9989904 0.04492451 0 0.965627 0.2599319 0 0.9882323 0.1529607 0 0.8651606 0.04492439 -0.4994786 0.836257 0.2599322 -0.482814 0.8558426 0.1529609 -0.4941016 0.4994786 0.04492439 -0.8651606 0.482814 0.2599322 -0.836257 0.4941016 0.1529609 -0.8558426 -0.8441253 0.2234602 -0.4873581 -0.836257 0.2599322 -0.482814 -0.4873581 0.2234602 0.8441253 -0.482814 0.2599322 0.836257 0.8441253 0.2234602 0.4873581 0.836257 0.2599322 0.482814 0.8441253 0.2234602 -0.4873581 0.836257 0.2599322 -0.482814 0 0.2234595 -0.9747132 0 0.2599319 -0.965627 0.8657759 -0.02417141 -0.4998477 0.8652795 -0.04150607 -0.4995683 0.8657759 -0.02417141 0.4998477 0.8652795 -0.04150607 0.4995683 -0.4998477 -0.02417141 0.8657759 -0.4995683 -0.04150607 0.8652795 -0.8657759 -0.02417141 -0.4998477 -0.8652795 -0.04150607 -0.4995683 0.4995683 -0.04150607 -0.8652795 0 -0.02417097 -0.9997078 0 0.9862856 -0.1650473 0.0825238 0.9862876 -0.1429212 0.8660316 0 -0.4999893 0.8651606 0.04492439 -0.4994786 0.8660316 0 0.4999893 0.8651606 0.04492439 0.4994786 -0.4999893 0 0.8660316 -0.4994786 0.04492439 0.8651606 0 0.1290965 0.991632 -0.4958147 0.1290961 0.8587793 0.1429212 0.9862876 -0.0825238 0.1650473 0.9862856 0 0.1429212 0.9862876 0.0825238 0.0825238 0.9862876 0.1429212 0 0.9862856 0.1650473 -0.0825238 0.9862876 0.1429212 -0.0825238 0.9862876 0.1429212 -0.0825238 0.9862876 0.1429212 -0.1429212 0.9862876 0.0825238 -0.1650473 0.9862856 0 -0.1429212 0.9862876 -0.0825238 -0.0825238 0.9862876 -0.1429212 -0.4873581 0.2234602 -0.8441253 -0.8441253 0.2234602 -0.4873581 -0.4969776 0.1097172 -0.8607992 -0.4999051 0.01806739 -0.8658918 -0.8657759 -0.02417141 -0.4998477 -0.4998477 -0.02417141 -0.8657759 -0.8607992 0.1097172 -0.4969776 -0.8658918 0.01806739 -0.4999051 -0.8441253 0.2234602 -0.4873581 -0.9747132 0.2234595 0 -0.8607992 0.1097172 -0.4969776 -0.8658918 0.01806739 -0.4999051 -0.9997078 -0.02417097 0 -0.8657759 -0.02417141 -0.4998477 -0.8607992 0.1097172 -0.4969776 -0.9939631 0.1097147 0 -0.8642587 0.06393891 -0.4989677 -0.9998368 0.01806732 0 -0.8658918 0.01806739 -0.4999051 -0.8441253 0.2234602 0.4873581 -0.8657759 -0.02417141 0.4998477 -0.8607992 0.1097172 0.4969776 -0.8658918 0.01806739 0.4999051 -0.4873581 0.2234602 0.8441253 -0.4998477 -0.02417141 0.8657759 -0.4969776 0.1097172 0.8607992 -0.4999051 0.01806739 0.8658918 -0.4873581 0.2234602 0.8441253 0 0.2234595 0.9747132 -0.4969776 0.1097172 0.8607992 -0.4999051 0.01806739 0.8658918 0 -0.02417097 0.9997078 -0.4998477 -0.02417141 0.8657759 -0.4969776 0.1097172 0.8607992 0 0.1097147 0.9939631 -0.4989677 0.06393891 0.8642587 0 0.01806732 0.9998368 -0.4999051 0.01806739 0.8658918 0.4873581 0.2234602 0.8441253 0.4998477 -0.02417141 0.8657759 0.4969776 0.1097172 0.8607992 0.4999051 0.01806739 0.8658918 0.8441253 0.2234602 0.4873581 0.8657759 -0.02417141 0.4998477 0.8607992 0.1097172 0.4969776 0.8658918 0.01806739 0.4999051 0.8441253 0.2234602 0.4873581 0.9747132 0.2234595 0 0.8607992 0.1097172 0.4969776 0.8658918 0.01806739 0.4999051 0.9997078 -0.02417097 0 0.8657759 -0.02417141 0.4998477 0.8607992 0.1097172 0.4969776 0.9939631 0.1097147 0 0.8642587 0.06393891 0.4989677 0.9998368 0.01806732 0 0.8658918 0.01806739 0.4999051 0.8441253 0.2234602 -0.4873581 0.8657759 -0.02417141 -0.4998477 0.8607992 0.1097172 -0.4969776 0.8658918 0.01806739 -0.4999051 0.8441253 0.2234602 -0.4873581 0.4873581 0.2234602 -0.8441253 0.4969776 0.1097172 -0.8607992 0.8658918 0.01806739 -0.4999051 0.4998477 -0.02417141 -0.8657759 0.8657759 -0.02417141 -0.4998477 0.4969776 0.1097172 -0.8607992 0.8642587 0.06393891 -0.4989677 0.4989677 0.06393891 -0.8642587 0.4999051 0.01806739 -0.8658918 0.8658918 0.01806739 -0.4999051 0 0.2234595 -0.9747132 0 0.1097147 -0.9939631 0 0.01806732 -0.9998368 0 -0.02417097 -0.9997078 0.4969776 0.1097172 -0.8607992 0 0.1097147 -0.9939631 0 0.06393815 -0.9979539 0 0.01806732 -0.9998368 0 0.01806732 -0.9998368 0 -0.02417097 -0.9997078 -0.8660316 0 -0.4999893 -0.8651606 0.04492439 -0.4994786 0 1 0 0 1 0 -0.8587793 0.1290961 0.4958147 -0.8587793 0.1290961 0.4958147 -0.8587793 0.1290961 0.4958147 -0.8587793 0.1290961 0.4958147 -0.991632 0.1290965 0 -0.991632 0.1290965 0 -0.8587793 0.1290961 -0.4958147 -0.8587793 0.1290961 -0.4958147 -0.8587793 0.1290961 -0.4958147 -0.8587793 0.1290961 -0.4958147 -0.4958147 0.1290961 -0.8587793 -0.4958147 0.1290961 -0.8587793 0 0.1290965 -0.991632 0 0.1290965 -0.991632 0 0.1290965 -0.991632 0 0.1290965 -0.991632 0.4958147 0.1290961 -0.8587793 0.4958147 0.1290961 -0.8587793 0.4958147 0.1290961 -0.8587793 0.4958147 0.1290961 -0.8587793 0.8587793 0.1290961 -0.4958147 0.8587793 0.1290961 -0.4958147 0.8587793 0.1290961 -0.4958147 0.8587793 0.1290961 -0.4958147 0.991632 0.1290965 0 0.991632 0.1290965 0 0.8587793 0.1290961 0.4958147 0.8587793 0.1290961 0.4958147 0.8587793 0.1290961 0.4958147 0.8587793 0.1290961 0.4958147 0.4958147 0.1290961 0.8587793 0.4958147 0.1290961 0.8587793 0 0.1290965 0.991632 0 0.1290965 0.991632 0 0.2234595 -0.9747132 0 0.1097147 -0.9939631 0 0.04492451 -0.9989904 -0.482814 0.2599322 -0.836257 0 0.2599319 -0.965627 -0.8558426 0.1529609 -0.4941016 -0.836257 0.2599322 -0.482814 -0.482814 0.2599322 -0.836257 -0.965627 0.2599319 0 -0.836257 0.2599322 0.482814 -0.482814 0.2599322 0.836257 -0.4941016 0.1529609 0.8558426 0 0.2599319 0.965627 -0.482814 0.2599322 0.836257 0.482814 0.2599322 0.836257 0.836257 0.2599322 0.482814 0.8558426 0.1529609 0.4941016 0.965627 0.2599319 0 0.836257 0.2599322 0.482814 0.836257 0.2599322 -0.482814 0.8558426 0.1529609 -0.4941016 0.482814 0.2599322 -0.836257 0.836257 0.2599322 -0.482814 0 0.1529607 -0.9882323 0 0.2599319 -0.965627 -0.2588022 0 -0.9659303 0.7071068 0 -0.7071068 -0.2588022 0 -0.9659303  
			<Tangents>: 334 -0.9659303 -1.043201E-08 -0.2588022 -0.7071068 1.330999E-08 0.7071068 -0.4999893 6.64939E-08 0.8660316 0 5.484712E-08 1 0.4999893 2.916955E-08 0.8660316 0.8660316 4.976509E-09 0.4999893 1 2.85332E-09 0 0.8660316 -1.28648E-08 -0.4999893 0.4999893 -6.649392E-08 -0.8660316 0 -5.484713E-08 -1 -0.4999893 -1.492962E-08 -0.8660316 -0.9659303 -1.934765E-08 -0.2588022 -1 9.12099E-09 -3.789093E-10 -0.8660259 -3.424807E-08 0.4999992 -0.4995685 -0.01111122 0.8662031 -6.788522E-06 0.0001634113 1 0.5000051 -0.0001634461 0.8660225 0.8662031 -0.01111121 0.4995685 1 8.231887E-05 3.419736E-06 0.8660225 -0.000163435 -0.5000051 0.4995685 -0.01111119 -0.8662031 -6.787775E-06 -0.0001633933 -1 -0.5003681 -0.01111126 -0.8657415 -0.8659025 0.005339485 -0.5001842 -0.9999863 -0.0008637452 -0.005161549 -0.8615396 0.001482232 0.5076883 -0.505443 -0.001046451 0.8628594 -0.001296785 -0.0002170069 0.9999991 0.5022342 0.0004248279 0.8647315 0.9632797 0.04217383 0.2651669 0.9999966 0.0004318148 -0.002580429 0.8666663 -0.0002219138 -0.4988883 0.4966942 0.0006452117 -0.8679254 0.003814712 -0.0006383625 -0.9999925 -0.5000004 -7.120455E-06 -0.8660252 -0.8672995 0.0004345472 -0.4977865 -0.9999952 -0.003084801 7.460509E-05 -0.9982122 -0.05825744 -0.01335591 -0.9999883 0.004840278 8.744916E-05 -0.9998533 0.01709461 0.001095223 -0.9995682 0.02920785 0.003224025 -0.8659258 0.0008578291 0.5001717 -0.866029 -1.715528E-07 0.4999938 -0.8660276 4.685005E-07 0.4999962 -0.8660308 6.740643E-07 0.4999908 -0.8660331 2.746962E-07 0.4999867 -0.5106743 -0.05825718 0.8577983 -0.4998477 -0.006474503 0.8660891 -0.5025725 -0.02920907 0.8640414 -0.5008659 -0.01709555 0.865356 -0.5000566 -0.004840599 0.8659792 9.911633E-05 0.0004323377 0.9999999 -2.30274E-06 9.52146E-05 1 -4.766497E-05 -0.0004318178 0.9999999 8.114264E-06 0.0001266501 1 -2.649961E-06 -0.0001466744 1 0.4999157 -0.0004327303 0.866074 0.4999957 -9.539072E-05 0.8660278 0.5000509 0.0005734476 0.8659958 0.4999908 6.832253E-07 0.8660308 0.499989 0.0001469556 0.8660318 0.8577983 -0.05825709 0.5106743 0.8660891 -0.006474494 0.4998477 0.8640415 -0.02920901 0.5025725 0.865356 -0.01709554 0.5008659 0.8659792 -0.004840592 0.5000566 1 -4.399424E-08 1.008598E-08 1 4.796622E-05 1.16005E-06 0.9999999 -0.0004276325 4.720299E-05 0.9999999 0.0002514205 -1.610809E-05 1 -3.112922E-09 5.624107E-11 0.866074 -0.0004327848 -0.4999157 0.8660278 -9.538582E-05 -0.4999957 0.8660117 0.0002869469 -0.5000236 0.8660347 -0.0001241242 -0.4999838 0.8660331 2.742961E-07 -0.4999867 0.5106743 -0.05825722 -0.8577983 0.4998477 -0.006474482 -0.8660891 0.5025725 -0.02920907 -0.8640414 0.5008659 -0.01709556 -0.865356 0.5000566 -0.004840596 -0.8659792 -9.763688E-05 0.0004258845 -0.9999999 -2.302483E-06 -9.5204E-05 -1 -1.588287E-05 0.0001438898 -1 -1.610669E-05 0.0002513985 -0.9999999 3.975198E-06 -0.0002200257 -1 -0.487541 -0.05825808 -0.8711542 -0.5001189 -0.006474854 -0.8659326 -0.4999825 -0.0001435201 -0.8660355 -0.499658 -0.005842302 -0.8662031 -0.4999051 -0.004840006 -0.8660667 -0.8659748 -0.0004320306 -0.5000873 -0.8660296 -4.777833E-05 -0.4999928 -0.8664272 0.007712708 -0.4992438 -0.865356 -0.01709559 -0.5008659 -0.8660318 -0.0001405867 -0.4999889 -0.9994023 0.03428138 -0.004462948 -0.7071069 0 -0.7071067 -0.7071068 0 -0.7071068 -0.7071066 0 -0.7071069 -0.7071065 0 -0.707107 -0.7071065 0 -0.707107 -0.7071054 0 -0.7071082 -0.7071066 0 -0.7071069 -0.7071066 0 -0.7071069 -0.7071067 0 -0.7071068 -0.7071068 0 -0.7071068 -0.8660262 2.44789E-07 -0.4999987 -0.9975833 -0.06709216 -0.01806017 -0.9999276 -0.01202446 -0.0005407538 -0.9991611 0.0404694 0.006263918 -0.866037 -8.692126E-05 0.49998 -0.8658915 0.000988908 0.5002309 -0.8660565 -0.0002930343 0.499946 -0.4994789 0.01202359 0.8662426 -0.5144328 -0.06709187 0.8549021 -0.504991 -0.04047215 0.8621752 3.139462E-09 6.981247E-08 1 0.000134111 0.0004982119 0.9999999 4.953743E-09 3.200467E-08 1 0.4999799 -8.818739E-05 0.866037 0.4998844 -0.0004983489 0.866092 0.4999454 -0.0002974357 0.8660569 0.8662426 0.0120235 0.4994789 0.8549021 -0.06709187 0.5144328 0.8621752 -0.04047218 0.504991 1 8.907141E-05 -4.005643E-06 1 -4.009484E-08 1.079291E-08 0.9999999 0.0003000033 -4.643498E-05 0.866035 8.460224E-07 -0.4999834 0.866092 -0.0004984253 -0.4998843 0.8660337 2.49741E-06 -0.4999857 0.4994789 0.0120234 -0.8662426 0.5144328 -0.06709191 -0.8549021 0.5049911 -0.04047227 -0.8621752 4.079685E-09 -9.071973E-08 -1 -0.0001320919 0.0004907113 -0.9999999 1.054548E-08 -6.813137E-08 -1 -0.5004155 0.01202532 -0.8657019 -0.4831516 -0.0670925 -0.8729623 -0.4941415 -0.0404668 -0.8684392 -0.866035 -9.053985E-07 -0.4999834 -0.8659579 -0.0004981275 -0.5001166 -0.8660337 -2.630473E-06 -0.4999857 -0.487541 0.05825804 0.8711542 -0.4831517 0.0670922 0.8729622 0.8711542 0.05825798 0.487541 0.8729622 0.06709224 0.4831516 0.487541 0.0582579 -0.8711542 0.4831517 0.06709213 -0.8729622 -0.5106742 0.058257 -0.8577983 -0.5144328 0.06709185 -0.8549021 -0.9982122 0.05825743 0.01335591 -0.9975833 0.06709212 0.01806016 -0.4998477 0.006474511 -0.8660891 -0.4995685 0.01111124 -0.8662031 0.5001189 0.006474873 -0.8659326 0.5003681 0.0111113 -0.8657415 0.8659326 0.006474867 0.5001189 0.8657415 0.01111128 0.5003681 -0.5001189 0.006474867 0.8659326 -0.5003681 0.01111128 0.8657415 -0.8662031 -0.0111112 -0.4995685 -0.999979 0.00647457 -0.0001565858 -0.9999863 -0.0008637371 -0.0051615 -0.8672994 0.0004345305 -0.4977866 -0.4999893 -4.319998E-08 -0.8660316 -0.4994789 -0.01202356 -0.8662426 0.4999893 -3.24002E-08 -0.8660316 0.5004155 -0.01202539 -0.8657019 0.8660316 3.24002E-08 0.4999893 0.8657019 -0.01202532 0.5004155 -0.9994023 0.03428137 -0.004462947 -0.8660262 2.450045E-07 -0.4999987 -0.5000005 -7.092649E-06 -0.8660251 0.003814692 -0.0006383591 -0.9999925 0.4966942 0.0006452021 -0.8679253 0.8666663 -0.0002218998 -0.4988883 0.9999966 0.0004318222 -0.002580473 0.9632797 0.04217383 0.2651669 0.7112801 -0.04216028 0.7016432 0.71128 -0.04216028 0.7016432 0.5022342 0.0004248208 0.8647316 -0.001296807 -0.0002170106 0.9999991 -0.505443 -0.001046448 0.8628594 -0.8615396 0.00148222 0.5076882 -0.8660899 -0.0005726225 0.4998879 -0.5106743 -0.05825718 0.8577983 -0.8660433 -0.0002860225 0.4999688 -0.8660331 2.773623E-07 0.4999867 -0.5001189 0.006474874 0.8659326 -0.866029 -1.72764E-07 0.4999938 -0.5025725 -0.02920908 0.8640414 -0.5000566 -0.004840597 0.8659792 -0.487541 0.05825808 0.8711542 -0.0001977272 -0.0008624705 0.9999996 -0.4969881 0.02920806 0.8672656 -0.4999051 0.004840004 0.8660667 -4.745069E-06 0.000196201 1 -0.4998477 -0.006474503 0.8660891 -0.4969881 0.02920804 0.8672656 2.389432E-05 0.0002164691 1 -0.4989689 0.01709409 0.8664513 6.478007E-07 3.585553E-05 1 -0.4999051 0.004840004 0.8660667 0.5002284 0.001143951 0.8658928 0.4999979 -0.0001963801 0.8660266 0.4999962 4.7835E-07 0.8660276 0.4999867 2.785086E-07 0.8660331 0.8577983 -0.05825709 0.5106743 0.8659326 0.006474867 0.5001189 0.8640415 -0.02920901 0.5025725 0.8659792 -0.004840592 0.5000566 0.8711542 0.05825795 0.487541 0.9999996 -0.0008541031 0.0001958089 0.8672656 0.02920798 0.4969881 0.8660667 0.004839997 0.4999051 1 4.611151E-09 1.115195E-10 0.8660891 -0.006474494 0.4998477 0.8672656 0.02920799 0.4969881 0.9999999 0.0004296931 -4.743045E-05 0.8664513 0.01709408 0.4989689 1 7.117876E-05 -1.285984E-06 0.8660667 0.004839998 0.4999051 0.8659588 0.0005717154 -0.500115 0.866029 -1.689715E-07 -0.4999938 0.8660393 -0.0002128299 -0.4999758 0.8660334 -3.505632E-05 -0.4999861 0.5106743 -0.05825721 -0.8577983 0.5001189 0.006474872 -0.8659326 0.5025725 -0.02920905 -0.8640415 0.5000566 -0.004840597 -0.8659792 0.487541 0.05825789 -0.8711542 -6.588821E-05 0.0002873992 -0.9999999 0.4969881 0.02920795 -0.8672656 0.4999051 0.004839987 -0.8660667 7.118012E-06 0.0002943183 -0.9999999 0.4998477 -0.006474482 -0.8660891 0.4969881 0.02920795 -0.8672656 -4.742682E-05 0.0004296603 -0.9999999 0.4989689 0.01709405 -0.8664513 -1.285868E-06 7.117231E-05 -1 0.4999051 0.004839985 -0.8660667 -0.4968182 -0.01570686 -0.8677125 -0.4998477 0.006474508 -0.8660891 -0.4999551 -0.0004293087 -0.8660512 -0.4999051 -0.004840006 -0.8660667 -0.5106742 0.05825694 -0.8577983 -0.8661221 0.0008543635 -0.4998318 -0.8640414 -0.02920911 -0.5025725 -0.5000566 0.004840583 -0.8659792 -0.8660267 0.0001878599 -0.4999977 -0.5001189 -0.006474854 -0.8659326 -0.8640414 -0.02920911 -0.5025725 -0.5008659 0.0170955 -0.865356 -0.8662043 0.005889971 -0.4996552 -0.8660334 3.556627E-05 -0.4999861 -0.5000566 0.004840582 -0.8659792 -0.9982122 -0.05825744 -0.01335591 -0.9995682 -0.02920789 -0.00322403 -0.9999883 -0.004840287 -8.744932E-05 -0.999979 0.006474575 -0.0001565859 -0.8672656 0.02920796 -0.4969881 -0.9995682 -0.02920791 -0.003224032 -0.9998533 -0.01709464 -0.001095225 -0.9999883 -0.004840286 -8.74493E-05 -0.9999883 0.004840275 8.744909E-05 -0.999979 -0.006474559 0.0001565855 -0.4999893 3.240019E-08 0.8660316 -0.5004155 -0.01202532 0.8657019 -0.7071066 0 -0.707107 -0.7071073 0 -0.7071062 -0.5035648 -0.03428141 -0.8632771 -0.5035648 -0.03428141 -0.8632771 -0.4958347 0.03428115 -0.86774 -0.4958347 0.03428115 -0.86774 8.588518E-09 6.597126E-08 -1 7.155124E-09 5.496088E-08 -1 0.4958348 -0.03428101 -0.86774 0.4958347 -0.03428103 -0.86774 0.5035648 0.03428153 -0.863277 0.5035648 0.03428154 -0.863277 0.8660094 -0.0002580416 -0.5000277 0.8660094 -0.0002580575 -0.5000277 0.9994023 -0.03428127 -0.004462934 0.9994023 -0.03428129 -0.004462936 0.9994023 0.03428135 0.004462943 0.9994023 0.03428131 0.004462938 0.86774 -0.03428105 0.4958347 0.86774 -0.03428101 0.4958348 0.863277 0.03428147 0.5035648 0.863277 0.03428146 0.5035648 0.5035648 -0.03428146 0.8632771 0.5035648 -0.03428145 0.8632771 0.4958347 0.03428105 0.86774 0.4958347 0.03428109 0.86774 8.432698E-10 -6.477435E-09 1 3.946411E-10 -3.031369E-09 1 -0.4958347 -0.03428108 0.86774 -0.4958347 -0.03428104 0.86774 -0.5035648 0.03428144 0.8632771 -0.5035648 0.03428145 0.8632771 -0.8660262 -2.083863E-07 0.4999987 -0.8660262 -2.07251E-07 0.4999987 -0.9994023 -0.03428134 0.004462942 -0.9994023 -0.03428132 0.00446294 -0.9982123 0.05825739 0.0133559 -0.9995682 0.02920786 0.003224026 -0.9999276 0.01202446 0.0005407538 -0.8670239 -0.007621696 0.4982083 -0.9975833 0.06709202 0.01806014 -0.4974516 0.01826496 0.8672994 -0.5000006 1.901079E-07 0.8660251 -0.8549021 0.06709183 0.5144328 1.77526E-09 6.594953E-09 1 0.4998844 -0.0004983037 0.866092 0.8549021 -0.06709188 0.5144328 0.8684392 0.04046672 0.4941415 0.9999999 0.0004981408 -0.0001340918 0.8729622 0.06709223 0.4831516 0.8660251 -2.661339E-07 -0.5000005 0.5144328 -0.0670919 -0.8549021 0.4941415 0.04046658 -0.8684391 1.738176E-08 -6.45719E-08 -1 0.4831517 0.06709202 -0.8729622 -0.4831516 -0.06709255 -0.8729623 -0.504991 0.04047201 -0.8621752 -0.8660251 1.269605E-07 -0.5000006 -0.5144327 0.06709161 -0.8549021 -0.9991611 -0.0404695 -0.006263934 -0.9975833 -0.06709219 -0.01806018 -0.9659303 4.806953E-09 0.2588022 -0.7071068 -1.934755E-08 -0.7071068 -0.9659303 1.329611E-08 0.2588022  
			<BiTangents>: 334 -1.00766E-08 1 -2.699828E-09 9.411588E-09 1 -9.411588E-09 3.324624E-08 1 -5.758582E-08 0 1 -5.484712E-08 -1.458446E-08 1 -2.526175E-08 -4.309814E-09 1 -2.488201E-09 -2.85332E-09 1 0 1.114133E-08 1 -6.432264E-09 3.324624E-08 1 -5.758583E-08 0 1 -5.484713E-08 -7.464651E-09 1 -1.292952E-08 -1.868848E-08 1 -5.007214E-09 -9.128857E-09 -0.9991382 0.04150614 0.02075304 -0.9991382 0.03594532 0.0415035 -0.9990765 0.01112082 0.04150614 -0.9991382 0.0001635522 0.03586354 -0.9991382 -0.02089467 0.01112083 -0.9990765 -0.0415035 8.238987E-05 -0.9991382 -0.04150614 -0.02089467 -0.9991382 -0.03586354 -0.04150349 -0.9990765 -0.01112084 -0.04150614 -0.9991382 0.0001635342 -0.0303827 -0.9990765 0.03038266 -0.02538083 -0.999124 0.03327278 0.005233321 -0.165045 -0.9862722 -0.5009385 -0.1650287 -0.8496035 -0.8509412 -0.165032 -0.4986618 -0.9862848 -0.1650471 -0.001314817 -0.852839 -0.1650348 0.4954081 -0.2555033 -0.1595557 0.9535513 0.00261631 -0.1650467 0.9862823 0.4920157 -0.1650352 0.8548006 0.8560774 -0.1650341 0.4897911 0.9862783 -0.165046 0.003867756 0.8541505 -0.1650353 -0.4931431 0.4908986 -0.1650348 -0.8554426 0.003085703 -0.9997031 0.02417086 -0.0597688 0.9729707 0.22306 -0.004841068 -0.9998251 -0.0180671 -0.01712966 -0.9978074 -0.06392877 -0.02938525 -0.9935339 -0.1096673 0.1124926 0.9747127 0.1930819 0.0120857 -0.9997078 0.02093306 -0.05485858 -0.9939628 -0.09501787 -0.03196945 -0.9979538 -0.05537273 -0.009033691 -0.9998368 -0.01564682 0.1632917 0.9729705 0.1632918 0.02417086 -0.9996868 0.006476555 -0.08028394 -0.9935336 -0.08028399 -0.04679979 -0.9978074 -0.0467998 -0.01322614 -0.9998251 -0.01322615 0.2234595 0.9747131 -0.0004435538 0.02417097 -0.9997078 9.524244E-05 -0.1097147 -0.993963 -0.0004344405 -0.06393815 -0.9979539 0.0001269098 -0.01806732 -0.9998368 -0.0001466983 0.193744 0.974713 -0.111346 0.02088544 -0.9997078 -0.01216819 -0.09472964 -0.9939627 0.0553578 -0.05537272 -0.9979538 0.03196945 -0.01557347 -0.9998368 0.009160742 0.1632917 0.9729705 -0.1632917 0.006476562 -0.9996868 -0.02417086 -0.08028393 -0.9935336 0.08028397 -0.04679979 -0.9978074 0.0467998 -0.01322614 -0.9998251 0.01322615 4.513558E-08 0.9747132 -0.2234595 4.798024E-05 -0.9997078 -0.02417097 -0.0004302298 -0.993963 0.1097147 0.0002519359 -0.9979538 0.06393814 -3.11343E-09 -0.9998368 0.01806732 -0.1113459 0.974713 -0.193744 -0.01216819 -0.9997078 -0.02088544 0.05510819 -0.9939628 0.09487376 0.03186115 -0.9979538 0.05543525 0.009033691 -0.9998368 0.01564682 -0.1632917 0.9729705 -0.1632918 -0.02417085 -0.9996868 -0.006476573 0.08028394 -0.9935336 0.08028398 0.04679979 -0.9978074 0.04679981 0.01322614 -0.9998251 0.01322615 -0.2234595 0.9747131 0.0004369331 -0.02417097 -0.9997078 9.523184E-05 0.1097147 -0.9939631 -0.0001447638 0.06393814 -0.9979538 -0.0002519139 0.01806732 -0.9998368 0.0002200616 -0.2230609 0.9729705 0.05976889 -0.01769437 -0.9996868 0.01769435 0.09509031 -0.9939628 -0.05473313 0.0582992 -0.9979367 -0.02689833 0.0180671 -0.999825 -0.004841058 -0.1121143 0.974713 0.1933004 -0.01204417 -0.9997078 0.02095704 0.04813653 -0.9939329 -0.09889499 0.04679983 -0.9978074 -0.04679978 0.009155226 -0.9998368 -0.01557665 -0.03457067 -0.9910393 0.1290193 0.7071067 0 -0.7071069 0.7071068 0 -0.7071068 0.7071069 0 -0.7071066 0.707107 0 -0.7071065 0.707107 0 -0.7071065 0.7071082 0 -0.7071054 0.7071069 0 -0.7071066 0.7071069 0 -0.7071066 0.7071068 0 -0.7071067 0.7071068 0 -0.7071068 -0.06454811 -0.9916321 0.1118005 -0.06948041 0.9632934 0.2593037 -0.01203661 0.998918 0.04492125 0.0409513 0.9874033 0.1528324 0.02238609 0.9989904 0.03894959 0.1308531 0.9656264 0.2245956 0.07622141 0.9882322 0.1326176 0.04492095 0.9989181 0.01203645 0.1898237 0.9632933 0.1898237 0.1118818 0.9874032 0.1118817 0.04492451 0.9989904 -6.988302E-08 0.2599319 0.9656268 -0.0005159466 0.1529607 0.9882323 -3.238577E-08 0.03895023 0.9989904 -0.022385 0.2253658 0.9656268 -0.1295193 0.1326198 0.9882322 -0.07621755 0.01203652 0.9989181 -0.0449209 0.1898237 0.9632933 -0.1898237 0.1118817 0.9874032 -0.1118817 -8.916143E-05 0.9989904 -0.04492451 4.152207E-08 0.965627 -0.2599319 -0.0003035757 0.9882323 -0.1529607 -0.02246218 0.9989904 -0.03890567 -0.1295192 0.9656268 -0.2253658 -0.0764804 0.9882323 -0.1324681 -0.04492085 0.9989181 -0.01203661 -0.1898236 0.9632933 -0.1898237 -0.1118817 0.9874032 -0.1118818 -0.04492451 0.9989904 -9.081141E-08 -0.2599319 0.9656268 0.000508179 -0.1529607 0.9882323 -6.894267E-08 -0.03288474 0.998918 0.03288469 -0.2593042 0.9632933 0.06948007 -0.152832 0.9874034 0.04095113 -0.02246223 0.9989904 0.03890564 -0.130413 0.9656268 0.2248498 -0.07648052 0.9882323 0.132468 0.2230608 0.9729705 0.05976893 0.259304 0.9632933 0.06948034 0.05976898 0.9729705 -0.2230608 0.0694803 0.9632933 -0.2593041 -0.2230608 0.9729705 -0.05976905 -0.259304 0.9632933 -0.0694804 -0.1632918 0.9729705 0.1632916 -0.1898237 0.9632933 0.1898237 0.0597688 0.9729707 0.22306 0.06948037 0.9632934 0.2593037 -0.02417087 -0.9996868 0.006476548 -0.04150352 -0.9990765 0.0111208 -0.01769436 -0.9996868 -0.01769437 -0.03038268 -0.9990765 -0.0303827 0.01769436 -0.9996868 -0.01769437 0.03038268 -0.9990765 -0.03038269 0.01769437 -0.9996868 0.01769436 0.03038269 -0.9990765 0.03038268 -0.01112084 -0.9990765 0.04150349 -0.006476464 -0.9996869 0.02417047 0.005233271 -0.165045 -0.9862722 0.4908987 -0.1650348 -0.8554426 -2.159953E-08 1 -3.741255E-08 -0.04492093 0.9989181 0.01203648 1.619975E-08 1 -2.80596E-08 -0.0328847 0.998918 -0.03288476 -2.80596E-08 1 -1.619975E-08 0.03288469 0.998918 -0.03288474 -0.03457066 -0.9910393 0.1290193 -0.06454811 -0.9916321 0.1118005 0.8541505 -0.1650353 -0.4931433 0.9862783 -0.165046 0.003867735 0.8560773 -0.1650341 0.4897912 0.4920157 -0.1650352 0.8548005 0.002616354 -0.1650467 0.9862823 -0.2555033 -0.1595557 0.9535513 -0.6980476 -0.1595593 0.6980476 -0.6980476 -0.1595593 0.6980475 -0.852839 -0.1650348 0.4954081 -0.9862848 -0.1650471 -0.001314839 -0.8509412 -0.165032 -0.4986617 -0.5009385 -0.1650287 -0.8496036 -0.1112217 -0.9747129 -0.1938157 -0.1632917 -0.9729705 -0.1632918 -0.05460897 -0.9939628 -0.09516199 -0.009033693 -0.9998368 -0.01564682 0.01769436 -0.9996868 0.01769437 0.0120857 -0.9997078 0.02093306 -0.08028394 -0.9935336 -0.080284 -0.01322614 -0.9998251 -0.01322615 -0.2230609 -0.9729705 -0.05976889 -0.2234595 -0.9747128 -0.0008848454 -0.1096697 -0.9935336 -0.02938586 -0.0180671 -0.999825 -0.004841059 0.02417097 -0.9997078 0.0001962583 0.02417086 -0.9996868 0.006476555 -0.1096697 -0.9935336 -0.02938588 -0.1097147 -0.9939631 0.0002177838 -0.06392935 -0.9978074 -0.01712981 -0.01806732 -0.9998368 3.586138E-05 -0.0180671 -0.999825 -0.004841059 -0.192935 -0.9747124 0.1127468 0.02083493 -0.9997078 -0.01225568 -0.09501787 -0.9939628 0.05485859 -0.01564682 -0.9998368 0.009033695 -0.1632917 -0.9729705 0.1632917 0.01769436 -0.9996868 -0.01769437 -0.08028392 -0.9935336 0.08028397 -0.01322614 -0.9998251 0.01322615 -0.059769 -0.9729705 0.2230608 -0.0008762609 -0.9747128 0.2234595 -0.02938593 -0.9935336 0.1096697 -0.004841065 -0.999825 0.0180671 4.6125E-09 -0.9997078 -0.02417097 0.006476562 -0.9996868 -0.02417086 -0.02938592 -0.9935336 0.1096697 0.0004323029 -0.993963 0.1097147 -0.01712982 -0.9978074 0.06392934 7.119038E-05 -0.9998368 0.01806732 -0.004841065 -0.999825 0.0180671 0.1122384 -0.9747129 0.1932287 -0.0120857 -0.9997078 -0.02093306 0.05467274 -0.9939628 0.09512517 0.009003089 -0.9998368 0.01566449 0.1632917 -0.9729705 0.1632918 -0.01769436 -0.9996868 -0.01769437 0.08028395 -0.9935336 0.08028396 0.01322614 -0.9998251 0.01322615 0.2230608 -0.9729705 0.05976906 0.2234595 -0.9747131 -0.0002948552 0.1096696 -0.9935336 0.02938595 0.0180671 -0.999825 0.004841074 -0.02417097 -0.9997078 -0.0002944044 -0.02417085 -0.9996868 -0.006476573 0.1096696 -0.9935336 0.02938595 0.1097147 -0.993963 -0.0004322699 0.06392933 -0.9978074 0.01712985 0.01806732 -0.9998368 -7.118393E-05 0.01806709 -0.999825 0.004841075 0.2015541 -0.9745865 -0.09776054 -0.02417086 -0.9996868 0.006476551 0.09523407 -0.9939628 -0.05448412 0.0180671 -0.999825 -0.004841058 0.1632918 -0.9729705 -0.1632915 0.1109713 -0.9747127 -0.1939602 0.08028402 -0.9935336 -0.08028392 0.01322615 -0.9998251 -0.01322614 -0.01224829 -0.9997078 0.02083919 -0.01769437 -0.9996868 0.01769435 0.08028402 -0.9935336 -0.08028392 0.04679982 -0.9978074 -0.04679976 0.02685695 -0.9979364 -0.05832306 0.009002646 -0.9998368 -0.01566474 0.01322615 -0.9998251 -0.01322614 0.0597688 -0.9729707 -0.22306 0.02938529 -0.9935339 -0.1096673 0.004841077 -0.9998251 -0.0180671 -0.006476469 -0.9996869 0.02417047 0.02938594 -0.9935336 -0.1096697 0.02938531 -0.9935339 -0.1096673 0.01712969 -0.9978074 -0.06392877 0.004841076 -0.9998251 -0.0180671 -0.004841065 -0.9998251 -0.0180671 0.006476453 -0.9996869 0.02417047 1.619975E-08 1 -2.805959E-08 0.03288473 0.998918 0.03288469 0.707107 0 -0.7071066 0.7071062 0 -0.7071073 -0.09444851 -0.9910393 0.09444844 -0.09444851 -0.9910393 0.09444844 -0.129019 -0.9910393 0.03457041 -0.129019 -0.9910393 0.03457041 -0.1290965 -0.991632 -6.652796E-08 -0.1290965 -0.991632 -5.542467E-08 -0.1290189 -0.9910393 -0.03457053 -0.1290189 -0.9910393 -0.03457051 -0.09444845 -0.9910393 -0.09444854 -0.09444845 -0.9910393 -0.09444856 -0.06477325 -0.991632 -0.1116705 -0.06477327 -0.991632 -0.1116705 -0.03457056 -0.9910393 -0.1290193 -0.03457057 -0.9910393 -0.1290193 0.03457063 -0.9910393 -0.1290193 0.03457059 -0.9910393 -0.1290193 0.0345705 -0.9910393 -0.1290189 0.03457053 -0.9910393 -0.1290189 0.09444849 -0.9910393 -0.09444848 0.09444849 -0.9910393 -0.09444848 0.09444848 -0.9910393 -0.09444848 0.09444849 -0.9910393 -0.09444848 0.1290189 -0.9910393 -0.0345705 0.129019 -0.9910393 -0.03457046 0.1290965 -0.991632 -6.532095E-09 0.1290965 -0.991632 -3.05695E-09 0.1290189 -0.9910393 0.03457047 0.1290189 -0.9910393 0.03457051 0.09444849 -0.9910393 0.09444846 0.09444849 -0.9910393 0.09444848 0.06454808 -0.9916321 0.1118005 0.06454808 -0.9916321 0.1118005 0.03457062 -0.9910393 0.1290193 0.0345706 -0.9910393 0.1290193 -0.05976875 -0.9729707 -0.22306 -0.02938526 -0.9935339 -0.1096673 0.01203661 0.998918 0.04492125 0.1231267 0.9655968 0.2290473 0.06948027 0.9632934 0.2593037 0.1416877 0.9880635 0.06045872 0.2251079 0.9656269 0.1299661 0.1898237 0.9632933 0.1898237 0.2599319 0.965627 -6.829711E-09 0.2253658 0.9656268 -0.1295193 0.1898237 0.9632933 -0.1898236 0.04095119 0.9874034 -0.1528319 -0.0005158729 0.9656268 -0.2599319 0.06948031 0.9632933 -0.259304 -0.129966 0.9656269 -0.2251079 -0.1898236 0.9632933 -0.1898237 -0.1528319 0.9874034 -0.04095133 -0.2599319 0.965627 -6.687044E-08 -0.2593039 0.9632933 -0.06948049 -0.2593042 0.9632933 0.06948002 -0.1118818 0.9874032 0.1118816 -0.1299661 0.9656269 0.2251078 -0.1898238 0.9632933 0.1898235 -0.0409514 0.9874033 0.1528324 -0.06948044 0.9632934 0.2593037 4.643182E-09 1 -1.24405E-09 -1.368079E-08 1 -1.368079E-08 1.284312E-08 1 -3.441063E-09  
			<SubMeshes>: 1
				<SubMesh>: 0 822 11 0 109 11 109 141 115 46 41 115 41 112 118 51 144 118 144 145 121 56 51 121 51 118 124 61 56 124 56 121 127 66 146 127 146 147 130 71 66 130 66 127 133 76 71 133 71 130 136 81 148 136 148 149 139 86 81 139 81 136 42 13 12 42 12 36 108 37 91 108 91 142 142 91 150 142 150 151 112 41 152 112 152 153 92 23 22 92 22 87 154 155 21 154 21 82 82 21 20 82 20 77 156 157 19 156 19 72 72 19 18 72 18 67 67 18 17 67 17 62 158 159 16 158 16 57 57 16 15 57 15 52 52 15 14 52 14 47 160 161 13 160 13 42 36 12 162 163 23 92 164 24 35 164 35 165 10 332 141 10 141 138 9 166 167 9 167 135 8 9 135 8 135 132 7 168 169 7 169 129 6 7 129 6 129 126 5 6 126 5 126 123 4 170 171 4 171 120 3 4 120 3 120 117 2 3 117 2 117 114 172 96 107 172 107 173 165 35 34 165 34 174 174 34 33 174 33 175 175 33 32 175 32 176 176 32 31 176 31 177 177 31 30 177 30 178 178 30 29 178 29 179 180 181 28 180 28 182 182 28 27 182 27 183 183 27 26 183 26 184 184 26 25 184 25 185 185 25 24 185 24 164 40 43 44 40 44 39 39 44 45 39 45 38 186 187 48 186 48 188 189 50 190 189 190 191 43 192 49 43 49 44 44 49 193 44 193 45 194 195 53 194 53 196 197 55 198 197 198 199 200 201 54 200 54 202 202 54 203 202 203 204 195 205 58 195 58 53 55 60 206 55 206 198 201 207 59 201 59 54 54 59 208 54 208 203 205 209 63 205 63 58 60 65 210 60 210 206 207 211 64 207 64 59 59 64 212 59 212 208 213 214 68 213 68 215 216 70 217 216 217 218 219 220 69 219 69 221 221 69 222 221 222 223 214 224 73 214 73 68 70 75 225 70 225 217 220 226 74 220 74 69 69 74 227 69 227 222 224 228 78 224 78 73 75 80 229 75 229 225 226 230 79 226 79 74 74 79 231 74 231 227 232 233 83 232 83 234 235 85 236 235 236 237 238 239 84 238 84 240 240 84 241 240 241 242 233 243 88 233 88 83 85 90 244 85 244 236 239 245 89 239 89 84 84 89 246 84 246 241 247 248 93 243 249 88 250 95 251 250 251 252 245 253 94 245 94 89 254 255 256 254 256 257 248 258 259 248 259 93 95 260 261 95 261 251 262 263 264 262 264 255 255 264 265 255 265 256 266 189 191 266 191 267 1 268 269 1 269 111 270 271 97 97 98 270 98 106 270 98 99 106 99 105 106 99 100 105 100 104 105 100 101 104 101 103 104 101 102 103 173 107 272 173 272 273 274 275 276 274 276 277 277 276 278 277 278 279 280 281 282 280 282 283 283 282 284 283 284 285 286 287 288 286 288 289 290 291 292 290 292 293 294 295 296 294 296 297 297 296 298 297 298 299 300 301 302 300 302 303 303 302 304 303 304 305 306 186 188 306 188 307 111 113 110 111 110 308 113 309 310 113 310 110 269 116 113 269 113 111 311 312 313 116 309 113 117 119 311 117 311 114 119 314 312 119 312 311 120 122 119 120 119 117 122 315 314 122 314 119 171 125 122 171 122 120 125 316 315 125 315 122 126 128 317 126 317 123 128 318 319 128 319 317 129 131 128 129 128 126 131 320 318 131 318 128 169 134 131 169 131 129 134 321 320 134 320 131 135 137 322 135 322 132 137 323 324 137 324 322 167 140 137 167 137 135 140 325 323 140 323 137 141 143 326 141 326 138 143 327 328 143 328 326 109 329 143 109 143 141 329 330 327 329 327 143 331 333 111 331 111 308  
		</Mesh>
		<Materials>: 1
			<Material>: 0
				<AlbedoColor>: 1 1 1 1
				<EmissiveColor>: 0 0 0 0
				<Glossiness>: 0.04
				<Metallic>: 0
				<SpecularHighlight>: 1
				<GlossyReflection>: 1
				<AlbedoMap>: BLD_IndBuilding1_A
				<MetallicMap>: BLD_IndBuilding1_MS
				<NormalMap>: BLD_IndBuilding1_N
				<EmissionMap>: null
				<DetailAlbedoMap>: DET_Concrete1_A
				<DetailNormalMap>: DET_Concrete1_N
		</Materials>
		<Children>: 0
	</Frame>
</Hierarchy>
