<Hierarchy>:
	<Frame>: 0 4 BrickHouse_Door_A
		<Transform>: 0 0 0 0 0 0 1 1 1 0 0 0 1  
		<TransformMatrix>: 1 0 0 0 0 1 0 0 0 0 1 0 0 0 0 1  
		<BoxCollider>: 1 -0.8495358 1.8 -0.0009133145 1.748645 3.6 0.1402016  
		<Mesh>: 533 BrickHouse_Door_A
			<Bounds>: -0.8495358 1.8 -0.01175174 0.8743225 1.8 0.1748732
			<Positions>: 533 0.000324117 0.1840877 -0.02870342 0.000324117 0.6515818 -0.02870344 -0.02413844 0.1840877 -0.01457995 -0.02413844 0.6515818 -0.01457997 -0.02413844 0.1840877 0.01366697 -0.02413844 0.6515818 0.01366695 0.0003241189 0.1840877 0.02779043 0.0003241189 0.6515818 0.02779041 0.02478668 0.1840877 0.01366697 0.02478668 0.6515818 0.01366695 0.02478668 0.1840877 -0.01457995 0.02478668 0.6515818 -0.01457997 0.000324117 2.626194 -0.02870352 0.000324117 3.093688 -0.02870354 -0.02413844 2.626194 -0.01458006 -0.02413844 3.093688 -0.01458008 -0.02413844 2.626194 0.01366687 -0.02413844 3.093688 0.01366685 0.0003241189 2.626194 0.02779033 0.0003241189 3.093688 0.02779031 0.02478668 2.626194 0.01366687 0.02478668 3.093688 0.01366685 0.02478668 2.626194 -0.01458006 0.02478668 3.093688 -0.01458008 -1.522122 1.418737 0.09534219 -1.502131 1.402331 0.06003049 -1.547858 1.416202 0.09534219 -1.499596 1.376594 0.06003049 -1.564264 1.396211 0.09534219 -1.516002 1.356603 0.06003049 -1.561729 1.370475 0.09534219 -1.541739 1.354069 0.06003049 -1.541739 1.354069 0.09534219 -1.561729 1.370475 0.06003049 -1.516002 1.356603 0.09534219 -1.564264 1.396211 0.06003049 -1.499596 1.376594 0.09534219 -1.547858 1.416202 0.06003049 -1.502131 1.402331 0.09534219 -1.522122 1.418737 0.06003049 -1.521833 1.405293 0.1631215 -1.515373 1.399991 0.1631215 -1.511433 1.39262 0.1631215 -1.510614 1.384303 0.1631215 -1.51304 1.376306 0.1631215 -1.518342 1.369846 0.1631215 -1.525712 1.365906 0.1631215 -1.53403 1.365087 0.1631215 -1.542027 1.367513 0.1631215 -1.548487 1.372815 0.1631215 -1.552427 1.380185 0.1631215 -1.553246 1.388502 0.1631215 -1.55082 1.3965 0.1631215 -1.545518 1.40296 0.1631215 -1.538148 1.406899 0.1631215 -1.529831 1.407718 0.1631215 -1.528237 1.423902 0.1570571 -1.542868 1.422461 0.1570571 -1.555835 1.41553 0.1570571 -1.565162 1.404165 0.1570571 -1.56943 1.390096 0.1570571 -1.567988 1.375464 0.1570571 -1.561058 1.362498 0.1570571 -1.549693 1.353171 0.1570571 -1.535623 1.348903 0.1570571 -1.520992 1.350344 0.1570571 -1.508026 1.357275 0.1570571 -1.498699 1.36864 0.1570571 -1.494431 1.382709 0.1570571 -1.495872 1.397341 0.1570571 -1.502802 1.410307 0.1570571 -1.514168 1.419634 0.1570571 -1.526781 1.438686 0.106318 -1.547767 1.43861 0.1353939 -1.547181 1.436677 0.106318 -1.56654 1.428575 0.1353939 -1.565259 1.427014 0.106318 -1.580044 1.41212 0.1353939 -1.578263 1.411168 0.1063181 -1.586224 1.39175 0.1353939 -1.584214 1.391552 0.1063181 -1.584137 1.370566 0.1353939 -1.582204 1.371152 0.1063181 -1.574103 1.351793 0.1353939 -1.572541 1.353074 0.1063181 -1.557648 1.338288 0.1353939 -1.556696 1.34007 0.1063181 -1.537278 1.332109 0.1353939 -1.537079 1.334119 0.1063181 -1.516093 1.334196 0.1353939 -1.51668 1.336128 0.1063181 -1.49732 1.34423 0.1353939 -1.498601 1.345791 0.1063181 -1.483816 1.360685 0.1353939 -1.485597 1.361637 0.1063181 -1.477637 1.381055 0.1353939 -1.479647 1.381253 0.1063181 -1.479723 1.40224 0.1353939 -1.481656 1.401653 0.1063181 -1.489758 1.421013 0.1353939 -1.491319 1.419731 0.1063181 -1.506213 1.434517 0.1353939 -1.507165 1.432736 0.106318 -1.526583 1.440696 0.1353939 -1.522122 1.418737 -0.1188457 -1.502131 1.402331 -0.08353397 -1.547858 1.416202 -0.1188457 -1.499596 1.376594 -0.08353397 -1.564264 1.396211 -0.1188457 -1.516002 1.356603 -0.08353397 -1.561729 1.370475 -0.1188457 -1.541739 1.354069 -0.08353397 -1.541739 1.354069 -0.1188457 -1.561729 1.370475 -0.08353397 -1.516002 1.356603 -0.1188457 -1.564264 1.396211 -0.08353397 -1.499596 1.376594 -0.1188457 -1.547858 1.416202 -0.08353397 -1.502131 1.402331 -0.1188457 -1.522122 1.418737 -0.08353397 -1.521833 1.405293 -0.186625 -1.515373 1.399991 -0.186625 -1.511433 1.39262 -0.186625 -1.510614 1.384303 -0.186625 -1.51304 1.376306 -0.186625 -1.518342 1.369846 -0.186625 -1.525712 1.365906 -0.186625 -1.53403 1.365087 -0.186625 -1.542027 1.367513 -0.186625 -1.548487 1.372815 -0.186625 -1.552427 1.380185 -0.186625 -1.553246 1.388502 -0.186625 -1.55082 1.3965 -0.186625 -1.545518 1.40296 -0.186625 -1.538148 1.406899 -0.186625 -1.529831 1.407718 -0.186625 -1.528237 1.423902 -0.1805606 -1.542868 1.422461 -0.1805606 -1.555835 1.41553 -0.1805606 -1.565162 1.404165 -0.1805606 -1.56943 1.390096 -0.1805606 -1.567988 1.375464 -0.1805606 -1.561058 1.362498 -0.1805606 -1.549693 1.353171 -0.1805606 -1.535623 1.348903 -0.1805606 -1.520992 1.350344 -0.1805606 -1.508026 1.357275 -0.1805606 -1.498699 1.36864 -0.1805606 -1.494431 1.382709 -0.1805606 -1.495872 1.397341 -0.1805606 -1.502802 1.410307 -0.1805606 -1.514168 1.419634 -0.1805606 -1.526781 1.438686 -0.1298215 -1.547767 1.43861 -0.1588974 -1.547181 1.436677 -0.1298215 -1.56654 1.428575 -0.1588974 -1.565259 1.427014 -0.1298215 -1.580044 1.41212 -0.1588974 -1.578263 1.411168 -0.1298215 -1.586224 1.39175 -0.1588974 -1.584214 1.391552 -0.1298215 -1.584137 1.370566 -0.1588974 -1.582204 1.371152 -0.1298215 -1.574103 1.351793 -0.1588974 -1.572541 1.353074 -0.1298215 -1.557648 1.338288 -0.1588974 -1.556696 1.34007 -0.1298215 -1.537278 1.332109 -0.1588974 -1.537079 1.334119 -0.1298215 -1.516093 1.334196 -0.1588974 -1.51668 1.336128 -0.1298215 -1.49732 1.34423 -0.1588974 -1.498601 1.345791 -0.1298215 -1.483816 1.360685 -0.1588974 -1.485597 1.361637 -0.1298215 -1.477637 1.381055 -0.1588974 -1.479647 1.381253 -0.1298215 -1.479723 1.40224 -0.1588974 -1.481656 1.401653 -0.1298215 -1.489758 1.421013 -0.1588974 -1.491319 1.419731 -0.1298215 -1.506213 1.434517 -0.1588974 -1.507165 1.432736 -0.1298215 -1.526583 1.440696 -0.1588974 -1.457273 1.134259 0.01073701 -1.454343 1.137506 0.01073701 -1.454343 1.488738 0.010737 -1.457273 1.491985 0.01073699 -1.603933 1.137506 0.01073701 -1.601002 1.134259 0.01073701 -1.601002 1.491985 0.01073699 -1.603933 1.488738 0.010737 -1.457273 1.134259 0.06797874 -1.454343 1.137506 0.06797874 -1.46243 1.146467 0.07744749 -1.465361 1.14322 0.07744749 -1.454343 1.488738 0.06797872 -1.457273 1.491985 0.06797872 -1.465361 1.483024 0.07744747 -1.46243 1.479777 0.07744747 -1.603933 1.137506 0.06797874 -1.601002 1.134259 0.06797874 -1.592915 1.14322 0.07744749 -1.595845 1.146467 0.07744749 -1.601002 1.491985 0.06797872 -1.603933 1.488738 0.06797872 -1.595845 1.479777 0.07744747 -1.592915 1.483024 0.07744747 -1.457273 1.134259 -0.02911206 -1.454343 1.137506 -0.02911206 -1.454343 1.488738 -0.02911208 -1.457273 1.491985 -0.02911208 -1.603933 1.137506 -0.02911206 -1.601002 1.134259 -0.02911206 -1.601002 1.491985 -0.02911208 -1.603933 1.488738 -0.02911208 -1.457273 1.134259 -0.08635379 -1.454343 1.137506 -0.08635379 -1.46243 1.146467 -0.09582253 -1.465361 1.14322 -0.09582253 -1.454343 1.488738 -0.08635381 -1.457273 1.491985 -0.08635381 -1.465361 1.483024 -0.09582254 -1.46243 1.479777 -0.09582254 -1.603933 1.137506 -0.08635379 -1.601002 1.134259 -0.08635379 -1.592915 1.14322 -0.09582253 -1.595845 1.146467 -0.09582253 -1.601002 1.491985 -0.08635381 -1.603933 1.488738 -0.08635381 -1.595845 1.479777 -0.09582254 -1.592915 1.483024 -0.09582254 -0.0238582 1.149785E-07 0.04845563 -0.0238582 3.6 0.04845547 -0.0238582 1.106073E-07 -0.05154434 -0.0238582 3.6 -0.05154449 -1.723858 1.149785E-07 0.04845563 -1.723858 3.6 0.04845547 -1.723858 1.106073E-07 -0.05154434 -1.723858 3.6 -0.05154449 0.0003241189 0.1840877 0.02779043 0.0003241189 0.6515818 0.02779041 0.000324117 0.6515818 -0.02870344 -0.02413844 0.6515818 -0.01457997 0.02478668 0.6515818 0.01366695 -0.02413844 0.6515818 0.01366695 0.0003241189 0.6515818 0.02779041 0.000324117 0.1840877 -0.02870342 0.000324117 0.6515818 -0.02870344 0.02478668 0.6515818 -0.01457997 0.02478668 0.1840877 0.01366697 0.02478668 0.1840877 -0.01457995 0.02478668 0.6515818 -0.01457997 0.02478668 0.6515818 0.01366695 -0.02413844 0.1840877 -0.01457995 0.000324117 0.1840877 -0.02870342 0.02478668 0.1840877 -0.01457995 -0.02413844 0.1840877 0.01366697 0.02478668 0.1840877 0.01366697 0.0003241189 0.1840877 0.02779043 0.0003241189 2.626194 0.02779033 0.0003241189 3.093688 0.02779031 0.000324117 3.093688 -0.02870354 -0.02413844 3.093688 -0.01458008 0.02478668 3.093688 0.01366685 -0.02413844 3.093688 0.01366685 0.0003241189 3.093688 0.02779031 0.000324117 2.626194 -0.02870352 0.000324117 3.093688 -0.02870354 0.02478668 3.093688 -0.01458008 0.02478668 2.626194 0.01366687 0.02478668 2.626194 -0.01458006 0.02478668 3.093688 -0.01458008 0.02478668 3.093688 0.01366685 -0.02413844 2.626194 -0.01458006 0.000324117 2.626194 -0.02870352 0.02478668 2.626194 -0.01458006 -0.02413844 2.626194 0.01366687 0.02478668 2.626194 0.01366687 0.0003241189 2.626194 0.02779033 -1.564264 1.396211 0.09534219 -1.564264 1.396211 0.06003049 -1.561729 1.370475 0.09534219 -1.561729 1.370475 0.06003049 -1.516002 1.356603 0.09534219 -1.516002 1.356603 0.06003049 -1.499596 1.376594 0.09534219 -1.499596 1.376594 0.06003049 -1.502131 1.402331 0.09534219 -1.502131 1.402331 0.06003049 -1.522122 1.418737 0.06003049 -1.522122 1.418737 0.09534219 -1.483816 1.360685 0.1353939 -1.498699 1.36864 0.1570571 -1.557648 1.338288 0.1353939 -1.549693 1.353171 0.1570571 -1.489758 1.421013 0.1353939 -1.502802 1.410307 0.1570571 -1.49732 1.34423 0.1353939 -1.508026 1.357275 0.1570571 -1.56654 1.428575 0.1353939 -1.555835 1.41553 0.1570571 -1.491319 1.419731 0.1063181 -1.485597 1.361637 0.1063181 -1.483816 1.360685 0.1353939 -1.556696 1.34007 0.1063181 -1.578263 1.411168 0.1063181 -1.580044 1.41212 0.1353939 -1.518342 1.369846 0.1631215 -1.525712 1.365906 0.1631215 -1.520992 1.350344 0.1570571 -1.53403 1.365087 0.1631215 -1.542027 1.367513 0.1631215 -1.549693 1.353171 0.1570571 -1.548487 1.372815 0.1631215 -1.514168 1.419634 0.1570571 -1.521833 1.405293 0.1631215 -1.515373 1.399991 0.1631215 -1.502802 1.410307 0.1570571 -1.511433 1.39262 0.1631215 -1.542868 1.422461 0.1570571 -1.494431 1.382709 0.1570571 -1.510614 1.384303 0.1631215 -1.51304 1.376306 0.1631215 -1.538148 1.406899 0.1631215 -1.55082 1.3965 0.1631215 -1.553246 1.388502 0.1631215 -1.511433 1.39262 0.1631215 -1.552427 1.380185 0.1631215 -1.529831 1.407718 0.1631215 -1.547858 1.416202 0.09534219 -1.547181 1.436677 0.106318 -1.526781 1.438686 0.106318 -1.522122 1.418737 0.09534219 -1.561729 1.370475 0.09534219 -1.572541 1.353074 0.1063181 -1.582204 1.371152 0.1063181 -1.541739 1.354069 0.09534219 -1.556696 1.34007 0.1063181 -1.537079 1.334119 0.1063181 -1.516002 1.356603 0.09534219 -1.51668 1.336128 0.1063181 -1.498601 1.345791 0.1063181 -1.499596 1.376594 0.09534219 -1.485597 1.361637 0.1063181 -1.479647 1.381253 0.1063181 -1.565259 1.427014 0.106318 -1.502131 1.402331 0.09534219 -1.481656 1.401653 0.1063181 -1.564264 1.396211 0.09534219 -1.578263 1.411168 0.1063181 -1.491319 1.419731 0.1063181 -1.584214 1.391552 0.1063181 -1.507165 1.432736 0.106318 -1.564264 1.396211 -0.1188457 -1.564264 1.396211 -0.08353397 -1.561729 1.370475 -0.1188457 -1.561729 1.370475 -0.08353397 -1.516002 1.356603 -0.1188457 -1.516002 1.356603 -0.08353397 -1.499596 1.376594 -0.1188457 -1.499596 1.376594 -0.08353397 -1.522122 1.418737 -0.1188457 -1.522122 1.418737 -0.08353397 -1.477637 1.381055 -0.1588974 -1.494431 1.382709 -0.1805606 -1.547767 1.43861 -0.1588974 -1.542868 1.422461 -0.1805606 -1.537278 1.332109 -0.1588974 -1.535623 1.348903 -0.1805606 -1.584137 1.370566 -0.1588974 -1.56943 1.390096 -0.1805606 -1.479647 1.381253 -0.1298215 -1.537079 1.334119 -0.1298215 -1.572541 1.353074 -0.1298215 -1.584137 1.370566 -0.1588974 -1.586224 1.39175 -0.1588974 -1.580044 1.41212 -0.1588974 -1.56654 1.428575 -0.1588974 -1.547767 1.43861 -0.1588974 -1.547181 1.436677 -0.1298215 -1.549693 1.353171 -0.1805606 -1.542027 1.367513 -0.186625 -1.561058 1.362498 -0.1805606 -1.567988 1.375464 -0.1805606 -1.552427 1.380185 -0.186625 -1.528237 1.423902 -0.1805606 -1.514168 1.419634 -0.1805606 -1.553246 1.388502 -0.186625 -1.502802 1.410307 -0.1805606 -1.55082 1.3965 -0.186625 -1.511433 1.39262 -0.186625 -1.51304 1.376306 -0.186625 -1.510614 1.384303 -0.186625 -1.51304 1.376306 -0.186625 -1.552427 1.380185 -0.186625 -1.548487 1.372815 -0.186625 -1.547858 1.416202 -0.1188457 -1.522122 1.418737 -0.1188457 -1.526781 1.438686 -0.1298215 -1.547181 1.436677 -0.1298215 -1.561729 1.370475 -0.1188457 -1.582204 1.371152 -0.1298215 -1.572541 1.353074 -0.1298215 -1.541739 1.354069 -0.1188457 -1.556696 1.34007 -0.1298215 -1.537079 1.334119 -0.1298215 -1.516002 1.356603 -0.1188457 -1.51668 1.336128 -0.1298215 -1.498601 1.345791 -0.1298215 -1.499596 1.376594 -0.1188457 -1.485597 1.361637 -0.1298215 -1.479647 1.381253 -0.1298215 -1.565259 1.427014 -0.1298215 -1.502131 1.402331 -0.1188457 -1.481656 1.401653 -0.1298215 -1.564264 1.396211 -0.1188457 -1.578263 1.411168 -0.1298215 -1.491319 1.419731 -0.1298215 -1.584214 1.391552 -0.1298215 -1.507165 1.432736 -0.1298215 -1.454343 1.137506 0.06797874 -1.454343 1.488738 0.06797872 -1.457273 1.134259 0.06797874 -1.601002 1.134259 0.06797874 -1.603933 1.488738 0.06797872 -1.603933 1.137506 0.06797874 -1.592915 1.483024 0.07744747 -1.595845 1.479777 0.07744747 -1.595845 1.146467 0.07744749 -1.592915 1.14322 0.07744749 -1.465361 1.483024 0.07744747 -1.465361 1.14322 0.07744749 -1.46243 1.479777 0.07744747 -1.46243 1.146467 0.07744749 -1.601002 1.491985 0.06797872 -1.457273 1.491985 0.06797872 -1.457273 1.134259 0.06797874 -1.454343 1.137506 0.06797874 -1.454343 1.488738 0.06797872 -1.457273 1.491985 0.06797872 -1.601002 1.491985 0.06797872 -1.603933 1.488738 0.06797872 -1.603933 1.137506 0.06797874 -1.601002 1.134259 0.06797874 -1.457273 1.491985 0.06797872 -1.457273 1.491985 0.01073699 -1.457273 1.134259 0.01073701 -1.457273 1.134259 0.06797874 -1.601002 1.134259 0.01073701 -1.601002 1.134259 0.06797874 -1.601002 1.491985 0.06797872 -1.601002 1.491985 0.01073699 -1.601002 1.134259 0.01073701 -1.603933 1.137506 0.01073701 -1.603933 1.488738 0.010737 -1.601002 1.491985 0.01073699 -1.457273 1.134259 0.01073701 -1.457273 1.491985 0.01073699 -1.454343 1.137506 0.01073701 -1.454343 1.488738 0.010737 -1.454343 1.488738 -0.08635381 -1.454343 1.137506 -0.08635379 -1.457273 1.134259 -0.08635379 -1.601002 1.134259 -0.08635379 -1.603933 1.137506 -0.08635379 -1.603933 1.488738 -0.08635381 -1.592915 1.14322 -0.09582253 -1.595845 1.146467 -0.09582253 -1.595845 1.479777 -0.09582254 -1.592915 1.483024 -0.09582254 -1.465361 1.14322 -0.09582253 -1.465361 1.483024 -0.09582254 -1.46243 1.146467 -0.09582253 -1.46243 1.479777 -0.09582254 -1.601002 1.491985 -0.08635381 -1.457273 1.491985 -0.08635381 -1.457273 1.134259 -0.08635379 -1.454343 1.137506 -0.08635379 -1.457273 1.491985 -0.08635381 -1.454343 1.488738 -0.08635381 -1.601002 1.491985 -0.08635381 -1.603933 1.488738 -0.08635381 -1.601002 1.134259 -0.08635379 -1.603933 1.137506 -0.08635379 -1.457273 1.491985 -0.08635381 -1.457273 1.491985 -0.02911208 -1.457273 1.134259 -0.02911206 -1.457273 1.134259 -0.08635379 -1.601002 1.134259 -0.08635379 -1.601002 1.134259 -0.02911206 -1.601002 1.491985 -0.02911208 -1.601002 1.491985 -0.08635381 -1.601002 1.491985 -0.02911208 -1.603933 1.488738 -0.02911208 -1.603933 1.137506 -0.02911206 -1.601002 1.134259 -0.02911206 -1.457273 1.491985 -0.02911208 -1.457273 1.134259 -0.02911206 -1.454343 1.488738 -0.02911208 -1.454343 1.137506 -0.02911206 -0.0238582 3.6 -0.05154449 -0.0238582 1.106073E-07 -0.05154434 -1.723858 3.6 -0.05154449 -1.723858 1.106073E-07 -0.05154434 -1.723858 3.6 0.04845547 -1.723858 1.149785E-07 0.04845563 -0.0238582 1.149785E-07 0.04845563 -0.0238582 3.6 0.04845547 -0.0238582 1.149785E-07 0.04845563 -1.723858 1.149785E-07 0.04845563 -1.723858 1.106073E-07 -0.05154434 -0.0238582 1.106073E-07 -0.05154434 -1.723858 3.6 0.04845547 -0.0238582 3.6 0.04845547 -0.0238582 3.6 -0.05154449 -1.723858 3.6 -0.05154449 -1.46243 1.146467 0.07744749 -1.465361 1.14322 0.07744749 -1.465361 1.483024 0.07744747 -1.46243 1.479777 0.07744747 -1.595845 1.479777 0.07744747 -1.592915 1.483024 0.07744747 -1.592915 1.14322 0.07744749 -1.595845 1.146467 0.07744749 -1.465361 1.14322 -0.09582253 -1.46243 1.146467 -0.09582253 -1.465361 1.483024 -0.09582254 -1.46243 1.479777 -0.09582254 -1.592915 1.483024 -0.09582254 -1.595845 1.479777 -0.09582254 -1.592915 1.14322 -0.09582253 -1.595845 1.146467 -0.09582253  
			<Colors>: 0  
			<TextureCoords0>: 533 0.2135454 0.07379717 0.2135454 0.03713471 0.2113302 0.07379717 0.2113302 0.03713471 0.2224063 0.07379717 0.2224063 0.03713471 0.2201911 0.07379717 0.2201911 0.03713471 0.2179759 0.07379717 0.2179759 0.03713471 0.2157606 0.07379717 0.2262489 0.07047433 0.2135454 0.07379717 0.2135454 0.03713471 0.2113302 0.07379717 0.2113302 0.03713471 0.2224063 0.07379717 0.2224063 0.03713471 0.2201911 0.07379717 0.2201911 0.03713471 0.2179759 0.07379717 0.2179759 0.03713471 0.2157606 0.07379717 0.2262489 0.07047433 0.2615246 0.05184287 0.2546211 0.05689883 0.2615247 0.04678696 0.2546211 0.02150726 0.2615247 0.041731 0.2546211 0.02656323 0.2615247 0.03667504 0.2546211 0.03161913 0.2615246 0.03161907 0.2546211 0.0366751 0.2615246 0.02656317 0.2546211 0.041731 0.2615246 0.0215072 0.2546211 0.0467869 0.2615246 0.05689889 0.2546211 0.05184287 0.231916 0.05820876 0.2326928 0.05740619 0.2331056 0.05636096 0.2330855 0.05523527 0.2326302 0.05420506 0.2318289 0.05341852 0.2307763 0.05300587 0.2296467 0.05303466 0.2286297 0.05348742 0.2278555 0.05429286 0.2274546 0.05533516 0.2274784 0.05645615 0.2279289 0.05747986 0.2287254 0.05826241 0.2297703 0.05867261 0.2308912 0.05865532 0.2313883 0.06097388 0.2293526 0.06094629 0.2274424 0.06024563 0.2260261 0.05879015 0.2251731 0.05694592 0.2251835 0.05491793 0.2258727 0.05302143 0.2273102 0.05160373 0.2291345 0.05074644 0.2311896 0.0506438 0.2330952 0.05143076 0.234551 0.05287278 0.2353328 0.05473173 0.235421 0.05674565 0.2347045 0.05867964 0.2332393 0.06011581 0.2336108 0.07215941 0.2285947 0.06502247 0.2271265 0.07215565 0.2252102 0.06367975 0.2211446 0.06968385 0.2226222 0.06113195 0.2165809 0.06512421 0.2211782 0.05780482 0.2141074 0.05918288 0.2211378 0.05418903 0.2140971 0.05277681 0.2224467 0.05082458 0.2165157 0.04687786 0.2249546 0.0482232 0.2209635 0.04238015 0.2282588 0.04671544 0.2267161 0.03990757 0.2318831 0.04652214 0.2328615 0.03973228 0.2352016 0.04794621 0.2393105 0.04134035 0.2379081 0.0504126 0.2441915 0.04613674 0.2394253 0.05381584 0.2467834 0.05234301 0.2395082 0.05753529 0.2467834 0.05899644 0.2381666 0.0609374 0.2442538 0.06506622 0.2355974 0.06354731 0.239625 0.06967252 0.2322402 0.06499684 0.2615246 0.05184287 0.2546211 0.05689883 0.2615247 0.04678696 0.2546211 0.02150726 0.2615247 0.041731 0.2546211 0.02656323 0.2615247 0.03667504 0.2546211 0.03161913 0.2615246 0.03161907 0.2546211 0.0366751 0.2615246 0.02656317 0.2546211 0.041731 0.2615246 0.0215072 0.2546211 0.0467869 0.2615246 0.05689889 0.2546211 0.05184287 0.231916 0.05820876 0.2326928 0.05740619 0.2331056 0.05636096 0.2330855 0.05523527 0.2326302 0.05420506 0.2318289 0.05341852 0.2307763 0.05300587 0.2296467 0.05303466 0.2286297 0.05348742 0.2278555 0.05429286 0.2274546 0.05533516 0.2274784 0.05645615 0.2279289 0.05747986 0.2287254 0.05826241 0.2297703 0.05867261 0.2308912 0.05865532 0.2313883 0.06097388 0.2293526 0.06094629 0.2274424 0.06024563 0.2260261 0.05879015 0.2251731 0.05694592 0.2251835 0.05491793 0.2258727 0.05302143 0.2273102 0.05160373 0.2291345 0.05074644 0.2311896 0.0506438 0.2330952 0.05143076 0.234551 0.05287278 0.2353328 0.05473173 0.235421 0.05674565 0.2347045 0.05867964 0.2332393 0.06011581 0.2336108 0.07215941 0.2285947 0.06502247 0.2271265 0.07215565 0.2252102 0.06367975 0.2211446 0.06968385 0.2226222 0.06113195 0.2165809 0.06512421 0.2211782 0.05780482 0.2141074 0.05918288 0.2211378 0.05418903 0.2140971 0.05277681 0.2224467 0.05082458 0.2165157 0.04687786 0.2249546 0.0482232 0.2209635 0.04238015 0.2282588 0.04671544 0.2267161 0.03990757 0.2318831 0.04652214 0.2328615 0.03973228 0.2352016 0.04794621 0.2393105 0.04134035 0.2379081 0.0504126 0.2441915 0.04613674 0.2394253 0.05381584 0.2467834 0.05234301 0.2395082 0.05753529 0.2467834 0.05899644 0.2381666 0.0609374 0.2442538 0.06506622 0.2355974 0.06354731 0.239625 0.06967252 0.2322402 0.06499684 0.05107614 0.5730045 0.01225618 0.5730045 0.03972291 0.5730045 0.04007088 0.5730045 0.03972288 0.5730045 0.04007087 0.5730045 0.05107619 0.5730045 0.01225618 0.5730045 0.05107614 0.5773158 0.01225618 0.5773158 0.01318477 0.5571078 0.01282514 0.5574325 0.03972291 0.5773158 0.0514634 0.5565366 0.05047073 0.5574325 0.05011109 0.5571078 0.03972288 0.5773158 0.04007087 0.5773158 0.01282514 0.5715637 0.01318477 0.5718884 0.0514634 0.5724597 0.01225618 0.5773158 0.05011109 0.5718884 0.05047073 0.5715637 0.05107614 0.5730045 0.01225618 0.5730045 0.03972291 0.5730045 0.04007088 0.5730045 0.03972288 0.5730045 0.04007087 0.5730045 0.05107619 0.5730045 0.01225618 0.5730045 0.05107614 0.5773158 0.01225618 0.5773158 0.01318477 0.5571078 0.01282514 0.5574325 0.03972291 0.5773158 0.0514634 0.5565366 0.05047073 0.5574325 0.05011109 0.5571078 0.03972288 0.5773158 0.04007087 0.5773158 0.01282514 0.5715637 0.01318477 0.5718884 0.0514634 0.5724597 0.01225618 0.5773158 0.05011109 0.5718884 0.05047073 0.5715637 0.1988291 0.9885831 0.1988291 0.5785426 0.2095019 0.9885831 0.2095019 0.5785426 0.1988291 0.9885831 0.1988291 0.5785426 0.1981235 0.9882476 0.1981235 0.58866 0.2201911 0.07379717 0.2201911 0.03713471 0.2262489 0.07268953 0.2243305 0.07379717 0.2243305 0.06936675 0.222412 0.07268953 0.222412 0.07047433 0.2135454 0.07379717 0.2135454 0.03713471 0.2157607 0.03713471 0.2179759 0.07379717 0.2157606 0.07379717 0.2157607 0.03713471 0.2179759 0.03713471 0.2262489 0.06603819 0.2262489 0.0682534 0.2243305 0.06936103 0.2243305 0.06493056 0.222412 0.0682534 0.222412 0.06603819 0.2201911 0.07379717 0.2201911 0.03713471 0.2262489 0.07268953 0.2243305 0.07379717 0.2243305 0.06936675 0.222412 0.07268953 0.222412 0.07047433 0.2135454 0.07379717 0.2135454 0.03713471 0.2157607 0.03713471 0.2179759 0.07379717 0.2157606 0.07379717 0.2157607 0.03713471 0.2179759 0.03713471 0.2262489 0.06603819 0.2262489 0.0682534 0.2243305 0.06936103 0.2243305 0.06493056 0.222412 0.0682534 0.222412 0.06603819 0.2615247 0.041731 0.2546211 0.041731 0.2615247 0.03667504 0.2546211 0.0366751 0.2615246 0.02656317 0.2546211 0.02656323 0.2615246 0.06195474 0.2546211 0.06195474 0.2615246 0.05689889 0.2546211 0.05689883 0.2546211 0.05184287 0.2615246 0.05184287 0.2379081 0.0504126 0.234551 0.05287278 0.2249546 0.0482232 0.2273102 0.05160373 0.2381666 0.0609374 0.2347045 0.05867964 0.2352016 0.04794621 0.2330952 0.05143076 0.2252102 0.06367975 0.2274424 0.06024563 0.2442538 0.06506622 0.2441915 0.04613674 0.2379081 0.0504126 0.2209635 0.04238015 0.2165809 0.06512421 0.2226222 0.06113195 0.2318289 0.05341852 0.2307763 0.05300587 0.2311896 0.0506438 0.2296467 0.05303466 0.2286297 0.05348742 0.2273102 0.05160373 0.2278555 0.05429286 0.2332393 0.06011581 0.231916 0.05820876 0.2326928 0.05740619 0.2347045 0.05867964 0.2331056 0.05636096 0.2293526 0.06094629 0.2353328 0.05473173 0.2330855 0.05523527 0.2326302 0.05420506 0.2297703 0.05867261 0.2279289 0.05747986 0.2274784 0.05645615 0.2331056 0.05636096 0.2274546 0.05533516 0.2308912 0.05865532 0.218024 0.02391684 0.2166213 0.01949745 0.220504 0.01794618 0.2225714 0.0220176 0.217975 0.03304583 0.2165496 0.03737587 0.2135962 0.03440046 0.2225127 0.03496653 0.220367 0.03902596 0.2245726 0.03903788 0.2270664 0.03309751 0.2284416 0.03749311 0.2314244 0.03450757 0.2289325 0.02851671 0.2330609 0.03065532 0.2330609 0.02640247 0.2136122 0.02250832 0.2271023 0.02392417 0.2314401 0.02256078 0.2161025 0.02847707 0.2120562 0.02638465 0.2285111 0.01961076 0.2120566 0.0305475 0.2247072 0.01796389 0.2615247 0.041731 0.2546211 0.041731 0.2615247 0.03667504 0.2546211 0.0366751 0.2615246 0.02656317 0.2546211 0.02656323 0.2615246 0.06195474 0.2546211 0.06195474 0.2615246 0.05184287 0.2546211 0.05184287 0.2394253 0.05381584 0.2353328 0.05473173 0.2285947 0.06502247 0.2293526 0.06094629 0.2282588 0.04671544 0.2291345 0.05074644 0.2211378 0.05418903 0.2251731 0.05694592 0.2467834 0.05234301 0.2267161 0.03990757 0.2165157 0.04687786 0.2211378 0.05418903 0.2211782 0.05780482 0.2226222 0.06113195 0.2252102 0.06367975 0.2285947 0.06502247 0.2271265 0.07215565 0.2273102 0.05160373 0.2286297 0.05348742 0.2258727 0.05302143 0.2251835 0.05491793 0.2274546 0.05533516 0.2313883 0.06097388 0.2332393 0.06011581 0.2274784 0.05645615 0.2347045 0.05867964 0.2279289 0.05747986 0.2331056 0.05636096 0.2326302 0.05420506 0.2330855 0.05523527 0.2326302 0.05420506 0.2274546 0.05533516 0.2278555 0.05429286 0.218024 0.02391684 0.2225714 0.0220176 0.220504 0.01794618 0.2166213 0.01949745 0.217975 0.03304583 0.2135962 0.03440046 0.2165496 0.03737587 0.2225127 0.03496653 0.220367 0.03902596 0.2245726 0.03903788 0.2270664 0.03309751 0.2284416 0.03749311 0.2314244 0.03450757 0.2289325 0.02851671 0.2330609 0.03065532 0.2330609 0.02640247 0.2136122 0.02250832 0.2271023 0.02392417 0.2314401 0.02256078 0.2161025 0.02847707 0.2120562 0.02638465 0.2285111 0.01961076 0.2120566 0.0305475 0.2247072 0.01796389 0.01219201 0.5562119 0.05110375 0.5562119 0.01183237 0.5565366 0.01183237 0.5724598 0.05110375 0.5727843 0.01219201 0.5727843 0.05047073 0.5715637 0.05011109 0.5718884 0.01318477 0.5718884 0.01282514 0.5715637 0.05047073 0.5574325 0.01282514 0.5574325 0.05011109 0.5571078 0.01318477 0.5571078 0.05107619 0.5773158 0.04007088 0.5773158 0.01183237 0.5565366 0.01219201 0.5562119 0.05110375 0.5562119 0.0514634 0.5565366 0.0514634 0.5724597 0.05110375 0.5727843 0.01219201 0.5727843 0.01183237 0.5724598 0.04007088 0.5773158 0.04007088 0.5730045 0.01190821 0.5730045 0.01190821 0.5773158 0.04007087 0.5730045 0.04007087 0.5773158 0.01190821 0.5773158 0.01190821 0.5730045 0.01183237 0.5724598 0.01219201 0.5727843 0.05110375 0.5727843 0.0514634 0.5724597 0.01183237 0.5565366 0.0514634 0.5565366 0.01219201 0.5562119 0.05110375 0.5562119 0.05110375 0.5562119 0.01219201 0.5562119 0.01183237 0.5565366 0.01183237 0.5724598 0.01219201 0.5727843 0.05110375 0.5727843 0.01282514 0.5715637 0.01318477 0.5718884 0.05011109 0.5718884 0.05047073 0.5715637 0.01282514 0.5574325 0.05047073 0.5574325 0.01318477 0.5571078 0.05011109 0.5571078 0.05107619 0.5773158 0.04007088 0.5773158 0.01183237 0.5565366 0.01219201 0.5562119 0.0514634 0.5565366 0.05110375 0.5562119 0.0514634 0.5724597 0.05110375 0.5727843 0.01183237 0.5724598 0.01219201 0.5727843 0.04007088 0.5773158 0.04007088 0.5730045 0.01190821 0.5730045 0.01190821 0.5773158 0.04007087 0.5773158 0.04007087 0.5730045 0.01190821 0.5730045 0.01190821 0.5773158 0.0514634 0.5724597 0.05110375 0.5727843 0.01219201 0.5727843 0.01183237 0.5724598 0.0514634 0.5565366 0.01183237 0.5565366 0.05110375 0.5562119 0.01219201 0.5562119 0.01120052 0.58866 0.01120052 0.9882476 0.2095019 0.5785426 0.2095019 0.9885831 0.1981235 0.58866 0.1981235 0.9882476 0.01120052 0.9882476 0.01120052 0.58866 0.01177439 0.5887465 0.1986462 0.5887465 0.1986462 0.5777541 0.01177439 0.5777541 0.1986462 0.5887465 0.01177439 0.5887465 0.01177439 0.5777541 0.1986462 0.5777541 0.01318477 0.5571078 0.01282514 0.5574325 0.05047073 0.5574325 0.05011109 0.5571078 0.05011109 0.5718884 0.05047073 0.5715637 0.01282514 0.5715637 0.01318477 0.5718884 0.01282514 0.5574325 0.01318477 0.5571078 0.05047073 0.5574325 0.05011109 0.5571078 0.05047073 0.5715637 0.05011109 0.5718884 0.01282514 0.5715637 0.01318477 0.5718884  
			<TextureCoords1>: 533 0.4302926 0.04600716 0.5464731 0.04600716 0.4302927 0.05302703 0.5464732 0.05302703 0.5464732 0.06395316 0.4302927 0.06395316 0.5464731 0.05693328 0.4302926 0.05693328 0.5464732 0.06785941 0.4302927 0.06785941 0.4302927 0.07878554 0.9364601 0.5779363 0.1239931 0.01034337 0.2401737 0.01034337 0.1239932 0.01736325 0.2401737 0.01736325 0.3602606 0.02828938 0.2440801 0.02828938 0.3602605 0.0212695 0.24408 0.0212695 0.2401737 0.0212695 0.1239932 0.0212695 0.003906286 0.01034337 0.9852374 0.7064793 0.9732472 0.6045698 0.986101 0.6260272 0.9796741 0.6045698 0.9796741 0.6260272 0.986101 0.6045698 0.9693409 0.6260272 0.9954889 0.6518588 0.962914 0.6260272 0.962914 0.6172516 0.9867133 0.6518588 0.9693409 0.6172516 0.986101 0.6133454 0.9796741 0.6172516 0.9796741 0.6133454 0.986101 0.6172516 0.9732472 0.6133454 0.9398488 0.657838 0.9069623 0.7302217 0.9066328 0.7279633 0.9510773 0.6164972 0.9515176 0.6131904 0.9525808 0.61128 0.9105327 0.5863936 0.9085875 0.5871216 0.9065118 0.5870498 0.9046215 0.5861892 0.9189067 0.7290239 0.9178947 0.7309745 0.9163612 0.7326006 0.9144034 0.7337434 0.9121608 0.7340847 0.9420284 0.6580354 0.9423907 0.6623956 0.9459854 0.6615977 0.9160128 0.738194 0.9192196 0.7361077 0.921505 0.7334074 0.9229668 0.7303595 0.9236283 0.7270155 0.9651862 0.6617624 0.9688675 0.6624193 0.972533 0.6620774 0.9155207 0.587539 0.9472135 0.6117448 0.946676 0.6155533 0.9466907 0.619267 0.9348388 0.6616092 0.9386652 0.6622378 0.9434914 0.6757003 0.9477025 0.6679497 0.9488307 0.6750764 0.9195638 0.7444359 0.9542202 0.6740586 0.9240375 0.741123 0.930623 0.7444359 0.9267989 0.7367576 0.9330154 0.7398362 0.928689 0.7324398 0.9352249 0.7349485 0.9298787 0.7278268 0.9369578 0.7297225 0.9634706 0.6686354 0.9635688 0.6758946 0.9685887 0.6689277 0.9686748 0.6758946 0.9734859 0.6685935 0.9739611 0.6757105 0.921257 0.5912359 0.9793318 0.6752222 0.9402558 0.6100663 0.9329503 0.6101651 0.9399697 0.6152455 0.9329503 0.6153037 0.9402672 0.6201286 0.9331114 0.6206009 0.9330128 0.6686097 0.9331113 0.6758946 0.9381766 0.6689605 0.9382353 0.6758946 0.9429423 0.6687589 0.9564871 0.5879817 0.962914 0.591888 0.962914 0.5879817 0.9885601 0.6694677 0.9693409 0.5879817 0.9693409 0.6045698 0.9885601 0.6655614 0.962914 0.6045698 0.962914 0.6133454 0.9973356 0.6655614 0.9693409 0.6133454 0.9693409 0.5792061 0.9973356 0.6694677 0.962914 0.5792061 0.962914 0.6006635 0.9564871 0.5792061 0.966065 0.6379456 0.9640648 0.6384655 0.908759 0.6739383 0.9065783 0.6745549 0.9390951 0.6413672 0.9397264 0.6393005 0.9396352 0.6372079 0.9387565 0.6352746 0.9371579 0.6337795 0.9763168 0.6907551 0.9703689 0.6467592 0.9737198 0.6854548 0.9716912 0.6429067 0.9711142 0.6409078 0.9698735 0.6392671 0.9681022 0.6382267 0.919628 0.6710506 0.9230367 0.6726946 0.9748568 0.638967 0.9759033 0.6423448 0.9758724 0.6459522 0.9790757 0.6855128 0.9804516 0.689096 0.9811931 0.6927965 0.9812202 0.6964896 0.9437687 0.6362637 0.9439026 0.6397292 0.9430969 0.6431115 0.9413131 0.6463296 0.9083062 0.6694403 0.9120974 0.6695721 0.9159241 0.6700436 0.9237344 0.6576661 0.9268484 0.6667419 0.9425912 0.6896106 0.9808806 0.6359823 0.9476781 0.689886 0.9825813 0.6411238 0.9527705 0.6900237 0.982807 0.6465803 0.9578648 0.6900237 0.9854652 0.6823213 0.9629573 0.689886 0.9869147 0.6872884 0.9937267 0.6857499 0.9877513 0.6921155 0.9947701 0.6909065 0.9880744 0.6972663 0.9568588 0.6299335 0.9501132 0.6353859 0.9571502 0.6351547 0.9500582 0.6401895 0.9571619 0.6406045 0.9492249 0.6449798 0.9565882 0.6461871 0.9475004 0.6501145 0.9024765 0.6558354 0.9076885 0.6627694 0.9076785 0.6557651 0.9125495 0.6629035 0.9130254 0.6559265 0.9172487 0.6635615 0.9183801 0.6565489 0.9219404 0.6647997 0.9778212 0.7186381 0.9035636 0.8902795 0.9908509 0.8902796 0.9024765 0.6972663 0.9908509 0.8478265 0.942102 0.7186381 0.9381958 0.6972663 0.9035636 0.8478265 0.9778212 0.7044125 0.9035636 0.876054 0.9057906 0.8729593 0.9758113 0.7011726 0.9908509 0.876054 0.9024765 0.6830407 0.9044865 0.6798009 0.9886239 0.8729593 0.9908509 0.833601 0.942102 0.7044125 0.9441119 0.7011726 0.9886239 0.8305063 0.9381958 0.6830407 0.9035636 0.833601 0.9057906 0.8305063 0.9361859 0.6798009 0.9381958 0.7011726 0.9035636 0.8517328 0.9908509 0.8517328 0.9421424 0.7269704 0.9908509 0.8941858 0.9024765 0.7011726 0.9778615 0.7269704 0.9035636 0.8941858 0.9381958 0.7153982 0.9035636 0.8659584 0.9057906 0.8690531 0.9361859 0.7186381 0.9908509 0.8659584 0.9421424 0.741196 0.9441523 0.7444359 0.9886239 0.8690531 0.9908509 0.9084114 0.9024766 0.7153982 0.9044865 0.7186381 0.9886239 0.9115061 0.9778616 0.741196 0.9035636 0.9084114 0.9057906 0.9115061 0.9758517 0.7444359 0.003906263 0.1184697 0.8985699 0.1184698 0.00390625 0.1433215 0.8985699 0.1433215 0.8985696 0.08971167 0.003906263 0.08971173 0.00390625 0.5697076 0.8985702 0.5697076 0.5464732 0.07487929 0.4302926 0.07487929 0.9329503 0.5840157 0.9364601 0.590095 0.94348 0.5779363 0.94348 0.590095 0.94699 0.5840157 0.4302926 0.08580542 0.5464732 0.08580542 0.5464732 0.07878554 0.24408 0.01034337 0.24408 0.01736325 0.3602605 0.01736325 0.3602606 0.01034337 0.94348 0.60616 0.94699 0.6000807 0.94348 0.5940013 0.9364601 0.60616 0.9364601 0.5940013 0.9329503 0.6000807 0.2401737 0.02828938 0.1239931 0.02828938 0.9817275 0.7125586 0.9852374 0.7186381 0.9922573 0.7064793 0.9922572 0.7186381 0.9957672 0.7125586 0.00390625 0.01736325 0.1200868 0.01736325 0.1200869 0.01034337 0.003906286 0.0212695 0.00390625 0.02828938 0.1200868 0.02828938 0.1200869 0.0212695 0.9922976 0.7444359 0.9958075 0.7383565 0.9922976 0.7322772 0.9852778 0.7444359 0.9852778 0.7322772 0.9817678 0.7383565 0.9954889 0.6454319 0.9867133 0.6454319 0.9564871 0.6172516 0.9564871 0.6260272 0.9732472 0.6172516 0.9732472 0.6260272 0.9796741 0.6172516 0.9796741 0.6260272 0.9954889 0.6350987 0.9867133 0.6350987 0.9867133 0.6415256 0.9954889 0.6415256 0.923569 0.5864778 0.9171175 0.5842526 0.930419 0.7225443 0.9233656 0.7234048 0.9412111 0.62528 0.9477165 0.6227744 0.9785643 0.6676648 0.9761273 0.6611972 0.9526836 0.6664802 0.9494802 0.6602922 0.9335842 0.6260272 0.9846538 0.6747542 0.9840909 0.6671789 0.9382361 0.7241982 0.9595644 0.67305 0.9582332 0.6654328 0.9120511 0.5849766 0.9722871 0.657716 0.9127575 0.5900887 0.9690729 0.6580433 0.9669377 0.6575614 0.9054722 0.5912359 0.9193334 0.7268871 0.9045812 0.7353083 0.9081317 0.7321781 0.936394 0.657304 0.9024765 0.7317519 0.9509999 0.6186635 0.9120423 0.7388301 0.9172488 0.5803692 0.9129835 0.5810106 0.9129118 0.5830864 0.9441253 0.6575143 0.9025483 0.5806499 0.9024765 0.5827255 0.9122555 0.5790654 0.9032046 0.5846707 0.9099566 0.7335321 0.9215826 0.6140455 0.9270418 0.6158029 0.9290426 0.6109202 0.9239364 0.6082903 0.9100386 0.6141136 0.9045849 0.6158812 0.9083177 0.6195809 0.9075827 0.6083984 0.9024997 0.6110437 0.9024765 0.6057686 0.9099365 0.6026433 0.9044773 0.6008859 0.908212 0.5971769 0.9156911 0.6002411 0.9130647 0.5951421 0.9183198 0.5951421 0.9233071 0.6195118 0.9214805 0.6025752 0.9232014 0.5971079 0.915828 0.6164477 0.9184545 0.6215466 0.9269342 0.6008075 0.9131994 0.6215466 0.9290194 0.6056451 0.9885601 0.6591346 0.9973356 0.6591346 0.9564871 0.6133454 0.9564871 0.6045698 0.9973356 0.6758946 0.9885601 0.6758946 0.9564871 0.6006635 0.9564871 0.591888 0.9693409 0.6006635 0.9693409 0.591888 0.9024765 0.6632324 0.9045389 0.6703028 0.9779418 0.6315647 0.9727386 0.6360117 0.9494299 0.6302474 0.9425569 0.6326928 0.9816791 0.6518588 0.9769692 0.6823213 0.955459 0.6518588 0.9955644 0.696218 0.9680441 0.6896106 0.963251 0.6971233 0.9579628 0.6972663 0.9526727 0.6972663 0.9473844 0.6971233 0.942102 0.6968374 0.9291066 0.6591948 0.939756 0.6299335 0.9767383 0.6928586 0.9707875 0.6518588 0.9736368 0.6495727 0.9751675 0.6889437 0.9694958 0.6341352 0.9658036 0.6336373 0.9714132 0.6449645 0.9622141 0.6345603 0.9719504 0.6841923 0.9623905 0.6397142 0.9047448 0.6758946 0.9613461 0.6415091 0.9610682 0.6435668 0.9329503 0.6331395 0.9351203 0.6330317 0.9082292 0.6417692 0.9081954 0.6355515 0.9024765 0.6360837 0.9025087 0.6413602 0.9189122 0.6461443 0.9184663 0.6518588 0.9233109 0.6498212 0.9233251 0.6417602 0.927052 0.6461127 0.929044 0.641228 0.9232914 0.6355424 0.9290119 0.6359515 0.9269329 0.6311159 0.9188507 0.6311647 0.9231915 0.6274158 0.9183168 0.6254529 0.9045877 0.6461958 0.9126083 0.6311673 0.9130542 0.6254529 0.9126699 0.646147 0.908329 0.6498958 0.9082097 0.6274904 0.9132037 0.6518588 0.9044685 0.631199 0.9035636 0.876054 0.9908509 0.876054 0.9778212 0.7044125 0.942102 0.7044125 0.9035636 0.833601 0.9908509 0.833601 0.9052504 0.9504558 0.9060574 0.9511842 0.9888906 0.9511841 0.9896976 0.9504558 0.9052504 0.9187564 0.9896976 0.9187564 0.9060574 0.9180281 0.9888906 0.9180281 0.9381958 0.6830407 0.9024765 0.6830407 0.9924714 0.9161406 0.9916644 0.9154123 0.9032835 0.9154123 0.9024765 0.9161406 0.9024766 0.9530717 0.9032836 0.9537999 0.9916645 0.9537999 0.9924715 0.9530717 0.9919379 0.876054 0.9919379 0.8902795 0.9024765 0.8902795 0.9024765 0.876054 0.9919379 0.8478265 0.9919379 0.833601 0.9024765 0.833601 0.9024765 0.8478265 0.9024766 0.7847896 0.9032835 0.7855179 0.9905708 0.785518 0.9913778 0.7847897 0.9024765 0.7490704 0.9913777 0.7490705 0.9032835 0.7483422 0.9905708 0.7483422 0.9908509 0.8659584 0.9035636 0.8659584 0.9381958 0.7153982 0.9024766 0.7153982 0.9908509 0.9084114 0.9035636 0.9084114 0.9052504 0.9927497 0.9060574 0.9934779 0.9888906 0.9934779 0.9896976 0.9927497 0.9052504 0.9610503 0.9896976 0.9610503 0.9060574 0.960322 0.9888906 0.960322 0.9778616 0.741196 0.9421424 0.741196 0.9024765 0.9584345 0.9032835 0.9577062 0.9924714 0.9584345 0.9916644 0.9577062 0.9924715 0.9953654 0.9916645 0.9960938 0.9024766 0.9953654 0.9032836 0.9960938 0.9919379 0.8659584 0.9919379 0.8517328 0.9024765 0.8517328 0.9024765 0.8659584 0.9919379 0.9084114 0.9919378 0.8941858 0.9024765 0.8941858 0.9024766 0.9084114 0.9024766 0.8258717 0.9032835 0.8266 0.9905708 0.8266001 0.9913778 0.8258718 0.9024765 0.7901525 0.9913777 0.7901525 0.9032835 0.7894242 0.9905708 0.7894243 0.8985703 0.1472278 0.0039064 0.1472278 0.00390625 0.1145635 0.8985695 0.1145634 0.00390625 0.9960938 0.8985702 0.9960938 0.8985703 0.5736139 0.0039064 0.5736139 0.4263864 0.06095362 0.003906257 0.06095368 0.00390625 0.08580542 0.4263864 0.08580542 0.4263862 0.03219563 0.003906257 0.03219563 0.00390625 0.05704737 0.4263862 0.05704737 0.9888906 0.9180281 0.9896976 0.9187564 0.9052504 0.9187564 0.9060574 0.9180281 0.9060574 0.9511842 0.9052504 0.9504558 0.9896976 0.9504558 0.9888906 0.9511841 0.9052504 0.9610503 0.9060574 0.960322 0.9896976 0.9610503 0.9888906 0.960322 0.9896976 0.9927497 0.9888906 0.9934779 0.9052504 0.9927497 0.9060574 0.9934779  
			<Normals>: 533 0 0 -1 0 0 -1 -0.4999893 0 -0.8660316 -0.4999893 0 -0.8660316 -0.4999893 0 0.8660316 -0.4999893 0 0.8660316 0 0 1 0 0 1 0.8660316 0 0.4999893 0.8660316 0 0.4999893 0.8660316 0 -0.4999893 0 1 0 0 0 -1 0 0 -1 -0.4999893 0 -0.8660316 -0.4999893 0 -0.8660316 -0.4999893 0 0.8660316 -0.4999893 0 0.8660316 0 0 1 0 0 1 0.8660316 0 0.4999893 0.8660316 0 0.4999893 0.8660316 0 -0.4999893 0 1 0 0.2360342 0.7781131 -0.5820894 0.8819184 0.4714023 0 -0.3832926 0.7171133 -0.5820956 0.9569466 -0.290264 0 -0.7781009 0.2360397 -0.5821031 0.4714023 -0.8819184 0 -0.7171133 -0.3832926 -0.5820956 -0.290264 -0.9569466 0 -0.2360397 -0.7781009 -0.5821031 -0.8819184 -0.4714023 0 0.3832926 -0.7171133 -0.5820956 -0.9569466 0.290264 0 0.7781131 -0.2360342 -0.5820894 -0.4714023 0.8819184 0 0.7171133 0.3832926 -0.5820956 0.290264 0.9569466 0 0.09372444 0.1753633 0.9800324 0.153695 0.1261361 0.9800345 0.1902575 0.05771203 0.9800364 0.197857 -0.01947135 0.9800375 0.1753633 -0.09372444 0.9800324 0.1261361 -0.153695 0.9800345 0.05771203 -0.1902575 0.9800364 -0.01947135 -0.197857 0.9800375 -0.09372444 -0.1753633 0.9800324 -0.153695 -0.1261361 0.9800345 -0.1902575 -0.05771203 0.9800364 -0.197857 0.01947135 0.9800375 -0.1753633 0.09372444 0.9800324 -0.1261361 0.153695 0.9800345 -0.05771203 0.1902575 0.9800364 0.01947123 0.1978863 0.9800316 0.06006109 0.6098276 0.7902551 -0.1778647 0.5863918 0.7902587 -0.3887482 0.473682 0.7902533 -0.5404262 0.2888601 0.7902527 -0.6098276 0.06006109 0.7902551 -0.5863918 -0.1778647 0.7902587 -0.4736876 -0.3887223 0.7902626 -0.2888601 -0.5404262 0.7902527 -0.06006109 -0.6098276 0.7902551 0.1778647 -0.5863918 0.7902587 0.3887482 -0.473682 0.7902533 0.5404262 -0.2888601 0.7902527 0.6098276 -0.06006109 0.7902551 0.5863918 0.1778647 0.7902587 0.473682 0.3887482 0.7902533 0.2888601 0.5404262 0.7902527 0.07620636 0.8567341 -0.5100974 -0.2786442 0.9186103 0.2802007 -0.241897 0.8253981 -0.5101018 -0.6089814 0.7420453 0.2801974 -0.5518848 0.6597103 -0.5101035 -0.8465984 0.452506 0.2801954 -0.7546902 0.4125953 -0.5101056 -0.9553222 0.09406118 0.2801998 -0.8567341 0.07620636 -0.5100974 -0.9186103 -0.2786442 0.2802007 -0.8253981 -0.241897 -0.5101018 -0.7420453 -0.6089814 0.2801974 -0.6597103 -0.5518848 -0.5101035 -0.452506 -0.8465984 0.2801954 -0.4125953 -0.7546902 -0.5101056 -0.09409143 -0.9553195 0.280199 -0.07620636 -0.8567341 -0.5100974 0.2786442 -0.9186103 0.2802007 0.241897 -0.8253981 -0.5101018 0.6089814 -0.7420453 0.2801974 0.5518848 -0.6597103 -0.5101035 0.8465984 -0.452506 0.2801954 0.7546902 -0.4125953 -0.5101056 0.9553222 -0.09406118 0.2801998 0.8567341 -0.07620636 -0.5100974 0.9186103 0.2786442 0.2802007 0.8253981 0.241897 -0.5101018 0.7420453 0.6089814 0.2801974 0.6597103 0.5518848 -0.5101035 0.452506 0.8465984 0.2801954 0.4125953 0.7546902 -0.5101056 0.09409143 0.9553195 0.280199 0.2360397 0.7781009 0.5821031 0.8819184 0.4714023 0 -0.3832926 0.7171133 0.5820956 0.9569466 -0.290264 0 -0.7781009 0.2360397 0.5821031 0.4714023 -0.8819184 0 -0.7171133 -0.3832926 0.5820956 -0.290264 -0.9569466 0 -0.2360397 -0.7781009 0.5821031 -0.8819184 -0.4714023 0 0.3832926 -0.7171133 0.5820956 -0.9569466 0.290264 0 0.7781131 -0.2360342 0.5820894 -0.4714023 0.8819184 0 0.7171133 0.3832926 0.5820956 0.290264 0.9569466 0 0.09372444 0.1753633 -0.9800324 0.153695 0.1261361 -0.9800345 0.1902575 0.05771203 -0.9800364 0.197857 -0.01947135 -0.9800375 0.1753633 -0.09372444 -0.9800324 0.1261361 -0.153695 -0.9800345 0.05771203 -0.1902575 -0.9800364 -0.01947135 -0.197857 -0.9800375 -0.09372444 -0.1753633 -0.9800324 -0.153695 -0.1261361 -0.9800345 -0.1902575 -0.05771203 -0.9800364 -0.197857 0.01947135 -0.9800375 -0.1753633 0.09372444 -0.9800324 -0.1261361 0.153695 -0.9800345 -0.05771203 0.1902575 -0.9800364 0.01947123 0.1978863 -0.9800316 0.06006109 0.6098276 -0.7902551 -0.1778647 0.5863918 -0.7902587 -0.3887482 0.473682 -0.7902533 -0.5404262 0.2888601 -0.7902527 -0.6098276 0.06006109 -0.7902551 -0.5863918 -0.1778647 -0.7902587 -0.4736876 -0.3887223 -0.7902626 -0.2888601 -0.5404262 -0.7902527 -0.06006109 -0.6098276 -0.7902551 0.1778647 -0.5863918 -0.7902587 0.3887482 -0.473682 -0.7902533 0.5404262 -0.2888601 -0.7902527 0.6098276 -0.06006109 -0.7902551 0.5863918 0.1778647 -0.7902587 0.473682 0.3887482 -0.7902533 0.2888601 0.5404262 -0.7902527 0.07620636 0.8567341 0.5100974 -0.2786442 0.9186103 -0.2802007 -0.241897 0.8253981 0.5101018 -0.6089814 0.7420453 -0.2801974 -0.5518848 0.6597103 0.5101035 -0.8465984 0.452506 -0.2801954 -0.7546902 0.4125953 0.5101056 -0.9553222 0.09406118 -0.2801998 -0.8567341 0.07620636 0.5100974 -0.9186103 -0.2786442 -0.2802007 -0.8253981 -0.241897 0.5101018 -0.7420453 -0.6089814 -0.2801974 -0.6597103 -0.5518848 0.5101035 -0.452506 -0.8465984 -0.2801954 -0.4125953 -0.7546902 0.5101056 -0.09409143 -0.9553195 -0.280199 -0.07620636 -0.8567341 0.5100974 0.2786442 -0.9186103 -0.2802007 0.241897 -0.8253981 0.5101018 0.6089814 -0.7420453 -0.2801974 0.5518848 -0.6597103 0.5101035 0.8465984 -0.452506 -0.2801954 0.7546902 -0.4125953 0.5101056 0.9553222 -0.09406118 -0.2801998 0.8567341 -0.07620636 0.5100974 0.9186103 0.2786442 -0.2802007 0.8253981 0.241897 0.5101018 0.7420453 0.6089814 -0.2801974 0.6597103 0.5518848 0.5101035 0.452506 0.8465984 -0.2801954 0.4125953 0.7546902 0.5101056 0.09409143 0.9553195 -0.280199 0.3167249 -0.7125242 -0.6260948 0.7213972 -0.2773947 -0.6345378 0.7213972 0.2773947 -0.6345378 0.3167249 0.7125242 -0.6260948 -0.7213972 -0.2773947 -0.6345378 -0.3167249 -0.7125242 -0.6260948 -0.3167249 0.7125242 -0.6260948 -0.7213972 0.2773947 -0.6345378 0.3881112 -0.8342391 0.3916819 0.8526718 -0.3513964 0.3866153 0.6615388 -0.173747 0.7295055 0.2092986 -0.6146812 0.7605005 0.8526718 0.3513964 0.3866153 0.3880853 0.8342491 0.3916866 0.2092986 0.6146812 0.7605005 0.6615388 0.173747 0.7295055 -0.8526718 -0.3513964 0.3866153 -0.3880853 -0.8342491 0.3916866 -0.2092986 -0.6146812 0.7605005 -0.6615388 -0.173747 0.7295055 -0.3880853 0.8342491 0.3916866 -0.8526718 0.3513964 0.3866153 -0.6615388 0.173747 0.7295055 -0.2092986 0.6146812 0.7605005 0.3167249 -0.7125242 0.6260948 0.7213972 -0.2773947 0.6345378 0.7213972 0.2773947 0.6345378 0.3167249 0.7125242 0.6260948 -0.7213972 -0.2773947 0.6345378 -0.3167249 -0.7125242 0.6260948 -0.3167249 0.7125242 0.6260948 -0.7213972 0.2773947 0.6345378 0.3880853 -0.8342491 -0.3916866 0.8526718 -0.3513964 -0.3866153 0.6615388 -0.173747 -0.7295055 0.2092986 -0.6146812 -0.7605005 0.8526718 0.3513964 -0.3866153 0.3880853 0.8342491 -0.3916866 0.2092986 0.6146812 -0.7605005 0.6615388 0.173747 -0.7295055 -0.8526718 -0.3513964 -0.3866153 -0.3880853 -0.8342491 -0.3916866 -0.2092986 -0.6146812 -0.7605005 -0.6615388 -0.173747 -0.7295055 -0.3880853 0.8342491 -0.3916866 -0.8526718 0.3513964 -0.3866153 -0.6615388 0.173747 -0.7295055 -0.2092986 0.6146812 -0.7605005 1 0 0 1 0 0 1 0 0 1 0 0 -1 0 0 -1 0 0 0 0 -1 0 0 -1 0 0 1 0 0 1 0 1 0 0 1 0 0 1 0 0 1 0 0 1 0 0 0 -1 0 0 -1 0.8660316 0 -0.4999893 0.8660316 0 0.4999893 0.8660316 0 -0.4999893 0.8660316 0 -0.4999893 0.8660316 0 0.4999893 0 -1 0 0 -1 0 0 -1 0 0 -1 0 0 -1 0 0 -1 0 0 0 1 0 0 1 0 1 0 0 1 0 0 1 0 0 1 0 0 1 0 0 0 -1 0 0 -1 0.8660316 0 -0.4999893 0.8660316 0 0.4999893 0.8660316 0 -0.4999893 0.8660316 0 -0.4999893 0.8660316 0 0.4999893 0 -1 0 0 -1 0 0 -1 0 0 -1 0 0 -1 0 0 -1 0 -0.7781009 0.2360397 -0.5821031 -0.9569466 0.290264 0 -0.7171133 -0.3832926 -0.5820956 -0.8819184 -0.4714023 0 0.3832926 -0.7171133 -0.5820956 0.4714023 -0.8819184 0 0.7781131 -0.2360342 -0.5820894 0.9569466 -0.290264 0 0.7171133 0.3832926 -0.5820956 0.8819184 0.4714023 0 0.290264 0.9569466 0 0.2360342 0.7781131 -0.5820894 0.8465984 -0.452506 0.2801954 0.5404262 -0.2888601 0.7902527 -0.452506 -0.8465984 0.2801954 -0.2888601 -0.5404262 0.7902527 0.7420453 0.6089814 0.2801974 0.473682 0.3887482 0.7902533 0.6089814 -0.7420453 0.2801974 0.3887482 -0.473682 0.7902533 -0.6089814 0.7420453 0.2801974 -0.3887482 0.473682 0.7902533 0.6597103 0.5518848 -0.5101035 0.7546902 -0.4125953 -0.5101056 0.8465984 -0.452506 0.2801954 -0.4125953 -0.7546902 -0.5101056 -0.7546902 0.4125953 -0.5101056 -0.8465984 0.452506 0.2801954 0.1261361 -0.153695 0.9800345 0.05771203 -0.1902575 0.9800364 0.1778647 -0.5863918 0.7902587 -0.01947135 -0.197857 0.9800375 -0.09372444 -0.1753633 0.9800324 -0.2888601 -0.5404262 0.7902527 -0.153695 -0.1261361 0.9800345 0.2888601 0.5404262 0.7902527 0.09372444 0.1753633 0.9800324 0.153695 0.1261361 0.9800345 0.473682 0.3887482 0.7902533 0.1902575 0.05771203 0.9800364 -0.1778647 0.5863918 0.7902587 0.6098276 -0.06006109 0.7902551 0.197857 -0.01947135 0.9800375 0.1753633 -0.09372444 0.9800324 -0.05771203 0.1902575 0.9800364 -0.1753633 0.09372444 0.9800324 -0.197857 0.01947135 0.9800375 0.1902575 0.05771203 0.9800364 -0.1902575 -0.05771203 0.9800364 0.01947123 0.1978863 0.9800316 -0.3832926 0.7171133 -0.5820956 -0.241897 0.8253981 -0.5101018 0.07620636 0.8567341 -0.5100974 0.2360342 0.7781131 -0.5820894 -0.7171133 -0.3832926 -0.5820956 -0.6597103 -0.5518848 -0.5101035 -0.8253981 -0.241897 -0.5101018 -0.2360397 -0.7781009 -0.5821031 -0.4125953 -0.7546902 -0.5101056 -0.07620636 -0.8567341 -0.5100974 0.3832926 -0.7171133 -0.5820956 0.241897 -0.8253981 -0.5101018 0.5518848 -0.6597103 -0.5101035 0.7781131 -0.2360342 -0.5820894 0.7546902 -0.4125953 -0.5101056 0.8567341 -0.07620636 -0.5100974 -0.5518848 0.6597103 -0.5101035 0.7171133 0.3832926 -0.5820956 0.8253981 0.241897 -0.5101018 -0.7781009 0.2360397 -0.5821031 -0.7546902 0.4125953 -0.5101056 0.6597103 0.5518848 -0.5101035 -0.8567341 0.07620636 -0.5100974 0.4125953 0.7546902 -0.5101056 -0.7781009 0.2360397 0.5821031 -0.9569466 0.290264 0 -0.7171133 -0.3832926 0.5820956 -0.8819184 -0.4714023 0 0.3832926 -0.7171133 0.5820956 0.4714023 -0.8819184 0 0.7781131 -0.2360342 0.5820894 0.9569466 -0.290264 0 0.2360397 0.7781009 0.5821031 0.290264 0.9569466 0 0.9553222 -0.09406118 -0.2801998 0.6098276 -0.06006109 -0.7902551 -0.2786442 0.9186103 -0.2802007 -0.1778647 0.5863918 -0.7902587 -0.09409143 -0.9553195 -0.280199 -0.06006109 -0.6098276 -0.7902551 -0.9186103 -0.2786442 -0.2802007 -0.6098276 0.06006109 -0.7902551 0.8567341 -0.07620636 0.5100974 -0.07620636 -0.8567341 0.5100974 -0.6597103 -0.5518848 0.5101035 -0.9186103 -0.2786442 -0.2802007 -0.9553222 0.09406118 -0.2801998 -0.8465984 0.452506 -0.2801954 -0.6089814 0.7420453 -0.2801974 -0.2786442 0.9186103 -0.2802007 -0.241897 0.8253981 0.5101018 -0.2888601 -0.5404262 -0.7902527 -0.09372444 -0.1753633 -0.9800324 -0.4736876 -0.3887223 -0.7902626 -0.5863918 -0.1778647 -0.7902587 -0.1902575 -0.05771203 -0.9800364 0.06006109 0.6098276 -0.7902551 0.2888601 0.5404262 -0.7902527 -0.197857 0.01947135 -0.9800375 0.473682 0.3887482 -0.7902533 -0.1753633 0.09372444 -0.9800324 0.1902575 0.05771203 -0.9800364 0.1753633 -0.09372444 -0.9800324 0.197857 -0.01947135 -0.9800375 0.1753633 -0.09372444 -0.9800324 -0.1902575 -0.05771203 -0.9800364 -0.153695 -0.1261361 -0.9800345 -0.3832926 0.7171133 0.5820956 0.2360397 0.7781009 0.5821031 0.07620636 0.8567341 0.5100974 -0.241897 0.8253981 0.5101018 -0.7171133 -0.3832926 0.5820956 -0.8253981 -0.241897 0.5101018 -0.6597103 -0.5518848 0.5101035 -0.2360397 -0.7781009 0.5821031 -0.4125953 -0.7546902 0.5101056 -0.07620636 -0.8567341 0.5100974 0.3832926 -0.7171133 0.5820956 0.241897 -0.8253981 0.5101018 0.5518848 -0.6597103 0.5101035 0.7781131 -0.2360342 0.5820894 0.7546902 -0.4125953 0.5101056 0.8567341 -0.07620636 0.5100974 -0.5518848 0.6597103 0.5101035 0.7171133 0.3832926 0.5820956 0.8253981 0.241897 0.5101018 -0.7781009 0.2360397 0.5821031 -0.7546902 0.4125953 0.5101056 0.6597103 0.5518848 0.5101035 -0.8567341 0.07620636 0.5100974 0.4125953 0.7546902 0.5101056 0.8526718 -0.3513964 0.3866153 0.8526718 0.3513964 0.3866153 0.3881112 -0.8342391 0.3916819 -0.3880853 -0.8342491 0.3916866 -0.8526718 0.3513964 0.3866153 -0.8526718 -0.3513964 0.3866153 0 0 1 0 0 1 0 0 1 0 0 1 0 0 1 0 0 1 0 0 1 0 0 1 -0.3880853 0.8342491 0.3916866 0.3880853 0.8342491 0.3916866 0.3881112 -0.8342391 0.3916819 0.8526718 -0.3513964 0.3866153 0.8526718 0.3513964 0.3866153 0.3880853 0.8342491 0.3916866 -0.3880853 0.8342491 0.3916866 -0.8526718 0.3513964 0.3866153 -0.8526718 -0.3513964 0.3866153 -0.3880853 -0.8342491 0.3916866 0.3880853 0.8342491 0.3916866 0.3167249 0.7125242 -0.6260948 0.3167249 -0.7125242 -0.6260948 0.3881112 -0.8342391 0.3916819 -0.3167249 -0.7125242 -0.6260948 -0.3880853 -0.8342491 0.3916866 -0.3880853 0.8342491 0.3916866 -0.3167249 0.7125242 -0.6260948 -0.3167249 -0.7125242 -0.6260948 -0.7213972 -0.2773947 -0.6345378 -0.7213972 0.2773947 -0.6345378 -0.3167249 0.7125242 -0.6260948 0.3167249 -0.7125242 -0.6260948 0.3167249 0.7125242 -0.6260948 0.7213972 -0.2773947 -0.6345378 0.7213972 0.2773947 -0.6345378 0.8526718 0.3513964 -0.3866153 0.8526718 -0.3513964 -0.3866153 0.3880853 -0.8342491 -0.3916866 -0.3880853 -0.8342491 -0.3916866 -0.8526718 -0.3513964 -0.3866153 -0.8526718 0.3513964 -0.3866153 0 0 -1 0 0 -1 0 0 -1 0 0 -1 0 0 -1 0 0 -1 0 0 -1 0 0 -1 -0.3880853 0.8342491 -0.3916866 0.3880853 0.8342491 -0.3916866 0.3880853 -0.8342491 -0.3916866 0.8526718 -0.3513964 -0.3866153 0.3880853 0.8342491 -0.3916866 0.8526718 0.3513964 -0.3866153 -0.3880853 0.8342491 -0.3916866 -0.8526718 0.3513964 -0.3866153 -0.3880853 -0.8342491 -0.3916866 -0.8526718 -0.3513964 -0.3866153 0.3880853 0.8342491 -0.3916866 0.3167249 0.7125242 0.6260948 0.3167249 -0.7125242 0.6260948 0.3880853 -0.8342491 -0.3916866 -0.3880853 -0.8342491 -0.3916866 -0.3167249 -0.7125242 0.6260948 -0.3167249 0.7125242 0.6260948 -0.3880853 0.8342491 -0.3916866 -0.3167249 0.7125242 0.6260948 -0.7213972 0.2773947 0.6345378 -0.7213972 -0.2773947 0.6345378 -0.3167249 -0.7125242 0.6260948 0.3167249 0.7125242 0.6260948 0.3167249 -0.7125242 0.6260948 0.7213972 0.2773947 0.6345378 0.7213972 -0.2773947 0.6345378 0 0 -1 0 0 -1 -1 0 0 -1 0 0 0 0 1 0 0 1 0 0 1 0 0 1 0 -1 0 0 -1 0 0 -1 0 0 -1 0 0 1 0 0 1 0 0 1 0 0 1 0 0.6615388 -0.173747 0.7295055 0.2092986 -0.6146812 0.7605005 0.2092986 0.6146812 0.7605005 0.6615388 0.173747 0.7295055 -0.6615388 0.173747 0.7295055 -0.2092986 0.6146812 0.7605005 -0.2092986 -0.6146812 0.7605005 -0.6615388 -0.173747 0.7295055 0.2092986 -0.6146812 -0.7605005 0.6615388 -0.173747 -0.7295055 0.2092986 0.6146812 -0.7605005 0.6615388 0.173747 -0.7295055 -0.2092986 0.6146812 -0.7605005 -0.6615388 0.173747 -0.7295055 -0.2092986 -0.6146812 -0.7605005 -0.6615388 -0.173747 -0.7295055  
			<Tangents>: 533 1 0 0 1 0 0 0.8660316 0 -0.4999893 0.8660316 0 -0.4999893 -0.8660316 0 -0.4999893 -0.8660316 0 -0.4999893 -1 0 0 -1 0 0 -0.4999893 0 0.8660316 -0.4999893 0 0.8660316 0.4999893 0 0.8660316 0.4999866 0 -0.8660331 1 0 0 1 0 0 0.8660316 0 -0.4999893 0.8660316 0 -0.4999893 -0.8660316 0 -0.4999893 -0.8660316 0 -0.4999893 -1 0 0 -1 0 0 -0.4999893 0 0.8660316 -0.4999893 0 0.8660316 0.4999893 0 0.8660316 0.4999866 0 -0.8660331 0.1689635 0.5570273 0.8131247 -1.513196E-06 2.830947E-06 1 -0.2743971 0.5133629 0.8131204 -2.315308E-06 -7.633139E-06 1 -0.5570369 0.1689791 0.813115 -7.034796E-06 -3.760233E-06 1 -0.5133708 -0.2743824 0.8131204 -7.633265E-06 2.315346E-06 1 -0.1689885 -0.557034 0.813115 -1.513173E-06 2.830905E-06 1 0.2743824 -0.5133708 0.8131204 -1.383594E-06 -4.561452E-06 1 0.5570228 -0.1689785 0.8131247 -4.932869E-06 -2.636713E-06 1 0.5133616 0.2743997 0.8131204 0 0 1 0.9871331 0.1117226 -0.1143947 0.9817653 0.09279501 -0.1659097 0.9761716 0.0949973 -0.1951013 0.9741869 0.1147612 -0.1943958 0.9789572 0.1221189 -0.1634922 0.9874804 0.1137845 -0.1092501 0.991571 0.1249894 -0.0341267 0.9924771 0.1146788 0.04287067 0.9877142 0.1072567 0.1136512 0.9811301 0.09826791 0.1665145 0.9754075 0.1020377 0.1953676 0.9746269 0.1106636 0.194566 0.9792055 0.1197415 0.163764 0.9864175 0.1242141 0.1074776 0.9917399 0.1235626 0.03441363 0.9947686 0.09448153 -0.03884157 0.9918619 0.05257583 -0.1159556 0.9832633 0.1381083 0.1188246 0.9205383 0.163825 0.3546416 0.8413764 0.1799234 0.5096207 0.7909421 0.1092928 0.6020513 0.8003995 0.0227427 0.5990353 0.8641332 -0.03195485 0.5022477 0.9401884 -0.004445231 0.3406259 0.9877763 0.0777733 0.1350896 0.98283 0.1459142 -0.1129349 0.9206411 0.166211 -0.3532619 0.8407679 0.1492461 -0.520418 0.7907454 0.1130654 -0.6016128 0.8011275 0.01687863 -0.5982556 0.8665121 -0.04532795 -0.4970938 0.9426149 -0.01617728 -0.3334897 0.9723263 -0.1771651 -0.1522962 0.9537804 0.230504 0.1927975 0.89912 0.3883198 0.2019676 0.7038398 0.3426661 0.6222455 0.4593326 0.751018 0.4743265 0.4370505 0.2906175 0.8511923 -0.1908161 0.6058569 0.7723514 0.2898875 0.1132412 0.9503376 -0.4589821 0.338464 0.8214484 0.3421935 -0.206288 0.9167054 -0.4668116 -0.2157144 0.8576446 0.5716466 -0.3565394 0.7389857 -0.05031206 -0.6448062 0.7626885 0.8435081 -0.3043884 0.4425401 0.7033885 -0.6197796 0.3480198 0.9841442 -0.04674632 0.1710993 0.9650516 -0.1920212 0.1783347 0.9575672 0.2433662 -0.1543959 0.9224136 0.3587342 -0.1430487 0.7126483 0.3567762 -0.6040224 0.4853746 0.7515194 -0.4467999 0.4246762 0.2569945 -0.8681036 -0.1848814 0.6122517 -0.7687436 0.2903099 0.1206229 -0.9492999 -0.4569237 0.3465888 -0.819205 0.3431456 -0.2108236 -0.9153166 -0.4675195 -0.2136012 -0.8577879 0.5848053 -0.3837711 -0.7146485 0.06826576 -0.7199634 -0.6906464 0.8371076 -0.294954 -0.4607092 0.5708451 -0.6506108 -0.5008407 0.9885041 -0.05619015 -0.1403653 0.1689735 0.5570385 -0.813115 -2.63671E-06 4.932864E-06 -1 -0.2743971 0.5133629 -0.8131204 -2.315308E-06 -7.633139E-06 -1 -0.5570369 0.1689791 -0.813115 -7.034796E-06 -3.760233E-06 -1 -0.5133708 -0.2743824 -0.8131204 -7.633265E-06 2.315346E-06 -1 -0.1689885 -0.557034 -0.813115 -1.513173E-06 2.830905E-06 -1 0.2743824 -0.5133708 -0.8131204 -1.383594E-06 -4.561452E-06 -1 0.5570228 -0.1689785 -0.8131247 -4.932869E-06 -2.636713E-06 -1 0.5133629 0.2743971 -0.8131204 0 0 -1 0.9883035 0.1025546 0.1128662 0.9816327 0.09395953 0.1660388 0.9726806 0.12418 0.1961421 0.9737822 0.1183996 0.1942417 0.9785884 0.1255542 0.1630976 0.9861822 0.1263829 0.1071072 0.9922053 0.1195321 0.03522349 0.9915778 0.1217103 -0.04427239 0.9869169 0.1133451 -0.1146644 0.9815718 0.09449009 -0.1660975 0.9747607 0.1076688 -0.1955736 0.9740601 0.1159136 -0.1943473 0.9783914 0.1273451 -0.1628911 0.9864175 0.1242141 -0.1074776 0.9918547 0.122582 -0.03461076 0.9946471 0.09565663 0.03907643 0.9921678 0.0503944 0.1142955 0.9818339 0.1596738 -0.1025008 0.9213428 0.1984783 -0.3342659 0.8413764 0.1799234 -0.5096207 0.7889186 0.14114 -0.5980693 0.8010796 0.01727226 -0.5983086 0.8651517 -0.03755841 -0.5001019 0.9420485 -0.01335787 -0.3352108 0.9864735 0.08470459 -0.1403393 0.9827651 0.1469541 0.1121487 0.9213423 0.1981787 0.3344453 0.8413602 0.193622 0.5046024 0.7865514 0.1681538 0.5941895 0.8011275 0.01687863 0.5982556 0.8647131 -0.03512035 0.5010368 0.9442174 -0.02445684 0.3284134 0.9723263 -0.1771651 0.1522962 0.9598563 0.2761367 -0.0492374 0.7688559 0.4837464 -0.4181506 0.7411551 0.4065125 -0.5342627 0.4593326 0.751018 -0.4743265 0.4712609 0.3926561 -0.7897686 -0.06844516 0.723748 -0.6866616 0.2941737 0.2106721 -0.9322441 -0.4589821 0.338464 -0.8214484 0.3681053 -0.3455135 -0.8632027 -0.4668116 -0.2157144 -0.8576446 0.5716466 -0.3565394 -0.7389857 0.07191599 -0.7220077 -0.6881374 0.8312386 -0.2866533 -0.4763111 0.5588355 -0.6519397 -0.5125207 0.9639567 -0.01706662 -0.2655112 0.9969351 -0.05638986 0.05422823 0.9575672 0.2433662 0.1543959 0.9224136 0.3587342 0.1430487 0.7530873 0.4300218 0.4979365 0.4853746 0.7515194 0.4467999 0.4747217 0.4039723 0.7819499 -0.05519163 0.7348222 0.6760105 0.295471 0.2798575 0.9134422 -0.4861937 0.2107123 0.8480661 0.3431456 -0.2108236 0.9153166 -0.4675195 -0.2136012 0.8577879 0.5764999 -0.3664395 0.7303218 -0.04442118 -0.6489397 0.759542 0.8371076 -0.294954 0.4607092 0.5708451 -0.6506108 0.5008407 0.9885041 -0.05619015 0.1403653 0.9485174 0.237923 0.2090629 0.2120931 0.96074 -0.1788717 -0.2120931 0.96074 0.1788717 -0.9485174 0.237923 -0.2090629 0.2120933 -0.96074 0.1788715 0.9485174 -0.237923 -0.2090629 -0.9485174 -0.237923 0.2090629 -0.2120932 -0.96074 -0.1788717 0.9216126 0.3513163 -0.1649458 0.3215605 0.9362204 0.14174 0.1167156 0.9847903 0.128707 -0.02741544 0.7737314 0.6329203 -0.3215605 0.9362204 -0.1417401 -0.1171285 0.4661957 -0.8768936 0.02741502 0.7737315 -0.6329203 -0.1167156 0.9847903 -0.128707 0.3215606 -0.9362204 -0.1417398 0.9216235 -0.3512929 0.1649348 0.02739616 0.7737345 0.6329175 -0.1167156 0.9847903 0.128707 0.1171462 0.4662014 -0.8768883 -0.3215605 -0.9362204 0.14174 0.1167156 0.9847903 -0.128707 -0.0273943 0.7737347 -0.6329172 0.9485174 0.237923 -0.2090629 0.2120931 0.96074 0.1788717 -0.2120931 0.96074 -0.1788717 -0.9485174 0.237923 0.2090629 0.2120933 -0.96074 -0.1788714 0.9485174 -0.237923 0.2090629 -0.9485174 -0.237923 -0.2090629 -0.2120931 -0.96074 0.1788717 0.9216235 0.3512929 0.1649348 0.3215605 0.9362204 -0.14174 0.1167156 0.9847903 -0.128707 -0.02741528 0.7737314 -0.6329203 -0.3215605 0.9362204 0.14174 -0.1171288 0.4661958 0.8768936 0.02741485 0.7737315 0.6329202 -0.1167156 0.9847903 0.128707 0.3215606 -0.9362204 0.1417399 0.9216235 -0.3512929 -0.1649348 0.02739599 0.7737345 -0.6329174 -0.1167156 0.9847903 -0.128707 0.1171465 0.4662015 0.8768882 -0.3215605 -0.9362204 -0.14174 0.1167156 0.9847903 0.128707 -0.02739413 0.7737347 0.6329172 0 0 -1 0 0 -1 0 0 -1 0 0 -1 0 0 -1 0 0 -1 -1 0 0 -1 0 0 -1 0 0 -1 0 0 0.4999866 0 -0.8660331 0.5000019 0 -0.8660243 0.4999981 0 -0.8660265 0.5000134 0 -0.8660176 0.5000135 0 -0.8660176 1 0 0 1 0 0 0.4999893 0 0.8660316 -0.4999893 0 0.8660316 0.4999893 0 0.8660316 0.4999893 0 0.8660316 -0.4999893 0 0.8660316 -0.500004 0 -0.8660231 -0.4999866 0 -0.8660331 -0.5000039 0 -0.8660231 -0.5000039 0 -0.8660231 -0.5000039 0 -0.8660232 -0.4999866 0 -0.8660331 -1 0 0 -1 0 0 0.4999865 0 -0.8660332 0.5000019 0 -0.8660243 0.4999981 0 -0.8660265 0.5000134 0 -0.8660176 0.5000135 0 -0.8660176 1 0 0 1 0 0 0.4999893 0 0.8660316 -0.4999893 0 0.8660316 0.4999893 0 0.8660316 0.4999893 0 0.8660316 -0.4999893 0 0.8660316 -0.5000039 0 -0.8660231 -0.4999866 0 -0.8660331 -0.5000039 0 -0.8660232 -0.5000039 0 -0.8660231 -0.5000038 0 -0.8660232 -0.4999866 0 -0.8660331 -0.5570351 0.1689847 0.813115 0 0 1 -0.5133708 -0.2743824 0.8131204 -3.760209E-06 7.034751E-06 1 0.2743824 -0.5133708 0.8131204 -7.034721E-06 -3.760192E-06 1 0.5570273 -0.1689635 0.8131247 0 0 1 0.5133643 0.2743945 0.8131204 -3.760209E-06 7.034751E-06 1 -4.561398E-06 1.383578E-06 1 0.1689691 0.5570257 0.8131247 0.4959347 0.4796073 -0.7238961 0.8391614 0.2533794 -0.4812557 0.8134534 -0.2631129 0.5187149 0.9437522 -0.02200429 0.3299206 0.5652383 -0.3437015 -0.7499166 0.8613661 -0.01753382 -0.507682 0.7591586 0.4429222 -0.4769676 0.9202495 0.2414231 -0.3079867 0.7558372 0.4357719 0.4886849 0.9180096 0.2720464 0.2885292 -0.1768467 -0.5456982 -0.8191085 0.110015 0.8460795 -0.5215806 0.5217577 0.6016853 -0.6047674 0.3562881 -0.6490831 0.6721234 0.09038094 0.8354723 0.5420492 0.516296 0.5703676 0.6388421 0.9860106 0.1279375 -0.1068413 0.9942492 0.09965781 -0.03920212 0.9787906 0.188377 -0.08051734 0.991128 0.1250814 0.04494403 0.9862579 0.1181669 0.1154642 0.9351751 0.01743471 0.3537563 0.9815633 0.09456457 0.1661057 0.9370046 0.00976566 -0.3491805 0.9889397 0.09725698 -0.1119791 0.9810197 0.09919349 -0.1666163 0.8600752 -0.01115647 -0.5100453 0.9726806 0.12418 -0.1961421 0.9832316 0.1387436 0.1183461 0.7881781 0.1503604 -0.5967972 0.9734734 0.1210976 -0.1941258 0.9781852 0.1291882 -0.162678 0.992101 0.1204483 0.03503949 0.9777235 0.1332081 0.1622109 0.9733312 0.1223195 0.1940728 0.9752153 0.1037405 -0.1954305 0.9748048 0.1072931 0.1955601 0.9936166 0.1051095 -0.04096467 0.8430682 0.01421855 -0.5376186 0.9056527 0.003377847 -0.4240068 0.9701195 -0.1818945 -0.1605692 0.9577089 -0.2877146 0.003740872 0.6942347 -0.46658 -0.548034 0.7512041 -0.5039407 -0.4263053 0.5608954 -0.4540332 -0.692279 0.9580935 -0.2863995 -0.005669781 0.9086255 -0.3806485 -0.1717741 0.9704242 -0.1812542 0.1594483 0.8436115 0.01522366 0.5367381 0.9059286 0.00382557 0.4234132 0.718859 0.06630573 0.6919865 0.5595239 -0.1606572 0.8130943 0.5405566 -0.04958163 0.8398454 0.4726916 -0.2796307 0.835685 0.7174959 0.06389796 -0.6936257 0.6940748 -0.46862 0.5464938 0.5607033 -0.456567 0.6907665 0.5600585 -0.158908 -0.8130699 0.5373065 -0.05748042 -0.841426 0.7511598 -0.5052444 0.4248377 0.4733209 -0.2767001 -0.836304 0.9086417 -0.3805145 0.1719854 -0.5570351 0.1689847 -0.813115 0 0 -1 -0.5133708 -0.2743824 -0.8131204 -3.760209E-06 7.034751E-06 -1 0.2743824 -0.5133708 -0.8131204 -7.034721E-06 -3.760192E-06 -1 0.5570273 -0.1689635 -0.8131247 0 0 -1 0.1689791 0.5570369 -0.813115 -4.561398E-06 1.383578E-06 -1 0.2803595 -0.011784 0.9598227 0.7922089 0.07476146 0.6056533 0.9307314 0.1863381 -0.3146701 0.9836778 0.128179 -0.1262857 0.9930732 -0.07016753 -0.09424473 0.9883222 0.07473958 -0.13279 0.2847398 0.02492806 -0.9582807 0.7925262 0.05067043 -0.6077292 -0.4075967 0.5059723 0.7601691 0.8388391 -0.3316449 -0.4316952 -0.2906324 -0.4385964 -0.8503917 0.3302741 -0.1520593 -0.9315562 0.2871424 0.07063842 -0.9552798 0.4681395 0.3826407 -0.7965121 0.7517714 0.4273195 -0.5022328 0.9340364 0.1913228 -0.3016151 0.9690151 0.2325653 0.08320487 0.9387492 0.00212739 -0.3445946 0.9874884 0.1090109 -0.1139435 0.8538793 0.01702179 -0.5201926 0.796618 0.05015393 -0.6023988 0.9775754 0.08065201 -0.1945291 0.991018 0.05833377 0.1203348 0.9373054 0.008472566 0.3484061 0.9737628 0.1185712 -0.1942344 0.862493 -0.02327465 0.5055334 0.9804949 0.1063688 -0.1652736 0.9755949 0.100353 0.1953048 0.9800993 0.1106771 0.1647908 0.9735428 0.1204967 0.1941517 0.9778173 0.1324029 0.1623047 0.9746596 0.1085247 -0.1956044 0.9810007 0.09935205 -0.1666337 0.8430682 0.01421855 0.5376186 0.9577069 -0.2877213 -0.003746102 0.9701195 -0.1818945 0.1605692 0.9056527 0.003377847 0.4240068 0.6942347 -0.46658 0.548034 0.5608954 -0.4540332 0.692279 0.7512041 -0.5039407 0.4263053 0.9580935 -0.2863995 0.005669781 0.9086255 -0.3806485 0.1717741 0.9704242 -0.1812542 -0.1594483 0.8436115 0.01522366 -0.5367381 0.9059286 0.00382557 -0.4234132 0.718859 0.06630573 -0.6919865 0.5595239 -0.1606572 -0.8130943 0.5405566 -0.04958163 -0.8398454 0.4726916 -0.2796307 -0.835685 0.7174959 0.06389796 0.6936257 0.6940748 -0.46862 -0.5464938 0.5607033 -0.456567 -0.6907665 0.5600585 -0.158908 0.8130699 0.5373065 -0.05748042 0.841426 0.7511598 -0.5052444 -0.4248377 0.4733209 -0.2767001 0.836304 0.9086417 -0.3805145 -0.1719854 0.3200355 0.9362268 0.1451093 -0.3200354 0.9362268 -0.1451093 0.1171335 0.4662008 0.8768903 -0.1171455 0.4662012 0.8768885 0.3200354 0.9362268 -0.1451093 -0.3200355 0.9362268 0.1451093 -8.244883E-07 1 0 -6.62989E-07 1 0 3.895064E-07 1 0 -1.736905E-07 1 0 -5.330805E-07 1 0 -5.856981E-08 1 0 2.318024E-06 1 0 -1.229306E-06 1 0 -0.9216235 -0.3512929 -0.1649348 -0.9216235 0.3512929 0.1649348 0.2586989 0.5065247 0.8225008 0.1118807 0.8456562 0.52187 -0.111885 0.8456595 -0.5218637 -0.2587262 0.506524 -0.8224927 0.2587248 0.5065236 -0.8224933 0.1118988 0.8456704 -0.5218431 -0.1119233 0.8456897 0.5218066 -0.2588298 0.5065495 0.8224444 -0.8673571 0.4742894 -0.1508018 -0.8121375 0.5447198 0.2090768 0.8121371 0.5447201 -0.2090773 0.867348 0.4743105 0.1507881 0.8121371 -0.5447201 0.2090773 0.8673571 -0.4742894 -0.1508018 -0.8673571 -0.4742894 0.1508018 -0.8121374 -0.5447198 -0.2090768 -0.3216354 0.7016476 -0.6357998 -0.2082857 0.960756 -0.1832073 0.2082854 0.960756 0.1832076 0.3216344 0.7016476 0.6358003 0.3216339 0.7016476 -0.6358005 -0.3216346 0.7016476 0.6358002 0.2082857 0.960756 -0.1832073 -0.2082858 0.960756 0.1832072 -0.3200355 0.9362268 0.1451093 0.3200354 0.9362268 -0.1451093 0.1171276 0.4661954 -0.8768939 -0.1171458 0.4662012 -0.8768884 -0.3200354 0.9362268 -0.1451093 0.3200355 0.9362268 0.1451093 -7.690561E-07 1 0 1.178009E-06 1 0 -1.417357E-06 1 0 -2.291107E-07 1 0 -6.620712E-07 1 0 7.044748E-08 1 0 -1.206558E-06 1 0 2.361728E-06 1 0 -0.9216235 -0.3512929 0.1649348 -0.9216235 0.3512929 -0.1649348 0.2586864 0.5065141 -0.8225113 0.111881 0.8456564 -0.5218695 -0.2587265 0.506524 0.8224925 -0.1118852 0.8456597 0.5218633 0.2587252 0.5065237 0.8224932 0.111899 0.8456706 0.5218427 -0.2588301 0.5065495 -0.8224443 -0.1119236 0.84569 -0.5218062 -0.8673571 0.4742894 0.1508018 -0.8121371 0.5447201 -0.2090773 0.8121371 0.5447201 0.2090773 0.8673571 0.4742894 -0.1508018 0.8673571 -0.4742894 0.1508018 0.8121371 -0.5447201 -0.2090773 -0.8121371 -0.5447201 0.2090773 -0.8673571 -0.4742894 -0.1508018 0.3216337 0.7016476 -0.6358007 0.2082857 0.960756 -0.1832073 -0.2082861 0.960756 0.1832068 -0.3216348 0.7016476 0.6358001 -0.3216352 0.7016476 -0.6357999 0.3216346 0.7016476 0.6358002 -0.2082857 0.960756 -0.1832073 0.2082858 0.960756 0.1832072 -1 0 0 -1 0 0 0 0 -1 0 0 -1 -1 0 0 -1 0 0 -1 0 0 -1 0 0 -1 0 0 -1 0 0 -1 0 0 -1 0 0 -1 0 0 -1 0 0 -1 0 0 -1 0 0 0.1090932 0.9847383 0.1356069 0.1629126 0.7887756 0.5926993 -0.1629133 0.7887756 -0.5926992 -0.1092336 0.9847401 -0.13548 0.1090939 0.9847383 -0.1356062 0.1629117 0.7887756 -0.5926996 -0.1629129 0.7887756 0.5926992 -0.1092344 0.9847402 0.1354793 0.1629119 0.7887756 -0.5926995 0.109234 0.9847402 -0.1354796 -0.1629126 0.7887756 0.5926993 -0.1090928 0.9847382 0.1356072 0.1629124 0.7887756 0.5926994 0.1092344 0.9847402 0.1354793 -0.1629136 0.7887756 -0.5926991 -0.109093 0.9847383 -0.135607  
			<BiTangents>: 533 0 1 0 0 1 0 0 1 0 0 1 0 0 1 0 0 1 0 0 1 0 0 1 0 0 1 0 0 1 0 0 1 0 0.8660331 0 0.4999866 0 1 0 0 1 0 0 1 0 0 1 0 0 1 0 0 1 0 0 1 0 0 1 0 0 1 0 0 1 0 0 1 0 0.8660331 0 0.4999866 -0.9569427 0.2902771 -4.764907E-06 -0.4714023 0.8819184 -3.209988E-06 -0.8819258 -0.4713884 -5.606601E-06 0.290264 0.9569466 7.976558E-06 -0.2902907 -0.9569385 -3.73233E-09 0.8819184 0.4714023 7.976698E-06 0.4713798 -0.8819304 7.966664E-06 0.9569466 -0.290264 7.97669E-06 0.9569368 -0.2902962 7.976186E-06 0.4714023 -0.8819184 3.209941E-06 0.8819304 0.4713798 7.966664E-06 -0.290264 -0.9569466 -4.766673E-06 0.2902858 0.9569401 7.980268E-06 -0.8819184 -0.4714023 -5.593341E-06 -0.4713898 0.8819249 -7.97002E-06 -0.9569466 0.290264 0 0.1295524 -0.978144 0.1626358 0.1118695 -0.9876633 0.1095739 0.1043605 -0.9938033 0.0382629 0.1086852 -0.9932023 -0.04167505 0.1043573 -0.9880803 -0.1131674 0.0947215 -0.9815452 -0.1661231 0.1160013 -0.9737452 -0.1958672 0.1208718 -0.9734995 -0.1941356 0.1250453 -0.9786438 -0.1631562 0.1173094 -0.9871338 -0.1086526 0.1112757 -0.9931051 -0.03687933 0.1046661 -0.9936672 0.04087288 0.1020019 -0.9883713 0.1127738 0.1052153 -0.9802799 0.1672753 0.1145484 -0.9739273 0.195817 0.1002811 -0.975661 0.1950114 0.1122612 -0.7907882 0.601707 0.03946353 -0.7981671 0.6011422 -0.03852411 -0.8653247 0.499729 -0.005024144 -0.9403124 0.3402753 0.05020931 -0.9921935 0.1141546 0.1245198 -0.9837921 -0.1290267 0.1699822 -0.9208007 -0.3510444 0.1805703 -0.8413797 -0.5093865 0.1438421 -0.7887089 -0.5977021 0.04908589 -0.7967771 -0.6022764 -0.035985 -0.8648695 -0.5007053 -0.03238581 -0.9456667 -0.3235208 0.05321696 -0.9917706 -0.1164434 0.119747 -0.9839102 0.1325948 0.1574237 -0.9202284 0.358326 0.1674424 -0.8412359 0.5140868 0.2208488 0.4843751 0.8465262 -0.1125183 -0.3209718 0.9403812 -0.3647863 0.4097874 0.8360654 -0.3657202 -0.5761499 0.7309583 -0.6960149 -0.02746638 0.7175018 -0.3037399 -0.8430776 0.4438043 -0.6277196 -0.6802224 0.3785045 -0.05765973 -0.9891051 0.135449 -0.2352492 -0.9378884 0.2549963 0.1976326 -0.937978 -0.2848486 0.317498 -0.9460196 -0.06512996 0.3501271 -0.7085347 -0.6126904 0.7498341 -0.5288178 -0.3976188 0.2893655 -0.4365991 -0.8518503 0.5788002 0.2152111 -0.7865586 0.1503563 -0.2918552 -0.9445706 0.2507349 0.47868 -0.8414258 -0.0736383 -0.3113325 -0.9474437 -0.301063 0.4359218 -0.8481352 -0.3482442 -0.5675206 -0.7460874 -0.6781112 0.0010092 -0.7349587 -0.3208134 -0.8539275 -0.4097397 -0.6294931 -0.6744724 -0.3857792 -0.05549377 -0.9882321 -0.1425406 -0.2392226 -0.9349165 -0.2621139 0.1959748 -0.936969 0.2892802 0.3164547 -0.946499 0.06321445 0.327676 -0.6941625 0.640911 0.7484131 -0.4208039 0.5126421 0.307391 -0.4430273 0.8421624 0.7098598 0.0845468 0.6992502 0.1183493 -0.290185 0.9496242 -0.9569395 0.2902875 4.768834E-06 -0.4714023 0.8819184 5.593334E-06 -0.8819258 -0.4713884 5.606601E-06 0.290264 0.9569466 -7.976558E-06 -0.2902907 -0.9569385 3.73233E-09 0.8819184 0.4714023 -7.976698E-06 0.4713798 -0.8819304 -7.966664E-06 0.9569466 -0.290264 -7.97669E-06 0.9569368 -0.2902962 -7.976186E-06 0.4714023 -0.8819184 -3.209941E-06 0.8819304 0.4713798 -7.966664E-06 -0.290264 -0.9569466 4.766673E-06 0.2902858 0.9569401 -7.980268E-06 -0.8819184 -0.4714023 5.593341E-06 -0.4713884 0.8819258 5.606601E-06 -0.9569466 0.290264 0 0.1202994 -0.9791477 -0.1637003 0.1130271 -0.9875532 -0.1093782 0.1330206 -0.99058 -0.03250921 0.1122539 -0.9927751 0.04238703 0.107761 -0.9876497 0.1137353 0.1073978 -0.9800026 0.1675127 0.1104443 -0.9744302 0.1956729 0.1280403 -0.9726455 0.1938207 0.1311898 -0.9779574 0.1624458 0.1135544 -0.9875026 0.109289 0.1168063 -0.9925104 0.03577064 0.1098155 -0.9930684 -0.04190059 0.1095354 -0.9874204 -0.1140308 0.1052153 -0.9802799 -0.1672753 0.1135499 -0.9740512 -0.1957822 0.1014792 -0.9755465 -0.1949645 0.109525 -0.7909303 -0.6020246 0.06607803 -0.7941341 -0.6041397 -0.001487611 -0.8580395 -0.5135816 -0.005024144 -0.9403124 -0.3402753 0.0756159 -0.988166 -0.1334544 0.1200675 -0.9839034 0.1323554 0.1647197 -0.9205891 0.3540947 0.1706006 -0.8412854 0.5129662 0.152521 -0.7879946 0.5964913 0.05036865 -0.796586 0.6024233 -0.001809363 -0.8581088 0.5134648 0.007250832 -0.9375876 0.3476737 0.09719673 -0.9839293 0.149786 0.119747 -0.9839102 -0.1325948 0.1670232 -0.9206744 -0.3527915 0.1581561 -0.8410359 -0.5173444 0.2208488 0.4843751 -0.8465262 0.03214373 -0.2826722 -0.9586779 -0.5919006 0.2910454 -0.7516291 -0.2825434 -0.5330257 -0.7975292 -0.6960149 -0.02746638 -0.7175018 -0.2473546 -0.800662 -0.5456704 -0.6525013 -0.5531311 -0.5179654 -0.0286577 -0.9730209 -0.2289301 -0.2352492 -0.9378884 -0.2549963 0.1437133 -0.8960903 0.4199627 0.317498 -0.9460196 0.06512996 0.3501271 -0.7085347 0.6126904 0.7480712 -0.4172867 0.5160052 0.3229254 -0.4484428 0.8334376 0.7193525 0.07360151 0.690735 0.248866 -0.295082 0.9224925 -0.01769485 0.5126665 0.8584054 -0.0736383 -0.3113325 0.9474437 -0.301063 0.4359218 0.8481352 -0.2490004 -0.5142471 0.8207001 -0.6781112 0.0010092 0.7349587 -0.2406458 -0.7950124 0.5568167 -0.6537557 -0.5383322 0.5317913 -0.007503442 -0.9554226 0.2951465 -0.1721118 -0.9745733 0.1434733 0.1959748 -0.936969 -0.2892802 0.3164547 -0.946499 -0.06321445 0.342077 -0.7034656 -0.6229924 0.750206 -0.523737 -0.4035968 0.307391 -0.4430273 -0.8421624 0.7098598 0.0845468 -0.6992502 0.1183493 -0.290185 -0.9496242 1.949394E-09 0.6600772 -0.7511978 -0.6592439 0.00554353 -0.7519087 -0.6592439 -0.005543591 -0.7519087 1.949394E-09 -0.6600772 -0.7511978 0.6592439 0.005543814 -0.7519088 -1.949394E-09 0.6600772 -0.7511978 -1.949394E-09 -0.6600772 -0.7511978 0.6592439 -0.005543611 -0.7519087 -8.685537E-09 -0.4249963 -0.9051951 0.4117641 -0.003462562 -0.9112839 0.7407724 -3.185069E-08 -0.671756 0.9774674 0.1533188 -0.1450892 0.4117641 0.003462463 -0.9112839 0.9141503 -0.2944318 -0.278638 0.9774674 -0.1533185 -0.1450894 0.7407725 -3.033384E-08 -0.671756 -0.411764 -0.003462725 -0.911284 -4.090628E-09 -0.4249963 -0.9051951 0.9774679 -0.1533035 0.1451017 0.7407724 3.185069E-08 0.671756 0.914148 0.2944228 0.278655 -0.4117641 0.003462487 -0.9112839 0.7407725 3.033384E-08 0.671756 0.977468 0.1533021 0.1451029 1.949394E-09 0.6600772 0.7511978 -0.6592439 0.005543601 0.7519087 -0.6592439 -0.005543519 0.7519087 1.949394E-09 -0.6600772 0.7511978 0.6592439 0.005543885 0.7519088 -1.949394E-09 0.6600772 0.7511978 -1.949394E-09 -0.6600772 0.7511978 0.6592439 -0.00554355 0.7519087 4.090628E-09 -0.4249963 0.9051951 0.4117641 -0.003462475 0.9112839 0.7407725 3.033384E-08 0.671756 0.9774674 0.1533187 0.1450893 0.4117641 0.003462538 0.9112839 0.9141503 -0.2944317 0.2786383 0.9774674 -0.1533184 0.1450896 0.7407724 3.185069E-08 0.671756 -0.4117641 -0.00346265 0.911284 -4.090628E-09 -0.4249963 0.9051951 0.9774679 -0.1533034 -0.1451018 0.7407725 -3.033384E-08 -0.671756 0.914148 0.2944227 -0.2786553 -0.4117641 0.003462562 0.9112839 0.7407724 -3.185069E-08 -0.671756 0.977468 0.1533019 -0.145103 0 1 0 0 1 0 0 1 0 0 1 0 0 1 0 0 1 0 0 1 0 0 1 0 0 1 0 0 1 0 0.8660331 0 0.4999866 0.8660243 0 0.5000019 0.8660265 0 0.4999981 0.8660176 0 0.5000134 0.8660176 0 0.5000135 0 1 0 0 1 0 0 1 0 0 1 0 0 1 0 0 1 0 0 1 0 -0.8660231 0 0.500004 -0.8660331 0 0.4999866 -0.8660231 0 0.5000039 -0.8660231 0 0.5000039 -0.8660232 0 0.5000039 -0.8660331 0 0.4999866 0 1 0 0 1 0 0.8660332 0 0.4999865 0.8660243 0 0.5000019 0.8660265 0 0.4999981 0.8660176 0 0.5000134 0.8660176 0 0.5000135 0 1 0 0 1 0 0 1 0 0 1 0 0 1 0 0 1 0 0 1 0 -0.8660231 0 0.5000039 -0.8660331 0 0.4999866 -0.8660232 0 0.5000039 -0.8660231 0 0.5000039 -0.8660232 0 0.5000038 -0.8660331 0 0.4999866 -0.290294 -0.9569375 4.763843E-06 -0.290264 -0.9569466 0 0.4713798 -0.8819304 7.966664E-06 0.4714023 -0.8819184 7.976648E-06 0.8819304 0.4713798 7.966664E-06 0.8819184 0.4714023 7.976612E-06 0.2902771 0.9569427 -4.764907E-06 0.290264 0.9569466 0 -0.4713868 0.8819265 -3.22181E-06 -0.4714023 0.8819184 -7.976648E-06 -0.9569466 0.290264 -4.766617E-06 -0.9569416 0.2902803 2.527631E-10 -0.1931836 -0.7518079 -0.6304482 0.06121821 -0.9232328 -0.379333 0.3654202 -0.4626475 -0.8077285 0.1609088 -0.8411037 -0.5163846 0.360381 -0.7148504 0.5992616 0.1835043 -0.9211772 0.34316 -0.2298259 -0.5031785 -0.8330614 0.04489767 -0.8469595 -0.5297584 -0.2405242 -0.5093836 0.8262423 0.07831448 -0.8376253 0.5406021 0.7304161 -0.6305844 0.2624037 -0.6467916 -0.3375125 -0.6839196 -0.1050714 -0.6581892 -0.7454844 0.8383459 -0.09557037 -0.5366958 -0.649826 -0.3629754 0.6678135 -0.1292655 -0.6855065 0.7164994 0.1089622 -0.9798009 -0.1676824 0.09020979 -0.9766629 -0.1949148 0.1016518 -0.787819 -0.6074604 0.131477 -0.9722177 -0.1936661 0.1360555 -0.9773864 -0.1618783 0.204957 -0.8412108 -0.5003569 0.1136285 -0.9874955 -0.1092765 0.1964236 -0.8413348 0.503561 0.114952 -0.9796881 0.1643084 0.1182294 -0.9870412 0.1084965 0.1894628 -0.9212765 0.3396373 0.1330206 -0.99058 0.03250921 0.04024612 -0.798057 0.6012366 0.08297878 -0.9868052 -0.1390328 0.1149003 -0.9924496 -0.04291484 0.1113617 -0.9871809 -0.1143347 0.1113772 -0.9743174 0.1957059 0.1153451 -0.9866465 0.1149964 0.1160989 -0.9922997 0.04315384 0.1129482 -0.9929286 0.03654425 0.1164373 -0.992551 -0.03584466 0.111117 -0.9745732 0.1945765 0.3772569 0.6968116 0.6100253 0.3482513 0.564541 0.7483411 0.230349 0.482619 0.844996 0.1645648 0.5583552 0.8131161 0.06153684 0.7971135 -0.6006858 0.02179051 0.6644298 -0.7470329 0.06414293 0.8575195 -0.5104371 0.1623024 0.5590476 -0.8130952 0.06453466 0.5343682 -0.8427846 0.229062 0.4828599 -0.8452082 0.3760404 0.6967903 -0.6108002 0.347533 0.5645382 -0.7486771 0.4226878 0.7485893 -0.5108318 0.2854349 0.9583721 -0.00705726 0.3718081 0.9095641 -0.1856123 0.2063234 0.9570785 0.203547 0.4249975 0.7487987 0.5086038 0.06331462 0.7959159 0.6020873 0.0658013 0.8561731 0.512482 0.2844177 0.9586623 0.008549625 0.3764895 0.9090991 0.1783102 0.02326547 0.663439 0.7478685 0.2048757 0.9579299 -0.2009884 0.06430692 0.5344636 0.8427415 -0.290294 -0.9569375 -4.763843E-06 -0.290264 -0.9569466 0 0.4713798 -0.8819304 -7.966664E-06 0.4714023 -0.8819184 -7.976648E-06 0.8819304 0.4713798 -7.966664E-06 0.8819184 0.4714023 -7.976612E-06 0.2902771 0.9569427 4.764907E-06 0.290264 0.9569466 0 -0.9569385 0.2902907 3.73233E-09 -0.9569466 0.290264 4.766617E-06 -0.09358394 -0.9954967 0.01511343 0.02270442 -0.9953911 0.09317252 -0.2368471 -0.3484726 -0.9069015 0.02724163 -0.7998217 -0.5996191 0.07037295 -0.2871257 0.9553044 0.1400423 -0.7890021 0.5982172 0.2740042 -0.9600708 0.05644191 0.003541689 -0.9969078 -0.07850021 -0.3160248 -0.8591767 0.4024222 0.5390192 0.3949917 0.7439355 0.6930478 -0.7092648 0.128951 0.2169656 -0.9482802 0.2317122 -0.07006188 -0.9930573 -0.09449141 -0.2532123 -0.8054964 -0.5357789 -0.2529457 -0.5164948 -0.818078 -0.2234579 -0.3457609 -0.9113265 -0.04995481 0.5144234 -0.8560801 0.1879091 -0.8413888 0.5067101 0.1268158 -0.9784499 0.1629522 0.2156621 -0.9211977 0.3238589 0.14678 -0.982776 0.1122803 0.09026857 -0.9950702 0.04107322 0.119482 -0.7903844 -0.6008466 0.1949833 -0.8413488 -0.504097 0.1124222 -0.9927546 -0.04242061 0.1781323 -0.92105 -0.3463174 0.08875471 -0.9898997 -0.1105495 0.109621 -0.9932767 -0.03721065 0.09302218 -0.9894273 0.111268 0.1143109 -0.9925228 0.04279731 0.1145473 -0.9867549 0.114864 0.1176469 -0.9924171 0.03560195 0.118387 -0.9870253 0.1084697 0.3772569 0.6968116 -0.6100253 0.1645687 0.5583684 -0.8131063 0.230349 0.482619 -0.844996 0.3482513 0.564541 -0.7483411 0.06153684 0.7971135 0.6006858 0.06414293 0.8575195 0.5104371 0.02179051 0.6644298 0.7470329 0.1623024 0.5590476 0.8130952 0.06453466 0.5343682 0.8427846 0.229062 0.4828599 0.8452082 0.3760404 0.6967903 0.6108002 0.347533 0.5645382 0.7486771 0.4226878 0.7485893 0.5108318 0.2854349 0.9583721 0.00705726 0.3718081 0.9095641 0.1856123 0.2063234 0.9570785 -0.203547 0.4249975 0.7487987 -0.5086038 0.06331462 0.7959159 -0.6020873 0.0658013 0.8561731 -0.512482 0.2844177 0.9586623 -0.008549625 0.3764895 0.9090991 -0.1783102 0.02326547 0.663439 -0.7478685 0.2048757 0.9579299 0.2009884 0.06430692 0.5344636 -0.8427415 0.4129505 -3.658754E-08 -0.9107535 0.4129505 -3.84635E-08 -0.9107535 0.9141386 0.2944518 -0.2786551 0.9141482 -0.2944232 0.2786543 0.4129505 3.84635E-08 0.9107535 0.4129505 3.658754E-08 0.9107535 1 8.244883E-07 0 1 6.62989E-07 0 1 -3.895064E-07 0 1 1.736905E-07 0 1 5.330805E-07 0 1 5.856981E-08 0 1 -2.318024E-06 0 1 1.229306E-06 0 -4.090628E-09 0.4249963 -0.9051951 4.090628E-09 0.4249963 -0.9051951 0.884559 0.2178941 -0.4124047 0.5103269 0.401729 -0.7603817 0.5103259 -0.401722 -0.760386 0.8845623 -0.2178577 -0.4124165 0.8845628 0.2178585 0.4124153 0.5103229 0.4016992 0.7604001 0.5103176 -0.4016585 0.7604252 0.8845321 -0.2177984 0.4125129 0.3115791 0.2812082 -0.9076566 -0.4900184 -0.4422552 -0.7511939 -0.490019 0.4422548 -0.7511938 0.3115722 -0.281202 -0.9076608 0.490019 0.4422548 -0.7511938 -0.3115791 -0.2812082 -0.9076566 -0.3115791 0.2812082 -0.9076566 0.4900185 -0.4422552 -0.7511939 0.8923206 6.391836E-07 -0.4514022 0.6604567 -3.242168E-08 -0.7508641 0.6604569 4.580212E-07 -0.750864 0.8923209 1.464705E-07 -0.4514015 0.8923211 5.205288E-07 0.4514012 0.8923209 2.189963E-08 0.4514017 0.6604567 3.242168E-08 0.7508641 0.6604567 2.819334E-08 0.7508641 0.4129505 3.658754E-08 0.9107535 0.4129505 3.84635E-08 0.9107535 0.9141504 0.2944323 0.2786371 0.9141481 -0.294423 -0.2786546 0.4129505 -3.84635E-08 -0.9107535 0.4129505 -3.658754E-08 -0.9107535 1 7.690561E-07 0 1 -1.178009E-06 0 1 1.417357E-06 0 1 2.291107E-07 0 1 6.620712E-07 0 1 -7.044748E-08 0 1 1.206558E-06 0 1 -2.361728E-06 0 -4.090628E-09 0.4249963 0.9051951 4.090628E-09 0.4249963 0.9051951 0.8845741 0.2178805 0.4123796 0.5103269 0.4017285 0.760382 0.8845623 -0.2178575 0.4124169 0.5103258 -0.4017215 0.7603863 0.8845627 0.2178583 -0.4124156 0.5103229 0.4016987 -0.7604004 0.8845319 -0.2177982 -0.4125132 0.5103175 -0.401658 -0.7604255 0.3115791 0.2812082 0.9076566 -0.490019 -0.4422548 0.7511938 -0.490019 0.4422548 0.7511938 0.3115791 -0.2812082 0.9076566 -0.3115791 -0.2812082 0.9076566 0.490019 0.4422548 0.7511938 0.490019 -0.4422548 0.7511938 -0.3115791 0.2812082 0.9076566 0.8923212 6.888989E-07 0.4514011 0.6604567 3.242168E-08 0.7508641 0.6604566 5.251575E-07 0.7508642 0.8923208 1.902697E-07 0.4514018 0.8923206 4.894725E-07 -0.4514021 0.8923209 -2.189963E-08 -0.4514017 0.6604567 -3.242168E-08 -0.7508641 0.6604567 -2.819334E-08 -0.7508641 0 1 0 0 1 0 0 1 0 0 1 0 0 1 0 0 1 0 0 1 0 0 1 0 0 0 -1 0 0 -1 0 0 -1 0 0 -1 0 0 -1 0 0 -1 0 0 -1 0 0 -1 0.7419333 0.01012512 -0.6703972 0.9641854 0.0001560527 -0.265229 0.9641853 -0.00015546 -0.2652294 0.7419127 -0.009938704 -0.6704229 0.7419332 0.0101242 0.6703973 0.9641856 0.0001568053 0.2652284 0.9641854 -0.0001557672 0.2652292 0.7419125 -0.009937757 0.670423 0.9641855 0.0001566228 0.2652285 0.7419126 0.009938178 0.670423 0.9641854 -0.0001560414 0.265229 0.7419333 -0.01012562 0.6703972 0.9641855 0.0001561785 -0.2652289 0.7419125 0.009937736 -0.670423 0.9641853 -0.0001552549 -0.2652296 0.7419333 -0.01012536 -0.6703972  
			<SubMeshes>: 1
				<SubMesh>: 0 1308 0 2 3 0 3 1 4 6 7 4 7 5 240 8 9 240 9 241 11 242 243 243 244 11 243 245 244 245 246 244 10 247 248 10 248 249 250 251 252 250 252 253 254 255 256 256 257 254 256 258 257 258 259 257 12 14 15 12 15 13 16 18 19 16 19 17 260 20 21 260 21 261 23 262 263 263 264 23 263 265 264 265 266 264 22 267 268 22 268 269 270 271 272 270 272 273 274 275 276 276 277 274 276 278 277 278 279 277 24 39 37 24 37 26 26 37 35 26 35 28 280 281 33 280 33 30 282 283 31 282 31 32 32 31 29 32 29 34 284 285 27 284 27 36 286 287 25 286 25 38 288 289 290 288 290 291 95 68 67 95 67 93 87 64 63 87 63 85 101 71 70 101 70 99 79 60 59 79 59 77 73 57 56 73 56 103 292 293 66 292 66 91 294 295 62 294 62 83 296 297 69 296 69 97 77 59 58 77 58 75 298 299 65 298 65 89 83 62 61 83 61 81 97 69 68 97 68 95 300 301 57 300 57 73 89 65 64 89 64 87 103 56 71 103 71 101 81 61 60 81 60 79 48 47 46 102 101 99 102 99 100 302 296 97 302 97 98 98 97 95 98 95 96 96 95 93 96 93 94 303 304 298 303 298 92 92 298 89 92 89 90 90 89 87 90 87 88 88 87 85 88 85 86 305 294 83 305 83 84 84 83 81 84 81 82 82 81 79 82 79 80 80 79 77 80 77 78 306 307 300 306 300 76 76 300 73 76 73 74 74 73 103 74 103 72 72 103 101 72 101 102 67 44 45 293 308 66 66 308 46 299 309 65 310 46 47 65 311 64 64 311 312 64 312 63 313 48 49 295 314 62 62 314 50 62 50 61 56 55 40 56 40 71 61 50 51 61 51 60 315 316 41 71 317 70 60 51 52 60 52 59 318 41 42 297 319 69 59 52 53 59 53 58 69 319 43 69 43 68 58 53 54 58 54 320 321 322 323 68 44 67 57 324 55 57 55 56 325 326 322 325 322 327 326 328 323 326 323 322 328 49 308 328 308 323 53 52 42 53 42 41 54 316 329 53 41 316 53 316 54 49 48 46 49 46 308 330 331 332 330 332 333 334 335 336 337 338 335 337 335 334 337 339 338 340 341 339 340 339 337 340 342 341 343 344 342 343 342 340 343 345 344 330 346 331 347 348 345 347 345 343 349 350 346 349 346 330 347 351 348 349 352 350 333 353 351 333 351 347 334 336 352 334 352 349 333 332 353 104 106 117 104 117 119 106 108 115 106 115 117 354 110 113 354 113 355 356 112 111 356 111 357 112 114 109 112 109 111 358 116 107 358 107 359 360 118 105 360 105 361 118 362 363 118 363 105 175 173 147 175 147 148 167 165 143 167 143 144 181 179 150 181 150 151 159 157 139 159 139 140 153 183 136 153 136 137 173 171 146 173 146 147 165 163 142 165 142 143 179 177 149 179 149 150 157 155 138 157 138 139 171 169 145 171 145 146 163 161 141 163 141 142 177 364 365 177 365 149 155 366 367 155 367 138 169 368 369 169 369 145 183 181 151 183 151 136 370 159 140 161 371 141 128 126 127 182 180 179 182 179 181 180 178 177 180 177 179 178 176 364 178 364 177 372 174 173 372 173 175 174 172 171 174 171 173 172 170 169 172 169 171 170 168 368 170 368 169 373 166 165 373 165 167 166 164 163 166 163 165 374 162 375 164 161 163 162 160 376 162 376 375 160 158 377 160 377 376 158 156 378 158 378 377 156 154 379 156 379 378 380 152 183 380 183 153 152 182 181 152 181 183 147 146 125 147 125 124 146 145 126 146 126 125 145 369 127 145 127 126 369 381 128 369 128 127 143 142 129 143 129 382 383 384 130 142 385 129 386 387 120 386 120 135 141 371 131 384 388 130 387 389 121 387 121 120 140 139 132 371 390 131 150 149 122 389 391 121 139 138 133 139 133 132 149 365 123 149 123 122 138 367 134 138 134 133 148 147 124 365 392 123 367 386 135 367 135 134 132 391 393 132 393 388 388 393 394 388 394 130 395 124 125 395 125 396 133 121 391 133 391 132 134 135 120 133 134 120 133 120 121 396 125 126 396 126 128 397 398 399 397 399 400 401 402 403 404 401 403 404 403 405 404 405 406 407 404 406 407 406 408 407 408 409 410 407 409 410 409 411 410 411 412 397 400 413 414 410 412 414 412 415 416 397 413 416 413 417 414 415 418 416 417 419 398 414 418 398 418 420 401 416 419 401 419 402 398 420 399 196 193 185 196 185 186 192 201 189 192 189 184 191 188 200 191 200 205 204 207 198 204 198 197 194 421 422 194 422 199 423 195 202 423 202 424 206 425 426 206 426 203 427 428 429 429 430 427 430 431 427 430 432 431 432 433 431 432 434 433 435 436 187 435 187 190 437 438 517 437 517 518 519 520 439 519 439 440 441 442 521 441 521 522 523 524 443 523 443 444 445 196 186 445 186 446 447 185 193 447 193 448 188 449 450 188 450 200 205 451 452 205 452 191 453 454 455 455 456 453 456 457 453 456 458 457 458 459 457 458 460 459 220 210 209 220 209 217 216 208 213 216 213 225 215 229 224 215 224 212 228 221 222 228 222 231 218 223 461 218 461 462 463 464 226 463 226 219 230 227 465 230 465 466 467 468 469 469 470 467 470 471 467 470 472 471 472 473 471 472 474 473 475 214 211 475 211 476 477 525 526 477 526 478 527 479 480 527 480 528 481 529 530 481 530 482 531 483 484 531 484 532 485 486 210 485 210 220 487 488 217 487 217 209 212 224 489 212 489 490 229 215 491 229 491 492 493 494 495 495 496 493 496 497 493 496 498 497 498 499 497 498 500 499 233 232 234 233 234 235 501 502 238 501 238 239 503 504 236 503 236 237 505 506 507 505 507 508 509 510 511 509 511 512 513 514 515 513 515 516  
		</Mesh>
		<Materials>: 1
			<Material>: 0
				<AlbedoColor>: 1 1 1 1
				<EmissiveColor>: 0 0 0 0
				<Glossiness>: 0.267
				<Metallic>: 0
				<SpecularHighlight>: 1
				<GlossyReflection>: 1
				<AlbedoMap>: BLD_Doors1_A
				<MetallicMap>: BLD_Doors1_MS
				<NormalMap>: BLD_Doors1_N
				<EmissionMap>: null
				<DetailAlbedoMap>: DET_Concrete1_A
				<DetailNormalMap>: null
		</Materials>
		<Children>: 0
	</Frame>
</Hierarchy>
