<Hierarchy>:
	<Frame>: 0 5 BrickHouse_Floor_Mid_A
		<Transform>: 0 0 0 0 0 0 1 1 1 0 0 0 1  
		<TransformMatrix>: 1 0 0 0 0 1 0 0 0 0 1 0 0 0 0 1  
		<BoxCollider>: 1 -2 -0.05 0 4 0.3000005 11.2  
		<Mesh>: 72 BrickHouse_Floor_Mid_A
			<Bounds>: -2 -0.05 2.384186E-07 2 0.1500002 5.6
			<Positions>: 72 0 0.1 -4.371139E-09 6.67572E-07 0.1000002 5.6 -6.67572E-07 0.09999976 -5.6 6.67572E-07 -0.1999998 5.6 -6.67572E-07 -0.2000002 -5.6 -4 -0.2000002 -5.599999 -4 0.1 4.72466E-07 -3.999999 -0.1999998 5.6 -4 0.09999976 -5.599999 -3.999999 0.1000002 5.6 -3.71683 0.1000002 5.316831 -0.2831686 0.1000002 5.316831 -0.2831693 0.1 2.938527E-08 -0.2831699 0.09999977 -5.316831 -3.716831 0.09999977 -5.31683 -3.716831 0.1 4.387096E-07 -4.805047E-15 -0.2 -3.156538E-08 -4 -0.2 4.452718E-07 -3.71683 -0.1999998 5.316831 -0.2831686 -0.1999998 5.316831 -0.2831693 -0.2 2.19103E-09 -0.2831699 -0.2000002 -5.316831 -3.716831 -0.2000002 -5.31683 -3.716831 -0.2 4.115154E-07 -3.71683 0.1000002 5.316831 -3.999999 0.1000002 5.6 6.67572E-07 0.1000002 5.6 -0.2831686 0.1000002 5.316831 -0.2831693 0.1 2.938527E-08 -6.67572E-07 0.09999976 -5.6 -0.2831699 0.09999977 -5.316831 -0.2831686 0.1000002 5.316831 6.67572E-07 0.1000002 5.6 -0.2831699 0.09999977 -5.316831 -6.67572E-07 0.09999976 -5.6 -4 0.09999976 -5.599999 -3.716831 0.09999977 -5.31683 -3.716831 0.1 4.387096E-07 -3.999999 0.1000002 5.6 -3.71683 0.1000002 5.316831 -4 0.09999976 -5.599999 -4 -0.2000002 -5.599999 -4 0.1 4.72466E-07 -6.67572E-07 0.09999976 -5.6 0 0.1 -4.371139E-09 -6.67572E-07 -0.2000002 -5.6 -3.999999 -0.1999998 5.6 -3.999999 0.1000002 5.6 6.67572E-07 0.1000002 5.6 6.67572E-07 -0.1999998 5.6 -3.71683 -0.1999998 5.316831 -0.2831686 -0.1999998 5.316831 6.67572E-07 -0.1999998 5.6 -3.999999 -0.1999998 5.6 -0.2831693 -0.2 2.19103E-09 -0.2831699 -0.2000002 -5.316831 -6.67572E-07 -0.2000002 -5.6 -4.805047E-15 -0.2 -3.156538E-08 -0.2831686 -0.1999998 5.316831 6.67572E-07 -0.1999998 5.6 -0.2831699 -0.2000002 -5.316831 -3.716831 -0.2000002 -5.31683 -4 -0.2000002 -5.599999 -6.67572E-07 -0.2000002 -5.6 -3.716831 -0.2 4.115154E-07 -4 -0.2 4.452718E-07 -3.71683 -0.1999998 5.316831 -3.999999 -0.1999998 5.6 -3.716831 0.09999977 -5.31683 -4 0.09999976 -5.599999 -3.716831 -0.2000002 -5.31683 -4 -0.2000002 -5.599999  
			<Colors>: 0  
			<TextureCoords0>: 72 0.3992829 0.8793747 0.5954832 0.8668457 0.3453535 0.8525123 0.5954832 0.8525123 0.3453535 0.8668457 0.206393 0.8668457 0.3992829 0.8793747 0.4565224 0.8525122 0.206393 0.8525122 0.4565224 0.8668457 0.2057455 0.986912 0.2057455 0.839842 0.3971353 0.839842 0.5885251 0.839842 0.5885251 0.9869119 0.3971353 0.986912 0.400938 0.8668457 0.400938 0.8525122 0.2057455 0.986912 0.2057455 0.839842 0.3971353 0.839842 0.5885251 0.839842 0.5885251 0.9869119 0.3971353 0.986912 0.4645875 0.8934032 0.4547678 0.8793748 0.5934798 0.8793746 0.5836601 0.8934031 0.3992829 0.8934031 0.5934798 0.8793746 0.5836601 0.893403 0.2149058 0.8934031 0.205086 0.8793747 0.4645875 0.8934031 0.4547678 0.8793747 0.5934798 0.8793746 0.5836601 0.893403 0.3992829 0.8934031 0.205086 0.8793747 0.2149058 0.8934031 0.206393 0.8668457 0.206393 0.8525122 0.400938 0.8668457 0.206393 0.8525122 0.400938 0.8525122 0.206393 0.8668457 0.5954832 0.8525122 0.5954832 0.8668457 0.5954832 0.8525122 0.5954832 0.8668457 0.4645875 0.8934032 0.5836601 0.8934031 0.5934798 0.8793746 0.4547678 0.8793748 0.3992829 0.8934031 0.5836601 0.893403 0.5934798 0.8793746 0.3992829 0.8793747 0.2149058 0.8934031 0.205086 0.8793747 0.4645875 0.8934031 0.5836601 0.893403 0.5934798 0.8793746 0.4547678 0.8793747 0.3992829 0.8934031 0.3992829 0.8793747 0.2149058 0.8934031 0.205086 0.8793747 0.5836601 0.893403 0.5934798 0.8793746 0.5836601 0.893403 0.5934798 0.8793746  
			<TextureCoords1>: 72 0.5000299 0.6112351 0.3582806 0.1919857 0.00390625 0.1615013 0.3582805 0.2185637 0.003906451 0.1880794 0.3582806 0.1880794 0.5000301 0.9656093 0.00390625 0.2185637 0.3582804 0.1615013 0.003906337 0.1919857 0.9710668 0.9405223 0.9710668 0.6363221 0.50003 0.636322 0.02899323 0.6363221 0.02899324 0.9405223 0.50003 0.9405223 0.5000303 0.9960938 0.5000302 0.2490481 0.02899333 0.5822415 0.02899341 0.2780413 0.5000303 0.2780413 0.9710671 0.2780415 0.971067 0.5822418 0.5000301 0.5822417 0.9710668 0.9405223 0.9961542 0.9656093 0.9961538 0.6112349 0.9710668 0.6363221 0.50003 0.636322 0.00390625 0.6112351 0.02899323 0.6363221 0.9710668 0.6363221 0.9961538 0.6112349 0.02899323 0.6363221 0.00390625 0.6112351 0.003906257 0.9656094 0.02899324 0.9405223 0.50003 0.9405223 0.9961542 0.9656093 0.9710668 0.9405223 0.00390625 0.22247 0.00390648 0.2490481 0.50003 0.22247 0.9961543 0.9695157 0.5000303 0.9695157 0.9961543 0.9960938 0.9961541 0.2490481 0.9961538 0.22247 0.003906259 0.9695157 0.00390625 0.9960937 0.02899333 0.5822415 0.02899341 0.2780413 0.00390625 0.2529543 0.003906368 0.6073285 0.5000303 0.2780413 0.9710671 0.2780415 0.9961541 0.2529544 0.5000303 0.2529544 0.02899341 0.2780413 0.00390625 0.2529543 0.9710671 0.2780415 0.971067 0.5822418 0.9961542 0.6073287 0.9961541 0.2529544 0.5000301 0.5822417 0.5000301 0.6073286 0.02899333 0.5822415 0.003906368 0.6073285 0.02899324 0.9405223 0.003906257 0.9656094 0.971067 0.5822418 0.9961542 0.6073287  
			<Normals>: 72 0 1 0 0 0 1 0 0 -1 0 0 1 0 0 -1 0 0 -1 0 1 0 0 0 1 0 0 -1 0 0 1 0 1 0 0 1 0 0 1 0 0 1 0 0 1 0 0 1 0 1 0 0 -1 0 0 0 -1 0 0 -1 0 0 -1 0 0 -1 0 0 -1 0 0 -1 0 0 1 0 0 1 0 0 1 0 0 1 0 0 1 0 0 1 0 0 1 0 0 1 0 0 1 0 0 1 0 0 1 0 0 1 0 0 1 0 0 1 0 0 1 0 0 1 0 -1 0 0 -1 0 0 -1 0 0 1 0 0 1 0 0 1 0 0 -1 0 0 -1 0 0 1 0 0 1 0 0 0 -1 0 0 -1 0 0 -1 0 0 -1 0 0 -1 0 0 -1 0 0 -1 0 0 -1 0 0 -1 0 0 -1 0 0 -1 0 0 -1 0 0 -1 0 0 -1 0 0 -1 0 0 -1 0 0 -1 0 0 -1 0 0 1 0 0 1 0 0 -1 0 0 -1 0  
			<Tangents>: 72 -2.137265E-07 0 -1 1 -2.339121E-07 0 1 7.797069E-08 0 1 -2.339121E-07 0 1 7.797069E-08 0 1 7.797069E-08 0 -2.053549E-08 0 -1 1 -2.339121E-07 0 1 7.797069E-08 0 1 -2.339121E-07 0 -1.345267E-07 0 -1 -1.345267E-07 0 -1 -1.672435E-07 0 -1 -2.415072E-07 0 -1 -2.65394E-07 0 -1 -1.791869E-07 0 -1 0 4.321731E-08 1 0 4.321731E-08 1 -1.345267E-07 0 -1 -1.345267E-07 0 -1 -1.672435E-07 0 -1 -2.415072E-07 0 -1 -2.65394E-07 0 -1 -1.791869E-07 0 -1 1 0 -9.324346E-07 1 0 -9.463748E-07 1 0 -5.010741E-07 1 0 -4.45468E-07 -2.143559E-07 0 -1 -3.413734E-07 0 -1 -3.44002E-07 0 -1 -1.170941E-07 0 -1 -1.170806E-07 0 -1 -1 0 3.853726E-07 -1 0 3.823984E-07 -1 0 4.774063E-07 -1 0 4.892703E-07 -2.084405E-08 0 -1 -1.340674E-07 0 -1 -1.345267E-07 0 -1 0 4.262008E-08 1 0 4.257475E-08 1 0 4.326264E-08 1 0 4.262008E-08 1 0 4.326264E-08 1 0 4.257475E-08 1 0 4.385988E-08 1 0 4.390521E-08 1 0 4.390521E-08 1 0 4.385988E-08 1 1 0 -9.324346E-07 1 0 -4.45468E-07 1 0 -5.010741E-07 1 0 -9.463748E-07 -2.143559E-07 0 -1 -3.44002E-07 0 -1 -3.413734E-07 0 -1 -2.137265E-07 0 -1 -1.170941E-07 0 -1 -1.170806E-07 0 -1 -1 0 3.853726E-07 -1 0 4.892703E-07 -1 0 4.774063E-07 -1 0 3.823984E-07 -2.084405E-08 0 -1 -2.053549E-08 0 -1 -1.345267E-07 0 -1 -1.340674E-07 0 -1 1.026049E-07 0 -1 1.028427E-07 0 -1 1.026049E-07 0 -1 1.028427E-07 0 -1  
			<BiTangents>: 72 1 0 -2.137265E-07 -2.339121E-07 -1 0 -7.797069E-08 1 0 -2.339121E-07 -1 0 -7.797069E-08 1 0 -7.797069E-08 1 0 -1 0 2.053549E-08 -2.339121E-07 -1 0 -7.797069E-08 1 0 -2.339121E-07 -1 0 1 0 -1.345267E-07 1 0 -1.345267E-07 1 0 -1.672435E-07 1 0 -2.415072E-07 1 0 -2.65394E-07 1 0 -1.791869E-07 0 1 -4.321731E-08 0 -1 4.321731E-08 1 0 -1.345267E-07 1 0 -1.345267E-07 1 0 -1.672435E-07 1 0 -2.415072E-07 1 0 -2.65394E-07 1 0 -1.791869E-07 9.324346E-07 0 1 9.463748E-07 0 1 5.010741E-07 0 1 4.45468E-07 0 1 1 0 -2.143559E-07 1 0 -3.413734E-07 1 0 -3.44002E-07 1 0 -1.170941E-07 1 0 -1.170806E-07 -3.853726E-07 0 -1 -3.823984E-07 0 -1 -4.774063E-07 0 -1 -4.892703E-07 0 -1 -1 0 2.084405E-08 -1 0 1.340674E-07 -1 0 1.345267E-07 0 -1 4.262008E-08 0 -1 4.257475E-08 0 -1 4.326264E-08 0 1 -4.262008E-08 0 1 -4.326264E-08 0 1 -4.257475E-08 0 -1 4.385988E-08 0 -1 4.390521E-08 0 1 -4.390521E-08 0 1 -4.385988E-08 9.324346E-07 0 1 4.45468E-07 0 1 5.010741E-07 0 1 9.463748E-07 0 1 1 0 -2.143559E-07 1 0 -3.44002E-07 1 0 -3.413734E-07 1 0 -2.137265E-07 1 0 -1.170941E-07 1 0 -1.170806E-07 -3.853726E-07 0 -1 -4.892703E-07 0 -1 -4.774063E-07 0 -1 -3.823984E-07 0 -1 -1 0 2.084405E-08 -1 0 2.053549E-08 -1 0 1.345267E-07 -1 0 1.340674E-07 -1 0 -1.026049E-07 -1 0 -1.028427E-07 -1 0 -1.026049E-07 -1 0 -1.028427E-07  
			<SubMeshes>: 1
				<SubMesh>: 0 132 9 7 3 9 3 1 18 23 20 18 20 19 15 12 13 15 13 14 2 4 5 2 5 8 10 11 12 10 12 15 23 22 21 23 21 20 24 25 26 24 26 27 28 0 29 28 29 30 31 32 0 31 0 28 33 34 35 33 35 36 68 69 6 68 6 37 37 6 38 37 38 39 40 41 17 40 17 42 43 44 16 43 16 45 42 17 46 42 46 47 44 48 49 44 49 16 50 51 52 50 52 53 54 55 56 54 56 57 58 54 57 58 57 59 60 61 62 60 62 63 70 64 65 70 65 71 64 66 67 64 67 65  
		</Mesh>
		<Materials>: 1
			<Material>: 0
				<AlbedoColor>: 1 1 1 1
				<EmissiveColor>: 0 0 0 0
				<Glossiness>: 0
				<Metallic>: 0
				<SpecularHighlight>: 1
				<GlossyReflection>: 1
				<AlbedoMap>: BLD_BrickHouse1_A
				<MetallicMap>: BLD_BrickHouse1_MS
				<NormalMap>: BLD_BrickHouse1_N
				<EmissionMap>: null
				<DetailAlbedoMap>: DET_Concrete1_A
				<DetailNormalMap>: DET_Concrete1_N
		</Materials>
		<Children>: 0
	</Frame>
</Hierarchy>
