<Hierarchy>:
	<Frame>: 0 5 BrickHouse_Deco_IntColumn_A
		<Transform>: 0 0 0 0 0 0 1 1 1 0 0 0 1  
		<TransformMatrix>: 1 0 0 0 0 1 0 0 0 0 1 0 0 0 0 1  
		<BoxCollider>: 1 1.490116E-08 2.5 -1.117587E-07 0.3999999 5 0.4000002  
		<Mesh>: 90 BrickHouse_Deco_IntColumn_A
			<Bounds>: 1.490116E-08 2.5 -1.117587E-07 0.2 2.5 0.2000001
			<Positions>: 90 0.1813119 8.742277E-09 0.2 0.2 7.925395E-09 0.1813119 0.2 5 0.1813117 0.1813119 5 0.1999998 0.2 -7.925395E-09 -0.1813119 0.1813119 -8.742277E-09 -0.2 0.1813119 5 -0.2000002 0.2 5 -0.1813121 -0.2 7.925395E-09 0.1813119 -0.1813119 8.742277E-09 0.2 -0.1813119 5 0.1999998 -0.2 5 0.1813117 -0.1813119 -8.742277E-09 -0.2 -0.2 -7.925395E-09 -0.1813119 -0.2 5 -0.1813121 -0.1813119 5 -0.2000002 0.1564843 8.742277E-09 0.2 0.1564843 -8.742277E-09 -0.2 0.1564843 5 0.1999998 0.1564843 5 -0.2000002 -0.1584646 -8.742277E-09 -0.2 -0.1584646 8.742277E-09 0.2 -0.1584646 5 0.1999998 -0.1584646 5 -0.2000002 0.2 5 -0.1644584 0.2 -7.188695E-09 -0.1644582 -0.2 -7.188695E-09 -0.1644582 -0.2 5 -0.1644584 0.1813119 5 -0.1814093 -0.1813119 5 -0.1814093 0.1813119 -7.929644E-09 -0.1814091 -0.1813119 -7.929644E-09 -0.1814091 0.1564843 -7.929644E-09 -0.1814091 0.1564843 5 -0.1814093 -0.1584646 -7.929644E-09 -0.1814091 -0.1584646 5 -0.1814093 0.2 7.190624E-09 0.1645023 -0.2 7.190624E-09 0.1645023 0.1813119 5 0.1814575 0.2 5 0.1645021 -0.2 5 0.1645021 -0.1813119 5 0.1814575 0.1813119 7.931771E-09 0.1814578 -0.1813119 7.931771E-09 0.1814578 0.1564843 7.931771E-09 0.1814578 0.1564843 5 0.1814575 -0.1584646 7.931771E-09 0.1814578 -0.1584646 5 0.1814575 0.1813119 8.742277E-09 0.2 0.1813119 5 0.1999998 0.1813119 5 -0.2000002 0.2 5 -0.1813121 0.2 -7.925395E-09 -0.1813119 0.1813119 -8.742277E-09 -0.2 -0.1813119 5 -0.2000002 -0.1813119 -8.742277E-09 -0.2 -0.2 5 0.1813117 -0.2 7.925395E-09 0.1813119 0.2 5 -0.1644584 0.2 -7.188695E-09 -0.1644582 0.2 -7.925395E-09 -0.1813119 0.2 5 -0.1813121 -0.1813119 5 -0.2000002 -0.2 5 -0.1813121 -0.1584646 5 -0.2000002 -0.2 -7.925395E-09 -0.1813119 -0.1813119 -8.742277E-09 -0.2 -0.1584646 -8.742277E-09 -0.2 0.1564843 -8.742277E-09 -0.2 0.1564843 5 -0.2000002 -0.1813119 5 0.1999998 -0.1813119 8.742277E-09 0.2 -0.2 7.190624E-09 0.1645023 -0.2 5 0.1645021 0.2 5 0.1645021 -0.2 -7.188695E-09 -0.1644582 -0.2 5 -0.1644584 0.2 7.190624E-09 0.1645023 0.1813119 8.742277E-09 0.2 0.2 7.925395E-09 0.1813119 0.1813119 5 0.1999998 0.2 5 0.1813117 -0.1813119 5 0.1999998 -0.2 5 0.1813117 -0.1584646 5 0.1999998 0.1564843 8.742277E-09 0.2 -0.2 7.925395E-09 0.1813119 -0.1813119 8.742277E-09 0.2 -0.1584646 8.742277E-09 0.2 0.1564843 5 0.1999998  
			<Colors>: 0  
			<TextureCoords0>: 90 0.7643762 0.9928388 0.7620034 0.9928388 0.7620033 0.7263889 0.7643761 0.7263889 0.6267061 0.8102825 0.6276079 0.8093806 0.6267061 0.8100961 0.6276079 0.8091943 0.69295 0.9928388 0.7913731 0.9928388 0.791373 0.7263889 0.69295 0.726389 0.7123749 0.9928388 0.7100433 0.9928388 0.7100433 0.726389 0.7123749 0.726389 0.7662246 0.9928388 0.6276079 0.8081825 0.7662244 0.7263889 0.625508 0.8100961 0.7141485 0.9928388 0.7896721 0.9928388 0.789672 0.7263889 0.7141485 0.726389 0.6276079 0.808381 0.6258928 0.8102825 0.6258928 0.7909796 0.608305 0.808381 0.6267061 0.809199 0.6092069 0.809199 0.6267108 0.8093807 0.6267108 0.7918814 0.6267108 0.8081825 0.625508 0.809199 0.6267108 0.7929839 0.6103095 0.809199 0.7611204 0.9928388 0.6937424 0.9928388 0.6267061 0.791688 0.7611204 0.7263889 0.6937423 0.726389 0.6092068 0.791688 0.6091998 0.8093807 0.6091998 0.7918814 0.6091999 0.8081825 0.625508 0.791688 0.6091998 0.792984 0.6103094 0.791688 0.7643762 0.9928388 0.7643761 0.7263889 0.7405249 0.726389 0.7429571 0.726389 0.7429572 0.9928388 0.7405249 0.9928388 0.7123749 0.726389 0.7123749 0.9928388 0.7927642 0.7263889 0.7927644 0.9928388 0.7438424 0.726389 0.7438425 0.9928388 0.7429572 0.9928388 0.7429571 0.726389 0.6092069 0.8100961 0.608305 0.8091943 0.6103095 0.8100961 0.6267061 0.7909796 0.6276079 0.7918814 0.6276079 0.7929839 0.7385976 0.9928388 0.7385975 0.726389 0.791373 0.7263889 0.7913731 0.9928388 0.610018 0.7909796 0.608305 0.7925062 0.6276079 0.7925062 0.7092488 0.9928388 0.7092488 0.726389 0.6100181 0.8102825 0.608305 0.8093807 0.6092069 0.8102825 0.6267061 0.7907932 0.6276079 0.7916951 0.6092069 0.7907932 0.608305 0.7916951 0.6103094 0.7907932 0.6083051 0.8081825 0.6092069 0.7909796 0.608305 0.7918814 0.608305 0.7929839 0.625508 0.7907932  
			<TextureCoords1>: 90 0.9961534 0.7619041 0.003906275 0.9241312 0.9961536 0.9241313 0.003906267 0.7619041 0.07957741 0.5922598 0.08328606 0.5959684 0.003906258 0.5126823 0.007614889 0.5089737 0.9961532 0.6807905 0.9961532 0.6755458 0.00390625 0.6755458 0.00390632 0.6807905 0.00390625 0.9149802 0.9961532 0.752753 0.003906298 0.7527531 0.9961532 0.9149802 0.9961534 0.7668312 0.08328605 0.6008954 0.003906264 0.7668312 0.00390625 0.5176094 0.003906253 0.9104462 0.9961533 0.8293326 0.00390625 0.8293326 0.9961532 0.9104462 0.0109595 0.5089737 0.07623278 0.5922598 0.07623277 0.6716395 0.01095955 0.5883535 0.007595603 0.5126823 0.007595622 0.5846448 0.0795967 0.5959684 0.07959668 0.6679308 0.07959669 0.6008954 0.007595603 0.5176094 0.07959668 0.6633968 0.00759562 0.5801108 0.003906272 0.9274671 0.9961532 0.6841264 0.07960632 0.5126823 0.9961536 0.9274671 0.003906311 0.6841264 0.07960635 0.5846447 0.00758598 0.5959684 0.007585954 0.6679308 0.007585978 0.6008954 0.07960632 0.5176094 0.007585958 0.6633968 0.07960635 0.5801107 0.003907019 0.9188864 0.9961543 0.9188865 0.9961532 0.8430177 0.996154 0.8377728 0.003907017 0.8377728 0.003906273 0.8430177 0.003906357 0.7579979 0.9961532 0.7579979 0.00390632 0.6807905 0.9961532 0.6807905 0.9961535 0.9927492 0.003906253 0.9927491 0.00390625 0.9960937 0.9961535 0.9960938 0.003906258 0.5846448 0.007614915 0.5883535 0.003906269 0.5801108 0.07957739 0.6716395 0.08328604 0.6679308 0.08328602 0.6633968 0.00390627 0.8479447 0.9961532 0.8479447 0.00390626 0.8338666 0.9961534 0.8338666 0.01095078 0.6716394 0.07624155 0.5883534 0.07624147 0.5089737 0.9961532 0.7494084 0.003906295 0.7494085 0.01095079 0.5922598 0.003906275 0.5959684 0.00761492 0.5922597 0.08328603 0.5126823 0.07957736 0.5089737 0.08328606 0.5846447 0.07957742 0.5883534 0.08328604 0.5801107 0.003906284 0.6008954 0.007614901 0.6716394 0.00390625 0.6679308 0.003906266 0.6633968 0.08328602 0.5176094  
			<Normals>: 90 0.3826815 0 0.9238803 0.9238803 0 0.3826815 0.9238803 0 0.3826815 0.3826815 0 0.9238803 0 -1 0 0 -1 0 0 1 0 0 1 0 -0.9238803 0 0.3826815 -0.3826815 0 0.9238803 -0.3826815 0 0.9238803 -0.9238803 0 0.3826815 -0.3826815 0 -0.9238803 -0.9238803 0 -0.3826815 -0.9238803 0 -0.3826815 -0.3826815 0 -0.9238803 0 0 1 0 -1 0 0 0 1 0 1 0 0 0 -1 0 0 1 0 0 1 0 0 -1 0 1 0 0 -1 0 0 -1 0 0 1 0 0 1 0 0 1 0 0 -1 0 0 -1 0 0 -1 0 0 1 0 0 -1 0 0 1 0 1 0 0 -1 0 0 0 1 0 1 0 0 -1 0 0 0 1 0 0 -1 0 0 -1 0 0 -1 0 0 1 0 0 -1 0 0 1 0 0.3826815 0 0.9238803 0.3826815 0 0.9238803 0.3826815 0 -0.9238803 0.9238803 0 -0.3826815 0.9238803 0 -0.3826815 0.3826815 0 -0.9238803 -0.3826815 0 -0.9238803 -0.3826815 0 -0.9238803 -0.9238803 0 0.3826815 -0.9238803 0 0.3826815 1 0 0 1 0 0 0.9238803 0 -0.3826815 0.9238803 0 -0.3826815 0 1 0 0 1 0 0 1 0 0 -1 0 0 -1 0 0 -1 0 0 0 -1 0 0 -1 -0.3826815 0 0.9238803 -0.3826815 0 0.9238803 0 -1 0 0 1 0 0 1 0 -1 0 0 -1 0 0 0 -1 0 0 -1 0 0 -1 0 0 1 0 0 1 0 0 1 0 0 1 0 0 1 0 0 -1 0 0 -1 0 0 -1 0 0 -1 0 0 1 0  
			<Tangents>: 90 -0.9238803 0 0.3826815 -0.3826815 -2.364408E-07 0.9238803 -0.3826815 -7.956531E-10 0.9238803 -0.9238803 0 0.3826815 5.86667E-06 0 -1 1.167174E-05 0 -1 1 0 3.111079E-06 1 0 1.136395E-05 -0.3826815 0 -0.9238803 -0.9238803 0 -0.3826815 -0.9238803 2.282687E-05 -0.3826815 -0.3826815 0 -0.9238803 0.9238803 0 -0.3826815 0.3826815 0 -0.9238803 0.3826815 0 -0.9238803 0.9238803 0 -0.3826815 -1 -6.591569E-08 0 0 0 -1 -1 -1.645933E-06 0 1 0 0 1 0 0 -1 0 0 -1 -1.589278E-06 0 1 0 0 1 0 5.026191E-06 7.994817E-07 0 -1 1.931882E-07 0 -1 1 0 -5.026199E-06 1 0 1.753132E-06 1 0 -1.856473E-06 1.242305E-06 0 -1 0 0 -1 4.330874E-07 0 -1 1 0 0 7.569298E-07 0 -1 1 0 0 0 -1.617396E-06 1 0 0 -1 1 0 -2.902724E-07 0 -3.167158E-06 1 0 0 -1 1 0 3.077513E-07 -6.040962E-07 0 -1 5.287493E-07 0 -1 2.84912E-08 0 -1 1 0 0 -3.875583E-07 0 -1 1 0 0 -0.9238803 -3.233272E-07 0.3826815 -0.9238803 0 0.3826815 0.9238803 0 0.3826815 0.3826815 0 0.9238803 0.3826815 0 0.9238803 0.9238803 0 0.3826815 0.9238803 0 -0.3826815 0.9238803 0 -0.3826815 -0.3826815 2.290394E-05 -0.9238803 -0.3826815 7.707182E-08 -0.9238803 0 -3.234379E-06 1 0 -1.684827E-06 1 0.3826815 0 0.9238803 0.3826815 0 0.9238803 1 0 -3.302422E-06 1 0 -1.136395E-05 1 0 0 1.83212E-05 0 -1 1.86915E-06 0 -1 0 0 -1 1 0 0 1 0 0 -0.9238803 0 -0.3826815 -0.9238803 0 -0.3826815 0 0 -1 1 0 7.625484E-07 1 0 -7.62548E-07 0 0 -1 0 0 -1 -1.060389E-06 0 -1 -1.505649E-05 0 -1 0 0 -1 1 0 -1.524198E-06 1 0 -5.478845E-06 1 0 1.61883E-06 1 0 5.478845E-06 1 0 0 -4.969006E-07 0 -1 0 0 -1 -5.130035E-06 0 -1 -1.607189E-05 0 -1 1 0 0  
			<BiTangents>: 90 0 1 0 -9.048154E-08 1 2.18443E-07 -3.044818E-10 1 7.350883E-10 0 1 0 -1 0 -5.86667E-06 -1 0 -1.167174E-05 -3.111079E-06 0 1 -1.136395E-05 0 1 0 1 0 0 1 0 2.10893E-05 1 8.735422E-06 0 1 0 0 1 0 0 1 0 0 1 0 0 1 0 -6.591569E-08 1 0 -1 0 0 -1.645933E-06 1 0 0 0 1 0 1 0 0 1 0 -1.589278E-06 1 0 0 1 0 -5.026191E-06 0 1 -1 0 -7.994817E-07 -1 0 -1.931882E-07 5.026199E-06 0 1 -1.753132E-06 0 1 1.856473E-06 0 1 -1 0 -1.242305E-06 -1 0 0 -1 0 -4.330874E-07 0 0 1 -1 0 -7.569298E-07 0 0 1 0 1 1.617396E-06 0 1 0 2.902724E-07 0 1 0 1 3.167158E-06 0 1 0 -3.077513E-07 0 1 -1 0 6.040962E-07 -1 0 -5.287493E-07 -1 0 -2.84912E-08 0 0 1 -1 0 3.875583E-07 0 0 1 -2.987156E-07 1 1.237313E-07 0 1 0 0 1 0 0 1 0 0 1 0 0 1 0 0 1 0 0 1 0 8.764916E-06 1 2.11605E-05 2.949396E-08 1 7.120514E-08 0 1 3.234379E-06 0 1 1.684827E-06 0 1 0 0 1 0 3.302422E-06 0 1 1.136395E-05 0 1 0 0 1 -1 0 -1.83212E-05 -1 0 -1.86915E-06 -1 0 0 0 1 0 0 1 0 0 1 0 0 1 0 -1 0 0 -7.625484E-07 0 1 7.62548E-07 0 1 0 1 0 0 1 0 -1 0 1.060389E-06 -1 0 1.505649E-05 -1 0 0 1.524198E-06 0 1 5.478845E-06 0 1 -1.61883E-06 0 1 -5.478845E-06 0 1 0 0 1 -1 0 4.969006E-07 -1 0 0 -1 0 5.130035E-06 -1 0 1.607189E-05 0 0 1  
			<SubMeshes>: 1
				<SubMesh>: 0 276 30 5 4 30 4 25 40 37 8 40 8 11 28 24 7 28 7 6 18 16 0 18 0 3 23 20 12 23 12 15 48 1 2 48 2 49 50 51 52 50 52 53 14 54 55 14 55 13 10 56 57 10 57 9 58 59 60 58 60 61 29 62 63 29 63 27 35 64 62 35 62 29 32 17 5 32 5 30 26 65 66 26 66 31 34 67 17 34 17 32 28 6 19 28 19 33 50 53 68 50 68 69 22 21 16 22 16 18 70 71 21 70 21 22 31 66 67 31 67 34 33 19 64 33 64 35 69 68 20 69 20 23 45 33 35 45 35 47 43 31 34 43 34 46 38 28 33 38 33 45 46 34 32 46 32 44 72 26 31 72 31 43 44 32 30 44 30 42 47 35 29 47 29 41 41 29 27 41 27 73 39 36 59 39 59 58 38 74 24 38 24 28 14 13 75 14 75 76 42 30 25 42 25 77 78 42 77 78 77 79 80 81 74 80 74 38 2 1 36 2 36 39 82 41 73 82 73 83 84 47 41 84 41 82 85 44 42 85 42 78 86 72 43 86 43 87 88 46 44 88 44 85 80 38 45 80 45 89 87 43 46 87 46 88 89 45 47 89 47 84 76 75 37 76 37 40  
		</Mesh>
		<Materials>: 1
			<Material>: 0
				<AlbedoColor>: 1 1 1 1
				<EmissiveColor>: 0 0 0 0
				<Glossiness>: 0
				<Metallic>: 0
				<SpecularHighlight>: 1
				<GlossyReflection>: 1
				<AlbedoMap>: BLD_BrickHouse1_A
				<MetallicMap>: BLD_BrickHouse1_MS
				<NormalMap>: BLD_BrickHouse1_N
				<EmissionMap>: null
				<DetailAlbedoMap>: DET_Concrete1_A
				<DetailNormalMap>: DET_Concrete1_N
		</Materials>
		<Children>: 0
	</Frame>
</Hierarchy>
