<Hierarchy>:
	<Frame>: 0 5 BrickHouse_Floor_End_A_DM_A
		<Transform>: 0 0 0 0 0 0 1 1 1 0 0 0 1  
		<TransformMatrix>: 1 0 0 0 0 1 0 0 0 0 1 0 0 0 0 1  
		<BoxCollider>: 1 1.1 -0.05021915 0 2.2 0.3004388 11.2  
		<Mesh>: 596 BrickHouse_Floor_End_A_DM_A
			<Bounds>: 1.1 -0.05021915 0 1.1 0.1502194 5.6
			<Positions>: 596 2.002272 -0.1162056 5.100292 2.002272 -0.1032173 5.11328 2.002272 -0.03636176 5.11328 2.002272 -0.0233735 5.100292 2.002272 -0.1032174 4.91328 2.002272 -0.1162056 4.926269 2.002272 -0.02337352 4.926269 2.002272 -0.03636177 4.91328 0.2906265 -0.03549471 4.926269 0.2906265 -0.04848296 4.91328 0.2906265 -0.1283268 4.926269 0.2906265 -0.1153386 4.91328 0.2906265 -0.03549471 5.100292 0.2906265 -0.04848295 5.11328 0.2906265 -0.1283268 5.100292 0.2906265 -0.1153385 5.11328 0.8679351 -0.001515713 4.91328 0.8679351 -0.08135955 4.926269 0.8679351 0.01147255 5.100292 0.8679351 -0.0683713 5.11328 0.8679351 0.01147253 4.926269 0.8679351 -0.06837131 4.91328 0.8679351 -0.001515698 5.11328 0.8679351 -0.08135954 5.100292 0.09364576 -0.04721856 4.91328 0.09364576 -0.1270624 4.926269 0.09364576 -0.0342303 5.100292 0.09364573 -0.1140741 5.11328 0.09364576 -0.03423031 4.926269 0.09364576 -0.1140742 4.91328 0.09364576 -0.04721855 5.11328 0.09364573 -0.1270624 5.100292 2.002272 -0.1162057 2.069085 2.002272 -0.1032175 2.082073 2.002272 -0.03636189 2.082073 2.002272 -0.02337364 2.069085 2.002272 -0.1032175 1.882073 2.002272 -0.1162057 1.895062 2.002272 -0.02337365 1.895062 2.002272 -0.0363619 1.882073 0.2906265 -0.03549485 1.895062 0.2906265 -0.0484831 1.882073 0.2906265 -0.1283269 1.895062 0.2906265 -0.1153387 1.882073 0.2906265 -0.03549484 2.069085 0.2906265 -0.04848309 2.082073 0.2906265 -0.1283269 2.069085 0.2906265 -0.1153387 2.082073 0.8679351 -0.001515847 1.882073 0.8679351 -0.08135968 1.895062 0.8679351 0.01147241 2.069085 0.8679351 -0.06837143 2.082073 0.8679351 0.0114724 1.895062 0.8679351 -0.06837144 1.882073 0.8679351 -0.001515832 2.082073 0.8679351 -0.08135967 2.069085 0.09364576 -0.04721869 1.882073 0.09364576 -0.1270625 1.895062 0.09364576 -0.03423043 2.069085 0.09364573 -0.1140743 2.082073 0.09364576 -0.03423044 1.895062 0.09364576 -0.1140743 1.882073 0.09364576 -0.04721868 2.082073 0.09364573 -0.1270625 2.069085 2.002272 -0.1162058 -0.6120811 2.002272 -0.1032176 -0.5990925 2.002272 -0.03636201 -0.5990925 2.002272 -0.02337375 -0.6120811 2.002272 -0.1032176 -0.7990923 2.002272 -0.1162058 -0.7861037 2.002272 -0.02337377 -0.7861037 2.002272 -0.03636201 -0.7990923 0.2906265 -0.03549497 -0.7861037 0.2906265 -0.04848322 -0.7990923 0.2906265 -0.1283271 -0.7861037 0.2906265 -0.1153388 -0.7990923 0.2906265 -0.03549496 -0.6120811 0.2906265 -0.04848321 -0.5990925 0.2906265 -0.128327 -0.6120811 0.2906265 -0.1153388 -0.5990925 0.8679351 -0.001515962 -0.7990923 0.8679351 -0.0813598 -0.7861037 0.8679351 0.01147229 -0.6120811 0.8679351 -0.06837155 -0.5990925 0.8679351 0.01147228 -0.7861037 0.8679351 -0.06837156 -0.7990923 0.8679351 -0.001515947 -0.5990925 0.8679351 -0.08135979 -0.6120811 0.09364576 -0.04721881 -0.7990923 0.09364576 -0.1270626 -0.7861037 0.09364576 -0.03423055 -0.6120811 0.09364573 -0.1140744 -0.5990925 0.09364576 -0.03423056 -0.7861037 0.09364576 -0.1140744 -0.7990923 0.09364576 -0.0472188 -0.5990925 0.09364573 -0.1270626 -0.6120811 2.002272 -0.116206 -4.611485 2.002272 -0.1032178 -4.598497 2.002272 -0.03636219 -4.598497 2.002272 -0.02337393 -4.611485 2.002272 -0.1032178 -4.798497 2.002272 -0.116206 -4.785508 2.002272 -0.02337394 -4.785508 2.002272 -0.03636219 -4.798497 0.2906265 -0.03549514 -4.785508 0.2906265 -0.04848339 -4.798497 0.2906265 -0.1283272 -4.785508 0.2906265 -0.115339 -4.798497 0.2906265 -0.03549513 -4.611485 0.2906265 -0.04848338 -4.598497 0.2906265 -0.1283272 -4.611485 0.2906265 -0.115339 -4.598497 0.8679351 -0.001516137 -4.798497 0.8679351 -0.08135998 -4.785508 0.8679351 0.01147212 -4.611485 0.8679351 -0.06837173 -4.598497 0.8679351 0.01147211 -4.785508 0.8679351 -0.06837174 -4.798497 0.8679351 -0.001516122 -4.598497 0.8679351 -0.08135997 -4.611485 0.09364576 -0.04721898 -4.798497 0.09364576 -0.1270628 -4.785508 0.09364576 -0.03423073 -4.611485 0.09364573 -0.1140746 -4.598497 0.09364576 -0.03423074 -4.785508 0.09364576 -0.1140746 -4.798497 0.09364576 -0.04721897 -4.598497 0.09364573 -0.1270628 -4.611485 2.2 0.1 -4.371139E-09 2.2 0.1000002 5.6 2.2 0.09999976 -5.6 2.2 -0.1999998 5.6 2.2 -0.2000002 -5.6 0 -0.2000002 -5.6 0 0.1 -4.371139E-09 0 -0.1999998 5.6 0 0.09999976 -5.6 0 0.1000002 5.6 0.2831694 0.1000002 5.316831 1.916831 0.1000002 5.316831 1.916831 0.1 -4.371139E-09 1.916831 0.09999977 -5.316831 0.2831694 0.09999977 -5.316831 0.2831694 0.1 -4.371139E-09 2.2 -0.2 -3.156538E-08 0 -0.2 -3.156538E-08 0.2831694 -0.1999998 5.316831 1.916831 -0.1999998 5.316831 1.916831 -0.2 -3.156538E-08 1.916831 -0.2000002 -5.316831 0.2831694 -0.2000002 -5.316831 0.2831694 -0.2 -3.156538E-08 1.864185 -0.005726241 4.43331E-07 1.515483 0.0495237 -5.316831 1.515483 -0.005726241 4.017625E-07 1.726023 0.0495237 -5.31683 1.864185 0.09999987 -3.058944 1.864184 0.1000002 4.591244 1.515482 0.1000002 5.039224 1.111919 0.09999999 -5.916066E-07 1.406136 0.09999999 -5.565332E-07 1.406136 0.1000002 5.31683 1.11192 0.09999979 -5.060032 1.406137 0.09999979 -5.150564 1.239157 0.1000002 5.31683 1.406136 0.1000002 5.039223 1.111919 0.1000001 2.504822 0.7376689 0.09999999 -8.855869E-07 0.7376685 0.1000002 5.31683 0.7376699 0.09999977 -5.316832 1.05739 0.09999977 -5.316832 1.057389 0.09999999 -8.474733E-07 1.057389 0.1000002 5.31683 0.7376696 0.09999979 -4.950531 1.05739 0.09999982 -4.290438 0.7376685 0.1000002 5.086637 1.057389 0.1000002 4.816499 0.413012 0.09999999 -9.242891E-07 0.4130125 0.09999982 -4.520504 0.4130115 0.1000002 4.944131 1.867488 -0.0567403 0.0002204257 1.521361 -0.001253217 -5.317511 1.518785 -0.0567403 0.0002203841 1.7319 -0.001253217 -5.317511 1.870062 0.04922295 -3.059624 1.864903 0.04889721 4.592366 1.516201 0.04889722 5.040345 1.111919 0.04887828 -5.916066E-07 1.406136 0.04887828 -5.565332E-07 1.406136 0.04887852 5.31683 1.11192 0.04887807 -5.060032 1.406137 0.04887807 -5.150564 1.239157 0.04888009 5.31683 1.406136 0.04887851 5.039223 1.111919 0.0488784 2.504822 0.7376689 0.04887828 -8.855869E-07 0.7376685 0.04887852 5.31683 0.7376699 0.04887962 -5.316832 1.05739 0.04887806 -5.316832 1.057389 0.04887828 -8.474733E-07 1.057389 0.04888009 5.31683 0.7376696 0.04887807 -4.950531 1.05739 0.0488781 -4.290438 0.7376685 0.04887852 5.086637 1.057389 0.04887849 4.816499 0.413012 0.04887828 -9.242891E-07 0.4130125 0.0488781 -4.520504 0.4130115 0.04887851 4.944131 0.9817159 -0.2004383 -0.0006803381 1.275933 -0.2004383 -0.0006803732 1.275932 -0.2004385 -5.317511 0.9817166 -0.2004381 5.059351 1.275934 -0.2004381 5.149883 1.108953 -0.2004385 -5.317511 1.275932 -0.2004385 -5.039904 0.9817156 -0.2004384 -2.505503 0.6074657 -0.2004383 -0.0006800442 0.6074652 -0.2004385 -5.317511 0.6074666 -0.2004381 5.316151 0.9271869 -0.2004381 5.316151 0.927186 -0.2004383 -0.0006800822 0.9271855 -0.2004385 -5.317511 0.6074664 -0.2004381 4.94985 0.9271867 -0.2004381 4.289757 0.6074652 -0.2004385 -5.087318 0.9271855 -0.2004385 -4.817181 0.2828088 -0.2004383 -0.0006800054 0.2828092 -0.2004381 4.519823 0.2828083 -0.2004385 -4.944813 0.9817159 -0.1493166 -0.0006803381 1.275933 -0.1493166 -0.0006803732 1.275932 -0.1493168 -5.317511 0.9817166 -0.1493164 5.059351 1.275934 -0.1493164 5.149883 1.108953 -0.1493184 -5.317511 1.275932 -0.1493168 -5.039904 0.9817156 -0.1493167 -2.505503 0.6074657 -0.1493166 -0.0006800442 0.6074652 -0.1493168 -5.317511 0.6074666 -0.1493179 5.316151 0.9271869 -0.1493164 5.316151 0.927186 -0.1493166 -0.0006800822 0.9271855 -0.1493184 -5.317511 0.6074664 -0.1493164 4.94985 0.9271867 -0.1493164 4.289757 0.6074652 -0.1493168 -5.087318 0.9271855 -0.1493168 -4.817181 0.2828088 -0.1493166 -0.0006800054 0.2828092 -0.1493164 4.519823 0.2828083 -0.1493168 -4.944813 0.8679351 0.01147255 5.100292 2.002272 -0.0233735 5.100292 0.8679351 -0.001515713 4.91328 0.8679351 -0.06837131 4.91328 0.2906265 -0.1153386 4.91328 0.2906265 -0.04848296 4.91328 0.09364576 -0.0342303 5.100292 0.2906265 -0.03549471 5.100292 2.002272 -0.1032174 4.91328 2.002272 -0.03636177 4.91328 0.09364576 -0.1140742 4.91328 0.09364576 -0.04721856 4.91328 0.8679351 0.01147241 2.069085 2.002272 -0.02337364 2.069085 0.8679351 -0.001515847 1.882073 0.8679351 -0.06837144 1.882073 0.2906265 -0.1153387 1.882073 0.2906265 -0.0484831 1.882073 0.09364576 -0.03423043 2.069085 0.2906265 -0.03549484 2.069085 2.002272 -0.1032175 1.882073 2.002272 -0.0363619 1.882073 0.09364576 -0.1140743 1.882073 0.09364576 -0.04721869 1.882073 0.8679351 0.01147229 -0.6120811 2.002272 -0.02337375 -0.6120811 0.8679351 -0.001515962 -0.7990923 0.8679351 -0.06837156 -0.7990923 0.2906265 -0.1153388 -0.7990923 0.2906265 -0.04848322 -0.7990923 0.09364576 -0.03423055 -0.6120811 0.2906265 -0.03549496 -0.6120811 2.002272 -0.1032176 -0.7990923 2.002272 -0.03636201 -0.7990923 0.09364576 -0.1140744 -0.7990923 0.09364576 -0.04721881 -0.7990923 0.8679351 0.01147212 -4.611485 2.002272 -0.02337393 -4.611485 0.8679351 -0.001516137 -4.798497 0.8679351 -0.06837174 -4.798497 0.2906265 -0.115339 -4.798497 0.2906265 -0.04848339 -4.798497 0.09364576 -0.03423073 -4.611485 0.2906265 -0.03549513 -4.611485 2.002272 -0.1032178 -4.798497 2.002272 -0.03636219 -4.798497 0.09364576 -0.1140746 -4.798497 0.09364576 -0.04721898 -4.798497 0 0.1000002 5.6 2.2 0.1000002 5.6 2.2 0.09999976 -5.6 1.916831 0.1000002 5.316831 2.2 0.1000002 5.6 1.916831 0.09999977 -5.316831 2.2 0.09999976 -5.6 0 0.09999976 -5.6 0 0.1000002 5.6 0.2831694 0.1000002 5.316831 0 0.09999976 -5.6 0 -0.2000002 -5.6 0 0.1 -4.371139E-09 2.2 0.09999976 -5.6 2.2 0.1 -4.371139E-09 2.2 -0.2000002 -5.6 0 -0.1999998 5.6 0 0.1000002 5.6 2.2 0.1000002 5.6 2.2 -0.1999998 5.6 2.2 -0.1999998 5.6 0 -0.1999998 5.6 2.2 -0.2000002 -5.6 2.2 -0.2 -3.156538E-08 1.916831 -0.1999998 5.316831 2.2 -0.1999998 5.6 1.916831 -0.2000002 -5.316831 0 -0.2000002 -5.6 2.2 -0.2000002 -5.6 0 -0.2 -3.156538E-08 0.2831694 -0.1999998 5.316831 0 -0.1999998 5.6 1.916831 0.09999977 -5.316831 1.916831 -0.2000002 -5.316831 1.916831 -0.2 -3.156538E-08 1.916831 0.1 -4.371139E-09 1.916831 -0.1999998 5.316831 1.916831 0.1000002 5.316831 1.916831 0.1000002 5.316831 1.916831 -0.1999998 5.316831 0.2831694 -0.1999998 5.316831 0.2831694 0.1000002 5.316831 0.2831694 0.1 -4.371139E-09 0.2831694 0.1000002 5.316831 0.2831694 -0.1999998 5.316831 0.2831694 -0.2 -3.156538E-08 0.2831694 0.09999977 -5.316831 0.2831694 -0.2000002 -5.316831 0.2831694 0.09999977 -5.316831 0.2831694 -0.2000002 -5.316831 1.916831 -0.2000002 -5.316831 1.916831 0.09999977 -5.316831 0.7376689 0.09999999 -8.855869E-07 0.7376696 0.09999979 -4.950531 0.7376685 0.1000002 5.086637 0.7376696 0.04887807 -4.950531 0.7376689 0.04887828 -8.855869E-07 0.7376685 0.04887852 5.086637 1.864185 -0.005726241 4.43331E-07 1.864184 0.1000002 4.591244 1.864903 0.04889721 4.592366 1.867488 -0.0567403 0.0002204257 1.515483 -0.005726241 4.017625E-07 1.515483 0.0495237 -5.316831 1.521361 -0.001253217 -5.317511 1.518785 -0.0567403 0.0002203841 1.864185 0.09999987 -3.058944 1.870062 0.04922295 -3.059624 1.515483 0.0495237 -5.316831 1.726023 0.0495237 -5.31683 1.7319 -0.001253217 -5.317511 1.521361 -0.001253217 -5.317511 1.726023 0.0495237 -5.31683 1.7319 -0.001253217 -5.317511 1.515482 0.1000002 5.039224 1.516201 0.04889722 5.040345 1.515482 0.1000002 5.039224 1.516201 0.04889722 5.040345 1.406137 0.09999979 -5.150564 1.406136 0.09999999 -5.565332E-07 1.406136 0.04887828 -5.565332E-07 1.406137 0.04887807 -5.150564 1.406136 0.1000002 5.039223 1.406136 0.1000002 5.31683 1.406136 0.04887852 5.31683 1.406136 0.04887851 5.039223 1.11192 0.09999979 -5.060032 1.406137 0.09999979 -5.150564 1.406137 0.04887807 -5.150564 1.11192 0.04887807 -5.060032 1.406136 0.1000002 5.31683 1.239157 0.1000002 5.31683 1.239157 0.04888009 5.31683 1.406136 0.04887852 5.31683 1.239157 0.1000002 5.31683 1.111919 0.1000001 2.504822 1.111919 0.0488784 2.504822 1.239157 0.04888009 5.31683 1.111919 0.09999999 -5.916066E-07 1.111919 0.04887828 -5.916066E-07 1.057389 0.1000002 5.31683 0.7376685 0.1000002 5.31683 0.7376685 0.04887852 5.31683 1.057389 0.04888009 5.31683 0.7376685 0.1000002 5.31683 0.7376685 0.1000002 5.086637 0.7376685 0.04887852 5.086637 0.7376685 0.04887852 5.31683 0.7376689 0.09999999 -8.855869E-07 0.7376696 0.09999979 -4.950531 0.7376696 0.04887807 -4.950531 0.7376689 0.04887828 -8.855869E-07 0.7376699 0.09999977 -5.316832 1.05739 0.09999977 -5.316832 1.05739 0.04887806 -5.316832 0.7376699 0.04887962 -5.316832 1.05739 0.09999982 -4.290438 1.057389 0.09999999 -8.474733E-07 1.057389 0.04887828 -8.474733E-07 1.05739 0.0488781 -4.290438 1.057389 0.1000002 4.816499 1.057389 0.1000002 5.31683 1.057389 0.04888009 5.31683 1.057389 0.04887849 4.816499 0.7376696 0.09999979 -4.950531 0.7376699 0.09999977 -5.316832 0.7376699 0.04887962 -5.316832 0.7376696 0.04887807 -4.950531 1.05739 0.09999977 -5.316832 1.05739 0.04887806 -5.316832 0.7376685 0.1000002 5.086637 0.7376689 0.09999999 -8.855869E-07 0.7376689 0.04887828 -8.855869E-07 0.7376685 0.04887852 5.086637 0.4130115 0.1000002 4.944131 0.413012 0.09999999 -9.242891E-07 0.413012 0.04887828 -9.242891E-07 0.4130115 0.04887851 4.944131 0.7376696 0.09999979 -4.950531 0.7376689 0.09999999 -8.855869E-07 0.7376689 0.04887828 -8.855869E-07 0.7376696 0.04887807 -4.950531 0.4130125 0.09999982 -4.520504 0.4130125 0.0488781 -4.520504 0.7376696 0.09999979 -4.950531 0.7376696 0.04887807 -4.950531 0.7376689 0.09999999 -8.855869E-07 0.7376685 0.1000002 5.086637 0.7376685 0.04887852 5.086637 0.7376689 0.04887828 -8.855869E-07 0.7376685 0.1000002 5.086637 0.4130115 0.1000002 4.944131 0.4130115 0.04887851 4.944131 0.7376685 0.04887852 5.086637 1.11192 0.09999979 -5.060032 1.11192 0.04887807 -5.060032 0.6074657 -0.2004383 -0.0006800442 0.6074664 -0.2004381 4.94985 0.6074652 -0.2004385 -5.087318 0.6074664 -0.1493164 4.94985 0.6074657 -0.1493166 -0.0006800442 0.6074652 -0.1493168 -5.087318 1.275934 -0.2004381 5.149883 1.275933 -0.2004383 -0.0006803732 1.275933 -0.1493166 -0.0006803732 1.275934 -0.1493164 5.149883 1.275932 -0.2004385 -5.039904 1.275932 -0.2004385 -5.317511 1.275932 -0.1493168 -5.317511 1.275932 -0.1493168 -5.039904 0.9817166 -0.2004381 5.059351 1.275934 -0.2004381 5.149883 1.275934 -0.1493164 5.149883 0.9817166 -0.1493164 5.059351 1.275932 -0.2004385 -5.317511 1.108953 -0.2004385 -5.317511 1.108953 -0.1493184 -5.317511 1.275932 -0.1493168 -5.317511 1.108953 -0.2004385 -5.317511 0.9817156 -0.2004384 -2.505503 0.9817156 -0.1493167 -2.505503 1.108953 -0.1493184 -5.317511 0.9817159 -0.2004383 -0.0006803381 0.9817159 -0.1493166 -0.0006803381 0.9271855 -0.2004385 -5.317511 0.6074652 -0.2004385 -5.317511 0.6074652 -0.1493168 -5.317511 0.9271855 -0.1493184 -5.317511 0.6074652 -0.2004385 -5.317511 0.6074652 -0.2004385 -5.087318 0.6074652 -0.1493168 -5.087318 0.6074652 -0.1493168 -5.317511 0.6074657 -0.2004383 -0.0006800442 0.6074664 -0.2004381 4.94985 0.6074664 -0.1493164 4.94985 0.6074657 -0.1493166 -0.0006800442 0.6074666 -0.2004381 5.316151 0.9271869 -0.2004381 5.316151 0.9271869 -0.1493164 5.316151 0.6074666 -0.1493179 5.316151 0.9271867 -0.2004381 4.289757 0.927186 -0.2004383 -0.0006800822 0.927186 -0.1493166 -0.0006800822 0.9271867 -0.1493164 4.289757 0.9271855 -0.2004385 -4.817181 0.9271855 -0.2004385 -5.317511 0.9271855 -0.1493184 -5.317511 0.9271855 -0.1493168 -4.817181 0.6074664 -0.2004381 4.94985 0.6074666 -0.2004381 5.316151 0.6074666 -0.1493179 5.316151 0.6074664 -0.1493164 4.94985 0.9271869 -0.2004381 5.316151 0.9271869 -0.1493164 5.316151 0.6074652 -0.2004385 -5.087318 0.6074657 -0.2004383 -0.0006800442 0.6074657 -0.1493166 -0.0006800442 0.6074652 -0.1493168 -5.087318 0.2828083 -0.2004385 -4.944813 0.2828088 -0.2004383 -0.0006800054 0.2828088 -0.1493166 -0.0006800054 0.2828083 -0.1493168 -4.944813 0.6074664 -0.2004381 4.94985 0.6074657 -0.2004383 -0.0006800442 0.6074657 -0.1493166 -0.0006800442 0.6074664 -0.1493164 4.94985 0.2828092 -0.2004381 4.519823 0.2828092 -0.1493164 4.519823 0.6074664 -0.2004381 4.94985 0.6074664 -0.1493164 4.94985 0.6074657 -0.2004383 -0.0006800442 0.6074652 -0.2004385 -5.087318 0.6074652 -0.1493168 -5.087318 0.6074657 -0.1493166 -0.0006800442 0.6074652 -0.2004385 -5.087318 0.2828083 -0.2004385 -4.944813 0.2828083 -0.1493168 -4.944813 0.6074652 -0.1493168 -5.087318 0.9817166 -0.2004381 5.059351 0.9817166 -0.1493164 5.059351 0.8679351 -0.001515698 5.11328 2.002272 -0.03636176 5.11328 0.8679351 -0.08135955 4.926269 0.2906265 -0.1283268 4.926269 0.8679351 0.01147253 4.926269 0.09364576 -0.04721855 5.11328 0.2906265 -0.04848295 5.11328 0.2906265 -0.03549471 4.926269 2.002272 -0.02337352 4.926269 2.002272 -0.1162056 4.926269 0.09364576 -0.03423031 4.926269 0.09364576 -0.1270624 4.926269 0.8679351 -0.001515832 2.082073 2.002272 -0.03636189 2.082073 0.8679351 -0.08135968 1.895062 0.2906265 -0.1283269 1.895062 0.8679351 0.0114724 1.895062 0.09364576 -0.04721868 2.082073 0.2906265 -0.04848309 2.082073 0.2906265 -0.03549485 1.895062 2.002272 -0.02337365 1.895062 2.002272 -0.1162057 1.895062 0.09364576 -0.03423044 1.895062 0.09364576 -0.1270625 1.895062 0.8679351 -0.001515947 -0.5990925 2.002272 -0.03636201 -0.5990925 0.8679351 -0.0813598 -0.7861037 0.2906265 -0.1283271 -0.7861037 0.8679351 0.01147228 -0.7861037 0.09364576 -0.0472188 -0.5990925 0.2906265 -0.04848321 -0.5990925 0.2906265 -0.03549497 -0.7861037 2.002272 -0.02337377 -0.7861037 2.002272 -0.1162058 -0.7861037 0.09364576 -0.03423056 -0.7861037 0.09364576 -0.1270626 -0.7861037 0.8679351 -0.001516122 -4.598497 2.002272 -0.03636219 -4.598497 0.8679351 -0.08135998 -4.785508 0.2906265 -0.1283272 -4.785508 0.8679351 0.01147211 -4.785508 0.09364576 -0.04721897 -4.598497 0.2906265 -0.04848338 -4.598497 0.2906265 -0.03549514 -4.785508 2.002272 -0.02337394 -4.785508 2.002272 -0.116206 -4.785508 0.09364576 -0.03423074 -4.785508 0.09364576 -0.1270628 -4.785508 0.2831694 0.09999977 -5.316831 0 0.09999976 -5.6 0.2831694 -0.2000002 -5.316831 0 -0.2000002 -5.6 1.864184 0.1000002 4.591244 1.864903 0.04889721 4.592366 0.4130125 0.09999982 -4.520504 0.4130125 0.0488781 -4.520504 0.2828092 -0.2004381 4.519823 0.2828092 -0.1493164 4.519823  
			<Colors>: 0  
			<TextureCoords0>: 596 0.2084238 0.8808353 0.2084238 0.9319842 0.2084238 0.9216837 0.2084238 0.9198259 0.2084238 0.8940536 0.2084238 0.8921813 0.2084238 0.9073797 0.2084238 0.9054253 0.33084 0.9073797 0.33084 0.9054253 0.33084 0.8921814 0.33084 0.8940537 0.33084 0.9198259 0.3308401 0.9216837 0.33084 0.8808354 0.33084 0.9319842 0.2655315 0.9054253 0.2655315 0.8921813 0.2655315 0.9198259 0.2655315 0.9319842 0.2655314 0.9073797 0.2655314 0.8940537 0.2655314 0.9216837 0.2655314 0.8808354 0.344928 0.9054253 0.344928 0.8921814 0.3449281 0.9198259 0.344928 0.9319842 0.344928 0.9073797 0.344928 0.8940537 0.3449281 0.9216837 0.344928 0.8808354 0.2084238 0.8808353 0.2084238 0.9319842 0.2084238 0.9216837 0.2084238 0.9198259 0.2084238 0.8940536 0.2084238 0.8921813 0.2084238 0.9073797 0.2084238 0.9054253 0.33084 0.9073797 0.33084 0.9054253 0.33084 0.8921814 0.33084 0.8940537 0.33084 0.9198259 0.3308401 0.9216837 0.33084 0.8808354 0.33084 0.9319842 0.2655315 0.9054253 0.2655315 0.8921813 0.2655315 0.9198259 0.2655315 0.9319842 0.2655314 0.9073797 0.2655314 0.8940537 0.2655314 0.9216837 0.2655314 0.8808354 0.344928 0.9054253 0.344928 0.8921814 0.3449281 0.9198259 0.344928 0.9319842 0.344928 0.9073797 0.344928 0.8940537 0.3449281 0.9216837 0.344928 0.8808354 0.2084238 0.8808353 0.2084238 0.9319842 0.2084238 0.9216837 0.2084238 0.9198259 0.2084238 0.8940536 0.2084238 0.8921813 0.2084238 0.9073797 0.2084238 0.9054253 0.33084 0.9073797 0.33084 0.9054253 0.33084 0.8921814 0.33084 0.8940537 0.33084 0.9198259 0.3308401 0.9216837 0.33084 0.8808354 0.33084 0.9319842 0.2655315 0.9054253 0.2655315 0.8921813 0.2655315 0.9198259 0.2655315 0.9319842 0.2655314 0.9073797 0.2655314 0.8940537 0.2655314 0.9216837 0.2655314 0.8808354 0.344928 0.9054253 0.344928 0.8921814 0.3449281 0.9198259 0.344928 0.9319842 0.344928 0.9073797 0.344928 0.8940537 0.3449281 0.9216837 0.344928 0.8808354 0.2084238 0.8808353 0.2084238 0.9319842 0.2084238 0.9216837 0.2084238 0.9198259 0.2084238 0.8940536 0.2084238 0.8921813 0.2084238 0.9073797 0.2084238 0.9054253 0.33084 0.9073797 0.33084 0.9054253 0.33084 0.8921814 0.33084 0.8940537 0.33084 0.9198259 0.3308401 0.9216837 0.33084 0.8808354 0.33084 0.9319842 0.2655315 0.9054253 0.2655315 0.8921813 0.2655315 0.9198259 0.2655315 0.9319842 0.2655314 0.9073797 0.2655314 0.8940537 0.2655314 0.9216837 0.2655314 0.8808354 0.344928 0.9054253 0.344928 0.8921814 0.3449281 0.9198259 0.344928 0.9319842 0.344928 0.9073797 0.344928 0.8940537 0.3449281 0.9216837 0.344928 0.8808354 0.3992829 0.8793747 0.5954832 0.8668457 0.3453535 0.8525123 0.5954832 0.8525123 0.3453535 0.8668457 0.206393 0.8668457 0.3992829 0.8793747 0.4565224 0.8525122 0.206393 0.8525122 0.4565224 0.8668457 0.5025232 0.8934032 0.5836601 0.8934031 0.3992829 0.8934031 0.5836601 0.893403 0.5836601 0.893403 0.3992829 0.8934031 0.400938 0.8668457 0.400938 0.8525122 0.5025232 0.8934032 0.5836601 0.8934031 0.3992829 0.8934031 0.5836601 0.893403 0.5836601 0.893403 0.3992829 0.8934031 0.3971353 0.986912 0.5885251 0.9719764 0.3971354 0.9719764 0.5885251 0.9809942 0.507248 0.986912 0.2318645 0.986912 0.2157385 0.9719764 0.3971354 0.9593745 0.3971354 0.9719764 0.2057455 0.9719764 0.579281 0.9593745 0.5825399 0.9719764 0.2057455 0.9648244 0.2157385 0.9719764 0.3069693 0.9593745 0.3971354 0.8537477 0.2057455 0.8537477 0.5885251 0.8537477 0.5885251 0.8674419 0.3971354 0.8674419 0.2057455 0.8674419 0.5753394 0.8537477 0.551578 0.8674419 0.2140318 0.8537477 0.2237559 0.8674419 0.3971353 0.839842 0.5598597 0.839842 0.2191616 0.839842 0.3971353 0.986912 0.5885251 0.9719764 0.3971354 0.9719764 0.5885251 0.9809942 0.507248 0.986912 0.2318645 0.986912 0.2157385 0.9719764 0.3971354 0.9593745 0.3971354 0.9719764 0.2057455 0.9719764 0.579281 0.9593745 0.5825399 0.9719764 0.2057455 0.9648244 0.2157385 0.9719764 0.3069693 0.9593745 0.3971354 0.8537477 0.2057455 0.8537477 0.5885251 0.8537477 0.5885251 0.8674419 0.3971354 0.8674419 0.2057455 0.8674419 0.5753394 0.8537477 0.551578 0.8674419 0.2140318 0.8537477 0.2237559 0.8674419 0.3971353 0.839842 0.5598597 0.839842 0.2191616 0.839842 0.3971354 0.9593745 0.3971354 0.9719764 0.2057455 0.9719764 0.579281 0.9593745 0.5825399 0.9719764 0.2057455 0.9648244 0.2157385 0.9719764 0.3069693 0.9593745 0.3971354 0.8537477 0.2057455 0.8537477 0.5885251 0.8537477 0.5885251 0.8674419 0.3971354 0.8674419 0.2057455 0.8674419 0.5753394 0.8537477 0.551578 0.8674419 0.2140318 0.8537477 0.2237559 0.8674419 0.3971353 0.839842 0.5598597 0.839842 0.2191616 0.839842 0.3971354 0.9593745 0.3971354 0.9719764 0.2057455 0.9719764 0.579281 0.9593745 0.5825399 0.9719764 0.2057455 0.9648244 0.2157385 0.9719764 0.3069693 0.9593745 0.3971354 0.8537477 0.2057455 0.8537477 0.5885251 0.8537477 0.5885251 0.8674419 0.3971354 0.8674419 0.2057455 0.8674419 0.5753394 0.8537477 0.551578 0.8674419 0.2140318 0.8537477 0.2237559 0.8674419 0.3971353 0.839842 0.5598597 0.839842 0.2191616 0.839842 0.2655315 0.9198259 0.2084238 0.9198259 0.2655315 0.9054253 0.2655314 0.8940537 0.33084 0.8940537 0.33084 0.9054253 0.3449281 0.9198259 0.33084 0.9198259 0.2084238 0.8940536 0.2084238 0.9054253 0.344928 0.8940537 0.344928 0.9054253 0.2655315 0.9198259 0.2084238 0.9198259 0.2655315 0.9054253 0.2655314 0.8940537 0.33084 0.8940537 0.33084 0.9054253 0.3449281 0.9198259 0.33084 0.9198259 0.2084238 0.8940536 0.2084238 0.9054253 0.344928 0.8940537 0.344928 0.9054253 0.2655315 0.9198259 0.2084238 0.9198259 0.2655315 0.9054253 0.2655314 0.8940537 0.33084 0.8940537 0.33084 0.9054253 0.3449281 0.9198259 0.33084 0.9198259 0.2084238 0.8940536 0.2084238 0.9054253 0.344928 0.8940537 0.344928 0.9054253 0.2655315 0.9198259 0.2084238 0.9198259 0.2655315 0.9054253 0.2655314 0.8940537 0.33084 0.8940537 0.33084 0.9054253 0.3449281 0.9198259 0.33084 0.9198259 0.2084238 0.8940536 0.2084238 0.9054253 0.344928 0.8940537 0.344928 0.9054253 0.4927034 0.8793748 0.5934798 0.8793746 0.5934798 0.8793746 0.2149058 0.8934031 0.205086 0.8793747 0.5025232 0.8934031 0.4927034 0.8793747 0.5934798 0.8793746 0.205086 0.8793747 0.2149058 0.8934031 0.206393 0.8668457 0.206393 0.8525122 0.400938 0.8668457 0.206393 0.8525122 0.400938 0.8525122 0.206393 0.8668457 0.5954832 0.8525122 0.5954832 0.8668457 0.5954832 0.8525122 0.5954832 0.8668457 0.5934798 0.8793746 0.4927034 0.8793748 0.5934798 0.8793746 0.3992829 0.8793747 0.2149058 0.8934031 0.205086 0.8793747 0.5025232 0.8934031 0.5934798 0.8793746 0.4927034 0.8793747 0.3992829 0.8793747 0.2149058 0.8934031 0.205086 0.8793747 0.4804025 0.9206837 0.4804025 0.9335387 0.3453889 0.9335387 0.3453889 0.9206837 0.210375 0.9335387 0.210375 0.9206836 0.5218872 0.9206837 0.5218872 0.9335387 0.4804025 0.9335387 0.4804025 0.9206837 0.3453889 0.9206836 0.4804025 0.9206837 0.4804025 0.9335387 0.3453889 0.9335387 0.210375 0.9206836 0.210375 0.9335387 0.5218873 0.9206837 0.5218872 0.9335387 0.4804025 0.9335387 0.4804025 0.9206837 0.3971354 0.8537477 0.5753394 0.8537477 0.2140318 0.8537477 0.5753394 0.8537477 0.3971354 0.8537477 0.2140318 0.8537477 0.4235566 0.8437818 0.5633563 0.8499126 0.5633896 0.8468713 0.4235622 0.8407438 0.4151528 0.8437793 0.5770344 0.8486089 0.5770631 0.845588 0.4151539 0.8407438 0.3304172 0.8501791 0.330395 0.8471531 0.5770631 0.8407438 0.570653 0.8407438 0.5704744 0.8437653 0.5768844 0.8437653 0.2616794 0.8473662 0.2616573 0.8443403 0.2617001 0.848609 0.2616737 0.8455678 0.5770299 0.8501791 0.5770631 0.8471379 0.5770631 0.8407438 0.4202345 0.8407438 0.4202344 0.8437855 0.577063 0.8437855 0.266796 0.8407438 0.2583432 0.8407438 0.2583431 0.8437855 0.266796 0.8437855 0.5770631 0.8407438 0.5681449 0.8407438 0.5681442 0.8437858 0.5770625 0.8437858 0.5770631 0.8407438 0.5719827 0.8407439 0.5719825 0.8437858 0.577063 0.8437858 0.2611067 0.843791 0.3467214 0.8437858 0.3467215 0.8407438 0.2611067 0.840749 0.4229906 0.8437875 0.4229906 0.8407455 0.5673352 0.8437858 0.577063 0.8437858 0.5770631 0.8407438 0.5673354 0.8407439 0.2532796 0.8437858 0.2602888 0.8437858 0.2602888 0.8407438 0.2532797 0.8407438 0.4151713 0.8437858 0.5659096 0.8437858 0.5659096 0.8407438 0.4151713 0.8407438 0.5673289 0.8437858 0.577063 0.8437858 0.5770631 0.8407438 0.5673289 0.8407439 0.5458105 0.8407438 0.4151718 0.8407438 0.4151717 0.8437855 0.5458105 0.8437855 0.2685151 0.8407438 0.2532806 0.8407438 0.2532804 0.8437855 0.268515 0.8437855 0.5659096 0.8437858 0.5770631 0.8437858 0.5770631 0.8407439 0.5659096 0.8407438 0.5770631 0.8407438 0.577063 0.8437855 0.2602888 0.8437858 0.4151713 0.8437858 0.4151713 0.8407438 0.2602888 0.8407438 0.2757617 0.8438032 0.4263051 0.8437941 0.4263051 0.8407521 0.2757615 0.8407611 0.271443 0.8437855 0.4221809 0.8437856 0.4221809 0.8407438 0.271443 0.8407438 0.5639495 0.8437858 0.5639495 0.8407438 0.5770631 0.843803 0.577063 0.8407611 0.4221809 0.8437856 0.577063 0.8437856 0.5770631 0.8407438 0.4221809 0.8407438 0.5670158 0.8437858 0.5770631 0.8437858 0.5770621 0.8407438 0.5670148 0.8407438 0.5770631 0.8437909 0.5770631 0.8407489 0.3971354 0.8537477 0.5753394 0.8537477 0.2140318 0.8537477 0.5753394 0.8537477 0.3971354 0.8537477 0.2140318 0.8537477 0.5770631 0.8407438 0.4202345 0.8407438 0.4202344 0.8437855 0.577063 0.8437855 0.266796 0.8407438 0.2583432 0.8407438 0.2583431 0.8437855 0.266796 0.8437855 0.5770631 0.8407438 0.5681449 0.8407438 0.5681442 0.8437858 0.5770625 0.8437858 0.5770631 0.8407438 0.5719827 0.8407439 0.5719825 0.8437858 0.577063 0.8437858 0.2611067 0.843791 0.3467214 0.8437858 0.3467215 0.8407438 0.2611067 0.840749 0.4229906 0.8437875 0.4229906 0.8407455 0.5673352 0.8437858 0.577063 0.8437858 0.5770631 0.8407438 0.5673354 0.8407439 0.2532796 0.8437858 0.2602888 0.8437858 0.2602888 0.8407438 0.2532797 0.8407438 0.4151713 0.8437858 0.5659096 0.8437858 0.5659096 0.8407438 0.4151713 0.8407438 0.5673289 0.8437858 0.577063 0.8437858 0.5770631 0.8407438 0.5673289 0.8407439 0.5458105 0.8407438 0.4151718 0.8407438 0.4151717 0.8437855 0.5458105 0.8437855 0.2685151 0.8407438 0.2532806 0.8407438 0.2532804 0.8437855 0.268515 0.8437855 0.5659096 0.8437858 0.5770631 0.8437858 0.5770631 0.8407439 0.5659096 0.8407438 0.5770631 0.8407438 0.577063 0.8437855 0.2602888 0.8437858 0.4151713 0.8437858 0.4151713 0.8407438 0.2602888 0.8407438 0.2757617 0.8438032 0.4263051 0.8437941 0.4263051 0.8407521 0.2757615 0.8407611 0.271443 0.8437855 0.4221809 0.8437856 0.4221809 0.8407438 0.271443 0.8407438 0.5639495 0.8437858 0.5639495 0.8407438 0.5770631 0.843803 0.577063 0.8407611 0.4221809 0.8437856 0.577063 0.8437856 0.5770631 0.8407438 0.4221809 0.8407438 0.5670158 0.8437858 0.5770631 0.8437858 0.5770621 0.8407438 0.5670148 0.8407438 0.5770631 0.8437909 0.5770631 0.8407489 0.2655314 0.9216837 0.2084238 0.9216837 0.2655315 0.8921813 0.33084 0.8921814 0.2655314 0.9073797 0.3449281 0.9216837 0.3308401 0.9216837 0.33084 0.9073797 0.2084238 0.9073797 0.2084238 0.8921813 0.344928 0.9073797 0.344928 0.8921814 0.2655314 0.9216837 0.2084238 0.9216837 0.2655315 0.8921813 0.33084 0.8921814 0.2655314 0.9073797 0.3449281 0.9216837 0.3308401 0.9216837 0.33084 0.9073797 0.2084238 0.9073797 0.2084238 0.8921813 0.344928 0.9073797 0.344928 0.8921814 0.2655314 0.9216837 0.2084238 0.9216837 0.2655315 0.8921813 0.33084 0.8921814 0.2655314 0.9073797 0.3449281 0.9216837 0.3308401 0.9216837 0.33084 0.9073797 0.2084238 0.9073797 0.2084238 0.8921813 0.344928 0.9073797 0.344928 0.8921814 0.2655314 0.9216837 0.2084238 0.9216837 0.2655315 0.8921813 0.33084 0.8921814 0.2655314 0.9073797 0.3449281 0.9216837 0.3308401 0.9216837 0.33084 0.9073797 0.2084238 0.9073797 0.2084238 0.8921813 0.344928 0.9073797 0.344928 0.8921814 0.5836601 0.893403 0.5934798 0.8793746 0.5836601 0.893403 0.5934798 0.8793746 0.5633563 0.8499126 0.5633896 0.8468713 0.5639495 0.8437858 0.5639495 0.8407438 0.5639495 0.8437858 0.5639495 0.8407438  
			<TextureCoords1>: 596 0.9921479 0.5445216 0.9702529 0.1710862 0.9702617 0.1658211 0.8290936 0.327163 0.9923027 0.5594965 0.9923145 0.5580653 0.8292741 0.3407971 0.8290936 0.3099967 0.9633823 0.3407741 0.9634073 0.3422329 0.8574824 0.5580878 0.8575032 0.5595207 0.8360444 0.1643813 0.8360429 0.1658298 0.8575803 0.5445447 0.8359827 0.1710862 0.917971 0.3410268 0.90277 0.5592683 0.9180069 0.325986 0.8813648 0.1681936 0.9179548 0.3395898 0.9027871 0.5607176 0.8814167 0.1629644 0.9028761 0.5455205 0.9788484 0.309788 0.8421405 0.5581437 0.8205396 0.1641964 0.8204969 0.170893 0.9790283 0.3406706 0.8421392 0.5595763 0.8205287 0.1656369 0.8421608 0.5445216 0.992148 0.5719662 0.9702529 0.1576176 0.9702617 0.1523525 0.8290939 0.3699886 0.9923028 0.5869411 0.9923146 0.5855099 0.8292744 0.3836227 0.8302484 0.3962216 0.9633827 0.3835997 0.9634076 0.3850586 0.8574825 0.5855324 0.8575034 0.5869653 0.8360444 0.1509126 0.8360429 0.1523612 0.8575804 0.5719892 0.8359827 0.1576176 0.9179713 0.3838524 0.9027702 0.5867128 0.9180073 0.3688116 0.8813648 0.154725 0.9179551 0.3824154 0.9027873 0.5881621 0.8814167 0.1494958 0.9028763 0.5729651 0.9800031 0.396013 0.8421406 0.5855882 0.8205396 0.1507278 0.8204969 0.1574244 0.9790286 0.3834962 0.8421393 0.5870209 0.8205287 0.1521683 0.8421609 0.5719662 0.9921479 0.5155298 0.970265 0.2128251 0.9702739 0.2075601 0.8421391 0.4138417 0.9923027 0.5305046 0.9923144 0.5290734 0.8423196 0.4274758 0.8290936 0.2974808 0.9764278 0.4274527 0.9764528 0.4289116 0.8574824 0.5290959 0.8575032 0.5305288 0.8360565 0.2061203 0.8360551 0.2075688 0.8575803 0.5155528 0.8359949 0.2128251 0.9310164 0.4277054 0.90277 0.5302764 0.9310524 0.4126647 0.881377 0.2099325 0.9310003 0.4262684 0.9027871 0.5317256 0.8814289 0.2047033 0.9028761 0.5165286 0.9788484 0.2972721 0.8421405 0.5291518 0.8205518 0.2059354 0.8205091 0.212632 0.9920738 0.4273493 0.8421392 0.5305845 0.8205408 0.2073759 0.8421608 0.5155298 0.9921479 0.4707024 0.9788495 0.2757353 0.9788584 0.2704703 0.8421391 0.4428341 0.9923027 0.4856773 0.9923144 0.4842461 0.8423196 0.4564682 0.8290936 0.2830058 0.9764279 0.4564452 0.9764528 0.4579041 0.8574824 0.4842685 0.8575032 0.4857015 0.844641 0.2690305 0.8446396 0.2704789 0.8575803 0.4707254 0.8445794 0.2757353 0.9310165 0.4566979 0.90277 0.485449 0.9310524 0.4416571 0.8899615 0.2728426 0.9310003 0.4552609 0.9027871 0.4868983 0.8900134 0.2676135 0.9028761 0.4717013 0.9788483 0.2827972 0.8421405 0.4843244 0.8291363 0.2688456 0.8290936 0.2755421 0.9920738 0.4563417 0.8421392 0.4857571 0.8291253 0.270286 0.8421608 0.4707024 0.4432862 0.8234796 0.9932601 0.2218869 0.8204969 0.1749924 0.9932602 0.2454251 0.820497 0.1985307 0.9931109 0.1985307 0.4432887 0.9960904 0.8206463 0.2454251 0.9931108 0.1749924 0.8206462 0.2218869 0.8604506 0.9738759 0.86045 0.8456964 0.4432864 0.8456973 0.02612396 0.8456973 0.02612449 0.9738756 0.4432886 0.9738726 0.4432873 0.8195723 0.4432874 0.7921277 0.02612425 0.7424649 0.02612416 0.6142861 0.4432871 0.6142866 0.8604502 0.6142865 0.8604503 0.7424655 0.4432874 0.7424648 0.4211756 0.1703886 0.003937371 0.1985306 0.4211223 0.197748 0.00390625 0.1820115 0.1810253 0.1699201 0.7815037 0.1710918 0.8165906 0.1985307 0.4080241 0.2882512 0.408024 0.2651666 0.8251873 0.2651667 0.01100948 0.2882511 0.00390625 0.2651666 0.8251873 0.278268 0.803406 0.2651667 0.6045547 0.2882512 0.4210697 0.4868959 0.8382329 0.4868983 0.003906389 0.4868981 0.00390625 0.4618126 0.4210697 0.4618104 0.8382329 0.4618127 0.03264665 0.4868979 0.08443804 0.4618121 0.8201717 0.4868982 0.7989764 0.4618126 0.3923293 0.1072554 0.03764657 0.1072553 0.7802503 0.1072554 0.399405 0.2172846 0.8167011 0.2454251 0.399445 0.244644 0.81674 0.2289061 0.6396264 0.2167314 0.03900659 0.2180035 0.00390625 0.2454251 0.4210695 0.3422329 0.4210695 0.3191484 0.003906256 0.3191484 0.8180841 0.3422329 0.8251874 0.3191484 0.00390625 0.3322498 0.02568755 0.3191484 0.2245389 0.3422329 0.4210697 0.5607175 0.003906254 0.5607176 0.8382329 0.5607175 0.8382329 0.5356319 0.4210697 0.535632 0.00390625 0.535632 0.8094926 0.5607175 0.7577012 0.535632 0.02196734 0.5607176 0.04316264 0.535632 0.4030085 0.1660138 0.7576913 0.1660138 0.01508742 0.1660138 0.4080243 0.3850585 0.4080243 0.3619739 0.8251877 0.361974 0.01100951 0.3850585 0.00390625 0.3619739 0.8251877 0.3750753 0.8034062 0.3619741 0.6045548 0.3850586 0.4210696 0.4579034 0.8382329 0.4579041 0.00390628 0.457904 0.00390625 0.4328184 0.4210697 0.4328179 0.8382329 0.4328185 0.03264657 0.4579039 0.08443805 0.4328183 0.8201718 0.457904 0.7989765 0.4328185 0.3923292 0.07787615 0.03764654 0.07787615 0.7802503 0.07787621 0.4210695 0.3152421 0.4210695 0.2921575 0.003906251 0.2921576 0.8180841 0.315242 0.8251874 0.2921575 0.00390625 0.3052589 0.02568753 0.2921576 0.2245389 0.3152421 0.4210696 0.5317248 0.003906287 0.5317256 0.8382329 0.5317255 0.8382329 0.50664 0.4210697 0.5066392 0.00390625 0.5066401 0.8094926 0.5317255 0.7577012 0.5066398 0.02196739 0.5317256 0.04316258 0.5066401 0.4030085 0.1366346 0.7576913 0.1366346 0.01508737 0.1366346 0.8814201 0.1615238 0.9702768 0.1643823 0.9180731 0.3066324 0.9181103 0.3118778 0.9634314 0.3152421 0.9633942 0.3099967 0.9790308 0.3270025 0.9635457 0.326943 0.8291308 0.3152421 0.8292624 0.3422329 0.9788855 0.3150334 0.9790319 0.3421146 0.8814201 0.1480552 0.9702768 0.1509137 0.9192278 0.3928574 0.9192649 0.3981028 0.9645861 0.4014671 0.9645489 0.3962216 0.9790311 0.369828 0.9635461 0.3697686 0.8302855 0.4014671 0.8292627 0.3850586 0.9800403 0.4012584 0.9790323 0.3849403 0.8814323 0.2032627 0.9702889 0.2061212 0.9180731 0.2941165 0.9181103 0.2993619 0.9634314 0.3027261 0.9633942 0.2974808 0.9920763 0.4136811 0.9765912 0.4136217 0.8291308 0.3027261 0.8423079 0.4289116 0.9788855 0.3025175 0.9920775 0.4287933 0.8900168 0.2661729 0.9788734 0.2690314 0.918073 0.2796416 0.9181101 0.284887 0.9634313 0.2882512 0.9633941 0.2830058 0.9920764 0.4426736 0.9765913 0.4426141 0.8291307 0.2882512 0.842308 0.4579041 0.9788855 0.2880425 0.9920775 0.4577858 0.8826687 0.9960938 0.8826677 0.8234786 0.00390625 0.8234797 0.86045 0.8456964 0.8826677 0.8234786 0.02612396 0.8456973 0.00390625 0.8234797 0.003906903 0.9960935 0.8826687 0.9960938 0.8604506 0.9738759 0.00390625 0.7685895 0.003906453 0.7921278 0.4432872 0.7685895 0.8826685 0.796034 0.4432873 0.796034 0.8826685 0.8195723 0.8826683 0.7921277 0.8826681 0.7685895 0.003906258 0.796034 0.00390625 0.8195723 0.00390625 0.5920684 0.003906581 0.7646827 0.8826679 0.5920688 0.4432872 0.5920689 0.02612416 0.6142861 0.00390625 0.5920684 0.8604502 0.6142865 0.8826683 0.7646832 0.8826679 0.5920688 0.4432873 0.7646825 0.02612425 0.7424649 0.003906581 0.7646827 0.00390625 0.4053733 0.00390645 0.4289116 0.4210696 0.4289116 0.4210694 0.4053733 0.8382329 0.4289116 0.8382326 0.4053733 0.8204969 0.09316611 0.820497 0.1167044 0.9486755 0.1167044 0.9486753 0.09316611 0.4210697 0.5646238 0.003906258 0.5646238 0.00390625 0.5881621 0.4210697 0.5881621 0.8382331 0.5646238 0.8382331 0.5881621 0.8204969 0.1206107 0.820497 0.1441489 0.9486755 0.1441489 0.9486753 0.1206107 0.3923293 0.08178252 0.00390625 0.08178246 0.7914314 0.08178252 0.7914316 0.1405409 0.4030085 0.140541 0.00390625 0.140541 0.4214782 0.3929758 0.7817194 0.4009193 0.7818035 0.3969093 0.4214919 0.3889648 0.4211166 0.2088141 0.003979562 0.202437 0.00390625 0.2064472 0.4211143 0.2128251 0.1814778 0.4014671 0.1814201 0.3974565 0.9362018 0.9921094 0.9196827 0.9921091 0.9192215 0.9960934 0.9357406 0.9960938 0.0039639 0.3989774 0.00390625 0.3949668 0.8165342 0.202437 0.8166028 0.2064474 0.826258 0.4014671 0.8263421 0.397457 0.8251874 0.3540566 0.4210695 0.3540566 0.4210695 0.3580676 0.8251874 0.3580676 0.02568756 0.3540565 0.00390625 0.3540565 0.00390625 0.3580676 0.02568756 0.3580676 0.9735503 0.9723418 0.997703 0.9723418 0.997703 0.9683308 0.9735503 0.9683308 0.9447429 0.9604135 0.9316415 0.9604135 0.9316415 0.9644244 0.9447429 0.9644246 0.8183096 0.2572487 0.5974513 0.2572489 0.5974513 0.2612599 0.8183096 0.2612597 0.4009207 0.257249 0.4009207 0.26126 0.9696441 0.9683308 0.9445586 0.9683308 0.9445586 0.9723418 0.9696441 0.9723417 0.9970779 0.9762481 0.9790168 0.9762481 0.9790168 0.9802591 0.9970779 0.9802591 0.7953377 0.01281571 0.4069147 0.01281571 0.4069147 0.01682681 0.7953377 0.01682675 0.9406523 0.9683308 0.9155667 0.9683308 0.9155667 0.9723418 0.9406523 0.9723417 0.7577012 0.498722 0.4210696 0.4987219 0.4210696 0.502733 0.7577011 0.502733 0.04316264 0.4987219 0.00390625 0.4987219 0.00390625 0.5027329 0.04316264 0.502733 0.9153152 0.9841654 0.886575 0.9841654 0.886575 0.9881763 0.9153152 0.9881765 0.8382329 0.498722 0.8382329 0.502733 0.4030083 0.004898369 0.003906253 0.004898429 0.00390625 0.008909464 0.4030083 0.008909464 0.788786 0.03656769 0.4008651 0.03656787 0.4008651 0.04057896 0.788786 0.04057872 0.7953378 0.0286504 0.4069147 0.02865034 0.4069147 0.03266144 0.7953378 0.03266144 0.04618246 0.03656811 0.04618246 0.04057914 0.003906251 0.03656811 0.00390625 0.04057914 0.4030085 0.02073306 0.003906253 0.02073306 0.00390625 0.02474409 0.4030085 0.02474409 0.9143938 0.9762481 0.886575 0.9762481 0.886575 0.9802591 0.9143938 0.9802591 0.00390625 0.2572493 0.00390625 0.2612603 0.3923292 0.05240327 0.00390625 0.05240321 0.7914314 0.05240333 0.7914316 0.1111616 0.4030085 0.1111617 0.00390625 0.1111618 0.00390625 0.3501503 0.4080241 0.3501503 0.4080241 0.3461393 0.003906251 0.3461392 0.8034061 0.3501503 0.8251874 0.3501503 0.8251874 0.3461393 0.8034061 0.3461393 0.886575 0.9644246 0.9107277 0.9644246 0.9107277 0.9604135 0.886575 0.9604135 0.9146339 0.9644246 0.9277353 0.9644246 0.9277353 0.9604136 0.9146339 0.9604135 0.00390625 0.2533424 0.2247646 0.2533424 0.2247646 0.2493314 0.003906252 0.2493315 0.4212951 0.2533424 0.4212952 0.2493314 0.886575 0.9723418 0.9116605 0.9723418 0.9116605 0.9683308 0.886575 0.9683309 0.886575 0.9565072 0.904636 0.9565072 0.904636 0.9524962 0.886575 0.9524962 0.4069147 0.008909464 0.7953376 0.008909464 0.7953376 0.004898369 0.4069147 0.004898429 0.9500251 0.9802591 0.9751106 0.9802591 0.9751106 0.9762481 0.9500251 0.9762482 0.08443805 0.4948156 0.4210696 0.4948156 0.4210696 0.4908046 0.08443805 0.4908046 0.7989766 0.4948156 0.8382329 0.4948156 0.8382329 0.4908047 0.7989766 0.4908046 0.886575 0.9960938 0.9153153 0.9960938 0.9153153 0.9920828 0.886575 0.9920827 0.00390625 0.4948156 0.003906251 0.4908046 0.00390625 0.01682681 0.4030083 0.01682675 0.4030083 0.01281571 0.003906253 0.01281571 0.00390625 0.04849696 0.3918272 0.04849672 0.3918272 0.04448563 0.00390625 0.04448593 0.4069147 0.02474409 0.7953378 0.02474409 0.7953378 0.02073306 0.4069147 0.02073306 0.7465098 0.04849643 0.7465098 0.04448539 0.788786 0.04849643 0.788786 0.04448539 0.00390625 0.03266144 0.4030085 0.03266144 0.4030085 0.0286504 0.003906253 0.02865034 0.9461188 0.9762481 0.9183 0.9762481 0.9183 0.9802591 0.9461188 0.9802591 0.8183096 0.2533424 0.8183096 0.2493314 0.8814167 0.1629644 0.9702617 0.1658211 0.90277 0.5592683 0.8574824 0.5580878 0.9179548 0.3395898 0.8205287 0.1656369 0.8360429 0.1658298 0.9633823 0.3407741 0.8292741 0.3407971 0.9923145 0.5580653 0.9790283 0.3406706 0.8421405 0.5581437 0.8814167 0.1494958 0.9702617 0.1523525 0.9027702 0.5867128 0.8574825 0.5855324 0.9179551 0.3824154 0.8205287 0.1521683 0.8360429 0.1523612 0.9633827 0.3835997 0.8292744 0.3836227 0.9923146 0.5855099 0.9790286 0.3834962 0.8421406 0.5855882 0.8814289 0.2047033 0.9702739 0.2075601 0.90277 0.5302764 0.8574824 0.5290959 0.9310003 0.4262684 0.8205408 0.2073759 0.8360551 0.2075688 0.9764278 0.4274527 0.8423196 0.4274758 0.9923144 0.5290734 0.9920738 0.4273493 0.8421405 0.5291518 0.8900134 0.2676135 0.9788584 0.2704703 0.90277 0.485449 0.8574824 0.4842685 0.9310003 0.4552609 0.8291253 0.270286 0.8446396 0.2704789 0.9764279 0.4564452 0.8423196 0.4564682 0.9923144 0.4842461 0.9920738 0.4563417 0.8421405 0.4843244 0.02612449 0.9738756 0.003906903 0.9960935 0.8604503 0.7424655 0.8826683 0.7646832 0.7817194 0.4009193 0.7818035 0.3969093 0.04618246 0.03656811 0.04618246 0.04057914 0.7465098 0.04849643 0.7465098 0.04448539  
			<Normals>: 596 -0.03070214 -0.9995285 0 0 0 1 0 0 1 0.03070214 0.9995285 0 -0.02169895 -0.7069403 -0.7069403 -0.02169895 -0.7069403 -0.7069403 0.03070214 0.9995285 0 0 0 -1 -0.02694826 0.70685 -0.70685 -0.02591076 0.7068846 -0.7068541 0.0373548 -0.999302 0 0.02694826 -0.70685 -0.70685 -0.02694826 0.70685 0.70685 -0.02591076 0.7068846 0.7068541 0.0373548 -0.999302 0 0 0 1 -0.0182809 0.7070039 -0.7069734 0.0182809 -0.7070039 -0.7069734 -0.02520874 0.9996822 0 0 0 1 -0.02520874 0.9996822 0 0.01739612 -0.707015 -0.7069845 0 0 1 0.02520874 -0.9996822 0 0 0 -1 -0.004516843 -0.7070996 -0.7070996 0.004516843 0.7070996 0.7070996 0 0 1 0.006408951 0.9999795 0 -0.004516843 -0.7070996 -0.7070996 0.004516843 0.7070996 0.7070996 -0.006408951 -0.9999795 0 -0.03070214 -0.9995285 0 0 0 1 0 0 1 0.03070214 0.9995285 0 -0.02169895 -0.7069403 -0.7069403 -0.02169895 -0.7069403 -0.7069403 0.03070214 0.9995285 0 0 0 -1 -0.02694826 0.70685 -0.70685 -0.02591076 0.7068846 -0.7068541 0.0373548 -0.999302 0 0.02694826 -0.70685 -0.70685 -0.02694826 0.70685 0.70685 -0.02591076 0.7068846 0.7068541 0.0373548 -0.999302 0 0 0 1 -0.0182809 0.7070039 -0.7069734 0.0182809 -0.7070039 -0.7069734 -0.02520874 0.9996822 0 0 0 1 -0.02520874 0.9996822 0 0.01739612 -0.707015 -0.7069845 0 0 1 0.02520874 -0.9996822 0 0 0 -1 -0.004516843 -0.7070996 -0.7070996 0.004516843 0.7070996 0.7070996 0 0 1 0.006408951 0.9999795 0 -0.004516843 -0.7070996 -0.7070996 0.004516843 0.7070996 0.7070996 -0.006408951 -0.9999795 0 -0.03070214 -0.9995285 0 0 0 1 0 0 1 0.03070214 0.9995285 0 -0.02169895 -0.7069403 -0.7069403 -0.02169895 -0.7069403 -0.7069403 0.03070214 0.9995285 0 0 0 -1 -0.02694826 0.70685 -0.70685 -0.02591076 0.7068846 -0.7068541 0.0373548 -0.999302 0 0.02694826 -0.70685 -0.70685 -0.02694826 0.70685 0.70685 -0.02591076 0.7068846 0.7068541 0.0373548 -0.999302 0 0 0 1 -0.0182809 0.7070039 -0.7069734 0.0182809 -0.7070039 -0.7069734 -0.02520874 0.9996822 0 0 0 1 -0.02520874 0.9996822 0 0.01739612 -0.707015 -0.7069845 0 0 1 0.02520874 -0.9996822 0 0 0 -1 -0.004516843 -0.7070996 -0.7070996 0.004516843 0.7070996 0.7070996 0 0 1 0.006408951 0.9999795 0 -0.004516843 -0.7070996 -0.7070996 0.004516843 0.7070996 0.7070996 -0.006408951 -0.9999795 0 -0.03070214 -0.9995285 0 0 0 1 0 0 1 0.03070214 0.9995285 0 -0.02169895 -0.7069708 -0.7069097 -0.02169895 -0.7069708 -0.7069097 0.03070214 0.9995285 0 0 0 -1 -0.02694826 0.7068805 -0.7068195 -0.02591076 0.7068846 -0.7068541 0.0373548 -0.999302 0 0.02694826 -0.7068805 -0.7068195 -0.02694826 0.70685 0.70685 -0.02591076 0.7068541 0.7068846 0.0373548 -0.999302 0 0 0 1 -0.0182809 0.7070039 -0.7069734 0.0182809 -0.7070039 -0.7069734 -0.02520874 0.9996822 0 0 0 1 -0.02520874 0.9996822 0 0.01739612 -0.707015 -0.7069845 0 0 1 0.02520874 -0.9996822 0 0 0 -1 -0.004516843 -0.7071301 -0.707069 0.004516843 0.7070996 0.7070996 0 0 1 0.006408951 0.9999795 0 -0.004516843 -0.7071301 -0.707069 0.004516843 0.7070996 0.7070996 -0.006408951 -0.9999795 0 0 1 0 0 0 1 0 0 -1 0 0 1 0 0 -1 0 0 -1 0 1 0 0 0 1 0 0 -1 0 0 1 0 1 0 0 1 0 0 1 0 0 1 0 0 1 0 0 1 0 1 0 0 -1 0 0 0 -1 0 0 -1 0 0 -1 0 0 -1 0 0 -1 0 0 -1 0 -0.06460816 0.9979014 -0.004303141 -0.1149661 0.9932802 0.0133064 -0.06460816 0.9979014 -0.004303141 -0.1149661 0.9932802 0.0133064 -0.1149661 0.9932802 0.0133064 -0.0140694 0.9996601 -0.02194339 -0.0140694 0.9996601 -0.02194339 0 1 0 0 1 0 0 1 0 0 1 0 0 1 0 0 1 0 0 1 0 0 1 0 0 1 0 0 1 0 0 1 0 0 1 0 0 1 0 0 1 0 0 1 0 0 1 0 0 1 0 0 1 0 0 1 0 0 1 0 0 1 0 0.06460816 -0.9979014 0.004303141 0.114936 -0.9932842 -0.01327594 0.06457776 -0.9979035 0.004303149 0.114936 -0.9932842 -0.01327594 0.114936 -0.9932842 -0.01327594 0.01406941 -0.9996608 0.02191288 0.01406941 -0.9996608 0.02191288 0 -1 0 0 -1 0 0 -1 0 0 -1 0 0 -1 0 0 -1 0 0 -1 0 0 -1 0 0 -1 0 0 -1 0 0 -1 0 0 -1 0 0 -1 0 0 -1 0 0 -1 0 0 -1 0 0 -1 0 0 -1 0 0 -1 0 0 -1 0 0 -1 0 0 -1 0 0 -1 0 0 -1 0 0 -1 0 0 -1 0 0 -1 0 0 -1 0 0 -1 0 0 -1 0 0 -1 0 0 -1 0 0 -1 0 0 -1 0 0 -1 0 0 -1 0 0 -1 0 0 -1 0 0 -1 0 0 -1 0 0 -1 0 0 -1 0 0 1 0 0 1 0 0 1 0 0 1 0 0 1 0 0 1 0 0 1 0 0 1 0 0 1 0 0 1 0 0 1 0 0 1 0 0 1 0 0 1 0 0 1 0 0 1 0 0 1 0 0 1 0 0 1 0 0 1 0 0 1 0 -0.01739612 0.707015 0.7069845 0.02169895 0.7069403 0.7069403 0 0 -1 0 0 -1 0 0 -1 0 0 -1 0.006408951 0.9999795 0 -0.0373548 0.999302 0 0 0 -1 0.02169895 0.7069403 -0.7069403 0 0 -1 0.004516843 0.7070996 -0.7070996 -0.01739612 0.707015 0.7069845 0.02169895 0.7069403 0.7069403 0 0 -1 0 0 -1 0 0 -1 0 0 -1 0.006408951 0.9999795 0 -0.0373548 0.999302 0 0 0 -1 0.02169895 0.7069403 -0.7069403 0 0 -1 0.004516843 0.7070996 -0.7070996 -0.01739612 0.707015 0.7069845 0.02169895 0.7069403 0.7069403 0 0 -1 0 0 -1 0 0 -1 0 0 -1 0.006408951 0.9999795 0 -0.0373548 0.999302 0 0 0 -1 0.02169895 0.7069403 -0.7069403 0 0 -1 0.004516843 0.7070996 -0.7070996 -0.01739575 0.7069998 0.7069998 0.02169895 0.7069403 0.7069403 0 0 -1 0 0 -1 0 0 -1 0 0 -1 0.006408951 0.9999795 0 -0.0373548 0.999302 0 0 0 -1 0.02169895 0.7069708 -0.7069097 0 0 -1 0.004516843 0.7071301 -0.707069 0 1 0 0 1 0 0 1 0 0 1 0 0 1 0 0 1 0 0 1 0 0 1 0 0 1 0 0 1 0 -1 0 0 -1 0 0 -1 0 0 1 0 0 1 0 0 1 0 0 -1 0 0 -1 0 0 1 0 0 1 0 0 0 -1 0 0 -1 0 0 -1 0 0 -1 0 0 -1 0 0 -1 0 0 -1 0 0 -1 0 0 -1 0 0 -1 0 0 -1 0 0 -1 0 -1 0 0 -1 0 0 -1 0 0 -1 0 0 -1 0 0 -1 0 0 0 0 -1 0 0 -1 0 0 -1 0 0 -1 1 0 0 1 0 0 1 0 0 1 0 0 1 0 0 1 0 0 0 0 1 0 0 1 0 0 1 0 0 1 0 1 0 0 1 0 0 1 0 0 -1 0 0 -1 0 0 -1 0 0.9979018 0.06473025 0.001434381 0.9992257 0.03933911 -0.0006103819 0.9992257 0.03933911 -0.0006103819 0.9979214 0.06442633 0.001434409 -0.9979126 -0.06457835 -0.0002746716 -0.9959603 -0.08978719 -0.001159726 -0.9959603 -0.08978719 -0.001159726 -0.9979106 -0.06460875 -0.0002746711 0.9942637 0.1027254 -0.0297861 0.9942525 0.1027885 -0.02993927 0 0.01339765 -0.9999102 0 0.01339765 -0.9999102 0 0.01339765 -0.9999102 0 0.01339765 -0.9999102 0.9912839 0.115575 -0.06323513 0.9912839 0.115575 -0.06323513 -0.9992257 -0.03933911 0.0005493437 -0.9992257 -0.03933911 0.0005493437 0.7888888 0.02456789 0.6140447 0.7888888 0.02456789 0.6140447 1 0 0 1 0 0 1 0 0 1 0 0 1 0 0 1 0 0 1 0 0 1 0 0 -0.2940858 0 -0.955779 -0.2940858 0 -0.955779 -0.2940858 0 -0.955779 -0.2940858 0 -0.955779 0 0 1 0 0 1 0 0 1 0 0 1 -0.998978 0 0.04519862 -0.999745 0 0.02258414 -0.999745 0 0.02258414 -0.998978 0 0.04519862 -1 0 0 -1 0 0 0 0 1 0 0 1 0 0 1 0 0 1 -1 0 0 -1 0 0 -1 0 0 -1 0 0 -1 0 0 -1 0 0 -1 0 0 -1 0 0 0 0 -1 0 0 -1 0 0 -1 0 0 -1 1 0 0 1 0 0 1 0 0 1 0 0 1 0 0 1 0 0 1 0 0 1 0 0 -1 0 0 -1 0 0 -1 0 0 -1 0 0 1 0 0 1 0 0 -1 0 0 -1 0 0 -1 0 0 -1 0 0 -1 0 0 -1 0 0 -1 0 0 -1 0 0 1 0 0 1 0 0 1 0 0 1 0 0 -1 0 0 -1 0 0 -0.7980953 0 -0.6025312 -0.7980953 0 -0.6025312 1 0 0 1 0 0 1 0 0 1 0 0 -0.4019121 0 0.9156783 -0.4019121 0 0.9156783 -0.4019121 0 0.9156783 -0.4019121 0 0.9156783 -1 0 0 -1 0 0 0 -1 0 0 -1 0 0 -1 0 0 1 0 0 1 0 0 1 0 1 0 0 1 0 0 1 0 0 1 0 0 1 0 0 1 0 0 1 0 0 1 0 0 -0.2940858 0 0.955779 -0.2940858 0 0.955779 -0.2940858 0 0.955779 -0.2940858 0 0.955779 0 0 -1 0 0 -1 0 0 -1 0 0 -1 -0.998978 0 -0.04519862 -0.999745 0 -0.02258414 -0.999745 0 -0.02258414 -0.998978 0 -0.04519862 -1 0 0 -1 0 0 0 0 -1 0 0 -1 0 0 -1 0 0 -1 -1 0 0 -1 0 0 -1 0 0 -1 0 0 -1 0 0 -1 0 0 -1 0 0 -1 0 0 0 0 1 0 0 1 0 0 1 0 0 1 1 0 0 1 0 0 1 0 0 1 0 0 1 0 0 1 0 0 1 0 0 1 0 0 -1 0 0 -1 0 0 -1 0 0 -1 0 0 1 0 0 1 0 0 -1 0 0 -1 0 0 -1 0 0 -1 0 0 -1 0 0 -1 0 0 -1 0 0 -1 0 0 1 0 0 1 0 0 1 0 0 1 0 0 -1 0 0 -1 0 0 -0.7980953 0 0.6025312 -0.7980953 0 0.6025312 1 0 0 1 0 0 1 0 0 1 0 0 -0.4019121 0 -0.9156783 -0.4019121 0 -0.9156783 -0.4019121 0 -0.9156783 -0.4019121 0 -0.9156783 -1 0 0 -1 0 0 -0.0182809 0.7070039 0.7069734 0.02169895 0.7069403 0.7069403 0.02520874 -0.9996822 0 0.02591076 -0.7068846 -0.7068541 -0.01739612 0.707015 -0.7069845 0 0 1 0 0 1 -0.0373548 0.999302 0 0.02169895 0.7069403 -0.7069403 -0.03070214 -0.9995285 0 0.004516843 0.7070996 -0.7070996 -0.006408951 -0.9999795 0 -0.0182809 0.7070039 0.7069734 0.02169895 0.7069403 0.7069403 0.02520874 -0.9996822 0 0.02591076 -0.7068846 -0.7068541 -0.01739612 0.707015 -0.7069845 0 0 1 0 0 1 -0.0373548 0.999302 0 0.02169895 0.7069403 -0.7069403 -0.03070214 -0.9995285 0 0.004516843 0.7070996 -0.7070996 -0.006408951 -0.9999795 0 -0.0182809 0.7070039 0.7069734 0.02169895 0.7069403 0.7069403 0.02520874 -0.9996822 0 0.02591076 -0.7068846 -0.7068541 -0.01739612 0.707015 -0.7069845 0 0 1 0 0 1 -0.0373548 0.999302 0 0.02169895 0.7069403 -0.7069403 -0.03070214 -0.9995285 0 0.004516843 0.7070996 -0.7070996 -0.006408951 -0.9999795 0 -0.0182809 0.7069734 0.7070039 0.02169895 0.7069403 0.7069403 0.02520874 -0.9996822 0 0.02591076 -0.7068846 -0.7068541 -0.01739612 0.707015 -0.7069845 0 0 1 0 0 1 -0.0373548 0.999302 0 0.02169895 0.7069708 -0.7069097 -0.03070214 -0.9995285 0 0.004516843 0.7071301 -0.707069 -0.006408951 -0.9999795 0 0 1 0 0 1 0 0 -1 0 0 -1 0 0.7888888 0.02456789 0.6140447 0.7888888 0.02456789 0.6140447 -0.7980953 0 -0.6025312 -0.7980953 0 -0.6025312 -0.7980953 0 0.6025312 -0.7980953 0 0.6025312  
			<Tangents>: 596 -0.9995286 0.03070214 2.11143E-07 -0.9995285 0.03070489 0 -0.9995285 0.03070489 0 -0.9995286 0.03070214 0 -0.9995289 0.03069219 -1.246968E-05 -0.9995289 0.03069218 -1.246137E-05 -0.9995286 0.03070214 7.731442E-09 -0.9995285 0.03070477 0 -0.9985586 -0.05186872 -0.01379924 -0.9986024 -0.05088532 -0.01428231 -0.9993021 -0.0373548 2.124298E-07 -0.9985467 -0.05204792 0.01397889 -0.9985468 -0.05204784 0.01397881 -0.9985735 -0.05132387 0.01472192 -0.9993021 -0.0373548 1.624415E-07 -0.9978877 -0.0649627 0 -0.9996139 -0.0277222 -0.0018754 -0.9996216 -0.02745893 0.001611923 -0.9996822 -0.02520874 3.873499E-08 -0.9995546 -0.02984468 0 -0.9996822 -0.02520874 2.432496E-08 -0.999648 -0.02646425 0.001867971 -0.9995995 -0.02830096 0 -0.9996822 -0.02520874 4.182289E-07 -0.9999794 0.006418791 0 -0.9999795 0.006403227 -1.551246E-05 -0.9999795 0.006403004 -1.528954E-05 -0.9999794 0.006418809 0 -0.9999794 0.006408951 0 -0.9999795 0.006403 -1.528536E-05 -0.9999795 0.006403197 -1.548196E-05 -0.9999794 0.006408951 0 -0.9995286 0.03070214 2.11143E-07 -0.9995285 0.03070489 0 -0.9995285 0.03070488 0 -0.9995286 0.03070214 0 -0.9995289 0.03069219 -1.246968E-05 -0.9995289 0.03069218 -1.246137E-05 -0.9995286 0.03070214 7.731442E-09 -0.9995285 0.03070476 0 -0.9985586 -0.05186872 -0.01379924 -0.9986024 -0.05088532 -0.01428231 -0.9993021 -0.0373548 2.124298E-07 -0.9985467 -0.05204792 0.01397889 -0.9985468 -0.05204784 0.01397881 -0.9985735 -0.05132387 0.01472193 -0.9993021 -0.0373548 1.624415E-07 -0.9978877 -0.06496271 0 -0.9996139 -0.0277222 -0.0018754 -0.9996216 -0.02745893 0.001611922 -0.9996822 -0.02520874 3.873499E-08 -0.9995546 -0.02984468 0 -0.9996822 -0.02520874 2.432496E-08 -0.999648 -0.02646425 0.001867971 -0.9995995 -0.02830096 0 -0.9996822 -0.02520874 4.182289E-07 -0.9999794 0.006418791 0 -0.9999795 0.00640321 -1.549495E-05 -0.9999795 0.006403005 -1.529011E-05 -0.9999794 0.006418809 0 -0.9999794 0.006408951 0 -0.9999795 0.006403 -1.528536E-05 -0.9999795 0.006403197 -1.548196E-05 -0.9999794 0.006408951 0 -0.9995286 0.03070214 2.11143E-07 -0.9995285 0.03070489 0 -0.9995285 0.03070488 0 -0.9995286 0.03070214 0 -0.9995289 0.03069219 -1.246971E-05 -0.9995289 0.03069218 -1.246137E-05 -0.9995286 0.03070214 7.731442E-09 -0.9995285 0.03070477 0 -0.9985586 -0.05186871 -0.01379924 -0.9986024 -0.05088532 -0.0142823 -0.9993021 -0.0373548 2.124298E-07 -0.9985467 -0.05204792 0.01397889 -0.9985468 -0.05204784 0.01397881 -0.9985735 -0.05132387 0.01472193 -0.9993021 -0.0373548 1.624415E-07 -0.9978877 -0.06496271 0 -0.9996139 -0.0277222 -0.001875402 -0.9996216 -0.02745893 0.001611925 -0.9996822 -0.02520874 3.873499E-08 -0.9995546 -0.02984468 0 -0.9996822 -0.02520874 2.432496E-08 -0.999648 -0.02646426 0.001867973 -0.9995995 -0.02830096 0 -0.9996822 -0.02520874 4.182289E-07 -0.9999794 0.00641881 0 -0.9999795 0.006403207 -1.549243E-05 -0.9999795 0.006403014 -1.5299E-05 -0.9999794 0.006418809 0 -0.9999794 0.006408951 0 -0.9999795 0.006402981 -1.526645E-05 -0.9999795 0.0064032 -1.548509E-05 -0.9999794 0.006408951 0 -0.9995286 0.03070214 2.11143E-07 -0.9995285 0.0307049 0 -0.9995285 0.03070489 0 -0.9995286 0.03070214 0 -0.9995289 0.03069152 -1.312834E-05 -0.9995289 0.03069152 -1.311996E-05 -0.9995286 0.03070214 7.731446E-09 -0.9995285 0.03070477 0 -0.9985586 -0.05186671 -0.01380006 -0.9986024 -0.05088533 -0.01428231 -0.9993021 -0.0373548 2.124306E-07 -0.9985468 -0.05204589 0.01397971 -0.9985468 -0.05204785 0.01397882 -0.9985734 -0.05132593 0.01472114 -0.9993021 -0.0373548 1.624415E-07 -0.9978877 -0.06496271 0 -0.9996139 -0.02772219 -0.001875394 -0.9996216 -0.02745892 0.001611918 -0.9996822 -0.02520874 3.873499E-08 -0.9995546 -0.02984468 0 -0.9996822 -0.02520874 2.432506E-08 -0.999648 -0.02646426 0.001867973 -0.9995995 -0.02830096 0 -0.9996822 -0.02520874 4.182289E-07 -0.9999794 0.006418791 0 -0.9999795 0.00640307 -1.56325E-05 -0.9999795 0.006403004 -1.528955E-05 -0.9999794 0.006418809 0 -0.9999794 0.006408951 0 -0.9999795 0.006402842 -1.540426E-05 -0.9999795 0.006403197 -1.548196E-05 -0.9999794 0.006408951 0 -9.634961E-08 0 -1 1 -4.252946E-07 0 1 1.417649E-07 0 1 -4.252946E-07 0 1 1.417649E-07 0 1 1.417649E-07 0 1.096476E-07 0 -1 1 -4.252946E-07 0 1 1.417649E-07 0 1 -4.252946E-07 0 1 0 -1.460331E-06 1 0 -6.44411E-07 -9.695826E-08 0 -1 -2.262911E-07 0 -1 -1 0 7.364757E-07 1.103027E-07 0 -1 0 4.321731E-08 1 0 4.321731E-08 1 1 0 -1.460331E-06 1 0 -6.44411E-07 -9.695826E-08 0 -1 -2.262911E-07 0 -1 -1 0 7.364757E-07 1.103027E-07 0 -1 0.0002779304 -0.004294156 -0.9999908 -0.0003427856 0.01335555 -0.9999108 0.0002175078 -0.004298068 -0.9999908 -0.0004449492 0.01334373 -0.9999109 -0.001673973 0.01320148 -0.9999114 1.295125E-05 -0.02194538 -0.9997592 1.375355E-05 -0.02194537 -0.9997592 2.755304E-07 0 -1 2.717257E-07 0 -1 0 0 -1 3.543532E-07 0 -1 3.540239E-07 0 -1 1.04503E-07 0 -1 1.181194E-07 0 -1 1.116359E-07 0 -1 1.636839E-07 0 -1 0 0 -1 2.650578E-07 0 -1 2.322876E-07 0 -1 1.644188E-07 0 -1 0 0 -1 2.995469E-07 0 -1 1.49025E-07 0 -1 1.40988E-07 0 -1 1.646872E-07 0 -1 1.703256E-07 0 -1 1.454793E-07 0 -1 9.644506E-08 0 -1 0.0009167974 -0.004252792 -0.9999905 0.0001433615 0.01338109 -0.9999105 0.0008419804 -0.004257663 -0.9999906 2.755269E-05 0.01336769 -0.9999107 -0.001359067 0.01320726 -0.9999118 0.0005472554 -0.02190735 -0.9997599 0.0005448434 -0.02190739 -0.9997599 2.695547E-07 0 -1 2.659424E-07 0 -1 0 0 -1 3.648058E-07 0 -1 3.64314E-07 0 -1 1.04503E-07 0 -1 1.181194E-07 0 -1 1.116359E-07 0 -1 1.636839E-07 0 -1 0 0 -1 6.508823E-07 0 -1 3.569898E-07 0 -1 1.644188E-07 0 -1 0 0 -1 2.13256E-07 0 -1 1.479572E-07 0 -1 1.40988E-07 0 -1 1.646872E-07 0 -1 1.211592E-07 0 -1 1.824436E-07 0 -1 1.60026E-07 0 -1 2.755304E-07 0 1 2.717256E-07 0 1 1.498066E-07 0 1 3.543532E-07 0 1 3.540239E-07 0 1 1.516589E-07 0 1 4.580935E-08 0 1 1.117853E-07 0 1 1.683126E-07 0 1 0 0 1 6.508823E-07 0 1 3.569898E-07 0 1 1.69101E-07 0 1 0 0 1 2.13256E-07 0 1 1.479572E-07 0 1 1.351956E-07 0 1 1.564919E-07 0 1 1.703256E-07 0 1 1.454793E-07 0 1 9.644506E-08 0 1 2.695547E-07 0 1 2.659424E-07 0 1 0 0 1 3.648058E-07 0 1 3.643139E-07 0 1 1.214818E-07 0 1 1.351635E-07 0 1 1.117938E-07 0 1 1.683126E-07 0 1 0 0 1 6.508823E-07 0 1 3.569898E-07 0 1 1.69101E-07 0 1 0 0 1 2.13256E-07 0 1 1.479572E-07 0 1 1.449861E-07 0 1 1.575604E-07 0 1 1.211592E-07 0 1 1.824436E-07 0 1 1.60026E-07 0 1 -0.999648 -0.02646405 0.001867763 -0.9995289 0.03069228 -1.255912E-05 -0.9996065 -0.0280519 0 -0.9995546 -0.02984471 0 -0.9978877 -0.06496285 0 -0.9978077 -0.06617923 0 -0.9999794 0.006408951 0 -0.9993021 -0.0373548 -1.205687E-07 -0.9995285 0.03070476 0 -0.9995289 0.03069228 1.25624E-05 -0.9999794 0.006418749 0 -0.9999795 0.006403244 1.552939E-05 -0.999648 -0.02646405 0.001867764 -0.9995289 0.03069228 -1.255912E-05 -0.9996065 -0.0280519 0 -0.9995546 -0.02984471 0 -0.9978877 -0.06496285 0 -0.9978077 -0.06617923 0 -0.9999794 0.006408951 0 -0.9993021 -0.0373548 -1.205687E-07 -0.9995285 0.03070476 0 -0.9995289 0.03069228 1.256076E-05 -0.9999794 0.006418749 0 -0.9999795 0.006403253 1.553828E-05 -0.999648 -0.02646405 0.001867764 -0.9995289 0.03069228 -1.255748E-05 -0.9996065 -0.0280519 0 -0.9995546 -0.02984471 0 -0.9978877 -0.06496286 0 -0.9978077 -0.06617924 0 -0.9999794 0.006408951 0 -0.9993021 -0.0373548 -1.205687E-07 -0.9995285 0.03070477 0 -0.9995289 0.03069228 1.256076E-05 -0.9999794 0.006418756 0 -0.9999795 0.006403262 1.554774E-05 -0.999648 -0.02646412 0.001867756 -0.9995289 0.03069228 -1.255912E-05 -0.9996065 -0.0280519 0 -0.9995546 -0.02984471 0 -0.9978877 -0.06496286 0 -0.9978077 -0.06617924 0 -0.9999794 0.006408951 0 -0.9993021 -0.0373548 -1.205687E-07 -0.9995285 0.03070477 0 -0.9995289 0.03069162 1.322428E-05 -0.9999794 0.006418741 0 -0.9999795 0.006403105 1.566722E-05 1 0 -1.503937E-06 1 0 -8.351501E-07 -2.23705E-07 0 -1 0 0 -1 0 0 -1 -1 0 4.916118E-07 -1 0 4.785255E-07 -1 0 6.792331E-07 0 0 -1 0 0 -1 0 4.262008E-08 1 0 4.257475E-08 1 0 4.326264E-08 1 0 4.262008E-08 1 0 4.326264E-08 1 0 4.257475E-08 1 0 4.385988E-08 1 0 4.390521E-08 1 0 4.390521E-08 1 0 4.385988E-08 1 1 0 -8.351501E-07 1 0 -1.503937E-06 -2.23705E-07 0 -1 -9.634961E-08 0 -1 0 0 -1 0 0 -1 -1 0 4.916118E-07 -1 0 6.792331E-07 -1 0 4.785255E-07 1.096476E-07 0 -1 0 0 -1 0 0 -1 0 -4.479195E-08 -1 0 -4.484224E-08 -1 0 -1.146399E-08 -1 0 -1.14137E-08 -1 0 2.191421E-08 -1 0 2.196449E-08 -1 1 1.187382E-07 0 1 1.064326E-07 0 1 2.005595E-07 0 1 2.128651E-07 0 0 7.681911E-08 1 0 1.088463E-07 1 0 1.088966E-07 1 0 7.804286E-08 1 0 1.078505E-07 1 0 1.102477E-07 1 -1 1.187382E-07 0 -1 1.064326E-07 0 -1 2.005596E-07 0 -1 2.128651E-07 0 1.708233E-07 0 -1 1.444806E-07 0 -1 1.001619E-07 0 -1 1.782737E-07 0 -1 1.218728E-07 0 -1 1.621378E-07 0 -1 -0.001470482 0.000510081 0.9999988 0.000530977 0.002028904 0.9999978 0.0005304736 0.002041689 0.9999978 -0.001470314 0.0005098868 0.9999988 0.0005892518 -0.004852299 -0.9999881 0.001605274 -0.004890217 -0.9999868 0.001605259 -0.004890054 -0.9999868 0.0005894196 -0.004852599 -0.9999881 0.02978929 0.001503369 0.9995551 0.02994302 0.001506841 0.9995505 -1 -4.070052E-07 -5.453458E-09 -1 -2.40914E-06 -3.227977E-08 -1 -2.032481E-06 -2.723297E-08 -1 -3.03408E-08 -4.065865E-10 0.06349362 0.001447288 0.9979812 0.06349362 0.001447288 0.9979812 -0.0003568811 -0.004899253 -0.999988 -0.0003568676 -0.004899597 -0.999988 -0.614058 -0.007889472 0.7892215 -0.614058 -0.007889495 0.7892215 0 -4.050358E-08 -1 0 -6.698601E-08 -1 0 -6.698601E-08 -1 0 -4.050358E-08 -1 0 -9.19454E-08 -1 0 -5.367719E-08 -1 0 -5.367719E-08 -1 0 -9.19454E-08 -1 -0.955779 0 0.2940859 -0.955779 0 0.2940859 -0.955779 0 0.2940859 -0.955779 0 0.2940859 1 -9.29981E-06 0 1 -8.998149E-06 0 1 -9.068513E-06 0 1 -9.370167E-06 0 -0.04519862 3.080644E-05 -0.998978 -0.02258414 1.091432E-05 -0.999745 -0.02258414 1.091363E-05 -0.999745 -0.04519862 3.080516E-05 -0.998978 0 -1.146378E-05 -1 0 -1.146378E-05 -1 -1 5.295205E-07 0 -1 0 0 -1 5.944588E-08 0 -1 5.889724E-07 0 0 0 -1 0 0 -1 0 0 -1 0 0 -1 0 -4.214019E-08 -1 0 -4.214019E-08 -1 0 -4.214019E-08 -1 0 -4.214019E-08 -1 1 5.295215E-07 0 1 0 0 1 5.944686E-08 0 1 5.889724E-07 0 0 -8.914273E-08 -1 0 -7.022798E-08 -1 0 -7.004218E-08 -1 0 -8.914273E-08 -1 0 -1.468973E-07 -1 0 -5.956528E-08 -1 0 -1.000429E-07 -1 0 -1.503878E-07 -1 0 1.139312E-07 -1 0 -4.068015E-08 -1 0 -2.570949E-08 -1 0 1.289005E-07 -1 0 -4.355392E-08 -1 0 -4.355392E-08 -1 0 -4.655657E-08 -1 0 2.358891E-09 -1 0 2.043916E-09 -1 0 -4.687154E-08 -1 0 3.064871E-05 -1 0 3.075486E-05 -1 0 3.075451E-05 -1 0 3.064804E-05 -1 0 -5.936921E-08 1 0 -1.096243E-07 1 0 -1.092918E-07 1 0 -5.903665E-08 1 0 -1.915015E-05 -1 0 -1.915013E-05 -1 0.6025311 -0.0005391684 -0.7980952 0.6025311 -0.0005391684 -0.7980952 0 -1.002021E-07 1 0 -2.363474E-09 1 0 -2.993476E-09 1 0 -1.008321E-07 1 -0.9156783 -4.202764E-08 -0.4019121 -0.9156783 -4.202764E-08 -0.4019121 -0.9156783 -4.202764E-08 -0.4019121 -0.9156783 -4.202764E-08 -0.4019121 0 -1.142377E-05 -1 0 -1.142377E-05 -1 1.708233E-07 0 1 1.444806E-07 0 1 1.001619E-07 0 1 1.782737E-07 0 1 1.218728E-07 0 1 1.621378E-07 0 1 0 4.050358E-08 1 0 6.699545E-08 1 0 6.698601E-08 1 0 4.050358E-08 1 0 9.474805E-08 1 0 5.367719E-08 1 0 5.367719E-08 1 0 9.472995E-08 1 -0.955779 0 -0.2940859 -0.955779 0 -0.2940859 -0.955779 0 -0.2940859 -0.955779 0 -0.2940859 1 9.29981E-06 0 1 8.998151E-06 0 1 9.068515E-06 0 1 9.370167E-06 0 -0.04519862 -3.080639E-05 0.998978 -0.02258414 -1.091152E-05 0.999745 -0.02258414 -1.091086E-05 0.999745 -0.04519862 -3.080517E-05 0.998978 0 1.146378E-05 1 0 1.146378E-05 1 -1 -5.295219E-07 0 -1 0 0 -1 -5.944604E-08 0 -1 -5.889739E-07 0 0 9.006115E-09 1 0 6.473357E-08 1 0 5.572765E-08 1 0 0 1 0 4.215997E-08 1 0 4.51502E-08 1 0 4.513041E-08 1 0 4.214019E-08 1 1 -5.295214E-07 0 1 0 0 1 -5.944684E-08 0 1 -5.889723E-07 0 0 9.192414E-08 1 0 6.859174E-08 1 0 6.841834E-08 1 0 9.18566E-08 1 0 1.47079E-07 1 0 8.9348E-08 1 0 1.278951E-07 1 0 1.503878E-07 1 0 -1.175232E-07 1 0 0 1 0 -1.13795E-08 1 0 -1.289017E-07 1 0 4.401389E-08 1 0 4.355392E-08 1 0 4.655657E-08 1 0 -2.358891E-09 1 0 -2.043916E-09 1 0 4.687154E-08 1 0 -3.06487E-05 1 0 -3.075486E-05 1 0 -3.075451E-05 1 0 -3.064803E-05 1 0 5.934939E-08 -1 0 1.066143E-07 -1 0 1.063015E-07 -1 0 5.903662E-08 -1 0 1.915029E-05 1 0 1.915013E-05 1 0.6025311 0.0005391958 0.7980952 0.6025311 0.0005391942 0.7980952 0 1.002021E-07 -1 0 2.363474E-09 -1 0 2.993476E-09 -1 0 1.008321E-07 -1 -0.9156783 4.202766E-08 0.4019121 -0.9156783 4.202766E-08 0.4019121 -0.9156783 4.202766E-08 0.4019121 -0.9156783 4.202766E-08 0.4019121 0 1.142377E-05 1 0 1.142377E-05 1 -0.9996327 -0.02707413 0.001226819 -0.9995289 0.0306923 -1.258292E-05 -0.9996822 -0.02520874 4.142943E-07 -0.9985899 -0.0510761 0.01447355 -0.99964 -0.02674554 -0.002149469 -0.9999794 0.006418719 0 -0.9978175 -0.0660321 0 -0.9993021 -0.0373548 -1.373179E-07 -0.9995289 0.03069228 1.256346E-05 -0.9995286 0.03070214 1.859509E-07 -0.9999795 0.006403244 1.552883E-05 -0.9999794 0.006408951 3.505788E-08 -0.9996327 -0.02707413 0.001226816 -0.9995289 0.0306923 -1.258152E-05 -0.9996822 -0.02520874 4.142943E-07 -0.9985899 -0.05107611 0.01447355 -0.99964 -0.02674554 -0.002149469 -0.9999794 0.006418719 0 -0.9978175 -0.0660321 0 -0.9993021 -0.0373548 -1.373179E-07 -0.9995289 0.03069228 1.256324E-05 -0.9995286 0.03070214 1.859509E-07 -0.9999795 0.006403253 1.553828E-05 -0.9999794 0.006408951 3.505788E-08 -0.9996327 -0.02707413 0.001226818 -0.9995289 0.0306923 -1.258128E-05 -0.9996822 -0.02520874 4.142943E-07 -0.9985899 -0.05107611 0.01447355 -0.99964 -0.02674554 -0.00214947 -0.9999794 0.006418725 0 -0.9978175 -0.0660321 0 -0.9993021 -0.0373548 -1.373179E-07 -0.9995289 0.03069228 1.256182E-05 -0.9995286 0.03070214 1.859509E-07 -0.9999795 0.006403262 1.554774E-05 -0.9999794 0.006408951 3.505788E-08 -0.9996327 -0.02707479 0.00122626 -0.9995289 0.0306923 -1.258292E-05 -0.9996822 -0.02520874 4.142953E-07 -0.9985899 -0.05107611 0.01447356 -0.99964 -0.02674554 -0.00214947 -0.9999794 0.006418719 0 -0.9978175 -0.0660321 0 -0.9993021 -0.0373548 -1.373182E-07 -0.9995289 0.03069162 1.322534E-05 -0.9995286 0.03070214 1.859514E-07 -0.9999795 0.006403104 1.566666E-05 -0.9999794 0.006408951 3.505913E-08 1.888146E-07 0 -1 1.879925E-07 0 -1 1.888146E-07 0 -1 1.879925E-07 0 -1 -0.6138048 -0.01722774 0.7892698 -0.6138051 -0.01721787 0.7892698 0.6025312 -2.306583E-05 -0.7980953 0.6025312 -2.30658E-05 -0.7980953 0.6025312 2.3066E-05 0.7980953 0.6025312 2.30658E-05 0.7980953  
			<BiTangents>: 596 2.110434E-07 -6.48254E-09 1 0.03070489 0.9995285 0 0.03070489 0.9995285 0 0 0 -1 -0.02170636 -0.706607 0.7072732 -0.02170635 -0.706607 0.7072732 -7.727798E-09 2.373718E-10 -1 -0.03070477 -0.9995285 0 0.04641739 -0.7054592 -0.7072289 0.04606444 -0.7054961 -0.7072151 2.122815E-07 7.935274E-09 1 0.04667106 -0.7054461 0.7072254 -0.04667094 0.7054461 -0.7072254 -0.04668519 0.7054644 -0.7072061 1.623282E-07 6.067971E-09 1 -0.0649627 0.9978877 0 0.02092477 -0.7066661 -0.7072377 0.02055237 -0.7066764 0.7072384 -3.872269E-08 -9.764605E-10 -1 -0.02984468 0.9995546 0 -2.431723E-08 -6.132017E-10 -1 0.0200305 -0.7067032 0.7072266 -0.02830096 0.9995995 0 4.18096E-07 1.054303E-08 1 -0.006418791 -0.9999794 0 -0.004538688 -0.707085 0.707114 0.004538373 0.707085 -0.707114 0.006418809 0.9999794 0 0 0 -1 -0.004538367 -0.707085 0.707114 0.004538645 0.707085 -0.707114 0 0 1 2.110434E-07 -6.48254E-09 1 0.03070489 0.9995285 0 0.03070488 0.9995285 0 0 0 -1 -0.02170636 -0.706607 0.7072732 -0.02170635 -0.706607 0.7072732 -7.727798E-09 2.373718E-10 -1 -0.03070476 -0.9995285 0 0.04641739 -0.7054592 -0.7072289 0.04606444 -0.7054961 -0.7072151 2.122815E-07 7.935274E-09 1 0.04667106 -0.7054461 0.7072254 -0.04667094 0.7054461 -0.7072254 -0.04668519 0.7054644 -0.7072061 1.623282E-07 6.067971E-09 1 -0.06496271 0.9978877 0 0.02092477 -0.7066661 -0.7072377 0.02055237 -0.7066764 0.7072384 -3.872269E-08 -9.764605E-10 -1 -0.02984468 0.9995546 0 -2.431723E-08 -6.132017E-10 -1 0.0200305 -0.7067032 0.7072266 -0.02830096 0.9995995 0 4.18096E-07 1.054303E-08 1 -0.006418791 -0.9999794 0 -0.004538663 -0.707085 0.707114 0.004538374 0.707085 -0.707114 0.006418809 0.9999794 0 0 0 -1 -0.004538367 -0.707085 0.707114 0.004538645 0.707085 -0.707114 0 0 1 2.110434E-07 -6.48254E-09 1 0.03070489 0.9995285 0 0.03070488 0.9995285 0 0 0 -1 -0.02170636 -0.706607 0.7072732 -0.02170635 -0.706607 0.7072732 -7.727798E-09 2.373718E-10 -1 -0.03070477 -0.9995285 0 0.04641739 -0.7054592 -0.7072289 0.04606444 -0.7054961 -0.7072151 2.122815E-07 7.935274E-09 1 0.04667106 -0.7054461 0.7072254 -0.04667094 0.7054461 -0.7072254 -0.04668519 0.7054644 -0.7072061 1.623282E-07 6.067971E-09 1 -0.06496271 0.9978877 0 0.02092477 -0.7066661 -0.7072377 0.02055237 -0.7066764 0.7072384 -3.872269E-08 -9.764605E-10 -1 -0.02984468 0.9995546 0 -2.431723E-08 -6.132017E-10 -1 0.0200305 -0.7067032 0.7072266 -0.02830096 0.9995995 0 4.18096E-07 1.054303E-08 1 -0.00641881 -0.9999794 0 -0.004538659 -0.707085 0.707114 0.004538386 0.707085 -0.707114 0.006418809 0.9999794 0 0 0 -1 -0.00453834 -0.707085 0.707114 0.004538649 0.707085 -0.707114 0 0 1 2.110434E-07 -6.48254E-09 1 0.0307049 0.9995285 0 0.03070489 0.9995285 0 0 0 -1 -0.02170542 -0.7065765 0.7073037 -0.02170541 -0.7065765 0.7073037 -7.727802E-09 2.373719E-10 -1 -0.03070477 -0.9995285 0 0.04641539 -0.7054288 -0.7072594 0.04606445 -0.7054961 -0.7072151 2.122823E-07 7.935302E-09 1 0.04666904 -0.7054156 0.7072558 -0.04667095 0.7054461 -0.7072254 -0.04668721 0.7054948 -0.7071757 1.623282E-07 6.067971E-09 1 -0.06496271 0.9978877 0 0.02092476 -0.7066661 -0.7072377 0.02055236 -0.7066764 0.7072384 -3.872269E-08 -9.764605E-10 -1 -0.02984468 0.9995546 0 -2.431733E-08 -6.13204E-10 -1 0.0200305 -0.7067032 0.7072266 -0.02830096 0.9995995 0 4.18096E-07 1.054303E-08 1 -0.006418791 -0.9999794 0 -0.004538467 -0.7070545 0.7071445 0.004538373 0.707085 -0.707114 0.006418809 0.9999794 0 0 0 -1 -0.004538144 -0.7070545 0.7071445 0.004538645 0.707085 -0.707114 0 0 1 1 0 -9.634961E-08 -4.252946E-07 -1 0 -1.417649E-07 1 0 -4.252946E-07 -1 0 -1.417649E-07 1 0 -1.417649E-07 1 0 -1 0 -1.096476E-07 -4.252946E-07 -1 0 -1.417649E-07 1 0 -4.252946E-07 -1 0 1.460331E-06 0 1 6.44411E-07 0 1 1 0 -9.695826E-08 1 0 -2.262911E-07 -7.364757E-07 0 -1 -1 0 -1.103027E-07 0 1 -4.321731E-08 0 -1 4.321731E-08 1.460331E-06 0 1 6.44411E-07 0 1 1 0 -9.695826E-08 1 0 -2.262911E-07 -7.364757E-07 0 -1 -1 0 -1.103027E-07 -0.9979107 -0.06460875 9.038769E-08 -0.9933693 -0.1149604 -0.001194953 -0.9979107 -0.0646085 6.06389E-05 -0.9933693 -0.1149618 -0.001092117 -0.993368 -0.1149782 0.0001450012 -0.999901 -0.0140663 0.0002958115 -0.999901 -0.01406632 0.0002950094 -1 0 -2.755304E-07 -1 0 -2.717257E-07 -1 0 0 -1 0 -3.543532E-07 -1 0 -3.540239E-07 -1 0 -1.04503E-07 -1 0 -1.181194E-07 -1 0 -1.116359E-07 -1 0 -1.636839E-07 -1 0 0 -1 0 -2.650578E-07 -1 0 -2.322876E-07 -1 0 -1.644188E-07 -1 0 0 -1 0 -2.995469E-07 -1 0 -1.49025E-07 -1 0 -1.40988E-07 -1 0 -1.646872E-07 -1 0 -1.703256E-07 -1 0 -1.454793E-07 -1 0 -9.644506E-08 -0.9979103 -0.06461149 -0.0006401084 -0.9933729 -0.1149238 -0.001680368 -0.9979123 -0.06458077 -0.0005652648 -0.9933729 -0.1149254 -0.001563797 -0.993372 -0.114944 -0.0001680506 -0.9999009 -0.01407803 -0.0002388463 -0.9999009 -0.01407798 -0.0002364345 -1 0 -2.695547E-07 -1 0 -2.659424E-07 -1 0 0 -1 0 -3.648058E-07 -1 0 -3.64314E-07 -1 0 -1.04503E-07 -1 0 -1.181194E-07 -1 0 -1.116359E-07 -1 0 -1.636839E-07 -1 0 0 -1 0 -6.508823E-07 -1 0 -3.569898E-07 -1 0 -1.644188E-07 -1 0 0 -1 0 -2.13256E-07 -1 0 -1.479572E-07 -1 0 -1.40988E-07 -1 0 -1.646872E-07 -1 0 -1.211592E-07 -1 0 -1.824436E-07 -1 0 -1.60026E-07 -1 0 2.755304E-07 -1 0 2.717256E-07 -1 0 1.498066E-07 -1 0 3.543532E-07 -1 0 3.540239E-07 -1 0 1.516589E-07 -1 0 4.580935E-08 -1 0 1.117853E-07 -1 0 1.683126E-07 -1 0 0 -1 0 6.508823E-07 -1 0 3.569898E-07 -1 0 1.69101E-07 -1 0 0 -1 0 2.13256E-07 -1 0 1.479572E-07 -1 0 1.351956E-07 -1 0 1.564919E-07 -1 0 1.703256E-07 -1 0 1.454793E-07 -1 0 9.644506E-08 -1 0 2.695547E-07 -1 0 2.659424E-07 -1 0 0 -1 0 3.648058E-07 -1 0 3.643139E-07 -1 0 1.214818E-07 -1 0 1.351635E-07 -1 0 1.117938E-07 -1 0 1.683126E-07 -1 0 0 -1 0 6.508823E-07 -1 0 3.569898E-07 -1 0 1.69101E-07 -1 0 0 -1 0 2.13256E-07 -1 0 1.479572E-07 -1 0 1.449861E-07 -1 0 1.575604E-07 -1 0 1.211592E-07 -1 0 1.824436E-07 -1 0 1.60026E-07 -0.02003021 0.7067032 -0.7072266 0.02170649 0.706607 -0.7072732 0.0280519 -0.9996065 0 0.02984471 -0.9995546 0 0.06496285 -0.9978877 0 0.06617923 -0.9978077 0 0 0 -1 1.204845E-07 4.50382E-09 -1 -0.03070476 -0.9995285 0 -0.02170649 -0.706607 -0.7072732 -0.006418749 -0.9999794 0 -0.004538712 -0.707085 -0.707114 -0.02003021 0.7067032 -0.7072266 0.02170649 0.706607 -0.7072732 0.0280519 -0.9996065 0 0.02984471 -0.9995546 0 0.06496285 -0.9978877 0 0.06617923 -0.9978077 0 0 0 -1 1.204845E-07 4.50382E-09 -1 -0.03070476 -0.9995285 0 -0.02170649 -0.706607 -0.7072732 -0.006418749 -0.9999794 0 -0.004538725 -0.707085 -0.707114 -0.02003021 0.7067032 -0.7072266 0.02170648 0.706607 -0.7072732 0.0280519 -0.9996065 0 0.02984471 -0.9995546 0 0.06496286 -0.9978877 0 0.06617924 -0.9978077 0 0 0 -1 1.204845E-07 4.50382E-09 -1 -0.03070477 -0.9995285 0 -0.02170649 -0.706607 -0.7072732 -0.006418756 -0.9999794 0 -0.004538738 -0.707085 -0.707114 -0.02003063 0.7067184 -0.7072113 0.02170649 0.706607 -0.7072732 0.0280519 -0.9996065 0 0.02984471 -0.9995546 0 0.06496286 -0.9978877 0 0.06617924 -0.9978077 0 0 0 -1 1.204845E-07 4.50382E-09 -1 -0.03070477 -0.9995285 0 -0.02170555 -0.7065765 -0.7073037 -0.006418741 -0.9999794 0 -0.004538516 -0.7070545 -0.7071445 1.503937E-06 0 1 8.351501E-07 0 1 1 0 -2.23705E-07 1 0 0 1 0 0 -4.916118E-07 0 -1 -4.785255E-07 0 -1 -6.792331E-07 0 -1 -1 0 0 -1 0 0 0 -1 4.262008E-08 0 -1 4.257475E-08 0 -1 4.326264E-08 0 1 -4.262008E-08 0 1 -4.326264E-08 0 1 -4.257475E-08 0 -1 4.385988E-08 0 -1 4.390521E-08 0 1 -4.390521E-08 0 1 -4.385988E-08 8.351501E-07 0 1 1.503937E-06 0 1 1 0 -2.23705E-07 1 0 -9.634961E-08 1 0 0 1 0 0 -4.916118E-07 0 -1 -6.792331E-07 0 -1 -4.785255E-07 0 -1 -1 0 -1.096476E-07 -1 0 0 -1 0 0 0 1 -4.479195E-08 0 1 -4.484224E-08 0 1 -1.146399E-08 0 1 -1.14137E-08 0 1 2.191421E-08 0 1 2.196449E-08 -1.187382E-07 1 0 -1.064326E-07 1 0 -2.005595E-07 1 0 -2.128651E-07 1 0 0 1 -7.681911E-08 0 1 -1.088463E-07 0 1 -1.088966E-07 0 1 -7.804286E-08 0 1 -1.078505E-07 0 1 -1.102477E-07 1.187382E-07 1 0 1.064326E-07 1 0 2.005596E-07 1 0 2.128651E-07 1 0 -1 0 -1.708233E-07 -1 0 -1.444806E-07 -1 0 -1.001619E-07 -1 0 -1.782737E-07 -1 0 -1.218728E-07 -1 0 -1.621378E-07 0.06472944 -0.9979027 0.0006041953 0.03934026 -0.9992238 0.002006445 0.03934027 -0.9992238 0.00201924 0.06442554 -0.9979224 0.000603554 0.06457625 -0.9979008 0.004880223 0.08978033 -0.995949 0.005014595 0.08978033 -0.995949 0.005014431 0.06460665 -0.9978989 0.004880542 0.1027245 -0.9947086 -0.001565372 0.1027874 -0.9947021 -0.001579617 -4.070418E-07 0.9999102 0.01339765 -2.409357E-06 0.9999102 0.01339765 -2.032663E-06 0.9999102 0.01339765 -3.034352E-08 0.9999102 0.01339765 0.1154332 -0.9932977 -0.005903604 0.1154332 -0.9932977 -0.005903603 0.03934133 -0.9992139 0.004881421 0.03934133 -0.9992139 0.004881765 0.024234 -0.999667 0.008862194 0.02423401 -0.999667 0.008862176 0 1 -4.050358E-08 0 1 -6.698601E-08 0 1 -6.698601E-08 0 1 -4.050358E-08 0 1 -9.19454E-08 0 1 -5.367719E-08 0 1 -5.367719E-08 0 1 -9.19454E-08 0 1 0 0 1 0 0 1 0 0 1 0 9.29981E-06 1 0 8.998149E-06 1 0 9.068513E-06 1 0 9.370167E-06 1 0 -1.392409E-06 -1 -3.077496E-05 -2.464905E-07 -1 -1.091153E-05 -2.464749E-07 -1 -1.091085E-05 -1.392351E-06 -1 -3.077367E-05 0 -1 1.146378E-05 0 -1 1.146378E-05 -5.295205E-07 -1 0 0 -1 0 -5.944588E-08 -1 0 -5.889724E-07 -1 0 0 -1 0 0 -1 0 0 -1 0 0 -1 0 0 -1 4.214019E-08 0 -1 4.214019E-08 0 -1 4.214019E-08 0 -1 4.214019E-08 5.295215E-07 -1 0 0 -1 0 5.944686E-08 -1 0 5.889724E-07 -1 0 0 1 -8.914273E-08 0 1 -7.022798E-08 0 1 -7.004218E-08 0 1 -8.914273E-08 0 1 -1.468973E-07 0 1 -5.956528E-08 0 1 -1.000429E-07 0 1 -1.503878E-07 0 -1 -1.139312E-07 0 -1 4.068015E-08 0 -1 2.570949E-08 0 -1 -1.289005E-07 0 1 -4.355392E-08 0 1 -4.355392E-08 0 -1 4.655657E-08 0 -1 -2.358891E-09 0 -1 -2.043916E-09 0 -1 4.687154E-08 0 -1 -3.064871E-05 0 -1 -3.075486E-05 0 -1 -3.075451E-05 0 -1 -3.064804E-05 0 -1 -5.936921E-08 0 -1 -1.096243E-07 0 -1 -1.092918E-07 0 -1 -5.903665E-08 0 -1 1.915015E-05 0 -1 1.915013E-05 -0.0003248658 -0.9999999 0.0004303078 -0.0003248658 -0.9999999 0.0004303078 0 -1 -1.002021E-07 0 -1 -2.363474E-09 0 -1 -2.993476E-09 0 -1 -1.008321E-07 3.84838E-08 -1 1.689142E-08 3.84838E-08 -1 1.689142E-08 3.84838E-08 -1 1.689142E-08 3.84838E-08 -1 1.689142E-08 0 -1 1.142377E-05 0 -1 1.142377E-05 -1 0 1.708233E-07 -1 0 1.444806E-07 -1 0 1.001619E-07 -1 0 1.782737E-07 -1 0 1.218728E-07 -1 0 1.621378E-07 0 -1 4.050358E-08 0 -1 6.699545E-08 0 -1 6.698601E-08 0 -1 4.050358E-08 0 -1 9.474805E-08 0 -1 5.367719E-08 0 -1 5.367719E-08 0 -1 9.472995E-08 0 -1 0 0 -1 0 0 -1 0 0 -1 0 9.29981E-06 -1 0 8.998151E-06 -1 0 9.068515E-06 -1 0 9.370167E-06 -1 0 -1.392407E-06 1 3.077491E-05 -2.464272E-07 1 1.090873E-05 -2.464124E-07 1 1.090808E-05 -1.392351E-06 1 3.077368E-05 0 1 -1.146378E-05 0 1 -1.146378E-05 -5.295219E-07 1 0 0 1 0 -5.944604E-08 1 0 -5.889739E-07 1 0 0 1 -9.006115E-09 0 1 -6.473357E-08 0 1 -5.572765E-08 0 1 0 0 1 -4.215997E-08 0 1 -4.51502E-08 0 1 -4.513041E-08 0 1 -4.214019E-08 5.295214E-07 1 0 0 1 0 5.944684E-08 1 0 5.889723E-07 1 0 0 -1 9.192414E-08 0 -1 6.859174E-08 0 -1 6.841834E-08 0 -1 9.18566E-08 0 -1 1.47079E-07 0 -1 8.9348E-08 0 -1 1.278951E-07 0 -1 1.503878E-07 0 1 1.175232E-07 0 1 0 0 1 1.13795E-08 0 1 1.289017E-07 0 -1 4.401389E-08 0 -1 4.355392E-08 0 1 -4.655657E-08 0 1 2.358891E-09 0 1 2.043916E-09 0 1 -4.687154E-08 0 1 3.06487E-05 0 1 3.075486E-05 0 1 3.075451E-05 0 1 3.064803E-05 0 1 5.934939E-08 0 1 1.066143E-07 0 1 1.063015E-07 0 1 5.903662E-08 0 1 -1.915029E-05 0 1 -1.915013E-05 -0.0003248823 0.9999999 -0.0004303297 -0.0003248814 0.9999999 -0.0004303284 0 1 1.002021E-07 0 1 2.363474E-09 0 1 2.993476E-09 0 1 1.008321E-07 3.848382E-08 1 -1.689142E-08 3.848382E-08 1 -1.689142E-08 3.848382E-08 1 -1.689142E-08 3.848382E-08 1 -1.689142E-08 0 1 -1.142377E-05 0 1 -1.142377E-05 -0.02000805 0.7066913 -0.7072391 0.02170652 0.706607 -0.7072732 4.141627E-07 1.044384E-08 1 0.04633449 -0.7054824 0.7072113 0.02042839 -0.7066926 -0.7072258 0.006418719 0.9999794 0 -0.0660321 0.9978175 0 1.37222E-07 5.129482E-09 -1 -0.0217065 -0.706607 -0.7072732 1.858633E-07 -5.709091E-09 1 -0.004538711 -0.707085 -0.707114 3.505717E-08 -2.246843E-10 1 -0.02000805 0.7066913 -0.7072391 0.02170652 0.706607 -0.7072732 4.141627E-07 1.044384E-08 1 0.04633449 -0.7054824 0.7072113 0.02042839 -0.7066926 -0.7072258 0.006418719 0.9999794 0 -0.0660321 0.9978175 0 1.37222E-07 5.129482E-09 -1 -0.02170649 -0.706607 -0.7072732 1.858633E-07 -5.709091E-09 1 -0.004538725 -0.707085 -0.707114 3.505717E-08 -2.246843E-10 1 -0.02000805 0.7066913 -0.7072391 0.02170652 0.706607 -0.7072732 4.141627E-07 1.044384E-08 1 0.04633449 -0.7054824 0.7072113 0.02042839 -0.7066926 -0.7072258 0.006418725 0.9999794 0 -0.0660321 0.9978175 0 1.37222E-07 5.129482E-09 -1 -0.02170649 -0.706607 -0.7072732 1.858633E-07 -5.709091E-09 1 -0.004538738 -0.707085 -0.707114 3.505717E-08 -2.246843E-10 1 -0.02000891 0.7067218 -0.7072086 0.02170652 0.706607 -0.7072732 4.141637E-07 1.044386E-08 1 0.0463345 -0.7054824 0.7072113 0.02042839 -0.7066926 -0.7072258 0.006418719 0.9999794 0 -0.0660321 0.9978175 0 1.372224E-07 5.129495E-09 -1 -0.02170556 -0.7065765 -0.7073037 1.858637E-07 -5.709106E-09 1 -0.004538515 -0.7070545 -0.7071445 3.505841E-08 -2.246923E-10 1 -1 0 -1.888146E-07 -1 0 -1.879925E-07 -1 0 -1.888146E-07 -1 0 -1.879925E-07 0.0299693 -0.9995497 0.001489117 0.02996324 -0.9995499 0.001496914 -1.389788E-05 -1 1.840873E-05 -1.389787E-05 -1 1.840871E-05 -1.389798E-05 1 -1.840887E-05 -1.389787E-05 1 -1.840871E-05  
			<SubMeshes>: 1
				<SubMesh>: 0 1224 18 3 6 18 6 20 22 19 1 22 1 2 17 21 4 17 4 5 250 538 539 250 539 251 23 14 10 23 10 540 26 30 13 26 13 12 25 29 11 25 11 541 542 16 9 542 9 8 252 253 254 252 254 255 543 27 15 543 15 544 256 257 545 256 545 28 7 258 253 7 253 252 546 259 16 546 16 542 0 23 540 0 540 547 12 13 538 12 538 250 541 11 21 541 21 17 544 15 19 544 19 22 257 18 20 257 20 545 255 254 260 255 260 24 8 9 261 8 261 548 14 31 549 14 549 10 50 35 38 50 38 52 54 51 33 54 33 34 49 53 36 49 36 37 262 550 551 262 551 263 55 46 42 55 42 552 58 62 45 58 45 44 57 61 43 57 43 553 554 48 41 554 41 40 264 265 266 264 266 267 555 59 47 555 47 556 268 269 557 268 557 60 39 270 265 39 265 264 558 271 48 558 48 554 32 55 552 32 552 559 44 45 550 44 550 262 553 43 53 553 53 49 556 47 51 556 51 54 269 50 52 269 52 557 267 266 272 267 272 56 40 41 273 40 273 560 46 63 561 46 561 42 82 67 70 82 70 84 86 83 65 86 65 66 81 85 68 81 68 69 274 562 563 274 563 275 87 78 74 87 74 564 90 94 77 90 77 76 89 93 75 89 75 565 566 80 73 566 73 72 276 277 278 276 278 279 567 91 79 567 79 568 280 281 569 280 569 92 71 282 277 71 277 276 570 283 80 570 80 566 64 87 564 64 564 571 76 77 562 76 562 274 565 75 85 565 85 81 568 79 83 568 83 86 281 82 84 281 84 569 279 278 284 279 284 88 72 73 285 72 285 572 78 95 573 78 573 74 114 99 102 114 102 116 118 115 97 118 97 98 113 117 100 113 100 101 286 574 575 286 575 287 119 110 106 119 106 576 122 126 109 122 109 108 121 125 107 121 107 577 578 112 105 578 105 104 288 289 290 288 290 291 579 123 111 579 111 580 292 293 581 292 581 124 103 294 289 103 289 288 582 295 112 582 112 578 96 119 576 96 576 583 108 109 574 108 574 286 577 107 117 577 117 113 580 111 115 580 115 118 293 114 116 293 116 581 291 290 296 291 296 120 104 105 297 104 297 584 110 127 585 110 585 106 137 135 131 137 131 129 130 132 133 130 133 136 138 298 299 138 299 139 140 128 300 140 300 141 301 302 128 301 128 140 303 304 305 303 305 142 586 587 134 586 134 143 143 134 306 143 306 307 308 309 145 308 145 310 311 312 144 311 144 313 310 145 314 310 314 315 312 316 317 312 317 144 146 147 318 146 318 319 148 149 320 148 320 321 322 148 321 322 321 323 324 150 325 324 325 326 588 151 327 588 327 589 151 328 329 151 329 327 330 331 332 330 332 333 333 332 334 333 334 335 336 337 338 336 338 339 340 341 342 340 342 343 344 340 343 344 343 345 346 347 348 346 348 349 157 152 154 157 154 158 155 153 154 154 156 155 154 152 156 160 163 162 160 162 159 160 159 166 166 165 160 166 164 165 164 161 165 171 167 175 175 176 171 175 172 176 175 168 172 174 170 169 169 173 174 173 167 174 167 171 174 350 351 178 350 178 177 352 350 177 352 177 179 186 182 180 186 180 185 182 181 183 183 184 182 184 180 182 187 190 191 187 191 188 194 187 188 188 193 194 193 192 194 193 189 192 203 195 199 199 204 203 204 200 203 200 196 203 201 197 198 198 202 201 202 195 201 202 199 195 205 206 353 205 353 354 207 205 354 207 354 355 356 357 358 356 358 359 360 361 362 360 362 363 364 356 359 364 359 365 366 367 368 366 368 369 370 364 365 370 365 371 372 360 363 372 363 373 590 374 375 590 375 591 376 377 378 376 378 379 380 381 382 380 382 383 384 385 386 384 386 387 388 389 390 388 390 391 392 393 394 392 394 395 377 380 383 377 383 378 393 396 397 393 397 394 398 399 400 398 400 401 402 403 404 402 404 405 406 407 408 406 408 409 410 411 412 410 412 413 414 415 416 414 416 417 418 419 420 418 420 421 422 423 424 422 424 425 426 414 417 426 417 427 428 429 430 428 430 431 415 418 421 415 421 416 432 433 434 432 434 435 436 437 438 436 438 439 433 440 441 433 441 434 592 442 443 592 443 593 444 445 446 444 446 447 448 449 450 448 450 451 396 452 453 396 453 397 209 212 211 209 211 208 215 213 210 210 214 215 214 209 215 209 208 215 224 217 221 221 225 224 225 216 224 225 220 216 216 220 223 223 222 216 223 219 222 219 218 222 454 455 227 454 227 226 456 454 226 456 226 228 229 232 233 229 233 230 235 231 234 234 236 235 236 230 235 236 229 230 246 242 238 238 245 246 245 237 246 237 241 246 244 241 237 237 243 244 243 240 244 243 239 240 247 248 457 247 457 458 249 247 458 249 458 459 460 461 462 460 462 463 464 465 466 464 466 467 468 469 470 468 470 471 472 473 474 472 474 475 476 477 478 476 478 479 461 464 467 461 467 462 477 480 481 477 481 478 482 483 484 482 484 485 486 487 488 486 488 489 490 491 492 490 492 493 494 495 496 494 496 497 498 499 500 498 500 501 502 503 504 502 504 505 506 507 508 506 508 509 510 498 501 510 501 511 512 513 514 512 514 515 499 502 505 499 505 500 516 517 518 516 518 519 520 521 522 520 522 523 517 524 525 517 525 518 594 526 527 594 527 595 528 529 530 528 530 531 532 533 534 532 534 535 480 536 537 480 537 481  
		</Mesh>
		<Materials>: 1
			<Material>: 0
				<AlbedoColor>: 1 1 1 1
				<EmissiveColor>: 0 0 0 0
				<Glossiness>: 0
				<Metallic>: 0
				<SpecularHighlight>: 1
				<GlossyReflection>: 1
				<AlbedoMap>: BLD_BrickHouse1_A
				<MetallicMap>: BLD_BrickHouse1_MS
				<NormalMap>: BLD_BrickHouse1_N
				<EmissionMap>: null
				<DetailAlbedoMap>: DET_Concrete1_A
				<DetailNormalMap>: DET_Concrete1_N
		</Materials>
		<Children>: 0
	</Frame>
</Hierarchy>
