<Hierarchy>:
	<Frame>: 0 5 BrickHouse_Base_Stairs_A
		<Transform>: 0 0 0 0 0 0 1 1 1 0 0 0 1  
		<TransformMatrix>: 1 0 0 0 0 1 0 0 0 0 1 0 0 0 0 1  
		<Mesh>: 200 BrickHouse_Base_Stairs_A
			<Bounds>: -1.550108 0.5458249 0.003475249 1.571624 0.5506266 1.701775
			<Positions>: 200 -1.492714 0.7996572 -1.401041 -1.520855 0.9033538 -1.401041 -1.074855 0.9033538 -1.401041 -1.492714 0.7996573 1.422238 -1.520855 0.9033539 1.422238 -1.074855 0.9033539 1.422238 -1.690852 0.6998936 -1.401041 -1.719029 0.8010389 -1.401041 -1.690852 0.6998937 1.422238 -1.719029 0.801039 1.422238 -1.890425 0.5921842 -1.401041 -1.919028 0.7010388 -1.401041 -1.890425 0.5921843 1.422238 -1.919028 0.701039 1.422238 -2.130755 0.4946933 -1.401041 -2.158095 0.5922671 -1.401041 -2.130755 0.4946934 1.422238 -2.158095 0.5922672 1.422238 -2.329305 0.3854257 -1.401041 -2.358095 0.4922671 -1.401041 -2.329305 0.3854259 1.422238 -2.358095 0.4922673 1.422238 -2.533812 0.286212 -1.401041 -2.564877 0.3856477 -1.401041 -2.533812 0.2862121 1.422238 -2.564877 0.3856478 1.422238 -2.735211 0.1692728 -1.40104 -2.764876 0.2856476 -1.40104 -2.735211 0.1692729 1.422238 -2.764876 0.2856477 1.422238 -2.91973 -0.001004746 -1.40104 -2.94973 0.1688979 -1.40104 -2.91973 -0.001004623 1.422238 -2.94973 0.1688981 1.422238 0.01555452 1.096451 1.70525 -1.340505 1.096452 1.70525 0.01555452 1.096451 1.279155 -1.340505 1.096452 1.279155 -3.121731 0.2904214 1.70525 -3.121731 0.2904215 1.279155 0.01555452 0.9493615 1.70525 -1.299945 0.9535183 1.70525 0.01555452 0.9493614 1.279155 -1.299945 0.9535183 1.279155 -3.033993 0.1816688 1.70525 -3.033993 0.1816688 1.279155 -1.290855 0.8873537 -1.401041 -1.320855 1.003354 -1.401041 0.02151594 0.8873536 -1.401041 0.02151594 1.003354 -1.401041 -1.290855 0.8873538 1.422238 -1.320855 1.003354 1.422238 0.02151594 0.8873537 1.422238 0.02151594 1.003354 1.422238 0.01555452 -0.004801468 1.646289 0.01555452 1.02433 1.646289 -1.340505 1.024331 1.646289 0.01555452 -0.004801481 1.338117 0.01555452 1.02433 1.338117 -1.340505 1.024331 1.338117 -1.330156 -0.004801341 1.646289 -1.346342 -0.004801353 1.338117 -0.6496695 1.003354 -1.401041 -0.6496695 1.003354 1.422238 0.01555452 1.096451 -1.272205 -1.340505 1.096451 -1.272205 0.01555452 1.096451 -1.6983 -1.340505 1.096451 -1.6983 -3.121731 0.2904213 -1.272205 -3.121731 0.2904213 -1.6983 0.01555452 0.9493614 -1.272205 -1.299945 0.9535182 -1.272205 0.01555452 0.9493613 -1.6983 -1.299945 0.9535182 -1.6983 -3.033993 0.1816687 -1.272205 -3.033993 0.1816686 -1.6983 -2.989213 0.2570814 1.639788 -2.983092 0.2599292 1.646289 -2.939507 -0.00480119 1.646289 -2.946095 -0.00480119 1.639788 -2.983092 0.2599293 1.338117 -2.989213 0.2570815 1.344618 -2.946095 -0.004801203 1.344618 -2.939507 -0.004801203 1.338117 0.01555452 -0.004801597 -1.32858 0.01555452 1.02433 -1.32858 -1.340505 1.02433 -1.32858 0.01555452 -0.004801611 -1.636752 0.01555452 1.02433 -1.636752 -1.340505 1.02433 -1.636752 -1.330156 -0.004801471 -1.32858 -1.346342 -0.004801483 -1.636752 -2.989213 0.2570813 -1.335081 -2.983092 0.2599291 -1.32858 -2.939507 -0.004801319 -1.32858 -2.946095 -0.004801319 -1.335081 -2.983092 0.2599292 -1.636751 -2.989213 0.2570814 -1.630251 -2.946095 -0.004801332 -1.630251 -2.939507 -0.004801333 -1.636751 -1.520855 0.9033539 1.422238 -1.520855 0.9033538 -1.401041 -1.719029 0.801039 1.422238 -1.492714 0.7996573 1.422238 -1.492714 0.7996572 -1.401041 -1.719029 0.8010389 -1.401041 -1.919028 0.701039 1.422238 -1.690852 0.6998937 1.422238 -1.690852 0.6998936 -1.401041 -1.919028 0.7010388 -1.401041 -2.158095 0.5922672 1.422238 -1.890425 0.5921843 1.422238 -1.890425 0.5921842 -1.401041 -2.158095 0.5922671 -1.401041 -2.564877 0.3856478 1.422238 -2.329305 0.3854259 1.422238 -2.329305 0.3854257 -1.401041 -2.564877 0.3856477 -1.401041 -2.764876 0.2856477 1.422238 -2.533812 0.2862121 1.422238 -2.533812 0.286212 -1.401041 -2.764876 0.2856476 -1.40104 -2.94973 0.1688981 1.422238 -2.735211 0.1692729 1.422238 -2.735211 0.1692728 -1.40104 -2.94973 0.1688979 -1.40104 -2.358095 0.4922673 1.422238 -2.130755 0.4946934 1.422238 -2.130755 0.4946933 -1.401041 -2.358095 0.4922671 -1.401041 0.01555452 1.096451 1.70525 -1.340505 1.096452 1.70525 -1.299945 0.9535183 1.70525 0.01555452 0.9493615 1.70525 -1.340505 1.096452 1.279155 0.01555452 1.096451 1.279155 0.01555452 0.9493614 1.279155 -1.299945 0.9535183 1.279155 0.01555452 1.096451 1.279155 0.01555452 1.096451 1.70525 0.01555452 0.9493615 1.70525 0.01555452 0.9493614 1.279155 -3.121731 0.2904214 1.70525 -3.033993 0.1816688 1.70525 -3.121731 0.2904215 1.279155 -3.033993 0.1816688 1.279155 -3.121731 0.2904214 1.70525 -3.121731 0.2904215 1.279155 -3.033993 0.1816688 1.279155 -3.033993 0.1816688 1.70525 -1.320855 1.003354 1.422238 -1.320855 1.003354 -1.401041 -0.6496695 1.003354 1.422238 0.02151594 1.003354 1.422238 0.02151594 1.003354 -1.401041 -0.6496695 1.003354 -1.401041 0.01555452 1.096451 -1.272205 -1.340505 1.096451 -1.272205 -1.299945 0.9535182 -1.272205 0.01555452 0.9493614 -1.272205 -1.340505 1.096451 -1.6983 0.01555452 1.096451 -1.6983 0.01555452 0.9493613 -1.6983 -1.299945 0.9535182 -1.6983 0.01555452 1.096451 -1.6983 0.01555452 1.096451 -1.272205 0.01555452 0.9493614 -1.272205 0.01555452 0.9493613 -1.6983 -3.121731 0.2904213 -1.272205 -3.033993 0.1816687 -1.272205 -3.121731 0.2904213 -1.6983 -3.033993 0.1816686 -1.6983 -3.121731 0.2904213 -1.272205 -3.121731 0.2904213 -1.6983 -3.033993 0.1816686 -1.6983 -3.033993 0.1816687 -1.272205 -2.939507 -0.00480119 1.646289 -2.983092 0.2599292 1.646289 -2.946095 -0.004801203 1.344618 -2.946095 -0.00480119 1.639788 -2.989213 0.2570814 1.639788 -2.989213 0.2570815 1.344618 -2.939507 -0.004801319 -1.32858 -2.983092 0.2599291 -1.32858 -2.946095 -0.004801332 -1.630251 -2.946095 -0.004801319 -1.335081 -2.989213 0.2570813 -1.335081 -2.989213 0.2570814 -1.630251 -1.340505 1.096452 1.279155 -1.340505 1.096452 1.70525 -1.299945 0.9535183 1.70525 -1.299945 0.9535183 1.279155 -1.299945 0.9535183 1.70525 -1.299945 0.9535183 1.279155 -1.340505 1.096451 -1.6983 -1.340505 1.096451 -1.272205 -1.299945 0.9535182 -1.272205 -1.299945 0.9535182 -1.6983 -1.299945 0.9535182 -1.272205 -1.299945 0.9535182 -1.6983  
			<Colors>: 0  
			<TextureCoords0>: 200 0.4009087 0.6133015 0.4009087 0.6056639 0.4009087 0.5770146 0.5995512 0.6133015 0.5995512 0.6056639 0.5995512 0.5770146 0.2008354 0.6133168 0.2008354 0.6046513 0.4000567 0.6133168 0.400057 0.6046513 0.2008354 0.6130986 0.2008354 0.6046513 0.4000567 0.6130986 0.4000567 0.6046513 0.4003261 0.6133168 0.4003261 0.6046513 0.5995463 0.6133168 0.5995463 0.6046513 0.4000567 0.6130986 0.4000567 0.6046513 0.2008354 0.6130986 0.2008354 0.6046513 0.5995474 0.6133168 0.5995474 0.6046513 0.4003261 0.6133168 0.4003261 0.6046513 0.4000563 0.6130986 0.4000563 0.6046513 0.2008354 0.6130986 0.2008354 0.6046513 0.4003261 0.6130986 0.4003263 0.6046513 0.599546 0.6130986 0.599546 0.6046513 0.08592672 0.6550211 0.2004726 0.6550211 0.08592672 0.6184826 0.2004726 0.6184826 0.3511934 0.6550211 0.3511934 0.6184826 0.08592672 0.6550211 0.2004726 0.6550211 0.08592672 0.6184826 0.2004726 0.6184826 0.3511934 0.6550211 0.3511934 0.6184826 0.2016503 0.6134237 0.2016504 0.6050793 0.9879881 0.7522153 0.9843315 0.7522153 0.3982728 0.6134239 0.3982728 0.6050793 0.9879881 0.8412805 0.9843315 0.8412805 0.2015941 0.575218 0.2015941 0.4777379 0.3300408 0.4777379 0.2015941 0.575218 0.2015941 0.4777379 0.3300408 0.4777379 0.3290607 0.575218 0.3305938 0.575218 0.2016503 0.5756409 0.3982728 0.5756409 0.08592672 0.6550211 0.2004726 0.6550211 0.08592672 0.6184826 0.2004726 0.6184826 0.3511934 0.6550211 0.3511934 0.6184826 0.08592672 0.6550211 0.2004726 0.6550211 0.08592672 0.6184826 0.2004726 0.6184826 0.3511934 0.6550211 0.3511934 0.6184826 0.4509533 0.5307798 0.4856279 0.5501425 0.4814994 0.575218 0.4509533 0.5743034 0.4856279 0.5501425 0.4862075 0.5504122 0.4821235 0.575218 0.4814994 0.575218 0.2015941 0.575218 0.2015941 0.4777379 0.3300408 0.4777379 0.2015941 0.575218 0.2015941 0.4777379 0.3300408 0.4777379 0.3290607 0.575218 0.3305938 0.575218 0.4509533 0.5307798 0.4856279 0.5501425 0.4814994 0.575218 0.4509533 0.5743034 0.4856279 0.5501425 0.4862075 0.5504122 0.4821235 0.575218 0.4814994 0.575218 0.5995512 0.6056639 0.4009087 0.6056639 0.400057 0.6046513 0.400057 0.5869508 0.2008354 0.5869507 0.2008354 0.6046513 0.4000567 0.6046513 0.4000567 0.5867325 0.2008354 0.5867327 0.2008354 0.6046513 0.5995463 0.6046513 0.5995463 0.5869507 0.4003261 0.5869507 0.4003261 0.6046513 0.4003261 0.6046513 0.4003261 0.5869508 0.5995474 0.5869507 0.5995474 0.6046513 0.2008354 0.6046513 0.2008354 0.5867325 0.4000563 0.5867327 0.4000563 0.6046513 0.599546 0.6046513 0.599546 0.5867325 0.4003261 0.5867327 0.4003263 0.6046513 0.2008354 0.6046513 0.2008354 0.5867329 0.4000567 0.5867325 0.4000567 0.6046513 0.08577554 0.6421933 0.2004606 0.6421933 0.2004606 0.6547641 0.08577554 0.6547641 0.2004606 0.6421933 0.08577554 0.6421933 0.08577554 0.6547641 0.2004606 0.6547641 0.04018656 0.03601563 0.04018656 0.04945755 0.04482326 0.04945755 0.04482326 0.03601563 0.3512377 0.6421933 0.3512377 0.6547641 0.3512377 0.6421933 0.3512377 0.6547641 0.3913054 0.033804 0.3913054 0.04724592 0.3947562 0.04724592 0.3947562 0.033804 0.3982728 0.6050793 0.2016504 0.6050793 0.3982728 0.6049043 0.3982728 0.5750679 0.2016503 0.5750679 0.2016503 0.6049043 0.08577554 0.6421933 0.2004606 0.6421933 0.2004606 0.6547641 0.08577554 0.6547641 0.2004606 0.6421933 0.08577554 0.6421933 0.08577554 0.6547641 0.2004606 0.6547641 0.04018656 0.03601563 0.04018656 0.04945755 0.04482326 0.04945755 0.04482326 0.03601563 0.3512377 0.6421933 0.3512377 0.6547641 0.3512377 0.6421933 0.3512377 0.6547641 0.3913054 0.033804 0.3913054 0.04724592 0.3947562 0.04724592 0.3947562 0.033804 0.4520337 0.574479 0.4520337 0.5304821 0.4018974 0.5743034 0.4509533 0.5743034 0.4509533 0.5307798 0.4018974 0.5307798 0.4520337 0.574479 0.4520337 0.5304821 0.4018974 0.5743034 0.4509533 0.5743034 0.4509533 0.5307798 0.4018974 0.5307798 0.2004726 0.6184826 0.2004726 0.6550211 0.2004726 0.6550211 0.2004726 0.6184826 0.2004606 0.6547641 0.2004606 0.6547641 0.2004726 0.6184826 0.2004726 0.6550211 0.2004726 0.6550211 0.2004726 0.6184826 0.2004606 0.6547641 0.2004606 0.6547641  
			<TextureCoords1>: 200 0.4625189 0.1370858 0.462519 0.120841 0.497534 0.7920089 0.8893674 0.1370858 0.8893674 0.120841 0.9243824 0.7920089 0.4625189 0.08694369 0.462519 0.0710693 0.8893674 0.08694363 0.8893674 0.0710693 0.4625189 0.178644 0.462519 0.1616278 0.8893674 0.178644 0.8893674 0.1616277 0.4625189 0.04750663 0.462519 0.03218639 0.8893674 0.04750657 0.8893674 0.03218633 0.4625189 0.1577215 0.462519 0.1409921 0.8893674 0.1577215 0.8893674 0.140992 0.4625189 0.06716305 0.462519 0.05141288 0.8893674 0.06716299 0.8893674 0.05141288 0.4625189 0.02828008 0.462519 0.0101229 0.8893673 0.02828008 0.8893673 0.01012284 0.4625189 0.1169347 0.462519 0.09084994 0.8893674 0.1169347 0.8893674 0.09084994 0.5045184 0.9960935 0.2994973 0.9960938 0.5045182 0.9316727 0.2994971 0.9316729 0.003906477 0.9960938 0.00390625 0.9316729 0.9942821 0.8633456 0.795392 0.8633456 0.9942821 0.9277664 0.795392 0.9277664 0.5084246 0.8633456 0.5084246 0.9277664 0.4625189 0.2006652 0.462519 0.1825503 0.8893676 0.2221094 0.8893676 0.2045715 0.8893674 0.2006652 0.8893674 0.1825503 0.4625189 0.2221094 0.462519 0.2045715 0.4585897 0.4733425 0.4586127 0.3177491 0.2535915 0.3177189 0.003929233 0.3138127 0.00390625 0.1582193 0.2089274 0.1581889 0.255133 0.4733124 0.209833 0.3137822 0.4625193 0.3718665 0.8893676 0.3718666 0.5045184 0.9277663 0.2994973 0.9277664 0.5045182 0.8633454 0.2994971 0.8633456 0.00390647 0.9277664 0.00390625 0.8633456 0.9942821 0.9316729 0.795392 0.9316729 0.9942821 0.9960938 0.795392 0.9960938 0.5084246 0.9316729 0.5084246 0.9960938 0.00390625 0.4337478 0.005233343 0.4332513 0.01181697 0.4732766 0.01041923 0.4733425 0.4572855 0.2737214 0.4586126 0.2742179 0.4520996 0.3138127 0.4507019 0.3137467 0.4585897 0.6328725 0.4586127 0.4772791 0.2535915 0.4772488 0.4625419 0.6328725 0.4625189 0.4772791 0.6675401 0.4772488 0.255133 0.6328424 0.6684456 0.6328421 0.00390625 0.5932777 0.005233344 0.5927812 0.01181697 0.6328065 0.01041923 0.6328725 0.9158982 0.5927812 0.9172253 0.5932777 0.9107123 0.6328725 0.9093146 0.6328065 0.9243827 0.8594391 0.4975343 0.8594391 0.9243826 0.783917 0.9243827 0.7497001 0.4975341 0.7497001 0.497534 0.783917 0.4307548 0.1542827 0.4307549 0.1197846 0.003906345 0.1197846 0.00390625 0.1542827 0.8893675 0.2664844 0.8893676 0.2260157 0.462519 0.2260157 0.4625189 0.2664844 0.4307548 0.1158783 0.4307549 0.08026248 0.003906341 0.08026248 0.00390625 0.1158783 0.4307549 0.0380767 0.4307546 0.003142297 0.003906312 0.003142297 0.00390625 0.0380767 0.9243827 0.7457938 0.9243824 0.7133608 0.497534 0.7133608 0.4975343 0.7457938 0.4307549 0.07635623 0.4307547 0.04198295 0.00390625 0.04198295 0.003906502 0.07635623 0.4936278 0.7623515 0.2948097 0.712301 0.2954808 0.7347541 0.4881989 0.783917 0.2027243 0.6367787 0.00390625 0.6868292 0.00933515 0.7083947 0.2020532 0.6592318 0.9927098 0.7616786 0.928289 0.7616786 0.9282889 0.783917 0.9927098 0.783917 0.00390625 0.7647339 0.012756 0.783917 0.4936278 0.6892117 0.484778 0.7083947 0.9927098 0.8383132 0.928289 0.8383132 0.928289 0.8594391 0.9927098 0.8594391 0.8893679 0.4733425 0.4625196 0.4733424 0.8893676 0.3718666 0.8893676 0.2703908 0.4625189 0.2703907 0.4625193 0.3718665 0.4936278 0.8378737 0.2948097 0.7878232 0.2954808 0.8102763 0.4881989 0.8594391 0.6963521 0.6367787 0.497534 0.6868292 0.5029629 0.7083947 0.695681 0.6592318 0.9927098 0.735534 0.928289 0.735534 0.9282889 0.7577723 0.9927098 0.7577723 0.00390625 0.8402562 0.012756 0.8594391 0.9872555 0.6892117 0.9784058 0.7083947 0.9927098 0.813281 0.928289 0.8132809 0.928289 0.834407 0.9927098 0.834407 0.01181697 0.4732766 0.005233343 0.4332513 0.9211316 0.6328725 0.965758 0.6328725 0.965758 0.5927457 0.9211316 0.5927457 0.01181697 0.6328065 0.005233344 0.5927812 0.9211316 0.5888394 0.965758 0.5888394 0.965758 0.5487126 0.9211316 0.5487126 0.2994971 0.9316729 0.2994973 0.9960938 0.795392 0.8633456 0.795392 0.9277664 0.2954808 0.7347541 0.2020532 0.6592318 0.2994971 0.8633456 0.2994973 0.9277664 0.795392 0.9316729 0.795392 0.9960938 0.2954808 0.8102763 0.695681 0.6592318  
			<Normals>: 200 -0.9650997 -0.2618828 0 -0.7943284 0.6074886 0 0 1 0 -0.9650997 -0.2618828 0 -0.7943284 0.6074886 0 0 1 0 -0.9633213 -0.2683505 0 -0.7945138 0.6072462 0 -0.9633213 -0.2683505 0 -0.7945138 0.6072462 0 -0.9671701 -0.2541297 0 -0.7903438 0.6126636 0 -0.9671701 -0.2541297 0 -0.7903438 0.6126636 0 -0.9629187 -0.2697918 0 -0.7967176 0.6043517 0 -0.9629187 -0.2697918 0 -0.7967176 0.6043517 0 -0.9655615 -0.2601748 0 -0.79702 0.6039529 0 -0.9655615 -0.2601748 0 -0.79702 0.6039529 0 -0.9545039 -0.2981985 0 -0.8053947 0.5927387 0 -0.9545039 -0.2981985 0 -0.8053947 0.5927387 0 -0.9690174 -0.2469925 0 -0.7903848 0.6126108 0 -0.9690174 -0.2469925 0 -0.7903848 0.6126108 0 -0.9847687 -0.1738689 0 -0.7666756 0.6420347 0 -0.9847687 -0.1738689 0 -0.7666756 0.6420347 0 0 1 0 -0.4122572 0.9110675 0 0 1 0 -0.4122572 0.9110675 0 -0.4122572 0.9110675 0 -0.4122572 0.9110675 0 0.5765156 -0.5783467 0.577187 0.274822 -0.6174263 0.7370601 0.5765156 -0.5783467 -0.577187 0.274822 -0.6174263 -0.7370601 -0.18882 -0.7832961 0.5922788 -0.18882 -0.7832961 -0.5922788 -0.9681486 -0.2503764 0 -0.7906913 0.612215 0 1 0 0 1 0 0 -0.9681486 -0.2503764 0 -0.7906913 0.612215 0 1 0 0 1 0 0 0 0 1 0 0 1 0 0 1 0 0 -1 0 0 -1 0 0 -1 0 0 1 0 0 -1 0 1 0 0 1 0 0 1 0 -0.4122572 0.9110675 0 0 1 0 -0.4122572 0.9110675 0 -0.4122572 0.9110675 0 -0.4122572 0.9110675 0 0.5765156 -0.5783467 0.577187 0.274822 -0.6174263 0.7370601 0.5765156 -0.5783467 -0.577187 0.274822 -0.6174263 -0.7370601 -0.18882 -0.7832961 0.5922788 -0.18882 -0.7832961 -0.5922788 -0.9022037 -0.1485361 0.4049266 -0.3221569 -0.05304174 0.9451991 -0.3443138 -0.05667352 0.9371426 -0.9059407 -0.1491488 0.3962651 -0.3221569 -0.05304174 -0.9451991 -0.9022037 -0.1485361 -0.4049266 -0.9059407 -0.1491488 -0.3962651 -0.3443138 -0.05667352 -0.9371426 0 0 1 0 0 1 0 0 1 0 0 -1 0 0 -1 0 0 -1 0 0 1 0 0 -1 -0.9022037 -0.1485361 0.4049266 -0.3221569 -0.05304174 0.9451991 -0.3443138 -0.05667352 0.9371426 -0.9059407 -0.1491488 0.3962651 -0.3221569 -0.05304174 -0.9451991 -0.9022037 -0.1485361 -0.4049266 -0.9059407 -0.1491488 -0.3962651 -0.3443138 -0.05667352 -0.9371426 -0.7943284 0.6074886 0 -0.7943284 0.6074886 0 -0.7945138 0.6072462 0 0.006103775 0.9999814 0 0.006103775 0.9999814 0 -0.7945138 0.6072462 0 -0.7903438 0.6126636 0 0.005005125 0.9999875 0 0.005005125 0.9999875 0 -0.7903438 0.6126636 0 -0.7967176 0.6043517 0 0.0003051944 1 0 0.0003051944 1 0 -0.7967176 0.6043517 0 -0.8053947 0.5927387 0 0.0009155829 0.9999996 0 0.0009155829 0.9999996 0 -0.8053947 0.5927387 0 -0.7903848 0.6126108 0 -0.002441548 0.999997 0 -0.002441548 0.999997 0 -0.7903848 0.6126108 0 -0.7666756 0.6420347 0 -0.001739606 0.9999986 0 -0.001739606 0.9999986 0 -0.7666756 0.6420347 0 -0.79702 0.6039529 0 -0.01065101 0.9999433 0 -0.01065101 0.9999433 0 -0.79702 0.6039529 0 0.7071068 0 0.7071068 0 0 1 -0.002044759 -0.6471508 0.7623592 0.5765156 -0.5783467 0.577187 0 0 -1 0.7071068 0 -0.7071068 0.5765156 -0.5783467 -0.577187 -0.002044759 -0.6471508 -0.7623592 0.7071068 0 -0.7071068 0.7071068 0 0.7071068 0.5765156 -0.5783467 0.577187 0.5765156 -0.5783467 -0.577187 -0.5964332 -0.4811629 0.6424559 -0.18882 -0.7832961 0.5922788 -0.5964332 -0.4811629 -0.6424559 -0.18882 -0.7832961 -0.5922788 -0.5964332 -0.4811629 0.6424559 -0.5964332 -0.4811629 -0.6424559 -0.18882 -0.7832961 -0.5922788 -0.18882 -0.7832961 0.5922788 -0.7906913 0.612215 0 -0.7906913 0.612215 0 0 1 0 0 1 0 0 1 0 0 1 0 0.7071068 0 0.7071068 0 0 1 -0.002044759 -0.6471508 0.7623592 0.5765156 -0.5783467 0.577187 0 0 -1 0.7071068 0 -0.7071068 0.5765156 -0.5783467 -0.577187 -0.002044759 -0.6471508 -0.7623592 0.7071068 0 -0.7071068 0.7071068 0 0.7071068 0.5765156 -0.5783467 0.577187 0.5765156 -0.5783467 -0.577187 -0.5964332 -0.4811629 0.6424559 -0.18882 -0.7832961 0.5922788 -0.5964332 -0.4811629 -0.6424559 -0.18882 -0.7832961 -0.5922788 -0.5964332 -0.4811629 0.6424559 -0.5964332 -0.4811629 -0.6424559 -0.18882 -0.7832961 -0.5922788 -0.18882 -0.7832961 0.5922788 -0.3443138 -0.05667352 0.9371426 -0.3221569 -0.05304174 0.9451991 -0.9059407 -0.1491488 -0.3962651 -0.9059407 -0.1491488 0.3962651 -0.9022037 -0.1485361 0.4049266 -0.9022037 -0.1485361 -0.4049266 -0.3443138 -0.05667352 0.9371426 -0.3221569 -0.05304174 0.9451991 -0.9059407 -0.1491488 -0.3962651 -0.9059407 -0.1491488 0.3962651 -0.9022037 -0.1485361 0.4049266 -0.9022037 -0.1485361 -0.4049266 0 1 0 0 1 0 -0.002044759 -0.6471508 0.7623592 -0.002044759 -0.6471508 -0.7623592 0.274822 -0.6174263 0.7370601 0.274822 -0.6174263 -0.7370601 0 1 0 0 1 0 -0.002044759 -0.6471508 0.7623592 -0.002044759 -0.6471508 -0.7623592 0.274822 -0.6174263 0.7370601 0.274822 -0.6174263 -0.7370601  
			<Tangents>: 200 -1.255533E-08 4.626935E-08 1 2.037486E-08 2.664137E-08 1 0 0 1 -8.845215E-08 3.259669E-07 1 1.273292E-07 1.664907E-07 1 0 0 1 -1.091516E-08 3.91831E-08 1 2.037148E-08 2.66538E-08 1 -1.091516E-08 3.91831E-08 1 2.037148E-08 2.66538E-08 1 -1.037803E-08 3.949682E-08 1 2.044535E-08 2.637476E-08 1 -1.037803E-08 3.949682E-08 1 2.044535E-08 2.637476E-08 1 -1.09692E-08 3.915035E-08 1 2.033062E-08 2.680188E-08 1 -1.09692E-08 3.915035E-08 1 2.033062E-08 2.680188E-08 1 1.060722E-08 -3.936555E-08 -1 -2.032491E-08 -2.682223E-08 -1 1.060722E-08 -3.936555E-08 -1 -2.032491E-08 -2.682223E-08 -1 1.20182E-08 -3.846908E-08 -1 -2.015712E-08 -2.738886E-08 -1 1.20182E-08 -3.846908E-08 -1 -2.015712E-08 -2.738886E-08 -1 1.010582E-08 -3.964784E-08 -1 -2.044465E-08 -2.637749E-08 -1 1.010582E-08 -3.964784E-08 -1 -2.044465E-08 -2.637749E-08 -1 -7.229571E-09 4.094727E-08 1 2.078388E-08 2.481874E-08 1 -7.229571E-09 4.094727E-08 1 2.078388E-08 2.481874E-08 1 -1 0 8.790862E-08 -0.9110675 -0.4122572 7.550381E-08 -1 0 8.790862E-08 -0.9110675 -0.4122572 7.550381E-08 -0.9110675 -0.4122572 6.09732E-08 -0.9110675 -0.4122572 6.09732E-08 -0.8170831 -0.4061327 0.4091839 -0.9455526 -0.3125684 0.09072624 -0.8170831 -0.4061327 -0.4091839 -0.9455526 -0.3125685 -0.09072618 -0.9422888 -0.02528588 -0.3338449 -0.9422888 -0.02528595 0.3338449 -1.843262E-08 7.127473E-08 1 2.043936E-08 2.639795E-08 1 0 -1 4.071994E-06 0 -1 3.965544E-06 -3.13825E-07 1.21349E-06 1 4.626382E-07 5.97509E-07 1 0 -1 1.064505E-07 0 -1 0 -1 8.858463E-08 0 -1 8.83024E-08 0 -1 9.002758E-08 0 -1 8.753182E-08 0 -1 8.768667E-08 0 -1 1.056452E-07 0 -1 1.205833E-07 0 -1 1.212735E-07 0 0 0 1 0 0 1 -1 0 0 -0.9110675 -0.4122572 7.205535E-08 -1 0 0 -0.9110675 -0.4122572 7.205534E-08 -0.9110675 -0.4122572 1.219464E-07 -0.9110675 -0.4122572 1.219464E-07 -0.8170831 -0.4061327 0.4091839 -0.9455526 -0.3125684 0.09072623 -0.8170831 -0.4061327 -0.4091839 -0.9455526 -0.3125685 -0.09072617 -0.9422888 -0.02528585 -0.3338448 -0.9422888 -0.02528598 0.333845 0.3995494 0.06577039 0.9143493 -0.9466863 0.01804865 -0.3216509 -0.9388546 0.02078392 -0.3436859 0.3910009 0.06437673 0.9181361 -0.9466863 0.01793575 0.3216572 -0.4165907 0.05692781 0.9073099 -0.4081591 0.05875463 0.9110181 -0.9388546 0.0207072 0.3436906 -1 8.858463E-08 0 -1 8.83024E-08 0 -1 9.002758E-08 0 -1 8.753182E-08 0 -1 8.768667E-08 0 -1 7.753054E-08 0 -1 1.205833E-07 0 -1 8.075183E-08 0 0.3995494 0.06577037 0.9143493 -0.9466863 0.01804866 -0.3216509 -0.9388546 0.02078392 -0.3436859 0.3910009 0.06437675 0.9181361 -0.9466863 0.01793595 0.3216572 -0.4165909 0.05692935 0.9073098 -0.4081593 0.05875619 0.911018 -0.9388546 0.02070723 0.3436906 2.037486E-08 2.664137E-08 1 2.037486E-08 2.664137E-08 1 2.546543E-07 3.331867E-07 1 6.745698E-07 -4.117501E-09 1 3.410667E-08 -2.08186E-10 1 2.037148E-08 2.66538E-08 1 -2.173271E-07 -2.803546E-07 1 -6.723019E-07 3.364997E-09 1 -3.471699E-08 1.737644E-10 1 2.044535E-08 2.637476E-08 1 2.033062E-08 2.680188E-08 1 -1.288644E-11 0 1 -1.288644E-11 0 1 2.033062E-08 2.680188E-08 1 -2.535705E-07 -3.445435E-07 -1 -7.023924E-07 6.431039E-10 -1 -3.718726E-08 3.405323E-11 -1 -2.015712E-08 -2.738886E-08 -1 2.710436E-07 3.496981E-07 -1 8.166125E-07 1.993804E-09 -1 4.235574E-08 1.034139E-10 -1 -2.044465E-08 -2.637749E-08 -1 -2.276188E-07 -2.718075E-07 1 -6.317916E-07 -1.099077E-09 1 -3.043276E-08 -5.294806E-11 1 2.078388E-08 2.481874E-08 1 -4.903757E-07 -6.471353E-07 -1 -1.339726E-06 -1.427024E-08 -1 -6.895967E-08 -7.345332E-10 -1 -2.032491E-08 -2.682223E-08 -1 -0.7071007 0.004160833 0.7071006 -0.9693527 -0.2456735 0 -0.9844124 -0.1327691 -0.1153452 -0.8170831 -0.4061327 0.4091839 -0.9687823 -0.2479129 0 -0.7071068 2.486432E-07 -0.7071068 -0.8170862 -0.4079378 -0.4073781 -0.9841474 -0.1338955 0.1163007 8.57499E-08 -1 8.57499E-08 -4.052263E-07 -1 4.052263E-07 -0.4087152 -0.8157911 -0.4091904 -0.4087148 -0.8157911 0.4091908 -0.6987857 -0.08254874 -0.710552 -0.9410022 -0.02815361 -0.3372273 -0.7020298 -0.0753241 0.7081528 -0.9422888 -0.02528593 0.3338449 0.627892 -0.7783005 9.841518E-06 0.627892 -0.7783005 -9.762571E-06 0.8272422 -0.4518757 0.3338843 0.8272423 -0.4518756 -0.3338841 2.043936E-08 2.639795E-08 1 2.043936E-08 2.639795E-08 1 0 0 1 0 0 1 0 0 1 0 0 1 -0.7071007 0.004160833 0.7071006 -0.9693527 -0.2456735 0 -0.9844124 -0.1327691 -0.1153452 -0.8170831 -0.4061327 0.4091839 -0.9687823 -0.2479129 0 -0.7071068 2.486431E-07 -0.7071068 -0.8170862 -0.4079377 -0.4073782 -0.9841474 -0.1338955 0.1163007 0 -1 0 0 -1 0 -0.4087148 -0.8157911 -0.4091908 -0.4087148 -0.8157911 0.4091908 -0.6987857 -0.08254875 -0.710552 -0.9410022 -0.02815359 -0.3372273 -0.7020298 -0.07532414 0.7081529 -0.9422888 -0.02528597 0.333845 0.627892 -0.7783005 9.861184E-06 0.6278919 -0.7783005 -9.729605E-06 0.8272422 -0.4518757 0.3338843 0.8272423 -0.4518756 -0.3338841 0.9246949 0.1522352 0.3489467 0.9326454 0.1535384 0.3264944 -0.3910016 -0.06437231 0.9181361 0.3910016 0.06437226 0.9181361 0.3995479 0.0657803 0.9143492 -0.3995478 -0.06578059 0.9143492 0.9246949 0.1522352 0.3489467 0.9326454 0.1535384 0.3264944 -0.3910016 -0.06437231 0.9181361 0.3910016 0.06437226 0.9181361 0.3995479 0.0657803 0.9143492 -0.3995478 -0.06578059 0.9143492 -1 0 7.646848E-08 -1 0 7.646848E-08 -0.9834518 -0.1368068 -0.1187702 -0.9834518 -0.1368069 0.1187703 -0.9464402 -0.3088375 0.09418255 -0.946195 -0.3098797 -0.09321804 -1 0 7.297596E-08 -1 0 7.297596E-08 -0.9834518 -0.1368068 -0.1187702 -0.9834518 -0.1368069 0.1187703 -0.9464402 -0.3088375 0.09418254 -0.946195 -0.3098797 -0.09321804  
			<BiTangents>: 200 -0.2618828 0.9650997 -4.794256E-08 0.6074886 0.7943284 -3.353949E-08 1 0 0 -0.2618828 0.9650997 -3.377547E-07 0.6074886 0.7943284 -2.095994E-07 1 0 0 -0.2683505 0.9633213 -4.0675E-08 0.6072462 0.7945138 -3.354732E-08 -0.2683505 0.9633213 -4.0675E-08 0.6072462 0.7945138 -3.354732E-08 -0.2541297 0.9671701 -4.083751E-08 0.6126636 0.7903438 -3.337125E-08 -0.2541297 0.9671701 -4.083751E-08 0.6126636 0.7903438 -3.337125E-08 -0.2697918 0.9629187 -4.0658E-08 0.6043517 0.7967176 -3.364038E-08 -0.2697918 0.9629187 -4.0658E-08 0.6043517 0.7967176 -3.364038E-08 -0.2601748 0.9655615 -4.076959E-08 0.6039529 0.79702 -3.365314E-08 -0.2601748 0.9655615 -4.076959E-08 0.6039529 0.79702 -3.365314E-08 -0.2981985 0.9545039 -4.030269E-08 0.5927388 0.8053948 -3.400676E-08 -0.2981985 0.9545039 -4.030269E-08 0.5927388 0.8053948 -3.400676E-08 -0.2469925 0.9690174 -4.091551E-08 0.6126108 0.7903848 -3.337298E-08 -0.2469925 0.9690174 -4.091551E-08 0.6126108 0.7903848 -3.337298E-08 -0.1738689 0.9847688 -4.158059E-08 0.6420347 0.7666756 -3.237189E-08 -0.1738689 0.9847688 -4.158059E-08 0.6420347 0.7666756 -3.237189E-08 -8.790862E-08 0 -1 -6.878907E-08 -3.112699E-08 -1 -8.790862E-08 0 -1 -6.878907E-08 -3.112699E-08 -1 -5.55507E-08 -2.513664E-08 -1 -5.55507E-08 -2.513664E-08 -1 -0.00223565 -0.7075107 -0.7066992 0.1743649 -0.7218627 -0.6697097 0.00223565 0.7075107 -0.7066992 -0.174365 0.7218627 -0.6697097 0.2764757 -0.6211343 -0.7333167 -0.2764758 0.6211343 -0.7333167 -0.2503764 0.9681485 -7.361962E-08 0.612215 0.7906913 -3.338592E-08 0 -4.071994E-06 -1 0 -3.965544E-06 -1 -0.2503764 0.9681485 -1.253413E-06 0.612215 0.7906913 -7.556793E-07 0 -1.064505E-07 -1 0 0 -1 8.858463E-08 1 0 8.83024E-08 1 0 9.002758E-08 1 0 8.753182E-08 1 0 8.768667E-08 1 0 1.056452E-07 1 0 1.205833E-07 1 0 1.212735E-07 1 0 1 0 0 1 0 0 0 0 -1 -6.564729E-08 -2.970534E-08 -1 0 0 -1 -6.564728E-08 -2.970533E-08 -1 -1.111014E-07 -5.027328E-08 -1 -1.111014E-07 -5.027328E-08 -1 -0.00223565 -0.7075107 -0.7066992 0.174365 -0.7218627 -0.6697097 0.00223565 0.7075107 -0.7066992 -0.174365 0.7218627 -0.6697097 0.2764756 -0.6211343 -0.7333167 -0.2764758 0.6211343 -0.7333167 -0.1624461 0.9867174 9.241915E-06 -1.35418E-06 0.9984292 0.0560284 -3.975024E-07 0.9981765 0.06036438 -0.1624491 0.9867169 -4.204612E-06 -0.0001084096 0.9984312 -0.05599202 -0.1117167 0.9872671 -0.1132393 -0.1125948 0.9870676 -0.1141046 -7.255029E-05 0.9981779 -0.06033796 8.858463E-08 1 0 8.83024E-08 1 0 9.002758E-08 1 0 8.753182E-08 1 0 8.768667E-08 1 0 7.753054E-08 1 0 1.205833E-07 1 0 8.075183E-08 1 0 -0.1624461 0.9867174 9.262081E-06 -1.350659E-06 0.9984292 0.0560284 -3.922657E-07 0.9981765 0.06036439 -0.1624491 0.9867169 -4.218111E-06 -0.0001082179 0.9984312 -0.05599209 -0.1117161 0.987267 -0.1132407 -0.1125942 0.9870676 -0.1141061 -7.252934E-05 0.9981779 -0.06033797 0.6074886 0.7943284 -3.353949E-08 0.6074886 0.7943284 -3.353949E-08 0.6072462 0.7945138 -4.193593E-07 0.9999814 -0.006103775 -6.745823E-07 0.9999814 -0.006103775 -3.410731E-08 0.6072462 0.7945138 -3.354732E-08 0.6126636 0.7903438 3.547249E-07 0.9999875 -0.005005125 6.723103E-07 0.9999875 -0.005005125 3.471743E-08 0.6126636 0.7903438 -3.337125E-08 0.6043517 0.7967176 -3.364038E-08 1 -0.0003051944 1.288644E-11 1 -0.0003051944 1.288644E-11 0.6043517 0.7967176 -3.364038E-08 0.5927388 0.8053948 -4.277946E-07 0.9999995 -0.0009155828 -7.023927E-07 0.9999995 -0.0009155828 -3.718727E-08 0.5927388 0.8053948 -3.400676E-08 0.6126108 0.7903848 4.424403E-07 0.999997 0.002441548 8.166149E-07 0.999997 0.002441548 4.235587E-08 0.6126108 0.7903848 -3.337298E-08 0.6420347 0.7666756 3.545273E-07 0.9999985 0.001739605 6.317926E-07 0.9999985 0.001739605 3.043281E-08 0.6420347 0.7666756 -3.237189E-08 0.6039529 0.79702 -8.119436E-07 0.9999433 0.01065101 -1.339802E-06 0.9999433 0.01065101 -6.896358E-08 0.6039529 0.79702 -3.365314E-08 0.002942153 0.9999914 -0.002942153 -0.2456735 0.9693527 0 -0.1758635 0.7507118 0.6367919 0.00223565 0.7075107 0.7066992 -0.2479129 0.9687823 0 1.758173E-07 1 1.758173E-07 0.0001494204 0.7064713 -0.7077416 -0.1773406 0.7505117 -0.6366181 -0.7071068 -1.212687E-07 -0.7071068 0.7071068 -5.730765E-07 -0.7071068 0.707518 -4.368912E-07 -0.7066953 -0.7075182 -1.008802E-08 -0.7066951 -0.3949252 0.8727359 0.286995 -0.2808236 0.6210109 0.7317674 -0.3891293 0.8733891 -0.2928649 -0.2764758 0.6211343 -0.7333167 0.500019 0.4033988 0.7663226 -0.5000191 -0.4033988 0.7663226 -0.5291667 -0.426914 0.7332988 0.5291665 0.4269141 0.7332988 0.612215 0.7906913 -3.338592E-08 0.612215 0.7906913 -3.338592E-08 1 0 0 1 0 0 1 0 0 1 0 0 0.002942153 0.9999914 -0.002942153 -0.2456735 0.9693527 0 -0.1758635 0.7507118 0.6367919 0.00223565 0.7075107 0.7066992 -0.2479129 0.9687823 0 1.758172E-07 1 1.758172E-07 0.0001494893 0.7064714 -0.7077416 -0.1773406 0.7505117 -0.6366181 -0.7071068 0 -0.7071068 0.7071068 0 -0.7071068 0.7075182 1.008802E-08 -0.7066951 -0.7075182 -1.008802E-08 -0.7066951 -0.3949252 0.8727359 0.286995 -0.2808236 0.6210109 0.7317675 -0.3891293 0.8733891 -0.2928649 -0.2764758 0.6211343 -0.7333167 0.500019 0.4033988 0.7663226 -0.5000192 -0.4033987 0.7663226 -0.5291667 -0.426914 0.7332988 0.5291665 0.4269141 0.7332988 -0.1624421 0.9867181 -1.094459E-05 -0.1624422 0.9867181 5.671011E-06 -0.1624474 0.9867172 8.411519E-08 -0.1624473 0.9867172 -4.361648E-08 -0.1624501 0.9867168 7.154432E-08 -0.1624502 0.9867167 1.994648E-07 -0.1624421 0.9867181 -1.094972E-05 -0.1624422 0.9867181 5.680612E-06 -0.1624474 0.9867172 8.411519E-08 -0.1624473 0.9867172 -4.361648E-08 -0.1624501 0.9867168 7.154432E-08 -0.1624502 0.9867167 1.994648E-07 -7.646848E-08 0 -1 -7.646848E-08 0 -1 0.1811582 -0.7499865 -0.636162 -0.1811583 0.7499865 -0.636162 -0.169481 0.7234668 0.6692324 -0.1708447 0.723021 -0.6693675 -7.297596E-08 0 -1 -7.297596E-08 0 -1 0.1811582 -0.7499865 -0.636162 -0.1811583 0.7499865 -0.636162 -0.169481 0.7234668 0.6692324 -0.1708447 0.723021 -0.6693675  
			<SubMeshes>: 1
				<SubMesh>: 0 324 4 1 0 4 0 3 100 5 2 100 2 101 9 7 6 9 6 8 102 103 104 102 104 105 13 11 10 13 10 12 106 107 108 106 108 109 17 15 14 17 14 16 110 111 112 110 112 113 21 19 18 21 18 20 25 23 22 25 22 24 114 115 116 114 116 117 29 27 26 29 26 28 118 119 120 118 120 121 33 31 30 33 30 32 122 123 124 122 124 125 126 127 128 126 128 129 35 37 39 35 39 38 34 36 188 34 188 189 44 45 43 44 43 41 190 191 42 190 42 40 130 131 132 130 132 133 134 135 136 134 136 137 138 139 140 138 140 141 131 142 143 131 143 192 144 134 193 144 193 145 146 147 148 146 148 149 49 53 52 49 52 48 51 47 46 51 46 50 150 63 62 150 62 151 152 153 154 152 154 155 59 61 83 59 83 80 56 77 78 56 78 60 58 57 61 58 61 59 65 67 69 65 69 68 64 66 194 64 194 195 74 75 73 74 73 71 196 197 72 196 72 70 156 157 158 156 158 159 160 161 162 160 162 163 164 165 166 164 166 167 157 168 169 157 169 198 170 160 199 170 199 171 172 173 174 172 174 175 80 83 82 80 82 81 76 79 176 76 176 177 178 179 180 178 180 181 55 56 60 55 60 54 89 91 99 89 99 96 86 93 94 86 94 90 88 87 91 88 91 89 96 99 98 96 98 97 92 95 182 92 182 183 184 185 186 184 186 187 85 86 90 85 90 84  
		</Mesh>
		<Materials>: 1
			<Material>: 0
				<AlbedoColor>: 1 1 1 1
				<EmissiveColor>: 0 0 0 0
				<Glossiness>: 0
				<Metallic>: 0
				<SpecularHighlight>: 1
				<GlossyReflection>: 1
				<AlbedoMap>: BLD_BrickHouse1_A
				<MetallicMap>: BLD_BrickHouse1_MS
				<NormalMap>: BLD_BrickHouse1_N
				<EmissionMap>: null
				<DetailAlbedoMap>: DET_Concrete1_A
				<DetailNormalMap>: DET_Concrete1_N
		</Materials>
		<Children>: 6
			<Frame>: 1 0 BrickHouse_Base_Stairs_A_bb
				<Transform>: -2.272949 0.026 -0.04 -2.504478E-06 3.562221E-13 24.71795 1 1 1 -2.134921E-08 4.677908E-09 0.214036 0.9768258  
				<TransformMatrix>: 0.9083772 0.4181518 -1.8278E-08 0 -0.4181518 0.9083772 -3.970643E-08 0 6.217249E-15 4.371139E-08 1 0 -2.272949 0.026 -0.04 1  
				<BoxCollider>: 1 -0.03294474 0.2064198 0.06549072 2.634231 0.3499278 3.364014  
				<Children>: 0
			</Frame>
			<Frame>: 2 0 BrickHouse_Base_Stairs_A_bb1
				<Transform>: -2.368 0.209 -0.04 -2.504478E-06 3.562221E-13 24.71795 1 1 1 -2.134921E-08 4.677908E-09 0.214036 0.9768258  
				<TransformMatrix>: 0.9083772 0.4181518 -1.8278E-08 0 -0.4181518 0.9083772 -3.970643E-08 0 6.217249E-15 4.371139E-08 1 0 -2.368 0.209 -0.04 1  
				<BoxCollider>: 1 0.2986766 0.2064197 1.540878 1.97099 0.3499278 0.4132385  
				<Children>: 0
			</Frame>
			<Frame>: 3 0 BrickHouse_Base_Stairs_A_bb2
				<Transform>: -2.368 0.209 -3.031 -2.504478E-06 3.562221E-13 24.71795 1 1 1 -2.134921E-08 4.677908E-09 0.214036 0.9768258  
				<TransformMatrix>: 0.9083772 0.4181518 -1.8278E-08 0 -0.4181518 0.9083772 -3.970643E-08 0 6.217249E-15 4.371139E-08 1 0 -2.368 0.209 -3.031 1  
				<BoxCollider>: 1 0.2986766 0.2064197 1.540878 1.97099 0.3499278 0.4132385  
				<Children>: 0
			</Frame>
			<Frame>: 4 0 BrickHouse_Base_Stairs_A_bb3
				<Transform>: -1.261 0.026 -0.04 0 0 0 1 1 1 0 0 0 1  
				<TransformMatrix>: 1 0 0 0 0 1 0 0 0 0 1 0 -1.261 0.026 -0.04 1  
				<BoxCollider>: 1 0.5750231 0.4569131 0.06549072 1.418296 0.9552841 3.364014  
				<Children>: 0
			</Frame>
			<Frame>: 5 0 BrickHouse_Base_Stairs_A_bb4
				<Transform>: -1.261 0.162 -0.04 0 0 0 1 1 1 0 0 0 1  
				<TransformMatrix>: 1 0 0 0 0 1 0 0 0 0 1 0 -1.261 0.162 -0.04 1  
				<BoxCollider>: 1 0.5750231 0.7587729 1.534088 1.418296 0.3515644 0.4268197  
				<Children>: 0
			</Frame>
			<Frame>: 6 0 BrickHouse_Base_Stairs_A_bb5
				<Transform>: -1.261 0.162 -3.031 0 0 0 1 1 1 0 0 0 1  
				<TransformMatrix>: 1 0 0 0 0 1 0 0 0 0 1 0 -1.261 0.162 -3.031 1  
				<BoxCollider>: 1 0.5750231 0.7587729 1.534088 1.418296 0.3515644 0.4268197  
				<Children>: 0
			</Frame>
	</Frame>
</Hierarchy>
