<Hierarchy>:
	<Frame>: 0 4 BrickHouse_Deco_WindowGlass_A
		<Transform>: 0 0 0 0 0 0 1 1 1 0 0 0 1  
		<TransformMatrix>: 1 0 0 0 0 1 0 0 0 0 1 0 0 0 0 1  
		<BoxCollider>: 1 0 0.0003473759 -0.0005750619 1.8438 2.460088 0.1145706  
		<Mesh>: 48 BrickHouse_Deco_WindowGlass_A
			<Bounds>: 0 0.0003473759 -0.0005750619 0.9218979 1.230042 0.05728298
			<Positions>: 48 0.9218979 0.05776232 -0.02650309 0.9218979 1.230389 -0.02650314 0.9218979 0.05776232 -0.05785799 0.9218979 1.230389 -0.05785804 -0.9218979 0.05776232 -0.02650309 -0.9218979 1.230389 -0.02650314 -0.9218979 0.05776232 -0.05785799 -0.9218979 1.230389 -0.05785804 0.9218979 -1.229694 0.05670791 0.9218979 -0.02333337 0.05670786 0.9218979 -1.229694 0.02535301 0.9218979 -0.02333337 0.02535296 -0.9218979 -1.229694 0.05670791 -0.9218979 -0.02333337 0.05670786 -0.9218979 -1.229694 0.02535301 -0.9218979 -0.02333337 0.02535296 0.9218979 1.230389 -0.05785804 0.9218979 0.05776232 -0.05785799 -0.9218979 1.230389 -0.05785804 -0.9218979 0.05776232 -0.05785799 -0.9218979 1.230389 -0.02650314 -0.9218979 0.05776232 -0.02650309 0.9218979 0.05776232 -0.02650309 0.9218979 1.230389 -0.02650314 0.9218979 0.05776232 -0.02650309 -0.9218979 0.05776232 -0.02650309 -0.9218979 0.05776232 -0.05785799 0.9218979 0.05776232 -0.05785799 -0.9218979 1.230389 -0.02650314 0.9218979 1.230389 -0.02650314 0.9218979 1.230389 -0.05785804 -0.9218979 1.230389 -0.05785804 0.9218979 -0.02333337 0.02535296 0.9218979 -1.229694 0.02535301 -0.9218979 -0.02333337 0.02535296 -0.9218979 -1.229694 0.02535301 -0.9218979 -0.02333337 0.05670786 -0.9218979 -1.229694 0.05670791 0.9218979 -1.229694 0.05670791 0.9218979 -0.02333337 0.05670786 0.9218979 -1.229694 0.05670791 -0.9218979 -1.229694 0.05670791 -0.9218979 -1.229694 0.02535301 0.9218979 -1.229694 0.02535301 -0.9218979 -0.02333337 0.05670786 0.9218979 -0.02333337 0.05670786 0.9218979 -0.02333337 0.02535296 -0.9218979 -0.02333337 0.02535296  
			<Colors>: 0  
			<TextureCoords0>: 48 -0.01353485 0.2730684 -0.01353485 -0.3956571 -0.01353485 0.2730684 -0.01353485 -0.3956571 1.037944 0.2730684 1.037944 -0.3956571 1.037944 0.2730684 1.037944 -0.3956571 -0.01353485 1.007279 -0.01353485 0.3193157 -0.01353485 1.007279 -0.01353485 0.3193157 1.037944 1.007279 1.037944 0.3193157 1.037944 1.007279 1.037944 0.3193157 -0.01353485 -0.3956571 -0.01353485 0.2730684 1.037944 -0.3956571 1.037944 0.2730684 1.037944 -0.3956571 1.037944 0.2730684 -0.01353485 0.2730684 -0.01353485 -0.3956571 -0.01353485 0.2730684 1.037944 0.2730684 1.037944 0.2730684 -0.01353485 0.2730684 1.037944 -0.3956571 -0.01353485 -0.3956571 -0.01353485 -0.3956571 1.037944 -0.3956571 -0.01353485 0.3193157 -0.01353485 1.007279 1.037944 0.3193157 1.037944 1.007279 1.037944 0.3193157 1.037944 1.007279 -0.01353485 1.007279 -0.01353485 0.3193157 -0.01353485 1.007279 1.037944 1.007279 1.037944 1.007279 -0.01353485 1.007279 1.037944 0.3193157 -0.01353485 0.3193157 -0.01353485 0.3193157 1.037944 0.3193157  
			<TextureCoords1>: 48 0.4950497 0.9268478 0.8049252 0.9268478 0.4950497 0.9351336 0.8049252 0.9351336 0.8049252 0.9146557 0.4950497 0.9146558 0.4911434 0.9717097 0.4911433 0.6618341 0.4950497 0.9512319 0.8138398 0.9512319 0.4950497 0.9595177 0.8138398 0.9595177 0.8138397 0.9390398 0.4950497 0.9390398 0.4911434 0.6579279 0.4911433 0.3391377 0.00390625 0.6618341 0.003906365 0.9717097 0.4950497 0.9229416 0.8049252 0.9229416 0.4950497 0.3480521 0.4950497 0.6579278 0.9822868 0.6579279 0.9822868 0.3480523 0.9822867 0.9634239 0.4950497 0.9634239 0.4950497 0.9717097 0.9822867 0.9717097 0.4911435 0.987808 0.003906255 0.987808 0.00390625 0.9960938 0.4911434 0.9960938 0.00390625 0.3391377 0.003906346 0.6579279 0.4950497 0.9473256 0.8138397 0.9473256 0.00390625 0.01644129 0.00390628 0.3352314 0.4911434 0.3352315 0.4911433 0.0164414 0.9822869 0.975616 0.4950497 0.975616 0.4950497 0.9839017 0.9822869 0.9839017 0.4911435 0.975616 0.003906255 0.975616 0.00390625 0.9839017 0.4911434 0.9839017  
			<Normals>: 48 1 0 0 1 0 0 1 0 0 1 0 0 -1 0 0 -1 0 0 0 0 -1 0 0 -1 1 0 0 1 0 0 1 0 0 1 0 0 -1 0 0 -1 0 0 0 0 -1 0 0 -1 0 0 -1 0 0 -1 -1 0 0 -1 0 0 0 0 1 0 0 1 0 0 1 0 0 1 0 -1 0 0 -1 0 0 -1 0 0 -1 0 0 1 0 0 1 0 0 1 0 0 1 0 0 0 -1 0 0 -1 -1 0 0 -1 0 0 0 0 1 0 0 1 0 0 1 0 0 1 0 -1 0 0 -1 0 0 -1 0 0 -1 0 0 1 0 0 1 0 0 1 0 0 1 0  
			<Tangents>: 48 0 1 0 0 1 0 0 1 0 0 1 0 0 1 0 0 1 0 -1 0 0 -1 0 0 0 1 0 0 1 0 0 1 0 0 1 0 0 1 0 0 1 0 -1 0 0 -1 0 0 -1 0 0 -1 0 0 0 1 0 0 1 0 -1 0 0 -1 0 0 -1 0 0 -1 0 0 1 0 0 1 0 0 1 0 0 1 0 0 1 0 0 1 0 0 1 0 0 1 0 0 -1 0 0 -1 0 0 0 1 0 0 1 0 -1 0 0 -1 0 0 -1 0 0 -1 0 0 1 0 0 1 0 0 1 0 0 1 0 0 1 0 0 1 0 0 1 0 0 1 0 0  
			<BiTangents>: 48 0 0 1 0 0 1 0 0 1 0 0 1 0 0 1 0 0 1 0 1 0 0 1 0 0 0 1 0 0 1 0 0 1 0 0 1 0 0 1 0 0 1 0 1 0 0 1 0 0 1 0 0 1 0 0 0 1 0 0 1 0 1 0 0 1 0 0 1 0 0 1 0 0 0 1 0 0 1 0 0 1 0 0 1 0 0 1 0 0 1 0 0 1 0 0 1 0 1 0 0 1 0 0 0 1 0 0 1 0 1 0 0 1 0 0 1 0 0 1 0 0 0 1 0 0 1 0 0 1 0 0 1 0 0 1 0 0 1 0 0 1 0 0 1  
			<SubMeshes>: 1
				<SubMesh>: 0 72 1 0 2 1 2 3 16 17 6 16 6 7 18 19 4 18 4 5 20 21 22 20 22 23 24 25 26 24 26 27 28 29 30 28 30 31 9 8 10 9 10 11 32 33 14 32 14 15 34 35 12 34 12 13 36 37 38 36 38 39 40 41 42 40 42 43 44 45 46 44 46 47  
		</Mesh>
		<Materials>: 1
			<Material>: 0
				<AlbedoColor>: 1 1 1 0.3921569
				<EmissiveColor>: 0 0 0 1
				<Glossiness>: 1
				<Metallic>: 0
				<SpecularHighlight>: 1
				<GlossyReflection>: 1
				<AlbedoMap>: BLD_WindowGlass1_A
				<MetallicMap>: BLD_WindowGlass1_MS
				<NormalMap>: BLD_WindowGlass1_N
				<EmissionMap>: null
				<DetailAlbedoMap>: DET_Concrete1_A
				<DetailNormalMap>: null
		</Materials>
		<Children>: 0
	</Frame>
</Hierarchy>
