<Hierarchy>:
	<Frame>: 0 5 BrickHouse_Floor_Mid_B
		<Transform>: 0 0 0 0 0 0 1 1 1 0 0 0 1  
		<TransformMatrix>: 1 0 0 0 0 1 0 0 0 0 1 0 0 0 0 1  
		<BoxCollider>: 1 -2 -0.0500403 -1.996547 4.000014 0.3002534 7.19311  
		<Mesh>: 56 BrickHouse_Floor_Mid_B
			<Bounds>: -2 -0.0500403 -1.996547 2 0.1501199 3.596548
			<Positions>: 56 6.563347E-07 0.1000792 1.6 6.900466E-07 -0.2001597 1.6 -3.999999 -0.2001602 1.6 -3.999999 0.1000788 1.6 -3.71683 0.1000788 1.316831 -0.2831686 0.1000792 1.316831 -3.71683 -0.2001601 1.316831 -0.2831686 -0.2001598 1.316831 -1.221384E-07 -0.2001594 -5.593095 -1.558503E-07 0.1000796 -5.593095 -4 0.1000791 -5.593095 -4 -0.2001599 -5.593095 -3.716831 0.1000791 -5.300212 -0.2831694 -0.2001595 -5.300212 -3.716831 -0.2001598 -5.300212 -0.2831694 0.1000795 -5.300212 6.563347E-07 0.1000792 1.6 6.900466E-07 -0.2001597 1.6 -1.558503E-07 0.1000796 -5.593095 -1.221384E-07 -0.2001594 -5.593095 -3.999999 0.1000788 1.6 6.563347E-07 0.1000792 1.6 -1.221384E-07 -0.2001594 -5.593095 6.900466E-07 -0.2001597 1.6 -0.2831686 -0.2001598 1.316831 6.900466E-07 -0.2001597 1.6 -3.999999 -0.2001602 1.6 -3.999999 -0.2001602 1.6 -3.999999 0.1000788 1.6 -4 0.1000791 -5.593095 -4 -0.2001599 -5.593095 -0.2831694 -0.2001595 -5.300212 -4 -0.2001599 -5.593095 -1.221384E-07 -0.2001594 -5.593095 -3.71683 -0.2001601 1.316831 -3.999999 -0.2001602 1.6 -4 -0.2001599 -5.593095 -3.716831 -0.2001598 -5.300212 -1.558503E-07 0.1000796 -5.593095 -0.2831686 0.1000792 1.316831 6.563347E-07 0.1000792 1.6 -3.71683 -0.2001601 1.316831 -3.716831 -0.2001598 -5.300212 -0.2831694 -0.2001595 -5.300212 -0.2831686 -0.2001598 1.316831 -4 0.1000791 -5.593095 -3.999999 0.1000788 1.6 -3.71683 0.1000788 1.316831 -0.2831686 0.1000792 1.316831 -0.2831694 0.1000795 -5.300212 -3.716831 0.1000791 -5.300212 -3.71683 0.1000788 1.316831 -4 0.1000791 -5.593095 -3.716831 0.1000791 -5.300212 -0.2831694 0.1000795 -5.300212 -1.558503E-07 0.1000796 -5.593095  
			<Colors>: 0  
			<TextureCoords0>: 56 0.5954832 0.8668457 0.5954832 0.8525123 0.4565224 0.8525122 0.4565224 0.8668457 0.4645875 0.8934032 0.5836601 0.8934031 0.4645875 0.8934032 0.2149058 0.8934031 0.3664377 0.8668457 0.3664377 0.8525122 0.3732676 0.9335226 0.3732676 0.9462919 0.4246331 0.8934031 0.4246331 0.8934031 0.3998126 0.9203156 0.4246331 0.8934031 0.5954832 0.8525122 0.5954832 0.8668457 0.2648787 0.9335226 0.2648787 0.9462919 0.4547678 0.8793748 0.5934798 0.8793746 0.4337215 0.8793747 0.205086 0.8793747 0.5836601 0.8934031 0.5934798 0.8793746 0.4547678 0.8793748 0.5954832 0.8525122 0.5954832 0.8668457 0.3664377 0.8668457 0.3664377 0.8525122 0.2510697 0.9203156 0.4120792 0.9330029 0.238803 0.9330029 0.2149058 0.8934031 0.205086 0.8793747 0.4337215 0.8793747 0.4246331 0.8934031 0.4337215 0.8793747 0.2149058 0.8934031 0.205086 0.8793747 0.2057455 0.986912 0.4234496 0.986912 0.4234496 0.839842 0.2057455 0.839842 0.4337215 0.8793747 0.205086 0.8793747 0.2149058 0.8934031 0.2057455 0.839842 0.4234496 0.839842 0.4234496 0.986912 0.2057455 0.986912 0.4120792 0.9330029 0.3998126 0.9203156 0.2510697 0.9203156 0.238803 0.9330029  
			<TextureCoords1>: 56 0.4245821 0.008907139 0.4245823 0.040483 0.003906489 0.040483 0.00390625 0.008907199 0.7306162 0.5062488 0.7306164 0.1451344 0.03368755 0.9663131 0.03368765 0.6051985 0.7603966 0.1114472 0.7603967 0.07987142 0.4245823 0.04438931 0.4245822 0.07596517 0.03470849 0.5062487 0.7295952 0.6051986 0.7295952 0.966313 0.0347087 0.1451342 0.003906263 0.07987142 0.00390625 0.1114473 0.003906353 0.04438925 0.00390625 0.07596511 0.7603973 0.5360295 0.760397 0.1153538 0.7603975 0.5754179 0.00390625 0.5754178 0.03368765 0.6051985 0.00390625 0.5754178 0.003906962 0.9960938 0.760397 0.5715116 0.7603973 0.5399357 0.003906569 0.5399357 0.00390625 0.5715115 0.7295952 0.6051986 0.7603974 0.9960936 0.7603975 0.5754179 0.03368755 0.9663131 0.003906962 0.9960938 0.7603974 0.9960936 0.7295952 0.966313 0.003906455 0.1153535 0.7306164 0.1451344 0.760397 0.1153538 0.03368755 0.9663131 0.7295952 0.966313 0.7295952 0.6051986 0.03368765 0.6051985 0.00390625 0.5360295 0.7603973 0.5360295 0.7306162 0.5062488 0.7306164 0.1451344 0.0347087 0.1451342 0.03470849 0.5062487 0.7306162 0.5062488 0.00390625 0.5360295 0.03470849 0.5062487 0.0347087 0.1451342 0.003906455 0.1153535  
			<Normals>: 56 0 0 1 0 0 1 0 0 1 0 0 1 0 1 0 0 1 0 0 -1 0 0 -1 0 1 0 0 1 0 0 0 0 -1 0 0 -1 0 1 0 0 -1 0 0 -1 0 0 1 0 1 0 0 1 0 0 0 0 -1 0 0 -1 0 1 0 0 1 0 0 -1 0 0 -1 0 0 -1 0 0 -1 0 0 -1 0 -1 0 0 -1 0 0 -1 0 0 -1 0 0 0 -1 0 0 -1 0 0 -1 0 0 -1 0 0 -1 0 0 -1 0 0 -1 0 0 1 0 0 1 0 0 1 0 0 -1 0 0 -1 0 0 -1 0 0 -1 0 0 1 0 0 1 0 0 1 0 0 1 0 0 1 0 0 1 0 0 1 0 0 1 0 0 1 0 0 1 0 0 1 0  
			<Tangents>: 56 1 -1.223396E-07 0 1 -1.219843E-07 0 1 -1.148891E-07 0 1 -1.152444E-07 0 1 0 -9.324346E-07 1 0 -4.45468E-07 1 0 -9.324346E-07 -1.580533E-07 0 -1 0 -3.728866E-08 1 0 -3.745371E-08 1 -1 -2.416751E-08 0 -1 -2.416751E-08 0 -6.263641E-08 0 -1 -1.125993E-07 0 -1 -1 0 0 -1.580534E-07 0 -1 0 -4.350344E-08 1 0 -4.333839E-08 1 -1 -2.416751E-08 0 -1 -2.416751E-08 0 1 0 -9.463748E-07 1 0 -5.010741E-07 -1.11866E-07 0 -1 -1.554362E-07 0 -1 1 0 -4.45468E-07 1 0 -5.010741E-07 1 0 -9.463748E-07 0 -4.132182E-08 1 0 -4.143185E-08 1 0 -3.739869E-08 1 0 -3.728866E-08 1 -1 0 1.15753E-07 -1 0 1.339548E-08 -1 0 1.192093E-07 -9.884881E-08 0 -1 -9.943643E-08 0 -1 -6.476416E-08 0 -1 -6.263641E-08 0 -1 -1.554433E-07 0 -1 -1.136326E-07 0 -1 -1.129118E-07 0 -1 -1.401537E-07 0 -1 -1.310951E-07 0 -1 -1.350653E-07 0 -1 -1.441239E-07 0 -1 -6.476416E-08 0 -1 -9.943643E-08 0 -1 -9.884881E-08 0 -1 -1.094654E-07 0 -1 -1.125968E-07 0 -1 -1.112244E-07 0 -1 -1.08093E-07 0 -1 -1 0 1.339548E-08 -1 0 0 -1 0 1.15753E-07 -1 0 1.192093E-07  
			<BiTangents>: 56 -1.223396E-07 -1 0 -1.219843E-07 -1 0 -1.148891E-07 -1 0 -1.152444E-07 -1 0 9.324346E-07 0 1 4.45468E-07 0 1 9.324346E-07 0 1 1 0 -1.580533E-07 0 1 3.728866E-08 0 1 3.745371E-08 -2.416751E-08 1 0 -2.416751E-08 1 0 -1 0 6.263641E-08 1 0 -1.125993E-07 0 0 1 1 0 -1.580534E-07 0 1 4.350344E-08 0 1 4.333839E-08 -2.416751E-08 1 0 -2.416751E-08 1 0 9.463748E-07 0 1 5.010741E-07 0 1 1 0 -1.11866E-07 1 0 -1.554362E-07 4.45468E-07 0 1 5.010741E-07 0 1 9.463748E-07 0 1 0 -1 -4.132182E-08 0 -1 -4.143185E-08 0 -1 -3.739869E-08 0 -1 -3.728866E-08 1.15753E-07 0 1 1.339548E-08 0 1 1.192093E-07 0 1 -1 0 9.884881E-08 -1 0 9.943643E-08 -1 0 6.476416E-08 -1 0 6.263641E-08 1 0 -1.554433E-07 1 0 -1.136326E-07 1 0 -1.129118E-07 1 0 -1.401537E-07 1 0 -1.310951E-07 1 0 -1.350653E-07 1 0 -1.441239E-07 -1 0 6.476416E-08 -1 0 9.943643E-08 -1 0 9.884881E-08 1 0 -1.094654E-07 1 0 -1.125968E-07 1 0 -1.112244E-07 1 0 -1.08093E-07 1.339548E-08 0 1 0 0 1 1.15753E-07 0 1 1.192093E-07 0 1  
			<SubMeshes>: 1
				<SubMesh>: 0 84 3 2 1 3 1 0 9 16 17 9 17 8 11 10 18 11 18 19 4 20 21 4 21 5 13 22 23 13 23 7 6 24 25 6 25 26 27 28 29 27 29 30 31 14 32 31 32 33 34 35 36 34 36 37 38 15 39 38 39 40 41 42 43 41 43 44 45 46 47 45 47 12 48 49 50 48 50 51 52 53 54 52 54 55  
		</Mesh>
		<Materials>: 1
			<Material>: 0
				<AlbedoColor>: 1 1 1 1
				<EmissiveColor>: 0 0 0 0
				<Glossiness>: 0
				<Metallic>: 0
				<SpecularHighlight>: 1
				<GlossyReflection>: 1
				<AlbedoMap>: BLD_BrickHouse1_A
				<MetallicMap>: BLD_BrickHouse1_MS
				<NormalMap>: BLD_BrickHouse1_N
				<EmissionMap>: null
				<DetailAlbedoMap>: DET_Concrete1_A
				<DetailNormalMap>: DET_Concrete1_N
		</Materials>
		<Children>: 0
	</Frame>
</Hierarchy>
