<Hierarchy>:
	<Frame>: 0 5 BrickHouse_IntWall_A
		<Transform>: 0 0 0 0 0 0 1 1 1 0 0 0 1  
		<TransformMatrix>: 1 0 0 0 0 1 0 0 0 0 1 0 0 0 0 1  
		<BoxCollider>: 2 -2 2.5 -4.61936E-07 4 5 0.2000017  
-2 2.5 -4.61936E-07 4.000017 5.000017 0.2000188  
		<Mesh>: 36 BrickHouse_IntWall_A
			<Bounds>: -2 2.5 -4.61936E-07 2 2.5 0.1000008
			<Positions>: 36 3.258413E-08 7.54979E-09 -0.09999999 3.258413E-08 5 -0.09999961 -3.258413E-08 -7.54979E-09 0.09999999 -3.258413E-08 5 0.1000004 -4 7.54989E-09 -0.1000013 -4 5 -0.1000009 -4 -7.549691E-09 0.09999868 -4 5 0.09999906 -3.258413E-08 0.2 0.1 -4 0.2 0.0999987 -4 0.2 -0.1000013 3.258413E-08 0.2 -0.09999997 -3.258413E-08 0.2 0.1 -4 0.2 0.0999987 -4 -7.549691E-09 0.09999868 -3.258413E-08 -7.54979E-09 0.09999999 -4 0.2 -0.1000013 3.258413E-08 0.2 -0.09999997 3.258413E-08 7.54979E-09 -0.09999999 -4 7.54989E-09 -0.1000013 3.258413E-08 7.54979E-09 -0.09999999 -3.258413E-08 -7.54979E-09 0.09999999 -4 -7.549691E-09 0.09999868 -4 7.54989E-09 -0.1000013 -3.258413E-08 5 0.1000004 3.258413E-08 5 -0.09999961 -4 5 0.09999906 -4 0.2 0.0999987 -3.258413E-08 0.2 0.1 -3.258413E-08 5 0.1000004 -4 5 -0.1000009 -4 5 0.09999906 3.258413E-08 5 -0.09999961 3.258413E-08 0.2 -0.09999997 -4 0.2 -0.1000013 -4 5 -0.1000009  
			<Colors>: 0  
			<TextureCoords0>: 36 0.8008023 0.1484826 0.8008022 0.4499342 0.8157643 0.1484826 0.8157642 0.4499342 0.8008022 0.4499342 0.8008022 0.4499342 0.8157642 0.4499342 0.8157642 0.4499342 0.8157643 0.1605407 0.8157643 0.4378762 0.8008022 0.4378762 0.8008024 0.1605406 0.8152911 0.4499855 0.8152911 0.7498821 0.801389 0.7498821 0.801389 0.4499855 0.8152911 0.7498821 0.8152911 0.4499855 0.801389 0.4499855 0.801389 0.7498821 0.8157643 0.208773 0.8008023 0.208773 0.8008022 0.4499342 0.8157642 0.4499342 0.8157643 0.208773 0.8008023 0.208773 0.8006758 0.0518195 0.8006758 0.3294031 0.6015217 0.3294031 0.6015217 0.0518195 0.8008022 0.1484826 0.8157642 0.1484826 0.6015217 0.0518195 0.6015217 0.3294031 0.8006758 0.3294031 0.8006758 0.0518195  
			<TextureCoords1>: 36 0.003906264 0.08027959 0.5551838 0.08027959 0.00390625 0.05822849 0.5551838 0.05822843 0.555184 0.9960938 0.4449284 0.05432218 0.555184 0.9740427 0.4449286 0.03227109 0.02595735 0.05822849 0.5331329 0.9740427 0.5331329 0.9960938 0.02595734 0.08027959 0.5331328 0.08418584 0.5331328 0.525208 0.5551839 0.525208 0.5551839 0.0841859 0.02595735 0.9701363 0.02595737 0.5291142 0.00390625 0.5291142 0.003906258 0.9701363 0.4449284 0.0283646 0.4449283 0.006313503 0.00390625 0.006313622 0.003906445 0.02836472 0.003906413 0.03227097 0.00390625 0.05432206 0.00390625 0.525208 0.5331328 0.525208 0.5331328 0.08418584 0.003906258 0.0841859 0.00390625 0.9960937 0.003906259 0.9740426 0.5551839 0.5291142 0.02595737 0.5291142 0.02595735 0.9701363 0.5551839 0.9701363  
			<Normals>: 36 0.7071068 -0.7071068 0 0.7071068 0.7071068 0 0.7071068 -0.7071068 0 0.7071068 0.7071068 0 -0.7071068 -0.7071068 0 -0.7071068 0.7071068 0 -0.7071068 -0.7071068 0 -0.7071068 0.7071068 0 1 0 0 -1 0 0 -1 0 0 1 0 0 0 0 1 0 0 1 0 0 1 0 0 1 0 0 -1 0 0 -1 0 0 -1 0 0 -1 0.7071068 -0.7071068 0 0.7071068 -0.7071068 0 -0.7071068 -0.7071068 0 -0.7071068 -0.7071068 0 0.7071068 0.7071068 0 0.7071068 0.7071068 0 0 0 1 0 0 1 0 0 1 0 0 1 -0.7071068 0.7071068 0 -0.7071068 0.7071068 0 0 0 -1 0 0 -1 0 0 -1 0 0 -1  
			<Tangents>: 36 -2.374265E-07 -2.374265E-07 1 -1.629207E-07 1.629207E-07 1 -1.473209E-06 -1.47321E-06 1 -9.739849E-08 9.739847E-08 1 7.450581E-08 -7.450582E-08 1 0 0 1 7.450581E-08 -7.450582E-08 1 0 0 1 0 -4.949096E-06 1 0 -5.960462E-09 1 0 -5.960472E-09 1 0 -4.72443E-06 1 0 1 0 0 1 0 0 1 0 0 1 0 0 1 0 0 1 0 0 1 0 0 1 0 1.95488E-07 1.95488E-07 -1 2.006696E-07 2.006696E-07 -1 -3.256734E-08 3.256735E-08 -1 -3.774895E-08 3.774895E-08 -1 0 0 1 0 0 1 -1 0 0 -1 0 0 -1 0 0 -1 0 0 0 0 1 0 0 1 -1 0 0 -1 0 0 -1 0 0 -1 0 0  
			<BiTangents>: 36 -0.7071068 -0.7071068 -3.357718E-07 0.7071068 -0.7071068 2.304046E-07 -0.7071068 -0.7071068 -2.083433E-06 0.7071068 -0.7071068 1.377422E-07 -0.7071068 0.7071068 1.053671E-07 0.7071068 0.7071068 0 -0.7071068 0.7071068 1.053671E-07 0.7071068 0.7071068 0 0 -1 -4.949096E-06 0 1 5.960462E-09 0 1 5.960472E-09 0 -1 -4.72443E-06 1 0 0 1 0 0 1 0 0 1 0 0 1 0 0 1 0 0 1 0 0 1 0 0 0.7071068 0.7071068 2.764618E-07 0.7071068 0.7071068 2.837897E-07 0.7071068 -0.7071068 -4.605718E-08 0.7071068 -0.7071068 -5.338508E-08 0.7071068 -0.7071068 0 0.7071068 -0.7071068 0 0 1 0 0 1 0 0 1 0 0 1 0 0.7071068 0.7071068 0 0.7071068 0.7071068 0 0 1 0 0 1 0 0 1 0 0 1 0  
			<SubMeshes>: 1
				<SubMesh>: 0 60 11 8 2 11 2 0 9 10 4 9 4 6 12 13 14 12 14 15 16 17 18 16 18 19 20 21 22 20 22 23 3 8 11 3 11 1 5 7 24 5 24 25 26 27 28 26 28 29 30 10 9 30 9 31 32 33 34 32 34 35  
		</Mesh>
		<Materials>: 1
			<Material>: 0
				<AlbedoColor>: 1 1 1 1
				<EmissiveColor>: 0 0 0 0
				<Glossiness>: 0
				<Metallic>: 0
				<SpecularHighlight>: 1
				<GlossyReflection>: 1
				<AlbedoMap>: BLD_BrickHouse1_A
				<MetallicMap>: BLD_BrickHouse1_MS
				<NormalMap>: BLD_BrickHouse1_N
				<EmissionMap>: null
				<DetailAlbedoMap>: DET_Concrete1_A
				<DetailNormalMap>: DET_Concrete1_N
		</Materials>
		<Children>: 0
	</Frame>
</Hierarchy>
