<Hierarchy>:
	<Frame>: 0 5 BrickHouse_IntWall_C
		<Transform>: 0 0 0 0 0 0 1 1 1 0 0 0 1  
		<TransformMatrix>: 1 0 0 0 0 1 0 0 0 0 1 0 0 0 0 1  
		<BoxCollider>: 3 -0.4600637 2.5 3.874302E-07 0.9201436 5.000017 0.3000167  
-3.068241 2.5 3.874302E-07 0.8635335 5.000017 0.3000167  
-1.75 4.320289 3.874302E-07 3.500016 1.359438 0.3000167  
		<Mesh>: 180 BrickHouse_IntWall_C
			<Bounds>: -1.75 2.5 3.948808E-07 1.75 2.5 0.1500002
			<Positions>: 180 -2.66948 -2.563E-07 0.1500001 -2.658551 -2.549961E-07 0.1390626 -2.658551 -2.21841E-07 -0.1390624 -2.66948 -2.205372E-07 -0.1499999 -0.9430314 -2.549961E-07 0.1390626 -0.9320854 -2.563E-07 0.1500001 -0.9320854 -2.205372E-07 -0.1499999 -0.9430314 -2.21841E-07 -0.1390624 -0.9430314 3.627572 0.1390631 -0.9320854 3.638517 0.1500006 -2.669633 3.638518 0.1500002 -2.658704 3.627572 0.1390627 -0.9320854 3.638518 -0.1499993 -0.9430314 3.627572 -0.1390618 -2.658704 3.627572 -0.1390623 -2.669633 3.638518 -0.1499998 -2.758551 -2.550536E-07 0.1395447 -2.748103 -2.563E-07 0.1500001 -2.748103 3.717108 0.1500004 -2.758551 3.727572 0.139545 -2.748103 -2.205372E-07 -0.1499999 -2.758551 -2.217836E-07 -0.1395444 -2.758551 3.727572 -0.1395441 -2.748103 3.717108 -0.1499996 -0.8534949 -2.563E-07 0.1500001 -0.8430314 -2.550536E-07 0.1395447 -0.8430314 -2.217836E-07 -0.1395444 -0.8534949 -2.205372E-07 -0.1499999 -0.8430314 3.727571 0.1395452 -0.8534949 3.717108 0.1500006 -0.8534949 3.717108 -0.1499993 -0.8430314 3.727571 -0.1395439 3.258413E-08 7.54979E-09 -0.09999999 3.258413E-08 5 -0.09999961 -3.258413E-08 -7.54979E-09 0.09999999 -3.258413E-08 5 0.1000004 -3.5 7.54989E-09 -0.1000013 -3.5 5 -0.1000009 -3.5 -7.549691E-09 0.09999868 -3.5 5 0.09999906 -3.258413E-08 0.2 0.1 -3.5 0.2 0.0999987 -3.5 0.2 -0.1000013 3.258413E-08 0.2 -0.09999997 -0.838822 3.70709 -0.09999996 -2.75901 3.70709 -0.1000007 -3.5 3.70709 -0.100001 -3.5 3.70709 0.09999899 -3.258413E-08 3.70709 0.1000003 3.258413E-08 3.70709 -0.09999968 -0.838822 5 0.1000001 -2.75901 5 0.09999934 -0.838822 -7.549771E-09 0.09999971 -2.75901 -7.549712E-09 0.09999896 -2.75901 5 -0.1000006 -0.838822 5 -0.09999988 -2.75901 7.549867E-09 -0.100001 -0.838822 7.54981E-09 -0.1000003 -0.838822 0.2 -0.1000002 -2.75901 0.2 -0.100001 -2.75901 0.2 0.09999897 -0.838822 0.2 0.09999973 -0.838822 3.70709 0.1 -2.75901 3.70709 0.09999926 -2.658551 -2.240655E-07 -0.120402 -2.658704 3.627572 -0.1204019 -0.9430314 3.627572 -0.1204014 -0.9430314 -2.240655E-07 -0.120402 -0.9430314 3.627572 0.1325082 -2.658551 -2.542147E-07 0.1325076 -2.658704 3.627572 0.1325077 -0.9430314 -2.542147E-07 0.1325076 -2.758551 -2.217836E-07 -0.1395444 -2.758551 -2.550536E-07 0.1395447 -0.9320854 -2.205372E-07 -0.1499999 -0.8534949 -2.205372E-07 -0.1499999 -0.9430314 -2.542147E-07 0.1325076 -0.9430314 -2.549961E-07 0.1390626 -2.658551 -2.240655E-07 -0.120402 -2.658551 -2.21841E-07 -0.1390624 -0.9320854 -2.563E-07 0.1500001 -0.8534949 -2.563E-07 0.1500001 -2.669633 3.638518 -0.1499998 -2.66948 -2.205372E-07 -0.1499999 -2.748103 -2.205372E-07 -0.1499999 -2.748103 3.717108 -0.1499996 -0.8430314 -2.550536E-07 0.1395447 -0.8430314 -2.217836E-07 -0.1395444 -0.9430314 3.627572 0.1325082 -0.9430314 3.627572 0.1390631 -2.658704 3.627572 -0.1390623 -2.658704 3.627572 0.1390627 -0.9430314 3.627572 0.1390631 -2.66948 -2.563E-07 0.1500001 -2.658551 -2.549961E-07 0.1390626 -2.658704 3.627572 0.1390627 -2.669633 3.638518 0.1500002 -2.658704 3.627572 -0.1390623 -2.658551 -2.21841E-07 -0.1390624 -0.9430314 3.627572 -0.1390618 -0.9320854 3.638518 -0.1499993 -0.9320854 -2.205372E-07 -0.1499999 -0.9430314 -2.21841E-07 -0.1390624 -0.9320854 3.638517 0.1500006 -0.9320854 -2.563E-07 0.1500001 -2.758551 3.727572 0.139545 -0.8430314 3.727571 0.1395452 -0.8430314 3.727571 -0.1395439 -2.758551 3.727572 -0.1395441 -2.748103 3.717108 -0.1499996 -2.748103 -2.205372E-07 -0.1499999 -2.748103 3.717108 0.1500004 -2.748103 3.717108 0.1500004 -2.758551 -2.550536E-07 0.1395447 -2.748103 -2.563E-07 0.1500001 -0.8534949 -2.563E-07 0.1500001 -0.8430314 3.727571 0.1395452 -0.8534949 3.717108 -0.1499993 -0.8430314 3.727571 -0.1395439 -0.8430314 -2.217836E-07 -0.1395444 -0.8534949 -2.205372E-07 -0.1499999 -0.8534949 3.717108 0.1500006 -2.758551 3.727572 0.139545 -2.748103 3.717108 -0.1499996 -2.758551 3.727572 -0.1395441 -0.8430314 3.727571 -0.1395439 -0.8534949 3.717108 -0.1499993 -2.66948 -2.563E-07 0.1500001 -2.669633 3.638518 0.1500002 -3.5 -7.549691E-09 0.09999868 -3.5 7.54989E-09 -0.1000013 -3.5 0.2 -0.1000013 -2.75901 7.549867E-09 -0.100001 -3.5 7.54989E-09 -0.1000013 -3.258413E-08 0.2 0.1 -3.258413E-08 -7.54979E-09 0.09999999 3.258413E-08 7.54979E-09 -0.09999999 -3.258413E-08 -7.54979E-09 0.09999999 -0.838822 -7.549771E-09 0.09999971 -3.5 0.2 0.0999987 3.258413E-08 3.70709 -0.09999968 3.258413E-08 0.2 -0.09999997 -3.5 3.70709 0.09999899 -0.838822 0.2 -0.1000002 3.258413E-08 0.2 -0.09999997 3.258413E-08 7.54979E-09 -0.09999999 -0.838822 7.54981E-09 -0.1000003 -0.838822 0.2 0.09999973 -3.258413E-08 0.2 0.1 -3.258413E-08 3.70709 0.1000003 -2.75901 0.2 0.09999897 -3.5 0.2 0.0999987 -3.5 -7.549691E-09 0.09999868 -2.75901 -7.549712E-09 0.09999896 -0.838822 5 0.1000001 -2.75901 0.2 -0.100001 -3.5 0.2 -0.1000013 -3.5 3.70709 -0.100001 -2.75901 5 0.09999934 -2.75901 5 -0.1000006 -0.838822 5 -0.09999988 -3.5 5 -0.1000009 -3.258413E-08 5 0.1000004 -3.5 5 -0.1000009 -3.5 5 0.09999906 3.258413E-08 5 -0.09999961 -3.5 5 0.09999906 -3.258413E-08 5 0.1000004 3.258413E-08 5 -0.09999961 -2.658704 3.627572 -0.1390623 -0.9430314 3.627572 -0.1390618 -2.658704 3.627572 -0.1204019 -2.658704 3.627572 0.1325077 -2.658551 -2.542147E-07 0.1325076 -0.9430314 -2.240655E-07 -0.120402 -0.9430314 3.627572 -0.1204014 -0.8534949 3.717108 -0.1499993 -0.9320854 3.638518 -0.1499993 -0.9320854 3.638517 0.1500006 -0.8534949 3.717108 0.1500006  
			<Colors>: 0  
			<TextureCoords0>: 180 0.3249476 0.891333 0.3264225 0.8928067 0.3639257 0.8928067 0.3654006 0.891333 0.3264225 0.8928161 0.3249476 0.8942921 0.204877 0.9216474 0.3639257 0.8928161 0.4025465 0.9074119 0.4025465 0.9054549 0.5011285 0.9054549 0.5011285 0.9074119 0.4025465 0.9216474 0.4025465 0.9197279 0.4025465 0.919728 0.5011285 0.9216474 0.3263575 0.8793224 0.3249476 0.8807311 0.5011285 0.8948813 0.4025465 0.8929885 0.3654006 0.8807312 0.3639907 0.8793224 0.4025466 0.8800402 0.5011285 0.9319512 0.3249476 0.9048895 0.3263575 0.9063004 0.3639907 0.9063004 0.204877 0.9319512 0.4025465 0.8929885 0.4025465 0.8948813 0.4025465 0.9319512 0.4025465 0.8800402 0.8008023 0.1484826 0.8008023 0.208773 0.8157643 0.1484826 0.8157643 0.208773 0.8008022 0.4499342 0.8008022 0.4499342 0.8157642 0.4499342 0.8157642 0.4499342 0.8157643 0.1605407 0.8157643 0.4378762 0.8008022 0.4378762 0.8008024 0.1605406 0.6434958 0.1166168 0.7587018 0.1166169 0.8008022 0.2160369 0.8006758 0.1166169 0.8157643 0.38238 0.8008022 0.38238 0.8157643 0.2596005 0.7587018 0.05181944 0.801389 0.5131922 0.8008022 0.3991067 0.8008022 0.3991067 0.8008023 0.2596005 0.8157643 0.3991067 0.8157643 0.2596005 0.6434958 0.3294031 0.8152911 0.6866754 0.7587018 0.3294031 0.8152911 0.5131922 0.6434958 0.1166169 0.7587017 0.1166169 0.3614095 0.8928067 0.4025465 0.9189017 0.4025465 0.9189016 0.3614095 0.8928161 0.4025465 0.9077022 0.3273063 0.8928067 0.5011285 0.9077022 0.3273063 0.8928161 0.204877 0.8800402 0.204877 0.8929885 0.3654006 0.8942921 0.3654006 0.9048895 0.204877 0.9077023 0.204877 0.907412 0.204877 0.9189016 0.204877 0.919728 0.204877 0.905455 0.204877 0.8948813 0.4025465 0.9216474 0.204877 0.9216452 0.204877 0.9319533 0.4025465 0.9319512 0.204877 0.8929885 0.204877 0.8800402 0.4025465 0.9077022 0.4025466 0.9074119 0.5011285 0.9197279 0.5011285 0.9074119 0.4025466 0.9074119 0.204877 0.9054573 0.204877 0.907412 0.4025466 0.907412 0.4025466 0.9054549 0.4025465 0.919728 0.204877 0.919728 0.4025466 0.9197279 0.4025465 0.9216474 0.204877 0.9216474 0.204877 0.9197279 0.4025465 0.9054549 0.204877 0.905455 0.5011285 0.8929885 0.4025465 0.8929885 0.4025465 0.8800402 0.5011285 0.8800402 0.4020163 0.8795552 0.204877 0.8795552 0.4025465 0.8948813 0.4025465 0.8948813 0.204877 0.8929885 0.204877 0.8948792 0.204877 0.8948813 0.4025465 0.8929885 0.4025465 0.9319512 0.4025465 0.933323 0.204877 0.933323 0.204877 0.9319512 0.4025465 0.8948813 0.5011285 0.8929885 0.5011285 0.9319512 0.5011285 0.933323 0.4025465 0.933323 0.4025465 0.9319512 0.204877 0.9054573 0.4025466 0.9054549 0.8008022 0.4499342 0.8157642 0.4499342 0.8152911 0.7498821 0.8013891 0.6866754 0.801389 0.7498821 0.8152911 0.4499855 0.801389 0.4499855 0.8157643 0.208773 0.8008023 0.208773 0.8008023 0.2596005 0.8006758 0.3294031 0.6015217 0.1166168 0.6015217 0.3294031 0.8157643 0.2160368 0.8152911 0.5131922 0.8152911 0.4499855 0.801389 0.4499855 0.801389 0.5131922 0.6434958 0.3294031 0.6015217 0.3294031 0.6015217 0.1166168 0.8152911 0.6866754 0.8152911 0.7498821 0.801389 0.7498821 0.801389 0.6866754 0.6434958 0.0518195 0.7587018 0.3294031 0.8006758 0.3294031 0.8006759 0.1166168 0.8157643 0.3991067 0.7587018 0.0518195 0.6434958 0.0518195 0.8006758 0.0518195 0.6015217 0.0518195 0.8008022 0.1484826 0.8157642 0.1484826 0.6015217 0.0518195 0.8006758 0.0518195 0.8157642 0.4499342 0.8008022 0.4499342 0.5011285 0.9197279 0.4025465 0.9197279 0.5011285 0.9189016 0.4025466 0.9077023 0.204877 0.9077023 0.204877 0.9189016 0.4025465 0.9189016 0.4025465 0.9319512 0.4025465 0.9216474 0.4025465 0.9054549 0.4025465 0.8948813  
			<TextureCoords1>: 180 0.565723 0.6162729 0.5669434 0.6150534 0.5979772 0.6150534 0.5991976 0.6162729 0.6043243 0.6262116 0.6031038 0.6249902 0.5657229 0.3470544 0.635358 0.6262116 0.5669444 0.6685097 0.5759083 0.7922795 0.5761314 0.9861599 0.00390625 0.05915624 0.9728596 0.3470544 0.9711221 0.348283 0.9704949 0.6628768 0.9728251 0.5424304 0.5668896 0.6262116 0.5657229 0.6250458 0.5673721 0.9949261 0.5657229 0.7451745 0.5991976 0.6250458 0.5980309 0.6262116 0.565729 0.7763158 0.9816514 0.550258 0.6031038 0.616221 0.6042705 0.6150534 0.6354118 0.6150534 0.5657229 0.3382605 0.981653 0.7068269 0.5671288 0.7835202 0.9816536 0.3382605 0.981653 0.7379683 0.003906259 0.1809841 0.00390625 0.1547613 0.00390625 0.1586677 0.003906253 0.1324449 0.5618166 0.2072068 0.3944435 0.1547614 0.5618166 0.1848904 0.3944435 0.132445 0.02622265 0.1586677 0.5395002 0.1848904 0.5395002 0.2072068 0.02622265 0.1809841 0.4175511 0.6991541 0.4175511 0.9134125 0.1481718 0.2072068 0.1481718 0.6016502 0.4175508 0.1586677 0.4175508 0.1809841 0.09750371 0.1324449 0.003906285 0.5189691 0.5618167 0.3047105 0.0865874 0.006710827 0.3117623 0.1547614 0.09750371 0.1547613 0.08658747 0.02902722 0.003906325 0.05524993 0.02622262 0.699154 0.02622275 0.9134126 0.5395002 0.5189692 0.5395003 0.3047106 0.1481718 0.3047106 0.1481719 0.5189691 0.595895 0.6150534 0.9704949 0.6607947 0.1953445 0.08810782 0.6332759 0.6262116 0.5669444 0.6692412 0.5676748 0.6150534 0.00390625 0.05988771 0.6050557 0.6262116 0.9816592 0.7762356 0.9816532 0.7450942 0.6365784 0.6249902 0.6365784 0.616221 0.9717163 0.6692412 0.9717163 0.6685098 0.5657229 0.6607947 0.5657229 0.6628768 0.9818928 0.7918233 0.9818829 0.7830542 0.9728251 0.5424304 0.5666255 0.5933387 0.5676625 0.6016504 0.9816514 0.550258 0.565723 0.7068269 0.565723 0.7379683 0.1953445 0.05988765 0.1953445 0.05915618 0.9710868 0.5408962 0.5778567 0.9849384 0.5776363 0.7934989 0.565723 0.6301179 0.565723 0.6318431 0.9704949 0.6318431 0.9717163 0.6301179 0.9710868 0.5408962 0.5664205 0.5917017 0.5669444 0.6995435 0.5657229 0.7012701 0.971716 0.7012702 0.9717163 0.6995435 0.565723 0.6667831 0.9717166 0.6667832 0.2176439 0.09574682 0.003906258 0.09574676 0.00390625 0.1268881 0.2176439 0.1268881 0.5668969 0.7779648 0.9816592 0.7778848 0.5668902 0.743525 0.5673721 0.9949261 0.9821427 0.9960938 0.9821411 0.9944445 0.5657229 0.7051764 0.5659595 0.7818711 0.9804854 0.7396188 0.981653 0.7379683 0.565723 0.7379683 0.565723 0.7396188 0.005073792 0.09409624 0.5657229 0.9960938 0.2164781 0.1285386 0.2176439 0.1268881 0.00390625 0.1268881 0.005073799 0.1285385 0.9821309 0.9856713 0.5761314 0.9861599 0.00390625 0.006710827 0.003906317 0.02902728 0.02622275 0.9960938 0.003906384 0.9134126 0.003906375 0.9960938 0.5395003 0.2111131 0.5618166 0.2111131 0.09750376 0.05524993 0.09750368 0.03293353 0.00390625 0.03293353 0.5395002 0.6016503 0.4175511 0.6055566 0.02622265 0.6055566 0.1481719 0.1848904 0.02622262 0.699154 0.02622265 0.6055566 0.003906354 0.6055566 0.00390625 0.699154 0.5395003 0.3047106 0.5395003 0.2111131 0.1481718 0.2111131 0.5395002 0.5189692 0.5395002 0.6016503 0.5618166 0.6016504 0.5618166 0.5189692 0.003906252 0.3047106 0.02622275 0.9134126 0.02622275 0.9960938 0.4175511 0.9960937 0.3117623 0.132445 0.5618167 0.9134125 0.5618166 0.6991541 0.5618167 0.9960936 0.003906303 0.2111131 0.00390625 0.2072068 0.003906252 0.1848904 0.5618167 0.6055566 0.00390625 0.6016501 0.5618164 0.1586677 0.5618164 0.1809841 0.003906269 0.09018999 0.1953445 0.09018999 0.00390627 0.08810782 0.9704949 0.6325746 0.565723 0.6325746 0.9717163 0.6974614 0.5669444 0.6974614 0.9816536 0.3382605 0.9728596 0.3470544 0.5759083 0.7922795 0.5671288 0.7835202  
			<Normals>: 180 0 -1 0 0 -1 0 0 -1 0 0 -1 0 0 -1 0 0 -1 0 -0.3824929 0 -0.9239585 0 -1 0 -0.8957418 0 0.4445748 -0.217357 0 0.9760922 0 -0.2175089 0.9760584 0 -0.895772 0.4445136 -0.2173279 0 -0.9760986 0 -0.8957418 -0.4445748 0.8959419 3.051885E-05 -0.4441714 0 -0.2175089 -0.9760584 0 -1 0 0 -1 0 0 0.5522398 0.8336853 -0.9577111 0 0.2877314 0 -1 0 0 -1 0 -0.9577111 0 -0.2877314 0 0.5522398 -0.8336853 0 -1 0 0 -1 0 0 -1 0 0.3824929 0 -0.9239585 0.9576085 0 0.288073 0.5524021 0 0.8335778 0.5524021 0 -0.8335778 0.9576085 0 -0.288073 0.7071068 -0.7071068 0 0.7071068 0.7071068 0 0.7071068 -0.7071068 0 0.7071068 0.7071068 0 -0.7071068 -0.7071068 0 -0.7071068 0.7071068 0 -0.7071068 -0.7071068 0 -0.7071068 0.7071068 0 1 0 0 -1 0 0 -1 0 0 1 0 0 0 0 -1 0 0 -1 -1 0 0 0 0 1 1 0 0 1 0 0 0 1 0 0 0 1 0 0 1 0 -1 0 0 1 0 0 1 0 0 -1 0 0 -1 0 0 0 -1 0 0 -1 0 0 1 0 0 1 0 0 1 0 0 1 0 -1 0 1 3.051851E-05 0 0 -1 0 0 -1 0 -1 0 0 0 -1 0 0 -1 0 0 -1 0 -0.9239585 0 -0.3824929 -0.9239585 0 0.3824929 0 -1 0 0 -1 0 -1 0 0 -0.9238067 0 0.3828594 1 3.051851E-05 0 0.9239585 3.051886E-05 -0.3824929 -0.3824929 0 0.9239585 0.3824929 0 0.9239585 0.2174152 0 -0.9760793 0.3828594 0 -0.9238067 -0.3828594 0 -0.9238067 -0.553044 0 -0.8331521 0.9238067 0 0.3828594 0.9238067 0 -0.3828594 0 -1 0 0 -0.8957418 0.4445748 0 -0.895772 -0.4445136 0 -0.895772 0.4445136 0 -0.8957418 0.4445748 0.3828594 0 0.9238067 0.9239585 3.051886E-05 0.3824929 0.8959419 3.051885E-05 0.4441714 0.2174152 0 0.9760793 0.8959419 3.051885E-05 -0.4441714 0.9239585 3.051886E-05 -0.3824929 -0.8957418 0 -0.4445748 -0.2173279 0 -0.9760986 -0.3824929 0 -0.9239585 -0.9238067 0 -0.3828594 -0.217357 0 0.9760922 -0.3824929 0 0.9239585 0 0.9575639 0.2882214 0 0.9576085 0.288073 0 0.9576085 -0.288073 0 0.9575639 -0.2882214 -0.553044 0 -0.8331521 -0.3828594 0 -0.9238067 -0.553044 0 0.8331521 -0.553044 0 0.8331521 -0.9239585 0 0.3824929 -0.3828594 0 0.9238067 0.3824929 0 0.9239585 0.9576085 0 0.288073 0.5524021 0 -0.8335778 0.9576085 0 -0.288073 0.9238067 0 -0.3828594 0.3824929 0 -0.9239585 0 0.5524021 0.8335778 0 0.9575639 0.2882214 0 0.5522398 -0.8336853 0 0.9575639 -0.2882214 0 0.9576085 -0.288073 0 0.5524021 -0.8335778 0.3828594 0 0.9238067 0.2174152 0 0.9760793 -0.7071068 -0.7071068 0 -0.7071068 -0.7071068 0 0 0 -1 0 0 -1 0 0 -1 0 0 1 0 0 1 0.7071068 -0.7071068 0 0.7071068 -0.7071068 0 0 -1 0 0 0 1 0 0 -1 0 0 -1 -1 0 0 0 0 -1 0 0 -1 0 0 -1 0 0 -1 0 0 1 0 0 1 0 0 1 0 0 1 0 0 1 0 0 1 0 0 1 0 0 1 0 0 -1 0 0 -1 0 0 -1 0 1 0 0 0 -1 0 0 -1 0 0 -1 0 0 1 -0.7071068 0.7071068 0 -0.7071068 0.7071068 0 0 0 -1 0 0 1 0.7071068 0.7071068 0 0.7071068 0.7071068 0 0 -0.895772 -0.4445136 0 -0.8957418 -0.4445748 0 -1 0 1 3.051851E-05 0 1 3.051851E-05 0 -1 0 0 -1 0 0 0 0.5524021 -0.8335778 0 -0.2173279 -0.9760986 0 -0.2173279 0.9760986 0 0.5524021 0.8335778  
			<Tangents>: 180 2.728458E-06 0 -1 -3.043701E-06 0 -1 -1.953951E-07 0 -1 7.999958E-06 0 -1 -8.044357E-07 0 -1 -1.520144E-06 0 -1 -6.51312E-08 1 2.696248E-08 2.670962E-08 0 -1 3.664051E-08 1 7.382432E-08 1.701219E-08 1 3.788294E-09 -1 1.667849E-07 3.716706E-08 -1 -2.003563E-07 -4.037528E-07 -1.726367E-08 1 3.843767E-09 -1 1.803597E-07 -3.633939E-07 -3.559114E-05 1 -3.081564E-06 -1 1.54374E-07 -3.440131E-08 -1.715918E-07 0 -1 -1.6832E-05 0 -1 -1 2.18196E-07 -1.445348E-07 1.080574E-08 1 3.596679E-08 1.402313E-05 0 -1 -1.929821E-07 0 -1 -1.105529E-08 1 3.679741E-08 -1 -4.20662E-08 -2.786499E-08 5.147081E-06 0 -1 6.632373E-08 0 -1 -8.018581E-08 0 -1 3.936784E-08 1 1.629717E-08 -4.179952E-08 1 1.389494E-07 -7.94649E-08 1 5.266044E-08 8.000962E-08 1 5.302142E-08 4.190523E-08 1 1.393008E-07 -2.374265E-07 -2.374265E-07 1 -2.980233E-07 2.980233E-07 1 -1.473209E-06 -1.47321E-06 1 -2.536157E-07 2.536157E-07 1 7.450581E-08 -7.450582E-08 1 0 0 1 7.450581E-08 -7.450582E-08 1 0 0 1 0 -4.731117E-06 1 0 -1.697378E-07 1 0 -7.681975E-09 1 0 -4.441643E-06 1 -1 9.124623E-08 0 -1 -5.238073E-07 0 0 -4.812156E-06 1 -1 0 0 0 -1.309778E-07 1 0 0 1 0 0 1 -1 -2.535841E-08 0 1.682878E-06 1 0 0 0 -1 0 0 1 -2.371753E-08 0 1 0 0 -1 0 0 -1 -1 0 0 1.746906E-06 1 0 -1 0 0 1.977546E-06 1 0 -1 6.671251E-07 0 -1 -7.496348E-08 0 1.402798E-07 0 -1 -3.051851E-05 1 2.067135E-07 -1 0 -2.846221E-07 0 0 -1 0 1 5.404923E-08 1.827665E-08 0 -1 -1 0 -6.677293E-07 0 0 -1 -3.108082E-08 1 7.507954E-08 3.021926E-08 1 7.299833E-08 2.597022E-06 0 -1 -4.009506E-06 0 -1 0 1 1.021489E-07 3.42271E-08 1 8.258701E-08 -3.051851E-05 1 7.873702E-08 -3.42889E-05 1 -3.039704E-06 1.457206E-08 1 6.032413E-09 -9.214278E-08 1 3.814451E-08 -6.825261E-06 1 -1.520282E-06 -3.184535E-05 1 -1.319788E-05 -3.151449E-05 1 1.306077E-05 -2.98078E-06 1 1.978634E-06 -5.089991E-08 1 1.228171E-07 5.103444E-08 1 1.231417E-07 -1 0 -3.234665E-07 -1 -2.393267E-07 -4.822021E-07 -1 1.152639E-07 -2.322767E-07 -1 -1.265991E-07 -2.551193E-07 -1 -1.054361E-07 -2.124355E-07 -3.601929E-05 1 1.492772E-05 -3.438567E-05 1 3.273449E-06 -3.377075E-05 1 -5.903493E-07 -3.606675E-05 1 8.033629E-06 -3.562562E-05 1 -3.151112E-06 -3.25769E-05 1 1.095845E-06 -5.071112E-08 1 1.021742E-07 -1.854334E-08 1 4.128683E-09 -3.957773E-08 1 1.638406E-08 -4.472518E-08 1 1.07918E-07 -7.895444E-09 1 -1.758159E-09 1.208545E-08 1 5.00303E-09 -1 5.503091E-08 -1.828304E-07 -1 5.499357E-08 -1.828089E-07 -1 -1.367754E-08 -4.546669E-08 -1 -1.367237E-08 -4.542388E-08 -3.509558E-08 1 2.329635E-08 -3.109501E-08 1 1.288691E-08 2.40938E-08 1 1.59934E-08 -2.535703E-05 1 -1.683193E-05 -1.567934E-06 1 -3.787538E-06 -3.663529E-06 1 -1.518301E-06 -5.085954E-08 1 2.105441E-08 -4.489109E-08 1 1.492264E-07 6.991348E-08 1 4.633083E-08 4.190523E-08 1 1.393008E-07 4.483955E-08 1 1.081939E-07 3.396905E-08 1 1.406222E-08 -1 2.302853E-07 -1.526073E-07 -1 5.217867E-08 -1.733544E-07 -1 1.153809E-07 7.642927E-08 -1 -1.367237E-08 -4.542388E-08 -1 -2.848943E-08 -9.470419E-08 -1 2.225151E-08 1.474582E-08 -4.068786E-06 1 1.686255E-06 -3.570774E-05 1 7.953662E-06 -3.774895E-08 3.774896E-08 -1 -3.774895E-08 3.774896E-08 -1 2.931826E-07 1 0 1.453721E-06 1 0 0 1 0 2.946682E-07 1 0 0 1 0 1.763933E-07 1.763933E-07 -1 2.006696E-07 2.006696E-07 -1 4.855261E-08 0 -1 -1 0 0 -1 0 0 -1 0 0 0 -4.813046E-06 1 0 1 0 0 1 0 0 1 0 0 1 0 -1 0 0 -1 1.750385E-07 0 -1 1.107471E-06 0 -1.453722E-06 1 0 0 1 0 -2.931836E-07 1 0 -1.746906E-06 1 0 -1 -3.254132E-08 0 -1 0 0 -1 -1.757424E-07 0 -1 -1.266832E-06 0 0 0 1 -1 1.407018E-07 0 -1 0 0 -1 0 0 -1 0 0 -2.786448E-07 -2.786448E-07 1 0 0 1 -1 0 0 -1 1.073256E-06 0 -1.629207E-07 1.629207E-07 1 -1.629207E-07 1.629207E-07 1 -1 1.658543E-07 -3.342252E-07 -1 2.046632E-07 -4.123613E-07 -1 0 -6.092088E-07 -3.051851E-05 1 2.000846E-07 -3.051851E-05 1 6.291621E-08 0 1 1.056052E-07 0 1 6.066878E-08 -1 2.225151E-08 1.474582E-08 -1 1.641024E-07 -3.653735E-08 -1 8.610667E-08 1.917157E-08 -1 2.205202E-07 -1.461361E-07  
			<BiTangents>: 180 -1 0 -2.728458E-06 -1 0 3.043701E-06 -1 0 1.953951E-07 -1 0 -7.999958E-06 -1 0 8.044357E-07 -1 0 1.520144E-06 -0.9239585 -7.049147E-08 0.3824929 -1 0 -2.670962E-08 0.4445748 -8.241697E-08 0.8957418 0.9760922 -1.742888E-08 0.217357 1.70876E-07 0.9760583 0.2175088 -4.507316E-07 0.4445136 0.8957721 -0.9760987 -1.768641E-08 0.2173279 -4.056905E-07 -0.4445748 0.8957418 0.4441714 1.856947E-05 0.8959419 -1.581606E-07 -0.9760583 0.2175088 -1 0 1.715918E-07 -1 0 1.6832E-05 2.617246E-07 0.8336853 -0.5522398 -0.2877315 3.755494E-08 -0.9577112 -1 0 -1.402313E-05 -1 0 1.929821E-07 0.2877315 3.842224E-08 -0.9577112 5.045813E-08 -0.8336853 -0.5522398 -1 0 -5.147081E-06 -1 0 -6.632373E-08 -1 0 8.018581E-08 -0.9239585 4.26078E-08 -0.3824929 0.288073 1.451005E-07 -0.9576085 0.8335778 9.532992E-08 -0.5524021 -0.8335778 9.598339E-08 -0.5524021 -0.288073 1.454674E-07 -0.9576085 -0.7071068 -0.7071068 -3.357718E-07 0.7071068 -0.7071068 4.214685E-07 -0.7071068 -0.7071068 -2.083433E-06 0.7071068 -0.7071068 3.586668E-07 -0.7071068 0.7071068 1.053671E-07 0.7071068 0.7071068 0 -0.7071068 0.7071068 1.053671E-07 0.7071068 0.7071068 0 0 -1 -4.731117E-06 0 1 1.697378E-07 0 1 7.681975E-09 0 -1 -4.441643E-06 9.124623E-08 1 0 -5.238073E-07 1 0 0 1 4.812156E-06 0 1 0 0 -1 -1.309778E-07 0 -1 0 1 0 0 -2.535841E-08 1 0 1 -1.682878E-06 0 1 0 0 1 0 0 1 0 2.371753E-08 1 0 0 1 0 0 0 1 0 1 -1.746906E-06 0 0 1 0 1 -1.977546E-06 0 6.671251E-07 1 0 -7.496348E-08 1 0 -1 0 -1.402798E-07 6.308588E-12 -2.067135E-07 1 -2.846221E-07 0 1 -1 0 0 0 -5.404923E-08 1 -1 0 -1.827665E-08 -6.677293E-07 0 1 -1 0 0 0.3824929 8.125857E-08 -0.9239585 -0.3824929 7.900607E-08 -0.9239585 -1 0 -2.597022E-06 -1 0 4.009506E-06 0 -1.021489E-07 1 0.3828594 -8.93986E-08 0.9238067 2.402937E-12 -7.873702E-08 1 0.3824929 1.592382E-05 0.9239585 0.9239585 -1.577133E-08 0.3824929 0.9239585 9.97261E-08 -0.3824929 0.9760792 6.992527E-06 0.2174151 0.9238067 3.447188E-05 0.3828594 0.9238067 3.411373E-05 -0.3828594 0.8331521 3.577715E-06 -0.553044 0.3828594 1.329467E-07 -0.9238067 -0.3828594 1.332981E-07 -0.9238067 -3.234665E-07 0 1 -5.383272E-07 0.4445748 0.8957418 -2.593034E-07 -0.4445136 0.8957721 -2.848038E-07 0.4445136 0.8957721 -2.371616E-07 0.4445748 0.8957418 -0.9238067 -3.899007E-05 0.3828594 -0.3824929 -1.61768E-05 0.9239585 -0.4441714 -1.447108E-05 0.8959419 -0.9760792 -3.695063E-05 0.2174151 0.4441714 1.864709E-05 0.8959419 0.3824929 1.144792E-05 0.9239585 -0.4445748 -1.140666E-07 0.8957418 -0.9760987 -1.899741E-08 0.2173279 -0.9239585 -4.283496E-08 0.3824929 -0.3828594 -1.168188E-07 0.9238067 0.9760922 8.088829E-09 0.217357 0.9239585 -1.308008E-08 0.3824929 1.909329E-07 0.2882213 -0.9575638 1.909015E-07 0.288073 -0.9576085 4.747942E-08 -0.288073 -0.9576085 4.743693E-08 -0.2882213 -0.9575638 0.8331521 4.212386E-08 -0.553044 0.9238067 3.365965E-08 -0.3828594 -0.8331521 2.891885E-08 -0.553044 -0.8331521 -3.043506E-05 -0.553044 -0.3824929 -4.099251E-06 -0.9239585 -0.9238067 -3.965688E-06 -0.3828594 0.9239585 5.504526E-08 -0.3824929 0.288073 1.558323E-07 -0.9576085 -0.8335778 8.387157E-08 -0.5524021 -0.288073 1.454674E-07 -0.9576085 -0.3828594 1.171175E-07 -0.9238067 -0.9239585 3.676469E-08 -0.3824929 2.762613E-07 0.8335778 -0.5524021 1.810369E-07 0.2882213 -0.9575638 -1.383987E-07 -0.8336853 -0.5522398 4.743693E-08 -0.2882213 -0.9575638 9.889657E-08 -0.288073 -0.9576085 -2.669399E-08 -0.8335778 -0.5524021 -0.9238067 -4.40437E-06 0.3828594 -0.9760792 -3.658283E-05 0.2174151 0.7071068 -0.7071068 -5.338508E-08 0.7071068 -0.7071068 -5.338508E-08 1 -2.931826E-07 0 1 -1.453721E-06 0 1 0 0 1 -2.946682E-07 0 1 0 0 0.7071068 0.7071068 2.494578E-07 0.7071068 0.7071068 2.837897E-07 1 0 4.855261E-08 0 1 0 0 1 0 0 1 0 0 1 4.813046E-06 1 0 0 1 0 0 1 0 0 1 0 0 0 1 0 1.750385E-07 1 0 1.107471E-06 1 0 1 1.453722E-06 0 1 0 0 1 2.931836E-07 0 1 1.746906E-06 0 -3.254132E-08 1 0 0 1 0 -1.757424E-07 1 0 -1.266832E-06 1 0 1 0 0 1.407018E-07 1 0 0 1 0 0 1 0 0 1 0 0.7071068 0.7071068 3.940632E-07 0.7071068 0.7071068 0 0 1 0 1.073256E-06 1 0 0.7071068 -0.7071068 2.304046E-07 0.7071068 -0.7071068 2.304046E-07 -3.731142E-07 -0.4445136 0.8957721 -4.603573E-07 -0.4445748 0.8957418 -6.092088E-07 0 1 6.106283E-12 -2.000846E-07 1 1.920109E-12 -6.291621E-08 1 0 -1.056052E-07 1 0 -6.066878E-08 1 -2.669399E-08 -0.8335778 -0.5524021 -1.681208E-07 -0.9760987 0.2173279 8.821513E-08 0.9760987 0.2173279 2.645466E-07 0.8335778 -0.5524021  
			<SubMeshes>: 1
				<SubMesh>: 0 378 21 20 3 3 2 21 2 16 21 2 64 16 64 69 16 69 1 16 1 0 16 0 17 16 22 72 73 22 73 19 30 27 6 30 6 12 7 74 75 75 26 7 26 25 7 25 67 7 25 71 67 25 4 71 25 5 4 25 24 5 23 176 177 23 177 15 68 76 77 68 77 8 65 78 79 65 79 14 9 80 81 9 81 29 82 83 84 82 84 85 28 86 87 28 87 31 10 178 179 10 179 18 70 88 89 70 89 11 90 15 177 90 177 13 10 91 92 10 92 178 93 94 95 93 95 96 82 97 98 82 98 83 99 100 101 99 101 102 103 8 77 103 77 104 105 106 107 105 107 108 22 109 110 22 110 72 111 19 73 112 113 114 115 86 28 81 116 29 117 118 119 117 119 120 121 106 105 179 122 18 123 124 125 123 125 126 112 114 127 112 127 128 43 40 34 43 34 32 41 42 36 41 36 38 56 53 129 56 129 130 131 59 132 131 132 133 134 61 52 134 52 135 136 137 138 136 138 57 48 40 43 48 43 49 47 139 60 47 60 63 140 141 58 140 58 44 46 42 41 46 41 142 143 144 145 143 145 146 55 50 35 55 35 33 62 147 148 62 148 149 150 151 152 150 152 153 154 51 63 154 63 62 45 155 156 45 156 157 55 54 158 55 158 50 37 39 158 37 158 54 159 160 44 159 44 45 159 45 157 159 157 161 154 62 149 154 149 162 163 46 142 163 142 164 165 140 44 165 44 160 166 47 63 166 63 51 167 48 49 167 49 168 169 170 66 169 66 171 172 173 78 172 78 65 99 102 174 99 174 175 95 94 173 95 173 172 171 66 88 171 88 70 175 174 76 175 76 68  
		</Mesh>
		<Materials>: 1
			<Material>: 0
				<AlbedoColor>: 1 1 1 1
				<EmissiveColor>: 0 0 0 0
				<Glossiness>: 0
				<Metallic>: 0
				<SpecularHighlight>: 1
				<GlossyReflection>: 1
				<AlbedoMap>: BLD_BrickHouse1_A
				<MetallicMap>: BLD_BrickHouse1_MS
				<NormalMap>: BLD_BrickHouse1_N
				<EmissionMap>: null
				<DetailAlbedoMap>: DET_Concrete1_A
				<DetailNormalMap>: DET_Concrete1_N
		</Materials>
		<Children>: 0
	</Frame>
</Hierarchy>
