<Hierarchy>:
	<Frame>: 0 5 BrickHouse_Deco_Handrail_A
		<Transform>: 0 0 0 0 0 0 1 1 1 0 0 0 1  
		<TransformMatrix>: 1 0 0 0 0 1 0 0 0 0 1 0 0 0 0 1  
		<Mesh>: 535 BrickHouse_Deco_Handrail_A
			<Bounds>: -0.004999999 -0.4854084 -0.9913133 0.095 0.5154084 0.9913129
			<Positions>: 535 -0.0341904 -1.000817 -1.576759 -0.02586674 -1.000817 -1.568435 0.03407776 -1.000817 -1.568435 0.0424014 -1.000817 -1.576759 -0.02586675 -1.000817 -1.645027 -0.0341904 -1.000817 -1.636703 0.04240139 -1.000817 -1.636703 0.03407775 -1.000817 -1.645027 0.04240135 -0.07194808 -1.636703 0.03407772 -0.07194807 -1.568435 -0.02586678 -0.07194807 -1.568435 -0.03419044 -0.07194808 -1.636703 0.03407772 -0.07194808 -1.645027 0.04240136 -0.07194807 -1.576759 -0.02586679 -0.07194808 -1.645027 -0.03419043 -0.07194807 -1.576759 -0.03419043 -0.1666003 -1.636703 0.03407772 -0.1666003 -1.568435 -0.02586678 -0.1666003 -1.568435 -0.02586678 -0.1666003 -1.645027 0.04240136 -0.1666003 -1.576759 -0.03419043 -0.1666003 -1.576759 0.03407772 -0.1666003 -1.645027 0.04240136 -0.1666003 -1.636703 -0.03419043 -0.1841674 -1.636703 -0.02586678 -0.1841679 -1.568435 0.04240136 -0.1841674 -1.636703 -0.03419043 -0.1841674 -1.576759 0.03407772 -0.1841674 -1.568435 0.04240136 -0.1841679 -1.576759 0.03407772 -0.1841674 -1.645027 -0.02586678 -0.1841674 -1.645027 0.03537586 -0.1751499 -1.582257 -0.02716492 -0.1751499 -1.631205 0.03537585 -0.1751499 -1.631205 -0.02716491 -0.1751499 -1.582257 0.02857926 -0.1751499 -1.575461 -0.0203682 -0.1751499 -1.575461 -0.02036821 -0.1751499 -1.638001 0.02857925 -0.1751499 -1.638001 0.03651807 -0.8442203 -1.632099 0.03651808 -0.8442198 -1.581364 0.02947317 -0.8442203 -1.574318 0.02947316 -0.8442198 -1.639144 -0.02126217 -0.8442203 -1.639144 -0.02126216 -0.8442203 -1.574318 -0.02830709 -0.8442203 -1.632099 -0.02830708 -0.8442203 -1.581364 0.03407774 -0.8377072 -1.645027 0.03407774 -0.8507329 -1.645027 0.04240138 -0.8507329 -1.636703 0.04240138 -0.8377072 -1.636703 -0.03419041 -0.8507329 -1.576759 -0.03419041 -0.8377072 -1.576759 -0.03419041 -0.8377072 -1.636703 -0.03419041 -0.8507333 -1.636703 0.03407775 -0.8507329 -1.568435 0.03407775 -0.8377072 -1.568435 -0.02586676 -0.8507329 -1.645027 -0.02586676 -0.8377072 -1.645027 -0.02586675 -0.8507329 -1.568435 -0.02586675 -0.8377072 -1.568435 0.04240139 -0.8507329 -1.576759 0.04240139 -0.8377072 -1.576759 -0.03419035 -1.000817 -0.9389996 -0.0258667 -1.000817 -0.9306762 0.0340778 -1.000817 -0.9306762 0.04240144 -1.000817 -0.9389996 -0.02586671 -1.000817 -1.007268 -0.03419036 -1.000817 -0.998944 0.04240144 -1.000817 -0.998944 0.0340778 -1.000817 -1.007268 0.0424014 -0.07194805 -0.998944 0.03407776 -0.07194804 -0.9306762 -0.02586674 -0.07194804 -0.9306762 -0.03419039 -0.07194805 -0.998944 0.03407776 -0.07194805 -1.007268 0.0424014 -0.07194805 -0.9389997 -0.02586675 -0.07194805 -1.007268 -0.03419039 -0.07194805 -0.9389997 -0.03419039 -0.1666002 -0.998944 0.03407777 -0.1666002 -0.9306762 -0.02586674 -0.1666002 -0.9306762 -0.02586674 -0.1666002 -1.007268 0.04240141 -0.1666002 -0.9389997 -0.03419039 -0.1666002 -0.9389997 0.03407776 -0.1666002 -1.007268 0.0424014 -0.1666002 -0.998944 -0.03419039 -0.1841674 -0.998944 -0.02586673 -0.1841679 -0.9306762 0.0424014 -0.1841674 -0.998944 -0.03419039 -0.1841674 -0.9389997 0.03407777 -0.1841674 -0.9306762 0.04240141 -0.1841679 -0.9389997 0.03407776 -0.1841674 -1.007268 -0.02586674 -0.1841674 -1.007268 0.0353759 -0.1751499 -0.9444983 -0.02716487 -0.1751499 -0.9934456 0.0353759 -0.1751499 -0.9934456 -0.02716487 -0.1751499 -0.9444983 0.0285793 -0.1751499 -0.9377017 -0.02036816 -0.1751499 -0.9377017 -0.02036816 -0.1751499 -1.000242 0.02857929 -0.1751499 -1.000242 0.03651812 -0.8442203 -0.9943396 0.03651812 -0.8442198 -0.9436042 0.02947321 -0.8442203 -0.9365594 0.0294732 -0.8442198 -1.001384 -0.02126212 -0.8442203 -1.001384 -0.02126212 -0.8442203 -0.9365594 -0.02830704 -0.8442203 -0.9943396 -0.02830704 -0.8442203 -0.9436042 0.03407779 -0.8377072 -1.007268 0.03407779 -0.8507329 -1.007268 0.04240143 -0.8507329 -0.998944 0.04240143 -0.8377072 -0.998944 -0.03419036 -0.8507329 -0.9389996 -0.03419036 -0.8377072 -0.9389996 -0.03419036 -0.8377072 -0.998944 -0.03419036 -0.8507333 -0.998944 0.03407779 -0.8507329 -0.9306762 0.03407779 -0.8377072 -0.9306762 -0.02586671 -0.8507329 -1.007268 -0.02586672 -0.8377072 -1.007268 -0.02586671 -0.8507329 -0.9306762 -0.02586671 -0.8377072 -0.9306762 0.04240143 -0.8507329 -0.9389996 0.04240143 -0.8377072 -0.9389996 -0.03419031 -1.000817 -0.3428777 -0.02586666 -1.000817 -0.334554 0.03407784 -1.000817 -0.334554 0.04240148 -1.000817 -0.3428777 -0.02586666 -1.000817 -0.4111458 -0.03419032 -1.000817 -0.4028221 0.04240148 -1.000817 -0.4028221 0.03407784 -1.000817 -0.4111458 0.04240144 -0.07194802 -0.4028221 0.0340778 -0.07194802 -0.3345541 -0.0258667 -0.07194802 -0.3345541 -0.03419035 -0.07194802 -0.4028221 0.0340778 -0.07194802 -0.4111458 0.04240144 -0.07194802 -0.3428777 -0.0258667 -0.07194802 -0.4111458 -0.03419035 -0.07194802 -0.3428777 -0.03419035 -0.1666002 -0.4028221 0.03407781 -0.1666002 -0.3345541 -0.02586669 -0.1666002 -0.3345541 -0.0258667 -0.1666002 -0.4111458 0.04240145 -0.1666002 -0.3428777 -0.03419035 -0.1666002 -0.3428777 0.0340778 -0.1666002 -0.4111458 0.04240144 -0.1666002 -0.4028221 -0.03419035 -0.1841674 -0.4028221 -0.02586669 -0.1841678 -0.3345541 0.04240144 -0.1841674 -0.4028221 -0.03419035 -0.1841674 -0.3428777 0.03407781 -0.1841674 -0.3345541 0.04240145 -0.1841678 -0.3428777 0.0340778 -0.1841674 -0.4111458 -0.0258667 -0.1841674 -0.4111458 0.03537594 -0.1751499 -0.3483762 -0.02716483 -0.1751499 -0.3973235 0.03537594 -0.1751499 -0.3973235 -0.02716483 -0.1751499 -0.3483762 0.02857934 -0.1751499 -0.3415793 -0.02036812 -0.1751499 -0.3415793 -0.02036812 -0.1751499 -0.4041201 0.02857934 -0.1751499 -0.4041201 0.03651816 -0.8442202 -0.3982175 0.03651816 -0.8442197 -0.3474821 0.02947325 -0.8442202 -0.3404373 0.02947325 -0.8442197 -0.4052626 -0.02126208 -0.8442202 -0.4052626 -0.02126208 -0.8442202 -0.3404373 -0.028307 -0.8442202 -0.3982175 -0.028307 -0.8442202 -0.3474821 0.03407783 -0.8377071 -0.4111458 0.03407783 -0.8507328 -0.4111458 0.04240147 -0.8507328 -0.4028221 0.04240147 -0.8377071 -0.4028221 -0.03419032 -0.8507328 -0.3428777 -0.03419032 -0.8377071 -0.3428777 -0.03419032 -0.8377071 -0.4028221 -0.03419032 -0.8507333 -0.4028221 0.03407783 -0.8507328 -0.334554 0.03407783 -0.8377071 -0.334554 -0.02586667 -0.8507328 -0.4111458 -0.02586667 -0.8377071 -0.4111458 -0.02586666 -0.8507328 -0.334554 -0.02586666 -0.8377071 -0.334554 0.04240147 -0.8507328 -0.3428777 0.04240147 -0.8377071 -0.3428777 -0.05418526 -0.09963031 -0.03973262 -0.05418526 0.0003695936 -0.03973262 0.04581469 -0.09963031 -0.03973262 0.04581469 0.000369598 -0.03973263 0.04581459 0.0003695446 -1.259733 0.04581459 -0.09963036 -1.259733 -0.05418536 0.0003695403 -1.259733 -0.05418536 -0.09963036 -1.259733 0.08491647 -1 -4.556886E-07 0.09 -1 -0.005083978 0.09 0.02999997 -0.005084022 0.08491647 0.02999997 -5.007114E-07 0.09 -1 -0.0549169 0.08491647 -1 -0.06000042 0.08491647 0.02999997 -0.06000047 0.09 0.02999997 -0.05491695 -0.09999999 -1 -0.005083976 -0.09491647 -1 -4.541998E-07 -0.09491647 0.02999997 -4.992225E-07 -0.09999999 0.02999997 -0.005084021 -0.09491647 -1 -0.06000042 -0.09999999 -1 -0.0549169 -0.09999999 0.02999997 -0.05491695 -0.09491647 0.02999997 -0.06000047 0.04581451 -0.0996304 -1.982626 -0.05418544 -0.0996304 -1.982626 0.04581451 0.000369513 -1.982626 -0.05418544 0.0003695087 -1.982626 -0.09999999 -1 -0.0549169 -0.09999999 -1 -0.005083976 -0.09999999 0.02999997 -0.05491695 -0.09999999 0.02999997 -0.005084021 -0.09491647 0.02999997 -4.992225E-07 -0.09491647 -1 -4.541998E-07 0.08491647 -1 -4.556886E-07 0.08491647 0.02999997 -5.007114E-07 0.08491647 0.02999997 -0.06000047 0.08491647 -1 -0.06000042 -0.09491647 -1 -0.06000042 -0.09491647 0.02999997 -0.06000047 0.04240136 -0.07194807 -1.576759 0.04240136 -0.1666003 -1.576759 0.04240136 -0.1666003 -1.576759 0.03407772 -0.1666003 -1.568435 0.02857926 -0.1751499 -1.575461 -0.03419043 -0.1666003 -1.576759 -0.03419043 -0.07194807 -1.576759 0.03537586 -0.1751499 -1.582257 0.03407772 -0.1666003 -1.645027 0.04240136 -0.1666003 -1.636703 0.03537585 -0.1751499 -1.631205 -0.03419043 -0.1841674 -1.576759 -0.02716491 -0.1751499 -1.582257 0.03407772 -0.07194808 -1.645027 0.03407772 -0.1666003 -1.645027 -0.02586678 -0.1666003 -1.645027 -0.02586679 -0.07194808 -1.645027 0.02857925 -0.1751499 -1.638001 -0.02586678 -0.1841674 -1.645027 -0.02036821 -0.1751499 -1.638001 0.03537586 -0.1751499 -1.582257 0.04240136 -0.1841679 -1.576759 0.02857925 -0.1751499 -1.638001 0.03537585 -0.1751499 -1.631205 0.04240136 -0.1841674 -1.636703 0.03407772 -0.1841674 -1.645027 0.03407775 -0.8507329 -1.568435 0.03407776 -1.000817 -1.568435 -0.03419041 -0.8507333 -1.636703 -0.02586675 -1.000817 -1.645027 0.03407774 -0.8377072 -1.645027 0.02947316 -0.8442198 -1.639144 -0.02126216 -0.8442203 -1.574318 -0.02830709 -0.8442203 -1.632099 -0.03419041 -0.8377072 -1.636703 -0.02586676 -0.8377072 -1.645027 -0.02126217 -0.8442203 -1.639144 0.02947317 -0.8442203 -1.574318 0.03651808 -0.8442198 -1.581364 0.04240139 -0.8507329 -1.576759 0.03651807 -0.8442203 -1.632099 0.03651807 -0.8442203 -1.632099 0.04240138 -0.8507329 -1.636703 0.03407774 -0.8507329 -1.645027 0.02947316 -0.8442198 -1.639144 0.0424014 -1.000817 -1.576759 0.04240138 -0.8377072 -1.636703 0.04240139 -0.8377072 -1.576759 -0.02830709 -0.8442203 -1.632099 -0.02586675 -0.8377072 -1.568435 0.03407775 -0.8377072 -1.568435 -0.02830708 -0.8442203 -1.581364 -0.03419041 -0.8507329 -1.576759 0.03407774 -0.8507329 -1.645027 0.04240139 -1.000817 -1.636703 0.04240139 -0.8377072 -1.576759 -0.02586678 -0.1841679 -1.568435 -0.02586676 -0.8377072 -1.645027 0.04240136 -0.1841674 -1.636703 0.04240138 -0.8377072 -1.636703 -0.0341904 -1.000817 -1.576759 -0.0341904 -1.000817 -1.636703 -0.02586675 -1.000817 -1.645027 0.03407775 -1.000817 -1.645027 0.04240139 -1.000817 -1.636703 -0.0341904 -1.000817 -1.576759 0.0424014 -1.000817 -1.576759 -0.02586674 -1.000817 -1.568435 0.03407776 -1.000817 -1.568435 0.0424014 -0.07194805 -0.9389997 0.04240141 -0.1666002 -0.9389997 0.04240141 -0.1666002 -0.9389997 0.03407777 -0.1666002 -0.9306762 0.0285793 -0.1751499 -0.9377017 -0.03419039 -0.1666002 -0.9389997 -0.03419039 -0.07194805 -0.9389997 0.0353759 -0.1751499 -0.9444983 0.03407776 -0.1666002 -1.007268 0.0424014 -0.1666002 -0.998944 0.0353759 -0.1751499 -0.9934456 -0.03419039 -0.1841674 -0.9389997 -0.02716487 -0.1751499 -0.9444983 0.03407776 -0.07194805 -1.007268 0.03407776 -0.1666002 -1.007268 -0.02586674 -0.1666002 -1.007268 -0.02586675 -0.07194805 -1.007268 0.02857929 -0.1751499 -1.000242 -0.02586674 -0.1841674 -1.007268 -0.02036816 -0.1751499 -1.000242 0.0353759 -0.1751499 -0.9444983 0.04240141 -0.1841679 -0.9389997 0.02857929 -0.1751499 -1.000242 0.0353759 -0.1751499 -0.9934456 0.0424014 -0.1841674 -0.998944 0.03407776 -0.1841674 -1.007268 0.03407779 -0.8507329 -0.9306762 0.0340778 -1.000817 -0.9306762 -0.03419036 -0.8507333 -0.998944 -0.02586671 -1.000817 -1.007268 0.03407779 -0.8377072 -1.007268 0.0294732 -0.8442198 -1.001384 -0.02126212 -0.8442203 -0.9365594 -0.02830704 -0.8442203 -0.9943396 -0.03419036 -0.8377072 -0.998944 -0.02586672 -0.8377072 -1.007268 -0.02126212 -0.8442203 -1.001384 0.02947321 -0.8442203 -0.9365594 0.03651812 -0.8442198 -0.9436042 0.04240143 -0.8507329 -0.9389996 0.03651812 -0.8442203 -0.9943396 0.03651812 -0.8442203 -0.9943396 0.04240143 -0.8507329 -0.998944 0.03407779 -0.8507329 -1.007268 0.0294732 -0.8442198 -1.001384 0.04240144 -1.000817 -0.9389996 0.04240143 -0.8377072 -0.998944 0.04240143 -0.8377072 -0.9389996 -0.02830704 -0.8442203 -0.9943396 -0.02586671 -0.8377072 -0.9306762 0.03407779 -0.8377072 -0.9306762 -0.02830704 -0.8442203 -0.9436042 -0.03419036 -0.8507329 -0.9389996 0.03407779 -0.8507329 -1.007268 0.04240144 -1.000817 -0.998944 0.04240143 -0.8377072 -0.9389996 -0.02586673 -0.1841679 -0.9306762 -0.02586672 -0.8377072 -1.007268 0.0424014 -0.1841674 -0.998944 0.04240143 -0.8377072 -0.998944 -0.03419035 -1.000817 -0.9389996 -0.03419036 -1.000817 -0.998944 -0.02586671 -1.000817 -1.007268 0.0340778 -1.000817 -1.007268 0.04240144 -1.000817 -0.998944 -0.03419035 -1.000817 -0.9389996 0.04240144 -1.000817 -0.9389996 -0.0258667 -1.000817 -0.9306762 0.0340778 -1.000817 -0.9306762 0.04240144 -0.07194802 -0.3428777 0.04240145 -0.1666002 -0.3428777 0.04240145 -0.1666002 -0.3428777 0.03407781 -0.1666002 -0.3345541 0.02857934 -0.1751499 -0.3415793 -0.03419035 -0.1666002 -0.3428777 -0.03419035 -0.07194802 -0.3428777 0.03537594 -0.1751499 -0.3483762 0.0340778 -0.1666002 -0.4111458 0.04240144 -0.1666002 -0.4028221 0.03537594 -0.1751499 -0.3973235 -0.03419035 -0.1841674 -0.3428777 -0.02716483 -0.1751499 -0.3483762 0.0340778 -0.07194802 -0.4111458 0.0340778 -0.1666002 -0.4111458 -0.0258667 -0.1666002 -0.4111458 -0.0258667 -0.07194802 -0.4111458 0.02857934 -0.1751499 -0.4041201 -0.0258667 -0.1841674 -0.4111458 -0.02036812 -0.1751499 -0.4041201 0.03537594 -0.1751499 -0.3483762 0.04240145 -0.1841678 -0.3428777 0.02857934 -0.1751499 -0.4041201 0.03537594 -0.1751499 -0.3973235 0.04240144 -0.1841674 -0.4028221 0.0340778 -0.1841674 -0.4111458 0.03407783 -0.8507328 -0.334554 0.03407784 -1.000817 -0.334554 -0.03419032 -0.8507333 -0.4028221 -0.02586666 -1.000817 -0.4111458 0.03407783 -0.8377071 -0.4111458 0.02947325 -0.8442197 -0.4052626 -0.02126208 -0.8442202 -0.3404373 -0.028307 -0.8442202 -0.3982175 -0.03419032 -0.8377071 -0.4028221 -0.02586667 -0.8377071 -0.4111458 -0.02126208 -0.8442202 -0.4052626 0.02947325 -0.8442202 -0.3404373 0.03651816 -0.8442197 -0.3474821 0.04240147 -0.8507328 -0.3428777 0.03651816 -0.8442202 -0.3982175 0.03651816 -0.8442202 -0.3982175 0.04240147 -0.8507328 -0.4028221 0.03407783 -0.8507328 -0.4111458 0.02947325 -0.8442197 -0.4052626 0.04240148 -1.000817 -0.3428777 0.04240147 -0.8377071 -0.4028221 0.04240147 -0.8377071 -0.3428777 -0.028307 -0.8442202 -0.3982175 -0.02586666 -0.8377071 -0.334554 0.03407783 -0.8377071 -0.334554 -0.028307 -0.8442202 -0.3474821 -0.03419032 -0.8507328 -0.3428777 0.03407783 -0.8507328 -0.4111458 0.04240148 -1.000817 -0.4028221 0.04240147 -0.8377071 -0.3428777 -0.02586669 -0.1841678 -0.3345541 -0.02586667 -0.8377071 -0.4111458 0.04240144 -0.1841674 -0.4028221 0.04240147 -0.8377071 -0.4028221 -0.03419031 -1.000817 -0.3428777 -0.03419032 -1.000817 -0.4028221 -0.02586666 -1.000817 -0.4111458 0.03407784 -1.000817 -0.4111458 0.04240148 -1.000817 -0.4028221 -0.03419031 -1.000817 -0.3428777 0.04240148 -1.000817 -0.3428777 -0.02586666 -1.000817 -0.334554 0.03407784 -1.000817 -0.334554 -0.05418536 0.0003695403 -1.259733 -0.05418526 0.0003695936 -0.03973262 -0.05418536 -0.09963036 -1.259733 -0.05418544 -0.0996304 -1.982626 -0.05418526 -0.09963031 -0.03973262 0.04581469 0.000369598 -0.03973263 0.04581469 -0.09963031 -0.03973262 0.04581459 -0.09963036 -1.259733 0.04581459 0.0003695446 -1.259733 0.04581451 -0.0996304 -1.982626 -0.05418544 -0.0996304 -1.982626 -0.05418544 0.0003695087 -1.982626 0.09 -1 -0.005083978 0.09 0.02999997 -0.005084022 0.09 0.02999997 -0.05491695 0.09 -1 -0.0549169 -0.09999999 0.02999997 -0.05491695 -0.09999999 -1 -0.0549169 -0.09999999 0.02999997 -0.005084021 -0.09999999 -1 -0.005083976 0.09 0.02999997 -0.005084022 0.09 -1 -0.005083978 0.09 -1 -0.0549169 0.09 0.02999997 -0.05491695 0.04581451 0.000369513 -1.982626 -0.05418544 0.0003695087 -1.982626 0.04581451 -0.0996304 -1.982626 0.04581451 0.000369513 -1.982626 -0.0203682 -0.1751499 -1.575461 0.02857926 -0.1751499 -1.575461 0.03537586 -0.1751499 -1.582257 0.03537585 -0.1751499 -1.631205 -0.02716491 -0.1751499 -1.582257 0.02857925 -0.1751499 -1.638001 -0.02036821 -0.1751499 -1.638001 -0.02716492 -0.1751499 -1.631205 -0.02716491 -0.1751499 -1.582257 -0.02036821 -0.1751499 -1.638001 0.03651808 -0.8442198 -1.581364 0.03651807 -0.8442203 -1.632099 0.02947317 -0.8442203 -1.574318 0.03651808 -0.8442198 -1.581364 -0.02126217 -0.8442203 -1.639144 -0.02126216 -0.8442203 -1.574318 0.02947317 -0.8442203 -1.574318 0.02947316 -0.8442198 -1.639144 -0.02830708 -0.8442203 -1.581364 -0.02830709 -0.8442203 -1.632099 -0.02036816 -0.1751499 -0.9377017 0.0285793 -0.1751499 -0.9377017 0.0353759 -0.1751499 -0.9444983 0.0353759 -0.1751499 -0.9934456 -0.02716487 -0.1751499 -0.9444983 0.02857929 -0.1751499 -1.000242 -0.02036816 -0.1751499 -1.000242 -0.02716487 -0.1751499 -0.9934456 -0.02716487 -0.1751499 -0.9444983 -0.02036816 -0.1751499 -1.000242 0.03651812 -0.8442198 -0.9436042 0.03651812 -0.8442203 -0.9943396 0.02947321 -0.8442203 -0.9365594 0.03651812 -0.8442198 -0.9436042 -0.02126212 -0.8442203 -1.001384 -0.02126212 -0.8442203 -0.9365594 0.02947321 -0.8442203 -0.9365594 0.0294732 -0.8442198 -1.001384 -0.02830704 -0.8442203 -0.9436042 -0.02830704 -0.8442203 -0.9943396 -0.02036812 -0.1751499 -0.3415793 0.02857934 -0.1751499 -0.3415793 0.03537594 -0.1751499 -0.3483762 0.03537594 -0.1751499 -0.3973235 -0.02716483 -0.1751499 -0.3483762 0.02857934 -0.1751499 -0.4041201 -0.02036812 -0.1751499 -0.4041201 -0.02716483 -0.1751499 -0.3973235 -0.02716483 -0.1751499 -0.3483762 -0.02036812 -0.1751499 -0.4041201 0.03651816 -0.8442197 -0.3474821 0.03651816 -0.8442202 -0.3982175 0.02947325 -0.8442202 -0.3404373 0.03651816 -0.8442197 -0.3474821 -0.02126208 -0.8442202 -0.4052626 -0.02126208 -0.8442202 -0.3404373 0.02947325 -0.8442202 -0.3404373 0.02947325 -0.8442197 -0.4052626 -0.028307 -0.8442202 -0.3474821 -0.028307 -0.8442202 -0.3982175 -0.05418536 -0.09963036 -1.259733 -0.05418536 0.0003695403 -1.259733 -0.05418536 -0.09963036 -1.259733 0.04581459 -0.09963036 -1.259733 -0.05418536 0.0003695403 -1.259733 0.04581459 0.0003695446 -1.259733 0.04581459 0.0003695446 -1.259733 0.04581459 -0.09963036 -1.259733  
			<Colors>: 0  
			<TextureCoords0>: 535 0.6645616 0.9893637 0.6670623 0.9893345 0.6797792 0.9891122 0.6822758 0.9890515 0.649512 0.9893718 0.6519967 0.9893644 0.6344988 0.9892647 0.6369809 0.9892823 0.6338041 0.8151135 0.6798769 0.8145128 0.6671955 0.8138493 0.6514214 0.8139251 0.636211 0.8149102 0.6221423 0.8160672 0.648864 0.8140317 0.664629 0.8137863 0.6516925 0.8326802 0.678965 0.8332899 0.6668593 0.8325932 0.6495388 0.8328058 0.6237737 0.8341304 0.664733 0.8325098 0.6370692 0.8330733 0.6351171 0.8332442 0.6516184 0.838415 0.6667441 0.838091 0.6352035 0.8380507 0.6646126 0.8381887 0.6788679 0.8379631 0.6809412 0.8378293 0.6371631 0.8381166 0.6494972 0.8383542 0.6804392 0.8356314 0.6520348 0.8356725 0.6351017 0.8356116 0.6642985 0.835144 0.6784764 0.835578 0.6669371 0.8352677 0.6493738 0.8355806 0.6375197 0.8355659 0.6347523 0.957845 0.681034 0.9581191 0.6788078 0.9579061 0.6373516 0.9582087 0.6495028 0.9579799 0.6668323 0.9581564 0.6521291 0.9580357 0.6642044 0.9579095 0.6370952 0.9558946 0.6370466 0.9599909 0.6349829 0.9600059 0.6350605 0.9559277 0.6643458 0.9600463 0.6644871 0.9560395 0.6519592 0.9559799 0.6517486 0.9600811 0.6792234 0.9600923 0.6792475 0.956023 0.6496736 0.9600357 0.649897 0.9559237 0.6664149 0.960153 0.6665521 0.9559312 0.681332 0.9599042 0.6225387 0.9560557 0.6645616 0.9893637 0.6670623 0.9893345 0.6797792 0.9891122 0.6822758 0.9890515 0.649512 0.9893718 0.6519967 0.9893644 0.6344988 0.9892647 0.6369809 0.9892823 0.6338041 0.8151135 0.6798769 0.8145128 0.6671955 0.8138493 0.6514214 0.8139251 0.636211 0.8149102 0.6221423 0.8160672 0.648864 0.8140317 0.664629 0.8137863 0.6516925 0.8326802 0.678965 0.8332899 0.6668593 0.8325932 0.6495388 0.8328058 0.6237737 0.8341304 0.664733 0.8325098 0.6370692 0.8330733 0.6351171 0.8332442 0.6516184 0.838415 0.6667441 0.838091 0.6352035 0.8380507 0.6646126 0.8381887 0.6788679 0.8379631 0.6809412 0.8378293 0.6371631 0.8381166 0.6494972 0.8383542 0.6804392 0.8356314 0.6520348 0.8356725 0.6351017 0.8356116 0.6642985 0.835144 0.6784764 0.835578 0.6669371 0.8352677 0.6493738 0.8355806 0.6375197 0.8355659 0.6347523 0.957845 0.681034 0.9581191 0.6788078 0.9579061 0.6373516 0.9582087 0.6495028 0.9579799 0.6668323 0.9581564 0.6521291 0.9580357 0.6642044 0.9579095 0.6370952 0.9558946 0.6370466 0.9599909 0.6349829 0.9600059 0.6350605 0.9559277 0.6643458 0.9600463 0.6644871 0.9560395 0.6519592 0.9559799 0.6517486 0.9600811 0.6792234 0.9600923 0.6792475 0.956023 0.6496736 0.9600357 0.649897 0.9559237 0.6664149 0.960153 0.6665521 0.9559312 0.681332 0.9599042 0.6225387 0.9560557 0.6645616 0.9893637 0.6670623 0.9893345 0.6797792 0.9891122 0.6822758 0.9890515 0.649512 0.9893718 0.6519967 0.9893644 0.6344988 0.9892647 0.6369809 0.9892823 0.6338041 0.8151135 0.6798769 0.8145128 0.6671955 0.8138493 0.6514214 0.8139251 0.636211 0.8149102 0.6221423 0.8160672 0.648864 0.8140317 0.664629 0.8137863 0.6516925 0.8326802 0.678965 0.8332899 0.6668593 0.8325932 0.6495388 0.8328058 0.6237737 0.8341304 0.664733 0.8325098 0.6370692 0.8330733 0.6351171 0.8332442 0.6516184 0.838415 0.6667441 0.838091 0.6352035 0.8380507 0.6646126 0.8381887 0.6788679 0.8379631 0.6809412 0.8378293 0.6371631 0.8381166 0.6494972 0.8383542 0.6804392 0.8356314 0.6520348 0.8356725 0.6351017 0.8356116 0.6642985 0.835144 0.6784764 0.835578 0.6669371 0.8352677 0.6493738 0.8355806 0.6375197 0.8355659 0.6347523 0.957845 0.681034 0.9581191 0.6788078 0.9579061 0.6373516 0.9582087 0.6495028 0.9579799 0.6668323 0.9581564 0.6521291 0.9580357 0.6642044 0.9579095 0.6370952 0.9558946 0.6370466 0.9599909 0.6349829 0.9600059 0.6350605 0.9559277 0.6643458 0.9600463 0.6644871 0.9560395 0.6519592 0.9559799 0.6517486 0.9600811 0.6792234 0.9600923 0.6792475 0.956023 0.6496736 0.9600357 0.649897 0.9559237 0.6664149 0.960153 0.6665521 0.9559312 0.681332 0.9599042 0.6225387 0.9560557 0.710871 0.7941949 0.7418225 0.7941949 0.6918657 0.7941949 0.7629803 0.7941949 0.7629794 0.5969083 0.6918649 0.5969083 0.7418218 0.5969083 0.7108703 0.5969083 0.6269692 0.9889382 0.6262847 0.9895273 0.6262847 0.9950643 0.6269692 0.9956535 0.6262847 0.9953028 0.6269692 0.995892 0.6269692 0.9886997 0.6262847 0.9892888 0.6545618 0.9895273 0.6538773 0.9889382 0.6538773 0.9956535 0.6787248 0.9565611 0.6538773 0.995892 0.6545618 0.9953028 0.6671011 0.9565611 0.6538773 0.9886997 0.6918644 0.7605029 0.7108697 0.7605029 0.608321 0.7895994 0.7418211 0.7605029 0.667101 0.8700083 0.6787248 0.8700083 0.6545618 0.9892888 0.6545618 0.9950643 0.6237894 0.9565611 0.6237894 0.8700083 0.635773 0.8700083 0.635773 0.9565611 0.6506135 0.9565611 0.6506135 0.8700083 0.6655357 0.8700083 0.6655357 0.9565611 0.6822758 0.8146759 0.681051 0.8334961 0.681051 0.8334961 0.678965 0.8332899 0.6784764 0.835578 0.664733 0.8325098 0.664629 0.8137863 0.6247985 0.8359039 0.6370692 0.8330733 0.6351171 0.8332442 0.6351017 0.8356116 0.6646126 0.8381887 0.6642985 0.835144 0.636211 0.8149102 0.6370692 0.8330733 0.6495388 0.8328058 0.648864 0.8140317 0.6375197 0.8355659 0.6494972 0.8383542 0.6493738 0.8355806 0.6804392 0.8356314 0.6238712 0.8377905 0.6375197 0.8355659 0.6351017 0.8356116 0.6352035 0.8380507 0.6371631 0.8381166 0.6792234 0.9600923 0.6797792 0.9891122 0.6517486 0.9600811 0.649512 0.9893718 0.6370952 0.9558946 0.6373516 0.9582087 0.6668323 0.9581564 0.6521291 0.9580357 0.6519592 0.9559799 0.649897 0.9559237 0.6495028 0.9579799 0.6788078 0.9579061 0.6235973 0.9580253 0.6227769 0.9595646 0.6347523 0.957845 0.6347523 0.957845 0.6349829 0.9600059 0.6370466 0.9599909 0.6373516 0.9582087 0.6219338 0.9891064 0.6350605 0.9559277 0.6814722 0.9561902 0.6521291 0.9580357 0.6665521 0.9559312 0.6792475 0.956023 0.6642044 0.9579095 0.6643458 0.9600463 0.6370466 0.9599909 0.6344988 0.9892647 0.6814722 0.9561902 0.6667441 0.838091 0.649897 0.9559237 0.6352035 0.8380507 0.6350605 0.9559277 0.6645616 0.9893637 0.6268054 0.8102594 0.629055 0.8080094 0.629055 0.7918061 0.6268054 0.7895562 0.6106019 0.8102594 0.6106019 0.7895562 0.6083522 0.8080094 0.6083522 0.7918061 0.6822758 0.8146759 0.681051 0.8334961 0.681051 0.8334961 0.678965 0.8332899 0.6784764 0.835578 0.664733 0.8325098 0.664629 0.8137863 0.6247985 0.8359039 0.6370692 0.8330733 0.6351171 0.8332442 0.6351017 0.8356116 0.6646126 0.8381887 0.6642985 0.835144 0.636211 0.8149102 0.6370692 0.8330733 0.6495388 0.8328058 0.648864 0.8140317 0.6375197 0.8355659 0.6494972 0.8383542 0.6493738 0.8355806 0.6804392 0.8356314 0.6238712 0.8377905 0.6375197 0.8355659 0.6351017 0.8356116 0.6352035 0.8380507 0.6371631 0.8381166 0.6792234 0.9600923 0.6797792 0.9891122 0.6517486 0.9600811 0.649512 0.9893718 0.6370952 0.9558946 0.6373516 0.9582087 0.6668323 0.9581564 0.6521291 0.9580357 0.6519592 0.9559799 0.649897 0.9559237 0.6495028 0.9579799 0.6788078 0.9579061 0.6235973 0.9580253 0.6227769 0.9595646 0.6347523 0.957845 0.6347523 0.957845 0.6349829 0.9600059 0.6370466 0.9599909 0.6373516 0.9582087 0.6219338 0.9891064 0.6350605 0.9559277 0.6814722 0.9561902 0.6521291 0.9580357 0.6665521 0.9559312 0.6792475 0.956023 0.6642044 0.9579095 0.6643458 0.9600463 0.6370466 0.9599909 0.6344988 0.9892647 0.6814722 0.9561902 0.6667441 0.838091 0.649897 0.9559237 0.6352035 0.8380507 0.6350605 0.9559277 0.6645616 0.9893637 0.6268054 0.8102594 0.629055 0.8080094 0.629055 0.7918061 0.6268054 0.7895562 0.6106019 0.8102594 0.6106019 0.7895562 0.6083522 0.8080094 0.6083522 0.7918061 0.6822758 0.8146759 0.681051 0.8334961 0.681051 0.8334961 0.678965 0.8332899 0.6784764 0.835578 0.664733 0.8325098 0.664629 0.8137863 0.6247985 0.8359039 0.6370692 0.8330733 0.6351171 0.8332442 0.6351017 0.8356116 0.6646126 0.8381887 0.6642985 0.835144 0.636211 0.8149102 0.6370692 0.8330733 0.6495388 0.8328058 0.648864 0.8140317 0.6375197 0.8355659 0.6494972 0.8383542 0.6493738 0.8355806 0.6804392 0.8356314 0.6238712 0.8377905 0.6375197 0.8355659 0.6351017 0.8356116 0.6352035 0.8380507 0.6371631 0.8381166 0.6792234 0.9600923 0.6797792 0.9891122 0.6517486 0.9600811 0.649512 0.9893718 0.6370952 0.9558946 0.6373516 0.9582087 0.6668323 0.9581564 0.6521291 0.9580357 0.6519592 0.9559799 0.649897 0.9559237 0.6495028 0.9579799 0.6788078 0.9579061 0.6235973 0.9580253 0.6227769 0.9595646 0.6347523 0.957845 0.6347523 0.957845 0.6349829 0.9600059 0.6370466 0.9599909 0.6373516 0.9582087 0.6219338 0.9891064 0.6350605 0.9559277 0.6814722 0.9561902 0.6521291 0.9580357 0.6665521 0.9559312 0.6792475 0.956023 0.6642044 0.9579095 0.6643458 0.9600463 0.6370466 0.9599909 0.6344988 0.9892647 0.6814722 0.9561902 0.6667441 0.838091 0.649897 0.9559237 0.6352035 0.8380507 0.6350605 0.9559277 0.6645616 0.9893637 0.6268054 0.8102594 0.629055 0.8080094 0.629055 0.7918061 0.6268054 0.7895562 0.6106019 0.8102594 0.6106019 0.7895562 0.6083522 0.8080094 0.6083522 0.7918061 0.7418218 0.5969083 0.7418225 0.7941949 0.7108703 0.5969083 0.7108697 0.7605029 0.710871 0.7941949 0.7629803 0.7941949 0.7928554 0.7941949 0.7928547 0.5969083 0.7629794 0.5969083 0.6280355 0.7895993 0.6280355 0.8093138 0.608321 0.8093138 0.6372772 0.8700083 0.6372772 0.9565611 0.6490346 0.9565611 0.6490346 0.8700083 0.6671011 0.9565611 0.667101 0.8700083 0.6234846 0.9565611 0.6234846 0.8700083 0.6372772 0.9565611 0.6372772 0.8700083 0.6490346 0.8700083 0.6490346 0.9565611 0.7629788 0.7605029 0.7418211 0.7605029 0.7928541 0.7605029 0.7629788 0.7605029 0.6669371 0.8352677 0.6784764 0.835578 0.6247985 0.8359039 0.6351017 0.8356116 0.6642985 0.835144 0.6375197 0.8355659 0.6493738 0.8355806 0.6520348 0.8356725 0.6642985 0.835144 0.6493738 0.8355806 0.6235973 0.9580253 0.6347523 0.957845 0.6788078 0.9579061 0.681034 0.9581191 0.6495028 0.9579799 0.6668323 0.9581564 0.6788078 0.9579061 0.6373516 0.9582087 0.6642044 0.9579095 0.6521291 0.9580357 0.6669371 0.8352677 0.6784764 0.835578 0.6247985 0.8359039 0.6351017 0.8356116 0.6642985 0.835144 0.6375197 0.8355659 0.6493738 0.8355806 0.6520348 0.8356725 0.6642985 0.835144 0.6493738 0.8355806 0.6235973 0.9580253 0.6347523 0.957845 0.6788078 0.9579061 0.681034 0.9581191 0.6495028 0.9579799 0.6668323 0.9581564 0.6788078 0.9579061 0.6373516 0.9582087 0.6642044 0.9579095 0.6521291 0.9580357 0.6669371 0.8352677 0.6784764 0.835578 0.6247985 0.8359039 0.6351017 0.8356116 0.6642985 0.835144 0.6375197 0.8355659 0.6493738 0.8355806 0.6520348 0.8356725 0.6642985 0.835144 0.6493738 0.8355806 0.6235973 0.9580253 0.6347523 0.957845 0.6788078 0.9579061 0.681034 0.9581191 0.6495028 0.9579799 0.6668323 0.9581564 0.6788078 0.9579061 0.6373516 0.9582087 0.6642044 0.9579095 0.6521291 0.9580357 0.7108703 0.5969083 0.7418218 0.5969083 0.7108703 0.5969083 0.6918649 0.5969083 0.7418218 0.5969083 0.7629794 0.5969083 0.7629794 0.5969083 0.7928547 0.5969083  
			<TextureCoords1>: 535 0.4764539 0.1295077 0.95898 0.4478205 0.9623199 0.4130822 0.00390625 0.2382884 0.008446547 0.511362 0.4800721 0.1603936 0.00414925 0.2692546 0.00465148 0.4812871 0.4824494 0.2630668 0.4921111 0.4121571 0.4893712 0.4430325 0.005725964 0.1702591 0.482523 0.2691352 0.4820749 0.232164 0.006053376 0.1763383 0.00390625 0.1382933 0.05429648 0.1678891 0.5408633 0.4164832 0.5362861 0.4476459 0.05493524 0.1737056 0.4332797 0.2327555 0.05438014 0.1354199 0.4337278 0.2697266 0.4336542 0.2636582 0.06755675 0.1674387 0.5493596 0.4494944 0.4220565 0.2637988 0.06624278 0.1359352 0.5521551 0.4191751 0.5512698 0.4136691 0.4247927 0.4793069 0.06720424 0.173018 0.5508679 0.6813539 0.06067269 0.1665178 0.4279152 0.2608926 0.06088158 0.1386494 0.5512969 0.6862431 0.5426185 0.4472575 0.06116023 0.1720853 0.5449873 0.7071297 0.5865518 0.6882669 0.08001494 0.2385284 0.875573 0.4096719 0.5916179 0.6878027 0.08425951 0.5004202 0.3962546 0.1362037 0.3979428 0.1676098 0.3948804 0.141469 0.5916179 0.6827418 0.07995048 0.4717853 0.07683803 0.2677295 0.5856321 0.6832902 0.3991244 0.1385667 0.3901558 0.1403124 0.3936985 0.1705121 0.4027429 0.1694525 0.880182 0.4070364 0.08368823 0.2323511 0.07979351 0.5019403 0.08871349 0.50288 0.8813421 0.4384725 0.3910477 0.1345422 0.07515278 0.2379504 0.08476825 0.2369794 0.4764539 0.07817936 0.4740621 0.06755304 0.4774022 0.03281462 0.00390625 0.2834613 0.008446631 0.4621666 0.4800721 0.1090652 0.004149376 0.3144274 0.004651505 0.4320918 0.4824495 0.3082395 0.007193184 0.03188944 0.004453273 0.06276488 0.005725521 0.1189299 0.4825231 0.314308 0.482075 0.277337 0.006052858 0.1250093 0.00390625 0.08696413 0.05429636 0.1165605 0.05594545 0.03621572 0.05136818 0.0673784 0.05493502 0.1223772 0.4332798 0.2779283 0.05438026 0.08409148 0.4337279 0.3148994 0.4336543 0.3088309 0.06755658 0.1161102 0.06444166 0.0692268 0.4220566 0.3089715 0.06624286 0.08460689 0.06723721 0.03890753 0.0663519 0.03340161 0.4247928 0.4301119 0.06720411 0.1216896 0.5615129 0.6912478 0.06067256 0.1151896 0.4279152 0.3060655 0.06088166 0.08732116 0.5619418 0.6961371 0.05770057 0.06698996 0.06116008 0.120757 0.5556322 0.7071297 0.5667678 0.6882669 0.08001518 0.2837008 0.3906551 0.02940422 0.5718339 0.6878026 0.08425946 0.4512247 0.3962548 0.0848754 0.3979428 0.1162814 0.3948805 0.09014052 0.5718339 0.6827416 0.07995045 0.4225898 0.07683827 0.3129021 0.5658481 0.6832901 0.3991246 0.08723831 0.3901559 0.08898407 0.3936985 0.1191835 0.402743 0.118124 0.3952643 0.02676874 0.08368857 0.2775237 0.07979346 0.4527448 0.08871344 0.4536846 0.3964243 0.05820483 0.3910478 0.08321387 0.07515302 0.2831231 0.08476849 0.2821521 0.4764541 0.1808361 0.9589799 0.5046418 0.96232 0.4699032 0.00390625 0.328634 0.008446492 0.4129711 0.4800722 0.2117218 0.004149468 0.3596002 0.004651471 0.3828962 0.4824496 0.3534122 0.4921111 0.4689782 0.4893712 0.4998537 0.005725841 0.2215874 0.4825231 0.3594806 0.4820751 0.3225096 0.006053232 0.2276666 0.00390625 0.1896215 0.05429652 0.2192175 0.5408634 0.4733045 0.5362861 0.5044672 0.05493525 0.225034 0.4332799 0.3231009 0.05438023 0.1867484 0.4337279 0.360072 0.4336544 0.3540035 0.06755679 0.218767 0.5493594 0.5063156 0.4220567 0.3541441 0.06624287 0.1872637 0.552155 0.4759963 0.5512697 0.4704903 0.4247926 0.3809161 0.0672043 0.2243464 0.5615129 0.6813538 0.06067273 0.2178463 0.4279153 0.351238 0.06088167 0.1899779 0.5619417 0.6862432 0.5426185 0.5040787 0.06116027 0.2234137 0.5449873 0.6972356 0.5766597 0.6882669 0.08001549 0.3288733 0.8755729 0.4664927 0.5817259 0.6878027 0.08425949 0.4020293 0.3962551 0.1875318 0.3979431 0.2189378 0.3948808 0.1927969 0.5817259 0.6827418 0.07995055 0.3733945 0.07683857 0.3580747 0.5757402 0.6832901 0.3991249 0.1898948 0.3901562 0.1916406 0.3936988 0.22184 0.4027432 0.2207805 0.880182 0.4638572 0.08368896 0.3226962 0.07979356 0.4035496 0.08871339 0.4044892 0.8813421 0.4952933 0.3910481 0.1858702 0.07515337 0.3282957 0.08476879 0.3273247 0.9959967 0.8861561 0.9959964 0.8350936 0.003906262 0.9450312 0.9959965 0.7801235 0.3730337 0.7801248 0.6268693 0.9450312 0.3730337 0.8350936 0.373034 0.8861561 0.62818 0.7455797 0.6307758 0.7481755 0.5337571 0.7136317 0.5363529 0.711036 0.6307759 0.7736214 0.6281801 0.7762172 0.5363531 0.7416735 0.5337572 0.7390777 0.5337571 0.7481755 0.5363528 0.7455797 0.6281799 0.711036 0.00390626 0.5152682 0.5363531 0.7762172 0.5337572 0.7736214 0.00390625 0.5407141 0.6281801 0.7416735 0.9959971 0.9450313 0.003906522 0.8861561 0.6857446 0.7251548 0.00390625 0.8350936 0.5298502 0.5407141 0.5298502 0.5152682 0.6307759 0.7390777 0.6307758 0.7136317 0.003906274 0.7725462 0.5298504 0.7725463 0.5298504 0.680719 0.003906293 0.680719 0.5298504 0.5776436 0.003906262 0.5776436 0.00390625 0.6694708 0.5298504 0.6694708 0.492649 0.406094 0.5414013 0.4104202 0.5445583 0.6813539 0.5450836 0.6873416 0.5466538 0.4204792 0.5360463 0.4533039 0.4888242 0.4489052 0.4276094 0.2356591 0.551297 0.7071297 0.5507717 0.7011419 0.5445583 0.7022403 0.547821 0.4545407 0.5422209 0.4526792 0.484918 0.4805964 0.4363392 0.4795546 0.4356794 0.5103202 0.4842582 0.511362 0.4305992 0.4822548 0.4241329 0.5100726 0.4300604 0.5073763 0.5452551 0.4157917 0.4216818 0.232896 0.540652 0.6862405 0.5402344 0.6813501 0.5337571 0.6813501 0.5342686 0.6873391 0.07526524 0.2326167 0.003926768 0.232164 0.08145161 0.5073519 0.4807826 0.1664587 0.08937328 0.4721144 0.08481811 0.474381 0.8765579 0.4368334 0.5757402 0.6926373 0.5757402 0.6976984 0.5817259 0.69715 0.5808063 0.6921732 0.07983626 0.233343 0.08001494 0.2385284 0.07515278 0.2379504 0.08058929 0.2655632 0.5916179 0.697234 0.5916179 0.6921732 0.5856321 0.6927215 0.5865518 0.6976984 0.00390625 0.2382884 0.08514273 0.2678821 0.08476825 0.2369794 0.08601172 0.5051837 0.8719487 0.4394689 0.8707849 0.4073772 0.8746164 0.4421321 0.8798174 0.4443728 0.07695763 0.2734307 0.00390625 0.4753812 0.8705679 0.4016261 0.0663369 0.1295077 0.3936257 0.1769299 0.4249225 0.4732655 0.08950303 0.4660729 0.9581351 0.4545407 0.7245103 0.7332013 0.7287606 0.728951 0.7287606 0.6983418 0.7245103 0.6940916 0.6939011 0.7332013 0.6939011 0.6940916 0.689651 0.728951 0.689651 0.6983418 0.007731178 0.02582639 0.05648345 0.03015268 0.5552033 0.6912478 0.5557285 0.6972356 0.06173592 0.04021168 0.05112837 0.07303643 0.00390625 0.06863761 0.4276094 0.2808321 0.5619419 0.7071297 0.5614165 0.7011418 0.5552033 0.7022403 0.06290322 0.07427311 0.05730298 0.07241178 0.4849178 0.431401 0.4363391 0.4303595 0.4356794 0.4611251 0.4842582 0.4621666 0.4305991 0.4330597 0.4241329 0.4608775 0.4300604 0.4581813 0.06033706 0.03552419 0.4216819 0.2780689 0.540652 0.6961358 0.5402343 0.6912454 0.5337571 0.6912454 0.5342687 0.6972345 0.07526544 0.2777893 0.003926745 0.277337 0.08145161 0.4581565 0.4807826 0.1151304 0.08937325 0.422919 0.08481809 0.4251856 0.3916401 0.05656576 0.5658481 0.7020687 0.5658481 0.7071297 0.5718339 0.7065813 0.5709142 0.7016045 0.07983655 0.2785157 0.08001518 0.2837008 0.07515302 0.2831231 0.08058951 0.3107359 0.5718339 0.6972339 0.5718339 0.6921731 0.5658481 0.6927215 0.5667678 0.6976982 0.00390625 0.2834613 0.08514296 0.3130547 0.08476849 0.2821521 0.08601164 0.4559883 0.3870308 0.05920124 0.385867 0.02710956 0.3896988 0.06186432 0.3948997 0.06410509 0.07695789 0.3186033 0.00390625 0.4261858 0.3856503 0.02135849 0.06633697 0.07817936 0.3936258 0.1256015 0.4249225 0.4240703 0.08950302 0.4168773 0.4732173 0.07427311 0.6695414 0.7212485 0.6737919 0.7169982 0.6737919 0.686389 0.6695414 0.6821388 0.6389323 0.7212485 0.6389323 0.6821388 0.6346822 0.7169982 0.6346822 0.6863891 0.4926491 0.4629151 0.5414014 0.4672414 0.5552033 0.6813538 0.5557286 0.6873416 0.5466537 0.4773004 0.5360463 0.5101253 0.4888242 0.5057265 0.4276095 0.3260046 0.5512969 0.6972356 0.5507717 0.6912478 0.5445583 0.6923463 0.547821 0.511362 0.5422208 0.5095006 0.4849178 0.3822055 0.4363391 0.3811637 0.4356793 0.4119293 0.484258 0.4129711 0.430599 0.3838639 0.4241328 0.4116817 0.4300603 0.4089854 0.5452549 0.4726129 0.421682 0.3232415 0.540652 0.706031 0.5402343 0.7011407 0.5337571 0.7011407 0.5342686 0.7071297 0.07526576 0.3229617 0.003926728 0.3225096 0.08145165 0.4089612 0.4807827 0.2177869 0.08937316 0.3737236 0.08481809 0.3759903 0.8765579 0.4936543 0.5757402 0.7020687 0.5757402 0.7071297 0.5817259 0.7065814 0.5808064 0.7016046 0.0798369 0.3236881 0.08001549 0.3288733 0.07515337 0.3282957 0.08058982 0.3559083 0.5916179 0.7066654 0.5916179 0.7016046 0.5856321 0.702153 0.5865517 0.7071297 0.00390625 0.328634 0.08514325 0.3582273 0.08476879 0.3273247 0.08601175 0.406793 0.8719485 0.4962898 0.8707847 0.4641981 0.8746166 0.4989529 0.8798174 0.5011936 0.0769582 0.3637758 0.00390625 0.3769903 0.870568 0.4584469 0.06633698 0.1808361 0.393626 0.2282578 0.4249223 0.3748746 0.08950292 0.3676821 0.958135 0.511362 0.7245103 0.7762172 0.7287606 0.7719669 0.7287606 0.7413578 0.7245103 0.7371075 0.6939012 0.7762172 0.6939012 0.7371075 0.689651 0.771967 0.689651 0.7413578 0.3730338 0.8311873 0.9959966 0.831186 0.6268693 0.9960937 0.995997 0.9960938 0.00390625 0.9960936 0.003906386 0.8900624 0.00390625 0.9411249 0.6268692 0.9411249 0.6268693 0.8900624 0.6346822 0.7251548 0.6346822 0.7762172 0.6857447 0.7762172 0.5298508 0.6770481 0.00390625 0.677048 0.5298504 0.5739726 0.003906645 0.5739726 0.5298505 0.6731418 0.003906293 0.6731418 0.003906318 0.7762172 0.5298505 0.7762172 0.5298503 0.5446204 0.003906259 0.5446204 0.00390625 0.5700663 0.5298503 0.5700663 0.00390625 0.7801236 0.003906345 0.8311861 0.9959969 0.9411249 0.9959969 0.8900625 0.5426185 0.4472575 0.5466538 0.4204792 0.4276094 0.2356591 0.4279152 0.2608926 0.5422209 0.4526792 0.4305992 0.4822548 0.4300604 0.5073763 0.06067269 0.1665178 0.06088158 0.1386494 0.06116023 0.1720853 0.08001494 0.2385284 0.08058929 0.2655632 0.07983626 0.233343 0.08001494 0.2385284 0.08425951 0.5004202 0.8765579 0.4368334 0.875573 0.4096719 0.08481811 0.474381 0.3948804 0.141469 0.3979428 0.1676098 0.05770057 0.06698996 0.06173592 0.04021168 0.4276094 0.2808321 0.4279152 0.3060655 0.05730298 0.07241178 0.4305991 0.4330597 0.4300604 0.4581813 0.06067256 0.1151896 0.06088166 0.08732116 0.06116008 0.120757 0.08001518 0.2837008 0.08058951 0.3107359 0.07983655 0.2785157 0.08001518 0.2837008 0.08425946 0.4512247 0.3916401 0.05656576 0.3906551 0.02940422 0.08481809 0.4251856 0.3948805 0.09014052 0.3979428 0.1162814 0.5426185 0.5040787 0.5466537 0.4773004 0.4276095 0.3260046 0.4279153 0.351238 0.5422208 0.5095006 0.430599 0.3838639 0.4300603 0.4089854 0.06067273 0.2178463 0.06088167 0.1899779 0.06116027 0.2234137 0.08001549 0.3288733 0.08058982 0.3559083 0.0798369 0.3236881 0.08001549 0.3288733 0.08425949 0.4020293 0.8765579 0.4936543 0.8755729 0.4664927 0.08481809 0.3759903 0.3948808 0.1927969 0.3979431 0.2189378 0.373034 0.8861561 0.3730337 0.8350936 0.6268693 0.9960937 0.6268693 0.9450312 0.3730338 0.8311873 0.3730337 0.7801248 0.6268693 0.8900624 0.6268692 0.9411249  
			<Normals>: 535 -0.9238803 0 0.3826815 -0.3826815 0 0.9238803 0.3826815 0 0.9238803 0.9238803 0 0.3826815 -0.3826815 0 -0.9238803 -0.9238803 0 -0.3826815 0.9238803 0 -0.3826815 0.3826815 0 -0.9238803 0.9238803 0 -0.3826815 0.3826815 0 0.9238803 -0.3826815 0 0.9238803 -0.9238803 0 -0.3826815 0.3826815 0 -0.9238803 0.9238803 0 0.3826815 -0.3826815 0 -0.9238803 -0.9238803 0 0.3826815 -0.8580831 -0.3562528 -0.369834 0.3698283 -0.3562169 0.8581005 -0.3698283 -0.3562169 0.8581005 -0.369834 -0.3562528 -0.8580831 0.8580924 -0.3562262 0.369838 -0.8580831 -0.3562528 0.369834 0.369834 -0.3562528 -0.8580831 0.8580831 -0.3562528 -0.369834 -0.8617816 0.3455428 -0.3713928 -0.3713831 0.3455337 0.8617895 0.8617816 0.3455428 -0.3713928 -0.8617816 0.3455428 0.3713928 0.3713831 0.3455337 0.8617895 0.8617895 0.3455337 0.3713831 0.3713928 0.3455428 -0.8617816 -0.3713928 0.3455428 -0.8617816 0.6740211 -0.7019158 0.2302384 -0.6906734 0.6830131 -0.2376202 0.6740258 -0.7019207 -0.2302095 -0.6906683 0.6830081 0.237649 0.2302095 -0.7019207 0.6740258 -0.2302095 -0.7019207 0.6740258 -0.2376202 0.6830131 -0.6906734 0.2302046 -0.7019362 -0.6740114 0.643169 -0.7343615 -0.2169025 0.643169 0.7343615 0.2169025 0.2168982 0.7343471 0.6431869 0.2169025 -0.7343615 -0.643169 -0.2169025 -0.7343615 -0.643169 -0.2169031 -0.734333 0.6432014 -0.6431869 -0.7343471 -0.2168982 -0.6431869 -0.7343471 0.2168982 0.3669015 -0.374989 -0.8513322 0.3669015 0.374989 -0.8513322 0.8513322 0.374989 -0.3669015 0.8513322 -0.374989 -0.3669015 -0.8513322 0.374989 0.3669015 -0.851342 -0.3749628 0.3669057 -0.8513322 -0.374989 -0.3669015 -0.8513322 0.374989 -0.3669015 0.3669015 0.374989 0.8513322 0.3669057 -0.3749628 0.851342 -0.3669015 0.374989 -0.8513322 -0.3669015 -0.374989 -0.8513322 -0.3669015 0.374989 0.8513322 -0.3669057 -0.3749628 0.851342 0.8513322 0.374989 0.3669015 0.8513322 -0.374989 0.3669015 -0.9238803 0 0.3826815 -0.3826815 0 0.9238803 0.3826815 0 0.9238803 0.9238803 0 0.3826815 -0.3826815 0 -0.9238803 -0.9238803 0 -0.3826815 0.9238803 0 -0.3826815 0.3826815 0 -0.9238803 0.9238803 0 -0.3826815 0.3826815 0 0.9238803 -0.3826815 0 0.9238803 -0.9238803 0 -0.3826815 0.3826815 0 -0.9238803 0.9238803 0 0.3826815 -0.3826815 0 -0.9238803 -0.9238803 0 0.3826815 -0.8580912 -0.3562435 -0.3698243 0.3698243 -0.3562435 0.8580912 -0.3698243 -0.3562435 0.8580912 -0.369834 -0.3562528 -0.8580831 0.8580831 -0.3562528 0.369834 -0.8580831 -0.3562528 0.369834 0.369834 -0.3562528 -0.8580831 0.8581005 -0.3562169 -0.3698283 -0.8617895 0.3455337 -0.3713831 -0.3713831 0.3455337 0.8617895 0.8617895 0.3455337 -0.3713831 -0.8617816 0.3455428 0.3713928 0.3713831 0.3455337 0.8617895 0.8617895 0.3455337 0.3713831 0.3713928 0.3455428 -0.8617816 -0.3713928 0.3455428 -0.8617816 0.6740258 -0.7019207 0.2302095 -0.6906734 0.6830131 -0.2376202 0.6740258 -0.7019207 -0.2302095 -0.6906734 0.6830131 0.2376202 0.2302095 -0.7019207 0.6740258 -0.2302095 -0.7019207 0.6740258 -0.2376202 0.6830131 -0.6906734 0.2302335 -0.7019313 -0.6740066 0.643169 -0.7343615 -0.2169025 0.643169 0.7343615 0.2169025 0.2169025 0.7343615 0.643169 0.2169025 -0.7343615 -0.643169 -0.2169025 -0.7343615 -0.643169 -0.2168982 -0.7343471 0.6431869 -0.6431869 -0.7343471 -0.2168982 -0.6431869 -0.7343471 0.2168982 0.3669015 -0.374989 -0.8513322 0.3669015 0.374989 -0.8513322 0.8513322 0.374989 -0.3669015 0.8513322 -0.374989 -0.3669015 -0.8513322 0.374989 0.3669015 -0.851342 -0.3749628 0.3669057 -0.851342 -0.3749628 -0.3669057 -0.8513322 0.374989 -0.3669015 0.3669015 0.374989 0.8513322 0.3669015 -0.374989 0.8513322 -0.3669015 0.374989 -0.8513322 -0.3669015 -0.374989 -0.8513322 -0.3669015 0.374989 0.8513322 -0.3669057 -0.3749628 0.851342 0.8513322 0.374989 0.3669015 0.8513322 -0.374989 0.3669015 -0.9238803 0 0.3826815 -0.3826815 0 0.9238803 0.3826815 0 0.9238803 0.9238803 0 0.3826815 -0.3826815 0 -0.9238803 -0.9238803 0 -0.3826815 0.9238803 0 -0.3826815 0.3826815 0 -0.9238803 0.9238803 0 -0.3826815 0.3826815 0 0.9238803 -0.3826815 0 0.9238803 -0.9238803 0 -0.3826815 0.3826815 0 -0.9238803 0.9238803 0 0.3826815 -0.3826815 0 -0.9238803 -0.9238803 0 0.3826815 -0.8580831 -0.3562528 -0.369834 0.369838 -0.3562262 0.8580924 -0.369838 -0.3562262 0.8580924 -0.369834 -0.3562528 -0.8580831 0.8581005 -0.3562169 0.3698283 -0.8580924 -0.3562262 0.369838 0.369834 -0.3562528 -0.8580831 0.8580831 -0.3562528 -0.369834 -0.8617816 0.3455428 -0.3713928 -0.3713831 0.3455337 0.8617895 0.8617816 0.3455428 -0.3713928 -0.8617816 0.3455428 0.3713928 0.3713928 0.3455428 0.8617816 0.8617895 0.3455337 0.3713831 0.3713928 0.3455428 -0.8617816 -0.3713928 0.3455428 -0.8617816 0.6740258 -0.7019207 0.2302095 -0.6906734 0.6830131 -0.2376202 0.6740258 -0.7019207 -0.2302095 -0.6906878 0.6829969 0.2376252 0.2302384 -0.7019158 0.6740211 -0.2302095 -0.7019207 0.6740258 -0.2376202 0.6830131 -0.6906734 0.2302046 -0.7019362 -0.6740114 0.643169 -0.7343615 -0.2169025 0.643169 0.7343615 0.2169025 0.2169025 0.7343615 0.643169 0.2168982 -0.7343471 -0.6431869 -0.2168982 -0.7343471 -0.6431869 -0.2168982 -0.7343471 0.6431869 -0.6431869 -0.7343471 -0.2168982 -0.6431869 -0.7343471 0.2168982 0.3669015 -0.374989 -0.8513322 0.3669015 0.374989 -0.8513322 0.8513322 0.374989 -0.3669015 0.8513322 -0.374989 -0.3669015 -0.8513322 0.374989 0.3669015 -0.851342 -0.3749628 0.3669057 -0.851342 -0.3749628 -0.3669057 -0.8513322 0.374989 -0.3669015 0.3669015 0.374989 0.8513322 0.3669015 -0.374989 0.8513322 -0.3669015 0.374989 -0.8513322 -0.3669015 -0.374989 -0.8513322 -0.3669015 0.374989 0.8513322 -0.3669057 -0.3749628 0.851342 0.8513322 0.374989 0.3669015 0.8513322 -0.374989 0.3669015 -1 0 0 -1 0 0 0 -1 0 0 1 0 0 1 0 0 -1 0 -1 0 0 -1 0 0 0 -1 0 0 -1 0 0 1 0 0 1 0 0 -1 0 0 -1 0 0 1 0 0 1 0 0 -1 0 0 -1 0 0 1 0 -0.9238803 0 0.3826815 0 -1 0 0 -1 0 -0.9238803 0 -0.3826815 0 1 0 0 -1 0 -1 0 0 0 0 -1 -1 0 0 -0.9238803 0 -0.3826815 -0.9238803 0 0.3826815 0 1 0 0 1 0 -0.3826815 0 0.9238803 -0.3826815 0 0.9238803 0.3826815 0 0.9238803 0.3826815 0 0.9238803 0.3826815 0 -0.9238803 0.3826815 0 -0.9238803 -0.3826815 0 -0.9238803 -0.3826815 0 -0.9238803 0.9238803 0 0.3826815 0.8580924 -0.3562262 0.369838 0.8580924 -0.3562262 0.369838 0.3698283 -0.3562169 0.8581005 0.2302095 -0.7019207 0.6740258 -0.8580831 -0.3562528 0.369834 -0.9238803 0 0.3826815 0.6740211 -0.7019158 0.2302384 0.369834 -0.3562528 -0.8580831 0.8580831 -0.3562528 -0.369834 0.6740258 -0.7019207 -0.2302095 -0.8617816 0.3455428 0.3713928 -0.6906683 0.6830081 0.237649 0.3826815 0 -0.9238803 0.369834 -0.3562528 -0.8580831 -0.369834 -0.3562528 -0.8580831 -0.3826815 0 -0.9238803 0.2376202 0.6830131 -0.6906734 -0.3713928 0.3455428 -0.8617816 -0.2376202 0.6830131 -0.6906734 0.6906878 0.6829969 0.2376252 0.8617895 0.3455337 0.3713831 0.2376202 0.6830131 -0.6906734 0.6906878 0.6829969 -0.2376252 0.8617816 0.3455428 -0.3713928 0.3713928 0.3455428 -0.8617816 0.3669015 0.374989 0.8513322 0.3826815 0 0.9238803 -0.8513322 0.374989 -0.3669015 -0.3826815 0 -0.9238803 0.3669015 -0.374989 -0.8513322 0.2169025 -0.7343615 -0.643169 -0.2169025 0.7343615 0.643169 -0.6431869 -0.7343471 -0.2168982 -0.8513322 -0.374989 -0.3669015 -0.3669015 -0.374989 -0.8513322 -0.2169025 -0.7343615 -0.643169 0.2168982 0.7343471 0.6431869 0.643169 0.7343615 0.2169025 0.8513322 0.374989 0.3669015 0.643169 0.7343615 -0.2169025 0.643169 0.7343615 -0.2169025 0.8513322 0.374989 -0.3669015 0.3669015 0.374989 -0.8513322 0.2169025 0.7343615 -0.643169 0.9238803 0 0.3826815 0.8513322 -0.374989 -0.3669015 0.8513322 -0.374989 0.3669015 -0.643169 0.7343615 -0.2169025 -0.3669057 -0.3749628 0.851342 0.3669057 -0.3749628 0.851342 -0.6431733 0.7343664 0.2168734 -0.8513322 0.374989 0.3669015 0.3669015 0.374989 -0.8513322 0.9238803 0 -0.3826815 0.8513322 -0.374989 0.3669015 -0.3713831 0.3455337 0.8617895 -0.3669015 -0.374989 -0.8513322 0.8617816 0.3455428 -0.3713928 0.8513322 -0.374989 -0.3669015 -0.9238803 0 0.3826815 0 -1 0 0 -1 0 0 -1 0 0 -1 0 0 -1 0 0 -1 0 0 -1 0 0 -1 0 0.9238803 0 0.3826815 0.8580831 -0.3562528 0.369834 0.8580831 -0.3562528 0.369834 0.3698243 -0.3562435 0.8580912 0.2302095 -0.7019207 0.6740258 -0.8580831 -0.3562528 0.369834 -0.9238803 0 0.3826815 0.6740258 -0.7019207 0.2302095 0.369834 -0.3562528 -0.8580831 0.8581005 -0.3562169 -0.3698283 0.6740258 -0.7019207 -0.2302095 -0.8617816 0.3455428 0.3713928 -0.6906734 0.6830131 0.2376202 0.3826815 0 -0.9238803 0.369834 -0.3562528 -0.8580831 -0.369834 -0.3562528 -0.8580831 -0.3826815 0 -0.9238803 0.2376202 0.6830131 -0.6906734 -0.3713928 0.3455428 -0.8617816 -0.2376202 0.6830131 -0.6906734 0.6906878 0.6829969 0.2376252 0.8617895 0.3455337 0.3713831 0.2376202 0.6830131 -0.6906734 0.6906878 0.6829969 -0.2376252 0.8617895 0.3455337 -0.3713831 0.3713928 0.3455428 -0.8617816 0.3669015 0.374989 0.8513322 0.3826815 0 0.9238803 -0.8513322 0.374989 -0.3669015 -0.3826815 0 -0.9238803 0.3669015 -0.374989 -0.8513322 0.2169025 -0.7343615 -0.643169 -0.2169025 0.7343615 0.643169 -0.6431869 -0.7343471 -0.2168982 -0.851342 -0.3749628 -0.3669057 -0.3669015 -0.374989 -0.8513322 -0.2169025 -0.7343615 -0.643169 0.2169025 0.7343615 0.643169 0.643169 0.7343615 0.2169025 0.8513322 0.374989 0.3669015 0.643169 0.7343615 -0.2169025 0.643169 0.7343615 -0.2169025 0.8513322 0.374989 -0.3669015 0.3669015 0.374989 -0.8513322 0.2169025 0.7343615 -0.643169 0.9238803 0 0.3826815 0.8513322 -0.374989 -0.3669015 0.8513322 -0.374989 0.3669015 -0.643169 0.7343615 -0.2169025 -0.3669057 -0.3749628 0.851342 0.3669015 -0.374989 0.8513322 -0.643169 0.7343615 0.2169025 -0.8513322 0.374989 0.3669015 0.3669015 0.374989 -0.8513322 0.9238803 0 -0.3826815 0.8513322 -0.374989 0.3669015 -0.3713831 0.3455337 0.8617895 -0.3669015 -0.374989 -0.8513322 0.8617895 0.3455337 -0.3713831 0.8513322 -0.374989 -0.3669015 -0.9238803 0 0.3826815 0 -1 0 0 -1 0 0 -1 0 0 -1 0 0 -1 0 0 -1 0 0 -1 0 0 -1 0 0.9238803 0 0.3826815 0.8581005 -0.3562169 0.3698283 0.8581005 -0.3562169 0.3698283 0.369838 -0.3562262 0.8580924 0.2302384 -0.7019158 0.6740211 -0.8580924 -0.3562262 0.369838 -0.9238803 0 0.3826815 0.6740258 -0.7019207 0.2302095 0.369834 -0.3562528 -0.8580831 0.8580831 -0.3562528 -0.369834 0.6740258 -0.7019207 -0.2302095 -0.8617816 0.3455428 0.3713928 -0.6906878 0.6829969 0.2376252 0.3826815 0 -0.9238803 0.369834 -0.3562528 -0.8580831 -0.369834 -0.3562528 -0.8580831 -0.3826815 0 -0.9238803 0.2376202 0.6830131 -0.6906734 -0.3713928 0.3455428 -0.8617816 -0.2376202 0.6830131 -0.6906734 0.6906878 0.6829969 0.2376252 0.8617895 0.3455337 0.3713831 0.2376202 0.6830131 -0.6906734 0.6906878 0.6829969 -0.2376252 0.8617816 0.3455428 -0.3713928 0.3713928 0.3455428 -0.8617816 0.3669015 0.374989 0.8513322 0.3826815 0 0.9238803 -0.8513322 0.374989 -0.3669015 -0.3826815 0 -0.9238803 0.3669015 -0.374989 -0.8513322 0.2168982 -0.7343471 -0.6431869 -0.2169025 0.7343615 0.643169 -0.6431869 -0.7343471 -0.2168982 -0.851342 -0.3749628 -0.3669057 -0.3669015 -0.374989 -0.8513322 -0.2168982 -0.7343471 -0.6431869 0.2169025 0.7343615 0.643169 0.643169 0.7343615 0.2169025 0.8513322 0.374989 0.3669015 0.6431869 0.7343471 -0.2168982 0.6431869 0.7343471 -0.2168982 0.8513322 0.374989 -0.3669015 0.3669015 0.374989 -0.8513322 0.2169025 0.7343615 -0.643169 0.9238803 0 0.3826815 0.8513322 -0.374989 -0.3669015 0.8513322 -0.374989 0.3669015 -0.6431869 0.7343471 -0.2168982 -0.3669057 -0.3749628 0.851342 0.3669015 -0.374989 0.8513322 -0.643169 0.7343615 0.2169025 -0.8513322 0.374989 0.3669015 0.3669015 0.374989 -0.8513322 0.9238803 0 -0.3826815 0.8513322 -0.374989 0.3669015 -0.3713831 0.3455337 0.8617895 -0.3669015 -0.374989 -0.8513322 0.8617816 0.3455428 -0.3713928 0.8513322 -0.374989 -0.3669015 -0.9238803 0 0.3826815 0 -1 0 0 -1 0 0 -1 0 0 -1 0 0 -1 0 0 -1 0 0 -1 0 0 -1 0 0 1 0 0 1 0 0 -1 0 0 -1 0 0 -1 0 1 0 0 1 0 0 1 0 0 1 0 0 0 0 -1 0 0 -1 0 0 -1 0.9238803 0 0.3826815 0.9238803 0 0.3826815 0.9238803 0 -0.3826815 0.9238803 0 -0.3826815 -0.9238803 0 -0.3826815 -0.9238803 0 -0.3826815 -0.9238803 0 0.3826815 -0.9238803 0 0.3826815 0.9238803 0 0.3826815 0.9238803 0 0.3826815 0.9238803 0 -0.3826815 0.9238803 0 -0.3826815 0 1 0 0 1 0 1 0 0 1 0 0 -0.2376252 0.6829969 0.6906878 0.2376252 0.6829969 0.6906878 0.6906878 0.6829969 0.2376252 0.6906878 0.6829969 -0.2376252 -0.6740211 -0.7019158 0.2302384 0.2302046 -0.7019362 -0.6740114 -0.2302046 -0.7019362 -0.6740114 -0.6740114 -0.7019362 -0.2302046 -0.6740211 -0.7019158 0.2302384 -0.2302046 -0.7019362 -0.6740114 0.6431869 -0.7343471 0.2168982 0.643169 -0.7343615 -0.2169025 0.2168982 -0.7343471 0.6431869 0.6431869 -0.7343471 0.2168982 -0.2169025 0.7343615 -0.643169 -0.2169031 -0.734333 0.6432014 0.2168982 -0.7343471 0.6431869 0.2169025 0.7343615 -0.643169 -0.6431733 0.7343664 0.2168734 -0.643169 0.7343615 -0.2169025 -0.2376252 0.6829969 0.6906878 0.2376252 0.6829969 0.6906878 0.6906878 0.6829969 0.2376252 0.6906878 0.6829969 -0.2376252 -0.6740258 -0.7019207 0.2302095 0.2302335 -0.7019313 -0.6740066 -0.2302046 -0.7019362 -0.6740114 -0.6740258 -0.7019207 -0.2302095 -0.6740258 -0.7019207 0.2302095 -0.2302046 -0.7019362 -0.6740114 0.643169 -0.7343615 0.2169025 0.643169 -0.7343615 -0.2169025 0.2168982 -0.7343471 0.6431869 0.643169 -0.7343615 0.2169025 -0.2169025 0.7343615 -0.643169 -0.2168982 -0.7343471 0.6431869 0.2168982 -0.7343471 0.6431869 0.2169025 0.7343615 -0.643169 -0.643169 0.7343615 0.2169025 -0.643169 0.7343615 -0.2169025 -0.2376201 0.6829825 0.6907037 0.2376252 0.6829969 0.6906878 0.6906878 0.6829969 0.2376252 0.6906878 0.6829969 -0.2376252 -0.6740258 -0.7019207 0.2302095 0.2302046 -0.7019362 -0.6740114 -0.2302046 -0.7019362 -0.6740114 -0.6740114 -0.7019362 -0.2302046 -0.6740258 -0.7019207 0.2302095 -0.2302046 -0.7019362 -0.6740114 0.6431869 -0.7343471 0.2168982 0.643169 -0.7343615 -0.2169025 0.2168982 -0.7343471 0.6431869 0.6431869 -0.7343471 0.2168982 -0.2169025 0.7343615 -0.643169 -0.2168982 -0.7343471 0.6431869 0.2168982 -0.7343471 0.6431869 0.2169025 0.7343615 -0.643169 -0.643169 0.7343615 0.2169025 -0.6431869 0.7343471 -0.2168982 -1 0 0 -1 0 0 0 -1 0 0 -1 0 0 1 0 0 1 0 1 0 0 1 0 0  
			<Tangents>: 535 0.3826814 -0.0008333228 0.92388 0.9237043 -0.01951698 0.3826087 0.9237465 -0.01701944 -0.3826261 0.3825234 -0.02874237 -0.9234986 -0.9238551 0.007384936 0.3826711 -0.3826815 -0.0006291548 0.9238801 -0.3826013 0.02047618 -0.9236866 -0.9238486 0.008281658 -0.3826684 -0.3810995 -0.09083573 -0.9200609 0.9220632 0.06268734 -0.3819289 0.9224263 0.05608137 0.3820793 -0.3826084 -0.01955733 0.9237036 -0.9195992 -0.0961578 -0.3809082 0.3812164 -0.08742334 -0.920343 -0.9227536 -0.04937283 0.3822148 0.3826509 -0.01267035 0.9238061 -0.3500369 -0.1211657 0.9288666 0.9288939 0.1612205 -0.3334129 0.9245169 -0.0494691 0.377917 -0.8745728 -0.1782463 0.4509441 0.312252 -0.2097854 -0.9265467 0.3466189 0.1295539 0.9290162 -0.9071443 0.06112489 -0.4163568 -0.3849003 0.03053447 -0.9224529 -0.3643574 0.08776636 0.9271142 0.9284015 0.1261487 0.34951 -0.3525393 -0.1184792 -0.9282665 0.3506387 -0.1233161 0.9283564 0.9282184 -0.1161508 -0.3534397 0.4501518 -0.1834296 -0.873909 -0.9283671 0.1239988 -0.3503695 -0.8834075 0.154156 0.4425236 0.5392376 0.2544834 -0.8027833 -0.2257281 0.1085504 0.9681238 -0.1863783 0.139966 -0.972457 0.1536116 -0.1825616 0.9711204 0.854466 -0.1856726 -0.4851945 0.9685721 -0.09823028 0.2285144 -0.814625 0.2471634 0.5246869 -0.8335075 0.2152546 -0.5088522 -0.4204787 -0.1019795 -0.901553 0.5090804 -0.1984919 -0.837519 0.9761412 -0.1700243 -0.1350562 -0.761104 0.2853546 -0.5824889 -0.9754861 0.1379774 0.1714324 0.7873708 0.257888 0.5599473 -0.1389602 -0.1666167 0.9761808 0.1661701 0.1426498 0.9757246 -0.8896042 0.1261557 -0.4389638 -0.9302583 0.149546 -0.3350455 -0.3641469 -0.08107781 -0.9278057 -0.4157009 -0.05553466 -0.9078043 0.3344766 -0.1508344 0.930255 0.3539867 0.1055867 0.9292712 -0.3554274 -0.1021456 0.9291058 -0.3378238 0.143228 0.9302477 0.9302445 -0.1531482 -0.3334529 0.9077213 -0.05591595 -0.4158311 -0.9291234 -0.1024968 0.3552803 -0.9302565 0.1503181 0.3347046 0.9293132 0.1064746 0.35361 0.8993962 0.09078886 0.4276025 0.4611291 -0.2013457 -0.8641874 0.3317995 -0.156873 -0.930215 0.3826814 -0.0008333233 0.92388 0.9237043 -0.01951698 0.3826087 0.9237465 -0.01701944 -0.3826261 0.3825234 -0.02874237 -0.9234986 -0.9238551 0.007384935 0.3826711 -0.3826815 -0.0006291441 0.9238801 -0.3826013 0.02047624 -0.9236866 -0.9238486 0.008281644 -0.3826684 -0.3810995 -0.09083558 -0.9200609 0.9220632 0.06268724 -0.3819289 0.9224263 0.05608147 0.3820793 -0.3826084 -0.01955731 0.9237036 -0.9195992 -0.09615696 -0.3809083 0.3812163 -0.0874236 -0.920343 -0.9227536 -0.04937242 0.3822148 0.3826509 -0.01267054 0.9238061 -0.3500287 -0.1211596 0.9288704 0.9288955 0.1612257 -0.3334057 0.9245182 -0.04947645 0.3779128 -0.8745712 -0.1782512 0.4509454 0.3122422 -0.2097927 -0.9265484 0.3466189 0.1295538 0.9290162 -0.907143 0.06113098 -0.4163587 -0.384895 0.03051961 -0.9224556 -0.3643488 0.08776002 0.9271182 0.9284015 0.1261487 0.34951 -0.3525318 -0.1184712 -0.9282704 0.3506386 -0.1233162 0.9283564 0.9282184 -0.1161508 -0.3534397 0.4501518 -0.1834296 -0.873909 -0.9283671 0.1239982 -0.3503698 -0.883406 0.1541609 0.4425249 0.5392169 0.2544951 -0.8027935 -0.2257304 0.1085479 0.9681235 -0.1863783 0.139966 -0.972457 0.1535913 -0.1825413 0.9711274 0.8544628 -0.1856772 -0.4851982 0.968572 -0.09822906 0.2285156 -0.8146291 0.2471581 0.524683 -0.8335041 0.2152334 -0.5088668 -0.4204784 -0.1019792 -0.9015532 0.5090908 -0.1985037 -0.8375099 0.9761402 -0.1700309 -0.1350548 -0.7611002 0.2853585 -0.5824921 -0.9754861 0.1379772 0.1714327 0.7873726 0.2578784 0.5599492 -0.1389602 -0.1666166 0.9761808 0.1661719 0.1426482 0.9757245 -0.8896021 0.1261628 -0.438966 -0.9302583 0.1495459 -0.3350455 -0.3641466 -0.08107852 -0.9278058 -0.4156997 -0.05553119 -0.9078051 0.3344766 -0.1508344 0.930255 0.3539867 0.1055867 0.9292712 -0.3554329 -0.10214 0.9291043 -0.3378239 0.143228 0.9302477 0.9302445 -0.1531482 -0.3334529 0.9077205 -0.05591597 -0.4158328 -0.9291234 -0.1024961 0.3552806 -0.9302565 0.1503181 0.3347046 0.9293132 0.1064747 0.3536099 0.8993962 0.09078889 0.4276026 0.4611292 -0.2013463 -0.8641872 0.3317995 -0.1568731 -0.930215 0.3826814 -0.0008333234 0.92388 0.9237043 -0.01951697 0.3826087 0.9237465 -0.01701945 -0.3826261 0.3825234 -0.0287418 -0.9234986 -0.9238551 0.00738494 0.3826711 -0.3826815 -0.0006291553 0.9238801 -0.3826013 0.02047625 -0.9236866 -0.9238486 0.008281661 -0.3826684 -0.3810995 -0.09083591 -0.9200609 0.9220632 0.06268723 -0.3819289 0.9224263 0.05608135 0.3820793 -0.3826084 -0.01955745 0.9237036 -0.9195992 -0.0961578 -0.3809082 0.3812163 -0.0874236 -0.920343 -0.9227536 -0.04937283 0.3822148 0.3826509 -0.01267054 0.9238061 -0.3500368 -0.1211659 0.9288666 0.92889 0.1612263 -0.3334207 0.9245129 -0.04947548 0.3779261 -0.8745728 -0.1782463 0.4509441 0.3122456 -0.2097781 -0.9265505 0.3466266 0.1295446 0.9290146 -0.9071443 0.06112489 -0.4163568 -0.3849003 0.03053431 -0.9224529 -0.3643575 0.0877663 0.9271142 0.9284015 0.1261487 0.34951 -0.3525394 -0.1184791 -0.9282665 0.3506384 -0.1233166 0.9283565 0.9282144 -0.1161567 -0.3534481 0.4501503 -0.1834234 -0.8739111 -0.9283671 0.1239988 -0.3503695 -0.8834075 0.1541559 0.4425236 0.5392094 0.2544853 -0.8028016 -0.2257299 0.1085485 0.9681236 -0.1863784 0.1399659 -0.972457 0.1535987 -0.1825415 0.9711262 0.8544527 -0.1856648 -0.4852206 0.9685719 -0.09822842 0.2285163 -0.8146304 0.2471565 0.5246818 -0.8335146 0.2152451 -0.5088447 -0.4204727 -0.1019732 -0.9015566 0.509089 -0.1985016 -0.8375115 0.9761402 -0.1700309 -0.1350548 -0.7611078 0.2853678 -0.5824776 -0.9754871 0.1379704 0.1714326 0.7873702 0.257881 0.5599514 -0.1389602 -0.1666166 0.9761808 0.1661725 0.1426477 0.9757245 -0.8896041 0.1261558 -0.4389638 -0.9302583 0.149546 -0.3350455 -0.3641469 -0.08107768 -0.9278057 -0.4156998 -0.05553132 -0.907805 0.3344766 -0.1508344 0.930255 0.3539864 0.1055875 0.9292712 -0.3554333 -0.1021392 0.9291043 -0.3378239 0.143228 0.9302477 0.9302445 -0.1531482 -0.3334529 0.9077198 -0.05591916 -0.4158339 -0.9291234 -0.1024968 0.3552803 -0.9302565 0.1503181 0.3347046 0.9293132 0.1064741 0.3536102 0.8993946 0.09079493 0.4276045 0.4611274 -0.2013398 -0.8641897 0.3317995 -0.1568731 -0.930215 0 1 0 0 1 0 -1 0 7.450584E-08 1 0 0 1 0 0 -1 0 2.120674E-09 0 1 0 0 1 -2.612088E-08 -1 0 -3.203752E-08 -1 0 -2.316265E-08 -1 0 3.402683E-08 -1 0 7.357163E-09 -1 0 -1.806105E-08 -1 0 0 -1 0 4.468474E-08 -1 0 4.240046E-08 -1 0 -3.218361E-09 -1 0 8.279033E-09 -1 0 7.768231E-09 0.3826815 0 0.9238803 -1 0 0 -1 0 0 -0.3826815 2.370812E-07 0.9238803 -1 0 4.232018E-08 -1 0 1.802498E-06 0 1 -6.584546E-07 -7.931031E-07 -1 0 0 1 -6.008331E-07 -0.3826815 7.703254E-06 0.9238803 0.3826815 7.466174E-06 0.9238803 -1 0 8.623647E-09 -1 0 3.59491E-10 0.9238803 0 0.3826815 0.9238803 0 0.3826815 0.9238803 6.614907E-09 -0.3826815 0.9238803 1.488716E-06 -0.3826815 -0.9238803 0 -0.3826815 -0.9238803 0 -0.3826815 -0.9238803 0 0.3826815 -0.9238803 0 0.3826815 0.3815534 0.07672644 -0.9211569 0.4591189 0.2096836 -0.8632743 0.4553215 0.1948599 -0.8687416 0.9102407 -0.04622975 -0.4114909 0.9731192 0.161397 -0.1642865 0.4282923 -0.0991781 0.8981811 0.3825175 0.02927371 0.9234844 0.1478704 -0.1771668 -0.9730089 -0.9013702 0.08636929 -0.424349 -0.4563923 -0.1989757 -0.8672455 -0.5460816 -0.2635824 -0.795185 0.4370104 0.1339342 0.8894288 0.5280231 0.2517411 0.8110598 -0.922174 -0.06074856 -0.3819748 -0.9288876 -0.1614232 -0.3333322 -0.9283649 0.1050193 0.3565242 -0.92094 -0.07971785 0.3814636 -0.9713236 0.1730728 -0.1630222 -0.9282785 -0.1190532 0.3523143 -0.9713581 -0.1672711 0.1687715 0.5210252 -0.2421313 -0.8184773 0.3357056 0.1603764 -0.928214 -0.8258182 -0.2323204 -0.5138594 -0.4993996 0.2128361 -0.8398219 -0.4362889 0.1313385 -0.8901697 -0.8979464 -0.1023832 -0.4280303 0.9062612 0.06244627 -0.4180802 0.9234278 -0.03129706 -0.3824941 -0.4366582 -0.1188263 0.8917454 -0.9238749 -0.003447998 0.3826793 -0.9294069 -0.1085846 -0.352721 -0.9761487 -0.1694626 -0.1357065 0.9755549 0.1392395 0.1700146 -0.5523058 0.2487333 0.7956696 -0.4483742 0.1569591 0.879957 -0.8929665 -0.1145536 0.4353025 -0.8252156 -0.2140447 0.5226892 0.8140009 0.2276365 -0.5344007 0.1299338 0.1744889 -0.9760486 0.3229499 0.1765593 -0.9298012 -0.1374496 -0.1679416 -0.9761676 -0.5871567 0.2911578 -0.7552974 -0.4406519 0.1315741 -0.8879832 -0.9095734 -0.04731144 -0.4128412 -0.9070327 -0.09196644 -0.4108939 0.3826412 0.01451545 -0.9237829 -0.3404454 0.1372263 -0.9301966 0.460953 0.2007092 -0.8644294 -0.5226138 -0.213958 0.8252859 0.9302357 -0.1415249 0.3385739 0.929919 0.1231264 -0.3465408 0.5829006 0.2859005 0.7605838 0.4544123 0.1775558 0.8729166 -0.884594 -0.1425709 -0.444035 -0.3826683 0.008297985 -0.9238485 0.4622791 0.2055209 -0.8625886 0.8784436 -0.1698234 0.4466507 -0.8934572 -0.1128168 0.4347489 -0.4430667 0.1561868 -0.8827783 -0.4463309 -0.1501428 -0.8821824 0.3826579 -0.01110915 0.9238233 -2.448779E-07 0 -1 -5.547552E-06 0 -1 -5.758882E-07 0 -1 -5.72146E-08 0 -1 2.654785E-07 0 -1 -2.238519E-08 0 -1 4.277729E-06 0 -1 -2.051406E-07 0 -1 0.3815535 0.0767258 -0.9211569 0.4591265 0.2096896 -0.8632689 0.4553284 0.1948649 -0.8687369 0.9102384 -0.04623785 -0.4114949 0.9731192 0.1613964 -0.1642871 0.4282923 -0.09917799 0.8981812 0.3825175 0.02927439 0.9234844 0.1478505 -0.1771459 -0.9730157 -0.9013693 0.08637311 -0.4243501 -0.4563699 -0.1989625 -0.8672603 -0.5460789 -0.2635787 -0.7951881 0.4370095 0.1339313 0.8894296 0.528003 0.251754 0.8110689 -0.922174 -0.06074856 -0.3819748 -0.9288876 -0.1614234 -0.3333321 -0.9283649 0.1050193 0.3565242 -0.92094 -0.07971786 0.3814636 -0.9713236 0.173074 -0.163021 -0.9282785 -0.1190532 0.3523143 -0.9713581 -0.1672697 0.1687728 0.521022 -0.242127 -0.8184806 0.3357055 0.1603765 -0.928214 -0.8258162 -0.2323232 -0.5138615 -0.4993999 0.2128365 -0.8398216 -0.4362758 0.1313373 -0.8901764 -0.897945 -0.1023888 -0.428032 0.9062612 0.06244622 -0.4180802 0.9234278 -0.03129706 -0.3824941 -0.4366562 -0.1188199 0.8917472 -0.9238749 -0.003447962 0.3826793 -0.9294069 -0.1085838 -0.3527213 -0.9761487 -0.1694626 -0.1357065 0.975555 0.139241 0.1700129 -0.5523008 0.2487273 0.7956749 -0.448365 0.1569436 0.8799645 -0.8929654 -0.1145578 0.4353038 -0.8252138 -0.214047 0.5226912 0.814006 0.2276144 -0.5344025 0.1299337 0.174489 -0.9760486 0.3229498 0.1765594 -0.9298012 -0.1374496 -0.1679416 -0.9761676 -0.5871512 0.291151 -0.7553043 -0.4406498 0.1315673 -0.8879852 -0.9095727 -0.04731471 -0.4128424 -0.9070313 -0.09196911 -0.4108965 0.3826412 0.01451551 -0.9237829 -0.3404455 0.1372263 -0.9301966 0.4609528 0.2007086 -0.8644296 -0.5226122 -0.2139561 0.8252874 0.9302357 -0.1415249 0.3385739 0.9299206 0.1231321 -0.3465346 0.582921 0.2858902 0.7605721 0.4544123 0.1775557 0.8729166 -0.8845918 -0.1425778 -0.4440371 -0.3826683 0.008297776 -0.9238485 0.4622791 0.2055209 -0.8625886 0.8784436 -0.1698235 0.4466507 -0.8934551 -0.1128242 0.4347513 -0.4430529 0.1561832 -0.8827859 -0.4463288 -0.1501356 -0.8821847 0.3826579 -0.01110915 0.9238233 -2.559533E-07 0 -1 -5.802194E-06 0 -1 -5.862638E-07 0 -1 -5.721441E-08 0 -1 3.235847E-07 0 -1 -1.87047E-08 0 -1 5.131315E-06 0 -1 -3.294351E-07 0 -1 0.3815535 0.07672491 -0.921157 0.4591047 0.2096798 -0.8632829 0.4553059 0.1948511 -0.8687518 0.9102341 -0.04623477 -0.4115049 0.9731123 0.1614168 -0.1643077 0.4282853 -0.09916441 0.898186 0.3825175 0.02927312 0.9234844 0.1478505 -0.1771459 -0.9730157 -0.901371 0.08636615 -0.424348 -0.4563922 -0.1989753 -0.8672457 -0.5460855 -0.2635877 -0.7951806 0.4370081 0.133926 0.8894311 0.5279878 0.2517456 0.8110813 -0.922174 -0.06074856 -0.3819748 -0.9288876 -0.1614232 -0.3333322 -0.9283649 0.1050193 0.3565242 -0.92094 -0.07971785 0.3814636 -0.9713236 0.1730728 -0.1630222 -0.9282785 -0.1190532 0.3523143 -0.9713581 -0.1672711 0.1687715 0.5210161 -0.2421189 -0.8184868 0.3357055 0.1603765 -0.928214 -0.8258222 -0.2323151 -0.5138555 -0.4994064 0.2128452 -0.8398156 -0.4362898 0.1313416 -0.8901688 -0.8979464 -0.1023832 -0.4280303 0.9062598 0.06245256 -0.4180824 0.9234278 -0.03129685 -0.3824941 -0.4366581 -0.1188261 0.8917455 -0.9238749 -0.003447999 0.3826793 -0.9294069 -0.1085845 -0.352721 -0.9761496 -0.169456 -0.1357079 0.975555 0.139241 0.1700129 -0.5523019 0.2487286 0.7956738 -0.4483673 0.1569513 0.879962 -0.8929654 -0.1145575 0.4353037 -0.8252144 -0.2140622 0.522684 0.8140044 0.2276162 -0.534404 0.1299337 0.174489 -0.9760486 0.3229498 0.1765594 -0.9298012 -0.1374507 -0.1679352 -0.9761686 -0.5871377 0.2911617 -0.7553107 -0.4406519 0.1315741 -0.8879832 -0.9095724 -0.04731593 -0.4128428 -0.9070257 -0.09197955 -0.4109065 0.3826412 0.01451552 -0.9237829 -0.3404455 0.1372263 -0.9301966 0.4609508 0.2007013 -0.8644324 -0.5225933 -0.2139577 0.825299 0.9302357 -0.1415249 0.3385739 0.9299206 0.1231313 -0.3465349 0.5829176 0.2858859 0.7605763 0.4544105 0.1775495 0.8729188 -0.884594 -0.1425709 -0.444035 -0.3826683 0.008297989 -0.9238485 0.4622773 0.2055142 -0.8625913 0.878442 -0.1698282 0.4466519 -0.8934572 -0.1128168 0.4347489 -0.4430667 0.1561868 -0.8827783 -0.4463309 -0.1501428 -0.8821824 0.3826579 -0.01110889 0.9238233 -2.448779E-07 0 -1 -5.547552E-06 0 -1 -5.758882E-07 0 -1 -5.721481E-08 0 -1 2.654751E-07 0 -1 -2.238531E-08 0 -1 4.2776E-06 0 -1 -2.051347E-07 0 -1 1 0 7.836275E-08 1 0 0 -1 0 7.836255E-08 -1 0 1.975363E-06 -1 0 7.062666E-08 0 -1 3.531333E-08 0 -1 3.725293E-08 0 -1 1.060333E-09 0 -1 0 -3.965515E-07 -1 0 0 -1 0 -3.965513E-07 -1 0 0.3826815 0 -0.9238803 0.3826815 1.328977E-05 -0.9238803 -0.3826815 0 -0.9238803 -0.3826815 0 -0.9238803 -0.3826815 0 0.9238803 -0.3826815 0 0.9238803 0.3826815 0 0.9238803 0.3826815 0 0.9238803 0.3826815 2.799816E-06 -0.9238803 0.3826815 0 -0.9238803 -0.3826815 8.890588E-08 -0.9238803 -0.3826815 2.88872E-06 -0.9238803 1 0 1.802499E-06 1 0 1.975363E-06 0 -1 0 0 -1 0 0.9683303 0.1104749 0.2239009 0.9700223 -0.1295912 -0.2055796 0.162536 0.1735698 -0.9713164 -0.1566897 -0.1794447 -0.9712095 0.5106635 -0.2175241 0.8318089 -0.9731411 -0.1649917 -0.1605431 -0.9731077 0.1602053 0.1655163 -0.2023311 -0.1242943 0.9713975 0.1663426 0.1594554 0.97309 -0.8213031 -0.2313709 0.5214679 0.1362872 -0.1689506 -0.9761565 -0.1467238 0.1598229 -0.9761807 0.8406558 -0.1944225 -0.5054679 0.5594209 0.2572435 -0.7879556 -0.9757262 -0.142713 0.1661064 0.9756676 -0.141458 0.1675183 0.9761911 0.1648367 -0.1409958 -0.9761928 0.1637911 -0.142197 0.1702736 -0.1389701 0.9755481 -0.1440469 0.1621707 0.9761922 0.9683302 0.1104737 0.2239021 0.9700222 -0.1295906 -0.2055802 0.162536 0.1735698 -0.9713164 -0.1566897 -0.1794447 -0.9712095 0.5106438 -0.2175386 0.8318172 -0.9731343 -0.1650138 -0.1605618 -0.9731077 0.160204 0.1655177 -0.2023387 -0.1242919 0.9713962 0.1663226 0.1594345 0.9730968 -0.8213074 -0.2313653 0.5214636 0.1362858 -0.1689573 -0.9761555 -0.1467238 0.1598229 -0.9761807 0.8406669 -0.1944079 -0.505455 0.5594448 0.2572466 -0.7879376 -0.9757262 -0.1427127 0.1661067 0.9756687 -0.1414586 0.1675113 0.9761911 0.1648369 -0.1409957 -0.9761928 0.1637911 -0.142197 0.1702953 -0.1389897 0.9755416 -0.1440469 0.1621707 0.9761922 0.9683315 0.1104661 0.2239002 0.9700221 -0.1295901 -0.2055807 0.162536 0.1735698 -0.9713164 -0.1566897 -0.1794447 -0.9712095 0.5106369 -0.2175299 0.8318237 -0.9731411 -0.1649917 -0.1605431 -0.9731077 0.1602053 0.1655163 -0.2023332 -0.1242922 0.9713973 0.1663226 0.1594345 0.9730968 -0.8213087 -0.2313635 0.5214622 0.1362873 -0.1689506 -0.9761565 -0.1467238 0.1598229 -0.9761807 0.8406652 -0.1944101 -0.5054569 0.5594299 0.2572544 -0.7879456 -0.9757262 -0.1427128 0.1661066 0.9756687 -0.1414586 0.1675112 0.9761911 0.1648369 -0.1409957 -0.9761928 0.163791 -0.1421972 0.170296 -0.1389891 0.9755415 -0.1440481 0.162164 0.9761931 0 1 -2.612088E-08 0 1 0 -1 0 7.836255E-08 -1 0 2.120674E-09 1 0 7.836275E-08 1 0 0 0 -1 0 0 -1 1.060333E-09  
			<BiTangents>: 535 0.0003188972 0.9999996 0.0007698905 0.01803135 0.9998096 0.007468787 0.01572392 0.9998552 -0.006513025 0.01099918 0.9995869 -0.02655452 0.006822797 0.9999728 -0.002826079 -0.0002407659 0.9999998 0.0005812637 0.007835859 0.9997904 0.01891754 0.007651262 0.9999657 0.003169238 -0.03476116 0.9958659 -0.08392134 -0.05791561 0.9980332 0.02398929 -0.05181247 0.9984262 -0.0214613 -0.00748423 0.9998088 0.01806863 -0.0888383 0.9953662 -0.03679782 0.0334553 0.9961712 -0.0807687 -0.04561459 0.9987804 0.01889407 0.00484871 0.9999197 0.01170589 -0.3757226 0.9265003 -0.02073137 -0.01957606 0.9203898 0.3905116 -0.09217096 0.9330929 0.3476236 -0.3136003 0.9172307 -0.2456475 0.4076469 0.9105454 -0.06878293 -0.3788781 0.9253646 0.01231597 0.2007785 0.9323881 -0.3005667 0.3399192 0.9338905 -0.1109207 0.3529534 0.9342897 0.05026564 0.01205382 0.9298887 -0.3676435 -0.3647581 0.9308936 0.01971424 0.3665856 0.9302652 -0.0148891 -0.02202778 0.9311904 -0.3638672 -0.2338424 0.9203044 -0.3136203 -0.01420777 0.9301745 0.3668428 0.2857596 0.9256544 0.2480026 0.5048944 0.6652461 0.5500267 0.687035 0.7222949 0.07920237 0.7148093 0.6983672 -0.03648212 0.7066687 0.7072278 0.02117155 0.4657162 0.6876285 0.5570238 -0.09418927 0.7054489 0.7024745 0.5290772 0.6873161 0.4976686 0.5022659 0.6789337 -0.5355166 0.6399463 0.6710539 -0.3743734 -0.5719884 0.6490871 -0.5015129 0.01017923 0.6571348 -0.7537044 0.6112888 0.6158619 -0.4970315 -0.03715055 0.6645866 -0.7462871 -0.5770617 0.6278923 0.5222557 -0.7529944 0.658007 0.005120641 -0.747461 0.6636153 0.03027604 0.272007 0.9184052 -0.2873051 0.001674947 0.9148875 0.4037053 -0.3776645 0.9234769 0.06752694 0.3200409 0.9253644 -0.2031617 0.4041768 0.914676 0.002985133 -0.3871825 0.9210073 0.04284144 -0.3858818 0.9213846 -0.04632155 0.4013833 0.915898 0.004745637 0.005338856 0.9142915 -0.4050218 0.2035248 0.925352 0.3198459 0.04596736 0.9213456 0.3860173 0.002460104 0.914761 -0.4039879 0.04195457 0.9208943 -0.387548 -0.2376274 0.9225835 0.3039292 -0.2501868 0.9048995 -0.3443305 0.4063774 0.9136598 -0.009129893 0.0003188975 0.9999996 0.0007698911 0.01803135 0.9998096 0.007468787 0.01572392 0.9998552 -0.006513024 0.01099918 0.9995869 -0.02655452 0.006822797 0.9999728 -0.002826079 -0.0002407619 0.9999998 0.0005812539 0.007835879 0.9997904 0.01891759 0.007651248 0.9999657 0.003169232 -0.0347611 0.9958659 -0.0839212 -0.05791551 0.9980332 0.02398925 -0.05181257 0.9984262 -0.02146135 -0.007484222 0.9998088 0.01806862 -0.08883753 0.9953662 -0.03679749 0.0334554 0.9961712 -0.08076894 -0.04561421 0.9987804 0.01889392 0.00484878 0.9999197 0.01170606 -0.3757119 0.9265047 -0.02072942 -0.01957272 0.9203786 0.3905382 -0.09217367 0.9330823 0.3476512 -0.313605 0.9172298 -0.2456452 0.407674 0.9105333 -0.06878235 -0.3788781 0.9253647 0.01231606 0.2007845 0.9323878 -0.300564 0.3398813 0.9339048 -0.1109172 0.3529432 0.9342937 0.05026414 0.01205382 0.9298887 -0.3676435 -0.3647469 0.930898 0.01971441 0.3665856 0.9302652 -0.01488903 -0.0220278 0.9311904 -0.3638672 -0.2338424 0.9203044 -0.3136203 -0.01420836 0.9301745 0.3668426 0.2857643 0.9256536 0.2480003 0.5049102 0.6652364 0.5500238 0.6870342 0.7222953 0.07920568 0.7148093 0.6983672 -0.03648213 0.7066683 0.7072282 0.02117154 0.4657219 0.6876273 0.5570205 -0.09419094 0.705449 0.7024741 0.5290709 0.687318 0.4976726 0.5022583 0.6789455 -0.5355088 0.6399465 0.6710539 -0.374373 -0.5719791 0.6490835 -0.5015282 0.01017952 0.6571169 -0.7537199 0.6112936 0.6158601 -0.4970278 -0.03715096 0.6645867 -0.746287 -0.5770611 0.6278798 0.5222715 -0.7529944 0.658007 0.00512062 -0.7474607 0.6636157 0.03027841 0.2720138 0.9184041 -0.2873017 0.001674849 0.9148875 0.4037053 -0.3776648 0.9234769 0.06752621 0.3200425 0.9253646 -0.2031583 0.4041768 0.914676 0.002985157 -0.3871825 0.9210073 0.04284142 -0.3858553 0.9213958 -0.04631805 0.4013833 0.915898 0.00474566 0.005338868 0.9142915 -0.4050218 0.2035358 0.9253414 0.3198696 0.04596808 0.9213457 0.3860171 0.002460104 0.914761 -0.4039879 0.04195447 0.9208943 -0.387548 -0.2376274 0.9225835 0.3039292 -0.2501865 0.9048994 -0.344331 0.4063774 0.9136598 -0.009129931 0.0003188975 0.9999996 0.0007698911 0.01803135 0.9998096 0.007468785 0.01572393 0.9998552 -0.006513028 0.01099896 0.9995869 -0.02655399 0.0068228 0.9999728 -0.00282608 -0.0002407661 0.9999998 0.0005812641 0.007835883 0.9997904 0.01891761 0.007651264 0.9999657 0.003169239 -0.03476122 0.9958659 -0.08392151 -0.0579155 0.9980332 0.02398925 -0.05181246 0.9984262 -0.0214613 -0.007484274 0.9998088 0.01806874 -0.0888383 0.9953662 -0.03679782 0.0334554 0.9961712 -0.08076894 -0.04561459 0.9987804 0.01889407 0.00484878 0.9999197 0.01170606 -0.3757226 0.9265003 -0.02073124 -0.01957392 0.9203852 0.3905227 -0.09217264 0.933089 0.3476337 -0.3136003 0.9172307 -0.2456475 0.4076349 0.9105508 -0.06878357 -0.3788499 0.9253762 0.0123162 0.2007785 0.9323881 -0.3005667 0.3399191 0.9338905 -0.1109209 0.3529534 0.9342897 0.05026571 0.01205383 0.9298887 -0.3676435 -0.3647581 0.9308936 0.01971432 0.3665858 0.9302651 -0.01488858 -0.02202972 0.9311863 -0.3638776 -0.2338454 0.9203056 -0.3136144 -0.01420777 0.9301745 0.3668428 0.2857595 0.9256545 0.2480027 0.5049182 0.6652402 0.5500119 0.6870344 0.7222952 0.07920491 0.7148093 0.6983672 -0.03648219 0.7066526 0.7072439 0.02117178 0.465726 0.6876356 0.5570068 -0.09419182 0.7054491 0.7024738 0.5290689 0.6873186 0.4976739 0.5022542 0.6789367 -0.5355237 0.6399502 0.6710548 -0.3743649 -0.5719808 0.6490842 -0.5015255 0.01017952 0.6571169 -0.7537199 0.6112856 0.615873 -0.4970216 -0.03715025 0.664604 -0.7462717 -0.5770645 0.6278787 0.5222691 -0.7529944 0.658007 0.00512062 -0.7474605 0.6636158 0.03027914 0.2720071 0.9184051 -0.2873051 0.001674947 0.9148875 0.4037053 -0.3776644 0.9234769 0.06752706 0.3200424 0.9253646 -0.2031585 0.4041768 0.914676 0.002985169 -0.3871828 0.9210072 0.0428407 -0.385855 0.921396 -0.0463189 0.4013833 0.915898 0.00474566 0.005338868 0.9142915 -0.4050218 0.2035389 0.9253412 0.3198681 0.0459674 0.9213456 0.3860173 0.002460104 0.914761 -0.4039879 0.04195514 0.9208944 -0.3875478 -0.2376333 0.9225829 0.3039263 -0.2501898 0.9049008 -0.3443248 0.4063774 0.9136598 -0.009129931 0 0 -1 0 0 -1 -7.450584E-08 0 -1 0 0 -1 0 0 -1 2.120674E-09 0 1 0 0 -1 0 -2.612088E-08 -1 -3.203752E-08 0 1 -2.316265E-08 0 1 -3.402683E-08 0 -1 -7.357163E-09 0 -1 -1.806105E-08 0 1 0 0 1 -4.468474E-08 0 -1 -4.240046E-08 0 -1 -3.218361E-09 0 1 8.279033E-09 0 1 -7.768231E-09 0 -1 0 -1 0 0 0 1 0 0 1 -9.072658E-08 -1 2.190346E-07 -4.232018E-08 0 -1 1.802498E-06 0 1 0 6.584546E-07 1 1 -7.931031E-07 0 0 6.008331E-07 1 -2.947893E-06 -1 7.116885E-06 2.857167E-06 -1 6.897852E-06 -8.623647E-09 0 -1 -3.59491E-10 0 -1 0 -1 0 0 -1 0 6.111383E-09 -1 -2.531403E-09 1.375395E-06 -1 -5.69704E-07 0 -1 0 0 -1 0 0 -1 0 0 -1 0 -0.02936179 0.9970522 0.07088605 0.229972 0.9105689 0.3434781 0.237402 0.9138559 0.3294053 0.1862498 0.933259 0.307146 0.006530396 0.6937278 0.7202077 -0.2833002 0.9291112 0.2376834 -0.01120251 0.9995714 -0.0270454 0.723761 0.689874 -0.0156216 0.2252876 0.9303893 -0.2891735 0.2353707 0.9129581 -0.3333288 0.4974777 0.6616884 -0.5609674 0.2575935 0.9287959 -0.2664278 0.4941344 0.6856575 -0.5345137 -0.0561244 0.9981531 -0.02324735 -0.01976403 0.9203404 -0.3906187 -0.03689748 0.9284691 -0.3695724 -0.07364976 0.9968175 0.03050655 0.008190432 0.7096047 0.7045524 0.01914178 0.9308203 0.3649754 -0.0002565501 0.7109947 0.7031974 -0.5014809 0.6891209 -0.5230957 -0.3802903 0.9246004 0.02221314 -0.5114302 0.6924741 0.5088407 -0.5230206 0.6987246 0.4880916 -0.2588135 0.9291665 0.2639416 -0.2361347 0.9328011 0.2722545 -0.209938 0.9249237 -0.3169264 0.02891474 0.9995102 -0.01197681 0.2907972 0.9193822 0.2649027 -0.003185538 0.9999941 0.001319485 0.03982498 0.920648 -0.3883573 -0.00933545 0.6572637 -0.7536029 0.03529761 0.6643233 -0.7466114 -0.5303478 0.6315584 -0.5655662 -0.2723857 0.913645 -0.3017597 -0.2607568 0.9199243 -0.2928228 -0.5215098 0.6441258 -0.5595798 -0.5388485 0.6394653 -0.5483853 -0.7546196 0.6559472 0.0168075 -0.4134451 0.9100605 0.02920794 -0.753287 0.657654 -0.007077127 -0.4915085 0.6131396 0.618449 -0.2847092 0.9176446 0.2772529 -0.1950887 0.9258212 0.3237214 -0.3608947 0.6724993 0.6461422 -0.005554796 0.9998946 0.01341054 0.3991621 0.9168163 -0.01083812 0.250511 0.9050409 0.3437226 0.5596502 0.6441546 0.5213987 -0.006466588 0.9161733 0.40073 0.02511725 0.9188269 0.3938608 0.496543 0.6156029 -0.6119462 0.2621887 0.9098665 -0.3215586 -0.2878835 0.9160004 0.2794035 0.003175486 0.9999656 0.007666346 0.2480554 0.9039604 0.3483162 0.3006849 0.9229119 -0.2404623 -0.2590707 0.920139 -0.293644 -0.247031 0.9253139 0.2876974 0.2757211 0.9147898 -0.2951906 0.004251265 0.9999383 0.01026352 1 0 -2.448779E-07 1 0 -5.547552E-06 1 0 -5.758882E-07 1 0 -5.72146E-08 1 0 2.654785E-07 1 0 -2.238519E-08 1 0 4.277729E-06 1 0 -2.051406E-07 -0.02936155 0.9970523 0.07088546 0.2299916 0.910557 0.3434963 0.2374223 0.9138444 0.3294223 0.1862687 0.9332484 0.3071666 0.006531197 0.693728 0.7202076 -0.2833002 0.9291112 0.2376833 -0.01120277 0.9995714 -0.02704604 0.7237606 0.6898744 -0.01562158 0.2252913 0.9303889 -0.2891717 0.2353508 0.9129751 -0.3332965 0.4974807 0.6616899 -0.560963 0.2575949 0.9287964 -0.266425 0.4941489 0.6856479 -0.5345128 -0.0561244 0.9981531 -0.02324735 -0.01976418 0.9203404 -0.3906187 -0.03689748 0.9284691 -0.3695724 -0.07364976 0.9968175 0.03050655 0.008192162 0.7096044 0.7045527 0.0191418 0.9308203 0.3649754 -0.000254718 0.7109951 0.703197 -0.5014842 0.6891225 -0.5230905 -0.3802903 0.9246004 0.02221323 -0.5114337 0.6924731 0.5088386 -0.5230203 0.6987245 0.4880922 -0.2588095 0.9291701 0.2639331 -0.2361401 0.9328005 0.2722519 -0.209938 0.9249237 -0.3169264 0.02891474 0.9995102 -0.01197681 0.2908002 0.919383 0.2648965 -0.003185505 0.9999941 0.001319472 0.03982575 0.920648 -0.3883569 -0.00933545 0.6572637 -0.7536029 0.03529547 0.664323 -0.7466118 -0.5303531 0.6315608 -0.5655587 -0.2723705 0.9136584 -0.3017329 -0.2607608 0.9199237 -0.2928208 -0.5215127 0.644125 -0.559578 -0.5388392 0.6394567 -0.5484046 -0.7546196 0.6559472 0.01680757 -0.4134451 0.9100605 0.02920808 -0.7532869 0.657654 -0.007077095 -0.4915151 0.6131429 0.6184405 -0.2847125 0.9176455 0.2772463 -0.1950919 0.9258211 0.3237199 -0.3608983 0.6724989 0.6461406 -0.005554818 0.9998946 0.01341059 0.3991621 0.9168164 -0.01083817 0.2505113 0.905041 0.343722 0.5596517 0.6441552 0.5213962 -0.006466576 0.9161733 0.40073 0.02512036 0.9188154 0.3938873 0.4965246 0.6156135 -0.6119505 0.2621887 0.9098666 -0.3215585 -0.2878901 0.9159994 0.2794002 0.003175406 0.9999656 0.007666152 0.2480554 0.9039604 0.3483161 0.3006849 0.9229119 -0.2404623 -0.2590778 0.920138 -0.2936405 -0.2470285 0.9253179 0.2876868 0.2757246 0.914791 -0.2951837 0.004251265 0.9999383 0.01026352 1 0 -2.559533E-07 1 0 -5.802194E-06 1 0 -5.862638E-07 1 0 -5.721441E-08 1 0 3.235847E-07 1 0 -1.87047E-08 1 0 5.131315E-06 1 0 -3.294351E-07 -0.02936121 0.9970523 0.07088464 0.2299704 0.9105734 0.3434672 0.2374026 0.9138614 0.3293895 0.1862625 0.9332552 0.3071499 0.006531816 0.6937282 0.7202073 -0.2832827 0.9291229 0.2376587 -0.01120228 0.9995714 -0.02704486 0.7237606 0.6898743 -0.0156216 0.2252845 0.9303896 -0.2891749 0.2353709 0.9129583 -0.3333284 0.4974734 0.6616864 -0.5609737 0.2575973 0.9287971 -0.2664199 0.4941449 0.6856672 -0.5344916 -0.0561244 0.9981531 -0.02324735 -0.01976403 0.9203404 -0.3906187 -0.03689748 0.9284691 -0.3695724 -0.07364976 0.9968175 0.03050655 0.008190432 0.7096047 0.7045524 0.01914178 0.9308203 0.3649754 -0.0002565501 0.7109947 0.7031974 -0.5014904 0.6891254 -0.5230809 -0.3802903 0.9246004 0.02221323 -0.5114239 0.6924758 0.5088446 -0.523014 0.6987219 0.4881026 -0.2588121 0.9291661 0.2639446 -0.2361347 0.9328011 0.2722545 -0.2099442 0.9249232 -0.3169235 0.02891454 0.9995102 -0.01197673 0.2907973 0.9193822 0.2649025 -0.003185539 0.9999941 0.001319486 0.03982498 0.920648 -0.3883573 -0.009335245 0.6572815 -0.7535874 0.03529547 0.664323 -0.7466118 -0.5303519 0.6315603 -0.5655603 -0.2723667 0.9136571 -0.3017403 -0.2607606 0.9199238 -0.2928209 -0.5215136 0.6441364 -0.5595641 -0.5388415 0.639456 -0.5484031 -0.7546196 0.6559472 0.01680758 -0.4134451 0.9100605 0.02920809 -0.7532714 0.6576717 -0.007077222 -0.4915078 0.6131551 0.6184343 -0.2847092 0.9176446 0.2772529 -0.1950931 0.9258209 0.3237194 -0.3609124 0.6724975 0.6461342 -0.00555482 0.9998946 0.0134106 0.3991621 0.9168164 -0.01083817 0.250515 0.9050427 0.343715 0.5596489 0.6441711 0.5213796 -0.006466576 0.9161733 0.40073 0.02512114 0.9188155 0.3938871 0.4965287 0.6156154 -0.6119453 0.2621918 0.9098678 -0.3215525 -0.2878835 0.9160004 0.2794035 0.003175487 0.9999656 0.007666349 0.2480588 0.903962 0.3483098 0.3006894 0.9229111 -0.24046 -0.2590707 0.920139 -0.293644 -0.247031 0.9253139 0.2876974 0.2757211 0.9147898 -0.2951906 0.004251166 0.9999383 0.01026328 1 0 -2.448779E-07 1 0 -5.547552E-06 1 0 -5.758882E-07 1 0 -5.721481E-08 1 0 2.654751E-07 1 0 -2.238531E-08 1 0 4.2776E-06 1 0 -2.051347E-07 7.836275E-08 0 -1 0 0 -1 7.836255E-08 0 1 1.975363E-06 0 1 -7.062666E-08 0 -1 0 -3.531333E-08 -1 0 -3.725293E-08 -1 0 -1.060333E-09 -1 0 0 -1 1 -3.965515E-07 0 1 0 0 1 -3.965513E-07 0 0 -1 0 5.08575E-06 -1 -1.227816E-05 0 -1 0 0 -1 0 0 -1 0 0 -1 0 0 -1 0 0 -1 0 1.071438E-06 -1 -2.586695E-06 0 -1 0 -3.402264E-08 -1 -8.213839E-08 -1.10546E-06 -1 -2.668832E-06 -1.802499E-06 0 1 -1.975363E-06 0 1 0 0 1 0 0 1 0.07661992 0.7220184 -0.6876182 -0.05090322 0.7188334 -0.6933163 -0.7046506 0.709499 0.008870931 -0.7059736 0.7080359 -0.01692164 -0.5337774 0.6782311 0.5050586 0.001484748 0.692866 -0.7210649 -0.0082017 0.6939883 -0.7199396 -0.7104722 0.7013105 -0.0582478 -0.71974 0.6941817 0.009282241 -0.5219838 0.6736119 -0.5232398 0.7534828 0.6574116 -0.008584708 0.7515355 0.659674 -0.004955159 0.4962389 0.6503339 0.5751633 0.5228373 0.6281402 0.5762648 0.03019361 0.6635858 0.7474906 -0.0320283 0.663886 0.7471477 -0.002480963 0.6584551 0.7526159 0.0009213516 0.6586999 0.7524052 0.7465487 0.6643744 -0.03566138 0.7520532 0.6591007 0.001479347 0.07662162 0.7220186 -0.6876178 -0.050904 0.7188335 -0.6933161 -0.7046506 0.709499 0.008870972 -0.7059736 0.7080359 -0.01692166 -0.5337903 0.6782213 0.5050581 0.001482963 0.6928657 -0.7210652 -0.008203576 0.6939886 -0.7199392 -0.7104563 0.7013264 -0.05824978 -0.7197402 0.6941814 0.009282265 -0.521977 0.6736138 -0.5232441 0.7534983 0.6573938 -0.008585045 0.7515355 0.659674 -0.004955169 0.4962201 0.6503382 0.5751746 0.5228336 0.628122 0.5762878 0.03019399 0.6635859 0.7474906 -0.03202707 0.6638703 0.7471616 -0.002481199 0.6584551 0.7526159 0.0009213516 0.6586999 0.7524052 0.7465475 0.6643757 -0.03566442 0.7520532 0.6591007 0.001479347 0.0766206 0.7220334 -0.6876025 -0.05090465 0.7188336 -0.6933159 -0.7046506 0.709499 0.008870952 -0.7059736 0.7080359 -0.01692165 -0.5337968 0.6782241 0.5050474 0.001484748 0.692866 -0.7210649 -0.0082017 0.6939883 -0.7199396 -0.7104716 0.7013109 -0.05825063 -0.7197402 0.6941814 0.009282265 -0.5219749 0.6736144 -0.5232454 0.7534828 0.6574116 -0.008584667 0.7515355 0.659674 -0.004955169 0.4962229 0.6503376 0.575173 0.5228276 0.6281357 0.5762784 0.0301939 0.6635858 0.7474906 -0.03202705 0.6638703 0.7471616 -0.002481199 0.6584551 0.7526159 0.0009211559 0.6587 0.7524052 0.7465473 0.6643758 -0.03566533 0.7520377 0.6591184 0.001479483 0 2.612088E-08 1 0 0 1 -7.836255E-08 0 -1 -2.120674E-09 0 -1 -7.836275E-08 0 1 0 0 1 0 0 1 0 1.060333E-09 1  
			<SubMeshes>: 1
				<SubMesh>: 0 1200 213 212 205 205 204 213 204 208 213 204 201 208 201 200 208 200 209 208 214 220 221 214 221 211 207 206 215 215 222 207 222 202 207 222 223 202 223 203 202 223 210 203 224 225 226 224 226 227 228 229 230 228 230 231 13 20 23 13 23 8 232 9 17 232 17 233 12 8 23 12 23 22 10 18 17 10 17 9 11 16 21 11 21 15 234 235 36 234 36 32 18 37 236 18 236 17 237 18 10 237 10 238 11 14 19 11 19 16 20 239 34 20 34 23 240 241 242 240 242 39 33 24 27 33 27 35 243 25 467 243 467 244 245 246 247 245 247 248 51 40 43 51 43 48 33 38 31 33 31 24 60 1 2 60 2 56 249 30 250 249 250 251 252 468 28 252 28 29 469 253 26 469 26 470 471 37 18 471 18 237 246 472 473 246 473 247 467 25 28 467 28 468 254 255 256 254 256 257 16 474 475 16 475 21 16 19 476 16 476 474 62 258 259 62 259 3 55 5 0 55 0 52 49 7 4 49 4 58 260 58 4 55 261 5 47 53 54 47 54 46 45 61 53 45 53 47 44 59 262 44 262 263 264 60 56 264 56 42 265 266 267 265 267 268 269 258 62 269 62 41 270 271 50 270 50 272 273 274 275 273 275 276 271 277 6 271 6 50 63 477 478 63 478 278 57 479 480 57 480 279 260 280 481 260 481 58 281 482 483 281 483 282 58 481 484 58 484 49 60 264 283 60 283 284 52 485 486 52 486 55 285 50 6 49 286 7 250 30 262 250 262 59 26 253 63 26 63 278 29 28 282 29 282 287 28 25 281 28 281 282 53 61 288 53 288 27 24 31 289 24 289 54 27 24 54 27 54 53 30 290 291 30 291 262 292 1 60 292 60 284 293 294 295 295 296 293 296 297 293 296 298 297 298 299 297 298 300 299 77 84 87 77 87 72 301 73 81 301 81 302 76 72 87 76 87 86 74 82 81 74 81 73 75 80 85 75 85 79 303 304 100 303 100 96 82 101 305 82 305 81 306 82 74 306 74 307 75 78 83 75 83 80 84 308 98 84 98 87 309 310 311 309 311 103 97 88 91 97 91 99 312 89 487 312 487 313 314 315 316 314 316 317 115 104 107 115 107 112 97 102 95 97 95 88 124 65 66 124 66 120 318 94 319 318 319 320 321 488 92 321 92 93 489 322 90 489 90 490 491 101 82 491 82 306 315 492 493 315 493 316 487 89 92 487 92 488 323 324 325 323 325 326 80 494 495 80 495 85 80 83 496 80 496 494 126 327 328 126 328 67 119 69 64 119 64 116 113 71 68 113 68 122 329 122 68 119 330 69 111 117 118 111 118 110 109 125 117 109 117 111 108 123 331 108 331 332 333 124 120 333 120 106 334 335 336 334 336 337 338 327 126 338 126 105 339 340 114 339 114 341 342 343 344 342 344 345 340 346 70 340 70 114 127 497 498 127 498 347 121 499 500 121 500 348 329 349 501 329 501 122 350 502 503 350 503 351 122 501 504 122 504 113 124 333 352 124 352 353 116 505 506 116 506 119 354 114 70 113 355 71 319 94 331 319 331 123 90 322 127 90 127 347 93 92 351 93 351 356 92 89 350 92 350 351 117 125 357 117 357 91 88 95 358 88 358 118 91 88 118 91 118 117 94 359 360 94 360 331 361 65 124 361 124 353 362 363 364 364 365 362 365 366 362 365 367 366 367 368 366 367 369 368 141 148 151 141 151 136 370 137 145 370 145 371 140 136 151 140 151 150 138 146 145 138 145 137 139 144 149 139 149 143 372 373 164 372 164 160 146 165 374 146 374 145 375 146 138 375 138 376 139 142 147 139 147 144 148 377 162 148 162 151 378 379 380 378 380 167 161 152 155 161 155 163 381 153 507 381 507 382 383 384 385 383 385 386 179 168 171 179 171 176 161 166 159 161 159 152 188 129 130 188 130 184 387 158 388 387 388 389 390 508 156 390 156 157 509 391 154 509 154 510 511 165 146 511 146 375 384 512 513 384 513 385 507 153 156 507 156 508 392 393 394 392 394 395 144 514 515 144 515 149 144 147 516 144 516 514 190 396 397 190 397 131 183 133 128 183 128 180 177 135 132 177 132 186 398 186 132 183 399 133 175 181 182 175 182 174 173 189 181 173 181 175 172 187 400 172 400 401 402 188 184 402 184 170 403 404 405 403 405 406 407 396 190 407 190 169 408 409 178 408 178 410 411 412 413 411 413 414 409 415 134 409 134 178 191 517 518 191 518 416 185 519 520 185 520 417 398 418 521 398 521 186 419 522 523 419 523 420 186 521 524 186 524 177 188 402 421 188 421 422 180 525 526 180 526 183 423 178 134 177 424 135 388 158 400 388 400 187 154 391 191 154 191 416 157 156 420 157 420 425 156 153 419 156 419 420 181 189 426 181 426 155 152 159 427 152 427 182 155 152 182 155 182 181 158 428 429 158 429 400 430 129 188 430 188 422 431 432 433 433 434 431 434 435 431 434 436 435 436 437 435 436 438 437 198 199 192 198 192 193 219 217 527 219 527 528 439 440 195 439 195 196 441 442 216 441 216 197 443 529 530 443 530 194 444 445 446 444 446 447 448 449 450 448 450 218 226 451 452 226 452 227 228 453 454 228 454 229 455 231 230 455 230 456 224 457 458 224 458 225 459 460 461 459 461 462 463 464 531 463 531 532 533 534 465 533 465 466  
		</Mesh>
		<Materials>: 1
			<Material>: 0
				<AlbedoColor>: 1 1 1 1
				<EmissiveColor>: 0 0 0 0
				<Glossiness>: 0
				<Metallic>: 0
				<SpecularHighlight>: 1
				<GlossyReflection>: 1
				<AlbedoMap>: BLD_BrickHouse1_A
				<MetallicMap>: BLD_BrickHouse1_MS
				<NormalMap>: BLD_BrickHouse1_N
				<EmissionMap>: null
				<DetailAlbedoMap>: DET_Concrete1_A
				<DetailNormalMap>: DET_Concrete1_N
		</Materials>
		<Children>: 5
			<Frame>: 1 0 BrickHouse_Deco_Handrail_A_bb
				<Transform>: 0 -0.512 0 0 0 0 1 1 1 0 0 0 1  
				<TransformMatrix>: 1 0 0 0 0 1 0 0 0 0 1 0 0 -0.512 0 1  
				<BoxCollider>: 1 -0.007537842 0.02008146 -0.03012192 0.1917114 1.040163 0.06622314  
				<Children>: 0
			</Frame>
			<Frame>: 2 0 BrickHouse_Deco_Handrail_A_bb1
				<Transform>: 0 -0.076 -0.826 90 0 0 1 1 1 0.7071068 0 0 0.7071068  
				<TransformMatrix>: 1 0 0 0 0 -1.192093E-07 1 0 0 -1 -1.192093E-07 0 0 -0.076 -0.826 1  
				<BoxCollider>: 1 -0.006378174 -0.1765072 -0.02663995 0.1011353 1.949889 0.1010646  
				<Children>: 0
			</Frame>
			<Frame>: 3 0 BrickHouse_Deco_Handrail_A_bb2
				<Transform>: 0 -0.512 -0.346 0 0 0 1 1 1 0 0 0 1  
				<TransformMatrix>: 1 0 0 0 0 1 0 0 0 0 1 0 0 -0.512 -0.346 1  
				<BoxCollider>: 1 0.006072998 0.001021326 -0.03012192 0.07897949 1.002043 0.06622314  
				<Children>: 0
			</Frame>
			<Frame>: 4 0 BrickHouse_Deco_Handrail_A_bb3
				<Transform>: 0 -0.512 -0.938 0 0 0 1 1 1 0 0 0 1  
				<TransformMatrix>: 1 0 0 0 0 1 0 0 0 0 1 0 0 -0.512 -0.938 1  
				<BoxCollider>: 1 0.006072998 0.001021326 -0.03012192 0.07897949 1.002043 0.06622314  
				<Children>: 0
			</Frame>
			<Frame>: 5 0 BrickHouse_Deco_Handrail_A_bb4
				<Transform>: 0 -0.512 -1.572 0 0 0 1 1 1 0 0 0 1  
				<TransformMatrix>: 1 0 0 0 0 1 0 0 0 0 1 0 0 -0.512 -1.572 1  
				<BoxCollider>: 1 0.006072998 0.001021326 -0.03012192 0.07897949 1.002043 0.06622314  
				<Children>: 0
			</Frame>
	</Frame>
</Hierarchy>
