<Hierarchy>:
	<Frame>: 0 5 BrickHouse_IntWall_B
		<Transform>: 0 0 0 0 0 0 1 1 1 0 0 0 1  
		<TransformMatrix>: 1 0 0 0 0 1 0 0 0 0 1 0 0 0 0 1  
		<BoxCollider>: 2 -1.2 2.5 -7.599592E-07 2.4 5 0.2000015  
-1.2 2.5 -7.599592E-07 2.400014 5.000014 0.2000156  
		<Mesh>: 36 BrickHouse_IntWall_B
			<Bounds>: -1.2 2.5 -7.599592E-07 1.2 2.5 0.1000007
			<Positions>: 36 3.258413E-08 -4.371138E-09 -0.09999999 3.258413E-08 5 -0.1000002 -3.258413E-08 4.371138E-09 0.09999999 -3.258413E-08 5 0.09999977 -2.4 -4.371195E-09 -0.1000013 -2.4 5 -0.1000015 -2.4 4.371081E-09 0.09999868 -2.4 5 0.09999847 -3.258413E-08 0.2 0.09999998 -2.4 0.2 0.09999868 -2.4 0.2 -0.1000013 3.258413E-08 0.2 -0.09999999 -3.258413E-08 0.2 0.09999998 -2.4 0.2 0.09999868 -2.4 4.371081E-09 0.09999868 -3.258413E-08 4.371138E-09 0.09999999 -2.4 0.2 -0.1000013 3.258413E-08 0.2 -0.09999999 3.258413E-08 -4.371138E-09 -0.09999999 -2.4 -4.371195E-09 -0.1000013 3.258413E-08 -4.371138E-09 -0.09999999 -3.258413E-08 4.371138E-09 0.09999999 -2.4 4.371081E-09 0.09999868 -2.4 -4.371195E-09 -0.1000013 -3.258413E-08 5 0.09999977 3.258413E-08 5 -0.1000002 -2.4 5 0.09999847 -2.4 0.2 0.09999868 -3.258413E-08 0.2 0.09999998 -3.258413E-08 5 0.09999977 3.258413E-08 5 -0.1000002 3.258413E-08 0.2 -0.09999999 -2.4 0.2 -0.1000013 -2.4 5 -0.1000015 -2.4 5 -0.1000015 -2.4 5 0.09999847  
			<Colors>: 0  
			<TextureCoords0>: 36 0.8008023 0.1484826 0.8008023 0.3001066 0.8157643 0.1484826 0.8157643 0.3001066 0.8008022 0.4499342 0.8008022 0.4499342 0.8157642 0.4499342 0.8157642 0.4499342 0.8157643 0.1605407 0.8157643 0.4378762 0.8008022 0.4378762 0.8008024 0.1605406 0.8152911 0.6001645 0.8152911 0.7498821 0.801389 0.7498821 0.801389 0.6001645 0.8152911 0.7498821 0.8152911 0.6001645 0.801389 0.6001645 0.801389 0.7498821 0.8157643 0.3001066 0.8008023 0.3001066 0.8008022 0.4499342 0.8157642 0.4499342 0.8157642 0.4499342 0.8008022 0.4499342 0.7380388 0.0518195 0.7380388 0.3294031 0.6015217 0.3294031 0.6015217 0.0518195 0.6015217 0.0518195 0.6015217 0.3294031 0.7380388 0.3294031 0.7380388 0.0518195 0.8008022 0.1484826 0.8157642 0.1484826  
			<TextureCoords1>: 36 0.00390625 0.1198771 0.00390625 0.03969735 0.00390625 0.08369362 0.003906343 0.003513873 0.9084933 0.07978737 0.4381082 0.03969759 0.9084933 0.0436039 0.4381083 0.003514111 0.04008975 0.08369362 0.8723099 0.04360384 0.8723099 0.07978737 0.04008973 0.1198771 0.8723105 0.1237835 0.8723105 0.5579853 0.9084939 0.5579853 0.9084939 0.1237834 0.04008972 0.9960936 0.04008991 0.5618919 0.003906431 0.5618917 0.00390625 0.9960936 0.8762166 0.03969741 0.8762164 0.003513932 0.4420146 0.003514111 0.4420148 0.03969759 0.9084937 0.08369368 0.9084937 0.1198772 0.00390625 0.5579855 0.8723105 0.5579853 0.8723105 0.1237835 0.003906296 0.1237838 0.9084941 0.561892 0.04008991 0.5618919 0.04008972 0.9960936 0.9084939 0.9960938 0.00390625 0.07978737 0.003906264 0.0436039  
			<Normals>: 36 0.7071068 -0.7071068 0 0.7071068 0.7071068 0 0.7071068 -0.7071068 0 0.7071068 0.7071068 0 -0.7071068 -0.7071068 0 -0.7071068 0.7071068 0 -0.7071068 -0.7071068 0 -0.7071068 0.7071068 0 1 0 0 -1 0 0 -1 0 0 1 0 0 0 0 1 0 0 1 0 0 1 0 0 1 0 0 -1 0 0 -1 0 0 -1 0 0 -1 0.7071068 -0.7071068 0 0.7071068 -0.7071068 0 -0.7071068 -0.7071068 0 -0.7071068 -0.7071068 0 0.7071068 0.7071068 0 0.7071068 0.7071068 0 0 0 1 0 0 1 0 0 1 0 0 1 0 0 -1 0 0 -1 0 0 -1 0 0 -1 -0.7071068 0.7071068 0 -0.7071068 0.7071068 0  
			<Tangents>: 36 -1.629207E-07 -1.629207E-07 1 0 0 1 -1.398704E-06 -1.398704E-06 1 0 0 1 0 0 1 0 0 1 0 0 1 0 0 1 0 -4.943136E-06 1 0 0 1 0 0 1 0 -4.71847E-06 1 0 1 0 0 1 0 0 1 0 0 1 0 0 1 0 0 1 0 0 1 0 0 1 0 1.324417E-07 1.324417E-07 -1 1.41065E-07 1.41065E-07 -1 3.047898E-08 -3.047898E-08 -1 2.185569E-08 -2.185569E-08 -1 -9.739849E-08 9.739848E-08 1 -1.629207E-07 1.629207E-07 1 -1 0 0 -1 0 0 -1 0 0 -1 0 0 -1 0 0 -1 0 0 -1 0 0 -1 0 0 0 0 1 0 0 1  
			<BiTangents>: 36 -0.7071068 -0.7071068 -2.304046E-07 0.7071068 -0.7071068 0 -0.7071068 -0.7071068 -1.978066E-06 0.7071068 -0.7071068 0 -0.7071068 0.7071068 0 0.7071068 0.7071068 0 -0.7071068 0.7071068 0 0.7071068 0.7071068 0 0 -1 -4.943136E-06 0 1 0 0 1 0 0 -1 -4.71847E-06 1 0 0 1 0 0 1 0 0 1 0 0 1 0 0 1 0 0 1 0 0 1 0 0 0.7071068 0.7071068 1.873009E-07 0.7071068 0.7071068 1.99496E-07 0.7071068 -0.7071068 4.310378E-08 0.7071068 -0.7071068 3.090862E-08 0.7071068 -0.7071068 1.377422E-07 0.7071068 -0.7071068 2.304046E-07 0 1 0 0 1 0 0 1 0 0 1 0 0 1 0 0 1 0 0 1 0 0 1 0 0.7071068 0.7071068 0 0.7071068 0.7071068 0  
			<SubMeshes>: 1
				<SubMesh>: 0 60 11 8 2 11 2 0 9 10 4 9 4 6 12 13 14 12 14 15 16 17 18 16 18 19 20 21 22 20 22 23 5 7 3 5 3 1 24 8 11 24 11 25 26 27 28 26 28 29 30 31 32 30 32 33 34 10 9 34 9 35  
		</Mesh>
		<Materials>: 1
			<Material>: 0
				<AlbedoColor>: 1 1 1 1
				<EmissiveColor>: 0 0 0 0
				<Glossiness>: 0
				<Metallic>: 0
				<SpecularHighlight>: 1
				<GlossyReflection>: 1
				<AlbedoMap>: BLD_BrickHouse1_A
				<MetallicMap>: BLD_BrickHouse1_MS
				<NormalMap>: BLD_BrickHouse1_N
				<EmissionMap>: null
				<DetailAlbedoMap>: DET_Concrete1_A
				<DetailNormalMap>: DET_Concrete1_N
		</Materials>
		<Children>: 0
	</Frame>
</Hierarchy>
