<Hierarchy>:
	<Frame>: 0 5 Cabin2_Ext1
		<Transform>: 0 0 0 0 0 0 1 1 1 0 0 0 1  
		<TransformMatrix>: 1 0 0 0 0 1 0 0 0 0 1 0 0 0 0 1  
		<Mesh>: 553 Cabin2_Ext1
			<Bounds>: -0.001571178 3.209807 1.464434 6.201391 3.212193 2.430435
			<Positions>: 553 -5.932201 5.433549 3.679123 -5.932201 5.529952 3.596093 -5.932201 4.943883 3.062465 -5.932201 5.055566 3.001522 -6.059429 5.433549 3.679123 -6.059429 5.529952 3.596093 -6.059429 4.943883 3.062465 -6.059429 5.055566 3.001522 -2.730377 5.433549 3.679123 -2.730377 5.529952 3.596093 -2.730377 4.943883 3.062465 -2.730377 5.055566 3.001522 -2.857606 5.433549 3.679123 -2.857606 5.529952 3.596093 -2.857606 4.943883 3.062465 -2.857606 5.055566 3.001522 0.5659766 5.433549 3.679123 0.5659766 5.529952 3.596093 0.5659766 4.943883 3.062465 0.5659766 5.055566 3.001522 0.4387475 5.433549 3.679123 0.4387475 5.529952 3.596093 0.4387475 4.943883 3.062465 0.4387475 5.055566 3.001522 6.047389 5.433549 3.679123 6.047389 5.529952 3.596093 6.047389 4.943883 3.062465 6.047389 5.055566 3.001522 5.92016 5.433549 3.679123 5.92016 5.529952 3.596093 5.92016 4.943883 3.062465 5.92016 5.055566 3.001522 -2.80001 2.070443 3.084192 -2.80001 2.057615 3.071363 -2.80001 2.260786 3.084192 -2.80001 2.273614 3.071363 -2.80001 2.070443 2.976192 -2.80001 2.057615 2.989021 -2.80001 2.260786 2.976192 -2.80001 2.273614 2.989021 -5.880011 0.9388124 3.134415 -5.880011 0.9388124 2.918416 -6.096011 0.9388124 2.918416 -6.096011 0.9388124 3.134415 6.083989 0.9388124 3.134416 6.083989 0.9388124 2.918417 5.867989 0.9388124 2.918417 5.867989 0.9388124 3.134416 -6.096011 5.607913 3.134415 -5.880011 5.666148 2.918416 5.867989 5.666148 2.918417 -6.096011 5.666148 2.918416 6.083989 5.607912 3.134416 -5.880011 5.607913 3.134415 5.867989 5.607913 3.134416 6.083989 5.666148 2.918417 6.106327 5.525614 3.242415 6.106327 6.281614 -0.9575861 -6.179683 6.281614 -0.9575861 -6.179683 5.525614 3.242415 6.106327 5.633615 3.242415 6.106327 6.389614 -0.9575861 -6.179683 6.389614 -0.9575861 -6.179683 5.633615 3.242415 6.19982 0.9776144 0.00241407 -6.119252 0.9776144 0.00241407 -6.119252 -0.002385745 0.002414065 6.19982 -0.002385745 0.002414065 -2.680012 0.9388124 3.134415 -2.680012 0.9388124 2.918416 -2.896011 0.9388124 2.918416 -2.896011 0.9388124 3.134415 -2.896011 5.607913 3.134415 -2.680012 5.666148 2.918416 -2.896011 5.666148 2.918416 -2.680012 5.607913 3.134415 0.6079892 0.9388124 3.134416 0.6079892 0.9388124 2.918417 0.3919885 0.9388124 2.918417 0.3919885 0.9388124 3.134416 0.3919885 5.666148 2.918417 0.6079892 5.607912 3.134416 0.3919885 5.607913 3.134416 0.6079892 5.666148 2.918417 -5.939252 0.9776144 0.1824141 6.019819 0.9776144 0.1824141 6.019819 0.9776145 3.062415 -5.939252 0.9776145 3.062415 0.09028359 -0.002385458 3.242415 0.09028359 0.9776145 3.242415 0.09028359 0.9776144 0.1824141 0.09028359 0.9776145 3.062415 0.09028359 0.9776144 0.00241407 6.159672 -0.002385458 3.242415 6.19982 -0.002385462 3.202268 -6.119252 -0.002385462 3.202268 -6.079105 -0.002385458 3.242415 -6.079105 0.9776145 3.242415 -6.119252 0.9776145 3.202268 -6.090864 0.9776145 3.214027 6.19982 0.9776145 3.202268 6.159672 0.9776145 3.242415 6.171431 0.9776145 3.214026 2.51099 6.304762 -0.9575861 -2.184346 6.389614 -0.9575861 -2.184346 6.281614 -0.9575861 2.51099 6.196762 -0.9575861 -2.184346 5.633615 3.242415 2.51099 5.548762 3.242415 2.51099 5.440762 3.242415 -2.184346 5.525614 3.242415 0.6687521 5.383721 3.858415 0.6534443 5.368779 3.855023 0.6534443 5.544313 3.89487 0.6687521 5.52937 3.891477 0.6534443 6.242 -0.966001 0.6687521 6.257557 -0.966001 0.6687521 6.406445 -0.966001 0.6534443 6.422 -0.966001 0.3507551 5.368779 3.855023 0.3354473 5.383721 3.858415 0.3354473 5.52937 3.891477 0.3507551 5.544313 3.89487 0.3354473 6.257557 -0.966001 0.3507551 6.242 -0.966001 0.3507551 6.422 -0.966001 0.3354473 6.406445 -0.966001 -2.653782 5.383721 3.858415 -2.66909 5.368779 3.855023 -2.66909 5.544313 3.89487 -2.653782 5.52937 3.891477 -2.66909 6.242 -0.966001 -2.653782 6.257557 -0.966001 -2.653782 6.406445 -0.966001 -2.66909 6.422 -0.966001 -2.971779 5.368779 3.855023 -2.987087 5.383721 3.858415 -2.987087 5.52937 3.891477 -2.971779 5.544313 3.89487 -2.987087 6.257557 -0.966001 -2.971779 6.242 -0.966001 -2.971779 6.422 -0.966001 -2.987087 6.406445 -0.966001 -5.869657 5.383721 3.858415 -5.884965 5.368779 3.855023 -5.884965 5.544313 3.89487 -5.869657 5.52937 3.891477 -5.884965 6.242 -0.966001 -5.869657 6.257557 -0.966001 -5.869657 6.406445 -0.966001 -5.884965 6.422 -0.966001 -6.187654 5.368779 3.855023 -6.202962 5.383721 3.858415 -6.202962 5.52937 3.891477 -6.187654 5.544313 3.89487 -6.202962 6.257557 -0.966001 -6.187654 6.242 -0.966001 -6.187654 6.422 -0.966001 -6.202962 6.406445 -0.966001 6.146351 5.383721 3.858415 6.131044 5.368779 3.855023 6.131044 5.544313 3.89487 6.146351 5.52937 3.891477 6.131044 6.242 -0.966001 6.146351 6.257557 -0.966001 6.146351 6.406445 -0.966001 6.131044 6.422 -0.966001 5.828354 5.368779 3.855023 5.813046 5.383721 3.858415 5.813046 5.52937 3.891477 5.828354 5.544313 3.89487 5.813046 6.257557 -0.966001 5.828354 6.242 -0.966001 5.828354 6.422 -0.966001 5.813046 6.406445 -0.966001 -6.030518 2.057615 3.018193 -6.05401 2.081107 3.018193 -5.94601 2.081107 3.018193 -5.969501 2.057615 3.018193 -5.969501 2.057614 0.006191225 -5.94601 2.081106 0.006191225 -6.05401 2.081106 0.006191225 -6.030518 2.057614 0.006191225 -6.05401 2.250122 3.018193 -6.030518 2.273614 3.018193 -5.969501 2.273614 3.018193 -5.94601 2.250122 3.018193 -5.94601 2.250122 0.006191225 -5.969501 2.273614 0.006191225 -6.030518 2.273614 0.006191225 -6.05401 2.250122 0.006191225 5.957482 2.057615 3.018193 5.93399 2.081107 3.018193 6.04199 2.081107 3.018193 6.018498 2.057615 3.018193 6.018498 2.057614 0.006191225 6.04199 2.081106 0.006191225 5.93399 2.081106 0.006191225 5.957482 2.057614 0.006191225 5.93399 2.250122 3.018193 5.957482 2.273614 3.018193 6.018498 2.273614 3.018193 6.04199 2.250122 3.018193 6.04199 2.250122 0.006191225 6.018498 2.273614 0.006191225 5.957482 2.273614 0.006191225 5.93399 2.250122 0.006191225 0.4879904 2.057615 3.071363 0.4879904 2.070443 3.084192 0.4879904 2.070443 2.976192 0.4879904 2.057615 2.989021 -5.988011 2.057615 2.989021 -5.988011 2.070443 2.976192 -5.988011 2.070443 3.084192 -5.988011 2.057615 3.071363 0.4879904 2.260786 3.084192 0.4879904 2.273614 3.071363 0.4879904 2.273614 2.989021 0.4879904 2.260786 2.976192 -5.988011 2.260786 2.976192 -5.988011 2.273614 2.989021 -5.988011 2.273614 3.071363 -5.988011 2.260786 3.084192 0.5538716 6.389614 -0.9575861 0.5538716 6.281614 -0.9575861 0.5538716 5.633615 3.242415 0.5538716 5.525614 3.242415 -3.914737 6.337547 -0.9575861 -3.914737 5.473547 3.242415 -3.914737 6.229548 -0.9575861 -3.914737 5.581548 3.242415 -2.7734 6.281614 -0.9575861 -2.7734 5.633615 3.242415 -2.7734 6.389614 -0.9575861 -2.7734 5.525614 3.242415 -0.8152373 6.31412 -0.9575861 -0.8152373 5.45012 3.242415 -0.8152373 6.20612 -0.9575861 -0.8152373 5.55812 3.242415 6.106327 5.788714 2.380748 6.106327 5.680714 2.380748 -6.179683 5.788714 2.380748 -6.179683 5.680714 2.380748 -2.184346 5.788714 2.380748 2.51099 5.703862 2.380748 2.51099 5.595862 2.380748 -2.184346 5.680714 2.380748 0.5538716 5.680714 2.380748 0.5538716 5.788714 2.380748 -3.914737 5.736647 2.380748 -3.914737 5.628648 2.380748 -2.7734 5.680714 2.380748 -2.7734 5.788714 2.380748 -0.8152373 5.71322 2.380748 -0.8152373 5.60522 2.380748 -5.932201 5.433549 3.679123 -6.059429 5.433549 3.679123 -6.059429 4.943883 3.062465 -5.932201 4.943883 3.062465 -6.059429 5.529952 3.596093 -5.932201 5.529952 3.596093 -5.932201 5.055566 3.001522 -6.059429 5.055566 3.001522 -2.730377 5.433549 3.679123 -2.857606 5.433549 3.679123 -2.857606 4.943883 3.062465 -2.730377 4.943883 3.062465 -2.857606 5.529952 3.596093 -2.730377 5.529952 3.596093 -2.730377 5.055566 3.001522 -2.857606 5.055566 3.001522 0.5659766 5.433549 3.679123 0.4387475 5.433549 3.679123 0.4387475 4.943883 3.062465 0.5659766 4.943883 3.062465 0.4387475 5.529952 3.596093 0.5659766 5.529952 3.596093 0.5659766 5.055566 3.001522 0.4387475 5.055566 3.001522 6.047389 5.433549 3.679123 5.92016 5.433549 3.679123 5.92016 4.943883 3.062465 6.047389 4.943883 3.062465 5.92016 5.529952 3.596093 6.047389 5.529952 3.596093 6.047389 5.055566 3.001522 5.92016 5.055566 3.001522 0.3507551 5.544313 3.89487 0.3354473 5.52937 3.891477 0.3354473 5.383721 3.858415 0.3507551 5.368779 3.855023 0.6534443 5.544313 3.89487 0.6534443 5.368779 3.855023 0.3507551 6.242 -0.966001 0.3354473 6.257557 -0.966001 0.3354473 6.406445 -0.966001 0.3507551 6.422 -0.966001 0.6534443 6.242 -0.966001 0.6534443 6.422 -0.966001 -2.971779 5.544313 3.89487 -2.987087 5.52937 3.891477 -2.987087 5.383721 3.858415 -2.971779 5.368779 3.855023 -2.66909 5.544313 3.89487 -2.66909 5.368779 3.855023 -2.653782 5.52937 3.891477 -2.653782 5.383721 3.858415 -2.971779 6.242 -0.966001 -2.987087 6.257557 -0.966001 -2.987087 6.406445 -0.966001 -2.971779 6.422 -0.966001 -2.66909 6.242 -0.966001 -2.66909 6.422 -0.966001 -2.653782 6.257557 -0.966001 -2.653782 6.406445 -0.966001 -6.187654 5.544313 3.89487 -6.202962 5.52937 3.891477 -6.202962 5.383721 3.858415 -6.187654 5.368779 3.855023 -5.884965 5.544313 3.89487 -5.884965 5.368779 3.855023 -5.869657 5.52937 3.891477 -5.869657 5.383721 3.858415 -6.187654 6.242 -0.966001 -6.202962 6.257557 -0.966001 -6.202962 6.406445 -0.966001 -6.187654 6.422 -0.966001 -5.884965 6.242 -0.966001 -5.884965 6.422 -0.966001 -5.869657 6.257557 -0.966001 -5.869657 6.406445 -0.966001 5.828354 5.544313 3.89487 5.813046 5.52937 3.891477 5.813046 5.383721 3.858415 5.828354 5.368779 3.855023 6.131044 5.544313 3.89487 6.131044 5.368779 3.855023 6.146351 5.52937 3.891477 6.146351 5.383721 3.858415 5.828354 6.242 -0.966001 5.813046 6.257557 -0.966001 5.813046 6.406445 -0.966001 5.828354 6.422 -0.966001 6.131044 6.242 -0.966001 6.131044 6.422 -0.966001 6.146351 6.257557 -0.966001 6.146351 6.406445 -0.966001 0.4879904 2.070443 3.084192 -2.80001 2.070443 3.084192 -6.096011 5.666148 2.918416 -6.096011 0.9388124 2.918416 5.867989 5.666148 2.918417 5.867989 0.9388124 2.918417 6.083989 0.9388124 2.918417 6.083989 5.666148 2.918417 -6.096011 5.607913 3.134415 -6.096011 0.9388124 3.134415 5.867989 5.607913 3.134416 5.867989 0.9388124 3.134416 6.083989 0.9388124 3.134416 6.083989 5.607912 3.134416 -5.880011 5.607913 3.134415 -5.880011 0.9388124 3.134415 -5.880011 0.9388124 2.918416 -5.880011 5.666148 2.918416 -6.179683 5.680714 2.380748 6.106327 5.788714 2.380748 6.106327 6.389614 -0.9575861 -6.119252 0.9776144 0.00241407 -6.119252 0.9776145 3.202268 -2.896011 5.666148 2.918416 -2.896011 0.9388124 2.918416 -2.896011 5.607913 3.134415 -2.896011 0.9388124 3.134415 -2.680012 5.607913 3.134415 -2.680012 0.9388124 3.134415 -2.680012 0.9388124 2.918416 -2.680012 5.666148 2.918416 0.3919885 5.666148 2.918417 0.3919885 0.9388124 2.918417 0.6079892 0.9388124 2.918417 0.6079892 5.666148 2.918417 0.3919885 5.607913 3.134416 0.3919885 0.9388124 3.134416 0.6079892 0.9388124 3.134416 0.6079892 5.607912 3.134416 -6.030518 2.273614 0.006191225 -5.969501 2.273614 0.006191225 -5.94601 2.081106 0.006191225 -5.94601 2.250122 0.006191225 -6.05401 2.250122 0.006191225 -6.05401 2.081106 0.006191225 5.957482 2.057614 0.006191225 6.018498 2.057614 0.006191225 5.957482 2.273614 0.006191225 6.018498 2.273614 0.006191225 6.04199 2.081106 0.006191225 6.04199 2.250122 0.006191225 5.93399 2.250122 0.006191225 5.93399 2.081106 0.006191225 0.09028359 0.9776144 0.1824141 6.019819 0.9776144 0.1824141 6.019819 0.9776145 3.062415 0.09028359 0.9776145 3.062415 0.09028359 0.9776145 3.242415 6.159672 0.9776145 3.242415 0.09028359 0.9776145 3.242415 0.09028359 0.9776145 3.062415 -5.939252 0.9776145 3.062415 -6.090864 0.9776145 3.214027 6.19982 0.9776144 0.00241407 6.019819 0.9776144 0.1824141 6.019819 0.9776145 3.062415 6.171431 0.9776145 3.214026 0.09028359 0.9776144 0.1824141 0.09028359 0.9776144 0.00241407 -5.939252 0.9776144 0.1824141 -5.939252 0.9776145 3.062415 0.09028359 0.9776145 3.242415 -6.079105 0.9776145 3.242415 0.09028359 -0.002385458 3.242415 -6.079105 0.9776145 3.242415 -6.090864 0.9776145 3.214027 -6.119252 0.9776145 3.202268 6.19982 0.9776145 3.202268 6.171431 0.9776145 3.214026 6.159672 0.9776145 3.242415 -6.119252 -0.002385462 3.202268 -6.079105 -0.002385458 3.242415 -6.079105 0.9776145 3.242415 -6.119252 0.9776145 3.202268 6.19982 0.9776145 3.202268 6.159672 0.9776145 3.242415 6.159672 -0.002385458 3.242415 6.19982 0.9776144 0.00241407 6.19982 0.9776145 3.202268 6.19982 -0.002385462 3.202268 2.51099 5.703862 2.380748 2.51099 6.304762 -0.9575861 6.106327 5.680714 2.380748 6.106327 6.281614 -0.9575861 2.51099 5.440762 3.242415 2.51099 5.548762 3.242415 0.6687521 5.52937 3.891477 0.6687521 6.406445 -0.966001 0.6534443 6.242 -0.966001 0.6687521 6.257557 -0.966001 0.6687521 5.383721 3.858415 0.6534443 5.368779 3.855023 0.3354473 6.406445 -0.966001 0.3354473 5.52937 3.891477 0.3354473 5.383721 3.858415 0.3354473 6.257557 -0.966001 -2.653782 5.52937 3.891477 -2.653782 6.406445 -0.966001 -2.653782 6.257557 -0.966001 -2.653782 5.383721 3.858415 -2.987087 6.406445 -0.966001 -2.987087 5.52937 3.891477 -2.971779 5.368779 3.855023 -2.971779 6.242 -0.966001 -5.869657 5.52937 3.891477 -5.869657 6.406445 -0.966001 -5.869657 6.257557 -0.966001 -5.869657 5.383721 3.858415 -6.202962 6.406445 -0.966001 -6.202962 5.52937 3.891477 -6.187654 5.368779 3.855023 -6.187654 6.242 -0.966001 6.146351 5.52937 3.891477 6.146351 6.406445 -0.966001 6.131044 6.242 -0.966001 6.146351 6.257557 -0.966001 6.146351 5.383721 3.858415 6.131044 5.368779 3.855023 5.813046 6.406445 -0.966001 5.813046 5.52937 3.891477 5.813046 5.383721 3.858415 5.813046 6.257557 -0.966001 0.6687521 5.52937 3.891477 0.6687521 5.383721 3.858415 0.6687521 6.257557 -0.966001 0.6687521 6.406445 -0.966001 -5.94601 2.250122 3.018193 -5.94601 2.250122 0.006191225 -5.969501 2.057614 0.006191225 -5.94601 2.081106 0.006191225 -5.94601 2.081107 3.018193 -6.030518 2.273614 0.006191225 -6.030518 2.273614 3.018193 -6.030518 2.057614 0.006191225 6.018498 2.273614 3.018193 6.018498 2.273614 0.006191225 6.018498 2.057614 0.006191225 6.018498 2.057615 3.018193 5.93399 2.250122 0.006191225 5.93399 2.250122 3.018193 5.93399 2.081107 3.018193 5.93399 2.081106 0.006191225 -6.030518 2.057615 3.018193 -6.030518 2.057614 0.006191225 -2.80001 2.273614 2.989021 -2.80001 2.057615 2.989021 -2.80001 2.070443 2.976192 -2.80001 2.273614 3.071363 0.4879904 2.273614 3.071363 -5.988011 2.057615 2.989021 -5.988011 2.070443 2.976192 0.4879904 2.273614 2.989021 -5.988011 2.070443 3.084192 0.4879904 2.070443 2.976192 -5.988011 2.273614 3.071363 -5.988011 2.273614 2.989021 0.4879904 2.057615 2.989021 2.51099 5.595862 2.380748 2.51099 6.196762 -0.9575861 -6.179683 5.633615 3.242415 -6.179683 5.525614 3.242415 -6.179683 5.788714 2.380748 -2.184346 5.680714 2.380748 -2.184346 6.281614 -0.9575861 -2.184346 5.788714 2.380748 -2.184346 6.389614 -0.9575861 0.5538716 5.525614 3.242415 -0.8152373 5.45012 3.242415 -2.184346 5.633615 3.242415 -0.8152373 5.55812 3.242415 -3.914737 5.581548 3.242415 -2.7734 5.633615 3.242415 -2.184346 5.525614 3.242415 -2.7734 5.525614 3.242415 -3.914737 5.473547 3.242415 -6.179683 5.633615 3.242415 0.5538716 5.633615 3.242415 2.51099 5.440762 3.242415 -2.184346 5.525614 3.242415 6.106327 5.525614 3.242415 2.51099 5.440762 3.242415 2.51099 5.548762 3.242415 -2.184346 5.633615 3.242415 2.51099 5.548762 3.242415 6.106327 5.633615 3.242415 -6.179683 5.525614 3.242415 -6.179683 6.389614 -0.9575861 -6.179683 6.281614 -0.9575861 6.106327 5.633615 3.242415 6.106327 5.525614 3.242415 -6.119252 0.9776144 0.00241407 -5.939252 0.9776144 0.1824141 0.09028359 0.9776145 3.062415 0.09028359 0.9776144 0.1824141 -2.184346 5.633615 3.242415 -2.184346 5.525614 3.242415  
			<Colors>: 0  
			<TextureCoords0>: 553 0.7749023 0.2680664 0.7998047 0.2670898 0.7749023 0.1152344 0.7998047 0.1196289 0.75 0.2680664 0.7255859 0.2670898 0.75 0.1152344 0.7260742 0.1196289 0.75 0.2680664 0.7749023 0.2670898 0.75 0.1152344 0.7744141 0.1196289 0.7255859 0.2680664 0.7011719 0.2670898 0.7255859 0.1152344 0.7011719 0.1196289 0.75 0.1152344 0.7255859 0.1157227 0.75 0.2680664 0.7255859 0.2641602 0.7749023 0.1152344 0.7998047 0.1157227 0.7749023 0.2680664 0.7998047 0.2641602 0.75 0.1152344 0.7255859 0.1157227 0.75 0.2680664 0.7255859 0.2641602 0.7749023 0.1152344 0.7998047 0.1157227 0.7749023 0.2680664 0.7998047 0.2641602 0.726949 0.3007813 0.7226859 0.3007813 0.7471721 0.3007813 0.7516092 0.3007813 0.7973781 0.3007813 0.7040719 0.3007813 0.7758641 0.3007813 0.77134 0.3007813 0.7265625 0.5966797 0.8000488 0.5966797 0.7749023 0.5966797 0.75 0.5966797 0.7265625 0.5966797 0.8000488 0.5966797 0.7749023 0.5966797 0.75 0.5966797 0.75 0.04248047 0.8000488 0.03564453 0.7749023 0.03564453 0.7749023 0.03564453 0.7265625 0.04248047 0.7265625 0.04248047 0.75 0.04248047 0.8000488 0.03564453 0 0.9741211 0.2490234 0.9741211 0.2109375 0.644043 0.2490234 0.9741211 0 0.9521484 0.2490234 0.9521484 0.2109375 0.644043 0.2490234 0.9521484 0.4443359 0.5493164 0.300293 0.550293 0.300293 0.6000977 0.300293 0.6000977 0.7265625 0.5966797 0.8000488 0.5966797 0.7749023 0.5966797 0.75 0.5966797 0.75 0.04248047 0.8000488 0.03564453 0.7749023 0.03564453 0.7265625 0.04248047 0.7265625 0.5966797 0.8000488 0.5966797 0.7749023 0.5966797 0.75 0.5966797 0.7749023 0.03564453 0.7265625 0.04248047 0.75 0.04248047 0.8000488 0.03564453 0.01611328 0.5644531 0.3999023 0.6005859 0.262207 0.6005859 0.2397461 0.5644531 0.300293 0.6000977 0.300293 0.550293 0.3999023 0.8754883 0.262207 0.8754883 0.0009765625 0.5493164 0.00259638 0.6000977 0.1522481 0.6000977 0.1522481 0.6000977 0.2981849 0.6000977 0.005101507 0.5493164 0.1522481 0.550293 0.251673 0.5517036 0.2507842 0.5493164 0.002596358 0.550293 0.4421027 0.5517807 0.2109375 0.644043 0.03320313 0.644043 0.2109375 0.644043 0.2109375 0.644043 0.2490234 0.9521484 0.2490234 0.9521484 0.2490234 0.9741211 0.2490234 0.9741211 0.7514082 0.3154297 0.701339 0.1049805 0.7718055 0.1044922 0.7722733 0.3154297 0.7013614 0.4775391 0.7722406 0.3154297 0.7514407 0.3154297 0.7718055 0.4799805 0.723954 0.1049805 0.7270513 0.1049389 0.7460932 0.1045338 0.7491906 0.1044922 0.7275272 0.4777501 0.7244198 0.4775391 0.7491906 0.4799805 0.7461058 0.4797695 0.7975186 0.1049389 0.7013391 0.1049805 0.7718055 0.1044922 0.7752354 0.1045338 0.7013614 0.4775391 0.7970375 0.4777501 0.7752278 0.4797695 0.7718055 0.4799805 0.723954 0.1049805 0.7270513 0.1049389 0.7460932 0.1045338 0.7491906 0.1044922 0.7275272 0.4777501 0.7244198 0.4775391 0.7491906 0.4799805 0.7461058 0.4797695 0.7975186 0.1049389 0.701339 0.1049805 0.7718055 0.1044922 0.7752354 0.1045338 0.7013614 0.4775391 0.7970375 0.4777501 0.7752278 0.4797695 0.7718055 0.4799805 0.723954 0.1049805 0.7270513 0.1049389 0.7460932 0.1045338 0.7491906 0.1044922 0.7275272 0.4777501 0.7244198 0.4775391 0.7491906 0.4799805 0.7461058 0.4797695 0.7975186 0.1049389 0.7013389 0.1049805 0.7718055 0.1044922 0.7752354 0.1045338 0.7013614 0.4775391 0.7970375 0.4777501 0.7752278 0.4797695 0.7718055 0.4799805 0.723954 0.1049805 0.7270513 0.1049389 0.7460932 0.1045338 0.7491906 0.1044922 0.7275272 0.4777501 0.7244198 0.4775391 0.7491906 0.4799805 0.7461058 0.4797695 0.7213155 0.07177734 0.7294936 0.07177734 0.7970963 0.07177734 0.7064189 0.07177734 0.7558594 0.2480469 0.75 0.253418 0.7758789 0.253418 0.7700195 0.2480469 0.7470689 0.07177734 0.7550346 0.07177734 0.7693795 0.07177734 0.7776107 0.07177734 0.75 0.2939453 0.7558594 0.2998047 0.7700195 0.2998047 0.7758789 0.2939453 0.7064189 0.07177734 0.7970963 0.07177734 0.7295467 0.07177734 0.7213155 0.07177734 0.7213155 0.3857422 0.75 0.253418 0.7758789 0.253418 0.7064189 0.3857422 0.7776107 0.07177734 0.7694857 0.07177734 0.7554167 0.07177734 0.7475041 0.07177734 0.75 0.2939453 0.7558594 0.2998047 0.7705078 0.2998047 0.7758789 0.2939453 0.7226859 0.01416016 0.726949 0.01416016 0.7011719 0.01416016 0.7040719 0.01416016 0.7040719 0.5874023 0.7973781 0.5874023 0.726949 0.5874023 0.7226859 0.5874023 0.7471721 0.01416016 0.7516092 0.01416016 0.77134 0.01416016 0.7758641 0.01416016 0.7758641 0.5874023 0.77134 0.5874023 0.7516092 0.5874023 0.7471721 0.5874023 0.1108055 0.644043 0.1108055 0.644043 0.1081784 0.9521484 0.1081784 0.9741211 0.1095538 0.644043 0.1416291 0.9741211 0.1095538 0.644043 0.1416291 0.9521484 0.06078832 0.644043 0.2102223 0.9521484 0.06078832 0.644043 0.2102223 0.9741211 0.1608715 0.644043 0.1786009 0.9741211 0.1608715 0.644043 0.1786009 0.9521484 0.05108932 0.9521484 0.05108934 0.9741211 0.1979341 0.9521484 0.1979341 0.9741211 0.03320313 0.8202431 0.2109375 0.8202431 0.2109375 0.8202431 0.2109375 0.8202431 0.1108055 0.8202431 0.1108055 0.8202431 0.1095538 0.8202431 0.1095538 0.8202431 0.06078832 0.8202431 0.06078832 0.8202431 0.1608715 0.8202431 0.1608715 0.8202431 0.7749023 0.2680664 0.75 0.2680664 0.75 0.1152344 0.7749023 0.1152344 0.7255859 0.2670898 0.7011719 0.2670898 0.7011719 0.1196289 0.7260742 0.1196289 0.75 0.2680664 0.7255859 0.2680664 0.7255859 0.1152344 0.75 0.1152344 0.7998047 0.2670898 0.7749023 0.2670898 0.7744141 0.1196289 0.7998047 0.1196289 0.75 0.1152344 0.7749023 0.1152344 0.7749023 0.2680664 0.75 0.2680664 0.7011719 0.1162109 0.7255859 0.1157227 0.7255859 0.2641602 0.7011719 0.2641602 0.75 0.1152344 0.7749023 0.1152344 0.7749023 0.2680664 0.75 0.2680664 0.7011719 0.1162109 0.7255859 0.1157227 0.7255859 0.2641602 0.7011719 0.2641602 0.7744141 0.359686 0.7722733 0.3618164 0.7514083 0.3618163 0.7492676 0.359686 0.7744141 0.3175601 0.7492676 0.3175601 0.7744141 0.359686 0.7722406 0.3618164 0.7514406 0.3618164 0.7492676 0.359686 0.7744141 0.3175601 0.7492676 0.3175601 0.7744141 0.359686 0.7722733 0.3618164 0.7514083 0.3618163 0.7492676 0.359686 0.7744141 0.3175601 0.7492676 0.3175601 0.7722733 0.3154297 0.7514082 0.3154297 0.7492676 0.3175601 0.751441 0.3154297 0.7722409 0.3154297 0.7744141 0.3175601 0.7492676 0.359686 0.7744141 0.359686 0.7514409 0.3618164 0.7722409 0.3618164 0.7744141 0.359686 0.7722734 0.3618164 0.7514083 0.3618164 0.7492676 0.359686 0.7744141 0.3175601 0.7492676 0.3175601 0.7722734 0.3154297 0.7514083 0.3154297 0.7744141 0.359686 0.7722406 0.3618164 0.7514406 0.3618164 0.7492676 0.359686 0.7744141 0.3175601 0.7492676 0.3175601 0.7722406 0.3154297 0.7514407 0.3154297 0.7744141 0.359686 0.7722733 0.3618164 0.7514083 0.3618163 0.7492676 0.359686 0.7744141 0.3175601 0.7492676 0.3175601 0.7722733 0.3154297 0.7514082 0.3154297 0.7492676 0.3175601 0.751441 0.3154297 0.7722409 0.3154297 0.7744141 0.3175601 0.7492676 0.359686 0.7744141 0.359686 0.7514409 0.3618164 0.7722409 0.3618164 0.726949 0.01416016 0.726949 0.3007813 0.7749023 0.03564453 0.7749023 0.5966797 0.7749023 0.03564453 0.7749023 0.5966797 0.7006836 0.5966797 0.7006836 0.03564453 0.75 0.04248047 0.75 0.5966797 0.75 0.04248047 0.75 0.5966797 0.7265625 0.5966797 0.7265625 0.04248047 0.7265625 0.04248047 0.7265625 0.5966797 0.7006836 0.5966797 0.7006836 0.03564453 0.2109375 0.8202431 0.03320312 0.8202432 0.03320313 0.644043 0.001953125 0.5493164 0.2507842 0.5493164 0.7749023 0.03564453 0.7749023 0.5966797 0.75 0.04248047 0.75 0.5966797 0.7265625 0.04248047 0.7265625 0.5966797 0.7006836 0.5966797 0.7006836 0.03564453 0.7749023 0.03564453 0.7749023 0.5966797 0.7006836 0.5966797 0.7006836 0.03564453 0.75 0.04248047 0.75 0.5966797 0.7265625 0.5966797 0.7265625 0.04248047 0.7550346 0.3857422 0.7693794 0.3857422 0.7970963 0.3857422 0.7776107 0.3857421 0.7470689 0.3857422 0.7294936 0.3857421 0.7705078 0.2480469 0.7558594 0.2480469 0.7694857 0.3857422 0.7554167 0.3857422 0.7295467 0.3857422 0.7475041 0.3857421 0.7776107 0.3857422 0.7970963 0.3857421 0.0009765625 0.5649414 0.4301758 0.5649414 0.4301758 0.5649414 0.0009765625 0.5649414 0.0009765625 0.5493164 0.4412184 0.5493164 0.449707 0.5493164 0.449707 0.5649414 0.015625 0.5649414 0.004109346 0.5517807 0.001953125 0.5493164 0.01611328 0.5649414 0.2397461 0.5649414 0.251673 0.5517807 0.449707 0.5649414 0.449707 0.5493164 0.3999023 0.6005859 0.262207 0.6005859 0.0004882813 0.550293 0.2981849 0.550293 0.0004882813 0.6000977 0.2981849 0.550293 0.2988023 0.550293 0.300293 0.550293 0.1522481 0.550293 0.151704 0.550293 0.1503906 0.550293 0.1522481 0.6000977 0.1503906 0.6000977 0.1503906 0.550293 0.1522481 0.550293 0.1522481 0.550293 0.1503906 0.550293 0.1503906 0.6000977 0.300293 0.550293 0.1522481 0.550293 0.1522481 0.6000977 0.03320313 0.8202431 0.03320313 0.644043 0.03320312 0.8202431 0.03320313 0.644043 -0.0009765625 0.9741211 -0.0009765625 0.9521484 0.7752354 0.1045338 0.7752278 0.4797695 0.7013614 0.4775391 0.7001956 0.4777499 0.7001953 0.1049292 0.701339 0.1049805 0.7461058 0.4797695 0.7460932 0.1045338 0.7270513 0.1049389 0.7275272 0.4777501 0.7752354 0.1045338 0.7752278 0.4797695 0.7001956 0.4777499 0.7001953 0.1049292 0.7461058 0.4797695 0.7460932 0.1045338 0.723954 0.1049805 0.7244198 0.4775391 0.7752354 0.1045338 0.7752278 0.4797695 0.7001955 0.4777499 0.7001953 0.1049292 0.7461058 0.4797695 0.7460932 0.1045338 0.723954 0.1049805 0.7244198 0.4775391 0.7752354 0.1045338 0.7752278 0.4797695 0.7013614 0.4775391 0.7001955 0.4777499 0.7001953 0.1049292 0.7013389 0.1049805 0.7461058 0.4797695 0.7460932 0.1045338 0.7270513 0.1049389 0.7275272 0.4777501 0.7752354 0.1045338 0.7975186 0.1049389 0.7970375 0.4777501 0.7752278 0.4797695 0.7776107 0.07177734 0.7776107 0.3857421 0.7064189 0.3857422 0.7006836 0.3857422 0.7006836 0.07177734 0.7550346 0.3857422 0.7550346 0.07177734 0.7213155 0.3857422 0.7554167 0.07177734 0.7554167 0.3857422 0.7213155 0.3857422 0.7213155 0.07177734 0.7776107 0.3857422 0.7776107 0.07177734 0.7006836 0.07177734 0.7006836 0.3857422 0.7213155 0.07177734 0.7213155 0.3857422 0.77134 0.3007813 0.7040719 0.3007813 0.7011719 0.3007813 0.7516092 0.3007813 0.7516092 0.01416016 0.7040719 0.5874023 0.7011719 0.5874023 0.77134 0.01416016 0.726949 0.5874023 0.7973781 0.01416016 0.7516092 0.5874023 0.77134 0.5874023 0.7040719 0.01416016 0.03320313 0.8202431 0.03320313 0.644043 -0.0009765625 0.9521484 -0.0009765625 0.9741211 0.2109375 0.8202431 0.03320313 0.8202431 0.03320313 0.644043 0.2109375 0.8202431 0.2109375 0.644043 0.1108055 0.8657227 0.1608715 0.8657227 0.2109375 0.8657227 0.1608715 0.8657227 0.1095538 0.8657227 0.06078832 0.8657227 0.03320313 0.8657227 0.06078832 0.8657227 0.1095538 0.8657227 0.2109375 0.8657227 0.1108055 0.8657227 0.03320313 0.8657227 0.2109375 0.8657227 0.03320313 0.8657227 0.2109375 0.8657227 0.03320313 0.8657227 0.03320313 0.8657227 0.2109375 0.8657227 0.03320313 0.8657227 0.2109375 0.8657227 0 0.9521484 0 0.9741211 0 0.9521484 0 0.9741211 0.001953125 0.5493164 0.015625 0.5649414 0.262207 0.8754883 0.3999023 0.8754883 0.2490234 0.9521484 0.2490234 0.9741211  
			<TextureCoords1>: 553 0.9034536 0.5775424 0.9037286 0.5702253 0.9487715 0.5774372 0.9475045 0.5702253 0.9487717 0.599988 0.9484797 0.5926715 0.9034536 0.599988 0.9047039 0.5927732 0.9526778 0.5775424 0.9529528 0.5702253 0.9979957 0.5774372 0.9967287 0.5702253 0.997996 0.599988 0.997704 0.5926715 0.9526779 0.599988 0.9539282 0.5927732 0.9034536 0.566319 0.9037286 0.5590019 0.9487715 0.5662137 0.9475045 0.5590019 0.9487717 0.5887652 0.9484797 0.5814487 0.9034536 0.5887652 0.9047039 0.5815504 0.9526778 0.566319 0.9529528 0.5590019 0.9979957 0.5662137 0.9967287 0.5590019 0.997996 0.5887652 0.997704 0.5814487 0.9526779 0.5887652 0.9539282 0.5815504 0.1873826 0.2296547 0.1873825 0.1920604 0.1873825 0.2187001 0.1931378 0.182371 0.1931378 0.212705 0.1873825 0.1967995 0.1931379 0.2017504 0.1931378 0.18711 0.9855183 0.7763177 0.718716 0.9509874 0.718716 0.9634187 0.98887 0.9070175 0.7168016 0.8089926 0.718716 0.9673249 0.718716 0.9797562 0.9888699 0.8416677 0.7201531 0.9070175 0.9907844 0.9509874 0.9907844 0.9797562 0.9907844 0.9634187 0.9855183 0.8089927 0.7168016 0.7763177 0.7201532 0.8416677 0.9907844 0.9673249 0.7109926 0.2397766 0.9624053 0.7560738 0.00390625 0.4950355 0.9654208 0.9470811 0.7109926 0.233561 0.9635064 0.7499565 0.7114824 0.7454104 0.9643198 0.9409638 0.003906464 0.935786 0.7153888 0.566044 0.7153888 0.6224451 0.8995473 0.5621377 0.9855183 0.7599801 0.7168016 0.923355 0.7168016 0.9357862 0.98887 0.8906801 0.7201531 0.8906801 0.98887 0.923355 0.98887 0.9357862 0.7168016 0.7599801 0.7168016 0.7926552 0.718716 0.9836624 0.718716 0.9960938 0.9888699 0.8253301 0.9907844 0.9960938 0.9855183 0.7926552 0.7201532 0.8253301 0.9907844 0.9836624 0.7025359 0.9254268 0.01426587 0.9254265 0.01426566 0.7596762 0.7025357 0.7596765 0.3622356 0.9960937 0.3622356 0.9396926 0.3555233 0.9254267 0.3555231 0.7596764 0.3555232 0.9357861 0.7115421 0.9960936 0.7148098 0.9960936 0.8995473 0.6224451 0.007173874 0.9960938 0.7105845 0.7493172 0.8995473 0.566044 0.7112613 0.7509509 0.00390625 0.7516274 0.7115421 0.9396925 0.005540078 0.7509507 0.2108814 0.7445455 0.4814427 0.7454106 0.2339461 0.4950352 0.5045072 0.49417 0.2338465 0.233561 0.5040733 0.2384444 0.5040733 0.2446601 0.2338465 0.2397766 0.9934068 0.5542138 0.9975232 0.7454106 0.2881835 0.1359799 0.9934068 0.5456181 0.7155483 0.7454106 0.9742244 0.5399346 0.9742244 0.5313658 0.00390625 0.1359799 0.9975233 0.7279902 0.2876067 0.03072405 0.2879851 0.02213675 0.2881837 0.1534003 0.005433443 0.03072405 0.7155483 0.7279902 0.003906394 0.1534003 0.00390625 0.02229244 0.004289263 0.08318925 0.9975232 0.6990194 0.2881836 0.08834141 0.00390625 0.07460213 0.7155484 0.6990194 0.2864626 0.08303457 0.2879852 0.07460213 0.00390625 0.08834285 0.9975231 0.681599 0.664221 0.2284088 0.6645994 0.2198215 0.2881836 0.1057618 0.3820477 0.2284088 0.7155482 0.681599 0.00390625 0.1057633 0.3805205 0.2199772 0.004289263 0.07069588 0.9975232 0.6764468 0.2881835 0.1121614 0.00390625 0.06210881 0.7155484 0.6764468 0.2864626 0.07054126 0.2879852 0.06210881 0.00390625 0.1121614 0.9975231 0.6590264 0.664221 0.2146693 0.6645994 0.206082 0.2881837 0.1295818 0.3820477 0.2146693 0.7155482 0.6590264 0.003906394 0.1295818 0.3805205 0.2062377 0.004289263 0.05695665 0.9975234 0.722838 0.2881835 0.1597984 0.00390625 0.04836959 0.7155485 0.722838 0.2864626 0.05680203 0.2879852 0.04836959 0.00390625 0.1597984 0.9975232 0.7054175 0.2876067 0.0182305 0.2879851 0.009643197 0.2881837 0.1772189 0.005433443 0.0182305 0.7155483 0.7054175 0.003906394 0.1772189 0.00390625 0.009798884 0.5538678 0.1660476 0.5538678 0.1641356 0.3805205 0.1485901 0.3805205 0.1812066 0.9693271 0.9422175 0.9706792 0.9408655 0.9706792 0.9470811 0.9693271 0.9457292 0.5538677 0.1544083 0.5538677 0.1753775 0.5538677 0.1718659 0.3805206 0.1388628 0.9804063 0.9408655 0.9817584 0.9422175 0.9817584 0.9457292 0.9804063 0.9470811 0.3805205 0.1194111 0.5538678 0.1349566 0.3805206 0.2002637 0.3805205 0.1158995 0.5538676 0.1158995 0.9687647 0.7498583 0.9687647 0.7560739 0.5538676 0.1194111 0.5538676 0.1252294 0.5538676 0.1100812 0.5538676 0.1065696 0.3805207 0.1905365 0.9784919 0.7498583 0.9798439 0.7512103 0.9798439 0.7547219 0.9784919 0.7560739 0.3766141 0.1920606 0.3766141 0.2296547 0.003906388 0.2127056 0.00390625 0.2137497 0.003906251 0.1967996 0.3766142 0.2127046 0.003906386 0.1910164 0.00390625 0.1920606 0.3766141 0.2187001 0.003906253 0.182371 0.00390625 0.18711 0.003906265 0.2017509 0.3766141 0.20175 0.3766142 0.2007058 0.003906445 0.217656 0.003906308 0.2187001 0.3236204 0.7454106 0.3917683 0.4950351 0.3914368 0.233561 0.3914368 0.2397766 0.5810965 0.7448796 0.1342587 0.2427732 0.1342922 0.4945047 0.1342588 0.2365575 0.2000448 0.4950354 0.1999452 0.233561 0.515344 0.7454104 0.1999452 0.2397766 0.4025315 0.7446409 0.3126417 0.2441215 0.3128572 0.4942656 0.3126417 0.2379059 0.7682905 0.7499566 0.7671893 0.7560739 0.913932 0.9409639 0.9150331 0.9470811 0.4814427 0.5501946 0.2108816 0.5493295 0.5045072 0.2989541 0.2339461 0.2998194 0.3917683 0.2998192 0.3236205 0.5501946 0.5810966 0.5496638 0.1342922 0.2992887 0.2000448 0.2998194 0.5153441 0.5501946 0.4025316 0.549425 0.3128572 0.2990497 0.9487717 0.6112165 0.9487717 0.6038942 0.9034536 0.6038942 0.9034536 0.6112165 0.9472295 0.5326385 0.9472294 0.5253162 0.9034536 0.5253162 0.9034536 0.5326385 0.9487717 0.6224451 0.9487717 0.6151227 0.9034536 0.6151227 0.9034536 0.6224451 0.9472295 0.5550956 0.9472294 0.5477733 0.9034536 0.5477733 0.9034536 0.5550956 0.997996 0.6224451 0.997996 0.6151228 0.952678 0.6151228 0.952678 0.6224451 0.9472295 0.5438671 0.9472294 0.5365447 0.9034536 0.5365447 0.9034536 0.5438671 0.997996 0.6112165 0.997996 0.6038942 0.952678 0.6038942 0.952678 0.6112165 0.9472295 0.52141 0.9472294 0.5140877 0.9034536 0.5140877 0.9034536 0.52141 0.9751054 0.5447363 0.9742244 0.5456181 0.9742244 0.5542138 0.9751054 0.5550956 0.9925258 0.5447363 0.9925258 0.5550956 0.9925258 0.54083 0.9934068 0.5399346 0.9934068 0.5313658 0.9925258 0.5304706 0.9751054 0.54083 0.9751054 0.5304706 0.9520168 0.5447363 0.9511358 0.5456181 0.9511358 0.5542138 0.9520167 0.5550956 0.9694371 0.5447363 0.9694371 0.5550956 0.9703181 0.5456181 0.9703181 0.5542138 0.9694371 0.54083 0.9703181 0.5399346 0.9703181 0.5313658 0.9694371 0.5304706 0.9520167 0.54083 0.9520168 0.5304706 0.9511358 0.5399346 0.9511358 0.5313658 0.9520167 0.516205 0.9511358 0.5170868 0.9511358 0.5256824 0.9520167 0.5265644 0.9694371 0.516205 0.9694371 0.5265644 0.9703181 0.5170869 0.9703181 0.5256824 0.9694371 0.5122987 0.9703181 0.5114033 0.9703181 0.5028346 0.9694372 0.5019393 0.9520167 0.5122987 0.9520168 0.5019393 0.9511358 0.5114033 0.9511358 0.5028346 0.9043346 0.4998221 0.9034536 0.5007039 0.9034536 0.5092996 0.9043346 0.5101815 0.9217551 0.4998221 0.9217551 0.5101815 0.922636 0.500704 0.922636 0.5092996 0.9448437 0.5101815 0.9457247 0.5092862 0.9457247 0.5007173 0.9448437 0.4998221 0.9274232 0.5101815 0.9274232 0.4998221 0.9265423 0.5092862 0.9265423 0.5007173 0.3766142 0.1910164 0.1873826 0.1910163 0.7168016 0.9194487 0.98887 0.9194487 0.7168016 0.8540989 0.9888699 0.8540989 0.7168016 0.8214239 0.9888699 0.8214239 0.7168016 0.7887489 0.9855183 0.7887489 0.7153888 0.6387826 0.9841055 0.6387826 0.9841055 0.6263514 0.7153888 0.6263514 0.9855183 0.8743426 0.7168016 0.8743426 0.7168016 0.8867738 0.98887 0.8867738 0.003906286 0.2998195 0.003906391 0.5501945 0.00390625 0.7454105 0.7128953 0.9357862 0.7128951 0.7516276 0.7168016 0.9031113 0.98887 0.9031113 0.7168016 0.7724114 0.9855183 0.7724114 0.9855183 0.8580051 0.7168016 0.8580051 0.7168016 0.8704363 0.98887 0.8704363 0.7168016 0.8377614 0.9888699 0.8377614 0.7168016 0.8050864 0.9888699 0.8050864 0.7153888 0.6551201 0.9841056 0.6551201 0.9841056 0.6426889 0.7153888 0.6426889 0.3805205 0.1753775 0.3805205 0.1718659 0.5538677 0.1485901 0.5538678 0.1388628 0.3805206 0.1544083 0.3805206 0.1641356 0.9674127 0.7547219 0.9674127 0.7512103 0.3805205 0.1100812 0.3805205 0.1065696 0.5538679 0.2002637 0.5538679 0.1905365 0.3805205 0.1252294 0.3805206 0.1349566 0.3555233 0.9254267 0.01426587 0.9254265 0.01426566 0.7596762 0.3555231 0.7596764 0.355523 0.749317 0.006216818 0.7493168 0.355523 0.749317 0.3555231 0.7596764 0.7025357 0.7596765 0.7112613 0.7509509 0.003906464 0.935786 0.01426587 0.9254265 0.01426566 0.7596762 0.005540078 0.7509507 0.3555233 0.9254267 0.3555232 0.9357861 0.7025359 0.9254268 0.7025357 0.7596765 0.3622356 0.9396926 0.007173874 0.9396926 0.3622356 0.9960937 0.7105845 0.7493172 0.7112613 0.7509509 0.7128951 0.7516276 0.00390625 0.7516274 0.005540078 0.7509507 0.006216818 0.7493168 0.00390625 0.9960938 0.007173874 0.9960938 0.007173874 0.9396926 0.00390625 0.9396927 0.7148098 0.9396925 0.7115421 0.9396925 0.7115421 0.9960936 0.8995473 0.5057366 0.7153888 0.5057366 0.7153888 0.5621377 0.2108816 0.5493295 0.2108814 0.7445455 0.7114825 0.299819 0.7114825 0.4950349 0.5040733 0.2446601 0.5040733 0.2384444 0.2881444 0.134734 0.004065325 0.134734 0.2863037 0.04430878 0.2864626 0.04306275 0.004289263 0.04321742 0.00432864 0.04446334 0.004065443 0.1546462 0.2881444 0.1546462 0.9975622 0.7267443 0.7153888 0.7267443 0.2881444 0.0870955 0.004065319 0.08709693 0.7153888 0.7002653 0.9975619 0.7002653 0.004065305 0.1070092 0.2881443 0.1070077 0.6641822 0.2296547 0.3822073 0.2296547 0.2881444 0.1109154 0.004065325 0.1109154 0.7153888 0.6776928 0.9975619 0.6776928 0.004065443 0.1308277 0.2881444 0.1308277 0.6641822 0.2159152 0.3822073 0.2159152 0.2881444 0.1585525 0.004065325 0.1585525 0.2863037 0.05804801 0.2864626 0.05680203 0.004289263 0.05695665 0.00432864 0.05820256 0.004065443 0.1784648 0.2881444 0.1784648 0.9975621 0.7041717 0.7153888 0.7041716 0.00390625 0.0346303 0.004289263 0.04321742 0.2864626 0.04306275 0.2879852 0.0346303 0.5538678 0.1699538 0.3805206 0.1699538 0.5538677 0.1811958 0.5538677 0.1792838 0.3805205 0.1792945 0.3805205 0.1524963 0.5538676 0.1524963 0.3805206 0.1660476 0.3805208 0.1886245 0.553868 0.1886245 0.5538678 0.2021757 0.3805205 0.2021757 0.3805206 0.1119933 0.5538677 0.1119933 0.3805206 0.1213232 0.5538677 0.1213232 0.3805207 0.1847183 0.5538679 0.1847075 0.193138 0.2007062 0.1931377 0.2137492 0.1931378 0.212705 0.1873826 0.217656 0.3766143 0.217656 0.3766142 0.2137487 0.3766142 0.2127046 0.00390625 0.2007068 0.00390625 0.2296547 0.003906388 0.2127056 0.376614 0.182371 0.376614 0.18711 0.3766141 0.1967996 0.5045072 0.2989541 0.5045072 0.49417 0.003906284 0.233561 0.00390625 0.2397766 0.7114825 0.5501945 0.2339461 0.2998194 0.2339461 0.4950352 0.4814427 0.5501946 0.4814427 0.7454106 0.3917683 0.2494314 0.3128572 0.2486619 0.4814427 0.4998068 0.4025316 0.4990372 0.5810966 0.499276 0.5153441 0.4998068 0.2339461 0.2494316 0.2000448 0.2494317 0.1342921 0.2489009 0.7114825 0.4998068 0.3236205 0.4998069 0.5045072 0.2485663 0.2339461 0.2494316 0.7114825 0.2494313 0.5045072 0.2485663 0.2108816 0.4989418 0.4814427 0.4998068 0.2108816 0.4989418 0.003906427 0.4998068 0.003906284 0.2494318 0.718716 0.9409639 0.7198171 0.9470811 0.7179027 0.7499566 0.7168016 0.7560739 0.7128953 0.9357862 0.7025359 0.9254268 0.3555231 0.7596764 0.3555233 0.9254267 0.2338465 0.233561 0.2338465 0.2397766  
			<Normals>: 553 1 0 0 1 0 0 1 0 0 1 0 0 -1 0 0 -1 0 0 -1 0 0 -1 0 0 1 0 0 1 0 0 1 0 0 1 0 0 -1 0 0 -1 0 0 -1 0 0 -1 0 0 1 0 0 1 0 0 1 0 0 1 0 0 -1 0 0 -1 0 0 -1 0 0 -1 0 0 1 0 0 1 0 0 1 0 0 1 0 0 -1 0 0 -1 0 0 -1 0 0 -1 0 0 0 -0.3826815 0.9238803 0 -0.9238803 0.3826815 0 0.3826815 0.9238803 0 0.9238803 0.3826815 0 -0.3826815 -0.9238803 0 -0.9238803 -0.3826815 0 0.3826815 -0.9238803 0 0.9238803 -0.3826815 0 0 1 0 0 -1 0 0 -1 -1 0 0 1 0 0 0 0 -1 0 0 -1 -1 0 0 -1 0 0 0 0 -1 0 0 -1 0 0 -1 1 0 0 0 0 1 -1 0 0 0 0 -1 0.6578605 0 0.7531398 1 0 0 -0.02261458 -0.9839326 -0.1771018 -0.6580054 0 0.7530133 0.7489715 0 0.6626021 1 0 0 0.02261458 0.9839326 0.1771018 -0.7488422 0 0.6627483 0 1 0 -1 0 0 -1 0 0 1 0 0 0 0 1 0 0 -1 0 0 -1 -1 0 0 -1 0 0 0 0 -1 0 0 -1 0 0 1 1 0 0 0 0 -1 0 0 -1 -1 0 0 0 0 -1 1 0 0 -1 0 0 0 0 -1 0 1 0 0 1 0 0 1 0 0 1 0 0 0 1 0 0 1 0 1 0 0 1 0 0 1 0 0.3826815 0 0.9238803 0.9238803 0 0.3826815 -0.9238803 0 0.3826815 -0.3826815 0 0.9238803 -0.2971048 0.6302528 0.7172937 -0.7172937 0.6302528 0.2971048 0 1 0 0.7172937 0.6302528 0.2971048 0.2971048 0.6302528 0.7172937 0 1 0 0.009735491 0.9841391 0.177131 0.02700976 0.9838268 0.1770742 -0.02700976 -0.9838268 -0.1770742 -0.009735491 -0.9841391 -0.177131 0 0 1 0 0 1 0 0 1 0 0 1 0 -0.221352 0.975194 0.3864347 -0.9075509 -0.1643767 0.3788033 0.9107516 0.164437 0 -0.221352 0.975194 0.3975486 -0.9028925 -0.1635241 0 0 -1 0 0 -1 0.3665064 0.9156099 0.1653231 -0.3864347 -0.9075509 -0.1643767 -0.9276229 -0.3675395 -0.06656179 -0.9199773 0.3857349 0.06964531 -0.3788033 0.9107516 0.164437 -0.9383591 -0.3401312 -0.06158678 -0.3975486 -0.9028925 -0.1635241 -0.3665064 0.9156099 0.1653231 -0.9074518 0.4134713 0.07464947 0.9276229 -0.3675395 -0.06656179 0.3864347 -0.9075509 -0.1643767 0.3788033 0.9107516 0.164437 0.9199773 0.3857349 0.06964531 0.3975377 -0.9028983 -0.1635197 0.9383591 -0.3401312 -0.06158678 0.9074518 0.4134713 0.07464947 0.3665064 0.9156099 0.1653231 -0.3864347 -0.9075509 -0.1643767 -0.9276229 -0.3675395 -0.06656179 -0.9199773 0.3857349 0.06964531 -0.3788033 0.9107516 0.164437 -0.9383591 -0.3401312 -0.06158678 -0.3975486 -0.9028925 -0.1635241 -0.3665064 0.9156099 0.1653231 -0.9074518 0.4134713 0.07464947 0.9276124 -0.3675658 -0.06656104 0.3864347 -0.9075509 -0.1643767 0.3788033 0.9107516 0.164437 0.9199773 0.3857349 0.06964531 0.3975377 -0.9028983 -0.1635197 0.9383591 -0.3401312 -0.06158678 0.9074404 0.4134966 0.07464853 0.3665064 0.9156099 0.1653231 -0.3864347 -0.9075509 -0.1643767 -0.9276229 -0.3675395 -0.06656179 -0.9199773 0.3857349 0.06964531 -0.3788033 0.9107516 0.164437 -0.9383591 -0.3401312 -0.06158678 -0.3975486 -0.9028925 -0.1635241 -0.3665064 0.9156099 0.1653231 -0.9074518 0.4134713 0.07464947 0.9276229 -0.3675395 -0.06656179 0.3864347 -0.9075509 -0.1643767 0.3788033 0.9107516 0.164437 0.9199773 0.3857349 0.06964531 0.3975486 -0.9028925 -0.1635241 0.9383689 -0.3401042 -0.06158742 0.9074518 0.4134713 0.07464947 0.3665064 0.9156099 0.1653231 -0.3864347 -0.9075509 -0.1643767 -0.9276229 -0.3675395 -0.06656179 -0.9199773 0.3857349 0.06964531 -0.3788033 0.9107516 0.164437 -0.9383591 -0.3401312 -0.06158678 -0.3975486 -0.9028925 -0.1635241 -0.3665064 0.9156099 0.1653231 -0.9074518 0.4134713 0.07464947 -0.3826815 -0.9238803 0 -0.9238803 -0.3826815 0 0.9238803 -0.3826815 0 0.3826815 -0.9238803 0 0 0 -1 0 0 -1 0 0 -1 0 0 -1 -0.9238803 0.3826815 0 -0.3826815 0.9238803 0 0.3826815 0.9238803 0 0.9238803 0.3826815 0 0 0 -1 0 0 -1 0 0 -1 0 0 -1 -0.3826815 -0.9238803 0 -0.9238803 -0.3826815 0 0.9238803 -0.3826815 0 0.3826815 -0.9238803 0 0.3826815 -0.9238803 0 0 0 -1 0 0 -1 -0.3826815 -0.9238803 0 -0.9238803 0.3826815 0 -0.3826815 0.9238803 0 0.3826815 0.9238803 0 0.9238803 0.3826815 0 0 0 -1 0 0 -1 0 0 -1 0 0 -1 0 -0.9238803 0.3826815 0 -0.3826815 0.9238803 0 -0.3826815 -0.9238803 0 -0.9238803 -0.3826815 0 -0.9238803 -0.3826815 0 -0.3826815 -0.9238803 0 -0.3826815 0.9238803 0 -0.9238803 0.3826815 0 0.3826815 0.9238803 0 0.9238803 0.3826815 0 0.9238803 -0.3826815 0 0.3826815 -0.9238803 0 0.3826815 -0.9238803 0 0.9238803 -0.3826815 0 0.9238803 0.3826815 0 0.3826815 0.9238803 -0.005737536 0.9841706 0.1771312 0.005737536 -0.9841706 -0.1771312 0 0 1 0 0 1 -0.01113953 0.9841238 0.1771337 0 0 1 0.01113953 -0.9841238 -0.1771337 0 0 1 0.02237055 -0.9839382 -0.1771028 0 0 1 -0.02237055 0.9839382 0.1771028 0 0 1 0 0.9841867 0.1771341 0 0 1 0 -0.9841867 -0.1771341 0 0 1 1 0 0 1 0 0 -1 0 0 -1 0 0 0.02710125 0.9838244 0.1770737 0.009704974 0.9841393 0.177131 -0.009704974 -0.9841393 -0.177131 -0.02710125 -0.9838244 -0.1770737 0.005768054 -0.9841704 -0.1771311 -0.005768054 0.9841704 0.1771311 -0.01110901 0.9841241 0.1771338 0.01110901 -0.9841241 -0.1771338 0.02243156 -0.9839368 -0.1771025 -0.02243156 0.9839368 0.1771025 0 0.9841867 0.1771341 0 -0.9841867 -0.1771341 0 -0.7831266 0.6218623 0 -0.7831266 0.6218623 0 -0.7831266 0.6218623 0 -0.7831266 0.6218623 0 0.7816929 -0.6236635 0 0.7816929 -0.6236635 0 0.7816929 -0.6236635 0 0.7816929 -0.6236635 0 -0.7831266 0.6218623 0 -0.7831266 0.6218623 0 -0.7831266 0.6218623 0 -0.7831266 0.6218623 0 0.7816929 -0.6236635 0 0.7816929 -0.6236635 0 0.7816929 -0.6236635 0 0.7816929 -0.6236635 0 -0.7831266 0.6218623 0 -0.7831266 0.6218623 0 -0.7831266 0.6218623 0 -0.7831266 0.6218623 0 0.7816929 -0.6236635 0 0.7816929 -0.6236635 0 0.7816929 -0.6236635 0 0.7816929 -0.6236635 0 -0.7831266 0.6218623 0 -0.7831266 0.6218623 0 -0.7831266 0.6218623 0 -0.7831266 0.6218623 0 0.7816929 -0.6236635 0 0.7816929 -0.6236635 0 0.7816929 -0.6236635 0 0.7816929 -0.6236635 0 -0.221352 0.975194 0 -0.221352 0.975194 0 -0.221352 0.975194 0 -0.221352 0.975194 0 -0.221352 0.975194 0 -0.221352 0.975194 0 0 -1 0 0 -1 0 0 -1 0 0 -1 0 0 -1 0 0 -1 0 -0.221352 0.975194 0 -0.221352 0.975194 0 -0.221352 0.975194 0 -0.221352 0.975194 0 -0.221352 0.975194 0 -0.221352 0.975194 0 -0.221352 0.975194 0 -0.221352 0.975194 0 0 -1 0 0 -1 0 0 -1 0 0 -1 0 0 -1 0 0 -1 0 0 -1 0 0 -1 0 -0.221352 0.975194 0 -0.221352 0.975194 0 -0.221352 0.975194 0 -0.221352 0.975194 0 -0.221352 0.975194 0 -0.221352 0.975194 0 -0.221352 0.975194 0 -0.221352 0.975194 0 0 -1 0 0 -1 0 0 -1 0 0 -1 0 0 -1 0 0 -1 0 0 -1 0 0 -1 0 -0.221352 0.975194 0 -0.221352 0.975194 0 -0.221352 0.975194 0 -0.221352 0.975194 0 -0.221352 0.975194 0 -0.221352 0.975194 0 -0.221352 0.975194 0 -0.221352 0.975194 0 0 -1 0 0 -1 0 0 -1 0 0 -1 0 0 -1 0 0 -1 0 0 -1 0 0 -1 0 -0.3826815 0.9238803 0 -0.3826815 0.9238803 -1 0 0 -1 0 0 -1 0 0 -1 0 0 1 0 0 1 0 0 0 0 1 0 0 1 0 0 1 0 0 1 0 0 1 0 0 1 1 0 0 1 0 0 1 0 0 1 0 0 -0.02261458 -0.9839326 -0.1771018 -0.02319413 0.9839196 0.1770994 -0.02319413 0.9839196 0.1770994 0 1 0 -0.7172937 0.6302528 0.2971048 -1 0 0 -1 0 0 0 0 1 0 0 1 1 0 0 1 0 0 1 0 0 1 0 0 -1 0 0 -1 0 0 1 0 0 1 0 0 0 0 1 0 0 1 0 0 1 0 0 1 -0.3826815 0.9238803 0 0.3826815 0.9238803 0 0.9238803 -0.3826815 0 0.9238803 0.3826815 0 -0.9238803 0.3826815 0 -0.9238803 -0.3826815 0 0 0 -1 0 0 -1 -0.3826815 0.9238803 0 0.3826815 0.9238803 0 0.9238803 -0.3826815 0 0.9238803 0.3826815 0 -0.9238803 0.3826815 0 -0.9238803 -0.3826815 0 0 1 0 0 1 0 0 1 0 0 1 0 0 1 0 0.2971048 0.6302528 0.7172937 0 1 0 0 1 0 0 1 0 0 1 0 0 1 0 0 1 0 0 1 0 0 1 0 0 1 0 0 1 0 0 1 0 0 1 0 0 0 1 -0.2971048 0.6302528 0.7172937 0 0 1 -0.2971048 0.6302528 0.7172937 0 1 0 -0.7172937 0.6302528 0.2971048 0.7172937 0.6302528 0.2971048 0 1 0 0.2971048 0.6302528 0.7172937 -0.9238803 0 0.3826815 -0.3826815 0 0.9238803 -0.2971048 0.6302528 0.7172937 -0.7172937 0.6302528 0.2971048 0.7172937 0.6302528 0.2971048 0.2971048 0.6302528 0.7172937 0.3826815 0 0.9238803 1 0 0 0.7172937 0.6302528 0.2971048 0.9238803 0 0.3826815 0.009704974 0.9841393 0.177131 0.009735491 0.9841391 0.177131 0.02319413 -0.9839196 -0.1770994 0.02319413 -0.9839196 -0.1770994 0 0 1 0 0 1 0.9199773 0.3857349 0.06964531 0.9074518 0.4134713 0.07464947 0.3975486 -0.9028925 -0.1635241 0.9383591 -0.3401312 -0.06158678 0.9276229 -0.3675395 -0.06656179 0.3864347 -0.9075509 -0.1643767 -0.9074518 0.4134713 0.07464947 -0.9199773 0.3857349 0.06964531 -0.9276229 -0.3675395 -0.06656179 -0.9383591 -0.3401312 -0.06158678 0.9199773 0.3857349 0.06964531 0.9074518 0.4134713 0.07464947 0.9383591 -0.3401312 -0.06158678 0.9276229 -0.3675395 -0.06656179 -0.9074518 0.4134713 0.07464947 -0.9199773 0.3857349 0.06964531 -0.3864347 -0.9075509 -0.1643767 -0.3975486 -0.9028925 -0.1635241 0.9199773 0.3857349 0.06964531 0.9074404 0.4134966 0.07464853 0.9383591 -0.3401312 -0.06158678 0.9276124 -0.3675658 -0.06656104 -0.9074518 0.4134713 0.07464947 -0.9199773 0.3857349 0.06964531 -0.3864347 -0.9075509 -0.1643767 -0.3975486 -0.9028925 -0.1635241 0.9199773 0.3857349 0.06964531 0.9074518 0.4134713 0.07464947 0.3975486 -0.9028925 -0.1635241 0.9383689 -0.3401042 -0.06158742 0.9276229 -0.3675395 -0.06656179 0.3864347 -0.9075509 -0.1643767 -0.9074518 0.4134713 0.07464947 -0.9199773 0.3857349 0.06964531 -0.9276229 -0.3675395 -0.06656179 -0.9383591 -0.3401312 -0.06158678 0.9199773 0.3857349 0.06964531 0.9276229 -0.3675395 -0.06656179 0.9383591 -0.3401312 -0.06158678 0.9074518 0.4134713 0.07464947 0.9238803 0.3826815 0 0.9238803 0.3826815 0 0.3826815 -0.9238803 0 0.9238803 -0.3826815 0 0.9238803 -0.3826815 0 -0.3826815 0.9238803 0 -0.3826815 0.9238803 0 -0.3826815 -0.9238803 0 0.3826815 0.9238803 0 0.3826815 0.9238803 0 0.3826815 -0.9238803 0 0.3826815 -0.9238803 0 -0.9238803 0.3826815 0 -0.9238803 0.3826815 0 -0.9238803 -0.3826815 0 -0.9238803 -0.3826815 0 -0.3826815 -0.9238803 0 -0.3826815 -0.9238803 0 0 0.9238803 -0.3826815 0 -0.9238803 -0.3826815 0 -0.3826815 -0.9238803 0 0.9238803 0.3826815 0 0.9238803 0.3826815 0 -0.9238803 -0.3826815 0 -0.3826815 -0.9238803 0 0.9238803 -0.3826815 0 -0.3826815 0.9238803 0 -0.3826815 -0.9238803 0 0.9238803 0.3826815 0 0.9238803 -0.3826815 0 -0.9238803 -0.3826815 -0.009704974 -0.9841393 -0.177131 -0.009735491 -0.9841391 -0.177131 -0.7488422 0 0.6627483 -0.6580054 0 0.7530133 0.02261458 0.9839326 0.1771018 -0.02710125 -0.9838244 -0.1770737 -0.02700976 -0.9838268 -0.1770742 0.02710125 0.9838244 0.1770737 0.02700976 0.9838268 0.1770742 0.005798571 -0.9841702 -0.1771311 0 -0.9841867 -0.1771341 0.02716225 0.9838228 0.1770734 0 0.9841867 0.1771341 -0.01107849 0.9841244 0.1771338 -0.02246206 0.9839361 0.1771024 -0.02716225 -0.9838228 -0.1770734 0.02246206 -0.9839361 -0.1771024 0.01107849 -0.9841244 -0.1771338 0.02261458 0.9839326 0.1771018 -0.005798571 0.9841702 0.1771311 -0.009643944 -0.98414 -0.1771312 -0.02716225 -0.9838228 -0.1770734 0.02319413 -0.9839196 -0.1770994 -0.009643944 -0.98414 -0.1771312 0.009643944 0.98414 0.1771312 0.02716225 0.9838228 0.1770734 0.009643944 0.98414 0.1771312 -0.02319413 0.9839196 0.1770994 -0.02261458 -0.9839326 -0.1771018 -1 0 0 -1 0 0 0.7489715 0 0.6626021 0.6578605 0 0.7531398 0 1 0 0 1 0 0 1 0 0 1 0 0 0 1 0 0 1  
			<Tangents>: 553 0 0.7829213 -0.6221208 0 0.7824935 -0.6226587 0 0.7789638 -0.6270689 0 0.7784278 -0.6277342 0 -0.7824797 0.6226761 0 -0.7829496 0.6220851 0 -0.7785602 0.6275699 0 -0.7789702 0.6270609 0 0.7829213 -0.6221208 0 0.7825014 -0.6226488 0 0.7789735 -0.6270568 0 0.7784278 -0.6277342 0 -0.7824711 0.6226869 0 -0.7829496 0.6220851 0 -0.7785602 0.6275699 0 -0.7789627 0.6270702 0 -0.7704594 0.6374891 0 -0.7725237 0.6349859 0 -0.7890902 0.6142774 0 -0.7915328 0.6111267 0 0.772674 -0.6348031 0 0.7703914 -0.6375712 0 0.7909962 -0.6118211 0 0.7891388 -0.6142149 0 -0.7704594 0.6374891 0 -0.7725237 0.6349859 0 -0.7890902 0.6142774 0 -0.7915328 0.6111267 0 0.772674 -0.6348031 0 0.7703914 -0.6375712 0 0.7909962 -0.6118211 0 0.7891388 -0.6142149 0 0.9238803 0.3826815 0 0.3826815 0.9238803 0 0.9238803 -0.3826815 0 0.3826815 -0.9238803 0 -0.9238803 0.3826815 0 -0.3826815 0.9238803 0 -0.9238803 -0.3826815 0 -0.3826815 -0.9238803 -1 1.299384E-07 0 1 0 0 1 0 0 0 8.540749E-05 -1 0 0 1 1 0 0 1 0 0 0 8.553587E-05 -1 0 0.002973394 -0.9999956 1 0 0 1 0 0 1 0 0 0 -0.002870471 0.9999959 -1 4.415157E-06 0 0 0.002977861 -0.9999956 1 0 0 -0.7527703 -0.03132095 0.6575378 0 0.1771529 -0.9841834 -0.999736 0.02297794 -7.939291E-07 0.7263274 -0.2638593 0.6346863 -0.6621825 -0.03559553 0.7484968 0 0.1771529 -0.9841834 -0.999736 0.02297794 -7.371304E-07 0.6443938 -0.2337139 0.7281033 1 0 0 0 -3.725461E-08 -1 0 -8.157838E-08 -1 0 -9.313651E-08 -1 -1 1.299384E-07 0 1 0 0 1 0 0 0 8.540749E-05 -1 0 0.002973394 -0.9999956 1 0 0 1 0 0 -1 4.415162E-06 0 0 0 1 1 0 0 1 0 0 0 8.553587E-05 -1 1 0 0 0 -0.002870471 0.9999959 0 0.002977861 -0.9999956 1 0 0 0 0 1 0 0 -1 0 0 -1 2.366042E-10 0 1 -1 0 0 -1 0 0 0 0 -1 0 0 -1 1 0 0 -0.9238803 0 0.3826815 0.3826815 0 -0.9238803 -0.3826815 -2.93896E-07 -0.9238803 -0.9238803 0 -0.3826815 0.9548449 0.1961064 0.2231895 -0.2231897 0.1961062 -0.9548449 3.598153E-07 0 1 -0.2231896 -0.1961063 0.9548449 -0.9548449 0.1961064 0.2231895 1 0 -9.363147E-10 -0.9999439 0.008840703 0.005840102 -0.9996352 0.02658262 0.004784529 -0.9995876 0.0283096 -0.004817899 -0.9999439 0.008840689 0.005840184 1 0 0 -0.9997216 -0.02359406 0 -0.9997216 -0.02359406 0 1 0 0 2.867499E-06 0.975194 0.221352 -0.9223167 -0.3802481 -0.06887098 0.9254768 -0.37262 -0.06816891 9.421201E-08 0.975194 0.221352 -0.9175811 -0.3911847 -0.07084801 0 -1 0 0 -1 0 0.9304155 -0.3606616 -0.06519324 -0.9223165 0.3801081 0.06964339 -0.3735034 0.9111593 0.1740226 0.3919535 0.9035772 0.1729761 0.9254769 0.3726329 0.06809746 -0.3456619 0.9233059 0.1674042 -0.9175811 0.391182 0.07086273 0.9304155 0.3606624 0.06518886 0.4201558 0.8928381 0.1622013 -0.3735029 -0.9111282 -0.1741867 -0.9223167 -0.3802484 -0.06886901 0.9254768 -0.3726204 -0.06816635 0.3919541 -0.9036072 -0.1728175 -0.9175858 -0.391174 -0.07084597 -0.3456618 -0.9232699 -0.1676022 0.4201559 -0.8928654 -0.1620508 0.9304155 -0.3606616 -0.06519334 -0.9223167 0.3802476 0.06887374 -0.3735045 0.9112199 0.1737028 0.3919535 0.9035772 0.1729761 0.9254769 0.3726333 0.06809513 -0.3456619 0.9233069 0.1673986 -0.9175811 0.3911846 0.07084811 0.9304155 0.3606624 0.06518886 0.4201558 0.8928381 0.1622013 -0.3735285 -0.9111176 -0.1741871 -0.9223167 -0.380248 -0.06887153 0.9254768 -0.3726204 -0.06816634 0.3919541 -0.9036072 -0.1728175 -0.9175858 -0.391174 -0.07084597 -0.3456618 -0.9232699 -0.1676022 0.4201806 -0.8928536 -0.1620513 0.9304155 -0.3606616 -0.06519334 -0.9223167 0.3802481 0.06887098 -0.3735044 0.9112189 0.173708 0.3919535 0.9035772 0.1729761 0.9254769 0.3726333 0.06809512 -0.3456619 0.9233069 0.1673987 -0.9175811 0.3911847 0.07084801 0.9304155 0.3606624 0.06518886 0.4201558 0.8928381 0.1622013 -0.3735029 -0.9111282 -0.1741867 -0.9223167 -0.3802481 -0.06887098 0.9254768 -0.3726204 -0.06816635 0.3919541 -0.9036072 -0.1728175 -0.9175811 -0.3911847 -0.07084801 -0.3456354 -0.9232799 -0.1676019 0.4201559 -0.8928654 -0.1620508 0.9304155 -0.3606616 -0.06519334 -0.9223165 0.3801081 0.06964339 -0.3735034 0.9111593 0.1740226 0.3919535 0.9035772 0.1729761 0.9254769 0.3726333 0.06809513 -0.3456619 0.9233059 0.1674042 -0.9175811 0.391182 0.07086273 0.9304155 0.3606624 0.06518886 0.4201558 0.8928381 0.1622013 -0.9238803 0.3826815 -1.30812E-07 -0.3826815 0.9238803 8.918173E-08 -0.3826815 -0.9238803 0 -0.9238803 -0.3826815 0 -0.9999692 -0.007852284 0 -0.9989613 -0.04556782 0 -0.9989205 0.04645246 0 -0.9999785 0.006561466 0 0.3826815 0.9238803 0 0.9238803 0.3826815 0 0.9238803 -0.3826815 -4.769416E-08 0.3826815 -0.9238803 1.306798E-07 -0.9991938 -0.04014745 0 -0.9999822 -0.00595765 0 -0.9999754 0.007005618 0 -0.9991555 0.04108967 0 0.9238803 -0.3826815 0 0.3826815 -0.9238803 -1.306797E-07 0.3826815 0.9238803 0 0.9238803 0.3826815 0 0.9238803 0.3826815 0 -0.9989613 -0.04556782 0 -0.9989205 0.04645246 0 0.9238803 -0.3826815 0 -0.3826815 -0.9238803 0 -0.9238803 -0.3826815 0 -0.9238803 0.3826815 0 -0.3826815 0.9238803 -9.070979E-08 -0.9991938 -0.04014745 0 -0.9999833 -0.005786926 0 -0.99998 0.006331309 0 -0.9991555 0.04108967 0 0 0.3826815 0.9238803 0 0.9238803 0.3826815 0 -0.9238803 0.3826815 0 -0.3826815 0.9238803 0 -0.3826815 0.9238803 0 -0.9238803 0.3826815 0 0.9238803 0.3826815 0 0.3826815 0.9238803 0 0.9238803 -0.3826815 0 0.3826815 -0.9238803 0 -0.3826815 -0.9238803 0 -0.9238803 -0.3826815 0 -0.9238803 -0.3826815 0 -0.3826815 -0.9238803 0 0.3826815 -0.9238803 0 0.9238803 -0.3826815 -0.9999832 -0.005496997 -0.00184867 -0.9999832 -0.005496998 -0.001848669 -0.9999879 0.004924233 0 -0.9999896 0.004572502 0 -0.999938 -0.01094203 -0.002091752 0.9999996 -0.0009382003 0 -0.999938 -0.01094203 -0.002091747 0.9999999 -0.0005051552 0 -0.9997365 -0.02292839 0.001103653 0.9995851 0.02880286 0 -0.9997365 -0.02292839 0.001103652 0.9995673 0.0294135 0 -1 1.287354E-10 -7.152746E-10 -1 -5.833841E-09 0 -1 3.140031E-11 -1.744652E-10 -1 -5.692427E-09 0 0 0.177153 -0.9841833 0 0.177153 -0.9841833 0 -0.1771529 0.9841834 0 -0.1771529 0.9841834 -0.9996327 0.02667259 0.004801126 -0.9999442 0.008810639 0.00583483 -0.9999442 0.00881064 0.005834821 -0.9995851 0.02839964 -0.004801668 -0.999983 -0.005528588 -0.00184544 -0.999983 -0.0055286 -0.001845375 -0.9999383 -0.01091008 -0.002097017 -0.9999383 -0.01091007 -0.002097064 -0.9997351 -0.02299116 0.001107988 -0.9997351 -0.02299114 0.001107909 -1 2.502639E-11 -1.390506E-10 -1 1.287354E-10 -7.152746E-10 1 0 0 1 0 0 1 0 0 1 0 0 -1 0 0 -1 0 0 -1 0 0 -1 0 0 1 0 0 1 0 0 1 0 0 1 0 0 -1 0 0 -1 0 0 -1 0 0 -1 0 0 -1 0 0 -1 0 0 -1 0 0 -1 0 0 0.9998452 -0.0109727 -0.01375307 0.9998067 -0.01226251 -0.01536969 0.9999979 -0.001297653 -0.001626464 1 0 0 -1 0 0 -1 0 0 -1 0 0 -1 0 0 0.9998452 -0.01097279 -0.01375317 0.9998067 -0.01226259 -0.0153698 0.9999979 -0.001297653 -0.001626464 1 0 0 5.19101E-08 0.975194 0.221352 2.867494E-06 0.975194 0.221352 9.421173E-08 0.975194 0.221352 0 0.975194 0.221352 0 0.975194 0.221352 5.191163E-08 0.975194 0.221352 0 -1 0 0 -1 0 0 -1 0 0 -1 0 0 -1 0 0 -1 0 2.388172E-06 0.975194 0.221352 2.867602E-06 0.975194 0.221352 2.395428E-06 0.975194 0.221352 2.379334E-06 0.975194 0.221352 2.379334E-06 0.975194 0.221352 2.388172E-06 0.975194 0.221352 2.395428E-06 0.975194 0.221352 2.867602E-06 0.975194 0.221352 -2.33686E-06 1 0 0 1 0 -2.301525E-06 1 0 -2.379329E-06 1 0 -2.379329E-06 1 0 -2.336856E-06 1 0 -2.301526E-06 1 0 0 1 0 2.336261E-06 0.975194 0.221352 0 0.975194 0.221352 2.301151E-06 0.975194 0.221352 2.379332E-06 0.975194 0.221352 2.379332E-06 0.975194 0.221352 2.33626E-06 0.975194 0.221352 2.301152E-06 0.975194 0.221352 0 0.975194 0.221352 2.336859E-06 -1 0 0 -1 0 2.301525E-06 -1 0 2.379329E-06 -1 0 2.379329E-06 -1 0 2.336856E-06 -1 0 2.301526E-06 -1 0 0 -1 0 5.190823E-08 0.975194 0.221352 2.867513E-06 0.975194 0.221352 9.420989E-08 0.975194 0.221352 0 0.975194 0.221352 0 0.975194 0.221352 5.19096E-08 0.975194 0.221352 9.420977E-08 0.975194 0.221352 2.867513E-06 0.975194 0.221352 0 1 0 0 1 0 0 1 0 0 1 0 0 1 0 0 1 0 0 1 0 0 1 0 0 0.9238803 0.3826815 0 0.9238803 0.3826815 0 0.00286832 -0.9999959 0 0 -1 0 0.002872628 -0.9999959 0 0 -1 0 -8.767234E-05 1 0 -0.002943785 0.9999956 -1 4.285218E-06 0 -1 0 0 -1 2.142609E-06 0 -1 0 0 -1 6.496919E-08 0 -1 2.207579E-06 0 0 -0.002868321 0.9999959 0 0 1 0 -8.760658E-05 1 0 -0.00294158 0.9999956 -0.999736 0.02297797 -9.16464E-07 -0.9997222 -0.02356755 4.972937E-06 -0.9997222 -0.02356754 4.900345E-06 0 0 1 0.2231896 -0.1961063 0.9548449 0 0.00286832 -0.9999959 0 0 -1 -1 4.285223E-06 0 -1 0 0 0 -0.002868321 0.9999959 0 0 1 0 -8.760658E-05 1 0 -0.00294158 0.9999956 0 0.002872628 -0.9999959 0 0 -1 0 -8.767234E-05 1 0 -0.002943785 0.9999956 -1 2.142604E-06 0 -1 0 0 -1 6.496919E-08 0 -1 2.207573E-06 0 0.9238803 0.3826815 0 0.9238803 -0.3826815 -6.7924E-06 -0.3826815 -0.9238803 3.531264E-06 0.3826815 -0.9238803 3.661944E-06 0.3826815 0.9238803 2.429931E-06 -0.3826815 0.9238803 -3.375314E-06 -0.9999825 0.005911428 0 -0.9999709 -0.00763414 0 -0.9238803 -0.3826815 0 -0.9238803 0.3826815 0 0.3826815 0.9238803 -2.421366E-06 -0.3826815 0.9238803 3.116184E-06 -0.3826815 -0.9238803 -3.531264E-06 0.3826815 -0.9238803 -3.661944E-06 1 0 0 1 0 0 1 0 0 1 0 -2.615155E-08 1 0 -2.64847E-08 0.9548449 -0.1961064 -0.2231895 1 0 -2.07329E-10 1 0 0 1 0 -1.456176E-08 1 0 -1.157883E-08 0 0 1 0 0 1 -2.402214E-09 0 1 -3.653106E-06 0 1 1 0 0 1 0 0 0 0 -1 0 0 -1 -1 0 0 -0.9548449 -0.1961064 -0.2231895 -1 0 0 0.9548449 0.1961064 0.2231895 1 0 0 0.2231895 -0.1961064 0.9548449 -0.2231895 -0.1961064 0.9548449 1 0 0 0.9548449 -0.1961064 -0.2231895 -0.3826815 1.069919E-05 -0.9238803 -0.9238803 1.11085E-05 -0.3826815 -0.8329977 0.1961195 -0.5173508 -0.5173469 -0.1961131 -0.8330017 0.5173488 -0.1961162 -0.8329998 0.8329998 0.1961162 -0.5173488 0.9238803 0 -0.3826815 0 -8.256369E-08 -1 0.2231896 0.1961063 -0.9548449 0.3826815 -5.176799E-08 -0.9238803 -0.9999235 0.01091109 -0.005836345 -0.9999232 0.01094113 -0.005831007 -0.9997222 -0.02356753 4.870426E-06 -0.9997222 -0.02356751 4.778215E-06 -0.9990615 0.043315 0 -0.9990615 0.043315 0 0.3919626 -0.9041089 -0.1701536 0.420156 -0.892907 -0.1618211 -0.9175811 -0.391178 -0.0708857 -0.3456619 -0.9233322 -0.167259 -0.373518 -0.9127705 -0.1653306 -0.9223168 -0.380246 -0.06888218 0.420156 0.8929104 0.1618021 0.3919628 0.9041194 0.1700981 -0.3735103 0.9116065 0.17165 -0.3456619 0.9233145 0.1673568 0.3919628 -0.9041162 -0.1701152 0.420156 -0.892907 -0.161821 -0.3456619 -0.9233322 -0.167259 -0.373518 -0.9127705 -0.1653306 0.420156 0.8929104 0.1618021 0.3919628 0.9041194 0.170098 -0.9222982 0.3791099 0.07511137 -0.9175811 0.391164 0.07096241 0.3919628 -0.9041162 -0.1701152 0.4201807 -0.8928961 -0.161817 -0.3456619 -0.9233322 -0.167259 -0.373544 -0.9127607 -0.1653265 0.420156 0.8929104 0.1618021 0.3919628 0.9041194 0.170098 -0.922298 0.3791028 0.07514975 -0.9175811 0.3911641 0.07096238 0.3919628 -0.9041162 -0.1701153 0.420156 -0.892907 -0.161821 -0.9175811 -0.391178 -0.0708857 -0.3456354 -0.9233413 -0.1672633 -0.373518 -0.9127705 -0.1653306 -0.9223168 -0.380246 -0.06888218 0.420156 0.8929104 0.1618021 0.3919628 0.9041194 0.1700981 -0.3735103 0.9116064 0.17165 -0.3456619 0.9233145 0.1673568 0.3919541 -0.9036072 -0.1728175 -0.3735029 -0.9111282 -0.1741867 -0.3456618 -0.9232699 -0.1676022 0.4201559 -0.8928654 -0.1620508 0.3826815 -0.9238803 0 0.3826815 -0.9238803 -1.84988E-05 -0.9238803 -0.3826815 0 -0.3826815 -0.9238803 0 -0.3826815 -0.9238803 0 0.9238803 0.3826815 0 0.9238803 0.3826815 0 -0.9238803 0.3826815 -1.862969E-05 -0.9238803 0.3826815 1.30812E-07 -0.9238803 0.3826815 1.862969E-05 0.9238803 0.3826815 0 0.9238803 0.3826815 0 -0.3826815 -0.9238803 0 -0.3826815 -0.9238803 0 0.3826815 -0.9238803 0 0.3826815 -0.9238803 0 -0.9238803 0.3826815 0 -0.9238803 0.3826815 0 0 -0.3826815 -0.9238803 0 -0.3826815 0.9238803 0 -0.9238803 0.3826815 0 0.3826815 -0.9238803 0 0.3826815 -0.9238803 0 -0.3826815 0.9238803 0 -0.9238803 0.3826815 0 -0.3826815 -0.9238803 0 0.9238803 0.3826815 0 -0.9238803 0.3826815 0 0.3826815 -0.9238803 0 -0.3826815 -0.9238803 0 -0.3826815 0.9238803 -0.9999235 0.01091112 -0.005836467 -0.9999232 0.01094114 -0.005831055 0.6623501 -0.03466517 0.7483921 0.7526626 -0.03051393 0.657699 -0.999736 0.02297794 -7.469542E-07 -0.9996327 0.02667259 0.004801121 -0.9996352 0.02658262 0.004784477 -0.9995851 0.02839964 -0.004801668 -0.9995876 0.0283096 -0.004817899 -0.9999828 -0.005559018 -0.001848641 -1 1.287354E-10 -7.152746E-10 -0.9995835 0.02845966 -0.004790849 -1 1.198148E-19 -6.657103E-19 -0.9999386 -0.01087955 -0.00209434 -0.9997343 -0.02302186 0.001106383 -0.999631 0.02673267 0.004811669 -0.9997343 -0.02302185 0.001106291 -0.9999386 -0.01087954 -0.002094409 -0.999736 0.02297794 -7.478452E-07 -0.9999828 -0.00555903 -0.001848575 -0.999924 0.01085104 -0.005847295 -0.9995835 0.02845966 -0.004790849 -0.9997222 -0.02356754 4.911392E-06 -0.9999447 0.008750608 0.005823873 -0.999924 0.01085104 -0.005847295 -0.999631 0.0267327 0.004811488 -0.9999447 0.008750572 0.005824073 -0.9997222 -0.02356751 4.778215E-06 -0.999736 0.02297794 -7.371304E-07 0 -0.177153 0.9841833 0 -0.177153 0.9841833 0.6442577 0.2336757 -0.728236 0.7264383 0.2639133 -0.634537 1 0 0 1 0 0 0 0 -1 0 0 -1 -0.9984832 0.05505755 0 -0.9984832 0.05505755 0  
			<BiTangents>: 553 0 -0.6221208 -0.7829213 0 -0.6226587 -0.7824935 0 -0.6270689 -0.7789638 0 -0.6277342 -0.7784278 0 -0.6226761 -0.7824797 0 -0.6220851 -0.7829496 0 -0.6275699 -0.7785602 0 -0.6270609 -0.7789702 0 -0.6221208 -0.7829213 0 -0.6226488 -0.7825014 0 -0.6270568 -0.7789735 0 -0.6277342 -0.7784278 0 -0.6226869 -0.7824711 0 -0.6220851 -0.7829496 0 -0.6275699 -0.7785602 0 -0.6270702 -0.7789627 0 0.6374891 0.7704594 0 0.6349859 0.7725237 0 0.6142774 0.7890902 0 0.6111267 0.7915328 0 0.6348031 0.772674 0 0.6375712 0.7703914 0 0.6118211 0.7909962 0 0.6142149 0.7891388 0 0.6374891 0.7704594 0 0.6349859 0.7725237 0 0.6142774 0.7890902 0 0.6111267 0.7915328 0 0.6348031 0.772674 0 0.6375712 0.7703914 0 0.6118211 0.7909962 0 0.6142149 0.7891388 1 0 0 1 0 0 1 0 0 1 0 0 1 0 0 1 0 0 1 0 0 1 0 0 1.299384E-07 1 0 0 1 0 0 1 0 0 1 8.540749E-05 0 1 0 0 1 0 0 1 0 0 1 8.553587E-05 0 0.9999956 0.002973394 0 1 0 0 1 0 0 1 0 0 0.9999959 0.002870471 4.415157E-06 1 0 0 0.9999956 0.002977861 0 1 0 -0.02358905 0.9995094 0.02060482 0 0.9841834 0.1771529 0.004070216 0.177055 -0.9841926 0.1986896 0.9645612 0.1736208 -0.02358568 0.9993663 0.02666004 0 0.9841834 0.1771529 0.004070159 0.177055 -0.9841926 0.1548935 0.9723054 0.1750148 0 0 -1 0 1 -3.725461E-08 0 1 -8.157838E-08 0 1 -9.313651E-08 1.299384E-07 1 0 0 1 0 0 1 0 0 1 8.540749E-05 0 0.9999956 0.002973394 0 1 0 0 1 0 4.415162E-06 1 0 0 1 0 0 1 0 0 1 0 0 1 8.553587E-05 0 1 0 0 0.9999959 0.002870471 0 0.9999956 0.002977861 0 1 0 -1 0 0 1 0 0 1 0 0 -1 0 2.366042E-10 0 1 0 0 1 0 1 0 0 1 0 0 0 0 -1 0 1 0 0 1 0 -1.124686E-07 1 -2.715247E-07 0 1 0 6.269108E-09 -0.7512148 0.6600578 0.6600577 0.7512148 -1.650594E-07 -1 0 3.598153E-07 0.6600578 -0.7512148 6.465942E-08 6.269108E-09 0.7512148 -0.6600578 9.363147E-10 0 1 -0.004181511 0.1771779 -0.98417 -5.322042E-08 0.1771388 -0.9841859 0.009752878 0.176871 -0.9841857 -0.004181593 0.1771779 -0.98417 0 1 0 -0.02359406 0.9997216 0 -0.02359406 0.9997216 0 0 1 0 1 -2.796368E-06 -6.347267E-07 -1.001379E-09 -0.1782215 0.9839904 0.0008124277 -0.1780053 0.9840292 1 -9.187498E-08 -2.085402E-08 -2.038191E-09 -0.1782122 0.9839921 1 0 0 1 0 0 6.587229E-05 -0.1777129 0.9840823 0.0007240162 -0.1785199 0.9839361 0.003311784 -0.1862884 0.9824895 -0.003792999 -0.1864318 0.9824606 -0.0007452267 -0.1779782 0.9840342 7.596796E-05 -0.1783735 0.9839629 1.372847E-05 -0.1782181 0.983991 -6.172803E-05 -0.1777113 0.9840826 -0.0004156844 -0.1785542 0.98393 -0.00337417 -0.1864406 0.9824604 1.842894E-06 -0.1782207 0.9839906 0.0008100218 -0.1780043 0.9840294 0.003729738 -0.1862859 0.9824885 -2.061787E-06 -0.1782073 0.9839929 -0.0001455044 -0.1785592 0.9839292 0.0003514554 -0.1784178 0.9839548 6.596097E-05 -0.177713 0.9840823 2.588003E-06 -0.1782226 0.9839903 0.003190227 -0.1859919 0.9825461 -0.003792999 -0.1864318 0.9824606 -0.0007430342 -0.1779773 0.9840344 7.399986E-05 -0.1783683 0.9839638 1.010906E-07 -0.1782123 0.9839921 -6.172803E-05 -0.1777113 0.9840826 -0.0004156844 -0.1785542 0.98393 -0.003380305 -0.1864406 0.9824604 -5.160696E-07 -0.1782217 0.9839904 0.0008100083 -0.1780043 0.9840294 0.003729738 -0.1862859 0.9824885 -2.061787E-06 -0.1782073 0.9839929 -0.0001455044 -0.1785592 0.9839292 0.000357449 -0.1784178 0.9839548 6.596097E-05 -0.177713 0.9840823 1.001379E-09 -0.1782215 0.9839904 0.003192174 -0.1859966 0.9825452 -0.003792999 -0.1864318 0.9824606 -0.0007430274 -0.1779773 0.9840344 7.400492E-05 -0.1783683 0.9839638 2.038191E-09 -0.1782122 0.9839921 -6.172803E-05 -0.1777113 0.9840826 -0.0004156844 -0.1785542 0.98393 -0.00337417 -0.1864406 0.9824604 -1.001379E-09 -0.1782215 0.9839904 0.000810015 -0.1780043 0.9840294 0.003729738 -0.1862859 0.9824885 -2.038191E-09 -0.1782122 0.9839921 -0.0001396982 -0.1785592 0.9839291 0.0003514554 -0.1784178 0.9839548 6.596097E-05 -0.177713 0.9840823 0.0007240229 -0.1785199 0.9839361 0.003311784 -0.1862884 0.9824895 -0.003792999 -0.1864318 0.9824606 -0.0007430409 -0.1779773 0.9840344 7.596796E-05 -0.1783735 0.9839629 1.372847E-05 -0.1782181 0.983991 -6.172803E-05 -0.1777113 0.9840826 -0.0004156844 -0.1785542 0.98393 -1.208546E-07 5.005934E-08 1 3.41282E-08 -8.239324E-08 1 0 0 1 0 0 1 0.007852284 -0.9999692 0 0.04556782 -0.9989613 0 -0.04645246 -0.9989205 0 -0.006561466 -0.9999785 0 0 0 1 0 0 1 4.40637E-08 -1.825168E-08 1 -5.000873E-08 1.207325E-07 1 0.04014745 -0.9991938 0 0.00595765 -0.9999822 0 -0.007005618 -0.9999754 0 -0.04108967 -0.9991555 0 0 0 1 5.000872E-08 -1.207324E-07 1 0 0 1 0 0 1 0 0 1 0.04556782 -0.9989613 0 -0.04645246 -0.9989205 0 0 0 1 0 0 1 0 0 1 0 0 1 -3.471296E-08 8.380499E-08 1 0.04014745 -0.9991938 0 0.005786926 -0.9999833 0 -0.006331309 -0.99998 0 -0.04108967 -0.9991555 0 1 0 0 1 0 0 1 0 0 1 0 0 1 0 0 1 0 0 1 0 0 1 0 0 1 0 0 1 0 0 1 0 0 1 0 0 1 0 0 1 0 0 1 0 0 1 0 0 0.0008457167 0.1771388 -0.9841855 0.0008457159 0.1771388 -0.9841855 0.004924233 0.9999879 0 0.004572502 0.9999896 0 0.0001203392 0.177146 -0.9841846 0.0009382003 0.9999996 0 0.0001203347 0.177146 -0.9841846 0.0005051552 0.9999999 0 -0.005146607 0.1770314 -0.9841918 -0.02880286 0.9995851 0 -0.005146606 0.1770314 -0.9841918 -0.0294135 0.9995673 0 7.267671E-10 0.1771341 -0.9841867 -5.833841E-09 1 0 1.772684E-10 0.1771341 -0.9841867 -5.692427E-09 1 0 0 0.9841833 0.177153 0 0.9841833 0.177153 0 0.9841834 0.1771529 0 0.9841834 0.1771529 -4.490324E-07 0.1771388 -0.9841859 -0.004181649 0.1771778 -0.98417 -0.004181639 0.1771778 -0.98417 0.00975283 0.1768702 -0.9841859 0.0008369421 0.1771388 -0.9841855 0.000836876 0.1771388 -0.9841855 0.0001311809 0.1771462 -0.9841845 0.0001312289 0.1771462 -0.9841845 -0.005161982 0.1770307 -0.9841918 -0.005161902 0.1770307 -0.9841918 1.412848E-10 0.1771341 -0.9841867 7.267671E-10 0.1771341 -0.9841867 0 -0.6218623 -0.7831266 0 -0.6218623 -0.7831266 0 -0.6218623 -0.7831266 0 -0.6218623 -0.7831266 0 -0.6236635 -0.7816929 0 -0.6236635 -0.7816929 0 -0.6236635 -0.7816929 0 -0.6236635 -0.7816929 0 -0.6218623 -0.7831266 0 -0.6218623 -0.7831266 0 -0.6218623 -0.7831266 0 -0.6218623 -0.7831266 0 -0.6236635 -0.7816929 0 -0.6236635 -0.7816929 0 -0.6236635 -0.7816929 0 -0.6236635 -0.7816929 0 0.6218623 0.7831266 0 0.6218623 0.7831266 0 0.6218623 0.7831266 0 0.6218623 0.7831266 0.01759395 0.623567 0.7815719 0.01966206 0.623543 0.7815418 0.002080694 0.6236622 0.7816912 0 0.6236635 0.7816929 0 0.6218623 0.7831266 0 0.6218623 0.7831266 0 0.6218623 0.7831266 0 0.6218623 0.7831266 0.01759409 0.623567 0.7815719 0.0196622 0.623543 0.7815418 0.002080694 0.6236622 0.7816912 0 0.6236635 0.7816929 1 -5.062241E-08 -1.14904E-08 1 -2.796363E-06 -6.347255E-07 1 -9.187471E-08 -2.085395E-08 1 0 0 1 0 0 1 -5.062391E-08 -1.149074E-08 1 0 0 1 0 0 1 0 0 1 0 0 1 0 0 1 0 0 1 -2.328931E-06 -5.286266E-07 1 -2.796468E-06 -6.347494E-07 1 -2.336007E-06 -5.302327E-07 1 -2.320312E-06 -5.266704E-07 1 -2.320312E-06 -5.266704E-07 1 -2.328931E-06 -5.286266E-07 1 -2.336007E-06 -5.302327E-07 1 -2.796468E-06 -6.347494E-07 -1 -2.33686E-06 0 -1 0 0 -1 -2.301525E-06 0 -1 -2.379329E-06 0 -1 -2.379329E-06 0 -1 -2.336856E-06 0 -1 -2.301526E-06 0 -1 0 0 1 -2.278307E-06 -5.17136E-07 1 0 0 1 -2.244069E-06 -5.093644E-07 1 -2.320311E-06 -5.2667E-07 1 -2.320311E-06 -5.2667E-07 1 -2.278307E-06 -5.171357E-07 1 -2.244069E-06 -5.093645E-07 1 0 0 1 2.336859E-06 0 1 0 0 1 2.301525E-06 0 1 2.379329E-06 0 1 2.379329E-06 0 1 2.336856E-06 0 1 2.301526E-06 0 1 0 0 1 -5.06206E-08 -1.148999E-08 1 -2.796381E-06 -6.347296E-07 1 -9.187292E-08 -2.085355E-08 1 0 0 1 0 0 1 -5.062193E-08 -1.149029E-08 1 -9.18728E-08 -2.085352E-08 1 -2.796381E-06 -6.347296E-07 -1 0 0 -1 0 0 -1 0 0 -1 0 0 -1 0 0 -1 0 0 -1 0 0 -1 0 0 1 0 0 1 0 0 0 0.9999959 0.00286832 0 1 0 0 0.9999959 0.002872628 0 1 0 0 1 8.767234E-05 0 0.9999956 0.002943785 4.285218E-06 1 0 0 1 0 2.142609E-06 1 0 0 1 0 6.496919E-08 1 0 2.207579E-06 1 0 0 0.9999959 0.002868321 0 1 0 0 1 8.760658E-05 0 0.9999956 0.00294158 0.004070341 0.177055 -0.9841926 -0.004178693 0.1770501 -0.984193 -0.004178619 0.1770501 -0.984193 -1 0 0 -0.6600578 -0.7512148 3.38909E-08 0 0.9999959 0.00286832 0 1 0 4.285223E-06 1 0 0 1 0 0 0.9999959 0.002868321 0 1 0 0 1 8.760658E-05 0 0.9999956 0.00294158 0 0.9999959 0.002872628 0 1 0 0 1 8.767234E-05 0 0.9999956 0.002943785 2.142604E-06 1 0 0 1 0 6.496919E-08 1 0 2.207573E-06 1 0 0 0 1 6.275365E-06 -2.599326E-06 1 1.35135E-06 3.262466E-06 1 -1.401359E-06 3.383198E-06 1 -9.298899E-07 -2.244966E-06 1 -1.291671E-06 3.118387E-06 1 -0.005911428 -0.9999825 0 0.00763414 -0.9999709 0 0 0 1 0 0 1 9.266121E-07 2.237052E-06 1 1.192506E-06 -2.878982E-06 1 -1.35135E-06 -3.262466E-06 1 1.401359E-06 -3.383198E-06 1 0 0 -1 0 0 -1 0 0 1 2.615155E-08 0 1 2.64847E-08 0 1 -6.269108E-09 -0.7512148 0.6600578 2.07329E-10 0 1 0 0 1 1.456176E-08 0 1 1.157883E-08 0 1 1 0 0 1 0 0 1 0 2.402214E-09 1 0 3.653106E-06 0 0 -1 0 0 -1 -1 0 0 -1 0 0 0 1 0 -6.269108E-09 0.7512148 -0.6600578 0 1 0 -6.269108E-09 0.7512148 -0.6600578 0 0 1 0.6600578 0.7512148 6.269108E-09 -0.6600578 0.7512148 6.269108E-09 0 0 1 6.269108E-09 0.7512148 -0.6600578 4.094385E-06 1 9.884776E-06 1.026293E-05 1 4.251019E-06 0.4667371 0.7512114 -0.4667311 0.4667355 0.751213 -0.46673 -0.4667334 0.7512123 -0.4667334 -0.4667334 0.7512123 -0.4667334 0 1 0 0 1 -8.256369E-08 -0.6600578 0.7512148 -2.44994E-08 1.981065E-08 1 -4.782743E-08 0.007676471 0.1770609 -0.98417 0.007676535 0.1770606 -0.98417 -0.004178588 0.1770501 -0.984193 -0.004178495 0.1770501 -0.984193 0.043315 0.9990615 0 0.043315 0.9990615 0 0.002667252 -0.1838358 0.9829534 0.00025335 -0.1782093 0.9839926 -3.513082E-05 -0.1782272 0.9839894 -2.495805E-05 -0.1782372 0.9839876 -9.89466E-06 -0.1782265 0.9839895 -1.051364E-05 -0.1782258 0.9839897 -0.0002452241 -0.178192 0.9839957 -0.002645085 -0.1837847 0.9829629 0.002409999 -0.184088 0.9829068 5.929666E-05 -0.178329 0.9839709 0.002651942 -0.1838005 0.9829599 0.0002533008 -0.1782092 0.9839926 -2.495805E-05 -0.1782372 0.9839876 -9.89466E-06 -0.1782265 0.9839895 -0.0002452241 -0.178192 0.9839957 -0.00264508 -0.1837847 0.9829629 0.005850574 -0.18063 0.9835337 0.0001066619 -0.1782577 0.9839838 0.002651942 -0.1838005 0.9829599 0.0002573919 -0.1782051 0.9839934 -2.495805E-05 -0.1782372 0.9839876 -1.407465E-05 -0.1782224 0.9839903 -0.0002452241 -0.178192 0.9839957 -0.00264508 -0.1837847 0.9829629 0.005886564 -0.1806447 0.9835308 0.0001066369 -0.1782577 0.9839838 0.002651965 -0.1838006 0.9829599 0.0002533069 -0.1782092 0.9839926 -3.513082E-05 -0.1782272 0.9839894 -2.072417E-05 -0.1782414 0.9839867 -9.89466E-06 -0.1782265 0.9839895 -1.051364E-05 -0.1782258 0.9839897 -0.0002452241 -0.178192 0.9839957 -0.002645102 -0.1837847 0.9829629 0.002410014 -0.184088 0.9829068 5.929666E-05 -0.178329 0.9839709 0.003729738 -0.1862859 0.9824885 -0.00337417 -0.1864406 0.9824604 -0.0001455044 -0.1785592 0.9839292 0.0003514554 -0.1784178 0.9839548 0 0 1 7.079149E-06 -1.709068E-05 1 0 0 1 0 0 1 0 0 1 0 0 1 0 0 1 -1.72116E-05 7.129238E-06 1 1.208547E-07 -5.005934E-08 1 1.72116E-05 -7.129238E-06 1 0 0 1 0 0 1 0 0 1 0 0 1 0 0 1 0 0 1 0 0 1 0 0 1 1 0 0 1 0 0 1 0 0 1 0 0 1 0 0 1 0 0 1 0 0 1 0 0 1 0 0 1 0 0 1 0 0 1 0 0 1 0 0 0.007676594 0.1770609 -0.98417 0.007676584 0.1770606 -0.98417 0.02297429 0.999399 0.02595874 0.02297739 0.9995343 0.02007833 0.004070168 0.177055 -0.9841926 -4.444511E-07 0.1771388 -0.9841859 -2.607238E-10 0.1771388 -0.9841859 0.00975283 0.1768702 -0.9841859 0.009752878 0.176871 -0.9841857 0.0008347019 0.1771388 -0.9841855 7.267671E-10 0.1771341 -0.9841867 0.009752797 0.1768696 -0.984186 6.764065E-19 0.1771341 -0.9841867 0.000133954 0.1771462 -0.9841846 -0.005165838 0.1770305 -0.9841918 -1.839498E-07 0.1771388 -0.9841859 -0.005165744 0.1770305 -0.9841918 0.0001340241 0.1771462 -0.9841846 0.004070169 0.177055 -0.9841926 0.0008346352 0.1771388 -0.9841855 0.007676615 0.1770613 -0.9841699 0.009752797 0.1768696 -0.984186 -0.00417863 0.1770501 -0.984193 -0.004181501 0.1771775 -0.9841701 0.007676615 0.1770613 -0.9841699 1.98903E-10 0.1771388 -0.9841859 -0.004181704 0.1771775 -0.9841701 -0.004178495 0.1770501 -0.984193 0.004070159 0.177055 -0.9841926 0 0.9841833 0.177153 0 0.9841833 0.177153 -0.154834 0.9723146 0.1750164 -0.1987636 0.9645464 0.1736182 0 0 -1 0 0 -1 -1 0 0 -1 0 0 0.05505755 0.9984832 0 0.05505755 0.9984832 0  
			<SubMeshes>: 1
				<SubMesh>: 0 1092 1 0 2 1 2 3 7 6 4 7 4 5 255 256 257 255 257 258 259 260 261 259 261 262 9 8 10 9 10 11 15 14 12 15 12 13 263 264 265 263 265 266 267 268 269 267 269 270 17 16 18 17 18 19 23 22 20 23 20 21 271 272 273 271 273 274 275 276 277 275 277 278 25 24 26 25 26 27 31 30 28 31 28 29 279 280 281 279 281 282 283 284 285 283 285 286 112 119 124 112 124 115 126 123 120 126 120 121 130 127 132 130 132 133 122 113 118 122 118 125 287 288 289 289 290 287 290 291 287 290 292 291 292 114 291 292 111 114 293 294 295 295 296 293 296 297 293 296 298 297 298 116 297 298 117 116 128 135 140 128 140 131 142 139 136 142 136 137 146 143 148 146 148 149 138 129 134 138 134 141 299 300 301 301 302 299 302 303 299 302 304 303 304 305 303 304 306 305 307 308 309 309 310 307 310 311 307 310 312 311 312 313 311 312 314 313 144 151 156 144 156 147 158 155 152 158 152 153 162 159 164 162 164 165 154 145 150 154 150 157 315 316 317 317 318 315 318 319 315 318 320 319 320 321 319 320 322 321 323 324 325 325 326 323 326 327 323 326 328 327 328 329 327 328 330 329 160 167 172 160 172 163 174 171 168 174 168 169 170 161 166 170 166 173 331 332 333 333 334 331 334 335 331 334 336 335 336 337 335 336 338 337 339 340 341 341 342 339 342 343 339 342 344 343 344 345 343 344 346 345 33 214 211 33 211 37 35 216 217 35 217 39 38 36 212 38 212 219 34 32 208 34 208 215 207 347 348 207 348 33 49 41 42 49 42 51 349 350 43 349 43 48 55 45 46 55 46 50 351 352 47 351 47 54 52 44 353 52 353 354 355 356 40 355 40 53 357 358 359 357 359 360 361 362 363 361 363 364 239 240 57 239 57 61 241 242 59 241 59 63 108 109 56 108 56 60 250 365 58 250 58 229 244 366 367 244 367 103 66 95 98 66 98 65 84 368 369 369 87 84 369 99 87 101 89 88 101 88 93 90 91 86 90 86 85 73 69 70 73 70 74 370 371 71 370 71 72 372 373 68 372 68 75 374 375 376 374 376 377 83 77 78 83 78 80 378 379 79 378 79 82 81 76 380 81 380 381 382 383 384 382 384 385 182 181 190 190 189 182 189 179 182 189 188 179 188 180 179 188 187 180 386 184 185 386 185 387 186 177 388 186 388 389 390 391 176 390 176 183 191 198 195 191 195 194 392 197 206 206 205 392 205 393 392 205 204 393 204 196 393 204 203 196 394 200 201 394 201 395 202 193 396 202 396 397 398 399 192 398 192 199 92 400 401 92 401 64 102 402 403 403 404 102 404 405 102 406 407 408 408 409 406 409 97 406 100 410 411 411 412 100 412 413 100 547 548 414 547 414 415 416 417 549 416 549 550 418 419 96 418 96 420 421 422 423 424 425 426 427 428 429 427 429 430 431 432 433 431 433 94 434 435 436 434 436 67 252 243 104 252 104 233 248 437 438 248 438 223 439 245 106 439 106 440 254 246 105 254 105 237 232 234 110 232 110 107 225 226 441 225 441 442 113 443 444 113 444 118 445 446 447 445 447 448 125 449 450 125 450 122 119 451 452 119 452 124 129 453 454 129 454 134 131 455 456 131 456 128 141 457 458 141 458 138 459 136 139 459 139 460 145 461 462 145 462 150 147 463 464 147 464 144 157 465 466 157 466 154 467 152 155 467 155 468 161 469 470 161 470 166 471 472 473 471 473 474 173 475 476 173 476 170 167 477 478 167 478 172 479 480 481 479 481 482 185 483 484 185 484 387 485 486 487 485 487 178 488 390 183 488 183 489 175 176 391 175 391 490 491 202 397 491 397 492 493 396 193 493 193 494 394 495 496 394 496 200 191 497 498 191 498 198 499 500 485 499 485 178 501 38 219 501 219 220 502 503 209 502 209 210 504 34 215 504 215 505 33 348 213 33 213 214 221 222 34 221 34 504 506 507 503 506 503 502 508 218 38 508 38 501 222 509 32 222 32 34 218 510 36 218 36 38 511 35 39 511 39 512 207 33 37 207 37 513 238 236 226 238 226 225 514 247 224 514 224 515 253 248 223 253 223 235 516 517 228 516 228 230 518 249 227 518 227 62 251 250 229 251 229 231 519 251 231 519 231 520 230 228 234 230 234 232 249 252 233 249 233 227 521 253 235 521 235 522 551 552 236 551 236 238 247 254 237 247 237 224 523 524 254 523 254 247 525 526 253 525 253 521 527 528 252 527 252 249 529 530 251 529 251 519 530 531 250 530 250 251 532 527 249 532 249 518 526 533 248 526 248 253 534 523 247 534 247 514 524 535 246 524 246 254 536 537 245 536 245 439 533 538 437 533 437 248 528 539 243 528 243 252 540 541 366 540 366 244 531 542 365 531 365 250 543 544 242 543 242 241 545 546 240 545 240 239  
		</Mesh>
		<Materials>: 1
			<Material>: 0
				<AlbedoColor>: 1 1 1 1
				<EmissiveColor>: 0 0 0 0
				<Glossiness>: 0
				<Metallic>: 0
				<SpecularHighlight>: 1
				<GlossyReflection>: 1
				<AlbedoMap>: BLD_Cabins1_A
				<MetallicMap>: BLD_Cabins1_MS
				<NormalMap>: BLD_Cabins1_N
				<EmissionMap>: null
				<DetailAlbedoMap>: DET_Concrete1_A
				<DetailNormalMap>: DET_Concrete1_N
		</Materials>
		<Children>: 9
			<Frame>: 1 0 Cabin2_Ext1_bb
				<Transform>: -0.001571655 0.46 1.46 -2.504478E-06 0 0 1 1 1 -2.185569E-08 0 0 1  
				<TransformMatrix>: 1 0 0 0 0 1 -4.371139E-08 0 0 4.371139E-08 1 0 -0.001571655 0.46 1.46 1  
				<BoxCollider>: 1 0.04325819 0 0.1419525 12.2342 1 3.200264  
				<Children>: 0
			</Frame>
			<Frame>: 2 0 Cabin2_Ext1_bb1
				<Transform>: -0.001571655 6.064547 1.462131 9.958195 0 0 1 1 1 0.0867923 0 0 0.9962265  
				<TransformMatrix>: 1 0 0 0 0 0.9849342 0.1729296 0 0 -0.1729296 0.9849342 0 -0.001571655 6.064547 1.462131 1  
				<BoxCollider>: 1 0.04325819 -0.1968789 0.002163889 12.2342 0.2867389 4.894398  
				<Children>: 0
			</Frame>
			<Frame>: 3 0 Cabin2_Ext1_bb2
				<Transform>: -0.001571655 0.46 1.46 0 0 90 1 1 1 0 0 0.7071068 0.7071068  
				<TransformMatrix>: -1.192093E-07 1 0 0 -1 -1.192093E-07 0 0 0 0 1 0 -0.001571655 0.46 1.46 1  
				<BoxCollider>: 1 2.648876 -0.4982469 1.588671 5.318121 0.1956024 0.3068278  
				<Children>: 0
			</Frame>
			<Frame>: 4 0 Cabin2_Ext1_bb3
				<Transform>: 5.46 0.46 1.46 0 0 90 1 1 1 0 0 0.7071068 0.7071068  
				<TransformMatrix>: -1.192093E-07 1 0 0 -1 -1.192093E-07 0 0 0 0 1 0 5.46 0.46 1.46 1  
				<BoxCollider>: 1 2.648876 -0.4982469 1.588671 5.318121 0.1956024 0.3068278  
				<Children>: 0
			</Frame>
			<Frame>: 5 0 Cabin2_Ext1_bb4
				<Transform>: -3.287 0.46 1.46 0 0 90 1 1 1 0 0 0.7071068 0.7071068  
				<TransformMatrix>: -1.192093E-07 1 0 0 -1 -1.192093E-07 0 0 0 0 1 0 -3.287 0.46 1.46 1  
				<BoxCollider>: 1 2.648876 -0.4982469 1.588671 5.318121 0.1956024 0.3068278  
				<Children>: 0
			</Frame>
			<Frame>: 6 0 Cabin2_Ext1_bb5
				<Transform>: -6.49 0.46 1.46 0 0 90 1 1 1 0 0 0.7071068 0.7071068  
				<TransformMatrix>: -1.192093E-07 1 0 0 -1 -1.192093E-07 0 0 0 0 1 0 -6.49 0.46 1.46 1  
				<BoxCollider>: 1 2.648876 -0.4982469 1.588671 5.318121 0.1956024 0.3068278  
				<Children>: 0
			</Frame>
			<Frame>: 7 0 Cabin2_Ext1_bb6
				<Transform>: 0.01 3.77 1.46 90 270 0 1 1 1 0.5 -0.5 0.5 0.5  
				<TransformMatrix>: 0 0 1 0 -1 0 0 0 0 -1 0 0 0.01 3.77 1.46 1  
				<BoxCollider>: 1 1.588104 2.728669 1.588671 0.2264252 6.649434 0.3068278  
				<Children>: 0
			</Frame>
			<Frame>: 8 0 Cabin2_Ext1_bb7
				<Transform>: -7.55 3.77 1.46 90 0 0 1 1 1 0.7071068 0 0 0.7071068  
				<TransformMatrix>: 1 0 0 0 0 5.960464E-08 0.9999999 0 0 -0.9999999 5.960464E-08 0 -7.55 3.77 1.46 1  
				<BoxCollider>: 1 1.588104 0.1119707 1.588691 0.2264252 3.104218 0.3068278  
				<Children>: 0
			</Frame>
			<Frame>: 9 0 Cabin2_Ext1_bb8
				<Transform>: 4.39 3.77 1.46 90 0 0 1 1 1 0.7071068 0 0 0.7071068  
				<TransformMatrix>: 1 0 0 0 0 5.960464E-08 0.9999999 0 0 -0.9999999 5.960464E-08 0 4.39 3.77 1.46 1  
				<BoxCollider>: 1 1.588104 0.1119707 1.588691 0.2264252 3.104218 0.3068278  
				<Children>: 0
			</Frame>
	</Frame>
</Hierarchy>
