<Hierarchy>:
	<Frame>: 0 4 Cabin2_Door_A
		<Transform>: 0 0 0 0 0 0 1 1 1 0 0 0 1  
		<TransformMatrix>: 1 0 0 0 0 1 0 0 0 0 1 0 0 0 0 1  
		<BoxCollider>: 1 -0.7778183 1.659698 -0.006452696 1.614128 3.319395 0.1254692  
		<Mesh>: 232 Cabin2_Door_A
			<Bounds>: -0.7837701 1.672398 -0.01092324 0.8132395 1.672397 0.103002
			<Positions>: 232 0.0003853489 0.2188654 -0.03412604 0.0003853489 0.7746781 -0.03412607 -0.02869866 0.2188654 -0.01733438 -0.02869866 0.7746781 -0.01733441 -0.02869865 0.2188654 0.01624892 -0.02869865 0.7746781 0.0162489 0.0003853512 0.2188654 0.03304058 0.0003853512 0.7746781 0.03304056 0.02946935 0.2188654 0.01624892 0.02946935 0.7746781 0.0162489 0.02946935 0.2188654 -0.01733438 0.02946935 0.7746781 -0.01733441 0.0003853489 2.187018 -0.03412613 0.0003853489 2.742831 -0.03412615 -0.02869866 2.187018 -0.01733447 -0.02869866 2.742831 -0.01733449 -0.02869865 2.187018 0.01624884 -0.02869865 2.742831 0.01624882 0.0003853512 2.187018 0.03304049 0.0003853512 2.742831 0.03304047 0.02946935 2.187018 0.01624884 0.02946935 2.742831 0.01624882 0.02946935 2.187018 -0.01733447 0.02946935 2.742831 -0.01733449 -1.436017 1.437744 0.01276542 -1.432533 1.441604 0.01276542 -1.432533 1.67506 0.01276542 -1.436017 1.67892 0.01276541 -1.563825 1.441604 0.01276542 -1.560341 1.437744 0.01276542 -1.560341 1.67892 0.01276541 -1.563825 1.67506 0.01276542 -1.436017 1.437744 0.08082121 -1.432533 1.441604 0.08082121 -1.442148 1.452258 0.09207879 -1.445632 1.448398 0.09207879 -1.432533 1.67506 0.0808212 -1.436017 1.67892 0.0808212 -1.445632 1.668266 0.09207878 -1.442148 1.664405 0.09207878 -1.563825 1.441604 0.08082121 -1.560341 1.437744 0.08082121 -1.550726 1.448398 0.09207879 -1.55421 1.452258 0.09207879 -1.560341 1.67892 0.0808212 -1.563825 1.67506 0.0808212 -1.55421 1.664405 0.09207878 -1.550726 1.668266 0.09207878 -1.436017 1.437744 -0.03461191 -1.432533 1.441604 -0.03461191 -1.432533 1.67506 -0.03461192 -1.436017 1.67892 -0.03461192 -1.563825 1.441604 -0.03461191 -1.560341 1.437744 -0.03461191 -1.560341 1.67892 -0.03461192 -1.563825 1.67506 -0.03461192 -1.436017 1.437744 -0.1026677 -1.432533 1.441604 -0.1026677 -1.442148 1.452258 -0.1139253 -1.445632 1.448398 -0.1139253 -1.432533 1.67506 -0.1026677 -1.436017 1.67892 -0.1026677 -1.445632 1.668266 -0.1139253 -1.442148 1.664405 -0.1139253 -1.563825 1.441604 -0.1026677 -1.560341 1.437744 -0.1026677 -1.550726 1.448398 -0.1139253 -1.55421 1.452258 -0.1139253 -1.560341 1.67892 -0.1026677 -1.563825 1.67506 -0.1026677 -1.55421 1.664405 -0.1139253 -1.550726 1.668266 -0.1139253 -0.02836547 1.367001E-07 0.05760982 -0.02836547 3.344795 0.05760967 -0.02836547 1.315032E-07 -0.06128205 -0.02836547 3.344795 -0.0612822 -1.59701 1.367001E-07 0.05760982 -1.59701 3.344795 0.05760967 -1.59701 1.315032E-07 -0.06128205 -1.59701 3.344795 -0.0612822 0.0003853512 0.2188654 0.03304058 0.0003853512 0.7746781 0.03304056 0.0003853489 0.7746781 -0.03412607 -0.02869866 0.7746781 -0.01733441 0.02946935 0.7746781 0.0162489 -0.02869865 0.7746781 0.0162489 0.0003853512 0.7746781 0.03304056 0.0003853489 0.2188654 -0.03412604 0.0003853489 0.7746781 -0.03412607 0.02946935 0.7746781 -0.01733441 0.02946935 0.2188654 0.01624892 0.02946935 0.2188654 -0.01733438 0.02946935 0.7746781 -0.01733441 0.02946935 0.7746781 0.0162489 -0.02869866 0.2188654 -0.01733438 0.0003853489 0.2188654 -0.03412604 0.02946935 0.2188654 -0.01733438 -0.02869865 0.2188654 0.01624892 0.02946935 0.2188654 0.01624892 0.0003853512 0.2188654 0.03304058 0.0003853512 2.187018 0.03304049 0.0003853512 2.742831 0.03304047 0.0003853489 2.742831 -0.03412615 -0.02869866 2.742831 -0.01733449 0.02946935 2.742831 0.01624882 -0.02869865 2.742831 0.01624882 0.0003853512 2.742831 0.03304047 0.0003853489 2.187018 -0.03412613 0.0003853489 2.742831 -0.03412615 0.02946935 2.742831 -0.01733449 0.02946935 2.187018 0.01624884 0.02946935 2.187018 -0.01733447 0.02946935 2.742831 -0.01733449 0.02946935 2.742831 0.01624882 -0.02869866 2.187018 -0.01733447 0.0003853489 2.187018 -0.03412613 0.02946935 2.187018 -0.01733447 -0.02869865 2.187018 0.01624884 0.02946935 2.187018 0.01624884 0.0003853512 2.187018 0.03304049 -1.432533 1.441604 0.08082121 -1.432533 1.67506 0.0808212 -1.436017 1.437744 0.08082121 -1.560341 1.437744 0.08082121 -1.563825 1.67506 0.0808212 -1.563825 1.441604 0.08082121 -1.550726 1.668266 0.09207878 -1.55421 1.664405 0.09207878 -1.55421 1.452258 0.09207879 -1.550726 1.448398 0.09207879 -1.445632 1.668266 0.09207878 -1.445632 1.448398 0.09207879 -1.442148 1.664405 0.09207878 -1.442148 1.452258 0.09207879 -1.560341 1.67892 0.0808212 -1.436017 1.67892 0.0808212 -1.436017 1.437744 0.08082121 -1.432533 1.441604 0.08082121 -1.432533 1.67506 0.0808212 -1.436017 1.67892 0.0808212 -1.560341 1.67892 0.0808212 -1.563825 1.67506 0.0808212 -1.563825 1.441604 0.08082121 -1.560341 1.437744 0.08082121 -1.436017 1.67892 0.0808212 -1.436017 1.67892 0.01276541 -1.436017 1.437744 0.01276542 -1.436017 1.437744 0.08082121 -1.560341 1.437744 0.01276542 -1.560341 1.437744 0.08082121 -1.560341 1.67892 0.0808212 -1.560341 1.67892 0.01276541 -1.560341 1.437744 0.01276542 -1.563825 1.441604 0.01276542 -1.563825 1.67506 0.01276542 -1.560341 1.67892 0.01276541 -1.436017 1.437744 0.01276542 -1.436017 1.67892 0.01276541 -1.432533 1.441604 0.01276542 -1.432533 1.67506 0.01276542 -1.432533 1.67506 -0.1026677 -1.432533 1.441604 -0.1026677 -1.436017 1.437744 -0.1026677 -1.560341 1.437744 -0.1026677 -1.563825 1.441604 -0.1026677 -1.563825 1.67506 -0.1026677 -1.550726 1.448398 -0.1139253 -1.55421 1.452258 -0.1139253 -1.55421 1.664405 -0.1139253 -1.550726 1.668266 -0.1139253 -1.445632 1.448398 -0.1139253 -1.445632 1.668266 -0.1139253 -1.442148 1.452258 -0.1139253 -1.442148 1.664405 -0.1139253 -1.560341 1.67892 -0.1026677 -1.436017 1.67892 -0.1026677 -1.436017 1.437744 -0.1026677 -1.432533 1.441604 -0.1026677 -1.436017 1.67892 -0.1026677 -1.432533 1.67506 -0.1026677 -1.560341 1.67892 -0.1026677 -1.563825 1.67506 -0.1026677 -1.560341 1.437744 -0.1026677 -1.563825 1.441604 -0.1026677 -1.436017 1.67892 -0.1026677 -1.436017 1.67892 -0.03461192 -1.436017 1.437744 -0.03461191 -1.436017 1.437744 -0.1026677 -1.560341 1.437744 -0.1026677 -1.560341 1.437744 -0.03461191 -1.560341 1.67892 -0.03461192 -1.560341 1.67892 -0.1026677 -1.560341 1.67892 -0.03461192 -1.563825 1.67506 -0.03461192 -1.563825 1.441604 -0.03461191 -1.560341 1.437744 -0.03461191 -1.436017 1.67892 -0.03461192 -1.436017 1.437744 -0.03461191 -1.432533 1.67506 -0.03461192 -1.432533 1.441604 -0.03461191 -0.02836547 3.344795 -0.0612822 -0.02836547 1.315032E-07 -0.06128205 -1.59701 3.344795 -0.0612822 -1.59701 1.315032E-07 -0.06128205 -1.59701 3.344795 0.05760967 -1.59701 1.367001E-07 0.05760982 -0.02836547 1.367001E-07 0.05760982 -0.02836547 3.344795 0.05760967 -0.02836547 1.367001E-07 0.05760982 -1.59701 1.367001E-07 0.05760982 -1.59701 1.315032E-07 -0.06128205 -0.02836547 1.315032E-07 -0.06128205 -1.59701 3.344795 0.05760967 -0.02836547 3.344795 0.05760967 -0.02836547 3.344795 -0.0612822 -1.59701 3.344795 -0.0612822 -1.442148 1.452258 0.09207879 -1.445632 1.448398 0.09207879 -1.445632 1.668266 0.09207878 -1.442148 1.664405 0.09207878 -1.55421 1.664405 0.09207878 -1.550726 1.668266 0.09207878 -1.550726 1.448398 0.09207879 -1.55421 1.452258 0.09207879 -1.445632 1.448398 -0.1139253 -1.442148 1.452258 -0.1139253 -1.445632 1.668266 -0.1139253 -1.442148 1.664405 -0.1139253 -1.550726 1.668266 -0.1139253 -1.55421 1.664405 -0.1139253 -1.550726 1.448398 -0.1139253 -1.55421 1.452258 -0.1139253  
			<Colors>: 0  
			<TextureCoords0>: 232 0.2135454 0.07379717 0.2135454 0.03713471 0.2113302 0.07379717 0.2113302 0.03713471 0.2224063 0.07379717 0.2224063 0.03713471 0.2201911 0.07379717 0.2201911 0.03713471 0.2179759 0.07379717 0.2179759 0.03713471 0.2157606 0.07379717 0.2262489 0.07047433 0.2135454 0.07379717 0.2135454 0.03713471 0.2113302 0.07379717 0.2113302 0.03713471 0.2224063 0.07379717 0.2224063 0.03713471 0.2201911 0.07379717 0.2201911 0.03713471 0.2179759 0.07379717 0.2179759 0.03713471 0.2157606 0.07379717 0.2262489 0.07047433 0.05107614 0.5730045 0.01225618 0.5730045 0.03972291 0.5730045 0.04007088 0.5730045 0.03972288 0.5730045 0.04007087 0.5730045 0.05107619 0.5730045 0.01225618 0.5730045 0.05107614 0.5773158 0.01225618 0.5773158 0.01318477 0.5571078 0.01282514 0.5574325 0.03972291 0.5773158 0.0514634 0.5565366 0.05047073 0.5574325 0.05011109 0.5571078 0.03972288 0.5773158 0.04007087 0.5773158 0.01282514 0.5715637 0.01318477 0.5718884 0.0514634 0.5724597 0.01225618 0.5773158 0.05011109 0.5718884 0.05047073 0.5715637 0.05107614 0.5730045 0.01225618 0.5730045 0.03972291 0.5730045 0.04007088 0.5730045 0.03972288 0.5730045 0.04007087 0.5730045 0.05107619 0.5730045 0.01225618 0.5730045 0.05107614 0.5773158 0.01225618 0.5773158 0.01318477 0.5571078 0.01282514 0.5574325 0.03972291 0.5773158 0.0514634 0.5565366 0.05047073 0.5574325 0.05011109 0.5571078 0.03972288 0.5773158 0.04007087 0.5773158 0.01282514 0.5715637 0.01318477 0.5718884 0.0514634 0.5724597 0.01225618 0.5773158 0.05011109 0.5718884 0.05047073 0.5715637 0.3608398 0.9887695 0.3608398 0.6660156 0.3710938 0.9887695 0.3710938 0.6660156 0.3608398 0.9887695 0.3608398 0.6660156 0.3608398 0.9882813 0.3608398 0.6767578 0.2201911 0.07379717 0.2201911 0.03713471 0.2262489 0.07268953 0.2243305 0.07379717 0.2243305 0.06936675 0.222412 0.07268953 0.222412 0.07047433 0.2135454 0.07379717 0.2135454 0.03713471 0.2157607 0.03713471 0.2179759 0.07379717 0.2157606 0.07379717 0.2157607 0.03713471 0.2179759 0.03713471 0.2262489 0.06603819 0.2262489 0.0682534 0.2243305 0.06936103 0.2243305 0.06493056 0.222412 0.0682534 0.222412 0.06603819 0.2201911 0.07379717 0.2201911 0.03713471 0.2262489 0.07268953 0.2243305 0.07379717 0.2243305 0.06936675 0.222412 0.07268953 0.222412 0.07047433 0.2135454 0.07379717 0.2135454 0.03713471 0.2157607 0.03713471 0.2179759 0.07379717 0.2157606 0.07379717 0.2157607 0.03713471 0.2179759 0.03713471 0.2262489 0.06603819 0.2262489 0.0682534 0.2243305 0.06936103 0.2243305 0.06493056 0.222412 0.0682534 0.222412 0.06603819 0.01219201 0.5562119 0.05110375 0.5562119 0.01183237 0.5565366 0.01183237 0.5724598 0.05110375 0.5727843 0.01219201 0.5727843 0.05047073 0.5715637 0.05011109 0.5718884 0.01318477 0.5718884 0.01282514 0.5715637 0.05047073 0.5574325 0.01282514 0.5574325 0.05011109 0.5571078 0.01318477 0.5571078 0.05107619 0.5773158 0.04007088 0.5773158 0.01183237 0.5565366 0.01219201 0.5562119 0.05110375 0.5562119 0.0514634 0.5565366 0.0514634 0.5724597 0.05110375 0.5727843 0.01219201 0.5727843 0.01183237 0.5724598 0.04007088 0.5773158 0.04007088 0.5730045 0.01190821 0.5730045 0.01190821 0.5773158 0.04007087 0.5730045 0.04007087 0.5773158 0.01190821 0.5773158 0.01190821 0.5730045 0.01183237 0.5724598 0.01219201 0.5727843 0.05110375 0.5727843 0.0514634 0.5724597 0.01183237 0.5565366 0.0514634 0.5565366 0.01219201 0.5562119 0.05110375 0.5562119 0.05110375 0.5562119 0.01219201 0.5562119 0.01183237 0.5565366 0.01183237 0.5724598 0.01219201 0.5727843 0.05110375 0.5727843 0.01282514 0.5715637 0.01318477 0.5718884 0.05011109 0.5718884 0.05047073 0.5715637 0.01282514 0.5574325 0.05047073 0.5574325 0.01318477 0.5571078 0.05011109 0.5571078 0.05107619 0.5773158 0.04007088 0.5773158 0.01183237 0.5565366 0.01219201 0.5562119 0.0514634 0.5565366 0.05110375 0.5562119 0.0514634 0.5724597 0.05110375 0.5727843 0.01183237 0.5724598 0.01219201 0.5727843 0.04007088 0.5773158 0.04007088 0.5730045 0.01190821 0.5730045 0.01190821 0.5773158 0.04007087 0.5773158 0.04007087 0.5730045 0.01190821 0.5730045 0.01190821 0.5773158 0.0514634 0.5724597 0.05110375 0.5727843 0.01219201 0.5727843 0.01183237 0.5724598 0.0514634 0.5565366 0.01183237 0.5565366 0.05110375 0.5562119 0.01219201 0.5562119 0.2143555 0.6767578 0.2143555 0.9882813 0.3710938 0.6660156 0.3710938 0.9887695 0.3608398 0.6767578 0.3608398 0.9882813 0.2143555 0.9882813 0.2143555 0.6767578 0.2148438 0.6767578 0.3608398 0.6767578 0.3608398 0.6660156 0.2148438 0.6660156 0.3608398 0.6767578 0.2148438 0.6767578 0.2148438 0.6660156 0.3608398 0.6660156 0.01318477 0.5571078 0.01282514 0.5574325 0.05047073 0.5574325 0.05011109 0.5571078 0.05011109 0.5718884 0.05047073 0.5715637 0.01282514 0.5715637 0.01318477 0.5718884 0.01282514 0.5574325 0.01318477 0.5571078 0.05047073 0.5574325 0.05011109 0.5571078 0.05047073 0.5715637 0.05011109 0.5718884 0.01282514 0.5715637 0.01318477 0.5718884  
			<TextureCoords1>: 232 0.578945 0.04461843 0.727346 0.04461843 0.5789452 0.05358511 0.7273461 0.05358511 0.7273461 0.04071218 0.5789452 0.04071218 0.727346 0.03174549 0.578945 0.03174549 0.5750388 0.005999565 0.4266378 0.005999565 0.4266378 0.0188725 0.9750473 0.961126 0.578945 0.0703643 0.7273461 0.0703643 0.5789452 0.07933098 0.7273461 0.07933098 0.7273461 0.06645805 0.5789452 0.06645805 0.7273461 0.05749136 0.578945 0.05749136 0.5750388 0.05749136 0.4266378 0.05749136 0.4266378 0.04461843 0.9750473 0.940054 0.9340615 0.7330337 0.9022555 0.8630158 0.9645878 0.8630158 0.9008672 0.7068182 0.9645878 0.8890458 0.9008672 0.7330337 0.9340615 0.7068182 0.9022556 0.8890458 0.9340615 0.7148628 0.9022555 0.8448451 0.9051002 0.8408921 0.9314942 0.7107245 0.9645878 0.8448451 0.9008672 0.6886474 0.9034344 0.684509 0.9617431 0.8408921 0.9645878 0.870875 0.9008672 0.7148628 0.9034344 0.7107245 0.9617432 0.866922 0.9340615 0.6886474 0.9022556 0.870875 0.9051003 0.866922 0.9314942 0.684509 0.9711621 0.684509 0.9022555 0.8148623 0.9645877 0.8148623 0.9008672 0.6582936 0.9645878 0.892952 0.9379677 0.684509 0.9340615 0.6582936 0.9022556 0.892952 0.9711621 0.7026799 0.9022555 0.833033 0.9051002 0.8369859 0.9685948 0.7068182 0.9645877 0.833033 0.9008672 0.6764644 0.9034345 0.6806028 0.9617431 0.8369859 0.9645879 0.9111228 0.9379678 0.7026799 0.940535 0.7068182 0.9617432 0.9150757 0.9340615 0.6764644 0.9022557 0.9111228 0.9051003 0.9150757 0.9314942 0.6806028 0.003906265 0.1188874 0.8969605 0.1188875 0.00390625 0.1506313 0.8969605 0.1506314 0.8969601 0.08323723 0.003906264 0.08323723 0.00390625 0.9960938 0.8969607 0.9960938 0.5750387 0.01496625 0.4266377 0.01496625 0.970564 0.9688914 0.9750473 0.9766567 0.984014 0.961126 0.984014 0.9766567 0.9884974 0.9688914 0.4266377 0.02783918 0.5750387 0.02783918 0.5750388 0.0188725 0.4266378 0.03174543 0.4266377 0.04071212 0.5750387 0.04071218 0.5750388 0.03174549 0.984014 0.9960938 0.9884974 0.9883284 0.984014 0.980563 0.9750473 0.9960938 0.9750473 0.980563 0.970564 0.9883284 0.5750388 0.06645799 0.4266377 0.06645799 0.970564 0.9478194 0.9750473 0.9555847 0.984014 0.9400539 0.984014 0.9555847 0.9884974 0.9478194 0.4266377 0.05358511 0.5750388 0.05358511 0.5750388 0.04461843 0.4266378 0.07036424 0.4266377 0.07933092 0.5750388 0.07933098 0.5750388 0.0703643 0.984014 0.9361477 0.9884974 0.9283823 0.984014 0.920617 0.9750473 0.9361477 0.9750473 0.920617 0.970564 0.9283823 0.9022555 0.8448451 0.9645878 0.8448451 0.9340615 0.7148628 0.9008672 0.7148628 0.9022556 0.870875 0.9645878 0.870875 0.9044103 0.9918222 0.905441 0.9927525 0.9620839 0.9927525 0.9631147 0.9918222 0.9044102 0.9637625 0.9631146 0.9637625 0.905441 0.9628322 0.9620839 0.9628322 0.9340615 0.6886474 0.9008672 0.6886474 0.9666577 0.9604212 0.965627 0.959491 0.9018979 0.959491 0.9008672 0.9604212 0.9008672 0.9951634 0.9018979 0.9960938 0.9656271 0.9960938 0.9666578 0.9951635 0.9659762 0.8448451 0.9659762 0.8630158 0.9008672 0.8630158 0.9008672 0.8448451 0.9659762 0.8890457 0.9659762 0.870875 0.9008672 0.870875 0.9008672 0.8890457 0.9008672 0.8100256 0.9018978 0.8109559 0.9642301 0.810956 0.9652608 0.8100257 0.9008672 0.7768313 0.9652607 0.7768313 0.9018978 0.775901 0.96423 0.7759011 0.9645877 0.833033 0.9022555 0.833033 0.9711621 0.7026799 0.9379678 0.7026799 0.9645879 0.9111228 0.9022557 0.9111228 0.9044102 0.9513133 0.905441 0.9522434 0.9620839 0.9522434 0.9631147 0.9513133 0.9044102 0.9232534 0.9631146 0.9232534 0.905441 0.9223232 0.9620839 0.9223232 0.9340615 0.6764644 0.9008672 0.6764644 0.9008672 0.9199122 0.9018978 0.918982 0.9666577 0.9199122 0.965627 0.918982 0.9666578 0.9546545 0.965627 0.9555847 0.9008672 0.9546545 0.9018979 0.9555847 0.9659762 0.833033 0.9659762 0.8148623 0.9008672 0.8148623 0.9008672 0.833033 0.9659763 0.9111228 0.9659762 0.892952 0.9008672 0.892952 0.9008672 0.9111228 0.9008672 0.7710645 0.9018979 0.7719948 0.9642301 0.7719948 0.9652608 0.7710645 0.9008672 0.7378701 0.9652607 0.7378702 0.9018979 0.7369399 0.9642301 0.7369399 0.8969609 0.5772688 0.003906399 0.5772688 0.00390625 0.1149812 0.8969601 0.1149811 0.00390625 0.5733626 0.8969607 0.5733626 0.8969609 0.1545376 0.003906399 0.1545376 0.4227315 0.01193684 0.003906257 0.0119369 0.00390625 0.04368079 0.4227315 0.04368079 0.4227315 0.04758704 0.00390626 0.04758704 0.00390625 0.07933092 0.4227315 0.07933098 0.9620839 0.9628322 0.9631146 0.9637625 0.9044102 0.9637625 0.905441 0.9628322 0.905441 0.9927525 0.9044103 0.9918222 0.9631147 0.9918222 0.9620839 0.9927525 0.9044102 0.9232534 0.905441 0.9223232 0.9631146 0.9232534 0.9620839 0.9223232 0.9631147 0.9513133 0.9620839 0.9522434 0.9044102 0.9513133 0.905441 0.9522434  
			<Normals>: 232 0 0 -1 0 0 -1 -0.4999893 0 -0.8660316 -0.4999893 0 -0.8660316 -0.4999893 0 0.8660316 -0.4999893 0 0.8660316 0 0 1 0 0 1 0.8660316 0 0.4999893 0.8660316 0 0.4999893 0.8660316 0 -0.4999893 0 1 0 0 0 -1 0 0 -1 -0.4999893 0 -0.8660316 -0.4999893 0 -0.8660316 -0.4999893 0 0.8660316 -0.4999893 0 0.8660316 0 0 1 0 0 1 0.8660316 0 0.4999893 0.8660316 0 0.4999893 0.8660316 0 -0.4999893 0 1 0 0.3167249 -0.7125242 -0.6260948 0.7213972 -0.2773947 -0.6345378 0.7213833 0.2773894 -0.6345561 0.3167309 0.7125378 -0.6260762 -0.7213972 -0.2773947 -0.6345378 -0.3167249 -0.7125242 -0.6260948 -0.3167249 0.7125242 -0.6260948 -0.7213972 0.2773947 -0.6345378 0.3880853 -0.8342491 0.3916866 0.8526718 -0.3513964 0.3866153 0.6615561 -0.1737435 0.7294908 0.2092986 -0.6146812 0.7605005 0.8526718 0.3513964 0.3866153 0.3880853 0.8342491 0.3916866 0.2092986 0.6146812 0.7605005 0.6615561 0.1737435 0.7294908 -0.8526718 -0.3513964 0.3866153 -0.3880853 -0.8342491 0.3916866 -0.2092986 -0.6146812 0.7605005 -0.6615388 -0.173747 0.7295055 -0.3880853 0.8342491 0.3916866 -0.8526718 0.3513964 0.3866153 -0.6615388 0.173747 0.7295055 -0.2092986 0.6146812 0.7605005 0.3167249 -0.7125242 0.6260948 0.7213972 -0.2773947 0.6345378 0.7213972 0.2773947 0.6345378 0.3167249 0.7125242 0.6260948 -0.7213911 -0.2774229 0.6345325 -0.3167249 -0.7125242 0.6260948 -0.3167249 0.7125242 0.6260948 -0.7213972 0.2773947 0.6345378 0.3880853 -0.8342491 -0.3916866 0.8526718 -0.3513964 -0.3866153 0.6615561 -0.1737435 -0.7294908 0.2092986 -0.6146812 -0.7605005 0.8526718 0.3513964 -0.3866153 0.3880853 0.8342491 -0.3916866 0.2092986 0.6146812 -0.7605005 0.6615561 0.1737435 -0.7294908 -0.8526718 -0.3513964 -0.3866153 -0.3880853 -0.8342491 -0.3916866 -0.2092986 -0.6146812 -0.7605005 -0.6615388 -0.173747 -0.7295055 -0.3880853 0.8342491 -0.3916866 -0.8526718 0.3513964 -0.3866153 -0.6615388 0.173747 -0.7295055 -0.2092986 0.6146812 -0.7605005 1 0 0 1 0 0 1 0 0 1 0 0 -1 0 0 -1 0 0 0 0 -1 0 0 -1 0 0 1 0 0 1 0 1 0 0 1 0 0 1 0 0 1 0 0 1 0 0 0 -1 0 0 -1 0.8660316 0 -0.4999893 0.8660316 0 0.4999893 0.8660316 0 -0.4999893 0.8660316 0 -0.4999893 0.8660316 0 0.4999893 0 -1 0 0 -1 0 0 -1 0 0 -1 0 0 -1 0 0 -1 0 0 0 1 0 0 1 0 1 0 0 1 0 0 1 0 0 1 0 0 1 0 0 0 -1 0 0 -1 0.8660316 0 -0.4999893 0.8660316 0 0.4999893 0.8660316 0 -0.4999893 0.8660316 0 -0.4999893 0.8660316 0 0.4999893 0 -1 0 0 -1 0 0 -1 0 0 -1 0 0 -1 0 0 -1 0 0.8526718 -0.3513964 0.3866153 0.8526718 0.3513964 0.3866153 0.3880853 -0.8342491 0.3916866 -0.3880853 -0.8342491 0.3916866 -0.8526718 0.3513964 0.3866153 -0.8526718 -0.3513964 0.3866153 0 0 1 0 0 1 0 0 1 0 0 1 0 0 1 0 0 1 0 0 1 0 0 1 -0.3880853 0.8342491 0.3916866 0.3880853 0.8342491 0.3916866 0.3880853 -0.8342491 0.3916866 0.8526718 -0.3513964 0.3866153 0.8526718 0.3513964 0.3866153 0.3880853 0.8342491 0.3916866 -0.3880853 0.8342491 0.3916866 -0.8526718 0.3513964 0.3866153 -0.8526718 -0.3513964 0.3866153 -0.3880853 -0.8342491 0.3916866 0.3880853 0.8342491 0.3916866 0.3167309 0.7125378 -0.6260762 0.3167249 -0.7125242 -0.6260948 0.3880853 -0.8342491 0.3916866 -0.3167249 -0.7125242 -0.6260948 -0.3880853 -0.8342491 0.3916866 -0.3880853 0.8342491 0.3916866 -0.3167249 0.7125242 -0.6260948 -0.3167249 -0.7125242 -0.6260948 -0.7213972 -0.2773947 -0.6345378 -0.7213972 0.2773947 -0.6345378 -0.3167249 0.7125242 -0.6260948 0.3167249 -0.7125242 -0.6260948 0.3167309 0.7125378 -0.6260762 0.7213972 -0.2773947 -0.6345378 0.7213833 0.2773894 -0.6345561 0.8526718 0.3513964 -0.3866153 0.8526718 -0.3513964 -0.3866153 0.3880853 -0.8342491 -0.3916866 -0.3880853 -0.8342491 -0.3916866 -0.8526718 -0.3513964 -0.3866153 -0.8526718 0.3513964 -0.3866153 0 0 -1 0 0 -1 0 0 -1 0 0 -1 0 0 -1 0 0 -1 0 0 -1 0 0 -1 -0.3880853 0.8342491 -0.3916866 0.3880853 0.8342491 -0.3916866 0.3880853 -0.8342491 -0.3916866 0.8526718 -0.3513964 -0.3866153 0.3880853 0.8342491 -0.3916866 0.8526718 0.3513964 -0.3866153 -0.3880853 0.8342491 -0.3916866 -0.8526718 0.3513964 -0.3866153 -0.3880853 -0.8342491 -0.3916866 -0.8526718 -0.3513964 -0.3866153 0.3880853 0.8342491 -0.3916866 0.3167249 0.7125242 0.6260948 0.3167249 -0.7125242 0.6260948 0.3880853 -0.8342491 -0.3916866 -0.3880853 -0.8342491 -0.3916866 -0.3167249 -0.7125242 0.6260948 -0.3167249 0.7125242 0.6260948 -0.3880853 0.8342491 -0.3916866 -0.3167249 0.7125242 0.6260948 -0.7213972 0.2773947 0.6345378 -0.7213911 -0.2774229 0.6345325 -0.3167249 -0.7125242 0.6260948 0.3167249 0.7125242 0.6260948 0.3167249 -0.7125242 0.6260948 0.7213972 0.2773947 0.6345378 0.7213972 -0.2773947 0.6345378 0 0 -1 0 0 -1 -1 0 0 -1 0 0 0 0 1 0 0 1 0 0 1 0 0 1 0 -1 0 0 -1 0 0 -1 0 0 -1 0 0 1 0 0 1 0 0 1 0 0 1 0 0.6615561 -0.1737435 0.7294908 0.2092986 -0.6146812 0.7605005 0.2092986 0.6146812 0.7605005 0.6615561 0.1737435 0.7294908 -0.6615388 0.173747 0.7295055 -0.2092986 0.6146812 0.7605005 -0.2092986 -0.6146812 0.7605005 -0.6615388 -0.173747 0.7295055 0.2092986 -0.6146812 -0.7605005 0.6615561 -0.1737435 -0.7294908 0.2092986 0.6146812 -0.7605005 0.6615561 0.1737435 -0.7294908 -0.2092986 0.6146812 -0.7605005 -0.6615388 0.173747 -0.7295055 -0.2092986 -0.6146812 -0.7605005 -0.6615388 -0.173747 -0.7295055  
			<Tangents>: 232 1 0 0 1 0 0 0.8660316 0 -0.4999893 0.8660316 0 -0.4999893 -0.8660316 0 -0.4999893 -0.8660316 0 -0.4999893 -1 0 0 -1 0 0 -0.4999893 0 0.8660316 -0.4999893 0 0.8660316 0.4999893 0 0.8660316 0.4999866 0 -0.8660331 1 0 0 1 0 0 0.8660316 0 -0.4999893 0.8660316 0 -0.4999893 -0.8660316 0 -0.4999893 -0.8660316 0 -0.4999893 -1 0 0 -1 0 0 -0.4999893 0 0.8660316 -0.4999893 0 0.8660316 0.4999893 0 0.8660316 0.4999866 0 -0.8660331 0.9485174 0.237923 0.2090629 0.2120931 0.96074 -0.1788717 -0.2120849 0.9607416 0.1788731 -0.9485154 0.2379326 -0.2090611 0.2120934 -0.96074 0.1788714 0.9485174 -0.237923 -0.2090629 -0.9485174 -0.237923 0.2090629 -0.2120932 -0.96074 -0.1788716 0.9216235 0.3512929 -0.1649348 0.3215605 0.9362204 0.1417399 0.1167162 0.9847909 0.1287017 -0.206399 0.7324336 0.6487993 -0.3215605 0.9362204 -0.1417401 0.03307096 0.412117 -0.9105306 0.1684102 0.7434459 -0.6472452 -0.1167162 0.9847909 -0.1287017 0.3215607 -0.9362204 -0.1417397 0.9216235 -0.3512929 0.1649348 0.1683992 0.7434489 0.6472446 -0.1167156 0.9847903 0.128707 -0.004974752 0.4230939 -0.9060722 -0.3215605 -0.9362204 0.14174 0.1167156 0.9847903 -0.128707 -0.2063832 0.7324384 -0.6487989 0.9485174 0.237923 -0.2090629 0.2120932 0.96074 0.1788716 -0.2120931 0.96074 -0.1788718 -0.9485174 0.237923 0.2090629 0.2121147 -0.9607319 -0.1788899 0.9485174 -0.237923 0.2090629 -0.9485174 -0.237923 -0.2090629 -0.2120932 -0.96074 0.1788717 0.9216235 0.3512929 0.1649348 0.3215605 0.9362204 -0.14174 0.1167162 0.9847909 -0.1287017 -0.2063989 0.7324336 -0.6487993 -0.3215605 0.9362204 0.14174 0.03307078 0.4121171 0.9105305 0.1684101 0.7434459 0.6472451 -0.1167162 0.9847909 0.1287017 0.3215606 -0.9362204 0.1417398 0.9216235 -0.3512929 -0.1649348 0.1683992 0.7434489 -0.6472446 -0.1167156 0.9847903 -0.128707 -0.004974554 0.4230939 0.9060721 -0.3215605 -0.9362204 -0.1417399 0.1167156 0.9847903 0.128707 -0.2063831 0.7324384 0.6487989 0 0 -1 0 0 -1 0 0 -1 0 0 -1 0 0 -1 0 0 -1 -1 0 0 -1 0 0 -1 0 0 -1 0 0 0.4999866 0 -0.8660331 0.5000019 0 -0.8660243 0.4999981 0 -0.8660265 0.5000134 0 -0.8660176 0.5000134 0 -0.8660176 1 0 0 1 0 0 0.4999893 0 0.8660316 -0.4999893 0 0.8660316 0.4999893 0 0.8660316 0.4999893 0 0.8660316 -0.4999893 0 0.8660316 -0.5000039 0 -0.8660231 -0.4999865 0 -0.8660332 -0.5000039 0 -0.8660231 -0.5000039 0 -0.8660231 -0.5000039 0 -0.8660231 -0.4999866 0 -0.8660331 -1 0 0 -1 0 0 0.4999866 0 -0.8660331 0.5000019 0 -0.8660243 0.4999981 0 -0.8660265 0.5000134 0 -0.8660176 0.5000136 0 -0.8660175 1 0 0 1 0 0 0.4999893 0 0.8660316 -0.4999893 0 0.8660316 0.4999893 0 0.8660316 0.4999893 0 0.8660316 -0.4999893 0 0.8660316 -0.5000039 0 -0.8660232 -0.4999865 0 -0.8660332 -0.5000039 0 -0.8660232 -0.5000039 0 -0.8660231 -0.5000039 0 -0.8660231 -0.4999868 0 -0.866033 0.3200355 0.9362268 0.1451093 -0.3200354 0.9362268 -0.1451093 -0.004990792 0.4230877 0.906075 0.03306104 0.4121209 0.9105291 0.3200354 0.9362268 -0.1451093 -0.3200355 0.9362268 0.1451093 -1.036815E-06 1 0 -5.652078E-07 1 0 -1.370129E-07 1 0 -2.842562E-07 1 0 -6.448276E-07 1 0 -5.675444E-08 1 0 2.272374E-06 1 0 -1.182688E-06 1 0 -0.9216235 -0.3512929 -0.1649348 -0.9216235 0.3512929 0.1649348 0.2586859 0.506514 0.8225115 0.1118794 0.8456551 0.5218719 -0.1118865 0.8456607 -0.5218614 -0.2587291 0.5065246 -0.8224913 0.2587341 0.5065259 -0.822489 0.1119026 0.8456734 -0.5218375 -0.1119245 0.8456906 0.5218049 -0.2588412 0.5065523 0.8224391 -0.8673561 0.4742903 -0.1508046 -0.8121412 0.5447137 0.2090782 0.81214 0.5447174 -0.2090728 0.8673583 0.4742883 0.1507983 0.8121459 -0.5447122 0.2090639 0.8673607 -0.4742862 -0.1507913 -0.8673586 -0.4742881 0.1507976 -0.8121412 -0.5447164 -0.2090711 -0.3216356 0.7016476 -0.6357996 -0.2082857 0.960756 -0.1832073 0.2082852 0.960756 0.1832079 0.3216343 0.7016476 0.6358004 0.3216338 0.7016476 -0.6358006 -0.3216533 0.7016337 0.6358061 0.2082857 0.960756 -0.1832073 -0.2082774 0.9607576 0.1832086 -0.3200355 0.9362268 0.1451093 0.3200354 0.9362268 -0.1451093 -0.004990594 0.4230878 -0.9060749 0.03306086 0.412121 -0.9105291 -0.3200354 0.9362268 -0.1451093 0.3200355 0.9362268 0.1451093 -9.827988E-07 1 0 1.291308E-06 1 0 -1.959157E-06 1 0 -3.382606E-07 1 0 -7.701887E-07 1 0 6.863224E-08 1 0 -1.160869E-06 1 0 2.315085E-06 1 0 -0.9216235 -0.3512929 0.1649348 -0.9216235 0.3512929 -0.1649348 0.2586862 0.5065141 -0.8225113 0.1118798 0.8456554 -0.5218714 -0.2587295 0.5065247 0.8224912 -0.1118869 0.845661 0.5218608 0.2587345 0.506526 0.8224888 0.1119029 0.8456737 0.5218369 -0.2588416 0.5065523 -0.8224389 -0.1119248 0.8456909 -0.5218043 -0.8673562 0.4742903 0.1508046 -0.8121348 0.5447221 -0.2090808 0.81214 0.5447174 0.2090728 0.8673583 0.4742883 -0.1507983 0.8673607 -0.4742862 0.1507913 0.8121459 -0.5447122 -0.2090639 -0.8121406 -0.5447169 0.2090719 -0.8673586 -0.4742881 -0.1507976 0.3216335 0.7016476 -0.6358008 0.2082857 0.960756 -0.1832073 -0.2083075 0.9607479 0.1832251 -0.3216349 0.7016476 0.6358 -0.3216353 0.7016476 -0.6357998 0.3216346 0.7016476 0.6358002 -0.2082857 0.960756 -0.1832073 0.2082858 0.960756 0.1832072 -1 0 0 -1 0 0 0 0 -1 0 0 -1 -1 0 0 -1 0 0 -1 0 0 -1 0 0 -1 0 0 -1 0 0 -1 0 0 -1 0 0 -1 0 0 -1 0 0 -1 0 0 -1 0 0 0.1090938 0.9847389 0.1356019 0.1629126 0.7887756 0.5926993 -0.1629135 0.7887756 -0.5926991 -0.1092339 0.9847408 -0.1354753 0.109094 0.9847383 -0.1356061 0.1629114 0.7887756 -0.5926996 -0.1629131 0.7887756 0.5926992 -0.1092343 0.9847402 0.1354794 0.1629118 0.7887756 -0.5926996 0.1092343 0.9847408 -0.135475 -0.1629126 0.7887756 0.5926993 -0.1090935 0.9847389 0.1356022 0.1629123 0.7887756 0.5926994 0.1092337 0.9847401 0.1354799 -0.1629138 0.7887756 -0.592699 -0.109093 0.9847383 -0.135607  
			<BiTangents>: 232 0 1 0 0 1 0 0 1 0 0 1 0 0 1 0 0 1 0 0 1 0 0 1 0 0 1 0 0 1 0 0 1 0 0.8660331 0 0.4999866 0 1 0 0 1 0 0 1 0 0 1 0 0 1 0 0 1 0 0 1 0 0 1 0 0 1 0 0 1 0 0 1 0 0.8660331 0 0.4999866 1.949394E-09 0.6600772 -0.7511978 -0.6592439 0.005543591 -0.7519087 -0.6592619 -0.005543702 -0.751893 -3.032746E-09 -0.6600591 -0.7512137 0.6592439 0.005543986 -0.7519088 -1.949394E-09 0.6600772 -0.7511978 -1.949394E-09 -0.6600772 -0.7511978 0.6592439 -0.005543682 -0.7519087 4.090628E-09 -0.4249963 -0.9051951 0.4117641 -0.003462575 -0.9112839 0.740757 -2.0975E-08 -0.6717731 0.9558209 0.2927593 -0.02642775 0.4117641 0.00346245 -0.9112839 0.92103 -0.3663169 -0.1323471 0.9632404 -0.2635435 -0.05208363 0.740757 -2.048142E-08 -0.6717731 -0.411764 -0.003462824 -0.911284 -4.090628E-09 -0.4249963 -0.9051951 0.9632424 -0.2635351 0.052091 0.7407725 1.655775E-08 0.671756 0.9216101 0.3535818 0.1600463 -0.4117641 0.003462525 -0.9112839 0.7407725 2.48986E-08 0.671756 0.9558243 0.2927472 0.02643848 1.949394E-09 0.6600772 0.7511978 -0.6592439 0.005543642 0.7519087 -0.6592439 -0.005543489 0.7519087 1.949394E-09 -0.6600772 0.7511978 0.6592437 0.005544046 0.7519088 -1.949394E-09 0.6600772 0.7511978 -1.949394E-09 -0.6600772 0.7511978 0.6592439 -0.005543611 0.7519087 4.090628E-09 -0.4249963 0.9051951 0.4117641 -0.003462513 0.9112839 0.740757 2.048142E-08 0.6717731 0.9558209 0.2927593 0.02642777 0.4117641 0.003462513 0.9112839 0.92103 -0.3663169 0.1323473 0.9632404 -0.2635435 0.05208366 0.740757 2.0975E-08 0.6717731 -0.411764 -0.003462762 0.911284 -4.090628E-09 -0.4249963 0.9051951 0.9632424 -0.2635351 -0.05209102 0.7407725 -2.48986E-08 -0.671756 0.9216101 0.3535817 -0.1600465 -0.4117641 0.003462587 0.9112839 0.7407725 -1.655775E-08 -0.671756 0.9558243 0.2927472 -0.0264385 0 1 0 0 1 0 0 1 0 0 1 0 0 1 0 0 1 0 0 1 0 0 1 0 0 1 0 0 1 0 0.8660331 0 0.4999866 0.8660243 0 0.5000019 0.8660265 0 0.4999981 0.8660176 0 0.5000134 0.8660176 0 0.5000134 0 1 0 0 1 0 0 1 0 0 1 0 0 1 0 0 1 0 0 1 0 -0.8660232 0 0.5000039 -0.8660332 0 0.4999865 -0.8660232 0 0.5000039 -0.8660231 0 0.5000039 -0.8660231 0 0.5000039 -0.8660331 0 0.4999866 0 1 0 0 1 0 0.8660331 0 0.4999866 0.8660243 0 0.5000019 0.8660265 0 0.4999981 0.8660176 0 0.5000134 0.8660176 0 0.5000136 0 1 0 0 1 0 0 1 0 0 1 0 0 1 0 0 1 0 0 1 0 -0.8660232 0 0.5000039 -0.8660332 0 0.4999865 -0.8660232 0 0.5000039 -0.8660232 0 0.5000039 -0.8660232 0 0.5000039 -0.866033 0 0.4999868 0.4129505 -2.388174E-08 -0.9107535 0.4129505 -3.84635E-08 -0.9107535 0.92161 0.3535892 -0.1600305 0.9210303 -0.3663125 0.1323569 0.4129505 2.57577E-08 0.9107535 0.4129505 2.388174E-08 0.9107535 1 1.036815E-06 0 1 5.652078E-07 0 1 1.370129E-07 0 1 2.842562E-07 0 1 6.448276E-07 0 1 5.675444E-08 0 1 -2.272374E-06 0 1 1.182688E-06 0 -4.090628E-09 0.4249963 -0.9051951 4.090628E-09 0.4249963 -0.9051951 0.8845742 0.2178808 -0.4123791 0.5103272 0.4017312 -0.7603803 0.5103256 -0.4017194 -0.7603876 0.8845615 -0.2178561 -0.4124192 0.8845601 0.2178532 0.4124239 0.5103221 0.4016928 0.760404 0.5103173 -0.4016566 0.7604264 0.8845288 -0.2177919 0.4125235 0.3115818 0.2812067 -0.9076561 -0.4900084 -0.4422407 -0.7512089 -0.4900142 0.4422581 -0.751195 0.3115757 -0.28121 -0.9076571 0.4900045 0.4422646 -0.7511975 -0.3115691 -0.2812137 -0.9076583 -0.3115751 0.2812104 -0.9076572 0.4900123 -0.4422593 -0.7511954 0.8923205 8.262127E-07 -0.4514024 0.6604567 -3.242168E-08 -0.7508641 0.660457 8.337553E-07 -0.750864 0.892321 2.39985E-07 -0.4514014 0.8923212 6.140434E-07 0.4514011 0.8923119 2.419716E-08 0.4514192 0.6604567 4.187703E-08 0.7508641 0.6604747 3.768949E-08 0.7508484 0.4129505 2.388174E-08 0.9107535 0.4129505 2.57577E-08 0.9107535 0.92161 0.3535891 0.1600307 0.9210303 -0.3663124 -0.1323571 0.4129505 -3.84635E-08 -0.9107535 0.4129505 -2.388174E-08 -0.9107535 1 9.827988E-07 0 1 -1.291308E-06 0 1 1.959157E-06 0 1 3.382606E-07 0 1 7.701887E-07 0 1 -6.863224E-08 0 1 1.160869E-06 0 1 -2.315085E-06 0 -4.090628E-09 0.4249963 0.9051951 4.090628E-09 0.4249963 0.9051951 0.8845741 0.2178806 0.4123794 0.5103271 0.4017306 0.7603807 0.8845614 -0.2178559 0.4124196 0.5103256 -0.4017188 0.760388 0.88456 0.217853 -0.4124243 0.510322 0.4016922 -0.7604044 0.8845286 -0.2177916 -0.4125238 0.5103172 -0.401656 -0.7604268 0.3115817 0.2812067 0.9076561 -0.4900228 -0.4422522 0.7511927 -0.4900142 0.4422581 0.751195 0.3115757 -0.28121 0.9076571 -0.3115691 -0.2812137 0.9076583 0.4900045 0.4422646 0.7511975 0.4900132 -0.4422587 0.7511953 -0.3115751 0.2812104 0.9076572 0.8923213 8.75928E-07 0.4514009 0.6604567 3.242168E-08 0.7508641 0.6604565 9.071238E-07 0.7508642 0.8923208 2.837843E-07 0.4514019 0.8923206 5.64328E-07 -0.4514022 0.8923209 -2.189963E-08 -0.4514017 0.6604567 -3.242168E-08 -0.7508641 0.6604567 -3.8943E-08 -0.7508641 0 1 0 0 1 0 0 1 0 0 1 0 0 1 0 0 1 0 0 1 0 0 1 0 0 0 -1 0 0 -1 0 0 -1 0 0 -1 0 0 -1 0 0 -1 0 0 -1 0 0 -1 0.7419179 0.01012529 -0.6704143 0.9641854 0.0001560527 -0.265229 0.9641853 -0.0001553456 -0.2652295 0.7418973 -0.009939383 -0.6704398 0.7419332 0.01012402 0.6703974 0.9641857 0.0001569991 0.2652283 0.9641854 -0.0001556652 0.2652293 0.7419125 -0.009937871 0.670423 0.9641856 0.0001567259 0.2652285 0.7418972 0.009938905 0.67044 0.9641854 -0.0001560527 0.265229 0.741918 -0.01012575 0.6704143 0.9641855 0.0001562805 -0.2652288 0.7419127 0.00993863 -0.6704229 0.9641852 -0.0001550373 -0.2652298 0.7419333 -0.01012536 -0.6703972  
			<SubMeshes>: 1
				<SubMesh>: 0 408 0 2 3 0 3 1 4 6 7 4 7 5 80 8 9 80 9 81 11 82 83 83 84 11 83 85 84 85 86 84 10 87 88 10 88 89 90 91 92 90 92 93 94 95 96 96 97 94 96 98 97 98 99 97 12 14 15 12 15 13 16 18 19 16 19 17 100 20 21 100 21 101 23 102 103 103 104 23 103 105 104 105 106 104 22 107 108 22 108 109 110 111 112 110 112 113 114 115 116 116 117 114 116 118 117 118 119 117 36 33 25 36 25 26 32 41 29 32 29 24 31 28 40 31 40 45 44 47 38 44 38 37 34 120 121 34 121 39 122 35 42 122 42 123 46 124 125 46 125 43 126 127 128 128 129 126 129 130 126 129 131 130 131 132 130 131 133 132 134 135 27 134 27 30 136 137 216 136 216 217 218 219 138 218 138 139 140 141 220 140 220 221 222 223 142 222 142 143 144 36 26 144 26 145 146 25 33 146 33 147 28 148 149 28 149 40 45 150 151 45 151 31 152 153 154 154 155 152 155 156 152 155 157 156 157 158 156 157 159 158 60 50 49 60 49 57 56 48 53 56 53 65 55 69 64 55 64 52 68 61 62 68 62 71 58 63 160 58 160 161 162 163 66 162 66 59 70 67 164 70 164 165 166 167 168 168 169 166 169 170 166 169 171 170 171 172 170 171 173 172 174 54 51 174 51 175 176 224 225 176 225 177 226 178 179 226 179 227 180 228 229 180 229 181 230 182 183 230 183 231 184 185 50 184 50 60 186 187 57 186 57 49 52 64 188 52 188 189 69 55 190 69 190 191 192 193 194 194 195 192 195 196 192 195 197 196 197 198 196 197 199 198 73 72 74 73 74 75 200 201 78 200 78 79 202 203 76 202 76 77 204 205 206 204 206 207 208 209 210 208 210 211 212 213 214 212 214 215  
		</Mesh>
		<Materials>: 1
			<Material>: 0
				<AlbedoColor>: 1 1 1 1
				<EmissiveColor>: 0 0 0 0
				<Glossiness>: 0.267
				<Metallic>: 0
				<SpecularHighlight>: 1
				<GlossyReflection>: 1
				<AlbedoMap>: BLD_Doors1_A
				<MetallicMap>: BLD_Doors1_MS
				<NormalMap>: BLD_Doors1_N
				<EmissionMap>: null
				<DetailAlbedoMap>: DET_Concrete1_A
				<DetailNormalMap>: null
		</Materials>
		<Children>: 0
	</Frame>
</Hierarchy>
