<Hierarchy>:
	<Frame>: 0 4 Cabin2_Deco_WindowGlass_A
		<Transform>: 0 0 0 0 0 0 1 1 1 0 0 0 1  
		<TransformMatrix>: 1 0 0 0 0 1 0 0 0 0 1 0 0 0 0 1  
		<BoxCollider>: 1 0 -9.596348E-05 0.0001089461 1.003704 2.109861 0.04234124  
		<Mesh>: 48 Cabin2_Deco_WindowGlass_A
			<Bounds>: 0 -9.596348E-05 0.0001089461 0.501852 1.054931 0.02117062
			<Positions>: 48 0.501852 -1.055027 0.02127957 0.501852 -0.02665773 0.02127952 0.501852 -1.055027 0.01014623 0.501852 -0.02665773 0.01014619 -0.501852 -1.055027 0.02127957 -0.501852 -0.02665773 0.02127952 -0.501852 -1.055027 0.01014623 -0.501852 -0.02665773 0.01014619 0.501852 0.01184966 -0.009928292 0.501852 1.054835 -0.009928338 0.501852 0.01184966 -0.02106163 0.501852 1.054835 -0.02106167 -0.501852 0.01184966 -0.009928292 -0.501852 1.054835 -0.009928338 -0.501852 0.01184966 -0.02106163 -0.501852 1.054835 -0.02106167 0.501852 -0.02665773 0.01014619 0.501852 -1.055027 0.01014623 -0.501852 -0.02665773 0.01014619 -0.501852 -1.055027 0.01014623 -0.501852 -0.02665773 0.02127952 -0.501852 -1.055027 0.02127957 0.501852 -1.055027 0.02127957 0.501852 -0.02665773 0.02127952 0.501852 -1.055027 0.02127957 -0.501852 -1.055027 0.02127957 -0.501852 -1.055027 0.01014623 0.501852 -1.055027 0.01014623 -0.501852 -0.02665773 0.02127952 0.501852 -0.02665773 0.02127952 0.501852 -0.02665773 0.01014619 -0.501852 -0.02665773 0.01014619 0.501852 1.054835 -0.02106167 0.501852 0.01184966 -0.02106163 -0.501852 1.054835 -0.02106167 -0.501852 0.01184966 -0.02106163 -0.501852 1.054835 -0.009928338 -0.501852 0.01184966 -0.009928292 0.501852 0.01184966 -0.009928292 0.501852 1.054835 -0.009928338 0.501852 0.01184966 -0.009928292 -0.501852 0.01184966 -0.009928292 -0.501852 0.01184966 -0.02106163 0.501852 0.01184966 -0.02106163 -0.501852 1.054835 -0.009928338 0.501852 1.054835 -0.009928338 0.501852 1.054835 -0.02106167 -0.501852 1.054835 -0.02106167  
			<Colors>: 0  
			<TextureCoords0>: 48 0.01171875 0.9882813 0.01171875 0.3242188 0.01171875 0.9882813 0.01171875 0.3242188 0.6679688 0.9882813 0.6679688 0.3242188 0.6679688 0.9882813 0.6679688 0.3242188 0.01171875 0.3007813 0.01171875 -0.3554688 0.01171875 0.3007813 0.01171875 -0.3554688 0.6679688 0.3007813 0.6679688 -0.3554688 0.6679688 0.3007813 0.6679688 -0.3554688 0.01171875 0.3242188 0.01171875 0.9882813 0.6679688 0.3242188 0.6679688 0.9882813 0.6679688 0.3242188 0.6679688 0.9882813 0.01171875 0.9882813 0.01171875 0.3242188 0.01171875 0.9882813 0.6679688 0.9882813 0.6679688 0.9882813 0.01171875 0.9882813 0.6679688 0.3242188 0.01171875 0.3242188 0.01171875 0.3242188 0.6679688 0.3242188 0.01171875 -0.3554688 0.01171875 0.3007813 0.6679688 -0.3554688 0.6679688 0.3007813 0.6679688 -0.3554688 0.6679688 0.3007813 0.01171875 0.3007813 0.01171875 -0.3554688 0.01171875 0.3007813 0.6679688 0.3007813 0.6679688 0.3007813 0.01171875 0.3007813 0.6679688 -0.3554688 0.01171875 -0.3554688 0.01171875 -0.3554688 0.6679688 -0.3554688  
			<TextureCoords1>: 48 0.4982543 0.9908585 0.9818232 0.9908586 0.4982543 0.9960938 0.9818232 0.9960938 0.9818228 0.5058401 0.4982541 0.5058401 0.4913814 0.5019338 0.9749503 0.5019338 0.003906254 0.9908585 0.494348 0.9908586 0.00390625 0.9960938 0.494348 0.9960938 0.4943479 0.5058401 0.003906254 0.5058401 0.4982543 0.9869522 0.988696 0.9869522 0.9749503 0.02996308 0.4913814 0.02996308 0.4982541 0.5110753 0.9818228 0.5110753 0.00390625 0.5019338 0.4874751 0.5019338 0.4874751 0.02996308 0.003906261 0.02996308 0.4758768 0.01168013 0.003906254 0.01168013 0.00390625 0.01691538 0.4758768 0.01691538 0.475877 0.02082163 0.003906254 0.02082163 0.00390625 0.02605683 0.475877 0.02605683 0.9886961 0.5149815 0.4982543 0.5149815 0.00390625 0.5110753 0.4943478 0.5110753 0.00390625 0.9869522 0.494348 0.9869522 0.494348 0.5149815 0.003906262 0.5149815 0.4758768 0.002538681 0.003906254 0.002538681 0.00390625 0.007773876 0.4758768 0.007773876 0.963352 0.02082163 0.4913814 0.02082163 0.4913814 0.02605683 0.963352 0.02605683  
			<Normals>: 48 1 0 0 1 0 0 1 0 0 1 0 0 -1 0 0 -1 0 0 0 0 -1 0 0 -1 1 0 0 1 0 0 1 0 0 1 0 0 -1 0 0 -1 0 0 0 0 -1 0 0 -1 0 0 -1 0 0 -1 -1 0 0 -1 0 0 0 0 1 0 0 1 0 0 1 0 0 1 0 -1 0 0 -1 0 0 -1 0 0 -1 0 0 1 0 0 1 0 0 1 0 0 1 0 0 0 -1 0 0 -1 -1 0 0 -1 0 0 0 0 1 0 0 1 0 0 1 0 0 1 0 -1 0 0 -1 0 0 -1 0 0 -1 0 0 1 0 0 1 0 0 1 0 0 1 0  
			<Tangents>: 48 0 1 0 0 1 0 0 1 0 0 1 0 0 1 0 0 1 0 -1 0 0 -1 0 0 0 1 0 0 1 0 0 1 0 0 1 0 0 1 0 0 1 0 -1 0 0 -1 0 0 -1 0 0 -1 0 0 0 1 0 0 1 0 -1 0 0 -1 0 0 -1 0 0 -1 0 0 1 0 0 1 0 0 1 0 0 1 0 0 1 0 0 1 0 0 1 0 0 1 0 0 -1 0 0 -1 0 0 0 1 0 0 1 0 -1 0 0 -1 0 0 -1 0 0 -1 0 0 1 0 0 1 0 0 1 0 0 1 0 0 1 0 0 1 0 0 1 0 0 1 0 0  
			<BiTangents>: 48 0 0 1 0 0 1 0 0 1 0 0 1 0 0 1 0 0 1 0 1 0 0 1 0 0 0 1 0 0 1 0 0 1 0 0 1 0 0 1 0 0 1 0 1 0 0 1 0 0 1 0 0 1 0 0 0 1 0 0 1 0 1 0 0 1 0 0 1 0 0 1 0 0 0 1 0 0 1 0 0 1 0 0 1 0 0 1 0 0 1 0 0 1 0 0 1 0 1 0 0 1 0 0 0 1 0 0 1 0 1 0 0 1 0 0 1 0 0 1 0 0 0 1 0 0 1 0 0 1 0 0 1 0 0 1 0 0 1 0 0 1 0 0 1  
			<SubMeshes>: 1
				<SubMesh>: 0 72 1 0 2 1 2 3 16 17 6 16 6 7 18 19 4 18 4 5 20 21 22 20 22 23 24 25 26 24 26 27 28 29 30 28 30 31 9 8 10 9 10 11 32 33 14 32 14 15 34 35 12 34 12 13 36 37 38 36 38 39 40 41 42 40 42 43 44 45 46 44 46 47  
		</Mesh>
		<Materials>: 1
			<Material>: 0
				<AlbedoColor>: 1 1 1 0.3921569
				<EmissiveColor>: 0 0 0 1
				<Glossiness>: 1
				<Metallic>: 0
				<SpecularHighlight>: 1
				<GlossyReflection>: 1
				<AlbedoMap>: BLD_WindowGlass1_A
				<MetallicMap>: BLD_WindowGlass1_MS
				<NormalMap>: BLD_WindowGlass1_N
				<EmissionMap>: null
				<DetailAlbedoMap>: DET_Concrete1_A
				<DetailNormalMap>: null
		</Materials>
		<Children>: 0
	</Frame>
</Hierarchy>
