<Hierarchy>:
	<Frame>: 0 5 Church1_Base_Stairs_A
		<Transform>: 0 0 0 0 0 0 1 1 1 0 0 0 1  
		<TransformMatrix>: 1 0 0 0 0 1 0 0 0 0 1 0 0 0 0 1  
		<Mesh>: 206 Church1_Base_Stairs_A
			<Bounds>: 0.003437281 0.5224651 1.270802 1.701775 0.5245966 1.278902
			<Positions>: 206 1.407953 0.764298 0.9206885 1.407953 0.8630924 0.5028294 -1.415325 0.764298 0.9206885 -1.415325 0.8630924 0.5028294 1.407953 0.6692504 1.118825 -1.415325 0.6692504 1.118825 1.407953 0.5666328 1.3184 -1.415325 0.5666328 1.3184 1.407953 0.4737505 1.558728 -1.415325 0.4737505 1.558728 1.407953 0.3696484 1.757279 -1.415325 0.3696484 1.757279 1.407953 0.2751247 1.961787 -1.415325 0.2751247 1.961787 1.407953 0.1637136 2.163184 -1.415325 0.1637136 2.163184 1.407953 0.001485579 2.347705 -1.415325 0.001485579 2.347705 -1.698338 1.047062 0.7684787 -1.272243 1.047062 0.7684787 -1.698338 0.279135 2.549704 -1.272243 0.279135 2.549704 -1.698338 0.9108855 0.7279194 -1.272243 0.9108855 0.7279194 -1.698338 0.1755235 2.461966 -1.272243 0.1755235 2.461966 1.407953 0.8478488 0.7188295 -1.415325 0.8478488 0.7188295 -1.639376 0.9783502 0.7684787 -1.331205 0.9783502 0.7684787 -1.639376 -0.00213158 0.7581304 -1.331205 -0.00213158 0.7743161 1.407953 0.9583653 0.07764368 -1.415325 0.9583653 0.07764368 1.279117 1.047062 0.7684787 1.705212 1.047062 0.7684787 1.279117 0.279135 2.549704 1.705212 0.279135 2.549704 1.279117 0.9108855 0.7279194 1.705212 0.9108855 0.7279194 1.279117 0.1755235 2.461966 1.705212 0.1755235 2.461966 -1.632875 0.2473712 2.417186 -1.639376 0.2500843 2.411067 -1.639376 -0.002131523 2.367482 -1.632875 -0.002131523 2.37407 -1.331205 0.2500844 2.411067 -1.337705 0.2473712 2.417186 -1.337705 -0.002131523 2.37407 -1.331205 -0.002131523 2.367482 1.335493 0.9783502 0.7684787 1.643664 0.9783502 0.7684787 1.335493 -0.00213158 0.7581304 1.643664 -0.00213158 0.7743161 1.341993 0.2473712 2.417186 1.335493 0.2500843 2.411067 1.335493 -0.002131523 2.367482 1.341993 -0.002131523 2.37407 1.643664 0.2500844 2.411067 1.637163 0.2473712 2.417186 1.637163 -0.002131523 2.37407 1.643664 -0.002131523 2.367482 1.705212 1.047062 -0.00809975 -1.331205 -0.002131613 -0.00809975 1.643664 -0.002131613 -0.00809975 1.643664 0.9783502 -0.00809975 1.705212 0.9086697 -0.00809975 -1.698338 1.047062 -0.00809975 -1.698338 0.9086697 -0.00809975 -1.272243 1.047062 -0.00809975 1.335493 -0.002131612 -0.00809975 -1.272243 0.9086697 -0.00809975 1.335493 0.9783502 -0.00809975 -1.639376 0.9783502 -0.00809975 1.407953 0.9583653 -0.00809975 1.279117 1.047062 -0.00809975 -1.639376 -0.002131612 -0.00809975 -1.415325 0.9583653 -0.00809975 -1.331205 0.9783502 -0.00809975 1.279117 0.9086697 -0.00809975 1.407953 0.8524905 0.9458097 1.407953 0.8630924 0.937806 -1.415325 0.8630924 0.937806 -1.415325 0.8524905 0.9458097 1.407953 0.7550337 1.143909 1.407953 0.7655501 1.135979 -1.415325 0.7655501 1.135979 -1.415325 0.7550337 1.143909 1.407953 0.6597148 1.344072 1.407953 0.6702889 1.335979 -1.415325 0.6702889 1.335979 -1.415325 0.6597147 1.344072 1.407953 0.556136 1.582958 1.407953 0.5667084 1.575045 -1.415325 0.5667084 1.575045 -1.415325 0.556136 1.582958 1.407953 0.4608315 1.783068 1.407953 0.4715511 1.775046 -1.415325 0.4715511 1.775046 -1.415325 0.4608315 1.783068 1.407953 0.3593849 1.989417 1.407953 0.3698499 1.981828 -1.415325 0.3698499 1.981828 -1.415325 0.359385 1.989417 1.407953 0.263938 2.190001 1.407953 0.2746127 2.181827 -1.415325 0.2746127 2.181827 -1.415325 0.263938 2.190001 1.407953 0.1525175 2.375697 1.407953 0.1633748 2.366682 -1.415325 0.1633748 2.366682 -1.415325 0.1525174 2.375697 1.407953 0.9477267 0.7459415 1.407953 0.9583653 0.7378057 -1.415325 0.9583653 0.7378057 -1.415325 0.9477267 0.7459415 1.407953 0.6692504 1.118825 -1.415325 0.6692504 1.118825 1.407953 0.5666328 1.3184 -1.415325 0.5666328 1.3184 1.407953 0.4737505 1.558728 -1.415325 0.4737505 1.558728 1.407953 0.3696484 1.757279 -1.415325 0.3696484 1.757279 1.407953 0.1637136 2.163184 -1.415325 0.1637136 2.163184 -1.415325 0.2751247 1.961787 1.407953 0.2751247 1.961787 -1.698338 0.9086697 -0.00809975 -1.698338 0.9108855 0.7279194 -1.698338 1.047062 0.7684787 -1.698338 0.1755235 2.461966 -1.698338 0.279135 2.549704 -1.272243 0.279135 2.549704 -1.272243 0.1755235 2.461966 -1.272243 0.9108855 0.7279194 -1.272243 1.047062 0.7684787 -1.698338 0.279135 2.549704 -1.698338 0.1755235 2.461966 -1.272243 0.1755235 2.461966 -1.272243 0.279135 2.549704 1.279117 0.9086697 -0.00809975 1.279117 0.9108855 0.7279194 1.279117 1.047062 0.7684787 1.279117 0.1755235 2.461966 1.279117 0.279135 2.549704 1.705212 0.279135 2.549704 1.705212 0.1755235 2.461966 1.705212 0.9108855 0.7279194 1.705212 1.047062 0.7684787 1.279117 0.279135 2.549704 1.279117 0.1755235 2.461966 1.705212 0.1755235 2.461966 1.705212 0.279135 2.549704 -1.639376 0.2500843 2.411067 -1.639376 -0.002131523 2.367482 -1.337705 -0.002131523 2.37407 -1.337705 0.2473712 2.417186 -1.632875 0.2473712 2.417186 -1.632875 -0.002131523 2.37407 1.335493 0.2500843 2.411067 1.335493 -0.002131523 2.367482 1.637163 -0.002131523 2.37407 1.637163 0.2473712 2.417186 1.341993 0.2473712 2.417186 1.341993 -0.002131523 2.37407 1.279117 1.047062 -0.00809975 1.705212 0.9086697 -0.00809975 1.705212 1.047062 -0.00809975 -1.698338 1.047062 -0.00809975 -1.272243 0.9086697 -0.00809975 -1.272243 1.047062 -0.00809975 -1.415325 0.9583653 0.07764368 1.407953 0.9583653 0.07764368 -1.415325 0.7550337 1.143909 1.407953 0.7550337 1.143909 -1.415325 0.6597147 1.344072 1.407953 0.6597148 1.344072 -1.415325 0.556136 1.582958 1.407953 0.556136 1.582958 -1.415325 0.4608315 1.783068 1.407953 0.4608315 1.783068 -1.415325 0.359385 1.989417 1.407953 0.3593849 1.989417 -1.415325 0.263938 2.190001 1.407953 0.263938 2.190001 -1.415325 0.1525174 2.375697 1.407953 0.1525175 2.375697 -1.415325 0.9477267 0.7459415 1.407953 0.9477267 0.7459415 -1.415325 0.8524905 0.9458097 -1.415325 0.764298 0.9206885 1.407953 0.764298 0.9206885 1.407953 0.8524905 0.9458097 -1.698338 0.9108855 0.7279194 -1.272243 0.9108855 0.7279194 -1.698338 0.9108855 0.7279194 1.279117 0.9108855 0.7279194 1.705212 0.9108855 0.7279194 1.279117 0.9108855 0.7279194 1.279117 1.047062 0.7684787 1.705212 1.047062 0.7684787 1.705212 0.9108855 0.7279194 -1.698338 1.047062 0.7684787 -1.272243 1.047062 0.7684787 -1.272243 0.9108855 0.7279194  
			<Colors>: 206 1 1 1 1 1 1 1 1 1 1 1 1 1 1 1 1 1 1 1 1 1 1 1 1 1 1 1 1 1 1 1 1 1 1 1 1 1 1 1 1 1 1 1 1 1 1 1 1 1 1 1 1 1 1 1 1 1 1 1 1 1 1 1 1 1 1 1 1 1 1 1 1 1 1 1 1 1 1 1 1 1 1 1 1 1 1 1 1 1 1 1 1 1 1 1 1 1 1 1 1 1 1 1 1 1 1 1 1 1 1 1 1 1 1 1 1 1 1 1 1 1 1 1 1 1 1 1 1 1 1 1 1 1 1 1 1 1 1 1 1 1 1 1 1 1 1 1 1 1 1 1 1 1 1 1 1 1 1 1 1 1 1 1 1 1 1 1 1 1 1 1 1 1 1 1 1 1 1 1 1 1 1 1 1 1 1 1 1 1 1 1 1 1 1 1 1 1 1 1 1 1 1 1 1 1 1 1 1 1 1 1 1 1 1 1 1 1 1 1 1 1 1 1 1 1 1 1 1 1 1 1 1 1 1 1 1 1 1 1 1 1 1 1 1 1 1 1 1 1 1 1 1 1 1 1 1 1 1 1 1 1 1 1 1 1 1 1 1 1 1 1 1 1 1 1 1 1 1 1 1 1 1 1 1 1 1 1 1 1 1 1 1 1 1 1 1 1 1 1 1 1 1 1 1 1 1 1 1 1 1 1 1 1 1 1 1 1 1 1 1 1 1 1 1 1 1 1 1 1 1 1 1 1 1 1 1 1 1 1 1 1 1 1 1 1 1 1 1 1 1 1 1 1 1 1 1 1 1 1 1 1 1 1 1 1 1 1 1 1 1 1 1 1 1 1 1 1 1 1 1 1 1 1 1 1 1 1 1 1 1 1 1 1 1 1 1 1 1 1 1 1 1 1 1 1 1 1 1 1 1 1 1 1 1 1 1 1 1 1 1 1 1 1 1 1 1 1 1 1 1 1 1 1 1 1 1 1 1 1 1 1 1 1 1 1 1 1 1 1 1 1 1 1 1 1 1 1 1 1 1 1 1 1 1 1 1 1 1 1 1 1 1 1 1 1 1 1 1 1 1 1 1 1 1 1 1 1 1 1 1 1 1 1 1 1 1 1 1 1 1 1 1 1 1 1 1 1 1 1 1 1 1 1 1 1 1 1 1 1 1 1 1 1 1 1 1 1 1 1 1 1 1 1 1 1 1 1 1 1 1 1 1 1 1 1 1 1 1 1 1 1 1 1 1 1 1 1 1 1 1 1 1 1 1 1 1 1 1 1 1 1 1 1 1 1 1 1 1 1 1 1 1 1 1 1 1 1 1 1 1 1 1 1 1 1 1 1 1 1 1 1 1 1 1 1 1 1 1 1 1 1 1 1 1 1 1 1 1 1 1 1 1 1 1 1 1 1 1 1 1 1 1 1 1 1 1 1 1 1 1 1 1 1 1 1 1 1 1 1 1 1 1 1 1 1 1 1 1 1 1 1 1 1 1 1 1 1 1 1 1 1 1 1 1 1 1 1 1 1 1 1 1 1 1 1 1 1 1 1 1 1 1 1 1 1 1 1 1 1 1 1 1 1 1 1 1 1 1 1 1 1 1 1 1 1 1 1 1 1 1 1 1 1 1 1 1 1 1 1 1 1 1 1 1 1 1 1 1 1 1 1 1 1 1 1 1 1 1 1 1 1 1 1 1 1 1 1 1 1 1 1 1 1 1 1 1 1 1 1 1 1 1 1 1 1 1 1 1 1 1 1 1 1 1 1 1 1 1 1 1 1 1 1 1 1 1 1 1 1 1 1 1 1 1 1 1 1 1 1 1 1 1 1 1 1 1 1 1 1 1 1 1 1 1  
			<TextureCoords0>: 206 0.2006836 0.9335938 0.4008789 0.9230957 0.3999023 0.9335938 0.5996094 0.9230957 0.2006836 0.9599609 0.3999023 0.9599609 0.2006836 0.9599609 0.3999023 0.9599609 0.4003906 0.9599609 0.5996094 0.9599609 0.3999023 0.9599609 0.2006836 0.9599609 0.3999023 0.9335938 0.2006836 0.9335938 0.3999023 0.9599609 0.2006836 0.9599609 0.4003906 0.9599609 0.5996094 0.9599609 0.2006836 0.9492188 0.2006836 0.9101563 0.3510742 0.9492188 0.3510742 0.9101563 0.2006836 0.9492188 0.2006836 0.9101563 0.3510742 0.9492188 0.3510742 0.9101563 0.2016602 0.9599609 0.3984375 0.9599609 0.3710938 0.8203125 0.3710938 0.8203125 0.3701172 0.9091797 0.371582 0.9091797 0.2016602 0.9230957 0.3984375 0.9230957 0.2006836 0.9492188 0.2006836 0.9101563 0.3510742 0.9492188 0.3510742 0.9101563 0.2006836 0.9492188 0.2006836 0.9101563 0.3510742 0.9492188 0.3510742 0.9101563 0.4824219 0.8686523 0.5141602 0.8862305 0.5097656 0.9091797 0.4824219 0.9082031 0.5141602 0.8862305 0.5146484 0.8862305 0.5102539 0.9091797 0.5097656 0.9091797 0.3710938 0.8203125 0.3710938 0.8203125 0.3701172 0.9091797 0.371582 0.9091797 0.4824219 0.8686523 0.5141602 0.8862305 0.5097656 0.9091797 0.4824219 0.9082031 0.5141602 0.8862305 0.5146484 0.8862305 0.5102539 0.9091797 0.5097656 0.9091797 0.1357422 0.9101563 0.3037109 0.9091797 0.3037109 0.9091797 0.3037109 0.8203125 0.1357422 0.9101563 0.1357422 0.9355469 0.1357422 0.9492188 0.1357422 0.9101563 0.3037109 0.9091797 0.1357422 0.9101563 0.3037109 0.8203125 0.3037109 0.8203125 0.2016602 0.9482422 0.1357422 0.9355469 0.3037109 0.9091797 0.3984375 0.9482422 0.3037109 0.8203125 0.1357422 0.9492188 0.4008789 0.9534227 0.4008789 0.9519066 0.5996094 0.9519066 0.5996094 0.9534227 0.2006836 0.9525716 0.2006836 0.9507802 0.3999024 0.9507802 0.3999023 0.9525716 0.2006836 0.9525107 0.2006836 0.9507874 0.3999023 0.9507874 0.3999023 0.9525107 0.4003906 0.9526045 0.4003906 0.9509161 0.5996094 0.9509161 0.5996094 0.9526045 0.3999023 0.9525251 0.3999023 0.9507842 0.2006836 0.9507842 0.2006836 0.9525251 0.5996093 0.952578 0.5996094 0.9508147 0.4003906 0.9508147 0.4003906 0.952578 0.3999023 0.9524574 0.3999023 0.9507983 0.2006836 0.9507983 0.2006836 0.9524574 0.4003906 0.952216 0.4003906 0.9507318 0.5996094 0.9507318 0.5996094 0.952216 0.2016602 0.9529005 0.2016602 0.9516713 0.3984375 0.9516712 0.3984375 0.9529005 0.2006836 0.9335938 0.3999023 0.9335938 0.4003906 0.9335938 0.5996094 0.9335938 0.3999023 0.9335938 0.2006836 0.9335938 0.5996094 0.9335938 0.4003906 0.9335938 0.4003906 0.9335938 0.5996094 0.9335938 0.4003906 0.9599609 0.5996094 0.9599609 0.1357422 0.9492188 0.2006836 0.9492188 0.2006836 0.9355469 0.3510742 0.9492188 0.3510742 0.9355469 0.3510742 0.9355469 0.3510742 0.9492188 0.2006836 0.9492188 0.2006836 0.9355469 0.3911133 0.2900391 0.3945313 0.2900391 0.3945313 0.3046875 0.3911133 0.3046875 0.1357422 0.9492188 0.2006836 0.9492188 0.2006836 0.9355469 0.3510742 0.9492188 0.3510742 0.9355469 0.3510742 0.9355469 0.3510742 0.9492188 0.2006836 0.9492188 0.2006836 0.9355469 0.3911133 0.2900391 0.3945313 0.2900391 0.3945313 0.3046875 0.3911133 0.3046875 0.4829102 0.8686523 0.4829102 0.9086914 0.4370117 0.9082031 0.4370117 0.8686523 0.4824219 0.8686523 0.4824219 0.9082031 0.4829102 0.8686523 0.4829102 0.9086914 0.4370117 0.9082031 0.4370117 0.8686523 0.4824219 0.8686523 0.4824219 0.9082031 0.1357422 0.9492188 0.1357422 0.9492188 0.1357422 0.9355469 0.1357422 0.9492188 0.1357422 0.9492188 0.1357422 0.9355469 0.3984375 0.9521484 0.2016602 0.9521484 0.3999023 0.9525716 0.2006836 0.9525716 0.3999023 0.9525107 0.2006836 0.9525107 0.5996094 0.9526045 0.4003906 0.9526045 0.2006836 0.9525251 0.3999023 0.9525251 0.4003906 0.952578 0.5996093 0.952578 0.2006836 0.9524574 0.3999023 0.9524574 0.5996094 0.952216 0.4003906 0.952216 0.3984375 0.9529005 0.2016602 0.9529005 0.5996094 0.9534227 0.5996094 0.9599609 0.4008789 0.9599609 0.4008789 0.9534227 0.2006836 0.9492188 0.2006836 0.9101563 0.2006836 0.9492188 0.2006836 0.9492188 0.2006836 0.9101563 0.2006836 0.9492188 0.2006836 0.9492188 0.2006836 0.9101563 0.2006836 0.9492188 0.2006836 0.9492188 0.2006836 0.9101563 0.2006836 0.9492188  
			<TextureCoords1>: 206 0.00390625 0.8294353 0.00390625 0.9960938 0.4380051 0.8294353 0.4380052 0.9960938 0.8760106 0.8659174 0.4419118 0.8659174 0.8760105 0.8096164 0.4419118 0.8096164 0.8760108 0.9556739 0.4419118 0.9556739 0.4380052 0.8479116 0.00390625 0.8479116 0.003906266 0.9232644 0.4380052 0.9232643 0.8760104 0.790401 0.4419117 0.790401 0.8760105 0.7705424 0.4419115 0.7705424 0.1233107 0.6304044 0.1233107 0.5648894 0.4215548 0.6304044 0.4215549 0.5648894 0.1170748 0.1929224 0.1170748 0.2584375 0.4066805 0.1929225 0.4066805 0.2584375 0.8760107 0.8294353 0.4419116 0.8294353 0.5448654 0.1702549 0.6793913 0.3249402 0.5433035 0.3210112 0.6784647 0.475696 0.003906257 0.7772173 0.4380053 0.7772173 0.1233107 0.5609831 0.1233107 0.4954681 0.4215548 0.5609831 0.4215549 0.4954681 0.1170748 0.1235011 0.1170748 0.1890161 0.4066805 0.1235011 0.4066805 0.1890162 0.7987957 0.2826699 0.7974464 0.2821825 0.7907524 0.3209637 0.7921737 0.321034 0.4268104 0.4368677 0.4254611 0.4373552 0.4320831 0.4757192 0.4335044 0.4756489 0.5448654 0.01556963 0.6793913 0.4796255 0.5433035 0.1663259 0.6784647 0.6303812 0.7987957 0.1279846 0.7974464 0.1274971 0.7907524 0.1662784 0.7921737 0.1663487 0.4268104 0.5915529 0.4254611 0.5920404 0.4320831 0.6304044 0.4335044 0.6303341 0.003906264 0.4954681 0.7987666 0.4757192 0.7987667 0.6304044 0.7987957 0.4796485 0.00390625 0.1890162 0.00390625 0.4711627 0.003906271 0.1929225 0.003906264 0.5648894 0.4254902 0.1663487 0.00390625 0.2584375 0.4254611 0.01559269 0.4254611 0.170278 0.00390625 0.790401 0.00390625 0.4128816 0.4254902 0.321034 0.4380053 0.790401 0.7987957 0.3249632 0.003906271 0.1235011 0.003906589 0.9271706 0.003906261 0.929213 0.4380053 0.929213 0.4380056 0.9271706 0.8760104 0.8521754 0.003906257 0.7963324 0.4380051 0.7963324 0.4419117 0.8521754 0.8760104 0.7947701 0.003906275 0.636358 0.4380052 0.636358 0.4419116 0.7947701 0.876011 0.9424701 0.4419116 0.7035574 0.8760105 0.7035574 0.4419121 0.9424701 0.4380054 0.8333416 0.4419118 0.8900024 0.8760108 0.8900024 0.003906459 0.8333416 0.4380054 0.8698237 0.4419119 0.9615677 0.8760108 0.9615677 0.003906467 0.8698237 0.8760106 0.7744486 0.003906275 0.8894315 0.4380052 0.8894315 0.4419115 0.7744486 0.8760104 0.7469246 0.4419115 0.638458 0.8760105 0.638458 0.4419117 0.7469247 0.8760105 0.8135227 0.003906279 0.6757128 0.4380053 0.6757128 0.4419118 0.8135227 0.003906266 0.6697474 0.4380052 0.6697474 0.4419116 0.7430184 0.8760105 0.7430184 0.4419118 0.9232644 0.8760108 0.9232644 0.4419118 0.9960938 0.8760108 0.9960938 0.4419115 0.6697474 0.8760104 0.6697474 0.00390625 0.883458 0.4380052 0.883458 0.009961049 0.4915618 0.1183542 0.459034 0.1183749 0.437187 0.4061272 0.4915618 0.4145268 0.4724508 0.00390625 0.3558886 0.01230588 0.3749997 0.3000789 0.3424719 0.3000582 0.3206248 0.8799174 0.9752182 0.8799174 0.9960938 0.9454325 0.9960938 0.9454324 0.9752182 0.009961049 0.4332808 0.1183542 0.400753 0.1183749 0.378906 0.4061272 0.4332808 0.4145268 0.4141697 0.00390625 0.2976075 0.01230588 0.3167186 0.3000789 0.2841908 0.3000582 0.2623438 0.8799174 0.9504365 0.8799174 0.971312 0.9454325 0.971312 0.9454324 0.9504365 0.7974464 0.2821825 0.7907524 0.3209637 0.9947233 0.9960938 0.9947232 0.9571624 0.9493387 0.9571624 0.9493387 0.9960938 0.7974464 0.1274971 0.7907524 0.1662784 0.9253013 0.790401 0.9253013 0.7514696 0.8799168 0.7514696 0.8799168 0.790401 0.00390625 0.5609831 0.4084721 0.3167186 0.4145267 0.2963194 0.00390625 0.6304044 0.4084721 0.3749997 0.4145267 0.3546005 0.4380053 0.7772173 0.003906257 0.7772173 0.4380054 0.7943072 0.003906585 0.7943072 0.4380052 0.6343107 0.00390625 0.6343107 0.8760105 0.7015269 0.4419115 0.7015269 0.8760111 0.8879436 0.4419121 0.8879436 0.8760111 0.9595802 0.4419118 0.9595801 0.4380056 0.8873643 0.00390625 0.8873643 0.8760104 0.6362882 0.4419115 0.6362882 0.4380053 0.6736536 0.003906607 0.6736536 0.003906463 0.8518178 0.00390625 0.8659174 0.4380052 0.8659174 0.4380054 0.8518178 0.1170748 0.1929224 0.1170748 0.2584375 0.1183542 0.459034 0.1170748 0.1235011 0.1170748 0.1890161 0.1183542 0.400753 0.1233107 0.5609831 0.1233107 0.4954681 0.3000789 0.2841908 0.1233107 0.6304044 0.1233107 0.5648894 0.3000789 0.3424719  
			<Normals>: 206 0 0.9999832 -0.005798596 0 1 0 0 0.9999832 -0.005798596 0 1 0 0 -0.2806492 0.9598104 0 -0.2806492 0.9598104 0 -0.2658537 0.9640133 0 -0.2658537 0.9640133 0 -0.2821498 0.9593704 0 -0.2821498 0.9593704 0 -0.2721364 0.9622586 0 -0.2721364 0.9622586 0 0.9999974 0.002319471 0 0.9999974 0.002319471 0 -0.2584661 0.9660204 0 -0.2584661 0.9660204 0 -0.1822281 0.9832563 0 -0.1822281 0.9832563 0 0.9182951 0.3958963 0 0.9182951 0.3958963 0 0.9182951 0.3958963 0 0.9182951 0.3958963 -0.7309306 -0.6282952 -0.2664311 0.7309306 -0.6282952 -0.2664311 -0.5948809 -0.7819943 0.1860147 0.5948809 -0.7819943 0.1860147 0 -0.2619758 0.9650745 0 -0.2619758 0.9650745 -1 0 0 1 0 0 -1 0 0 1 0 0 0 1 0 0 1 0 0 0.9182951 0.3958963 0 0.9182951 0.3958963 0 0.9182951 0.3958963 0 0.9182951 0.3958963 -0.7309306 -0.6282952 -0.2664311 0.7309306 -0.6282952 -0.2664311 -0.5948809 -0.7819943 0.1860147 0.5948809 -0.7819943 0.1860147 -0.402514 -0.1558601 0.9020477 -0.9432116 -0.05655119 0.3273438 -0.9376358 -0.05917637 0.3425454 -0.3965333 -0.1563183 0.9046136 0.9432116 -0.05655119 0.3273438 0.402514 -0.1558601 0.9020477 0.3965333 -0.1563183 0.9046136 0.9376358 -0.05917637 0.3425454 -1 0 0 1 0 0 -1 0 0 1 0 0 -0.402514 -0.1558601 0.9020477 -0.9432209 -0.05655175 0.3273165 -0.9376358 -0.05917637 0.3425454 -0.3965333 -0.1563183 0.9046136 0.9432116 -0.05655119 0.3273438 0.402514 -0.1558601 0.9020477 0.3965333 -0.1563183 0.9046136 0.9376358 -0.05917637 0.3425454 0 1 0 1 0 0 1 0 0 1 0 0 0.7064335 -0.7077763 0.002105841 -1 0 0 -0.7064335 -0.7077763 0.002105841 0 1 0 -1 0 0 0.7064335 -0.7077763 0.002105841 -1 0 0 -1 0 0 0 1 0 -1 0 0 -1 0 0 0 1 0 1 0 0 -0.7064335 -0.7077763 0.002105841 0 0.1835109 0.9830177 0 0.8951342 0.4457969 0 0.8951342 0.4457969 0 0.1835109 0.9830177 0 0.17982 0.9836996 0 0.8962994 0.4434496 0 0.8962994 0.4434496 0 0.17982 0.9836996 0 0.1908664 0.981616 0 0.8976569 0.4406951 0 0.8976569 0.4406951 0 0.1908664 0.981616 0 0.1772872 0.9841592 0 0.8942806 0.4475065 0 0.8942806 0.4475065 0 0.1772872 0.9841592 0 0.182381 0.9832278 0 0.8919168 0.4521995 0 0.8919168 0.4521995 0 0.182381 0.9832278 0 0.1546413 0.9879707 0 0.8910015 0.4540003 0 0.8910015 0.4540003 0 0.1546413 0.9879707 0 0.1947719 0.9808486 0 0.8961358 0.4437799 0 0.8961358 0.4437799 0 0.1947719 0.9808486 0 0.2520889 0.9677041 0 0.9048595 0.4257104 0 0.9048595 0.4257104 0 0.2520889 0.9677041 0 0.1926697 0.9812636 0 0.896517 0.4430093 0 0.896517 0.4430093 0 0.1926697 0.9812636 0 0.9999887 -0.004760979 0 0.9999887 -0.004760979 0 1 -0.0002746666 0 1 -0.0002746666 0 0.9999484 0.01016276 0 0.9999484 0.01016276 0 0.9999996 -0.0008850635 0 0.9999996 -0.0008850635 0 0.9999987 0.001648048 0 0.9999987 0.001648048 0 -0.3115728 0.9502223 0 -0.3115728 0.9502223 -0.7064335 -0.7077763 0.002105841 -0.7645701 -0.6445376 0.001922717 -1 0 0 -0.5948809 -0.7819943 0.1860147 -0.6302876 -0.5017092 0.592474 0.6302876 -0.5017092 0.592474 0.5948809 -0.7819943 0.1860147 0.7309306 -0.6282952 -0.2664311 1 0 0 -0.6302876 -0.5017092 0.592474 -0.5948809 -0.7819943 0.1860147 0.5948809 -0.7819943 0.1860147 0.6302876 -0.5017092 0.592474 -0.7064335 -0.7077763 0.002105841 -0.7645701 -0.6445376 0.001922717 -1 0 0 -0.5948809 -0.7819943 0.1860147 -0.6302876 -0.5017092 0.592474 0.6302876 -0.5017092 0.592474 0.5948809 -0.7819943 0.1860147 0.7309306 -0.6282952 -0.2664311 1 0 0 -0.6302876 -0.5017092 0.592474 -0.5948809 -0.7819943 0.1860147 0.5948809 -0.7819943 0.1860147 0.6302876 -0.5017092 0.592474 -0.9432116 -0.05655119 0.3273438 -0.9376358 -0.05917637 0.3425454 0.3965333 -0.1563183 0.9046136 0.402514 -0.1558601 0.9020477 -0.402514 -0.1558601 0.9020477 -0.3965333 -0.1563183 0.9046136 -0.9432209 -0.05655175 0.3273165 -0.9376358 -0.05917637 0.3425454 0.3965333 -0.1563183 0.9046136 0.402514 -0.1558601 0.9020477 -0.402514 -0.1558601 0.9020477 -0.3965333 -0.1563183 0.9046136 0 1 0 0.7064335 -0.7077763 0.002105841 1 0 0 0 1 0 0.7064335 -0.7077763 0.002105841 1 0 0 0 1 0 0 1 0 0 0.17982 0.9836996 0 0.17982 0.9836996 0 0.1908664 0.981616 0 0.1908664 0.981616 0 0.1772872 0.9841592 0 0.1772872 0.9841592 0 0.182381 0.9832278 0 0.182381 0.9832278 0 0.1546413 0.9879707 0 0.1546413 0.9879707 0 0.1947719 0.9808486 0 0.1947719 0.9808486 0 0.2520889 0.9677041 0 0.2520889 0.9677041 0 0.1926697 0.9812636 0 0.1926697 0.9812636 0 0.1835109 0.9830177 0 -0.2739391 0.9617471 0 -0.2739391 0.9617471 0 0.1835109 0.9830177 -0.7645701 -0.6445376 0.001922717 0.7645701 -0.6445376 0.001922717 -0.7309306 -0.6282952 -0.2664311 -0.7645701 -0.6445376 0.001922717 0.7645701 -0.6445376 0.001922717 -0.7309306 -0.6282952 -0.2664311 0 1 0 0 1 0 0.7645701 -0.6445376 0.001922717 0 1 0 0 1 0 0.7645701 -0.6445376 0.001922717  
			<Tangents>: 206 -1 0 0 -1 0 1.798254E-08 -1 0 0 -1 0 0 -1 0 0 -1 0 0 -1 6.144121E-08 1.694413E-08 -1 0 0 -1 1.449109E-08 4.261815E-09 -1 0 0 1 -9.565404E-09 -2.705192E-09 1 0 0 1 0 0 1 0 0 1 -2.683277E-08 -7.17931E-09 1 0 0 -1 -2.463067E-08 -4.564832E-09 -1 0 0 0 -0.3958963 0.9182952 0 -0.3958963 0.9182952 0 -0.3958963 0.9182952 0 -0.3958963 0.9182952 -0.06037763 -0.329337 0.9422801 0.06037763 -0.329337 0.9422801 0.3224664 -0.02019349 0.9463655 -0.3224664 -0.02019349 0.9463655 -1 -3.743451E-08 -1.016184E-08 -1 0 0 0 -4.524641E-05 1 0 -4.572821E-05 1 0 3.942857E-08 1 0 3.950689E-08 1 -1 0 2.602566E-08 -1 0 0 0 -0.3958963 0.9182952 0 -0.3958963 0.9182952 0 -0.3958963 0.9182952 0 -0.3958963 0.9182952 -0.06037763 -0.329337 0.9422801 0.06037763 -0.329337 0.9422801 0.3224664 -0.02019349 0.9463655 -0.3224664 -0.02019349 0.9463655 -0.8990896 0.2525741 -0.3575531 0.3268927 0.01731454 0.9449028 0.3419206 0.02069671 0.9395009 -0.8937503 0.29082 -0.3415174 -0.326941 0.01649575 0.9449008 -0.8992354 -0.2517632 0.3577583 -0.9109854 0.05475445 0.408788 -0.3419253 0.02062305 0.9395008 0 -4.524641E-05 1 0 -4.572821E-05 1 0 3.942857E-08 1 0 3.950689E-08 1 -0.8990896 0.2525741 -0.3575531 0.3268654 0.01731292 0.9449123 0.3419206 0.02069671 0.9395009 -0.8937503 0.29082 -0.3415174 -0.326941 0.01649575 0.9449008 -0.8992354 -0.2517632 0.3577583 -0.9109854 0.05475445 0.408788 -0.3419253 0.02062305 0.9395008 0 0 1 0 7.618026E-08 1 0 7.618026E-08 1 0 3.279882E-08 1 1.757475E-05 0.00299282 0.9999955 0 0.00265981 0.9999965 -1.757475E-05 0.00299282 0.9999955 0 0 1 0 7.778949E-08 1 1.757475E-05 0.00299282 0.9999955 0 3.257379E-08 1 0 3.257379E-08 1 -1 0 0 0 0.00265981 0.9999965 0 7.778949E-08 1 -1 0 0 0 3.279882E-08 1 -1.757475E-05 0.00299282 0.9999955 -1 -1.014226E-08 1.893368E-09 -1 -7.78274E-09 1.562728E-08 -1 -7.356429E-10 1.477128E-09 -1 0 0 -1 0 0 -1 0 0 -1 0 0 -1 0 0 -1 5.482257E-08 -1.065975E-08 -1 -6.344472E-09 1.292313E-08 -1 1.161611E-09 -2.366099E-09 -1 1.19317E-09 -2.320012E-10 -1 1.355438E-08 -2.441697E-09 -1 0 0 -1 3.656617E-10 -7.307248E-10 -1 2.623841E-10 -4.72661E-11 1 -1.020481E-08 1.892911E-09 1 0 0 1 -1.979032E-10 3.903436E-10 1 -2.179682E-10 4.043137E-11 1 -1.696596E-08 2.655583E-09 1 0 0 1 -2.422623E-10 4.754535E-10 1 -3.391258E-10 5.308139E-11 1 -2.62104E-08 5.204728E-09 1 0 0 1 -5.555937E-10 1.121924E-09 1 -6.129058E-10 1.217077E-10 -1 -2.471278E-08 6.43773E-09 -1 0 0 -1 -3.799601E-10 8.076165E-10 -1 -8.551113E-10 2.227583E-10 -1 -3.734298E-08 7.332241E-09 -1 -1.184308E-08 2.396682E-08 -1 -2.103255E-09 4.256353E-09 -1 -8.710617E-10 1.710317E-10 -1 7.54653E-11 1.585062E-08 -1 0 0 -1 0 0 -1 0 0 1 0 0 1 0 0 1 0 0 1 0 0 -1 0 0 -1 0 0 1 0 0 1 -1.326386E-08 -4.349149E-09 -1.757475E-05 0.00299282 0.9999955 0.1359425 -0.1583417 0.9779814 0 -0.2875475 0.9577664 0.3257145 -0.02294408 0.9451897 0.6990519 -0.03476921 0.7142251 -0.696369 -0.02795742 0.7171392 -0.3224664 -0.02019349 0.9463655 0.062892 -0.3267273 0.9430238 0 -0.2908599 0.9567657 1.647782E-06 -0.7631425 -0.6462302 0.3224748 -0.4441527 -0.8359057 -0.322475 -0.4441528 -0.8359056 -1.759345E-06 -0.7631426 -0.6462301 -1.757475E-05 0.00299282 0.9999955 0.1359425 -0.1583417 0.9779814 0 -0.2875475 0.9577664 0.3257145 -0.02294408 0.9451897 0.6990519 -0.03476921 0.7142251 -0.696369 -0.02795742 0.7171392 -0.3224664 -0.02019349 0.9463655 0.062892 -0.3267273 0.9430238 0 -0.2908599 0.9567657 1.647782E-06 -0.7631425 -0.6462302 0.3224748 -0.4441527 -0.8359057 -0.322475 -0.4441528 -0.8359056 -1.759345E-06 -0.7631426 -0.6462301 -0.325926 0.3480385 -0.8790002 -0.3380959 0.3843196 -0.8590632 -0.9180203 -0.06752084 0.3907424 -0.9154139 -0.06853297 0.3966368 -0.9154139 0.06853274 -0.3966368 -0.9180203 0.06752075 -0.3907424 -0.3259005 0.3480447 -0.8790073 -0.3380959 0.3843196 -0.8590632 -0.9180203 -0.06752084 0.3907424 -0.9154139 -0.06853297 0.3966368 -0.9154139 0.06853274 -0.3966368 -0.9180203 0.06752075 -0.3907424 0 0 1 -0.001321213 0.001656579 0.9999977 0 0 1 0 0 1 -0.001321213 0.001656579 0.9999977 0 0 1 -1 0 0 -1 0 0 -1 0 0 -1 0 0 -1 2.446762E-08 -4.757508E-09 -1 -8.861771E-09 1.723092E-09 -1 9.081771E-09 -1.635997E-09 -1 2.704332E-11 -4.871603E-12 1 -1.020481E-08 1.892911E-09 1 -3.080971E-11 5.714958E-12 1 -2.239889E-08 3.505967E-09 1 -6.528826E-11 1.021919E-11 1 -1.956451E-08 3.885021E-09 1 -5.931248E-11 1.177797E-11 -1 -2.471278E-08 6.43773E-09 -1 -7.863928E-11 2.04857E-11 -1 -3.297532E-08 6.474659E-09 -1 -1.27085E-08 2.495298E-09 -1 0 0 -1 0 0 -1 0 0 -1 0 0 0.1399557 -0.1631064 0.9766313 -0.1399557 -0.1631064 0.9766313 -0.06441756 -0.3251413 0.9434689 0.1399557 -0.1631064 0.9766313 -0.1399557 -0.1631064 0.9766313 -0.06441756 -0.3251413 0.9434689 0 0 1 0 0 1 -0.1374576 -0.1601405 0.9774766 0 0 1 0 0 1 -0.1374576 -0.1601405 0.9774766  
			<BiTangents>: 206 0 -0.005798596 -0.9999832 -1.798254E-08 0 -1 0 -0.005798596 -0.9999832 0 0 -1 0 0.9598104 0.2806492 0 0.9598104 0.2806492 6.373482E-08 0.9640134 0.2658537 0 0.9640134 0.2658537 1.510479E-08 0.9593704 0.2821498 0 0.9593704 0.2821498 9.940575E-09 0.9622587 0.2721364 0 0.9622587 0.2721364 0 0.002319471 -0.9999973 0 0.002319471 -0.9999973 2.77766E-08 0.9660203 0.2584661 0 0.9660203 0.2584661 -2.505011E-08 0.9832563 0.1822281 0 0.9832563 0.1822281 1 0 0 1 0 0 1 0 0 1 0 0 0.6797757 -0.7048278 -0.2027875 0.6797757 0.7048278 0.2027875 0.7362962 -0.6229583 -0.2641796 0.7362962 0.6229583 0.2641796 -3.878925E-08 0.9650745 0.2619758 0 0.9650745 0.2619758 0 1 4.524641E-05 0 1 4.572821E-05 0 1 -3.942857E-08 0 1 -3.950689E-08 -2.602566E-08 0 -1 0 0 -1 1 0 0 1 0 0 1 0 0 1 0 0 0.6797757 -0.7048278 -0.2027875 0.6797757 0.7048278 0.2027875 0.7362962 -0.6229583 -0.2641796 0.7362962 0.6229583 0.2641796 0.1721057 0.9549419 0.2417969 -0.05910319 0.9982496 0.002154898 -0.06268582 0.998033 0.0008276475 0.2096943 0.9439217 0.2550294 0.05883504 0.9982635 0.00292992 -0.1713422 0.955156 0.2414932 0.1134327 0.9861879 0.1206917 0.06266058 0.9980345 0.000896989 0 1 4.524641E-05 0 1 4.572821E-05 0 1 -3.942857E-08 0 1 -3.950689E-08 0.1721057 0.9549419 0.2417969 -0.05910325 0.9982495 0.002154898 -0.06268582 0.998033 0.0008276475 0.2096943 0.9439217 0.2550294 0.05883504 0.9982635 0.00292992 -0.1713422 0.955156 0.2414932 0.1134327 0.9861879 0.1206917 0.06266058 0.9980345 0.000896989 1 0 0 0 1 -7.618026E-08 0 1 -7.618026E-08 0 1 -3.279882E-08 0.7077795 0.7064303 -0.002126668 0 0.9999965 -0.00265981 0.7077795 -0.7064303 0.002126668 1 0 0 0 1 -7.778949E-08 0.7077795 0.7064303 -0.002126668 0 1 -3.257379E-08 0 1 -3.257379E-08 0 0 -1 0 0.9999965 -0.00265981 0 1 -7.778949E-08 0 0 -1 0 1 -3.279882E-08 0.7077795 -0.7064303 0.002126668 -1.031747E-08 0.9830177 -0.1835109 -1.745804E-08 0.4457969 -0.8951342 -1.650175E-09 0.4457969 -0.8951342 0 0.9830177 -0.1835109 0 0.9836996 -0.17982 0 0.4434496 -0.8962992 0 0.4434496 -0.8962992 0 0.9836996 -0.17982 5.58493E-08 0.981616 -0.1908664 -1.439651E-08 0.4406951 -0.8976569 2.635861E-09 0.4406951 -0.8976569 1.215516E-09 0.981616 -0.1908664 1.377254E-08 0.9841591 -0.1772872 0 0.4475066 -0.8942807 8.17109E-10 0.4475066 -0.8942807 2.666074E-10 0.9841591 -0.1772872 1.037888E-08 0.9832279 -0.182381 0 0.4521995 -0.8919168 4.376458E-10 0.4521995 -0.8919168 2.216863E-10 0.9832279 -0.182381 1.717253E-08 0.9879707 -0.1546413 0 0.4540003 -0.8910015 5.336169E-10 0.4540003 -0.8910015 3.43255E-10 0.9879707 -0.1546413 2.672216E-08 0.9808486 -0.1947719 0 0.4437799 -0.8961358 1.251958E-09 0.4437799 -0.8961358 6.24873E-10 0.9808486 -0.1947719 -2.553753E-08 0.9677041 -0.2520889 0 0.4257104 -0.9048595 -8.925324E-10 0.4257104 -0.9048595 -8.836497E-10 0.9677041 -0.2520889 -3.805601E-08 0.9812636 -0.1926697 -2.673326E-08 0.4430093 -0.896517 -4.747654E-09 0.4430093 -0.896517 -8.876939E-10 0.9812636 -0.1926697 -1.58508E-08 -0.004760979 -0.9999887 0 -0.004760979 -0.9999887 0 -0.0002746666 -1 0 -0.0002746666 -1 0 0.01016276 -0.9999484 0 0.01016276 -0.9999484 0 -0.0008850635 -0.9999996 0 -0.0008850635 -0.9999996 0 0.001648048 -0.9999987 0 0.001648048 -0.9999987 0 0.9502223 0.3115728 1.395869E-08 0.9502223 0.3115728 -0.7077795 0.7064303 -0.002126668 -0.6300414 0.7479967 0.2086834 0 0.9577664 0.2875475 -0.7348651 0.6228631 0.2683559 -0.3377334 0.8643373 0.3726354 0.3432313 0.8645844 0.3669959 0.7362962 0.6229583 0.2641796 0.6795477 0.7060414 0.1993002 0 0.9567657 0.2908599 -0.7763618 0.4073099 -0.4810001 -0.7362925 0.4372793 -0.5163915 -0.7362924 -0.4372792 0.5163916 -0.7763618 -0.4073098 0.4810002 -0.7077795 0.7064303 -0.002126668 -0.6300414 0.7479967 0.2086834 0 0.9577664 0.2875475 -0.7348651 0.6228631 0.2683559 -0.3377334 0.8643373 0.3726354 0.3432313 0.8645844 0.3669959 0.7362962 0.6229583 0.2641796 0.6795477 0.7060414 0.1993002 0 0.9567657 0.2908599 -0.7763618 0.4073099 -0.4810001 -0.7362925 0.4372793 -0.5163915 -0.7362924 -0.4372792 0.5163916 -0.7763618 -0.4073098 0.4810002 0.06421973 0.9357731 0.3467055 0.08081067 0.9213016 0.3803591 -8.380932E-08 0.9853961 0.1702777 -1.469205E-07 0.9853988 0.170262 -6.606864E-08 0.9853988 0.1702619 2.930554E-09 0.9853961 0.1702776 0.06421137 0.9357707 0.3467132 0.08081067 0.9213016 0.3803591 -8.380932E-08 0.9853961 0.1702777 -1.469205E-07 0.9853988 0.170262 -6.606864E-08 0.9853988 0.1702619 2.930554E-09 0.9853961 0.1702776 1 0 0 0.7077782 0.7064347 -0.00023514 0 1 0 1 0 0 0.7077782 0.7064347 -0.00023514 0 1 0 0 0 -1 0 0 -1 0 0.9836996 -0.17982 0 0.9836996 -0.17982 2.492585E-08 0.981616 -0.1908664 -9.027737E-09 0.981616 -0.1908664 9.227949E-09 0.9841591 -0.1772872 2.74786E-11 0.9841591 -0.1772872 1.037888E-08 0.9832279 -0.182381 3.133527E-11 0.9832279 -0.182381 2.267161E-08 0.9879707 -0.1546413 6.60832E-11 0.9879707 -0.1546413 1.994651E-08 0.9808486 -0.1947719 6.047058E-11 0.9808486 -0.1947719 -2.553753E-08 0.9677041 -0.2520889 -8.126377E-11 0.9677041 -0.2520889 -3.360496E-08 0.9812636 -0.1926697 -1.295116E-08 0.9812636 -0.1926697 0 0.9830177 -0.1835109 0 0.9617471 0.2739391 0 0.9617471 0.2739391 0 0.9830177 -0.1835109 0.6291621 -0.7469723 -0.214913 0.6291621 0.7469723 0.214913 -0.6794047 0.7067732 0.1971825 0.6291621 -0.7469723 -0.214913 0.6291621 0.7469723 0.214913 -0.6794047 0.7067732 0.1971825 1 0 0 1 0 0 0.6297126 0.7476137 0.2110352 1 0 0 1 0 0 0.6297126 0.7476137 0.2110352  
			<SubMeshes>: 1
				<SubMesh>: 0 360 82 81 1 82 1 3 87 5 4 87 4 84 86 85 0 86 0 2 91 7 6 91 6 88 90 89 116 90 116 117 95 9 8 95 8 92 94 93 118 94 118 119 99 11 10 99 10 96 98 97 120 98 120 121 102 101 122 102 122 123 107 15 14 107 14 104 106 105 12 106 12 13 111 17 16 111 16 108 110 109 124 110 124 125 115 27 26 115 26 112 103 126 127 103 127 100 18 20 21 18 21 19 24 22 23 24 23 25 194 68 71 194 71 195 67 128 129 67 129 130 130 196 131 130 131 132 133 134 135 133 135 136 137 138 139 137 139 140 114 113 32 114 32 33 29 46 49 29 49 31 28 30 44 28 44 43 34 36 37 34 37 35 40 38 39 40 39 41 197 79 66 197 66 198 75 141 142 75 142 143 143 199 144 143 144 145 146 147 148 146 148 149 150 151 152 150 152 153 46 47 48 46 48 49 42 154 155 42 155 45 156 157 158 156 158 159 73 76 30 73 30 28 51 58 61 51 61 53 50 52 56 50 56 55 58 59 60 58 60 61 54 160 161 54 161 57 162 163 164 162 164 165 72 70 52 72 52 50 65 51 53 65 53 64 78 29 31 78 31 63 166 200 201 166 201 62 149 202 167 149 167 168 169 203 204 169 204 69 136 205 170 136 170 171 172 173 74 172 74 77 82 83 80 82 80 81 86 174 175 86 175 85 90 176 177 90 177 89 94 178 179 94 179 93 98 180 181 98 181 97 102 182 183 102 183 101 106 184 185 106 185 105 110 186 187 110 187 109 114 188 189 114 189 113 190 191 192 190 192 193  
		</Mesh>
		<Materials>: 1
			<Material>: 0
				<AlbedoColor>: 1 1 1 1
				<EmissiveColor>: 0 0 0 0
				<Glossiness>: 0.3
				<Metallic>: 0
				<SpecularHighlight>: 1
				<GlossyReflection>: 1
				<AlbedoMap>: BLD_Church1_A
				<MetallicMap>: BLD_Church1_MS
				<NormalMap>: BLD_Church1_N
				<EmissionMap>: null
				<DetailAlbedoMap>: DET_Concrete1_A
				<DetailNormalMap>: DET_Concrete1_N
		</Materials>
		<Children>: 6
			<Frame>: 1 0 Church1_Base_Stairs_A_bb
				<Transform>: 0.003417969 0.199 1.284 23.30248 -6.066267E-07 -2.941895E-06 1 1 1 0.2019539 -2.938042E-16 -2.407478E-08 0.9793951  
				<TransformMatrix>: 1 -4.715744E-08 -9.723991E-09 0 4.715744E-08 0.9184293 0.3955853 0 -9.723992E-09 -0.3955853 0.9184293 0 0.003417969 0.199 1.284 1  
				<BoxCollider>: 1 -0.01092529 0.2377579 0.2191703 3.274536 0.467492 2.047326  
				<Children>: 0
			</Frame>
			<Frame>: 2 0 Church1_Base_Stairs_A_bb1
				<Transform>: 0.003417969 0.346 1.284 23.30248 -6.066267E-07 -2.941895E-06 1 1 1 0.2019539 -2.938042E-16 -2.407478E-08 0.9793951  
				<TransformMatrix>: 1 -4.715744E-08 -9.723991E-09 0 4.715744E-08 0.9184293 0.3955853 0 -9.723992E-09 -0.3955853 0.9184293 0 0.003417969 0.346 1.284 1  
				<BoxCollider>: 1 1.483851 0.2008852 0.2099607 0.4022827 0.4670138 1.944899  
				<Children>: 0
			</Frame>
			<Frame>: 3 0 Church1_Base_Stairs_A_bb2
				<Transform>: -2.965 0.346 1.284 23.30248 -6.066267E-07 -2.941895E-06 1 1 1 0.2019539 -2.938042E-16 -2.407478E-08 0.9793951  
				<TransformMatrix>: 1 -4.715744E-08 -9.723991E-09 0 4.715744E-08 0.9184293 0.3955853 0 -9.723992E-09 -0.3955853 0.9184293 0 -2.965 0.346 1.284 1  
				<BoxCollider>: 1 1.483851 0.2008852 0.2099607 0.4022827 0.4670138 1.944899  
				<Children>: 0
			</Frame>
			<Frame>: 4 0 Church1_Base_Stairs_A_bb3
				<Transform>: -1.2 0.5224648 1.270813 -2.504478E-06 0 0 1 1 1 -2.185569E-08 0 0 1  
				<TransformMatrix>: 1 0 0 0 0 1 -4.371139E-08 0 0 4.371139E-08 1 0 -1.2 0.5224648 1.270813 1  
				<BoxCollider>: 1 -0.2900085 0.01082134 -0.8786926 0.4199829 1.021643 0.8009033  
				<Children>: 0
			</Frame>
			<Frame>: 5 0 Church1_Base_Stairs_A_bb4
				<Transform>: 1.8 0.5224648 1.270813 -2.504478E-06 0 0 1 1 1 -2.185569E-08 0 0 1  
				<TransformMatrix>: 1 0 0 0 0 1 -4.371139E-08 0 0 4.371139E-08 1 0 1.8 0.5224648 1.270813 1  
				<BoxCollider>: 1 -0.2900085 0.01082134 -0.8786926 0.4199829 1.021643 0.8009033  
				<Children>: 0
			</Frame>
			<Frame>: 6 0 Church1_Base_Stairs_A_bb5
				<Transform>: 0.628 0.5224648 1.270813 -2.504478E-06 0 0 1 1 1 -2.185569E-08 0 0 1  
				<TransformMatrix>: 1 0 0 0 0 1 -4.371139E-08 0 0 4.371139E-08 1 0 0.628 0.5224648 1.270813 1  
				<BoxCollider>: 1 -0.6230774 -0.03525257 -0.910614 2.556824 0.9294949 0.7370605  
				<Children>: 0
			</Frame>
	</Frame>
</Hierarchy>
