<Hierarchy>:
	<Frame>: 0 4 Church1_Door_C
		<Transform>: 0 0 0 0 0 0 1 1 1 0 0 0 1  
		<TransformMatrix>: 1 0 0 0 0 1 0 0 0 0 1 0 0 0 0 1  
		<BoxCollider>: 1 -0.8886498 1.752841 0.001583008 1.826873 3.505682 0.1043243  
		<Mesh>: 212 Church1_Door_C
			<Bounds>: -0.8886498 1.752841 -0.0009960234 0.9134365 1.752841 0.09103438
			<Positions>: 212 -1.798941 1.381409 0.04655434 -1.542803 1.335889 0.04655434 -1.798941 1.335889 0.04655434 -1.54036 1.381409 0.04655434 -1.542803 1.346265 0.09003836 -1.54036 1.370555 0.09003836 -1.798941 1.346265 0.09003836 -1.798941 1.370555 0.09003836 -1.542803 1.336288 0.07933861 -1.54036 1.381409 0.07933861 -1.798941 1.336367 0.07933861 -1.798941 1.381409 0.07933861 -1.798941 1.336631 0.04655434 -1.600222 1.291111 0.04655434 -1.798941 1.291111 0.04655434 -1.597779 1.336631 0.04655434 -1.600222 1.301487 0.09003836 -1.597779 1.325777 0.09003836 -1.798941 1.301487 0.09003836 -1.798941 1.325777 0.09003836 -1.600222 1.29151 0.07933861 -1.597779 1.336631 0.07933861 -1.798941 1.291588 0.07933861 -1.798941 1.336631 0.07933861 -1.800108 1.381409 -0.04570898 -1.54397 1.335889 -0.04570898 -1.800108 1.335889 -0.04570898 -1.541526 1.381409 -0.04570898 -1.54397 1.346265 -0.09203039 -1.541526 1.370555 -0.09203039 -1.800108 1.346265 -0.09203039 -1.800108 1.370555 -0.09203039 -1.54397 1.336288 -0.08063248 -1.541526 1.381409 -0.08063248 -1.800108 1.336367 -0.08063248 -1.800108 1.381409 -0.08063248 -1.800108 1.336631 -0.04570898 -1.601389 1.291111 -0.04570898 -1.800108 1.291111 -0.04570898 -1.598945 1.336631 -0.04570898 -1.601389 1.301487 -0.09203041 -1.598945 1.325777 -0.09203041 -1.800108 1.301487 -0.09203041 -1.800108 1.325777 -0.09203041 -1.601389 1.29151 -0.08063249 -1.598945 1.336631 -0.08063249 -1.800108 1.291588 -0.08063249 -1.800108 1.336631 -0.08063249 0.000324117 0.1840877 -0.02870342 0.000324117 0.6515818 -0.02870344 -0.02413844 0.1840877 -0.01457995 -0.02413844 0.6515818 -0.01457997 -0.02413844 0.1840877 0.01366697 -0.02413844 0.6515818 0.01366695 0.0003241189 0.1840877 0.02779043 0.0003241189 0.6515818 0.02779041 0.02478668 0.1840877 0.01366697 0.02478668 0.6515818 0.01366695 0.02478668 0.1840877 -0.01457995 0.02478668 0.6515818 -0.01457997 0.000324117 2.626194 -0.02870352 0.000324117 3.093688 -0.02870354 -0.02413844 2.626194 -0.01458006 -0.02413844 3.093688 -0.01458008 -0.02413844 2.626194 0.01366687 -0.02413844 3.093688 0.01366685 0.0003241189 2.626194 0.02779033 0.0003241189 3.093688 0.02779031 0.02478668 2.626194 0.01366687 0.02478668 3.093688 0.01366685 0.02478668 2.626194 -0.01458006 0.02478668 3.093688 -0.01458008 -0.0238582 1.149785E-07 0.04845563 -0.0238582 3.505682 0.04845547 -0.0238582 1.106073E-07 -0.05154434 -0.0238582 3.505682 -0.05154449 -1.802086 1.149785E-07 0.04845563 -1.802086 3.505682 0.04845547 -1.802086 1.106073E-07 -0.05154434 -1.802086 3.505682 -0.05154449 -1.54036 1.370555 0.09003836 -1.542803 1.346265 0.09003836 -1.542803 1.336288 0.07933861 -1.542803 1.346265 0.09003836 -1.798941 1.346265 0.09003836 -1.54036 1.381409 0.07933861 -1.798941 1.381409 0.07933861 -1.54036 1.381409 0.07933861 -1.798941 1.381409 0.07933861 -1.798941 1.336367 0.07933861 -1.798941 1.346265 0.09003836 -1.798941 1.370555 0.09003836 -1.542803 1.335889 0.04655434 -1.54036 1.381409 0.04655434 -1.798941 1.381409 0.04655434 -1.798941 1.335889 0.04655434 -1.597779 1.325777 0.09003836 -1.600222 1.301487 0.09003836 -1.600222 1.29151 0.07933861 -1.600222 1.301487 0.09003836 -1.798941 1.301487 0.09003836 -1.597779 1.336631 0.07933861 -1.798941 1.336631 0.07933861 -1.597779 1.336631 0.07933861 -1.798941 1.336631 0.07933861 -1.798941 1.291588 0.07933861 -1.798941 1.301487 0.09003836 -1.798941 1.325777 0.09003836 -1.600222 1.291111 0.04655434 -1.597779 1.336631 0.04655434 -1.798941 1.336631 0.04655434 -1.798941 1.291111 0.04655434 -1.541526 1.370555 -0.09203039 -1.54397 1.346265 -0.09203039 -1.54397 1.336288 -0.08063248 -1.800108 1.346265 -0.09203039 -1.54397 1.346265 -0.09203039 -1.541526 1.381409 -0.08063248 -1.541526 1.370555 -0.09203039 -1.800108 1.370555 -0.09203039 -1.800108 1.381409 -0.08063248 -1.800108 1.370555 -0.09203039 -1.800108 1.346265 -0.09203039 -1.800108 1.336367 -0.08063248 -1.541526 1.381409 -0.04570898 -1.54397 1.335889 -0.04570898 -1.800108 1.381409 -0.04570898 -1.800108 1.335889 -0.04570898 -1.598945 1.325777 -0.09203041 -1.601389 1.301487 -0.09203041 -1.601389 1.29151 -0.08063249 -1.800108 1.301487 -0.09203041 -1.601389 1.301487 -0.09203041 -1.598945 1.336631 -0.08063249 -1.598945 1.325777 -0.09203041 -1.800108 1.325777 -0.09203041 -1.800108 1.336631 -0.08063249 -1.800108 1.325777 -0.09203041 -1.800108 1.301487 -0.09203041 -1.800108 1.291588 -0.08063249 -1.598945 1.336631 -0.04570898 -1.601389 1.291111 -0.04570898 -1.800108 1.336631 -0.04570898 -1.800108 1.291111 -0.04570898 0.0003241189 0.1840877 0.02779043 0.0003241189 0.6515818 0.02779041 0.000324117 0.6515818 -0.02870344 -0.02413844 0.6515818 -0.01457997 0.02478668 0.6515818 0.01366695 -0.02413844 0.6515818 0.01366695 0.0003241189 0.6515818 0.02779041 0.000324117 0.1840877 -0.02870342 0.000324117 0.6515818 -0.02870344 0.02478668 0.6515818 -0.01457997 0.02478668 0.1840877 0.01366697 0.02478668 0.1840877 -0.01457995 0.02478668 0.6515818 -0.01457997 0.02478668 0.6515818 0.01366695 -0.02413844 0.1840877 -0.01457995 0.000324117 0.1840877 -0.02870342 0.02478668 0.1840877 -0.01457995 -0.02413844 0.1840877 0.01366697 0.02478668 0.1840877 0.01366697 0.0003241189 0.1840877 0.02779043 0.0003241189 2.626194 0.02779033 0.0003241189 3.093688 0.02779031 0.000324117 3.093688 -0.02870354 -0.02413844 3.093688 -0.01458008 0.02478668 3.093688 0.01366685 -0.02413844 3.093688 0.01366685 0.0003241189 3.093688 0.02779031 0.000324117 2.626194 -0.02870352 0.000324117 3.093688 -0.02870354 0.02478668 3.093688 -0.01458008 0.02478668 2.626194 0.01366687 0.02478668 2.626194 -0.01458006 0.02478668 3.093688 -0.01458008 0.02478668 3.093688 0.01366685 -0.02413844 2.626194 -0.01458006 0.000324117 2.626194 -0.02870352 0.02478668 2.626194 -0.01458006 -0.02413844 2.626194 0.01366687 0.02478668 2.626194 0.01366687 0.0003241189 2.626194 0.02779033 -0.0238582 3.505682 -0.05154449 -0.0238582 1.106073E-07 -0.05154434 -1.802086 3.505682 -0.05154449 -1.802086 1.106073E-07 -0.05154434 -1.802086 3.505682 0.04845547 -1.802086 1.149785E-07 0.04845563 -0.0238582 1.149785E-07 0.04845563 -0.0238582 3.505682 0.04845547 -0.0238582 1.149785E-07 0.04845563 -1.802086 1.149785E-07 0.04845563 -1.802086 1.106073E-07 -0.05154434 -0.0238582 1.106073E-07 -0.05154434 -1.802086 3.505682 0.04845547 -0.0238582 3.505682 0.04845547 -0.0238582 3.505682 -0.05154449 -1.802086 3.505682 -0.05154449 -1.542803 1.336288 0.07933861 -1.798941 1.336367 0.07933861 -1.600222 1.29151 0.07933861 -1.798941 1.291588 0.07933861 -1.54397 1.336288 -0.08063248 -1.800108 1.336367 -0.08063248 -1.800108 1.381409 -0.08063248 -1.541526 1.381409 -0.08063248 -1.601389 1.29151 -0.08063249 -1.800108 1.291588 -0.08063249 -1.800108 1.336631 -0.08063249 -1.598945 1.336631 -0.08063249  
			<Colors>: 0  
			<TextureCoords0>: 212 0.6030273 0.6196289 0.5664063 0.6196289 0.6030273 0.6196289 0.5664063 0.6196289 0.5664063 0.6220703 0.5664063 0.6171875 0.6030273 0.6220703 0.6030273 0.6171875 0.644043 0.6171875 0.6352539 0.6171875 0.6030273 0.6240234 0.6030273 0.6157227 0.6030273 0.6196289 0.5664063 0.6196289 0.6030273 0.6196289 0.5664063 0.6196289 0.5664063 0.6220703 0.5664063 0.6171875 0.6030273 0.6220703 0.6030273 0.6171875 0.644043 0.6171875 0.6352539 0.6171875 0.6030273 0.6240234 0.6030273 0.6157227 0.6030273 0.6196289 0.5664063 0.6196289 0.6030273 0.6196289 0.5664063 0.6196289 0.5664063 0.6220703 0.5664063 0.6171875 0.6030273 0.6220703 0.6030273 0.6171875 0.644043 0.6171875 0.6352539 0.6171875 0.6030273 0.6240234 0.6030273 0.6157227 0.6030273 0.6196289 0.5664063 0.6196289 0.6030273 0.6196289 0.5664063 0.6196289 0.5664063 0.6220703 0.5664063 0.6171875 0.6030273 0.6220703 0.6030273 0.6171875 0.644043 0.6171875 0.6352539 0.6171875 0.6030273 0.6240234 0.6030273 0.6157227 0.2135454 0.07379717 0.2135454 0.03713471 0.2113302 0.07379717 0.2113302 0.03713471 0.2224063 0.07379717 0.2224063 0.03713471 0.2201911 0.07379717 0.2201911 0.03713471 0.2179759 0.07379717 0.2179759 0.03713471 0.2157606 0.07379717 0.2262489 0.07047433 0.2135454 0.07379717 0.2135454 0.03713471 0.2113302 0.07379717 0.2113302 0.03713471 0.2224063 0.07379717 0.2224063 0.03713471 0.2201911 0.07379717 0.2201911 0.03713471 0.2179759 0.07379717 0.2179759 0.03713471 0.2157606 0.07379717 0.2262489 0.07047433 0.9863281 0.9804688 0.9863281 0.5898438 0.9970703 0.9804688 0.9970703 0.5898438 0.9863281 0.9804688 0.9863281 0.5898438 0.9848633 0.9814453 0.9848633 0.5898438 0.6376953 0.6157227 0.6416016 0.6157227 0.5664063 0.6240234 0.5664063 0.6220703 0.6030273 0.6220703 0.5664063 0.6157227 0.6030273 0.6157227 0.5664063 0.6157227 0.644043 0.6176758 0.6352539 0.6176758 0.6376953 0.6157227 0.6416016 0.6157227 0.644043 0.6230469 0.6352539 0.6230469 0.644043 0.6240234 0.6352539 0.6240234 0.6376953 0.6157227 0.6416016 0.6157227 0.5664063 0.6240234 0.5664063 0.6220703 0.6030273 0.6220703 0.5664063 0.6157227 0.6030273 0.6157227 0.5664063 0.6157227 0.644043 0.6176758 0.6352539 0.6176758 0.6376953 0.6157227 0.6416016 0.6157227 0.644043 0.6230469 0.6352539 0.6230469 0.644043 0.6240234 0.6352539 0.6240234 0.6376953 0.6157227 0.6416016 0.6157227 0.5664063 0.6240234 0.6030273 0.6220703 0.5664063 0.6220703 0.5664063 0.6157227 0.5664063 0.6171875 0.6030273 0.6171875 0.644043 0.6176758 0.6416016 0.6157227 0.6376953 0.6157227 0.6352539 0.6176758 0.6352539 0.6230469 0.644043 0.6230469 0.644043 0.6240234 0.6352539 0.6240234 0.6376953 0.6157227 0.6416016 0.6157227 0.5664063 0.6240234 0.6030273 0.6220703 0.5664063 0.6220703 0.5664063 0.6157227 0.5664063 0.6171875 0.6030273 0.6171875 0.644043 0.6176758 0.6416016 0.6157227 0.6376953 0.6157227 0.6352539 0.6176758 0.6352539 0.6230469 0.644043 0.6230469 0.644043 0.6240234 0.6352539 0.6240234 0.2201911 0.07379717 0.2201911 0.03713471 0.2262489 0.07268953 0.2243305 0.07379717 0.2243305 0.06936675 0.222412 0.07268953 0.222412 0.07047433 0.2135454 0.07379717 0.2135454 0.03713471 0.2157607 0.03713471 0.2179759 0.07379717 0.2157606 0.07379717 0.2157607 0.03713471 0.2179759 0.03713471 0.2262489 0.06603819 0.2262489 0.0682534 0.2243305 0.06936103 0.2243305 0.06493056 0.222412 0.0682534 0.222412 0.06603819 0.2201911 0.07379717 0.2201911 0.03713471 0.2262489 0.07268953 0.2243305 0.07379717 0.2243305 0.06936675 0.222412 0.07268953 0.222412 0.07047433 0.2135454 0.07379717 0.2135454 0.03713471 0.2157607 0.03713471 0.2179759 0.07379717 0.2157606 0.07379717 0.2157607 0.03713471 0.2179759 0.03713471 0.2262489 0.06603819 0.2262489 0.0682534 0.2243305 0.06936103 0.2243305 0.06493056 0.222412 0.0682534 0.222412 0.06603819 0.7885742 0.5898438 0.7885742 0.9814453 0.9970703 0.5898438 0.9970703 0.9804688 0.9848633 0.5898438 0.9848633 0.9814453 0.7885742 0.9814453 0.7885742 0.5898438 0.7890625 0.5898438 0.9970703 0.5898438 0.9970703 0.5800781 0.7890625 0.5800781 0.9970703 0.5898438 0.7890625 0.5898438 0.7890625 0.5800781 0.9970703 0.5800781 0.5664063 0.6240234 0.6030273 0.6240234 0.5664063 0.6240234 0.6030273 0.6240234 0.5664063 0.6240234 0.6030273 0.6240234 0.6030273 0.6157227 0.5664063 0.6157227 0.5664063 0.6240234 0.6030273 0.6240234 0.6030273 0.6157227 0.5664063 0.6157227  
			<TextureCoords1>: 212 0.9315884 0.8577646 0.9977545 0.8359456 0.9348966 0.8359328 0.8681307 0.8577646 0.9309887 0.8713721 0.9315884 0.8654111 0.8681308 0.8713721 0.8681308 0.8654111 0.9215337 0.7798238 0.9326229 0.7798162 0.9348983 0.8278865 0.9315884 0.8497191 0.9848612 0.8713721 0.9168977 0.8034118 0.8681307 0.803399 0.9354946 0.8713721 0.9842616 0.8877113 0.9848613 0.8817503 0.9354947 0.8877113 0.9354947 0.8817503 0.9820176 0.7953663 0.9931068 0.7953587 0.8681328 0.7953526 0.9848612 0.8633266 0.9315884 0.8752784 0.9309887 0.8236573 0.8681307 0.8236697 0.8681307 0.8752784 0.8687304 0.8458129 0.8681307 0.8398519 0.9315884 0.8458129 0.9315883 0.8398519 0.9446624 0.8033224 0.9446732 0.7922331 0.8681325 0.8322409 0.9315884 0.8838488 0.9174973 0.8073181 0.9701706 0.8074626 0.9214036 0.8074751 0.8681307 0.8073181 0.9360942 0.8577646 0.9354946 0.8518036 0.9848611 0.8577646 0.9848611 0.8518036 0.9293766 0.8033224 0.9293873 0.7922331 0.9214058 0.8160464 0.9174973 0.8158885 0.8681307 0.9024558 0.9828569 0.9024558 0.8681308 0.9093878 0.9828569 0.9093878 0.9828569 0.8985496 0.8681308 0.8985496 0.9828569 0.8916175 0.8681307 0.8916175 0.982857 0.913294 0.8681308 0.913294 0.8681308 0.9241323 0.9071372 0.7758627 0.8681307 0.956647 0.982857 0.956647 0.8681308 0.963579 0.982857 0.963579 0.982857 0.9527408 0.8681308 0.9527408 0.982857 0.9458088 0.8681307 0.9458088 0.982857 0.9674852 0.8681308 0.9674852 0.8681308 0.9783235 0.8715968 0.7758627 0.003906263 0.09096277 0.8642241 0.09096277 0.00390625 0.1155034 0.8642241 0.1155034 0.8642238 0.0625158 0.003906263 0.06251585 0.00390625 0.5557986 0.8642244 0.5557986 0.9299614 0.7771882 0.9239703 0.777187 0.9977562 0.8278996 0.9977562 0.8243093 0.9348983 0.8243093 0.8681307 0.8497191 0.8681307 0.8616709 0.9315884 0.8616709 0.9516119 0.7798238 0.9626656 0.7798238 0.9602364 0.777198 0.9542755 0.777198 0.9214414 0.7878693 0.9326285 0.7878616 0.9516119 0.7878693 0.9627828 0.7878693 0.9904454 0.7927308 0.9844543 0.7927296 0.9168998 0.7953658 0.9168998 0.7917755 0.8681328 0.7917755 0.9354946 0.8633266 0.9354946 0.87801 0.9848612 0.87801 0.9365347 0.7798238 0.9475884 0.7798238 0.9451593 0.777198 0.9391983 0.777198 0.9819254 0.8034118 0.9931123 0.8034042 0.9365347 0.7878693 0.9477056 0.7878693 0.9474714 0.7948955 0.9474706 0.8008866 0.9309904 0.8322283 0.8681325 0.8359456 0.9309904 0.8359456 0.8681308 0.8838488 0.8681308 0.8877113 0.9315884 0.8877113 0.9694486 0.7922409 0.9666515 0.7949045 0.9666515 0.8008655 0.9694486 0.8032947 0.9361027 0.7922248 0.9360918 0.8034118 0.9780191 0.7922409 0.9780191 0.8034118 0.9321856 0.7948955 0.9321848 0.8008866 0.9701728 0.8160337 0.9214058 0.819751 0.9701728 0.819751 0.8681308 0.8158885 0.8681308 0.819751 0.9174973 0.819751 0.9541748 0.7922409 0.9513776 0.7949045 0.9513776 0.8008655 0.9541748 0.8032947 0.9208169 0.7922248 0.9208061 0.8034118 0.9627452 0.7922409 0.9627452 0.8034118 0.9828569 0.920226 0.8681307 0.920226 0.9036712 0.781866 0.9071372 0.7878693 0.9140692 0.7758627 0.9140692 0.7878693 0.9175352 0.781866 0.8681307 0.9310642 0.9828569 0.9310642 0.982857 0.9241323 0.8681308 0.9349705 0.8681307 0.9419025 0.9828569 0.9419025 0.982857 0.9349706 0.8962989 0.7878693 0.899765 0.781866 0.8962989 0.7758627 0.889367 0.7878693 0.889367 0.7758627 0.885901 0.781866 0.982857 0.9744173 0.8681307 0.9744173 0.8681307 0.781866 0.8715968 0.7878693 0.8785287 0.7758627 0.8785287 0.7878693 0.8819947 0.781866 0.8681307 0.9852555 0.982857 0.9852555 0.982857 0.9783235 0.8681308 0.9891618 0.8681307 0.9960938 0.982857 0.9960938 0.982857 0.9891618 0.984477 0.819751 0.987943 0.8137478 0.984477 0.8077444 0.977545 0.819751 0.977545 0.8077444 0.974079 0.8137478 0.8642245 0.1194097 0.003906399 0.1194097 0.00390625 0.08705652 0.8642238 0.08705646 0.00390625 0.9960938 0.8642244 0.9960938 0.8642245 0.5597048 0.003906399 0.5597048 0.4402953 0.03406888 0.003906258 0.03406888 0.00390625 0.05860955 0.4402952 0.05860955 0.4402953 0.00562197 0.003906257 0.00562197 0.00390625 0.03016263 0.4402952 0.03016263 0.9977562 0.8278996 0.9348983 0.8278865 0.9168998 0.7953658 0.8681328 0.7953526 0.9309904 0.8322283 0.8681325 0.8322409 0.9315884 0.8838488 0.8681308 0.8838488 0.9701728 0.8160337 0.9214058 0.8160464 0.9174973 0.8158885 0.8681308 0.8158885  
			<Normals>: 212 0 1 0 -0.0001525929 -0.9999111 0.01333662 -0.0001525929 -0.9999111 0.01333662 0 1 0 -3.051882E-05 -0.3872533 0.9219734 0 0.3918372 0.9200346 -6.103804E-05 -0.3996466 0.9166694 0 0.3793802 0.9252409 0.9982327 -0.0594197 -0.0007629649 0.9982419 -0.05926766 -0.000732453 -0.0001220773 -0.928306 0.3718168 0 0.922508 0.385978 0 1 0 -0.0001831115 -0.9999111 0.01333662 -0.0001831115 -0.9999111 0.01333662 0 1 0 -6.103763E-05 -0.3872533 0.9219734 0 0.3918372 0.9200346 -6.103804E-05 -0.3996466 0.9166694 0 0.3793802 0.9252409 0.9982327 -0.0594197 -0.0007629649 0.9982419 -0.05926766 -0.000732453 -0.0001831159 -0.928306 0.3718168 0 0.922508 0.385978 0 1 0 -0.0001525945 -0.9999213 -0.01254327 -0.0001525945 -0.9999213 -0.01254327 0 1 0 -6.10383E-05 -0.4011742 -0.9160018 0 0.4068859 -0.913479 -6.103843E-05 -0.4140237 -0.9102661 0 0.3939377 -0.9191371 0.9982236 -0.05957358 0.000732462 0.9982328 -0.05941971 0.0007019278 -0.0001220754 -0.9341823 -0.356796 0 0.9284894 -0.3713591 0 1 0 -0.0001831134 -0.9999213 -0.01254327 -0.0001831134 -0.9999213 -0.01254327 0 1 0 -6.10383E-05 -0.4011742 -0.9160018 0 0.4068859 -0.913479 -6.103843E-05 -0.4140237 -0.9102661 0 0.3939377 -0.9191371 0.9982236 -0.05957358 0.000732462 0.9982346 -0.0593893 0.000701929 -0.0001831132 -0.9341823 -0.356796 0 0.9284894 -0.3713591 0 0 -1 0 0 -1 -0.4999893 0 -0.8660316 -0.4999893 0 -0.8660316 -0.4999893 0 0.8660316 -0.4999893 0 0.8660316 0 0 1 0 0 1 0.8660316 0 0.4999893 0.8660316 0 0.4999893 0.8660316 0 -0.4999893 0 1 0 0 0 -1 0 0 -1 -0.4999893 0 -0.8660316 -0.4999893 0 -0.8660316 -0.4999893 0 0.8660316 -0.4999893 0 0.8660316 0 0 1 0 0 1 0.8660316 0 0.4999893 0.8660316 0 0.4999893 0.8660316 0 -0.4999893 0 1 0 1 0 0 1 0 0 1 0 0 1 0 0 -1 0 0 -1 0 0 0 0 -1 0 0 -1 0.9975271 -0.07022518 -0.002868825 0.9975271 -0.07022518 -0.002868825 -0.0001220766 -0.9283313 0.3717537 -3.051882E-05 -0.3872533 0.9219734 -6.103804E-05 -0.3996466 0.9166694 0 0.922508 0.385978 0 0.922508 0.385978 0 0.922508 0.385978 -1 0 0 -1 0 0 -1 0 0 -1 0 0 0.9985498 -0.05383544 0.0003051896 0.9985498 -0.05383544 0.0003051896 -1 0 0 -1 0 0 0.9975271 -0.07022518 -0.002868825 0.9975271 -0.07022518 -0.002868825 -0.0001831149 -0.9283313 0.3717537 -6.103763E-05 -0.3872533 0.9219734 -6.103804E-05 -0.3996466 0.9166694 0 0.922508 0.385978 0 0.922508 0.385978 0 0.922508 0.385978 -1 0 0 -1 0 0 -1 0 0 -1 0 0 0.9985498 -0.05383544 0.0003051896 0.9985498 -0.05383544 0.0003051896 -1 0 0 -1 0 0 0.9975275 -0.07022521 0.00268571 0.9975275 -0.07022521 0.00268571 -0.0001220781 -0.9342026 -0.3567427 -6.103843E-05 -0.4140237 -0.9102661 -6.10383E-05 -0.4011742 -0.9160018 0 0.9284894 -0.3713591 0 0.4068859 -0.913479 0 0.3939377 -0.9191371 -1 0 0 -1 0 0 -1 0 0 -1 0 0 0.9985498 -0.05383544 -0.0003051896 0.9985498 -0.05383544 -0.0003051896 -1 0 0 -1 0 0 0.9975275 -0.07022521 0.00268571 0.9975275 -0.07022521 0.00268571 -0.0001831119 -0.9342066 -0.3567326 -6.103843E-05 -0.4140237 -0.9102661 -6.10383E-05 -0.4011742 -0.9160018 0 0.9284894 -0.3713591 0 0.4068859 -0.913479 0 0.3939377 -0.9191371 -1 0 0 -1 0 0 -1 0 0 -1 0 0 0.9985514 -0.05380502 -0.0003051901 0.9985514 -0.05380502 -0.0003051901 -1 0 0 -1 0 0 0 0 1 0 0 1 0 1 0 0 1 0 0 1 0 0 1 0 0 1 0 0 0 -1 0 0 -1 0.8660316 0 -0.4999893 0.8660316 0 0.4999893 0.8660316 0 -0.4999893 0.8660316 0 -0.4999893 0.8660316 0 0.4999893 0 -1 0 0 -1 0 0 -1 0 0 -1 0 0 -1 0 0 -1 0 0 0 1 0 0 1 0 1 0 0 1 0 0 1 0 0 1 0 0 1 0 0 0 -1 0 0 -1 0.8660316 0 -0.4999893 0.8660316 0 0.4999893 0.8660316 0 -0.4999893 0.8660316 0 -0.4999893 0.8660316 0 0.4999893 0 -1 0 0 -1 0 0 -1 0 0 -1 0 0 -1 0 0 -1 0 0 0 -1 0 0 -1 -1 0 0 -1 0 0 0 0 1 0 0 1 0 0 1 0 0 1 0 -1 0 0 -1 0 0 -1 0 0 -1 0 0 1 0 0 1 0 0 1 0 0 1 0 -0.0001220766 -0.9283313 0.3717537 -0.0001220773 -0.928306 0.3718168 -0.0001831149 -0.9283313 0.3717537 -0.0001831159 -0.928306 0.3718168 -0.0001220781 -0.9342026 -0.3567427 -0.0001220754 -0.9341823 -0.356796 0 0.9284894 -0.3713591 0 0.9284894 -0.3713591 -0.0001831119 -0.9342066 -0.3567326 -0.0001831132 -0.9341823 -0.356796 0 0.9284894 -0.3713591 0 0.9284894 -0.3713591  
			<Tangents>: 212 -1 0 0 -1 0.0001526294 1.71777E-06 -1 0.0001525794 -2.035075E-06 -1 0 0 -1 1.181851E-05 -2.813754E-05 -1 0 0 -1 2.439365E-05 -5.595171E-05 -1 0 0 -0.05941972 -0.9982331 2.896618E-06 -0.05926767 -0.9982421 3.996578E-06 -1 0.0001287286 -6.932908E-06 -1 0 0 -1 0 0 -1 0.0001831582 2.280959E-06 -1 0.0001830953 -2.44209E-06 -1 0 0 -1 2.363702E-05 -5.627507E-05 -1 0 0 -1 2.439365E-05 -5.595171E-05 -1 0 0 -0.05941972 -0.9982331 2.896731E-06 -0.05926767 -0.9982421 3.996627E-06 -1 0.0001907445 -1.626235E-05 -1 0 0 -1 0 0 -1 0.0001526265 -1.595532E-06 -1 0.0001525825 1.914034E-06 -1 0 0 -1 2.448699E-05 5.591119E-05 -1 0 0 -1 2.527135E-05 5.556121E-05 -1 0 0 -0.05957359 -0.9982239 -2.86926E-06 -0.05941972 -0.9982331 -3.930484E-06 -1 0.0001283658 6.049433E-06 -1 0 0 -1 0 0 -1 0.0001831543 -2.112272E-06 -1 0.000183099 2.296841E-06 -1 0 0 -1 2.448699E-05 5.591119E-05 -1 0 0 -1 2.527135E-05 5.556121E-05 -1 0 0 -0.05957359 -0.9982239 -2.873342E-06 -0.05938931 -0.9982349 -3.912835E-06 -1 0.0001904067 1.468233E-05 -1 0 0 1 0 0 1 0 0 0.8660316 0 -0.4999893 0.8660316 0 -0.4999893 -0.8660316 0 -0.4999893 -0.8660316 0 -0.4999893 -1 0 0 -1 0 0 -0.4999893 0 0.8660316 -0.4999893 0 0.8660316 0.4999893 0 0.8660316 0.4999866 0 -0.8660331 1 0 0 1 0 0 0.8660316 0 -0.4999893 0.8660316 0 -0.4999893 -0.8660316 0 -0.4999893 -0.8660316 0 -0.4999893 -1 0 0 -1 0 0 -0.4999893 0 0.8660316 -0.4999893 0 0.8660316 0.4999893 0 0.8660316 0.4999866 0 -0.8660331 0 0 -1 0 0 -1 0 0 -1 0 0 -1 0 0 -1 0 0 -1 -1 0 0 -1 0 0 -0.07022536 -0.9975312 3.829749E-05 -0.07022571 -0.9975311 -8.601203E-05 -1 0.0001431003 2.896524E-05 -1 1.181851E-05 -2.813754E-05 -0.9999999 0.0002723754 5.21626E-05 -1 0 0 -1 0 0 -1 0 0 0 1 0 0 1 0 0 1 0 0 1 0 -0.05383545 -0.9985498 1.500225E-08 -0.05383545 -0.9985498 -7.166049E-08 0 1 0 0 1 0 -0.07022536 -0.9975312 3.829799E-05 -0.07022571 -0.9975311 -8.601063E-05 -1 0.0002086008 2.834082E-05 -1 2.363702E-05 -5.627507E-05 -0.9999999 0.0003410392 8.209843E-05 -1 0 0 -1 0 0 -1 0 0 0 1 0 0 1 0 0 1 0 0 1 0 -0.05383545 -0.9985498 1.497627E-08 -0.05383545 -0.9985498 -7.166049E-08 0 1 0 0 1 0 -0.07022537 -0.9975312 -3.523607E-05 -0.07022568 -0.9975311 8.052199E-05 -1 0.0001414781 -2.828669E-05 -0.9999999 0.0002694751 -5.551193E-05 -1 2.448699E-05 5.591119E-05 -1 0 0 -1 0 0 -1 0 0 0 1 0 0 1 0 0 1 0 0 1 0 -0.05383545 -0.9985498 7.166049E-08 -0.05383545 -0.9985498 -1.222806E-08 0 1 0 0 1 0 -0.07022537 -0.9975312 -3.525149E-05 -0.07022568 -0.9975311 8.049455E-05 -1 0.0002066423 -2.784918E-05 -0.9999999 0.0003369678 -8.621018E-05 -1 2.448699E-05 5.591119E-05 -1 0 0 -1 0 0 -1 0 0 0 1 0 0 1 0 0 1 0 0 1 0 -0.05380502 -0.9985515 6.395418E-08 -0.05380502 -0.9985515 -1.99012E-08 0 1 0 0 1 0 -1 0 0 -1 0 0 0.4999866 0 -0.8660331 0.5000019 0 -0.8660243 0.4999981 0 -0.8660265 0.5000134 0 -0.8660176 0.5000135 0 -0.8660176 1 0 0 1 0 0 0.4999893 0 0.8660316 -0.4999893 0 0.8660316 0.4999893 0 0.8660316 0.4999893 0 0.8660316 -0.4999893 0 0.8660316 -0.500004 0 -0.8660231 -0.4999866 0 -0.8660331 -0.5000039 0 -0.8660231 -0.5000039 0 -0.8660231 -0.5000039 0 -0.8660232 -0.4999866 0 -0.8660331 -1 0 0 -1 0 0 0.4999865 0 -0.8660332 0.5000019 0 -0.8660243 0.4999981 0 -0.8660265 0.5000134 0 -0.8660176 0.5000135 0 -0.8660176 1 0 0 1 0 0 0.4999893 0 0.8660316 -0.4999893 0 0.8660316 0.4999893 0 0.8660316 0.4999893 0 0.8660316 -0.4999893 0 0.8660316 -0.5000039 0 -0.8660231 -0.4999866 0 -0.8660331 -0.5000039 0 -0.8660232 -0.5000039 0 -0.8660231 -0.5000038 0 -0.8660232 -0.4999866 0 -0.8660331 -1 0 0 -1 0 0 0 0 -1 0 0 -1 -1 0 0 -1 0 0 -1 0 0 -1 0 0 -1 0 0 -1 0 0 -1 0 0 -1 0 0 -1 0 0 -1 0 0 -1 0 0 -1 0 0 -1 0.0001431003 2.896524E-05 -1 0.0001287286 -6.932908E-06 -1 0.0002086008 2.834082E-05 -1 0.0001907445 -1.626235E-05 -1 0.0001414781 -2.828669E-05 -1 0.0001283658 6.049433E-06 -1 0 0 -1 0 0 -1 0.0002066423 -2.784918E-05 -1 0.0001904067 1.468233E-05 -1 0 0 -1 0 0  
			<BiTangents>: 212 0 0 1 -3.753178E-06 -0.01333662 -0.9999111 2.66283E-14 -0.01333662 -0.9999111 0 0 1 2.404403E-13 0.9219734 0.3872533 0 0.9200345 -0.3918371 3.630429E-13 0.9166692 0.3996466 0 0.9252409 -0.3793802 0.000761789 -4.244367E-05 0.9999997 0.0007314023 -3.942123E-05 0.9999998 -4.142759E-05 -0.3718169 -0.9283061 0 -0.385978 0.922508 0 0 1 -4.723468E-06 -0.01333662 -0.999911 1.228953E-13 -0.01333662 -0.999911 0 0 1 4.808806E-13 0.9219734 0.3872533 0 0.9200345 -0.3918371 3.630429E-13 0.9166692 0.3996466 0 0.9252409 -0.3793802 0.000761789 -4.244355E-05 0.9999997 0.0007314023 -3.942118E-05 0.9999998 -5.582558E-05 -0.3718168 -0.9283061 0 -0.385978 0.922508 0 0 -1 -3.509842E-06 -0.01254327 0.9999213 -6.564194E-14 -0.01254327 0.9999213 0 0 -1 2.393535E-13 0.9160018 -0.4011742 0 0.913479 0.4068859 -4.096723E-14 0.9102661 -0.4140237 0 0.9191372 0.3939377 0.0007313321 -4.077123E-05 -0.9999997 0.0007009211 -3.778481E-05 -0.9999998 -4.014913E-05 -0.356796 0.9341823 0 -0.3713591 -0.9284893 0 0 -1 -4.40946E-06 -0.01254327 0.9999214 -7.877032E-14 -0.01254327 0.9999214 0 0 -1 2.393535E-13 0.9160018 -0.4011742 0 0.913479 0.4068859 -4.096723E-14 0.9102661 -0.4140237 0 0.9191372 0.3939377 0.0007313323 -4.076716E-05 -0.9999997 0.0007009225 -3.778116E-05 -0.9999998 -5.422037E-05 -0.356796 0.9341823 0 -0.3713591 -0.9284893 0 1 0 0 1 0 0 1 0 0 1 0 0 1 0 0 1 0 0 1 0 0 1 0 0 1 0 0 1 0 0 1 0 0.8660331 0 0.4999866 0 1 0 0 1 0 0 1 0 0 1 0 0 1 0 0 1 0 0 1 0 0 1 0 0 1 0 0 1 0 0 1 0 0.8660331 0 0.4999866 0 1 0 0 1 0 0 1 0 0 1 0 0 1 0 0 1 0 0 1 0 0 1 0 0.002864431 -0.0001632615 0.9999958 0.002855702 -0.0002872646 0.9999959 -8.008743E-05 -0.3717537 -0.9283314 2.404403E-13 0.9219734 0.3872533 0.0002705248 0.9166693 0.3996466 0 -0.385978 0.922508 0 0.385978 -0.922508 0 0.385978 -0.922508 0 0 1 0 0 1 0 0 1 0 0 1 -0.0003047462 1.6445E-05 0.9999999 -0.0003047509 1.635846E-05 0.9999999 0 0 1 0 0 1 0.002864432 -0.0001632609 0.9999958 0.002855702 -0.0002872632 0.9999959 -0.0001038578 -0.3717537 -0.9283314 4.808806E-13 0.9219734 0.3872533 0.0003454305 0.9166692 0.3996466 0 -0.385978 0.922508 0 0.385978 -0.922508 0 0.385978 -0.922508 0 0 1 0 0 1 0 0 1 0 0 1 -0.0003047462 1.644497E-05 0.9999999 -0.0003047509 1.635846E-05 0.9999999 0 0 1 0 0 1 0.002681554 -0.000153456 -0.9999964 0.002673424 -0.0002689287 -0.9999964 -7.689678E-05 -0.3567427 0.9342027 0.0002682773 0.9102661 -0.4140237 2.393535E-13 0.9160018 -0.4011742 0 -0.3713591 -0.9284893 0 0.913479 0.4068859 0 0.9191372 0.3939377 0 0 -1 0 0 -1 0 0 -1 0 0 -1 -0.0003047509 1.635846E-05 -0.9999999 -0.0003047463 1.644223E-05 -0.9999999 0 0 -1 0 0 -1 0.002681555 -0.0001534406 -0.9999964 0.002673426 -0.0002689013 -0.9999964 -9.973293E-05 -0.3567325 0.9342065 0.0003424234 0.910266 -0.4140237 2.393535E-13 0.9160018 -0.4011742 0 -0.3713591 -0.9284893 0 0.913479 0.4068859 0 0.9191372 0.3939377 0 0 -1 0 0 -1 0 0 -1 0 0 -1 -0.0003047515 1.63569E-05 -1 -0.000304747 1.644063E-05 -1 0 0 -1 0 0 -1 0 1 0 0 1 0 0.8660331 0 0.4999866 0.8660243 0 0.5000019 0.8660265 0 0.4999981 0.8660176 0 0.5000134 0.8660176 0 0.5000135 0 1 0 0 1 0 0 1 0 0 1 0 0 1 0 0 1 0 0 1 0 -0.8660231 0 0.500004 -0.8660331 0 0.4999866 -0.8660231 0 0.5000039 -0.8660231 0 0.5000039 -0.8660232 0 0.5000039 -0.8660331 0 0.4999866 0 1 0 0 1 0 0.8660332 0 0.4999865 0.8660243 0 0.5000019 0.8660265 0 0.4999981 0.8660176 0 0.5000134 0.8660176 0 0.5000135 0 1 0 0 1 0 0 1 0 0 1 0 0 1 0 0 1 0 0 1 0 -0.8660231 0 0.5000039 -0.8660331 0 0.4999866 -0.8660232 0 0.5000039 -0.8660231 0 0.5000039 -0.8660232 0 0.5000038 -0.8660331 0 0.4999866 0 1 0 0 1 0 0 1 0 0 1 0 0 1 0 0 1 0 0 1 0 0 1 0 0 0 -1 0 0 -1 0 0 -1 0 0 -1 0 0 -1 0 0 -1 0 0 -1 0 0 -1 8.008743E-05 0.3717537 0.9283314 4.142759E-05 0.3718169 0.9283061 0.0001038578 0.3717537 0.9283314 5.582558E-05 0.3718168 0.9283061 7.689678E-05 0.3567427 -0.9342027 4.014913E-05 0.356796 -0.9341823 0 0.3713591 0.9284893 0 0.3713591 0.9284893 9.973293E-05 0.3567325 -0.9342065 5.422037E-05 0.356796 -0.9341823 0 0.3713591 0.9284893 0 0.3713591 0.9284893  
			<SubMeshes>: 1
				<SubMesh>: 0 360 5 7 6 5 6 4 80 81 8 80 8 9 1 82 10 1 10 2 200 83 84 200 84 201 11 85 3 11 3 0 86 7 5 86 5 87 88 89 90 88 90 91 9 8 92 9 92 93 94 95 89 94 89 88 17 19 18 17 18 16 96 97 20 96 20 21 13 98 22 13 22 14 202 99 100 202 100 203 23 101 15 23 15 12 102 19 17 102 17 103 104 105 106 104 106 107 21 20 108 21 108 109 110 111 105 110 105 104 29 28 30 29 30 31 112 33 32 112 32 113 25 26 34 25 34 114 204 205 115 204 115 116 35 24 27 35 27 117 206 207 118 206 118 119 120 121 122 120 122 123 33 124 125 33 125 32 126 120 123 126 123 127 41 40 42 41 42 43 128 45 44 128 44 129 37 38 46 37 46 130 208 209 131 208 131 132 47 36 39 47 39 133 210 211 134 210 134 135 136 137 138 136 138 139 45 140 141 45 141 44 142 136 139 142 139 143 48 50 51 48 51 49 52 54 55 52 55 53 144 56 57 144 57 145 59 146 147 147 148 59 147 149 148 149 150 148 58 151 152 58 152 153 154 155 156 154 156 157 158 159 160 160 161 158 160 162 161 162 163 161 60 62 63 60 63 61 64 66 67 64 67 65 164 68 69 164 69 165 71 166 167 167 168 71 167 169 168 169 170 168 70 171 172 70 172 173 174 175 176 174 176 177 178 179 180 180 181 178 180 182 181 182 183 181 73 72 74 73 74 75 184 185 78 184 78 79 186 187 76 186 76 77 188 189 190 188 190 191 192 193 194 192 194 195 196 197 198 196 198 199  
		</Mesh>
		<Materials>: 1
			<Material>: 0
				<AlbedoColor>: 1 1 1 1
				<EmissiveColor>: 0 0 0 0
				<Glossiness>: 0.267
				<Metallic>: 0
				<SpecularHighlight>: 1
				<GlossyReflection>: 1
				<AlbedoMap>: BLD_Doors1_A
				<MetallicMap>: BLD_Doors1_MS
				<NormalMap>: BLD_Doors1_N
				<EmissionMap>: null
				<DetailAlbedoMap>: DET_Concrete1_A
				<DetailNormalMap>: null
		</Materials>
		<Children>: 0
	</Frame>
</Hierarchy>
