<Hierarchy>:
	<Frame>: 0 4 Church1_Deco_WindowGlass_B
		<Transform>: 0 0 0 0 0 0 1 1 1 0 0 0 1  
		<TransformMatrix>: 1 0 0 0 0 1 0 0 0 0 1 0 0 0 0 1  
		<BoxCollider>: 1 0 0.08343959 -5.587935E-09 1.807733 3.321934 0.03997114  
		<Mesh>: 74 Church1_Deco_WindowGlass_B
			<Bounds>: 0 0.08343959 -5.587935E-09 0.9038666 1.660967 0.01998557
			<Positions>: 74 0.9038666 -1.577528 0.01998556 0.9038666 -1.577528 -0.01998543 -0.9038666 -1.577528 0.01998556 -0.9038666 -1.577528 -0.01998543 1.117587E-08 1.744407 -0.01998557 1.117587E-08 -1.577528 -0.01998543 1.117587E-08 1.744407 0.01998542 1.117587E-08 -1.577528 0.01998556 -0.9038666 0.8222575 -0.01998553 0.9038666 0.8222559 -0.01998553 -0.9038666 0.8222575 0.01998546 1.117587E-08 0.8222566 0.01998546 0.9038666 0.8222557 0.01998546 1.117587E-08 0.8222566 -0.01998553 0.0761059 1.744407 0.01998542 0.9038666 0.9305264 0.01998545 0.3928762 1.682454 0.01998542 0.6614211 1.506027 0.01998543 0.840857 1.241985 0.01998544 0.9038666 0.9305266 -0.01998554 0.0761059 1.744407 -0.01998557 0.840857 1.241985 -0.01998555 0.6614211 1.506027 -0.01998556 0.3928762 1.682454 -0.01998557 -0.9038666 0.9305264 0.01998545 -0.07610587 1.744407 0.01998542 -0.840857 1.241985 0.01998544 -0.6614211 1.506027 0.01998543 -0.3928762 1.682454 0.01998542 -0.07610587 1.744407 -0.01998557 -0.9038666 0.9305264 -0.01998554 -0.3928762 1.682454 -0.01998557 -0.6614211 1.506027 -0.01998556 -0.840857 1.241985 -0.01998555 1.117587E-08 -1.577528 0.01998556 -0.9038666 -1.577528 0.01998556 -0.9038666 -1.577528 -0.01998543 1.117587E-08 1.744407 -0.01998557 0.0761059 1.744407 -0.01998557 -0.9038666 0.8222575 0.01998546 1.117587E-08 1.744407 0.01998542 0.9038666 -1.577528 0.01998556 -0.9038666 -1.577528 0.01998556 -0.07610587 1.744407 0.01998542 -0.9038666 0.8222575 -0.01998553 -0.07610587 1.744407 -0.01998557 0.9038666 -1.577528 -0.01998543 1.117587E-08 -1.577528 -0.01998543 0.9038666 0.8222557 0.01998546 0.9038666 0.8222559 -0.01998553 0.9038666 0.9305266 -0.01998554 0.9038666 -1.577528 0.01998556 0.9038666 -1.577528 -0.01998543 -0.9038666 -1.577528 -0.01998543 -0.9038666 0.9305264 -0.01998554 -0.9038666 0.9305264 0.01998545 0.3928762 1.682454 -0.01998557 0.6614211 1.506027 -0.01998556 0.6614211 1.506027 0.01998543 0.840857 1.241985 -0.01998555 0.6614211 1.506027 -0.01998556 -0.3928762 1.682454 -0.01998557 -0.3928762 1.682454 0.01998542 -0.6614211 1.506027 -0.01998556 -0.6614211 1.506027 0.01998543 -0.6614211 1.506027 -0.01998556 -0.840857 1.241985 -0.01998555 -0.840857 1.241985 0.01998544 -0.6614211 1.506027 0.01998543 0.0761059 1.744407 0.01998542 0.3928762 1.682454 0.01998542 0.6614211 1.506027 0.01998543 0.840857 1.241985 0.01998544 0.9038666 0.9305264 0.01998545  
			<Colors>: 0  
			<TextureCoords0>: 74 0.01953125 0.9765625 0.01953125 0.9765625 0.96875 0.9765625 0.96875 0.9765625 0.484375 -0.7617188 0.484375 0.9765625 0.484375 -0.7617188 0.484375 0.9765625 0.96875 -0.28125 0.01953125 -0.28125 0.96875 -0.28125 0.484375 -0.28125 0.01953125 -0.28125 0.484375 -0.28125 0.453125 -0.7617188 0.01953125 -0.3398438 0.28125 -0.7265625 0.1445313 -0.6367188 0.0546875 -0.5 0.01953125 -0.3398438 0.453125 -0.7617188 0.0546875 -0.5 0.1445313 -0.6367188 0.28125 -0.7265625 0.96875 -0.3398438 0.53125 -0.7617188 0.9335938 -0.5 0.8398438 -0.6367188 0.6914063 -0.7265625 0.53125 -0.7617188 0.96875 -0.3398438 0.6914063 -0.7265625 0.8398438 -0.6367188 0.9335938 -0.5 0.484375 0.9765625 0.96875 0.9765625 0.96875 0.9765625 0.484375 -0.7617188 0.453125 -0.7617188 0.96875 -0.28125 0.484375 -0.7617188 0.01953125 0.9765625 0.96875 0.9765625 0.53125 -0.7617188 0.96875 -0.28125 0.53125 -0.7617188 0.01953125 0.9765625 0.484375 0.9765625 0.01953125 -0.28125 0.01953125 -0.28125 0.01953125 -0.3398438 0.01953125 0.9765625 0.01953125 0.9765625 0.96875 0.9765625 0.96875 -0.3398438 0.96875 -0.3398438 0.28125 -0.7265625 0.1445313 -0.6367188 0.1445313 -0.6367188 0.0546875 -0.5 0.1445313 -0.6367188 0.6914063 -0.7265625 0.6914063 -0.7265625 0.8398438 -0.6367188 0.8398438 -0.6367188 0.8398438 -0.6367188 0.9335938 -0.5 0.9335938 -0.5 0.8398438 -0.6367188 0.453125 -0.7617188 0.28125 -0.7265625 0.1445313 -0.6367188 0.0546875 -0.5 0.01953125 -0.3398438  
			<TextureCoords1>: 74 0.8543692 0.0665766 0.4667118 0.03439075 0.00390625 0.04853058 0.00390625 0.03829741 0.1882857 0.01001823 0.235309 0.03439075 0.1882857 0.02025139 0.8543691 0.2979792 0.6182853 0.03829706 0.6182854 0.5332882 0.6182853 0.04853016 0.2399899 0.2979791 0.2399903 0.0665763 0.6182855 0.7646908 0.2077699 0.02025139 0.646004 0.05243689 0.2904041 0.02025139 0.3726653 0.02025133 0.7273572 0.05243689 0.6460042 0.5332882 0.2077699 0.01001823 0.725742 0.5494195 0.7933404 0.5953577 0.8385082 0.6641089 0.2122712 0.5293819 0.00390625 0.3174632 0.1325334 0.5132506 0.06493495 0.4673123 0.0197671 0.398561 0.1688015 0.01001823 0.6460041 0.9960936 0.8385084 0.8652729 0.7933404 0.9340242 0.7257419 0.9799623 0.235309 0.02415764 0.003906254 0.02415764 0.00390625 0.03439075 0.8543693 0.7646909 0.8543692 0.7452067 0.2399896 0.5293819 0.003906336 0.2979791 0.4667118 0.02415764 0.854369 0.5293819 0.1688015 0.02025139 0.6182858 0.9960936 0.8543693 0.7841751 0.00390632 0.5332882 0.00390625 0.7646909 0.6182851 0.05243683 0.6182852 0.06266999 0.646004 0.06266999 0.003906255 0.05243689 0.00390625 0.06267005 0.003906254 0.9960938 0.6460037 0.03829706 0.6460037 0.04853016 0.2904041 0.01001823 0.3726652 0.01001823 0.8090877 0.05243683 0.7273573 0.06267005 0.8090878 0.06266999 0.08616731 0.01001823 0.08616731 0.02025133 0.003906251 0.01001823 0.00390625 0.02025139 0.8090873 0.038297 0.7273569 0.03829706 0.7273569 0.04853016 0.8090873 0.04853016 0.003906315 0.2784948 0.0197672 0.1973971 0.0649351 0.1286458 0.1325336 0.08270758 0.2122714 0.0665763  
			<Normals>: 74 0 0 1 0 -1 0 -1 0 0 -1 0 0 0 1 0 0 -1 0 0 1 0 0 0 1 -1 0 0 0 0 -1 -1 0 0 0 0 1 0 0 1 0 0 -1 0.09640905 0.9953418 0 0.9950259 0.09961551 0 0.3775809 0.9259766 0 0.7015613 0.7126091 0 0.9217405 0.3878073 0 0 0 -1 0.09640905 0.9953418 0 0 0 -1 0 0 -1 0 0 -1 0 0 1 0 0 1 0 0 1 0 0 1 0 0 1 -0.09640905 0.9953418 0 0 0 -1 0 0 -1 0 0 -1 0 0 -1 0 -1 0 0 -1 0 0 -1 0 0 0 -1 0 0 -1 0 0 1 0 0 1 0 -1 0 0 0 1 -0.09640905 0.9953418 0 0 0 -1 0 0 -1 0 0 -1 0 0 -1 1 0 0 1 0 0 0.9950259 0.09961551 0 1 0 0 1 0 0 0 0 -1 -0.9950259 0.09961551 0 -0.9950259 0.09961551 0 0.3775809 0.9259766 0 0.7015613 0.7126091 0 0.7015613 0.7126091 0 0.9217405 0.3878073 0 0.7015613 0.7126091 0 -0.3775809 0.9259766 0 -0.3775809 0.9259766 0 -0.7015613 0.7126091 0 -0.7015613 0.7126091 0 -0.7015613 0.7126091 0 -0.9217405 0.3878073 0 -0.9217405 0.3878073 0 -0.7015613 0.7126091 0 0 0 1 0 0 1 0 0 1 0 0 1 0 0 1  
			<Tangents>: 74 -1 2.419547E-07 0 1 0 0 0 1 0 0 1 0 1 0 0 1 0 0 1 0 0 -1 1.080332E-07 0 0 1 0 -1 -4.267499E-05 0 0 1 0 -1 6.906829E-05 0 -1 -4.191208E-05 0 -1 -2.628752E-06 0 0 0 1 0 0 1 0 0 1 0 0 1 0 0 1 -0.9709837 0.2391457 0 0 0 1 -0.999918 0.01280604 0 -0.9998522 0.01719056 0 -0.9998432 -0.01770631 0 -0.9709678 -0.2392103 0 -0.9999121 0.01325476 0 -0.9999992 -0.001237527 0 -0.9999853 -0.005419422 0 -0.9999936 0.00357127 0 0 0 1 -0.9999897 -0.004547284 0 -0.9999936 0.003571269 0 -0.9999853 -0.005419422 0 -0.9999914 -0.004163534 0 1 0 0 1 0 0 1 0 0 -1 6.215041E-07 0 -0.9999279 -0.0120073 0 -1 -6.553011E-05 0 -1 0 0 1 0 0 -1 0 0 0 0 1 -1 9.23217E-07 0 -0.9999121 0.01325476 0 -1 0 0 -1 8.886611E-08 0 0 1 0 0 1 0 0 0 1 0 1 0 0 1 0 -1 2.117104E-07 0 0 0 1 0 0 1 0 0 1 0 0 1 0 0 1 0 0 1 0 0 1 0 0 1 0 0 1 0 0 1 0 0 1 0 0 1 0 0 1 0 0 1 0 0 1 -0.9999928 -0.003785106 0 -0.9998432 -0.01770626 0 -0.9998522 0.01719167 0 -0.999918 0.01280602 0 -0.9709853 0.2391393 0  
			<BiTangents>: 74 2.419547E-07 1 0 0 0 1 0 0 1 0 0 1 0 0 1 0 0 1 0 0 1 1.080332E-07 1 0 0 0 1 -4.267499E-05 1 0 0 0 1 6.906829E-05 1 0 -4.191208E-05 1 0 -2.628752E-06 1 0 0.9953418 -0.09640905 0 -0.09961552 0.995026 0 0.9259766 -0.3775809 0 0.7126091 -0.7015613 0 -0.3878073 0.9217405 0 0.2391457 0.9709837 0 0.9953418 -0.09640905 0 0.01280604 0.999918 0 0.01719056 0.9998522 0 -0.01770631 0.9998432 0 -0.2392103 0.9709678 0 0.01325476 0.9999121 0 -0.001237527 0.9999992 0 -0.005419422 0.9999853 0 0.00357127 0.9999936 0 0.9953418 0.09640905 0 -0.004547284 0.9999897 0 0.003571269 0.9999936 0 -0.005419422 0.9999853 0 -0.004163534 0.9999914 0 0 0 1 0 0 1 0 0 1 6.215041E-07 1 0 -0.0120073 0.9999279 0 -6.553011E-05 1 0 0 1 0 0 0 1 0 1 0 0.9953418 0.09640905 0 9.23217E-07 1 0 0.01325476 0.9999121 0 0 1 0 8.886611E-08 1 0 0 0 1 0 0 1 -0.09961552 0.995026 0 0 0 1 0 0 1 2.117104E-07 1 0 0.09961552 0.995026 0 0.09961552 0.995026 0 0.9259766 -0.3775809 0 0.7126091 -0.7015613 0 0.7126091 -0.7015613 0 -0.3878073 0.9217405 0 0.7126091 -0.7015613 0 0.9259766 0.3775809 0 0.9259766 0.3775809 0 0.7126091 0.7015613 0 0.7126091 0.7015613 0 0.7126091 0.7015613 0 0.3878073 0.9217405 0 0.3878073 0.9217405 0 0.7126091 0.7015613 0 -0.003785106 0.9999928 0 -0.01770626 0.9998432 0 0.01719167 0.9998522 0 0.01280602 0.999918 0 0.2391393 0.9709853 0  
			<SubMeshes>: 1
				<SubMesh>: 0 192 6 14 20 6 20 4 8 3 2 8 2 10 11 7 0 11 0 12 34 35 36 34 36 5 9 13 37 37 38 9 38 23 9 23 22 9 22 21 9 21 19 9 26 24 39 39 11 26 11 27 26 11 28 27 11 25 28 11 40 25 41 34 5 41 5 1 39 42 7 39 7 11 43 6 4 43 4 29 13 44 30 30 33 13 33 32 13 32 31 13 31 45 13 45 37 13 9 46 47 9 47 13 15 48 49 15 49 50 48 51 52 48 52 49 13 47 53 13 53 44 54 8 10 54 10 55 14 16 56 14 56 20 16 17 57 16 57 56 58 18 59 58 59 60 18 15 50 18 50 59 29 61 62 29 62 43 61 63 64 61 64 62 65 66 67 65 67 68 66 54 55 66 55 67 69 40 11 11 12 69 12 70 69 12 71 70 12 72 71 12 73 72  
		</Mesh>
		<Materials>: 1
			<Material>: 0
				<AlbedoColor>: 1 1 1 0.3921569
				<EmissiveColor>: 0 0 0 1
				<Glossiness>: 1
				<Metallic>: 0
				<SpecularHighlight>: 1
				<GlossyReflection>: 1
				<AlbedoMap>: BLD_WindowGlass1_A
				<MetallicMap>: BLD_WindowGlass1_MS
				<NormalMap>: BLD_WindowGlass1_N
				<EmissionMap>: null
				<DetailAlbedoMap>: DET_Concrete1_A
				<DetailNormalMap>: null
		</Materials>
		<Children>: 0
	</Frame>
</Hierarchy>
