<Hierarchy>:
	<Frame>: 0 4 Church1_Door_A
		<Transform>: 0 0 0 0 0 0 1 1 1 0 0 0 1  
		<TransformMatrix>: 1 0 0 0 0 1 0 0 0 0 1 0 0 0 0 1  
		<BoxCollider>: 1 -0.6188504 2.253249 -0.007814586 1.28638 4.498881 0.1247063  
		<Mesh>: 264 Church1_Door_A
			<Bounds>: -0.6188504 2.253249 -0.01001404 0.64319 2.24944 0.08663502
			<Positions>: 264 0.0003182721 0.1840877 -0.02870342 0.0003182721 0.6515818 -0.02870344 -0.02370314 0.1840877 -0.01457995 -0.02370314 0.6515818 -0.01457997 -0.02370314 0.1840877 0.01366697 -0.02370314 0.6515818 0.01366695 0.0003182739 0.1840877 0.02779043 0.0003182739 0.6515818 0.02779041 0.02433969 0.1840877 0.01366697 0.02433969 0.6515818 0.01366695 0.02433969 0.1840877 -0.01457995 0.02433969 0.6515818 -0.01457997 0.0003182721 2.626194 -0.02870352 0.0003182721 3.093688 -0.02870354 -0.02370314 2.626194 -0.01458006 -0.02370314 3.093688 -0.01458008 -0.02370314 2.626194 0.01366687 -0.02370314 3.093688 0.01366685 0.0003182739 2.626194 0.02779033 0.0003182739 3.093688 0.02779031 0.02433969 2.626194 0.01366687 0.02433969 3.093688 0.01366685 0.02433969 2.626194 -0.01458006 0.02433969 3.093688 -0.01458008 -1.105048 1.214087 0.0099105 -1.102171 1.217334 0.009910502 -1.102171 1.504933 0.009910488 -1.105048 1.50818 0.009910485 -1.244684 1.217334 0.009910502 -1.241806 1.214087 0.009910502 -1.241806 1.50818 0.009910485 -1.244684 1.504933 0.009910489 -1.105048 1.214087 0.06715222 -1.102171 1.217334 0.06715222 -1.110112 1.226295 0.07662097 -1.11299 1.223049 0.07662097 -1.102171 1.504933 0.06715222 -1.105048 1.50818 0.06715222 -1.11299 1.499219 0.07662096 -1.110112 1.495972 0.07662096 -1.244684 1.217334 0.06715222 -1.241806 1.214087 0.06715222 -1.233865 1.223049 0.07662097 -1.236742 1.226295 0.07662097 -1.241806 1.50818 0.06715222 -1.244684 1.504933 0.06715222 -1.236742 1.495972 0.07662096 -1.233865 1.499219 0.07662096 -1.105048 1.214087 -0.02993857 -1.102171 1.217334 -0.02993857 -1.102171 1.504933 -0.02993859 -1.105048 1.50818 -0.02993859 -1.244684 1.217334 -0.02993857 -1.241806 1.214087 -0.02993857 -1.241806 1.50818 -0.02993858 -1.244684 1.504933 -0.02993859 -1.105048 1.214087 -0.08718032 -1.102171 1.217334 -0.08718032 -1.110112 1.226296 -0.09664904 -1.11299 1.223049 -0.09664904 -1.102171 1.504933 -0.08718032 -1.105048 1.50818 -0.08718032 -1.11299 1.499219 -0.09664906 -1.110112 1.495972 -0.09664906 -1.244684 1.217334 -0.08718032 -1.241806 1.214087 -0.08718031 -1.233865 1.223049 -0.09664904 -1.236742 1.226296 -0.09664904 -1.241806 1.50818 -0.08718032 -1.244684 1.504933 -0.08718032 -1.236742 1.495972 -0.09664906 -1.233865 1.499219 -0.09664906 -1.26204 4.502689 -0.05893578 -1.26204 4.502689 0.05702933 -0.02272535 3.500001 -0.05893568 -0.02272535 3.500001 0.05702944 -0.04696745 3.695616 -0.0589357 -0.04696745 3.695616 0.05702942 -0.1187615 3.883713 -0.05893572 -0.1187615 3.883714 0.0570294 -0.2353484 4.057065 -0.05893574 -0.2353484 4.057065 0.05702938 -0.3922481 4.209009 -0.05893576 -0.3922481 4.209009 0.05702936 -0.5834308 4.333706 -0.05893577 -0.5834308 4.333706 0.05702935 -0.8015495 4.426364 -0.05893578 -0.8015495 4.426365 0.05702934 -1.038222 4.483423 -0.05893578 -1.038222 4.483423 0.05702933 -1.26204 3.5 0.05702945 -1.26204 3.5 -0.05893566 -0.02272535 0.003808975 -0.05893556 -0.02272535 0.003808975 0.05702955 -1.26204 0.003808498 0.05702956 -1.26204 0.003808498 -0.05893555 0.0003182739 0.1840877 0.02779043 0.0003182739 0.6515818 0.02779041 0.0003182721 0.6515818 -0.02870344 -0.02370314 0.6515818 -0.01457997 0.02433969 0.6515818 0.01366695 -0.02370314 0.6515818 0.01366695 0.0003182739 0.6515818 0.02779041 0.0003182721 0.1840877 -0.02870342 0.0003182721 0.6515818 -0.02870344 0.02433969 0.6515818 -0.01457997 0.02433969 0.1840877 0.01366697 0.02433969 0.1840877 -0.01457995 0.02433969 0.6515818 -0.01457997 0.02433969 0.6515818 0.01366695 -0.02370314 0.1840877 -0.01457995 0.0003182721 0.1840877 -0.02870342 0.02433969 0.1840877 -0.01457995 -0.02370314 0.1840877 0.01366697 0.02433969 0.1840877 0.01366697 0.0003182739 0.1840877 0.02779043 0.0003182739 2.626194 0.02779033 0.0003182739 3.093688 0.02779031 0.0003182721 3.093688 -0.02870354 -0.02370314 3.093688 -0.01458008 0.02433969 3.093688 0.01366685 -0.02370314 3.093688 0.01366685 0.0003182739 3.093688 0.02779031 0.0003182721 2.626194 -0.02870352 0.0003182721 3.093688 -0.02870354 0.02433969 3.093688 -0.01458008 0.02433969 2.626194 0.01366687 0.02433969 2.626194 -0.01458006 0.02433969 3.093688 -0.01458008 0.02433969 3.093688 0.01366685 -0.02370314 2.626194 -0.01458006 0.0003182721 2.626194 -0.02870352 0.02433969 2.626194 -0.01458006 -0.02370314 2.626194 0.01366687 0.02433969 2.626194 0.01366687 0.0003182739 2.626194 0.02779033 -1.102171 1.217334 0.06715222 -1.102171 1.504933 0.06715222 -1.105048 1.214087 0.06715222 -1.241806 1.214087 0.06715222 -1.244684 1.504933 0.06715222 -1.244684 1.217334 0.06715222 -1.233865 1.499219 0.07662096 -1.236742 1.495972 0.07662096 -1.236742 1.226295 0.07662097 -1.233865 1.223049 0.07662097 -1.11299 1.499219 0.07662096 -1.11299 1.223049 0.07662097 -1.110112 1.495972 0.07662096 -1.110112 1.226295 0.07662097 -1.241806 1.50818 0.06715222 -1.105048 1.50818 0.06715222 -1.105048 1.214087 0.06715222 -1.102171 1.217334 0.06715222 -1.102171 1.504933 0.06715222 -1.105048 1.50818 0.06715222 -1.241806 1.50818 0.06715222 -1.244684 1.504933 0.06715222 -1.244684 1.217334 0.06715222 -1.241806 1.214087 0.06715222 -1.105048 1.50818 0.06715222 -1.105048 1.50818 0.009910485 -1.105048 1.214087 0.0099105 -1.105048 1.214087 0.06715222 -1.241806 1.214087 0.009910502 -1.241806 1.214087 0.06715222 -1.241806 1.50818 0.06715222 -1.241806 1.50818 0.009910485 -1.241806 1.214087 0.009910502 -1.244684 1.217334 0.009910502 -1.244684 1.504933 0.009910489 -1.241806 1.50818 0.009910485 -1.105048 1.214087 0.0099105 -1.105048 1.50818 0.009910485 -1.102171 1.217334 0.009910502 -1.102171 1.504933 0.009910488 -1.102171 1.504933 -0.08718032 -1.102171 1.217334 -0.08718032 -1.105048 1.214087 -0.08718032 -1.241806 1.214087 -0.08718031 -1.244684 1.217334 -0.08718032 -1.244684 1.504933 -0.08718032 -1.233865 1.223049 -0.09664904 -1.236742 1.226296 -0.09664904 -1.236742 1.495972 -0.09664906 -1.233865 1.499219 -0.09664906 -1.11299 1.223049 -0.09664904 -1.11299 1.499219 -0.09664906 -1.110112 1.226296 -0.09664904 -1.110112 1.495972 -0.09664906 -1.241806 1.50818 -0.08718032 -1.105048 1.50818 -0.08718032 -1.105048 1.214087 -0.08718032 -1.102171 1.217334 -0.08718032 -1.105048 1.50818 -0.08718032 -1.102171 1.504933 -0.08718032 -1.241806 1.50818 -0.08718032 -1.244684 1.504933 -0.08718032 -1.241806 1.214087 -0.08718031 -1.244684 1.217334 -0.08718032 -1.105048 1.50818 -0.08718032 -1.105048 1.50818 -0.02993859 -1.105048 1.214087 -0.02993857 -1.105048 1.214087 -0.08718032 -1.241806 1.214087 -0.08718031 -1.241806 1.214087 -0.02993857 -1.241806 1.50818 -0.02993858 -1.241806 1.50818 -0.08718032 -1.241806 1.50818 -0.02993858 -1.244684 1.504933 -0.02993859 -1.244684 1.217334 -0.02993857 -1.241806 1.214087 -0.02993857 -1.105048 1.50818 -0.02993859 -1.105048 1.214087 -0.02993857 -1.102171 1.504933 -0.02993859 -1.102171 1.217334 -0.02993857 -0.1187615 3.883713 -0.05893572 -0.1187615 3.883714 0.0570294 -1.038222 4.483423 0.05702933 -1.26204 4.502689 0.05702933 -0.02272535 3.500001 0.05702944 -0.8015495 4.426365 0.05702934 -0.5834308 4.333706 0.05702935 -0.3922481 4.209009 0.05702936 -0.2353484 4.057065 0.05702938 -0.1187615 3.883714 0.0570294 -0.04696745 3.695616 0.05702942 -1.26204 3.5 0.05702945 -1.26204 4.502689 -0.05893578 -1.26204 4.502689 0.05702933 -0.02272535 3.500001 -0.05893568 -1.26204 3.5 -0.05893566 -1.26204 4.502689 -0.05893578 -1.038222 4.483423 -0.05893578 -0.8015495 4.426364 -0.05893578 -0.5834308 4.333706 -0.05893577 -0.3922481 4.209009 -0.05893576 -0.2353484 4.057065 -0.05893574 -0.1187615 3.883713 -0.05893572 -0.04696745 3.695616 -0.0589357 -1.26204 0.003808498 -0.05893555 -1.26204 0.003808498 0.05702956 -1.26204 0.003808498 0.05702956 -0.02272535 0.003808975 0.05702955 -0.02272535 0.003808975 -0.05893556 -1.26204 0.003808498 -0.05893555 -0.02272535 0.003808975 0.05702955 -0.02272535 0.003808975 -0.05893556 -1.110112 1.226295 0.07662097 -1.11299 1.223049 0.07662097 -1.11299 1.499219 0.07662096 -1.110112 1.495972 0.07662096 -1.236742 1.495972 0.07662096 -1.233865 1.499219 0.07662096 -1.233865 1.223049 0.07662097 -1.236742 1.226295 0.07662097 -1.11299 1.223049 -0.09664904 -1.110112 1.226296 -0.09664904 -1.11299 1.499219 -0.09664906 -1.110112 1.495972 -0.09664906 -1.233865 1.499219 -0.09664906 -1.236742 1.495972 -0.09664906 -1.233865 1.223049 -0.09664904 -1.236742 1.226296 -0.09664904  
			<Colors>: 0  
			<TextureCoords0>: 264 0.2135454 0.07379717 0.2135454 0.03713471 0.2113302 0.07379717 0.2113302 0.03713471 0.2224063 0.07379717 0.2224063 0.03713471 0.2201911 0.07379717 0.2201911 0.03713471 0.2179759 0.07379717 0.2179759 0.03713471 0.2157606 0.07379717 0.2262489 0.07047433 0.2135454 0.07379717 0.2135454 0.03713471 0.2113302 0.07379717 0.2113302 0.03713471 0.2224063 0.07379717 0.2224063 0.03713471 0.2201911 0.07379717 0.2201911 0.03713471 0.2179759 0.07379717 0.2179759 0.03713471 0.2157606 0.07379717 0.2262489 0.07047433 0.05107614 0.5730045 0.01225618 0.5730045 0.03972291 0.5730045 0.04007088 0.5730045 0.03972288 0.5730045 0.04007087 0.5730045 0.05107619 0.5730045 0.01225618 0.5730045 0.05107614 0.5773158 0.01225618 0.5773158 0.01318477 0.5571078 0.01282514 0.5574325 0.03972291 0.5773158 0.0514634 0.5565366 0.05047073 0.5574325 0.05011109 0.5571078 0.03972288 0.5773158 0.04007087 0.5773158 0.01282514 0.5715637 0.01318477 0.5718884 0.0514634 0.5724597 0.01225618 0.5773158 0.05011109 0.5718884 0.05047073 0.5715637 0.05107614 0.5730045 0.01225618 0.5730045 0.03972291 0.5730045 0.04007088 0.5730045 0.03972288 0.5730045 0.04007087 0.5730045 0.05107619 0.5730045 0.01225618 0.5730045 0.05107614 0.5773158 0.01225618 0.5773158 0.01318477 0.5571078 0.01282514 0.5574325 0.03972291 0.5773158 0.0514634 0.5565366 0.05047073 0.5574325 0.05011109 0.5571078 0.03972288 0.5773158 0.04007087 0.5773158 0.01282514 0.5715637 0.01318477 0.5718884 0.0514634 0.5724597 0.01225618 0.5773158 0.05011109 0.5718884 0.05047073 0.5715637 0.9399414 0.05029297 0.9506836 0.05029297 0.9399414 0.2036133 0.9506836 0.2036133 0.9399414 0.1845703 0.9506836 0.1845703 0.9399414 0.1655273 0.9506836 0.1655273 0.9399414 0.1455078 0.9506836 0.1455078 0.9399414 0.1259766 0.9506836 0.1259766 0.9399414 0.1074219 0.9506836 0.1074219 0.9399414 0.08740234 0.9506836 0.08740234 0.9399414 0.06787109 0.9506836 0.06787109 0.7998047 0.1669922 0.9506836 0.2036133 0.6567383 0.05029297 0.6567383 0.03955078 0.9399414 0.550293 0.9506836 0.550293 0.2201911 0.07379717 0.2201911 0.03713471 0.2262489 0.07268953 0.2243305 0.07379717 0.2243305 0.06936675 0.222412 0.07268953 0.222412 0.07047433 0.2135454 0.07379717 0.2135454 0.03713471 0.2157607 0.03713471 0.2179759 0.07379717 0.2157606 0.07379717 0.2157607 0.03713471 0.2179759 0.03713471 0.2262489 0.06603819 0.2262489 0.0682534 0.2243305 0.06936103 0.2243305 0.06493056 0.222412 0.0682534 0.222412 0.06603819 0.2201911 0.07379717 0.2201911 0.03713471 0.2262489 0.07268953 0.2243305 0.07379717 0.2243305 0.06936675 0.222412 0.07268953 0.222412 0.07047433 0.2135454 0.07379717 0.2135454 0.03713471 0.2157607 0.03713471 0.2179759 0.07379717 0.2157606 0.07379717 0.2157607 0.03713471 0.2179759 0.03713471 0.2262489 0.06603819 0.2262489 0.0682534 0.2243305 0.06936103 0.2243305 0.06493056 0.222412 0.0682534 0.222412 0.06603819 0.01219201 0.5562119 0.05110375 0.5562119 0.01183237 0.5565366 0.01183237 0.5724598 0.05110375 0.5727843 0.01219201 0.5727843 0.05047073 0.5715637 0.05011109 0.5718884 0.01318477 0.5718884 0.01282514 0.5715637 0.05047073 0.5574325 0.01282514 0.5574325 0.05011109 0.5571078 0.01318477 0.5571078 0.05107619 0.5773158 0.04007088 0.5773158 0.01183237 0.5565366 0.01219201 0.5562119 0.05110375 0.5562119 0.0514634 0.5565366 0.0514634 0.5724597 0.05110375 0.5727843 0.01219201 0.5727843 0.01183237 0.5724598 0.04007088 0.5773158 0.04007088 0.5730045 0.01190821 0.5730045 0.01190821 0.5773158 0.04007087 0.5730045 0.04007087 0.5773158 0.01190821 0.5773158 0.01190821 0.5730045 0.01183237 0.5724598 0.01219201 0.5727843 0.05110375 0.5727843 0.0514634 0.5724597 0.01183237 0.5565366 0.0514634 0.5565366 0.01219201 0.5562119 0.05110375 0.5562119 0.05110375 0.5562119 0.01219201 0.5562119 0.01183237 0.5565366 0.01183237 0.5724598 0.01219201 0.5727843 0.05110375 0.5727843 0.01282514 0.5715637 0.01318477 0.5718884 0.05011109 0.5718884 0.05047073 0.5715637 0.01282514 0.5574325 0.05047073 0.5574325 0.01318477 0.5571078 0.05011109 0.5571078 0.05107619 0.5773158 0.04007088 0.5773158 0.01183237 0.5565366 0.01219201 0.5562119 0.0514634 0.5565366 0.05110375 0.5562119 0.0514634 0.5724597 0.05110375 0.5727843 0.01183237 0.5724598 0.01219201 0.5727843 0.04007088 0.5773158 0.04007088 0.5730045 0.01190821 0.5730045 0.01190821 0.5773158 0.04007087 0.5773158 0.04007087 0.5730045 0.01190821 0.5730045 0.01190821 0.5773158 0.0514634 0.5724597 0.05110375 0.5727843 0.01219201 0.5727843 0.01183237 0.5724598 0.0514634 0.5565366 0.01183237 0.5565366 0.05110375 0.5562119 0.01219201 0.5562119 0.9399414 0.1655273 0.9506836 0.1655273 0.7739258 0.05419922 0.7998047 0.05273438 0.6606445 0.1669922 0.7475586 0.06103516 0.7231445 0.07080078 0.7021484 0.08496094 0.684082 0.1015625 0.6713867 0.1210938 0.6630859 0.1416016 0.9399414 0.2036133 0.9506836 0.1049805 0.9399414 0.1049805 0.6606445 0.1669922 0.7998047 0.1669922 0.7998047 0.05273438 0.7739258 0.05419922 0.7475586 0.06103516 0.7231445 0.07080078 0.7021484 0.08496094 0.684082 0.1015625 0.6713867 0.1210938 0.6630859 0.1416016 0.9501953 0.05029297 0.9501953 0.03955078 0.7998047 0.5507813 0.6606445 0.5507813 0.6606445 0.5507813 0.7998047 0.5507813 0.9506836 0.550293 0.9399414 0.550293 0.01318477 0.5571078 0.01282514 0.5574325 0.05047073 0.5574325 0.05011109 0.5571078 0.05011109 0.5718884 0.05047073 0.5715637 0.01282514 0.5715637 0.01318477 0.5718884 0.01282514 0.5574325 0.01318477 0.5571078 0.05047073 0.5574325 0.05011109 0.5571078 0.05047073 0.5715637 0.05011109 0.5718884 0.01282514 0.5715637 0.01318477 0.5718884  
			<TextureCoords1>: 264 0.1109204 0.2872878 0.2140282 0.2872878 0.1109205 0.2934337 0.2140283 0.2934337 0.1070141 0.2832975 0.003906301 0.2832975 0.1070141 0.2771515 0.00390625 0.2771515 0.1070142 0.29734 0.003906283 0.2973399 0.1109205 0.3073921 0.2842639 0.3280588 0.1109204 0.3175284 0.2140283 0.3175284 0.1109205 0.3236743 0.2140284 0.3236743 0.1070142 0.313538 0.003906301 0.313538 0.1070141 0.3073921 0.00390625 0.3073921 0.9698997 0.3959275 0.8667917 0.3959275 0.8667917 0.4059796 0.9769209 0.3870272 0.03406888 0.09104329 0.2131036 0.2732453 0.2765347 0.2732453 0.03797513 0.1104498 0.2072836 0.2732453 0.00390625 0.09104329 0.06813776 0.1104498 0.1438525 0.2732453 0.03406888 0.07841843 0.2131036 0.2606204 0.2150801 0.2578947 0.03231732 0.07554305 0.2765347 0.2606204 0.03797514 0.09782487 0.0397267 0.0949496 0.2745583 0.2578947 0.2072836 0.2606204 0.003906254 0.07841843 0.005657838 0.07554305 0.2053072 0.2578947 0.06813776 0.09782487 0.1438525 0.2606204 0.1458289 0.2578947 0.06638618 0.0949496 0.03406885 0.05613655 0.004863088 0.1850326 0.06829421 0.1850326 0.00390625 0.09494954 0.1380324 0.2578947 0.00390625 0.05613655 0.03406886 0.09494954 0.07460129 0.2578947 0.03406887 0.06876147 0.004863137 0.1976575 0.006839626 0.2003832 0.03231731 0.0716368 0.06829421 0.1976575 0.003906274 0.1075745 0.005657835 0.1104498 0.0663178 0.2003832 0.1380324 0.2705196 0.00390625 0.06876147 0.005657834 0.0716368 0.1360559 0.2732453 0.03406888 0.1075745 0.07460134 0.2705196 0.07657775 0.2732453 0.0323173 0.1104498 0.3040061 0.3826399 0.3040061 0.3570634 0.7750068 0.4121234 0.7750067 0.3865469 0.8184805 0.4121233 0.8184805 0.3865467 0.8628855 0.4121233 0.8628855 0.3865466 0.04998224 0.3826403 0.04998226 0.3570637 0.09815434 0.3826402 0.09815431 0.3570637 0.1484969 0.3826401 0.1484969 0.3570635 0.2007647 0.3826401 0.2007647 0.3570635 0.2544595 0.38264 0.2544594 0.3570634 0.2250535 0.9960937 0.2250537 0.7188512 0.2772427 0.3531571 0.2772427 0.3275805 0.996154 0.6932745 0.996154 0.7188511 0.1070141 0.3034859 0.00390625 0.3034859 0.2811489 0.3333568 0.2842639 0.3386548 0.2904939 0.3280588 0.2904939 0.3386548 0.2936089 0.3333568 0.1109204 0.313538 0.2140283 0.313538 0.2140283 0.3073921 0.003906282 0.2872037 0.00390625 0.2934337 0.1070141 0.2934337 0.1070142 0.2872037 0.2904939 0.3531571 0.2936089 0.3478591 0.2904939 0.3425611 0.2842639 0.3531571 0.2842639 0.3425611 0.2811489 0.3478591 0.9698996 0.4020734 0.8667917 0.4020734 0.9738059 0.3923252 0.9769209 0.3976232 0.9831508 0.3870272 0.9831508 0.3976232 0.9862658 0.3923252 0.8667917 0.4121256 0.9698996 0.4121256 0.9698997 0.4059796 0.003906282 0.3174443 0.00390625 0.3236743 0.1070142 0.3236743 0.1070142 0.3174443 0.9831508 0.4121255 0.9862658 0.4068275 0.9831508 0.4015295 0.9769209 0.4121256 0.9769209 0.4015295 0.9738059 0.4068275 0.2131036 0.2606204 0.2765347 0.2606204 0.03406888 0.07841843 0.003906254 0.07841843 0.1438525 0.2606204 0.2072836 0.2606204 0.006366928 0.2703126 0.00708307 0.2709473 0.0665613 0.2709473 0.0672774 0.2703126 0.006366885 0.2436531 0.06727736 0.2436531 0.007083028 0.2430184 0.06656127 0.2430185 0.06813776 0.09782487 0.03797514 0.09782487 0.06973804 0.2413552 0.06902196 0.2407205 0.004622392 0.2407205 0.00390625 0.2413551 0.003906264 0.2726105 0.004622406 0.2732453 0.06902201 0.2732453 0.0697381 0.2726105 0.2774916 0.2606204 0.2774916 0.2732453 0.2121468 0.2732453 0.2121468 0.2606204 0.2082405 0.2732453 0.2082405 0.2606204 0.1428956 0.2606204 0.1428956 0.2732453 0.003906284 0.1451533 0.004622366 0.145788 0.06805345 0.1457881 0.06876959 0.1451533 0.00390625 0.1149907 0.06876956 0.1149907 0.004622334 0.114356 0.06805342 0.1143561 0.06829421 0.1976575 0.004863137 0.1976575 0.03406887 0.06876147 0.00390625 0.06876147 0.1380324 0.2705196 0.07460134 0.2705196 0.006366935 0.2338815 0.007083077 0.2345163 0.06656127 0.2345163 0.06727741 0.2338816 0.006366904 0.207222 0.06727738 0.2072221 0.007083047 0.2065874 0.06656124 0.2065874 0.03406888 0.1075745 0.003906274 0.1075745 0.00390625 0.204924 0.004622339 0.2042894 0.06973802 0.2049241 0.06902188 0.2042895 0.06973808 0.2361795 0.06902193 0.2368143 0.00390625 0.2361795 0.004622339 0.2368142 0.06925109 0.1976575 0.0692511 0.1850326 0.00390625 0.1850326 0.003906299 0.1976575 0.1389893 0.2705196 0.1389893 0.2578947 0.07364435 0.2578947 0.0736444 0.2705196 0.003906284 0.1804916 0.004622425 0.1811263 0.06805351 0.1811264 0.06876959 0.1804916 0.00390625 0.150329 0.06876956 0.150329 0.004622393 0.1496943 0.06805348 0.1496944 0.00390625 0.3826404 0.00390625 0.3570638 0.008155588 0.9467296 0.00390625 0.9960938 0.2250536 0.7227575 0.02074008 0.8945304 0.04117634 0.8464234 0.06867882 0.8042573 0.1021906 0.7696524 0.140424 0.7439387 0.1819098 0.7281042 0.2250536 0.6932746 0.00390625 0.7188512 0.003906253 0.6932746 0.7750067 0.4160318 0.7750066 0.6893681 0.996154 0.6893682 0.9919047 0.6400042 0.9793201 0.587805 0.958884 0.539698 0.9313815 0.4975318 0.8978696 0.4629269 0.8596361 0.4372131 0.8181504 0.4213786 0.00390625 0.3531571 0.003906256 0.3275805 0.9961543 0.9960938 0.9961543 0.7227575 0.003906325 0.416032 0.00390625 0.6893682 0.00390625 0.3865489 0.00390631 0.4121256 0.06656127 0.2430185 0.06727736 0.2436531 0.006366885 0.2436531 0.007083028 0.2430184 0.00708307 0.2709473 0.006366928 0.2703126 0.0672774 0.2703126 0.0665613 0.2709473 0.006366904 0.207222 0.007083047 0.2065874 0.06727738 0.2072221 0.06656124 0.2065874 0.06727741 0.2338816 0.06656127 0.2345163 0.006366935 0.2338815 0.007083077 0.2345163  
			<Normals>: 264 0 0 -1 0 0 -1 -0.5068321 0 -0.8620448 -0.5068321 0 -0.8620448 -0.5068321 0 0.8620448 -0.5068321 0 0.8620448 0 0 1 0 0 1 0.8679932 0 0.496576 0.8679932 0 0.496576 0.8679932 0 -0.496576 0 1 0 0 0 -1 0 0 -1 -0.5068321 0 -0.8620448 -0.5068321 0 -0.8620448 -0.5068321 0 0.8620448 -0.5068321 0 0.8620448 0 0 1 0 0 1 0.8679932 0 0.496576 0.8679932 0 0.496576 0.8679932 0 -0.496576 0 1 0 0.3201774 -0.7116172 -0.6253698 0.7220474 -0.2739074 -0.6353126 0.7220535 0.2738792 -0.6353179 0.3202048 0.7116103 -0.6253637 -0.7220554 -0.273941 -0.6352891 -0.32015 -0.7116241 -0.6253759 -0.3201774 0.7116172 -0.6253698 -0.7220474 0.2739074 -0.6353126 0.3915685 -0.8332198 0.3904087 0.8549389 -0.348348 0.3843608 0.668586 -0.1719151 0.7234902 0.2139735 -0.6135372 0.7601233 0.8549389 0.348348 0.3843608 0.3915943 0.8332099 0.390404 0.2139735 0.6135372 0.7601233 0.6686028 0.1719116 0.7234754 -0.8549298 -0.3483748 0.3843568 -0.3915585 -0.8332292 0.3903988 -0.2139404 -0.6135603 0.760114 -0.668586 -0.1719151 0.7234902 -0.3915585 0.8332292 0.3903988 -0.8549298 0.3483748 0.3843568 -0.668586 0.1719151 0.7234902 -0.2139695 0.6135563 0.760109 0.3201774 -0.7116172 0.6253698 0.7220474 -0.2739074 0.6353126 0.7220535 0.2738792 0.6353179 0.3202048 0.7116103 0.6253637 -0.7220554 -0.273941 0.6352891 -0.3201774 -0.7116172 0.6253698 -0.3201774 0.7116172 0.6253698 -0.7220615 0.2739128 0.6352945 0.3915685 -0.8332198 -0.3904087 0.8549389 -0.348348 -0.3843608 0.6686028 -0.1719116 -0.7234754 0.2139735 -0.6135372 -0.7601233 0.8549389 0.348348 -0.3843608 0.3915943 0.8332099 -0.390404 0.2139735 0.6135372 -0.7601233 0.6686028 0.1719116 -0.7234754 -0.8549298 -0.3483748 -0.3843568 -0.3915585 -0.8332292 -0.3903988 -0.2139404 -0.6135603 -0.760114 -0.668586 -0.1719151 -0.7234902 -0.3915585 0.8332292 -0.3903988 -0.8549298 0.3483748 -0.3843568 -0.668586 0.1719151 -0.7234902 -0.2139695 0.6135563 -0.760109 0.08575776 0.996316 0 0.08575776 0.996316 0 0.9981017 0.06158785 0 0.9981017 0.06158785 0 0.9703934 0.2415302 0 0.9703934 0.2415302 0 0.8877693 0.4602886 0 0.8877693 0.4602886 0 0.7669389 0.6417201 0 0.7669389 0.6417201 0 0.623835 0.7815562 0 0.623835 0.7815562 0 0.4704742 0.8824137 0 0.4704742 0.8824137 0 0.3137363 0.9495102 0 0.3137363 0.9495102 0 0.1604979 0.9870362 0 0.1604979 0.9870362 0 0 0 1 -1 0 0 0 -1 0 0 -1 0 -1 0 0 -1 0 0 0 0 1 0 0 1 0 1 0 0 1 0 0 1 0 0 1 0 0 1 0 0 0 -1 0 0 -1 0.8679932 0 -0.496576 0.8679932 0 0.496576 0.8679932 0 -0.496576 0.8679932 0 -0.496576 0.8679932 0 0.496576 0 -1 0 0 -1 0 0 -1 0 0 -1 0 0 -1 0 0 -1 0 0 0 1 0 0 1 0 1 0 0 1 0 0 1 0 0 1 0 0 1 0 0 0 -1 0 0 -1 0.8679932 0 -0.496576 0.8679932 0 0.496576 0.8679932 0 -0.496576 0.8679932 0 -0.496576 0.8679932 0 0.496576 0 -1 0 0 -1 0 0 -1 0 0 -1 0 0 -1 0 0 -1 0 0.8549389 -0.348348 0.3843608 0.8549389 0.348348 0.3843608 0.3915685 -0.8332198 0.3904087 -0.3915585 -0.8332292 0.3903988 -0.8549298 0.3483748 0.3843568 -0.8549298 -0.3483748 0.3843568 0 0 1 0 0 1 0 0 1 0 0 1 0 0 1 0 0 1 0 0 1 0 0 1 -0.3915585 0.8332292 0.3903988 0.3915943 0.8332099 0.390404 0.3915685 -0.8332198 0.3904087 0.8549389 -0.348348 0.3843608 0.8549389 0.348348 0.3843608 0.3915943 0.8332099 0.390404 -0.3915585 0.8332292 0.3903988 -0.8549298 0.3483748 0.3843568 -0.8549298 -0.3483748 0.3843568 -0.3915585 -0.8332292 0.3903988 0.3915943 0.8332099 0.390404 0.3202048 0.7116103 -0.6253637 0.3201774 -0.7116172 -0.6253698 0.3915685 -0.8332198 0.3904087 -0.32015 -0.7116241 -0.6253759 -0.3915585 -0.8332292 0.3903988 -0.3915585 0.8332292 0.3903988 -0.3201774 0.7116172 -0.6253698 -0.32015 -0.7116241 -0.6253759 -0.7220554 -0.273941 -0.6352891 -0.7220474 0.2739074 -0.6353126 -0.3201774 0.7116172 -0.6253698 0.3201774 -0.7116172 -0.6253698 0.3202048 0.7116103 -0.6253637 0.7220474 -0.2739074 -0.6353126 0.7220535 0.2738792 -0.6353179 0.8549389 0.348348 -0.3843608 0.8549389 -0.348348 -0.3843608 0.3915685 -0.8332198 -0.3904087 -0.3915585 -0.8332292 -0.3903988 -0.8549298 -0.3483748 -0.3843568 -0.8549298 0.3483748 -0.3843568 0 0 -1 0 0 -1 0 0 -1 0 0 -1 0 0 -1 0 0 -1 0 0 -1 0 0 -1 -0.3915585 0.8332292 -0.3903988 0.3915943 0.8332099 -0.390404 0.3915685 -0.8332198 -0.3904087 0.8549389 -0.348348 -0.3843608 0.3915943 0.8332099 -0.390404 0.8549389 0.348348 -0.3843608 -0.3915585 0.8332292 -0.3903988 -0.8549298 0.3483748 -0.3843568 -0.3915585 -0.8332292 -0.3903988 -0.8549298 -0.3483748 -0.3843568 0.3915943 0.8332099 -0.390404 0.3202048 0.7116103 0.6253637 0.3201774 -0.7116172 0.6253698 0.3915685 -0.8332198 -0.3904087 -0.3915585 -0.8332292 -0.3903988 -0.3201774 -0.7116172 0.6253698 -0.3201774 0.7116172 0.6253698 -0.3915585 0.8332292 -0.3903988 -0.3201774 0.7116172 0.6253698 -0.7220615 0.2739128 0.6352945 -0.7220554 -0.273941 0.6352891 -0.3201774 -0.7116172 0.6253698 0.3202048 0.7116103 0.6253637 0.3201774 -0.7116172 0.6253698 0.7220535 0.2738792 0.6353179 0.7220474 -0.2739074 0.6353126 0.8877693 0.4602886 0 0.8877693 0.4602886 0 0 0 1 0 0 1 0 0 1 0 0 1 0 0 1 0 0 1 0 0 1 0 0 1 0 0 1 -1 0 0 -1 0 0 -1 0 0 0 0 -1 0 0 -1 0 0 -1 0 0 -1 0 0 -1 0 0 -1 0 0 -1 0 0 -1 0 0 -1 0 0 -1 0 -1 0 0 -1 0 0 0 1 0 0 1 0 0 -1 0 0 -1 1 0 0 1 0 0 0.668586 -0.1719151 0.7234902 0.2139735 -0.6135372 0.7601233 0.2139735 0.6135372 0.7601233 0.6686028 0.1719116 0.7234754 -0.668586 0.1719151 0.7234902 -0.2139695 0.6135563 0.760109 -0.2139404 -0.6135603 0.760114 -0.668586 -0.1719151 0.7234902 0.2139735 -0.6135372 -0.7601233 0.6686028 -0.1719116 -0.7234754 0.2139735 0.6135372 -0.7601233 0.6686028 0.1719116 -0.7234754 -0.2139695 0.6135563 -0.760109 -0.668586 0.1719151 -0.7234902 -0.2139404 -0.6135603 -0.760114 -0.668586 -0.1719151 -0.7234902  
			<Tangents>: 264 1 0 0 1 0 0 0.8620448 0 -0.5068321 0.8620448 0 -0.5068321 -0.8620448 0 -0.5068321 -0.8620448 0 -0.5068321 -1 0 0 -1 0 0 -0.496576 0 0.8679932 -0.496576 0 0.8679932 0.496576 0 0.8679932 0.4931783 0 -0.8699282 1 0 0 1 0 0 0.8620448 0 -0.5068321 0.8620448 0 -0.5068321 -0.8620448 0 -0.5068321 -0.8620448 0 -0.5068321 -1 0 0 -1 0 0 -0.496576 0 0.8679932 -0.496576 0 0.8679932 0.496576 0 0.8679932 0.4931783 0 -0.8699282 0.9473576 0.2405045 0.2113555 0.2094051 0.9617404 -0.1766491 -0.2093837 0.9617485 0.1766307 -0.9473484 0.2405251 -0.2113736 0.2094348 -0.9617308 0.1766659 0.9473668 -0.2404839 -0.2113375 -0.9473576 -0.2405045 0.2113555 -0.2094052 -0.9617404 -0.176649 0.920149 0.3545758 -0.166138 0.319203 0.9373591 0.1395254 0.1166772 0.9851118 0.1262587 -0.04858964 0.7704973 0.6355886 -0.319203 0.9373591 -0.1395255 -0.1017948 0.4609134 -0.8815876 0.0446523 0.7711889 -0.6350384 -0.1166776 0.9851124 -0.1262535 0.3192277 -0.9373491 -0.1395359 0.9201532 -0.3545692 0.1661288 0.04463264 0.7711779 0.6350532 -0.1166772 0.9851118 0.1262587 0.1035601 0.4614857 -0.8810825 -0.3192276 -0.9373491 0.1395362 0.1166772 0.9851118 -0.1262587 -0.04857417 0.7704847 -0.6356051 0.9473576 0.2405045 -0.2113555 0.2094051 0.9617404 0.1766491 -0.2093836 0.9617485 -0.1766307 -0.9473484 0.2405251 0.2113736 0.2094349 -0.9617308 -0.1766658 0.9473576 -0.2405045 0.2113555 -0.9473576 -0.2405045 -0.2113555 -0.2094133 -0.9617389 0.1766477 0.920149 0.3545758 0.166138 0.319203 0.9373591 -0.1395254 0.1166776 0.9851124 -0.1262534 -0.04858933 0.7704974 -0.6355886 -0.319203 0.9373591 0.1395255 -0.1017948 0.4609134 0.8815876 0.0446523 0.7711889 0.6350384 -0.1166777 0.9851124 0.1262534 0.3192277 -0.9373491 0.139536 0.9201532 -0.3545691 -0.1661289 0.04463247 0.7711779 -0.6350532 -0.1166771 0.9851118 -0.1262587 0.1035601 0.4614857 0.8810825 -0.3192276 -0.9373491 -0.1395362 0.1166772 0.9851118 0.1262587 -0.04857417 0.7704847 0.6356051 0 0 1 0 0 1 -2.227842E-09 3.610473E-08 1 0 0 1 -4.818722E-07 1.936013E-06 1 -4.003041E-07 1.608297E-06 1 -8.401234E-07 1.620365E-06 1 -8.401235E-07 1.620366E-06 1 -1.713181E-06 2.047474E-06 1 -1.858484E-06 2.22113E-06 1 0 0 1 -3.194639E-07 2.549947E-07 1 -2.566709E-07 1.368486E-07 1 0 0 1 -1.053732E-06 3.481732E-07 1 -1.04529E-06 3.453837E-07 1 0 0 1 -9.702388E-08 1.577667E-08 1 -1 0.0001790208 0 0 -2.022166E-06 -1 -1 0 9.01778E-09 -1 0 8.839238E-09 0 -4.339761E-08 -1 0 0 -1 -1 0 0 -1 0 0 0.4931783 0 -0.8699282 0.4931934 0 -0.8699197 0.4931899 0 -0.8699217 0.493205 0 -0.8699131 0.4932051 0 -0.869913 1 0 0 1 0 0 0.496576 0 0.8679932 -0.496576 0 0.8679932 0.496576 0 0.8679932 0.496576 0 0.8679932 -0.496576 0 0.8679932 -0.4931956 0 -0.8699185 -0.4931783 0 -0.8699282 -0.4931955 0 -0.8699185 -0.4931956 0 -0.8699185 -0.4931955 0 -0.8699185 -0.4931783 0 -0.8699282 -1 0 0 -1 0 0 0.4931782 0 -0.8699283 0.4931934 0 -0.8699197 0.4931899 0 -0.8699217 0.493205 0 -0.8699131 0.4932051 0 -0.869913 1 0 0 1 0 0 0.496576 0 0.8679932 -0.496576 0 0.8679932 0.496576 0 0.8679932 0.496576 0 0.8679932 -0.496576 0 0.8679932 -0.4931956 0 -0.8699185 -0.4931783 0 -0.8699282 -0.4931955 0 -0.8699185 -0.4931955 0 -0.8699185 -0.4931954 0 -0.8699185 -0.4931783 0 -0.8699282 0.3177163 0.9373653 0.1428379 -0.3177163 0.9373653 -0.142838 0.1035496 0.4614958 0.8810784 -0.1018018 0.4608991 0.8815942 0.3177408 0.9373553 -0.1428489 -0.3177408 0.9373553 0.1428489 -9.30312E-07 1 0 -4.34902E-08 1 0 -3.925849E-07 1 0 -2.597471E-07 1 0 -5.722478E-07 1 0 -8.854846E-08 1 0 3.000804E-06 1 0 -1.959206E-06 1 0 -0.9201532 -0.3545692 -0.1661288 -0.920138 0.3545992 0.166149 0.2607647 0.5073788 0.8213212 0.1107253 0.84644 0.5208448 -0.1107357 0.8464482 -0.5208291 -0.2608252 0.5074013 -0.8212881 0.2608515 0.507386 -0.8212892 0.1107811 0.8464578 -0.520804 -0.1108004 0.8464731 0.520775 -0.2609506 0.5074107 0.8212425 -0.8650175 0.478002 -0.1525089 -0.8083262 0.549481 0.2113752 0.8083442 0.5494544 -0.2113751 0.8650318 0.4779764 0.1525077 0.8083708 -0.5494203 0.2113622 0.8650478 -0.4779552 -0.1524837 -0.8650421 -0.4779602 0.1525001 -0.8083528 -0.5494469 -0.2113622 -0.3242812 0.7025604 -0.6334435 -0.205668 0.9617465 -0.1809538 0.2056382 0.9617561 0.180937 0.3243014 0.7025675 0.6334253 0.3243009 0.7025675 -0.6334255 -0.324323 0.7025744 0.6334065 0.2056386 0.9617561 -0.1809366 -0.2056174 0.9617641 0.1809179 -0.3177163 0.9373653 0.1428379 0.3177163 0.9373653 -0.1428379 0.1035502 0.4614959 -0.8810782 -0.1018021 0.4608992 -0.8815941 -0.3177408 0.9373553 -0.142849 0.3177408 0.9373553 0.1428489 -9.227676E-07 1 0 5.434826E-07 1 0 -9.686619E-07 1 0 -2.672889E-07 1 0 -7.612513E-07 1 0 1.00494E-07 1 0 -1.922831E-06 1 0 3.057359E-06 1 0 -0.9201532 -0.3545692 0.1661288 -0.920138 0.3545992 -0.166149 0.260769 0.5073799 -0.8213192 0.1107283 0.8464423 -0.5208403 -0.2608252 0.5074013 0.8212881 -0.1107357 0.8464482 0.5208291 0.2608515 0.507386 0.8212892 0.1107811 0.8464578 0.520804 -0.26095 0.5074105 -0.8212427 -0.1108016 0.8464741 -0.5207731 -0.8650174 0.478002 0.1525089 -0.8083265 0.5494807 -0.2113747 0.8083441 0.5494546 0.2113754 0.8650318 0.4779764 -0.1525077 0.8650467 -0.4779561 0.1524866 0.8083653 -0.5494357 -0.2113431 -0.8083531 -0.5494466 0.2113617 -0.8650421 -0.4779602 -0.1525001 0.3243006 0.7025675 -0.6334257 0.2056469 0.9617546 -0.1809352 -0.2056685 0.9617465 0.1809534 -0.3243019 0.7025675 0.633425 -0.3243236 0.7025744 -0.6334062 0.3243016 0.7025675 0.6334252 -0.2056174 0.9617641 -0.1809179 0.2056386 0.9617561 0.1809365 -1.111152E-06 2.143104E-06 1 -8.401235E-07 1.620366E-06 1 -0.9999883 0.004850996 0 -0.99959 0.02863267 0 -0.9999999 0.0003446186 0 -0.9999806 -0.006235975 0 -0.9989061 0.04676208 0 -0.9996936 0.02475344 0 -0.9946263 0.1035305 0 -0.9903409 0.1386538 0 -0.8663481 0.4994407 0 0 -2.022571E-06 -1 0 -1.507054E-07 -1 0 0 -1 -0.9999999 0.0004271395 0 -1 -3.847586E-07 0 -0.9999949 0.003192299 0 -0.9997088 0.02412957 0 -0.9999806 -0.006233966 0 -0.9989062 0.0467594 0 -0.9996936 0.02475386 0 -0.9946257 0.103536 0 -0.9903411 0.1386521 0 -0.8663467 0.4994431 0 -1 0 6.190396E-09 -1 0 6.011854E-09 -1 -3.847586E-07 0 -1 -3.430376E-07 0 -1 -3.847586E-07 0 -1 -3.847586E-07 0 0 0 1 0 0 1 0.1091399 0.98506 0.1332116 0.1660525 0.7896658 0.590639 -0.1660533 0.7896658 -0.5906388 -0.1092796 0.9850625 -0.1330785 0.1091413 0.98506 -0.1332104 0.1660566 0.789651 -0.5906577 -0.1660373 0.7896479 0.5906672 -0.1092798 0.9850619 0.1330828 0.1660517 0.7896658 -0.5906392 0.1092801 0.9850625 -0.1330781 -0.1660525 0.7896658 0.590639 -0.1091404 0.9850606 0.1332067 0.1660575 0.789651 0.5906574 0.1092801 0.9850619 0.1330826 -0.166038 0.7896479 -0.5906671 -0.1091406 0.98506 -0.133211  
			<BiTangents>: 264 0 1 0 0 1 0 0 1 0 0 1 0 0 1 0 0 1 0 0 1 0 0 1 0 0 1 0 0 1 0 0 1 0 0.8699282 0 0.4931783 0 1 0 0 1 0 0 1 0 0 1 0 0 1 0 0 1 0 0 1 0 0 1 0 0 1 0 0 1 0 0 1 0 0.8699282 0 0.4931783 -1.782572E-09 0.6601201 -0.7511601 -0.6593913 0.005488621 -0.7517799 -0.6593915 -0.005488424 -0.7517797 3.05179E-09 -0.6601201 -0.7511601 0.6593732 0.005489104 -0.7517958 -3.277678E-08 0.6601201 -0.75116 1.782572E-09 -0.6601201 -0.7511601 0.6593913 -0.005488793 -0.7517799 -2.863207E-09 -0.4242886 -0.9055271 0.4088875 -0.003403485 -0.9125785 0.7344245 1.453038E-09 -0.6786905 0.9756302 0.1729333 -0.1350545 0.4088876 0.003403298 -0.9125784 0.9144899 -0.3054835 -0.2653075 0.9758184 -0.1698227 -0.1376182 0.734409 -3.468046E-08 -0.6787072 -0.4088872 -0.003403958 -0.9125785 -5.180187E-08 -0.4242758 -0.9055331 0.9758266 -0.1697894 0.1376013 0.7344245 4.003406E-08 0.6786905 0.9143069 0.3045656 0.2669879 -0.4088873 0.003403583 -0.9125785 0.7344245 1.453038E-09 0.6786905 0.9756319 0.1729218 0.1350572 -1.782572E-09 0.6601201 0.7511601 -0.6593913 0.005488631 0.7517799 -0.6593916 -0.005488364 0.7517797 3.05179E-09 -0.6601201 0.7511601 0.6593732 0.005489164 0.7517958 2.170523E-08 0.6601201 0.7511601 2.170523E-08 -0.6601201 0.7511601 0.6593735 -0.00548865 0.7517956 9.552736E-09 -0.4242886 0.9055271 0.4088875 -0.003403485 0.9125785 0.734409 -1.41639E-09 0.6787072 0.9756303 0.172933 0.1350547 0.4088875 0.003403373 0.9125785 0.9144899 -0.3054835 0.2653075 0.9758184 -0.1698227 0.1376182 0.734409 3.294059E-08 0.6787072 -0.4088873 -0.003403845 0.9125786 5.838028E-08 -0.4242758 0.905533 0.9758266 -0.1697893 -0.1376014 0.7344245 -3.754972E-08 -0.6786905 0.9143069 0.3045656 -0.2669879 -0.4088873 0.003403583 0.9125785 0.7344245 1.453038E-09 -0.6786905 0.9756319 0.1729218 -0.1350572 -0.996316 0.08575776 0 -0.996316 0.08575776 0 -0.06158785 0.9981017 -3.61734E-08 -0.06158785 0.9981017 0 -0.2415302 0.9703934 -1.995081E-06 -0.2415302 0.9703934 -1.657367E-06 -0.4602886 0.8877693 -1.82521E-06 -0.4602886 0.8877693 -1.82521E-06 -0.6417201 0.7669389 -2.66967E-06 -0.6417201 0.7669389 -2.896097E-06 -0.7815561 0.6238349 0 -0.7815561 0.6238349 -4.087536E-07 -0.8824137 0.4704742 -2.908736E-07 -0.8824137 0.4704742 0 -0.9495102 0.3137363 -1.109764E-06 -0.9495102 0.3137363 -1.100873E-06 -0.9870362 0.1604979 0 -0.9870362 0.1604979 -9.82982E-08 0.0001790208 1 0 0 1 -2.022166E-06 9.01778E-09 0 1 8.839238E-09 0 1 0 1 -4.339761E-08 0 1 0 0 1 0 0 1 0 0.8699282 0 0.4931783 0.8699197 0 0.4931934 0.8699217 0 0.4931899 0.8699131 0 0.493205 0.869913 0 0.4932051 0 1 0 0 1 0 0 1 0 0 1 0 0 1 0 0 1 0 0 1 0 -0.8699185 0 0.4931956 -0.8699282 0 0.4931783 -0.8699185 0 0.4931955 -0.8699185 0 0.4931956 -0.8699185 0 0.4931955 -0.8699282 0 0.4931783 0 1 0 0 1 0 0.8699283 0 0.4931782 0.8699197 0 0.4931934 0.8699217 0 0.4931899 0.8699131 0 0.493205 0.869913 0 0.4932051 0 1 0 0 1 0 0 1 0 0 1 0 0 1 0 0 1 0 0 1 0 -0.8699185 0 0.4931956 -0.8699282 0 0.4931783 -0.8699185 0 0.4931955 -0.8699185 0 0.4931955 -0.8699185 0 0.4931954 -0.8699282 0 0.4931783 0.4100438 -2.871264E-09 -0.9120659 0.4100438 -5.954191E-08 -0.9120659 0.914304 0.3045758 -0.2669868 0.9145044 -0.3054524 0.2652932 0.4100438 8.94091E-10 0.9120659 0.4100438 4.877897E-08 0.9120659 1 9.30312E-07 0 1 4.34902E-08 0 1 3.925849E-07 0 1 2.597471E-07 0 1 5.722478E-07 0 1 8.854846E-08 0 1 -3.000804E-06 0 1 1.959206E-06 0 -2.918832E-09 0.4242758 -0.9055331 -2.201265E-09 0.4242885 -0.905527 0.8824262 0.2197987 -0.4159479 0.5067736 0.402732 -0.7622253 0.5067713 -0.4027146 -0.7622361 0.8823969 -0.2197845 -0.4160176 0.882405 0.2197466 0.4160204 0.5067768 0.4026714 0.7622553 0.5067725 -0.4026392 0.7622752 0.8823756 -0.2196896 0.4161126 0.3136858 0.2779847 -0.9079238 -0.4940422 -0.4378145 -0.7511597 -0.4940304 0.4378366 -0.7511546 0.3136786 -0.2779987 -0.907922 0.4940047 0.437868 -0.7511531 -0.313647 -0.2780072 -0.9079303 -0.3136625 0.2779987 -0.9079276 0.4940164 -0.437846 -0.7511582 0.890138 7.446469E-07 -0.4556911 0.6605578 -3.234878E-08 -0.7507752 0.6605758 5.410162E-07 -0.7507594 0.8901208 1.942355E-07 -0.4557247 0.890121 5.687713E-07 0.4557243 0.8901031 9.683465E-09 0.4557593 0.6605757 4.353461E-08 0.7507595 0.6605757 3.959449E-08 0.7507595 0.4100438 5.254486E-08 0.9120659 0.4100438 -2.871264E-09 0.9120659 0.9143039 0.3045756 0.2669873 0.9145045 -0.3054523 -0.2652934 0.4100438 -3.911243E-08 -0.9120659 0.4100438 8.94091E-10 -0.9120659 1 9.227676E-07 0 1 -5.434826E-07 0 1 9.686619E-07 0 1 2.672889E-07 0 1 7.612513E-07 0 1 -1.00494E-07 0 1 1.922831E-06 0 1 -3.057359E-06 0 2.191333E-08 0.4242758 0.905533 -2.201265E-09 0.4242885 0.905527 0.882425 0.2197962 0.4159518 0.5067729 0.402727 0.7622284 0.8823969 -0.2197845 0.4160176 0.5067713 -0.4027146 0.7622361 0.882405 0.2197466 -0.4160204 0.5067768 0.4026714 -0.7622553 0.8823758 -0.21969 -0.416112 0.5067723 -0.4026371 -0.7622764 0.3136858 0.2779847 0.9079239 -0.4940417 -0.4378149 0.7511598 -0.4940306 0.4378363 0.7511545 0.3136786 -0.2779987 0.907922 -0.3136497 -0.2780057 0.9079298 0.4939959 0.43786 0.7511635 0.4940159 -0.4378464 0.7511584 -0.3136625 0.2779987 0.9079276 0.890121 7.746767E-07 0.4557241 0.6605578 2.36574E-08 0.7507752 0.6605576 6.067099E-07 0.7507753 0.8901206 2.366593E-07 0.455725 0.8901029 5.34218E-07 -0.4557597 0.8901207 -1.16699E-08 -0.4557248 0.6605757 -2.108474E-08 -0.7507595 0.6605757 -3.737036E-08 -0.7507595 -0.4602886 0.8877693 -2.414033E-06 -0.4602886 0.8877693 -1.82521E-06 0.004850996 0.9999883 0 0.02863267 0.99959 0 0.0003446186 0.9999999 0 -0.006235975 0.9999806 0 0.04676208 0.9989061 0 0.02475344 0.9996936 0 0.1035305 0.9946263 0 0.1386538 0.9903409 0 0.4994407 0.8663481 0 0 1 -2.022571E-06 0 1 -1.507054E-07 0 1 0 0.0004271395 0.9999999 0 -3.847586E-07 1 0 0.003192299 0.9999949 0 0.02412957 0.9997088 0 -0.006233966 0.9999806 0 0.0467594 0.9989062 0 0.02475386 0.9996936 0 0.103536 0.9946257 0 0.1386521 0.9903411 0 0.4994431 0.8663467 0 6.190396E-09 0 1 6.011854E-09 0 1 -3.847586E-07 1 0 -3.430376E-07 1 0 -3.847586E-07 1 0 -3.847586E-07 1 0 0 1 0 0 1 0 0.7355823 0.01010175 -0.6773601 0.9626224 0.0001607381 -0.270847 0.9626223 -0.0001600996 -0.2708475 0.7355462 -0.009915583 -0.677402 0.7355821 0.01009991 0.6773603 0.9626226 0.0001615679 0.2708463 0.9626324 -0.0001603284 0.2708115 0.7355615 -0.009914447 0.6773854 0.9626225 0.0001613895 0.2708465 0.7355461 0.009914892 0.6774021 0.9626224 -0.0001607381 0.270847 0.7355669 -0.01010201 0.6773768 0.9626225 0.0001608713 -0.2708469 0.7355615 0.009914072 -0.6773854 0.9626323 -0.0001597578 -0.2708119 0.7355822 -0.01010086 -0.6773602  
			<SubMeshes>: 1
				<SubMesh>: 0 504 0 2 3 0 3 1 4 6 7 4 7 5 96 8 9 96 9 97 11 98 99 99 100 11 99 101 100 101 102 100 10 103 104 10 104 105 106 107 108 106 108 109 110 111 112 112 113 110 112 114 113 114 115 113 12 14 15 12 15 13 16 18 19 16 19 17 116 20 21 116 21 117 23 118 119 119 120 23 119 121 120 121 122 120 22 123 124 22 124 125 126 127 128 126 128 129 130 131 132 132 133 130 132 134 133 134 135 133 36 33 25 36 25 26 32 41 29 32 29 24 31 28 40 31 40 45 44 47 38 44 38 37 34 136 137 34 137 39 138 35 42 138 42 139 46 140 141 46 141 43 142 143 144 144 145 142 145 146 142 145 147 146 147 148 146 147 149 148 150 151 27 150 27 30 152 153 248 152 248 249 250 251 154 250 154 155 156 157 252 156 252 253 254 255 158 254 158 159 160 36 26 160 26 161 162 25 33 162 33 163 28 164 165 28 165 40 45 166 167 45 167 31 168 169 170 170 171 168 171 172 168 171 173 172 173 174 172 173 175 174 60 50 49 60 49 57 56 48 53 56 53 65 55 69 64 55 64 52 68 61 62 68 62 71 58 63 176 58 176 177 178 179 66 178 66 59 70 67 180 70 180 181 182 183 184 184 185 182 185 186 182 185 187 186 187 188 186 187 189 188 190 54 51 190 51 191 192 256 257 192 257 193 258 194 195 258 195 259 196 260 261 196 261 197 262 198 199 262 199 263 200 201 50 200 50 60 202 203 57 202 57 49 52 64 204 52 204 205 69 55 206 69 206 207 208 209 210 210 211 208 211 212 208 211 213 212 213 214 212 213 215 214 74 76 77 74 77 75 76 78 79 76 79 77 216 80 81 216 81 217 80 82 83 80 83 81 82 84 85 82 85 83 84 86 87 84 87 85 88 72 73 88 73 89 86 88 89 86 89 87 218 219 90 90 220 218 220 221 218 220 222 221 220 223 222 220 224 223 220 225 224 220 226 225 91 95 94 91 94 227 228 91 227 228 227 229 230 231 232 232 233 230 233 234 230 234 235 230 235 236 230 236 237 230 237 238 230 238 239 230 240 92 93 240 93 241 90 242 243 90 243 220 230 244 245 230 245 231 75 246 247 75 247 74  
		</Mesh>
		<Materials>: 1
			<Material>: 0
				<AlbedoColor>: 1 1 1 1
				<EmissiveColor>: 0 0 0 0
				<Glossiness>: 0.267
				<Metallic>: 0
				<SpecularHighlight>: 1
				<GlossyReflection>: 1
				<AlbedoMap>: BLD_Doors1_A
				<MetallicMap>: BLD_Doors1_MS
				<NormalMap>: BLD_Doors1_N
				<EmissionMap>: null
				<DetailAlbedoMap>: DET_Concrete1_A
				<DetailNormalMap>: null
		</Materials>
		<Children>: 0
	</Frame>
</Hierarchy>
