<Hierarchy>:
	<Frame>: 0 5 GreenHouse1_Deco_RoofPiece_B
		<Transform>: 0 0 0 0 0 0 1 1 1 0 0 0 1  
		<TransformMatrix>: 1 0 0 0 0 1 0 0 0 0 1 0 0 0 0 1  
		<BoxCollider>: 1 -1.928351 -0.6522605 -0.0903405 3.947162 1.594201 4.809588  
		<Mesh>: 141 GreenHouse1_Deco_RoofPiece_B
			<Bounds>: -1.928351 -0.6522605 -0.0903405 1.973581 0.7971004 2.404794
			<Positions>: 141 -2.507923 -0.9035714 2.31258 -3.740398 -1.345775 2.303979 -0.07542881 0.1448399 2.261303 -0.05324373 0.1053826 -2.462501 -2.512542 -0.9430288 -2.495135 -3.740398 -1.389825 -0.04755696 0.006972462 0.005899072 0.01176227 -2.517645 -0.9089449 0.01937263 -2.482898 -0.9531453 2.314454 -3.714208 -1.394771 2.305832 -0.07542881 0.08957827 2.263394 -0.05235896 0.0501076 -2.462604 -2.486123 -0.9919256 -2.494558 -3.713404 -1.438386 -0.04487309 0.007402569 -0.04936635 0.01353052 -2.492223 -0.9583185 0.02162687 -3.74598 -1.40104 -0.1972847 -3.718791 -1.449361 -0.1922259 -3.87326 -1.316595 -2.491483 -3.901932 -1.268768 -2.489666 -0.02939984 0.1033017 -1.370521 -2.514853 -0.9451096 -1.356384 -0.02872095 0.04803103 -1.369777 -2.488885 -0.9942224 -1.355047 -3.831306 -1.32867 -1.451509 -3.803305 -1.376721 -1.450213 -3.740398 -1.362731 1.336989 -0.07542881 0.1427714 1.39477 -2.517645 -0.9056399 1.403919 -3.713899 -1.41156 1.339162 -0.07526323 0.08750838 1.396736 -2.492467 -0.9551367 1.40594 0.04504874 0.1422233 1.173042 -1.947566 -0.6731045 1.403919 -0.08783421 0.04857808 -1.628811 -2.254856 -0.8371394 -1.357168 -0.08859381 0.1038487 -1.62871 0.04522982 0.08695781 1.174105 -1.830695 -0.6840464 1.405925 -1.991407 -0.7867675 -1.35668 -1.070649 -0.3716676 1.312001 -1.070649 -0.2909447 1.399633 -1.070648 -0.3858801 -2.475974 -1.070648 -0.3845977 0.01501072 -1.070648 -0.3827104 -1.48831 -1.070649 -0.3142921 1.302314 -1.070649 -0.3414714 2.284501 -1.070648 -0.3367127 -1.364273 -1.070649 -0.3499875 1.401947 -1.070648 -0.3283421 -2.476001 -1.070649 -0.3227395 -1.505609 -1.070649 -0.2841024 2.282282 -1.070648 -0.3951367 -1.362824 -1.070648 -0.4413838 0.01702235 -1.070649 -0.2841024 2.282282 -1.070649 -0.3414714 2.284501 -0.07542881 0.1448399 2.261303 -3.714208 -1.394771 2.305832 -2.482898 -0.9531453 2.314454 -3.740398 -1.362731 1.336989 -3.713899 -1.41156 1.339162 -3.714208 -1.394771 2.305832 -3.740398 -1.345775 2.303979 -2.517645 -0.9089449 0.01937263 -2.517645 -0.9089449 0.01937263 -3.74598 -1.40104 -0.1972847 -2.492223 -0.9583185 0.02162687 -2.517645 -0.9089449 0.01937263 -2.492223 -0.9583185 0.02162687 -3.740398 -1.389825 -0.04755696 -3.831306 -1.32867 -1.451509 -3.718791 -1.449361 -0.1922259 -3.74598 -1.40104 -0.1972847 -3.718791 -1.449361 -0.1922259 -3.803305 -1.376721 -1.450213 -2.486123 -0.9919256 -2.494558 -3.87326 -1.316595 -2.491483 -3.901932 -1.268768 -2.489666 -3.87326 -1.316595 -2.491483 -2.512542 -0.9430288 -2.495135 -3.901932 -1.268768 -2.489666 -2.486123 -0.9919256 -2.494558 -3.740398 -1.389825 -0.04755696 -3.713404 -1.438386 -0.04487309 -3.713404 -1.438386 -0.04487309 -2.507923 -0.9035714 2.31258 -3.740398 -1.345775 2.303979 -1.070648 -0.3283421 -2.476001 -0.08859381 0.1038487 -1.62871 -1.070649 -0.3227395 -1.505609 -1.991407 -0.7867675 -1.35668 -1.070648 -0.3367127 -1.364273 -1.070648 -0.3951367 -1.362824 -0.05324373 0.1053826 -2.462501 -0.08859381 0.1038487 -1.62871 -0.08783421 0.04857808 -1.628811 -0.02939984 0.1033017 -1.370521 0.006972462 0.005899072 0.01176227 0.006972462 0.005899072 0.01176227 0.04504874 0.1422233 1.173042 0.007402569 -0.04936635 0.01353052 -1.070649 -0.3142921 1.302314 0.04522982 0.08695781 1.174105 0.04504874 0.1422233 1.173042 -1.830695 -0.6840464 1.405925 -1.070649 -0.2909447 1.399633 -1.070649 -0.3499875 1.401947 0.007402569 -0.04936635 0.01353052 0.04522982 0.08695781 1.174105 -1.070649 -0.3716676 1.312001 -2.254856 -0.8371394 -1.357168 -2.254856 -0.8371394 -1.357168 -1.991407 -0.7867675 -1.35668 -0.07542881 0.1427714 1.39477 -0.07526323 0.08750838 1.396736 -0.07542881 0.08957827 2.263394 -0.02872095 0.04803103 -1.369777 -0.05324373 0.1053826 -2.462501 -0.05235896 0.0501076 -2.462604 -1.070648 -0.3858801 -2.475974 -0.05235896 0.0501076 -2.462604 -0.08783421 0.04857808 -1.628811 -1.070648 -0.3827104 -1.48831 -1.947566 -0.6731045 1.403919 -0.02939984 0.1033017 -1.370521 -0.02872095 0.04803103 -1.369777 -1.947566 -0.6731045 1.403919 -1.830695 -0.6840464 1.405925 -1.947566 -0.6731045 1.403919 -2.512542 -0.9430288 -2.495135 -2.254856 -0.8371394 -1.357168 -0.07542881 0.1448399 2.261303 -0.07542881 0.08957827 2.263394 -0.07526323 0.08750838 1.396736 -0.07542881 0.1427714 1.39477 -2.517645 -0.9089449 0.01937263 -3.718791 -1.449361 -0.1922259 -1.991407 -0.7867675 -1.35668 -1.070648 -0.3367127 -1.364273 -1.070648 -0.3827104 -1.48831 -2.254856 -0.8371394 -1.357168  
			<Colors>: 0  
			<TextureCoords0>: 141 0.07177734 0.8491211 0.07177734 0.9282227 0.2114258 0.644043 0.003417969 0.644043 0.1386719 0.7148438 0.1162109 0.8999023 0.1162109 0.644043 0.1162109 0.7773438 0.2114258 0.7773438 0.2114258 0.8999023 0.06884766 0.7900391 0.1098633 0.8540039 0.1435547 0.7148438 0.1806641 0.6606445 0.1098633 0.8637695 0.1162109 0.7773438 0.1098633 0.8999023 0.1100802 0.7768555 0.1435547 0.8217773 0.1386719 0.8217773 0.0546875 0.644043 0.0546875 0.7773438 0.1098633 0.796875 0.0546875 0.7783203 0.05371094 0.8999023 0.06884765 0.6921731 0.1748047 0.8999023 0.1748047 0.644043 0.1748047 0.7773438 0.1748047 0.8999023 0.1098633 0.7929688 0.1748047 0.7773438 0.1650875 0.644043 0.1054688 0.6450195 0.1098633 0.8056641 0.1054688 0.6450195 0.04120987 0.644043 0.1098633 0.8007813 0.1748047 0.7426852 0.0546875 0.7515931 0.1098633 0.7250977 0.1748047 0.699188 0.1435547 0.6722462 0.1162109 0.7009418 0.1098633 0.734375 0.1705283 0.7021259 0.2114258 0.6991479 0.0546875 0.6999888 0.1748047 0.6999763 0.1386719 0.6719016 0.04731983 0.6982502 0.2114258 0.698581 0.0546875 0.7011379 0.1162109 0.7015336 0.07177734 0.8142116 0.06884766 0.8144629 0.07177734 0.7900391 0.06884766 0.9282227 0.06884766 0.8491211 0.07519531 0.6610333 0.06884766 0.6610334 0.06884766 0.6010742 0.07519531 0.6010742 0.1162109 0.7773438 0.1164526 0.7128906 0.1099737 0.7768555 0.1164526 0.7128906 0.1738281 0.8041992 0.1806641 0.8041992 0.1738281 0.6606445 0.07519531 0.691906 0.06884766 0.6010742 0.07519531 0.6010742 0.1098633 0.8999023 0.05371094 0.8999023 0.003417969 0.7807617 0.006835938 0.8999023 0.07519531 0.7670898 0.06884766 0.7675781 0.003417969 0.7773438 0.006835938 0.8999023 0.003417969 0.7773438 0.07519531 0.7568359 0.06884766 0.7568359 0.1162109 0.8999023 0.2114258 0.7773438 0.2114258 0.8999023 0.003417969 0.6991891 0.1054688 0.8056641 0.1054688 0.734375 0.1098633 0.6450195 0.1054688 0.7211914 0.1098633 0.7211914 0.1054688 0.8540039 0.1054688 0.8056641 0.1098633 0.8056641 0.1054688 0.796875 0.1054688 0.8637695 0.1054688 0.8657227 0.1054688 0.8007813 0.1098633 0.8657227 0.1054688 0.7250977 0.1098633 0.8007813 0.1054688 0.8007813 0.1098633 0.6450195 0.1054688 0.7216797 0.1098633 0.7216797 0.1162109 0.644043 0.1650509 0.644043 0.1708529 0.7027195 0.0546875 0.7636158 0.1054688 0.6450195 0.1098633 0.6450195 0.1054688 0.7929688 0.1748047 0.644043 0.2114258 0.644043 0.0546875 0.644043 0.1386719 0.6416016 0.1435547 0.6416016 0.003417969 0.6998162 0.003417969 0.644043 0.04118167 0.644043 0.04815472 0.6995711 0.1748047 0.7477779 0.1054688 0.796875 0.1098633 0.796875 0.1054688 0.6450195 0.1098633 0.6450195 0.1748047 0.7477779 0.003417969 0.7773438 0.0546875 0.7636158 0.1054688 0.840332 0.1098633 0.840332 0.1098633 0.7929688 0.1054688 0.7929688 0.1164526 0.7128906 0.1100802 0.7768555 0.1098633 0.6450195 0.1054688 0.7211914 0.1098633 0.734375 0.1054688 0.6450195  
			<TextureCoords1>: 141 0.1614764 0.1769115 0.00390625 0.1702308 0.00390625 0.1933646 0.594633 0.9960938 0.3253486 0.4951318 0.4822412 0.4719192 0.5054952 0.1836488 0.3239982 0.46369 0.00676847 0.8386591 0.01227945 0.9960938 0.4779865 0.1764003 0.9853957 0.8200345 0.3243317 0.5017484 0.9189465 0.7653322 0.7347254 0.855546 0.282817 0.8320837 0.987264 0.2245936 0.5955965 0.7653524 0.4948255 0.482415 0.4961418 0.4758254 0.500048 0.3504828 0.8247968 0.3591059 0.9011932 0.8412719 0.4486818 0.8288476 0.9894497 0.3762349 0.746742 0.7907031 0.4812479 0.3051317 0.00390625 0.2977328 0.3240294 0.296931 0.1286758 0.9934499 0.5972749 0.7753726 0.1161691 0.8367122 0.500048 0.04285258 0.8406031 0.7692587 0.8784274 0.8181482 0.8856282 0.8239408 0.5973899 0.8956169 0.594633 0.8412715 0.1137236 0.750623 0.4470795 0.7639405 0.7066768 0.7864929 0.1346622 0.297273 0.1392163 0.4903389 0.6435032 0.1878271 0.7480581 0.8189989 0.6457061 0.03253937 0.005089556 0.6532931 0.6361231 0.3539091 0.1113447 0.6506701 0.136886 0.4838125 0.7261592 0.8792247 0.1344354 0.1909611 0.444502 0.6434487 0.2783093 0.6499188 0.3499742 0.1729641 0.3473681 0.1793691 0.4804966 0.1702308 0.004602317 0.1768895 0.1620163 0.1835819 0.7614236 0.8012714 0.761575 0.8079661 0.8780212 0.808089 0.8779085 0.8013949 0.8288134 0.1934027 0.7561301 0.7586915 0.594633 0.7587163 0.7567977 0.7653524 0.76139 0.7586935 0.760704 0.7653524 0.9198468 0.7586935 0.7474586 0.7973647 0.594633 0.7907611 0.5957963 0.7973652 0.3128015 0.9904409 0.4648534 0.9933619 0.585885 0.8245782 0.5907267 0.9960938 0.8729936 0.7973652 0.8726467 0.7906543 0.8197433 0.496163 0.9915275 0.5017484 0.585885 0.8245782 0.594633 0.801393 0.5948465 0.808089 0.2953409 0.9898074 0.3229425 0.1874881 0.48065 0.1886483 0.7278525 0.9960912 0.8809701 0.8119953 0.7511619 0.812152 0.8540395 0.8307077 0.7307841 0.823941 0.7335241 0.8304247 0.985391 0.8133762 0.8848764 0.8133769 0.8848802 0.8200345 0.9011832 0.8346139 0.7348379 0.848887 0.7348379 0.848887 0.5946597 0.8346139 0.7347254 0.855546 0.7094052 0.7800375 0.852931 0.7861741 0.8554295 0.7800031 0.8282267 0.7760968 0.7253896 0.7692587 0.7282318 0.7757832 0.2749799 0.511768 0.1343137 0.5056547 0.1220876 0.6513734 0.7909071 0.3580382 0.594633 0.8119953 0.6259221 0.8200345 0.594633 0.7692587 0.1082344 0.5197676 0.00390625 0.5226647 0.4419993 0.5070915 0.00390625 0.4758254 0.006044761 0.482131 0.578453 0.6392587 0.5731193 0.5059399 0.4728334 0.5127424 0.4595367 0.6424358 0.2498753 0.2968503 0.594633 0.8239408 0.5971493 0.830105 0.594633 0.7800031 0.6070604 0.7867481 0.7601573 0.02428031 0.9166546 0.9960938 0.8814343 0.8594522 0.8897704 0.8240512 0.8895345 0.8307077 0.9939175 0.8307077 0.9941384 0.824051 0.7561301 0.7586915 0.5955965 0.7653524 0.8540395 0.8307077 0.7307841 0.823941 0.7480581 0.8189989 0.594633 0.8119953  
			<Normals>: 141 -0.00717197 0.033693 0.9994065 -0.6639744 -0.3320482 0.6699867 -0.3976982 0.9175044 -0.004669467 -0.395675 0.9183383 -0.009796504 0.003326568 0.004425251 -0.9999847 -0.3575917 0.933822 -0.01022388 -0.3643654 0.9311934 -0.0108037 -0.3540869 0.9352081 -0.00286883 0.2607255 -0.6464576 0.717018 -0.2929504 -0.7461247 0.5978947 0.257461 -0.5514232 0.7935025 0.6441065 0.00997976 -0.7648708 0.005523908 0.003082402 -0.99998 0.06134275 -0.01745674 -0.9979641 0.9995434 0.007019265 -0.02938936 0.3547279 -0.9349642 0.003174026 -0.3278373 0.9444472 0.02328615 -0.1665109 -0.01586981 0.9859119 -0.005340897 0.009766212 -0.999938 -0.005340897 0.009766212 -0.999938 -0.3641886 0.9297749 0.05371423 -0.338614 0.9408863 0.008575985 0.99963 0.009430472 -0.02551416 0.3391586 -0.9406898 -0.008606383 -0.2886165 0.9569786 0.02987792 -0.3676938 -0.9299468 -0.0002136336 -0.3509118 0.9363649 -0.009033735 -0.3976982 0.9175044 -0.004669467 -0.3640296 0.9313763 -0.004547318 -0.3498717 -0.9367247 0.01168884 0.01129219 -0.03738631 -0.9992371 0.3646787 -0.9311225 0.004516901 -0.3631133 0.9289024 -0.07272644 0.01266537 -0.04049867 -0.9990994 0.06787381 0.1476805 0.9867034 0.006409 -0.03000022 -0.9995294 -0.395675 0.9183383 -0.009796504 0.9994376 0.004669414 -0.03320472 0.3793835 -0.925127 0.01443556 0.3812144 -0.9244854 0.001464918 0.04754828 0.1709052 0.9841394 -0.3975158 0.9175673 -0.00717207 0.01364216 -0.001068178 -0.9999064 -0.3619882 0.9321172 -0.01104795 -0.005951237 0.3049475 0.9523506 -0.3596088 0.9317235 -0.05072307 0.2892889 -0.6285983 0.7219252 -0.3636385 0.931055 0.0300616 0.3996167 -0.9166402 0.008789492 0.01333662 -0.0003051859 -0.9999111 -0.3953142 0.918534 -0.004699945 -0.3975158 0.9175671 -0.007202589 0.3638203 -0.93096 -0.03079395 0.3624488 -0.9319414 0.01077336 0.004425223 0.03857573 0.9992459 0.2892889 -0.6285983 0.7219252 0.004608396 0.03821002 0.9992591 -0.2929504 -0.7461247 0.5978947 0.2607255 -0.6464576 0.717018 -0.8785742 -0.4775271 0.008667329 -0.3498717 -0.9367247 0.01168884 -0.2929504 -0.7461247 0.5978947 -0.6639744 -0.3320482 0.6699867 -0.3540869 0.9352081 -0.00286883 -0.1665109 -0.01586981 0.9859119 -0.1665109 -0.01586981 0.9859119 -0.1665109 -0.01586981 0.9859119 0.06134275 -0.01745674 -0.9979641 0.06134275 -0.01745674 -0.9979641 0.06134275 -0.01745674 -0.9979641 -0.8640945 -0.5024706 0.02939014 -0.2583445 -0.9660528 0.0003357105 -0.8682384 -0.4952337 0.03009185 -0.2583445 -0.9660528 0.0003357105 -0.3676938 -0.9299468 -0.0002136336 0.3246282 -0.9456548 -0.01879957 -0.4024608 -0.9154327 -0.002868834 -0.8604295 -0.508756 0.02877966 -0.4024608 -0.9154327 -0.002868834 -0.3246983 0.9456508 0.01776242 -0.2544997 0.9664214 0.03549384 0.3246282 -0.9456548 -0.01879957 -0.8766521 -0.4810371 0.009186154 -0.3676052 -0.9298931 0.01284863 -0.3676052 -0.9298931 0.01284863 -0.3669323 0.930225 -0.006500588 -0.3437072 0.9390452 -0.007721357 -0.3953393 0.9185215 -0.005005068 0.06787381 0.1476805 0.9867034 0.02587975 0.2382585 0.9708568 0.006409 -0.03000022 -0.9995294 0.003540248 -0.02325577 -0.9997233 0.004699931 -0.02600221 -0.9996508 0.8173638 0.01242129 -0.5759879 0.9989893 0.01477136 0.04245239 0.9989893 0.01477136 0.04245239 0.99963 0.009430472 -0.02551416 0.9995441 0.007049789 -0.02935886 0.9995441 0.007049789 -0.02935886 0.9994376 0.004669414 -0.03320472 0.9995434 0.007019265 -0.02938936 0.06076378 0.1400832 0.9882735 0.07989778 0.09482139 0.9922828 0.07989778 0.09482139 0.9922828 0.01266537 -0.04049867 -0.9990994 0.01181081 -0.03851483 -0.9991882 0.01214645 -0.03933862 -0.9991522 0.3658952 -0.9305927 0.01086485 0.364582 -0.9283625 0.07226939 0.3603357 -0.9314343 0.05087487 -0.3807932 0.9246526 -0.003753912 -0.0478535 0.3900914 0.9195318 -0.0478535 0.3900914 0.9195318 0.01129219 -0.03738631 -0.9992371 0.3999527 -0.9165189 0.005554475 0.257461 -0.5514232 0.7935025 0.3657998 -0.9291791 -0.0530724 0.8173638 0.01242129 -0.5759879 0.6441065 0.00997976 -0.7648708 0.3974249 -0.9176297 0.003051949 0.3980887 -0.9173068 0.008575814 0.3980887 -0.9173068 0.008575814 0.3973885 -0.9176468 0.002624638 -0.3781269 0.9256633 -0.01293994 0.001831159 -0.01925769 -0.9998129 0.001831159 -0.01925769 -0.9998129 0.0282605 0.2154024 0.9761164 0.0282605 0.2154024 0.9761164 -0.3781269 0.9256633 -0.01293994 -0.3246983 0.9456508 0.01776242 -0.3807932 0.9246526 -0.003753912 0.9999989 0.001495451 9.155822E-05 0.9999989 0.001495451 9.155822E-05 0.9999989 0.001495451 9.155822E-05 0.9999989 0.001495451 9.155822E-05 -0.1665109 -0.01586981 0.9859119 -0.1665109 -0.01586981 0.9859119 0.006409 -0.03000022 -0.9995294 0.003540248 -0.02325577 -0.9997233 -0.005951237 0.3049475 0.9523506 -0.0478535 0.3900914 0.9195318  
			<Tangents>: 141 -0.4488299 0.8929955 -0.03332648 -0.4723325 0.880856 -0.03153799 -0.0009860275 0.004661854 0.9999887 -0.02967978 -0.002124903 0.9995572 0.4746475 -0.8801729 -0.002316076 -9.402779E-05 0.01091177 0.9999405 0.01922554 0.01912046 0.9996323 -0.0002253464 0.002982251 0.9999955 -0.2627961 0.6671353 0.6970428 0.2178333 0.5568007 0.8015745 0.178482 0.8341939 0.52179 0.01486984 -0.9998893 -0.0005241336 0.475418 -0.87976 -8.561025E-05 0.4847831 -0.873472 0.04507767 0.00794431 -0.9994729 0.03147798 0.001013689 0.003779381 0.9999924 0.03141901 -0.01373516 0.9994119 0.4921429 -0.8677636 0.06915012 0.5133671 -0.8580971 -0.01112289 0.5141414 -0.8576333 -0.0111225 0.0197617 -0.04994724 0.9985563 0.01359243 -0.004222115 0.9998987 0.009777901 -0.9998607 0.01352677 0.002432841 -0.00827153 0.9999628 0.04396455 -0.01792656 0.9988722 -0.9240176 0.3653754 -0.1126598 0.003636305 0.01100976 0.9999328 -0.005567912 0.002675768 0.9999809 0.004281655 0.006555705 0.9999694 -0.0004383079 0.01264113 0.99992 0.002973315 -0.9992951 0.03742209 0.002121329 0.005681767 0.9999816 0.04135899 0.09404604 0.9947084 0.9955095 -0.09323066 0.01639898 0.02318871 -0.9889504 0.1464217 0.9822138 0.1877648 0.0006623325 -0.04026825 -0.006691215 0.9991665 0.005320018 -0.9997951 0.01953243 -0.001954281 0.0148007 0.9998885 0.0008892718 0.001951268 0.9999977 0.02006963 -0.9852185 0.170123 -0.01438508 0.00158356 0.9998953 0.2174964 -0.9760529 0.004010095 0.008670663 0.01521797 0.9998466 -0.0001615171 -0.9523677 0.304952 0.02563145 0.06420254 0.9976076 -0.320505 0.6470368 0.6918236 0.01287082 -0.0272461 0.9995459 -0.01633528 0.002466009 0.9998635 0.2110576 -0.9774687 0.003113382 -0.02052319 -0.003716995 0.9997824 -0.0107141 0.003207519 0.9999375 0.005210899 -0.03102483 0.999505 0.007934646 0.01464445 0.9998613 -0.1882532 0.9814213 -0.03705393 0.01076575 0.7562612 0.6541812 -1.88681E-06 0.9992697 -0.03821041 -0.7473282 0.5687363 0.343569 -0.3787451 0.6146715 0.691904 -0.4774787 0.8777772 -0.03900512 -0.9361395 0.3491311 -0.04183792 -0.7475514 0.5686066 0.3432978 -0.4725946 0.8807033 -0.03187338 0.006470934 0.005517489 0.9999638 0.4921429 -0.8677636 0.06915012 0.4921429 -0.8677636 0.06915012 -0.00264283 0.9998741 0.0156482 0.4579275 -0.8879158 0.04367957 0.4572104 -0.8882871 0.04364199 0.485477 -0.8730847 0.04511355 -0.5029567 0.8597347 -0.08882974 -0.9579973 0.2561455 -0.12896 -0.4957877 0.8637038 -0.09061027 0.02905031 -0.007421363 0.9995504 0.05565606 -0.02223529 0.9982024 0.006839828 -0.01752843 0.999823 0.07614163 -0.03659755 0.9964252 -0.5091849 0.8562141 -0.08733934 -0.909929 0.4003805 -0.1082805 0.02086248 -0.01161459 0.9997149 0.0582752 -0.02130998 0.9980731 0.02573554 -0.01103755 0.9996079 -0.4808886 0.8754637 -0.04805627 -0.9289632 0.3665211 -0.05186075 -0.002210934 0.01468982 0.9998897 0.0006656049 0.007250555 0.9999735 0.003005517 0.009322238 0.999952 -0.01178362 0.0003769001 0.9999305 0.02409125 -0.9889383 0.1463578 -0.0007336665 -0.9711774 0.2383567 0.9822138 0.1877648 0.0006623325 0.9822189 0.1877371 -0.0008889176 0.0001680853 -0.9996619 0.02600329 0.01455164 -0.9998937 -0.0009131943 0.01486043 -0.999888 -0.001783445 0.01486068 -0.999888 -0.001789199 0.009790307 -0.9998538 0.01401538 0.007988256 -0.9994568 0.03197176 0.007977575 -0.9994686 0.03160529 0.005307924 -0.9998022 0.01916741 0.007958752 -0.9994571 0.03197294 -0.001439767 -0.9900897 0.1404292 0.008985353 -0.9954934 0.09440469 0.009331206 -0.9954928 0.09437679 0.9929195 -0.1175151 0.01735053 0.02246505 -0.9989955 0.03877295 3.859608E-05 -0.9992258 0.03934199 0.02461152 0.02134588 0.9994692 0.02315023 0.08662397 0.995972 0.01733554 0.06121571 0.997974 0.00291914 0.005261905 0.9999819 -0.005770667 -0.920679 0.3902778 0.9839261 0.1769736 -0.02387257 0.002849384 -0.9992955 0.0374207 -0.00150654 0.005402882 0.9999843 -0.3441195 0.7150245 0.6085407 0.01805536 -0.04992891 0.9985896 0.01458243 -0.9998933 -0.0008694972 0.01782911 -0.9998391 0.001968561 -0.0008711639 0.002948589 0.9999953 -0.03985282 -0.007953963 0.9991739 -0.0232616 -0.0007485914 0.9997292 -0.004271863 0.001010218 0.9999903 -0.01677787 0.007123132 0.9998339 0.01178739 -0.9997447 0.01927797 0.01227065 -0.9997389 0.01927874 0.9748917 -0.2217152 0.02070149 0.9951059 -0.09856158 -0.007060423 0.01692774 0.02088891 0.9996385 0.008686827 -0.01579752 0.9998375 -0.003908094 0.002450322 0.9999894 0.001490934 -0.9992875 0.03771244 0.001490921 -0.9992841 0.03780146 0.001491236 -0.9993632 0.03565032 0.001491249 -0.9993664 0.03556117 -0.00264283 0.9998741 0.0156482 -0.00264283 0.9998741 0.0156482 -3.133242E-05 -0.9995499 0.03000064 7.492418E-06 -0.9997296 0.02325594 0.9839131 0.1718328 -0.04887326 0.9839261 0.1769736 -0.02387257  
			<BiTangents>: 141 0.8935884 0.4488025 -0.008717891 0.5796896 0.3373969 0.741703 0.9175158 0.3976983 -0.0009493263 0.9179109 0.3957905 0.02809685 0.8801697 0.4746325 0.00502839 0.933878 0.3575715 -0.003814154 0.9310576 0.3640237 -0.02486953 0.9352125 0.354086 -0.0008452302 0.9289567 0.3701664 -0.004052641 0.9309827 -0.3650629 0.0005842022 0.949662 -0.007285288 -0.3131915 0.7647913 0.01103591 0.6441836 0.8797427 0.475408 0.006325142 -0.8724806 -0.4865613 -0.04511844 -0.02915291 -0.03169708 -0.9990723 0.9349691 0.3547219 -0.002288414 0.9442116 0.3283761 -0.02517069 0.854441 0.4967238 0.1523023 0.8581525 0.5133947 0.0004306433 0.8576888 0.514169 0.0004406831 0.9311156 0.3647243 -0.0001837194 0.9408272 0.3386963 -0.01135926 -0.02538304 -0.01377124 -0.9995829 0.940726 0.3391669 0.0005168123 0.9564349 0.2896045 -0.03689923 -0.1048457 0.04122693 0.9936336 0.9364015 0.3508554 -0.007268363 0.9174994 0.3977166 0.004044436 0.9313775 0.363999 -0.006374303 0.9367976 -0.3498386 0.004833346 -0.9999318 -0.003393624 -0.01117307 0.931131 0.3646624 -0.004047236 0.9308266 0.358184 -0.07256784 -0.09381083 -0.9948206 0.03913601 -0.9974244 -0.01294218 0.07054836 0.1876566 -0.9817558 0.03067002 0.9175074 0.3957397 0.03962742 0.03310671 0.0196981 0.9992577 0.9252374 0.3793694 -0.003807183 0.9244862 0.3812123 -0.00156597 -0.9986673 -0.01166226 0.05027545 0.9174826 0.3975774 0.01256979 0.9759658 0.2175307 0.01308315 0.9321424 0.3618369 -0.0135908 -0.9999822 -0.001661021 -0.00571702 0.9327511 0.3574484 -0.04696923 0.9019914 0.4315175 0.01428832 0.9314513 0.3638603 -0.002075705 0.9165368 0.3997057 0.01398811 0.9773826 0.2110803 0.01297172 0.9183167 0.3953246 0.02032063 0.9175327 0.397568 0.008555867 0.9314546 0.3638007 0.006436324 0.9319699 0.3623131 -0.01270249 0.9821106 0.1879473 -0.01160501 0.9571813 0.1814753 -0.2255453 0.9999894 -0.0001742033 -0.004605104 0.5963897 0.3461748 0.7242115 0.8880171 0.4519641 0.08458211 -0.01101802 0.03840736 0.9992014 -0.03510967 0.02558029 0.999056 0.5961099 0.3463878 0.7243401 0.579476 0.3377952 0.7416887 0.9351901 0.3540556 -0.008005342 0.854441 0.4967238 0.1523023 0.854441 0.4967238 0.1523023 0.9860361 1.795735E-10 0.1665319 -0.8868706 -0.4596746 -0.04647327 -0.8872405 -0.4589567 -0.04650857 -0.8720946 -0.487256 -0.04508256 -0.01936661 0.09153926 0.9956131 -0.1244962 0.03363772 0.9916497 -0.01888281 0.09359049 0.9954317 0.965616 -0.2582381 -0.0299814 0.9282799 -0.367021 -0.05993296 0.945817 0.3246993 -0.0007778945 0.9122652 -0.4008036 -0.08443162 -0.01979287 0.08980352 0.9957628 -0.1002721 0.04096822 0.9941162 0.9455875 0.3249764 -0.01595739 0.9653154 0.2560777 -0.05089501 0.9454915 0.3249847 -0.02075384 -0.0150747 0.04654614 0.9988024 -0.04351566 0.03100019 0.9985717 0.9299793 -0.3675362 0.007455988 0.9302475 0.3669182 -0.003279625 0.939072 0.3436674 -0.006026436 0.9184596 0.3953708 0.01067451 -0.997403 -0.01383705 0.07068082 -0.9996648 0.006880898 0.02495903 0.1876566 -0.9817558 0.03067002 0.1877058 -0.981944 0.02350689 -0.999989 -0.0002902402 -0.004693971 0.575938 0.007635157 0.8174577 -0.0424213 -0.002412504 0.9990969 -0.04242121 -0.002418262 0.9990969 -0.02537826 -0.01425998 -0.9995762 -0.02911752 -0.03219171 -0.9990575 0.02912045 0.03182509 0.9990692 0.03310866 0.01933288 0.9992648 0.02914898 0.03219225 0.9990566 -0.9981511 0.009955892 0.0599599 -0.9967626 -0.001373286 0.08038972 -0.9967594 -0.001718699 0.08042248 -0.118112 -0.9922449 0.03872354 -0.9996779 -0.02290476 -0.01093371 -0.9999263 -0.0005164288 -0.01213553 0.9303306 0.3654335 -0.03071365 0.9308835 0.3614404 -0.05307335 0.9326616 0.3587237 -0.03820512 0.9246556 0.3807754 -0.004702888 -0.9988377 -0.01336985 -0.0463088 0.1720454 -0.9036089 0.3922899 -0.9999322 -0.003269772 -0.01117771 0.9165345 0.3999548 -0.0007801253 0.9029372 0.4297352 0.005664507 0.9305184 0.3662421 0.001487328 0.5759373 0.007688606 0.8174578 0.764728 0.01490493 0.6441808 0.9176343 0.3974257 -0.0003724369 0.9164808 0.3981016 0.03972364 0.917052 0.3981803 0.02163603 0.9176406 0.3973959 0.003518612 0.9256017 0.3782812 0.01283721 -0.9999288 -0.01182049 -0.001603694 -0.999923 -0.01230365 -0.001594376 -0.220879 -0.9510227 0.2162598 -0.09468672 -0.9715387 0.2171336 0.925599 0.3777712 -0.02356805 0.9457777 0.3247999 -0.003085277 0.924652 0.3808038 0.002680563 0.0001478901 -0.03771226 -0.9992887 0.0001480229 -0.03780128 -0.9992853 0.0001448132 -0.03565015 -0.9993643 0.0001446802 -0.035561 -0.9993675 0.9860361 1.795735E-10 0.1665319 0.9860361 1.795735E-10 0.1665319 -0.9999794 -0.0001609564 -0.006407055 -0.9999937 -8.982213E-05 -0.003539116 0.1785488 -0.9367393 0.3010644 0.1720454 -0.9036089 0.3922899  
			<SubMeshes>: 1
				<SubMesh>: 0 312 27 41 51 27 51 2 28 7 5 28 5 26 20 47 43 20 43 6 8 38 48 8 48 46 31 8 9 31 9 29 15 39 52 15 52 53 54 55 10 54 10 56 1 57 58 1 58 0 59 60 61 59 61 62 21 24 16 21 16 63 64 65 17 135 136 66 67 68 13 67 13 69 70 25 71 70 71 72 4 49 42 4 42 12 4 12 18 4 18 19 23 15 73 23 73 74 75 23 74 75 74 76 77 78 25 77 25 70 79 80 24 79 24 21 81 39 23 82 83 60 82 60 59 15 31 29 15 29 84 15 38 31 85 28 26 85 26 86 3 87 50 3 50 36 6 43 45 6 45 32 34 88 89 34 89 44 90 35 91 137 138 92 93 94 95 93 95 11 96 97 14 96 14 22 98 99 37 98 37 100 101 40 102 101 102 103 104 33 105 104 105 106 53 107 108 53 108 109 79 21 110 44 89 111 139 140 112 106 105 113 106 113 30 48 114 115 48 115 46 52 116 107 52 107 53 49 117 118 49 118 42 119 120 121 119 121 122 7 28 123 92 138 124 92 124 125 126 127 40 126 40 101 123 28 85 110 21 63 0 58 55 0 55 54 23 39 15 119 122 39 119 39 81 53 109 38 53 38 15 31 38 8 41 123 85 41 85 51 43 63 128 43 128 45 47 110 63 47 63 43 87 129 130 87 130 50 131 132 133 131 133 134  
		</Mesh>
		<Materials>: 1
			<Material>: 0
				<AlbedoColor>: 1 1 1 1
				<EmissiveColor>: 0 0 0 0
				<Glossiness>: 0
				<Metallic>: 0
				<SpecularHighlight>: 1
				<GlossyReflection>: 1
				<AlbedoMap>: BLD_Cabins1_A
				<MetallicMap>: BLD_Cabins1_MS
				<NormalMap>: BLD_Cabins1_N
				<EmissionMap>: null
				<DetailAlbedoMap>: DET_Concrete1_A
				<DetailNormalMap>: DET_Concrete1_N
		</Materials>
		<Children>: 0
	</Frame>
</Hierarchy>
