<Hierarchy>:
	<Frame>: 0 5 IndBuilding1_Wall_Mid_A
		<Transform>: 0 0 0 0 0 0 1 1 1 0 0 0 1  
		<TransformMatrix>: 1 0 0 0 0 1 0 0 0 0 1 0 0 0 0 1  
		<BoxCollider>: 1 1.499998 2.500978 0.01518326 3.000004 5.001956 0.7000002  
		<Mesh>: 394 IndBuilding1_Wall_Mid_A
			<Bounds>: 1.499998 2.500978 0.01518326 1.500002 2.500978 0.3500001
			<Positions>: 394 2.999997 0.001955032 -0.1986928 -2.861023E-06 0.3959842 -0.1986845 -2.861023E-06 0.001955509 -0.1986838 2.999997 0.3959842 -0.1986921 2.999996 0.001955032 -0.2986928 -3.814697E-06 0.001955509 -0.2986837 -3.814697E-06 0.3536172 -0.2986844 -2.861023E-06 0.3959842 -0.2563174 2.999996 0.3959842 -0.2563251 2.999996 0.3536172 -0.2986923 1.499997 0.001955271 -0.1986883 1.499996 0.001955271 -0.2986882 1.499996 0.3536172 -0.2986884 1.499997 0.3959842 -0.2563213 1.499997 0.3959842 -0.1986883 2.999995 5.001956 -0.1986843 -9.536743E-07 5.001956 -0.1986928 2.999997 4.601958 -0.1986495 -2.861023E-06 4.601958 -0.1986495 2.999997 4.661955 -0.2986496 -2.861023E-06 4.661955 -0.2986496 2.999997 4.679751 -0.2986514 -2.711272E-06 4.679751 -0.2986519 2.999997 4.655727 -0.2924213 -2.861023E-06 4.655727 -0.2924213 0.9999978 5.001956 -0.19869 1.999996 5.001956 -0.1986871 1.999997 4.601958 -0.1986495 0.9999971 4.601958 -0.1986495 1.999997 4.661955 -0.2986496 0.9999971 4.661955 -0.2986496 0.9999973 4.679751 -0.2986517 1.999997 4.679751 -0.2986516 0.9999971 4.655727 -0.2924213 1.999997 4.655727 -0.2924213 2.999995 5.001956 -0.2890442 2.999995 4.992315 -0.2986832 -8.112016E-08 4.992315 -0.2986915 -9.193407E-08 5.001956 -0.2890528 0.9999984 5.001956 -0.2890499 0.9999984 4.992315 -0.2986888 1.999997 4.992315 -0.298686 1.999997 5.001956 -0.2890471 3 4.7 0.09999974 3 5 0.09999974 0 4.7 0.09999974 0 5 0.09999974 3 4.7 0.1398417 0 4.7 0.1398417 3 4.989642 0.1999998 3 5 0.1896413 0 5 0.1896413 0 4.989642 0.1999998 3 4.755923 0.1957651 3 4.766147 0.1999998 0 4.766147 0.1999998 0 4.755923 0.1957652 2.3936 0.9049847 0.3651834 2.3936 1.004983 0.3651834 2.3936 0.9049847 -0.3348168 2.3936 1.004983 -0.3348168 0.5511044 0.9049847 0.3651834 0.5511044 1.004983 0.3651834 0.5511044 0.9049847 -0.3348168 0.5511044 1.004983 -0.3348168 2.3936 1.004983 0.01518327 2.3936 0.9049847 0.01518324 0.5511044 1.004983 0.01518324 0.5511044 0.9049847 0.01518327 1.779435 1.004983 -0.3348168 1.16527 1.004983 -0.3348168 1.16527 0.9049847 -0.3348168 1.779435 0.9049847 -0.3348168 1.16527 1.004983 0.3651834 1.779435 1.004983 0.3651834 1.779435 0.9049847 0.3651834 1.16527 0.9049847 0.3651834 1.16527 1.004983 0.01518325 1.779435 1.004983 0.01518326 1.779435 0.9049847 0.01518325 1.16527 0.9049847 0.01518326 2.249567 1.100433 -5.960464E-08 2.249567 3.899567 -1.937151E-07 0.6704333 1.100433 -5.960464E-08 0.6704332 3.899567 -1.937151E-07 2.35 3.25 -1.639128E-07 0.5699999 3.25 -1.639128E-07 0.5699999 4 -1.937151E-07 2.35 4 -1.937151E-07 2.249567 3.331351 -1.639128E-07 0.6704332 3.331351 -1.639128E-07 0.6704332 3.168649 -1.490116E-07 2.249567 3.168649 -1.490116E-07 2.35 1 -5.960464E-08 0.5699999 1 -5.960464E-08 2.249567 1.100433 -0.1000001 2.249567 3.899567 -0.1000002 0.6704333 1.100433 -0.1000001 0.6704332 3.899567 -0.1000002 2.35 3.25 -0.09999709 0.5699999 3.25 -0.09999709 0.5699999 4 -0.1000002 2.35 4 -0.1000002 2.249567 3.331351 -0.1000002 0.6704332 3.331351 -0.1000002 0.6704332 3.168649 -0.1000002 2.249567 3.168649 -0.1000002 2.35 1 -0.09999698 0.5699999 1 -0.1000001 0.5690762 4.003351 0.09995653 0.5690762 0.9611317 0.09995653 2.347569 0.9611315 0.09995653 2.347569 4.003351 0.09995653 3 -2.471608E-07 0.09995653 2.999999 0.6602393 0.09995653 2.999998 5 0.09995605 -2.384186E-07 1.10467E-07 0.09995653 2.622604E-06 5 0.09995653 0.5690762 4.003351 -0.2000434 0.5690762 0.9611317 -0.2000343 2.347569 0.9611315 -0.2000434 2.347569 4.003351 -0.2000434 3 -2.471609E-07 -0.2000434 2.999999 0.6602393 -0.2000434 2.999998 5 -0.2000348 -2.384186E-07 1.10467E-07 -0.2000343 2.622604E-06 5 -0.2000434 2.3936 0.9049847 0.3468275 0.5511044 1.004983 0.3468275 2.3936 1.004983 0.3468275 0.5511044 0.9049847 0.3468275 1.779435 0.9049847 0.3468275 1.16527 0.9049847 0.3468275 1.16527 1.004983 0.3468275 1.779435 1.004983 0.3468275 2.382901 0.9049847 -0.3348168 2.382901 1.004983 0.3651834 2.382901 1.004983 0.01518327 2.382901 1.004983 -0.3348168 2.382901 0.9049847 0.3651834 2.382901 0.9049847 0.01518324 2.382901 0.9049847 0.3468275 2.382901 1.004983 0.3468275 0.5627227 1.004983 -0.3348168 0.5627227 0.9049847 0.3651834 0.5627227 0.9049847 0.01518327 0.5627227 0.9049847 -0.3348168 0.5627227 1.004983 0.3651834 0.5627227 1.004983 0.01518324 0.5627227 1.004983 0.3468275 0.5627227 0.9049847 0.3468275 2.3936 0.9974663 0.3651834 2.3936 0.9974663 -0.3348168 0.5511044 0.9974663 -0.3348168 0.5511044 0.9974663 0.3651834 0.5511044 0.9974663 0.01518324 2.3936 0.9974663 0.01518327 1.16527 0.9974663 0.3651834 1.779435 0.9974663 0.3651834 1.779435 0.9974663 -0.3348168 1.16527 0.9974663 -0.3348168 2.3936 0.9974663 0.3468275 0.5511044 0.9974663 0.3468275 2.382901 0.9974663 -0.3348168 2.382901 0.9974663 0.3651834 0.5627227 0.9974663 0.3651834 0.5627227 0.9974663 -0.3348168 2.3936 0.9183087 -0.3348168 0.5511044 0.9183087 -0.3348168 0.5511044 0.9183087 0.3651834 0.5511044 0.9183087 0.01518327 2.3936 0.9183087 0.01518324 1.16527 0.9183087 0.3651834 1.779435 0.9183087 0.3651834 1.779435 0.9183087 -0.3348168 1.16527 0.9183087 -0.3348168 2.3936 0.9183087 0.3468275 0.5511044 0.9183087 0.3468275 2.382901 0.9183087 -0.3348168 2.382901 0.9183087 0.3651834 0.5627227 0.9183087 0.3651834 0.5627227 0.9183087 -0.3348168 2.3936 0.9183087 0.3651834 -2.861023E-06 0.3959842 -0.2563174 -2.861023E-06 0.3959842 -0.1986845 -2.861023E-06 0.001955509 -0.1986838 -3.814697E-06 0.001955509 -0.2986837 2.999997 0.3959842 -0.1986921 2.999996 0.3959842 -0.2563251 -3.814697E-06 0.3536172 -0.2986844 2.999996 0.001955032 -0.2986928 2.999997 0.001955032 -0.1986928 2.999996 0.3536172 -0.2986923 2.999996 0.001955032 -0.2986928 1.499996 0.001955271 -0.2986882 1.499996 0.3536172 -0.2986884 2.999996 0.3536172 -0.2986923 -3.814697E-06 0.001955509 -0.2986837 -3.814697E-06 0.3536172 -0.2986844 0.9999971 4.661955 -0.2986496 -2.861023E-06 4.661955 -0.2986496 -2.861023E-06 4.655727 -0.2924213 -2.861023E-06 4.601958 -0.1986495 -9.536743E-07 5.001956 -0.1986928 -2.861023E-06 4.661955 -0.2986496 -2.711272E-06 4.679751 -0.2986519 -8.112016E-08 4.992315 -0.2986915 -9.193407E-08 5.001956 -0.2890528 2.999997 4.661955 -0.2986496 1.999997 4.661955 -0.2986496 1.999997 5.001956 -0.2890471 -9.193407E-08 5.001956 -0.2890528 0.9999984 5.001956 -0.2890499 2.999995 5.001956 -0.2890442 3 4.7 0.1398417 3 4.7 0.09999974 3 5 0.09999974 3 5 0.1896413 3 4.766147 0.1999998 3 4.989642 0.1999998 0 4.989642 0.1999998 3 4.989642 0.1999998 0 5 0.09999974 0 4.7 0.09999974 0 4.7 0.1398417 0 4.766147 0.1999998 0 4.989642 0.1999998 0 5 0.1896413 0 4.755923 0.1957652 3 4.755923 0.1957651 3 4.755923 0.1957651 0 4.755923 0.1957652 2.999995 5.001956 -0.1986843 2.999997 4.601958 -0.1986495 2.999997 4.655727 -0.2924213 2.999997 4.661955 -0.2986496 2.999997 4.679751 -0.2986514 2.999995 4.992315 -0.2986832 2.999995 5.001956 -0.2890442 0.5511044 0.9049847 -0.3348168 0.5627227 0.9049847 -0.3348168 0.5511044 0.9049847 0.3468275 0.5511044 0.9183087 -0.3348168 0.5511044 0.9049847 -0.3348168 0.5511044 0.9049847 0.01518327 2.382901 0.9049847 -0.3348168 1.779435 0.9049847 -0.3348168 1.16527 0.9049847 -0.3348168 2.35 4 -1.937151E-07 2.249567 3.899567 -1.937151E-07 2.35 3.25 -1.639128E-07 2.249567 3.331351 -1.639128E-07 0.5699999 3.25 -1.639128E-07 0.6704332 3.331351 -1.639128E-07 0.5699999 3.25 -1.639128E-07 2.35 3.25 -1.639128E-07 2.249567 3.168649 -1.490116E-07 2.35 1 -5.960464E-08 2.249567 1.100433 -5.960464E-08 0.5699999 1 -5.960464E-08 0.6704333 1.100433 -5.960464E-08 0.6704332 3.168649 -1.490116E-07 0.5699999 3.25 -1.639128E-07 2.249567 3.899567 -0.1000002 2.35 4 -0.1000002 2.249567 3.331351 -0.1000002 2.35 3.25 -0.09999709 0.6704332 3.331351 -0.1000002 0.5699999 3.25 -0.09999709 0.5699999 3.25 -0.09999709 2.35 3.25 -0.09999709 2.249567 3.168649 -0.1000002 2.35 3.25 -0.09999709 2.249567 1.100433 -0.1000001 2.35 1 -0.09999698 0.6704333 1.100433 -0.1000001 0.5699999 1 -0.1000001 0.6704332 3.168649 -0.1000002 2.249567 3.899567 -1.937151E-07 2.249567 3.899567 -0.1000002 2.249567 3.331351 -0.1000002 2.249567 3.331351 -1.639128E-07 0.6704332 3.899567 -1.937151E-07 0.6704332 3.899567 -0.1000002 2.249567 3.899567 -0.1000002 2.249567 3.899567 -1.937151E-07 2.249567 1.100433 -5.960464E-08 2.249567 1.100433 -0.1000001 0.6704333 1.100433 -0.1000001 0.6704333 1.100433 -5.960464E-08 0.6704333 1.100433 -5.960464E-08 0.6704333 1.100433 -0.1000001 0.6704332 3.168649 -0.1000002 0.6704332 3.168649 -1.490116E-07 2.249567 3.168649 -1.490116E-07 2.249567 3.168649 -0.1000002 2.249567 1.100433 -0.1000001 2.249567 1.100433 -5.960464E-08 0.6704332 3.331351 -1.639128E-07 0.6704332 3.331351 -0.1000002 0.6704332 3.899567 -0.1000002 0.6704332 3.899567 -1.937151E-07 2.249567 3.331351 -1.639128E-07 2.249567 3.331351 -0.1000002 0.6704332 3.331351 -0.1000002 0.6704332 3.331351 -1.639128E-07 0.6704332 3.168649 -1.490116E-07 0.6704332 3.168649 -0.1000002 2.249567 3.168649 -0.1000002 2.249567 3.168649 -1.490116E-07 0.5690762 0.9611317 0.09995653 0.5690762 0.9611317 -0.2000343 0.5690762 4.003351 -0.2000434 0.5690762 4.003351 0.09995653 2.347569 0.9611315 0.09995653 2.347569 0.9611315 -0.2000434 0.5690762 0.9611317 -0.2000343 0.5690762 0.9611317 0.09995653 2.347569 4.003351 0.09995653 2.347569 4.003351 -0.2000434 2.347569 0.9611315 -0.2000434 2.347569 0.9611315 0.09995653 0.5690762 4.003351 0.09995653 0.5690762 4.003351 -0.2000434 2.347569 4.003351 -0.2000434 2.347569 4.003351 0.09995653 -2.384186E-07 1.10467E-07 0.09995653 -2.384186E-07 1.10467E-07 -0.2000343 3 -2.471609E-07 -0.2000434 3 -2.471608E-07 0.09995653 2.999998 5 0.09995605 2.999998 5 -0.2000348 2.622604E-06 5 -0.2000434 2.622604E-06 5 0.09995653 3 -2.471608E-07 0.09995653 3 -2.471609E-07 -0.2000434 2.999999 0.6602393 -0.2000434 2.999999 0.6602393 0.09995653 2.999998 5 -0.2000348 2.999998 5 0.09995605 2.622604E-06 5 0.09995653 2.622604E-06 5 -0.2000434 -2.384186E-07 1.10467E-07 -0.2000343 -2.384186E-07 1.10467E-07 0.09995653 1.779435 0.9049847 0.3651834 1.16527 0.9049847 0.3651834 2.382901 0.9049847 0.3651834 2.3936 0.9183087 0.3651834 2.3936 0.9049847 0.3651834 0.5627227 0.9049847 0.3651834 0.5511044 0.9049847 0.3651834 2.3936 0.9049847 0.3651834 2.3936 0.9049847 0.3468275 2.3936 0.9183087 -0.3348168 2.3936 0.9049847 -0.3348168 2.3936 0.9049847 0.01518324 2.3936 0.9049847 -0.3348168 0.5511044 0.9183087 0.3651834 0.5511044 0.9049847 0.3651834 1.16527 1.004983 -0.3348168 0.5627227 1.004983 -0.3348168 0.5511044 1.004983 0.3651834 0.5627227 1.004983 0.3651834 1.779435 1.004983 0.3651834 2.382901 1.004983 0.3651834 2.3936 1.004983 -0.3348168 2.382901 1.004983 -0.3348168 0.5511044 1.004983 0.01518324 0.5511044 1.004983 0.3468275 2.3936 1.004983 0.3651834 2.3936 1.004983 0.3468275 1.779435 1.004983 -0.3348168 1.16527 1.004983 0.3651834 2.3936 1.004983 0.01518327 0.5511044 1.004983 -0.3348168 2.3936 0.9974663 0.3651834 2.3936 1.004983 0.3651834 0.5511044 0.9974663 0.3651834 0.5511044 1.004983 0.3651834 0.5511044 0.9974663 -0.3348168 0.5511044 1.004983 -0.3348168 2.3936 0.9974663 -0.3348168 2.3936 1.004983 -0.3348168 1.499997 0.3959842 -0.2563213 -2.861023E-06 0.3959842 -0.2563174 2.999996 0.3959842 -0.2563251 3 4.7 0.1398417 0 4.7 0.1398417 0.6704332 3.899567 -1.937151E-07 0.5699999 4 -1.937151E-07 2.35 3.25 -1.639128E-07 0.5699999 4 -0.1000002 0.6704332 3.899567 -0.1000002 0.5699999 3.25 -0.09999709  
			<Colors>: 0  
			<TextureCoords0>: 394 0.6005859 0.6533203 0.7998047 0.6269531 0.7998047 0.6533203 0.6005859 0.6269531 0.6005859 0.6533203 0.7998047 0.6533203 0.7998047 0.6298828 0.7998047 0.6269531 0.6005859 0.6269531 0.6005859 0.6298828 0.3867188 0.1381836 0.3867188 0.1318359 0.8999023 0.6308594 0.8999023 0.6269531 0.8999023 0.6308594 0.2875977 0.1381836 0.4863281 0.1381836 0.6005859 0.3466797 0.7998047 0.3466797 0.6005859 0.3427734 0.7998047 0.3427734 0.6005859 0.3415979 0.7998047 0.3415978 0.6005859 0.3431789 0.7998047 0.3431789 0.4199219 0.1381836 0.3535156 0.1381836 0.6669922 0.3466797 0.7333984 0.3466797 0.6669922 0.3427734 0.7333984 0.3427734 0.7333984 0.3415979 0.6669922 0.3415979 0.7333984 0.3431789 0.6669922 0.3431789 0.6005859 0.3203125 0.6005859 0.3209494 0.7998047 0.3209493 0.4863281 0.1328125 0.4199219 0.1328125 0.7333984 0.3209494 0.6669921 0.3209493 0.3535156 0.1328125 0.0004882813 0.3388672 0.0004882813 0.3134766 0.199707 0.3388672 0.199707 0.3134766 0.0004882813 0.3388672 0.199707 0.3388672 0.3081055 0.2944336 0.0004882813 0.3193359 0.199707 0.3193359 0.199707 0.3200319 0.3087585 0.3312194 0.3081055 0.3296235 0.199707 0.3350469 0.3087585 0.3312194 0.9077148 0.2617188 0.9077148 0.2675781 0.9140625 0.309082 0.9077148 0.309082 0.8085938 0.2617188 0.8085938 0.2685547 0.8085938 0.3144531 0.8085938 0.309082 0.9077148 0.2885742 0.9140625 0.2885742 0.8085938 0.2880859 0.8085938 0.2421875 0.875 0.309082 0.8417969 0.309082 0.8417969 0.2211914 0.875 0.2211914 0.8417969 0.2685547 0.875 0.2685547 0.875 0.2617188 0.8417969 0.2617188 0.8417969 0.2880859 0.875 0.2880859 0.875 0.2421875 0.8417969 0.2421875 0.2470703 0.1181641 0.3061523 0.1181641 0.3061523 0.1181641 0.5043945 0.1181641 0.4223633 0.1069336 0.2929688 0.1069336 0.5166016 0.1069336 0.2929688 0.1069336 0.4331055 0.1181641 0.3061523 0.1181641 0.5043945 0.1420898 0.3061523 0.1420898 0.234375 0.1069336 0.2929688 0.1069336 0.2470703 0.1181641 0.3061523 0.1181641 0.3061523 0.1181641 0.5043945 0.1181641 0.4223633 0.1069336 0.2929688 0.1308594 0.5166016 0.1069336 0.2929688 0.1069336 0.4331055 0.1181641 0.3061523 0.1420898 0.5043945 0.1181641 0.3061523 0.1181641 0.234375 0.1069336 0.2929688 0.1069336 0.362793 0.387207 0.362793 0.5888672 0.2451172 0.5888672 0.2451172 0.387207 0.2016602 0.652832 0.2016602 0.6088867 0.2016602 0.3208008 0.4003906 0.652832 0.4003906 0.3208008 0.762207 0.3862305 0.762207 0.5883789 0.644043 0.5883789 0.644043 0.3862305 0.6005859 0.652832 0.6005859 0.6088867 0.6005859 0.3198242 0.800293 0.652832 0.800293 0.3198242 0.9140625 0.2686793 0.8085938 0.269579 0.9077148 0.2686793 0.8085938 0.2606944 0.8750001 0.2606944 0.8417969 0.2606944 0.8417969 0.2695789 0.875 0.269579 0.9071449 0.2211914 0.9071449 0.2675951 0.907145 0.2885658 0.9071449 0.309082 0.9071449 0.2617188 0.907145 0.2421874 0.9071449 0.2606944 0.9071449 0.2686949 0.8092219 0.309082 0.8092219 0.2617188 0.8092219 0.2421874 0.8092219 0.3144531 0.8092219 0.2685547 0.8092219 0.2880859 0.8092219 0.269579 0.8092219 0.2606944 0.908192 0.2675781 0.9077148 0.3094858 0.8027232 0.2211914 0.8085938 0.2680408 0.8027232 0.2421875 0.908192 0.2885742 0.8417969 0.2680408 0.875 0.2680408 0.875 0.3094858 0.8417969 0.3094858 0.908192 0.2686793 0.8027232 0.2606944 0.9071449 0.3094858 0.9071449 0.2671534 0.8092219 0.2680408 0.8092219 0.3094858 0.9132167 0.309082 0.8085938 0.3137375 0.807748 0.2617188 0.807748 0.2421875 0.9132167 0.2885742 0.8417969 0.2626296 0.875 0.2626296 0.875 0.3137375 0.8417969 0.3137375 0.9132167 0.2686793 0.807748 0.2606944 0.9071449 0.3137375 0.9071449 0.2625017 0.8092219 0.2626296 0.8092219 0.3137375 0.9077148 0.2624995 0.9995117 0.6269531 0.9995117 0.6308594 0.4863281 0.1381836 0.4863281 0.1318359 0.800293 0.6308594 0.800293 0.6269531 0.9995117 0.6308594 0.2875977 0.1318359 0.2875977 0.1381836 0.800293 0.6308594 0.800293 0.6538086 0.8999023 0.6538086 0.8999023 0.6308594 0.800293 0.6308594 0.9995117 0.6538086 0.9995117 0.6308594 0.7333984 0.3427734 0.7998047 0.3427734 0.7998047 0.3431789 0.7998047 0.3466797 0.7998047 0.3203125 0.7998047 0.3427734 0.7998047 0.3415978 0.7998047 0.3209494 0.7998047 0.3203125 0.6005859 0.3427734 0.6669922 0.3427734 0.6669922 0.3203125 0.7998047 0.3203125 0.7333984 0.3203125 0.2875977 0.1328125 0.3173828 0.3398438 0.3232422 0.3398438 0.3232422 0.2929688 0.3095703 0.2929688 0.0004882813 0.3350469 0.0004882813 0.3200319 0.199707 0.3200319 0.0004882813 0.3200319 0.3232422 0.2929688 0.3232422 0.3398438 0.3173828 0.3398438 0.3081055 0.3296235 0.3081055 0.2944336 0.3095703 0.2929688 0.199707 0.3356898 0.0004882813 0.3356898 0.0004882813 0.3356898 0.199707 0.3356898 0.6005859 0.3203125 0.6005859 0.3466797 0.6005859 0.3431789 0.6005859 0.3427734 0.6005859 0.3415979 0.6005859 0.3209493 0.6005859 0.3203125 0.8085938 0.2211914 0.8092219 0.2211914 0.8085938 0.2606944 0.807748 0.2211914 0.8085938 0.2211914 0.8085938 0.2421875 0.9071449 0.3144531 0.875 0.3144531 0.8417969 0.3144531 0.5166016 0.1069336 0.5043945 0.1181641 0.5166016 0.1069336 0.5043945 0.1181641 0.4223633 0.1069336 0.4331055 0.1181641 0.5166016 0.1308594 0.2929688 0.1308594 0.5073242 0.1181641 0.5166016 0.1069336 0.5043945 0.1181641 0.234375 0.1069336 0.2470703 0.1181641 0.5073242 0.1181641 0.5166016 0.1069336 0.5043945 0.1181641 0.5166016 0.1069336 0.5043945 0.1420898 0.5166016 0.1308594 0.4331055 0.1181641 0.4223633 0.1069336 0.5166016 0.1069336 0.2929688 0.1069336 0.5073242 0.1181641 0.5166016 0.1069336 0.5043945 0.1181641 0.5166016 0.1069336 0.2470703 0.1181641 0.234375 0.1069336 0.5073242 0.1181641 0.3486328 0.09472656 0.3486328 0.1054688 0.2973633 0.1054688 0.2973633 0.09472656 0.4848633 0.1054688 0.4848633 0.09521484 0.2973633 0.09472656 0.2973633 0.1054688 0.2973633 0.1054688 0.2973633 0.09472656 0.4848633 0.09521484 0.4848633 0.1054688 0.2973633 0.09472656 0.2973633 0.1054688 0.4848633 0.1054688 0.4848633 0.09472656 0.4848633 0.09472656 0.4848633 0.1054688 0.2973633 0.1054688 0.2973633 0.09472656 0.2973633 0.09472656 0.2973633 0.1054688 0.3486328 0.1054688 0.3486328 0.09472656 0.2973633 0.1054688 0.2973633 0.09472656 0.4848633 0.09521484 0.4848633 0.1054688 0.4848633 0.1054688 0.4848633 0.09521484 0.2973633 0.09472656 0.2973633 0.1054688 0.7265625 0.3823242 0.7265625 0.3994141 0.6015625 0.3994141 0.6015625 0.3823242 0.800293 0.3823242 0.800293 0.3994141 0.7265625 0.3994141 0.7265625 0.3823242 0.925293 0.3823242 0.925293 0.3994141 0.800293 0.3994141 0.800293 0.3823242 0.9980469 0.3823242 0.9980469 0.3994141 0.925293 0.3994141 0.925293 0.3823242 0.2001953 0.3193359 0.2001953 0.2963867 0.001464844 0.2963867 0.001464844 0.3193359 0.001464844 0.3193359 0.001464844 0.2963867 0.2001953 0.2963867 0.2001953 0.3193359 0.0004882813 0.2954102 0.0004882813 0.3193359 0.05371094 0.3193359 0.05371094 0.2954102 0.4003906 0.3193359 0.4003906 0.2954102 0.4003906 0.2954102 0.4003906 0.3193359 0.0004882813 0.3193359 0.0004882813 0.2954102 0.875 0.2617188 0.8417969 0.2617188 0.9071449 0.2617188 0.9132167 0.2675781 0.9140625 0.2675781 0.8092219 0.2617188 0.8085938 0.2617188 0.9077148 0.2617188 0.9077148 0.2606944 0.9077148 0.3137375 0.9077148 0.3144531 0.9077148 0.2421875 0.9077148 0.2211914 0.8085938 0.2626296 0.8085938 0.2617188 0.8417969 0.309082 0.8092219 0.309082 0.8085938 0.2685547 0.8092219 0.2685547 0.875 0.2685547 0.9071449 0.2675951 0.9077148 0.309082 0.9071449 0.309082 0.8022461 0.2421875 0.8022461 0.2606944 0.9077148 0.2675781 0.9077148 0.2686793 0.875 0.309082 0.8417969 0.2685547 0.9077148 0.2885742 0.8022461 0.2211914 0.9077149 0.2671377 0.9077148 0.2675781 0.8027232 0.2617188 0.8022461 0.2617188 0.8085938 0.3094857 0.8085938 0.309082 0.908192 0.309082 0.9077148 0.309082 0.8999023 0.6269531 0.9995117 0.6269531 0.800293 0.6269531 0.0004882813 0.3388672 0.199707 0.3388672 0.5043945 0.1181641 0.5166016 0.1069336 0.5166016 0.1069336 0.5166016 0.1069336 0.5043945 0.1181641 0.5166016 0.1069336  
			<TextureCoords1>: 394 0.4615252 0.1304063 0.4615252 0.1142935 0.5096221 0.1142935 0.5096222 0.1304062 0.4615252 0.1426128 0.5096221 0.1264999 0.4666967 0.1265 0.4615252 0.1213285 0.5096222 0.1374412 0.5044506 0.1426127 0.8012312 0.6655419 0.8012311 0.6777483 0.8012312 0.7428354 0.8012312 0.7355218 0.8012313 0.7284869 0.6181346 0.6100788 0.9843272 0.6100798 0.9843277 0.763378 0.6181347 0.7633799 0.9843279 0.7776476 0.9843286 0.9150326 0.6181355 0.9128699 0.9843286 0.9128603 0.9843279 0.7765725 0.6181347 0.7765743 0.862263 0.6100794 0.7401988 0.6100791 0.8622634 0.763379 0.740199 0.7633799 0.8622635 0.7776486 0.8622642 0.9150358 0.8622642 0.9128635 0.7401998 0.9128667 0.7401991 0.7765743 0.8622636 0.7765734 0.6181347 0.873053 0.6181346 0.874717 0.9843273 0.8747073 0.9843272 0.6211095 0.862263 0.6211092 0.862263 0.8747106 0.7401987 0.8747138 0.7401988 0.6211088 0.9843279 0.8691371 0.6181346 0.7594718 0.6181346 0.8691371 0.9843279 0.7594718 0.9843279 0.8642738 0.6181346 0.8642738 0.6023436 0.1465241 0.6181346 0.7485298 0.9843279 0.7485298 0.6181346 0.8220822 0.5738149 0.147041 0.5750628 0.1465241 0.6181349 0.8493631 0.5645834 0.1631537 0.2288094 0.0854919 0.2327158 0.08939815 0.9599417 0.6061725 0.2327157 0.1748433 0.9599416 0.59006 0.4576189 0.08939815 0.8430378 0.5739471 0.4576189 0.1748432 0.2327157 0.1321207 0.9172191 0.6061725 0.457619 0.1321207 0.003906265 0.1321207 0.3076834 0.1748433 0.3826512 0.1748433 0.07887397 0.1748433 0.1538417 0.1748433 0.3826512 0.08939815 0.3076835 0.08939815 0.1538417 0.08549184 0.07887401 0.0854919 0.3826512 0.1321207 0.3076835 0.1321207 0.1538417 0.1321207 0.07887399 0.1321207 0.9720677 0.1187453 0.6303944 0.1187449 0.9720678 0.3115025 0.6303939 0.3115005 0.7096829 0.1064857 0.7096833 0.3237596 0.6181346 0.3237602 0.6181351 0.1064855 0.6997529 0.118745 0.6997532 0.3115003 0.7196134 0.3115004 0.719613 0.118745 0.9843271 0.1064859 0.9843273 0.3237619 0.6303939 0.3399275 0.9720684 0.3399275 0.6303939 0.5326834 0.9720684 0.5326834 0.8927795 0.3276681 0.8927795 0.5449427 0.9843277 0.5449427 0.9843277 0.3276681 0.9027095 0.3399275 0.9027095 0.5326834 0.8828494 0.5326834 0.8828494 0.3399275 0.6181346 0.3276681 0.6181346 0.5449427 0.1255617 0.8455782 0.4969084 0.8455782 0.4969083 0.6284876 0.1255617 0.6284876 0.6142282 0.548849 0.5336366 0.5488491 0.003906284 0.5488491 0.6142284 0.9150422 0.00390625 0.9150418 0.4925729 0.4754787 0.1212262 0.4754787 0.1212263 0.2583882 0.4925729 0.2583881 0.003906361 0.1787495 0.08449805 0.1787496 0.6142284 0.1787497 0.00390625 0.5449427 0.6142283 0.5449423 0.8767371 0.6061725 0.457619 0.09163874 0.2327157 0.09163874 0.957701 0.59006 0.1538417 0.09163874 0.078874 0.09163874 0.3826512 0.09163874 0.3076835 0.09163874 0.2275034 0.1748433 0.2340218 0.08939815 0.2340218 0.1321207 0.2340218 0.1748433 0.2275033 0.0854919 0.2275034 0.1321207 0.2275034 0.09163874 0.2340218 0.09163874 0.4562007 0.1748433 0.005324499 0.0854919 0.005324445 0.1321207 0.8416196 0.5739471 0.4562008 0.08939815 0.4562008 0.1321207 0.4562008 0.09163874 0.005324446 0.09163874 0.8744965 0.5948838 0.6181346 0.5626584 0.8744965 0.5787713 0.00390625 0.07420319 0.9172191 0.5787713 0.9172191 0.5948838 0.07887397 0.07420319 0.1538417 0.07420313 0.6931024 0.5626584 0.76807 0.5626584 0.8767371 0.5948838 0.957701 0.5787713 0.6194407 0.5626584 0.2275033 0.07420313 0.005324429 0.07420319 0.8416196 0.5626583 0.9599416 0.6045461 0.8430378 0.5723207 0.9599417 0.5884336 0.9172191 0.5884336 0.9172191 0.6045461 0.07887402 0.08386546 0.1538417 0.08386546 0.6931024 0.5723207 0.7680701 0.5723207 0.8767372 0.6045461 0.9577011 0.5884336 0.6194407 0.5723207 0.2275034 0.08386546 0.005324482 0.08386546 0.8416196 0.5723207 0.2288094 0.08386546 0.9843279 0.7355218 0.9843278 0.7284869 0.6181346 0.6655414 0.6181346 0.6777478 0.6181346 0.7284868 0.6181346 0.7355218 0.9843279 0.7428354 0.9843277 0.6777489 0.9843277 0.6655425 0.6181346 0.6816552 0.6181348 0.7245806 0.8012313 0.7245806 0.8012311 0.6816552 0.6181347 0.7428354 0.9843278 0.7245806 0.9843278 0.6816552 0.7401991 0.7776495 0.6181346 0.7776495 0.5037874 0.1579652 0.5103506 0.146519 0.4615252 0.1465243 0.5030271 0.1587254 0.5008548 0.1587257 0.4627019 0.1587306 0.4615252 0.157554 0.6181356 0.9150422 0.7401999 0.9150389 0.7401988 0.8730497 0.9843273 0.8730434 0.862263 0.8730465 0.6181346 0.6211085 0.5669886 0.1538673 0.5669886 0.1587306 0.603608 0.1587306 0.603608 0.1477885 0.984328 0.8493621 0.9843277 0.8220813 0.9843279 0.7467417 0.6181346 0.7467417 0.5347903 0.1748433 0.5714097 0.1748433 0.5714097 0.16998 0.5633355 0.1626368 0.5360547 0.1626368 0.5347903 0.1639012 0.6181346 0.8507137 0.9843277 0.8507128 0.9843281 0.85462 0.6181348 0.85462 0.5630824 0.1465243 0.5142569 0.14652 0.5208202 0.1579662 0.5215805 0.1587265 0.5237527 0.1587267 0.5619057 0.1587306 0.5630824 0.157554 0.00390625 0.1748433 0.005324429 0.1748433 0.003906268 0.09163874 0.8744966 0.5884336 0.8744966 0.59006 0.9172191 0.59006 0.6194407 0.5739471 0.6931024 0.5739471 0.7680702 0.5739471 0.6181351 0.1064855 0.6303944 0.1187449 0.7096829 0.1064857 0.6997529 0.118745 0.7096833 0.3237596 0.6997532 0.3115003 0.7096833 0.3237596 0.7096829 0.1064857 0.719613 0.118745 0.9843271 0.1064859 0.9720677 0.1187453 0.9843273 0.3237619 0.9720678 0.3115025 0.7196134 0.3115004 0.7096833 0.3237596 0.9720684 0.3399275 0.9843277 0.3276681 0.9027095 0.3399275 0.8927795 0.3276681 0.9027095 0.5326834 0.8927795 0.5449427 0.8927795 0.5449427 0.8927795 0.3276681 0.8828494 0.3399275 0.8927795 0.3276681 0.6303939 0.3399275 0.6181346 0.3276681 0.6303939 0.5326834 0.6181346 0.5449427 0.8828494 0.5326834 0.8744965 0.561741 0.8744966 0.5739475 0.9438554 0.5739475 0.9438553 0.561741 0.2327157 0.03275985 0.2327158 0.04496628 0.4254718 0.04496628 0.4254716 0.03275985 0.003906307 0.01664734 0.00390625 0.02885377 0.1966622 0.02885377 0.1966623 0.01664734 0.6181347 0.593966 0.6181346 0.6061724 0.8705902 0.6061725 0.8705903 0.5939661 0.6181346 0.5778533 0.6181347 0.5900598 0.8705902 0.5900598 0.8705901 0.5778533 0.4615252 0.1626368 0.4615252 0.1748433 0.5308841 0.1748433 0.5308841 0.1626368 0.6181346 0.09037286 0.6181347 0.1025793 0.8108906 0.1025793 0.8108905 0.09037286 0.2327157 0.01664716 0.2327158 0.0288536 0.4254718 0.0288536 0.4254716 0.01664716 0.6181347 0.9189488 0.6181346 0.9555671 0.9894814 0.9555682 0.9894812 0.9189488 0.2327157 0.04887253 0.2327159 0.0854919 0.4498065 0.08549076 0.4498063 0.04887253 0.6181347 0.9594744 0.6181347 0.9960938 0.9894814 0.9960938 0.9894814 0.9594744 0.00390625 0.03276002 0.003906416 0.06937933 0.2209969 0.06937933 0.2209968 0.03276002 0.6181347 0.7815557 0.6181346 0.8181739 0.9843279 0.8181751 0.9843277 0.7815557 0.6181347 0.6250159 0.6181346 0.661634 0.9843274 0.6616351 0.9843271 0.6250158 0.00390625 0.9189489 0.003906508 0.9555682 0.0844982 0.9555678 0.08449794 0.9189484 0.6142282 0.9555671 0.6142284 0.9189489 0.00390625 0.9594744 0.003906555 0.9960938 0.6142284 0.9960926 0.6142281 0.9594744 0.1538417 0.08939815 0.078874 0.08939815 0.2275034 0.08939815 0.8744966 0.6045461 0.8744965 0.6061725 0.005324448 0.08939815 0.003906275 0.08939815 0.2288095 0.08939815 0.2288095 0.09163874 0.6181347 0.5723207 0.6181347 0.5739471 0.2288095 0.1321207 0.2288094 0.1748433 0.003906303 0.08386552 0.003906318 0.0854919 0.7680701 0.5617408 0.8416196 0.5617408 0.003906262 0.07328558 0.005324478 0.07328564 0.1538417 0.07328564 0.2275033 0.07328564 0.6181346 0.5617408 0.6194407 0.5617409 0.9172191 0.5778537 0.957701 0.5778537 0.8744965 0.5939662 0.8767371 0.5939662 0.6931024 0.5617409 0.07887399 0.07328564 0.9172191 0.5939662 0.8744965 0.5778537 0.2288094 0.07420313 0.2288094 0.07328564 0.9599416 0.5787712 0.9599416 0.5778537 0.8430378 0.5626583 0.8430378 0.5617408 0.9599416 0.5948838 0.9599416 0.5939662 0.8012312 0.7355218 0.9843279 0.7355218 0.6181346 0.7355218 0.9843279 0.8642738 0.6181346 0.8642738 0.6303939 0.3115005 0.6181346 0.3237602 0.7096829 0.1064857 0.9843277 0.5449427 0.9720684 0.5326834 0.8927795 0.5449427  
			<Normals>: 394 1 0 0 -1 0 0 -1 0 0 1 0 0 1 0 0 -1 0 0 -1 0 0 -1 0 0 1 0 0 1 0 0 0 -1 0 0 -1 0 0 0.3826815 -0.9238803 0 0.9238803 -0.3826815 0 1 0 0 1 0 0 1 0 0 -0.8675041 -0.4974301 0 -0.8675041 -0.4974301 0 -0.3827076 -0.9238696 0 -0.3827336 -0.9238588 0 -9.155553E-05 -1 0 -0.000122074 -1 0 -0.7942616 -0.6075758 0 -0.7942616 -0.6075758 0 1 0 0 1 0 0 -0.8675041 -0.4974301 0 -0.8675041 -0.4974301 0 -0.3827076 -0.9238696 0 -0.3827336 -0.9238588 0 -9.155553E-05 -1 0 -9.155553E-05 -1 0 -0.7942616 -0.6075758 0 -0.7942616 -0.6075758 0 0.9238696 -0.3827076 0 0.3826186 -0.9239064 0 0.3825818 -0.9239216 0 0.9238696 -0.3827076 0 0.9238696 -0.3827076 0 0.3825926 -0.9239172 0 0.3825926 -0.9239172 0 0.9238696 -0.3827076 0 -1 0 0 1 0 0 -1 0 0 1 0 0 -0.9238803 0.3826815 0 -0.9238803 0.3826815 1 0 0 0 0.9238803 0.3826815 0 0.9238803 0.3826815 0 0.3826815 0.9238803 1 0 0 1 0 0 0 -0.1950772 0.9807879 -1 0 0 0.5773503 -0.5773503 0.5773503 0.5773503 0.5773503 0.5773503 0.5773503 -0.5773503 -0.5773503 0.5773503 0.5773503 -0.5773503 -0.5773503 -0.5773503 0.5773503 -0.5773503 0.5773503 0.5773503 -0.5773503 -0.5773503 -0.5773503 -0.5773503 0.5773503 -0.5773503 0.7071068 0.7071068 0 0.7071068 -0.7071068 0 -0.7071068 0.7071068 0 -0.7071068 -0.7071068 0 0 0.7071068 -0.7071068 0 0.7071068 -0.7071068 0 -0.7071068 -0.7071068 0 -0.7071068 -0.7071068 0 0.7071068 0.7071068 0 0.7071068 0.7071068 0 -0.7071068 0.7071068 0 -0.7071068 0.7071068 0 1 0 0 1 0 0 -1 0 0 -1 0 0 0 1 0 0 1 0 0 1 0 0 1 0 0 1 0 0 1 0 0 1 0 0 1 0 0 1 0 0 1 0 0 1 0 0 1 0 0 1 0 0 1 0 0 -1 0 0 -1 0 0 -1 0 0 -1 0 0 -1 0 0 -1 0 0 -1 0 0 -1 0 0 -1 0 0 -1 0 0 -1 0 0 -1 0 0 -1 0 0 -1 0 0 1 0 0 1 0 0 1 0 0 1 0 0 1 0 0 1 0 0 1 0 0 1 0 0 1 0 0 -1 0 0 -1 0 0 -1 0 0 -1 0 0 -1 0 0 -1 0 0 -1 0 0 -1 0 0 -1 0.7071068 -0.7071068 0 -0.7071068 0.7071068 0 0.7071068 0.7071068 0 -0.7071068 -0.7071068 0 0 -1 0 0 -1 0 0 1 0 0 1 0 0 -0.7071068 -0.7071068 0 0.7071068 0.7071068 0 1 0 0 0.7071068 -0.7071068 0 -0.7071068 0.7071068 0 -1 0 0 -1 0 0 1 0 0 0.7071068 -0.7071068 0 -0.7071068 0.7071068 0 -1 0 0 -0.7071068 -0.7071068 0 0.7071068 0.7071068 0 1 0 0 1 0 0 -1 0 0.7071068 0 0.7071068 0.7071068 0 -0.7071068 -0.7071068 0 -0.7071068 -0.7071068 0 0.7071068 -1 0 0 1 0 0 0 0 1 0 0 1 0 0 -1 0 0 -1 1 0 0 -1 0 0 0 0 -1 0 0 1 0 0 1 0 0 -1 0.7071068 0 -0.7071068 -0.7071068 0 -0.7071068 -0.7071068 0 0.7071068 -1 0 0 1 0 0 0 0 1 0 0 1 0 0 -1 0 0 -1 1 0 0 -1 0 0 0 0 -1 0 0 1 0 0 1 0 0 -1 0.7071068 0 0.7071068 0 0.9238803 -0.3826815 0 1 0 0 -1 0 0 -1 0 0 1 0 0 0.9238803 -0.3826815 0 0.3826815 -0.9238803 0 -1 0 0 -1 0 0 0.3826815 -0.9238803 0 0 -1 0 0 -1 0 0.3826815 -0.9238803 0 0.3826815 -0.9238803 0 0 -1 0 0.3826815 -0.9238803 0 -0.3827336 -0.9238588 0 -0.3827336 -0.9238588 -1 0 0 -1 0 0 -1 0 0 -1 0 0 -1 0 0 -1 0 0 -1 0 0 0 -0.3827076 -0.9238696 0 -0.3827076 -0.9238696 0 0.9238696 -0.3827076 0 0.9238696 -0.3827076 0 0.9238696 -0.3827076 0 0.9238696 -0.3827076 1 0 0 1 0 0 1 0 0 1 0 0 0 -0.1950772 0.9807879 0 0.3826815 0.9238803 0 0.3826815 0.9238803 0 0.3826815 0.9238803 -1 0 0 -1 0 0 -1 0 0 -1 0 0 -1 0 0 -1 0 0 0 -0.5555732 0.8314676 0 -0.5555732 0.8314676 0 -0.5555732 0.8314676 0 -0.5555732 0.8314676 1 0 0 1 0 0 1 0 0 1 0 0 1 0 0 1 0 0 1 0 0 -0.5773503 -0.5773503 -0.5773503 0 -0.7071068 -0.7071068 -0.7071068 -0.7071068 0 -0.7071068 0 -0.7071068 -0.5773503 -0.5773503 -0.5773503 -0.7071068 -0.7071068 0 0 -0.7071068 -0.7071068 0 -0.7071068 -0.7071068 0 -0.7071068 -0.7071068 0 0 1 0 0 1 0 0 1 0 0 1 0 0 1 0 0 1 0 0 1 0 0 1 0 0 1 0 0 1 0 0 1 0 0 1 0 0 1 0 0 1 0 0 1 0 0 -1 0 0 -1 0 0 -1 0 0 -1 0 0 -1 0 0 -1 0 0 -1 0 0 -1 0 0 -1 0 0 -1 0 0 -1 0 0 -1 0 0 -1 0 0 -1 0 0 -1 -1 0 0 -1 0 0 -1 0 0 -1 0 0 0 -1 0 0 -1 0 0 -1 0 0 -1 0 0 1 0 0 1 0 0 1 0 0 1 0 1 0 0 1 0 0 1 0 0 1 0 0 -1 0 0 -1 0 0 -1 0 0 -1 0 0 1 0 0 1 0 0 1 0 0 1 0 0 0 1 0 0 1 0 0 1 0 0 1 0 0 -1 0 0 -1 0 0 -1 0 0 -1 0 0.7071068 0.7071068 0 0.7071068 0.7071068 0 1 0 0 1 0 0 -0.7071068 0.7071068 0 -0.7071068 0.7071068 0 0.7071068 0.7071068 0 0.7071068 0.7071068 0 -1 0 0 -1 0 0 -0.7071068 0.7071068 0 -0.7071068 0.7071068 0 0 -1 0 0 -1 0 0 -1 0 0 -1 0 -0.7071068 -0.7071068 0 -0.7071068 -0.7071068 0 0.7071068 -0.7071068 0 0.7071068 -0.7071068 0 0.7071068 0.7071068 0 0.7071068 0.7071068 0 -0.7071068 0.7071068 0 -0.7071068 0.7071068 0 0.7071068 -0.7071068 0 0.7071068 -0.7071068 0 1 0 0 1 0 0 0.7071068 0.7071068 0 0.7071068 0.7071068 0 -0.7071068 0.7071068 0 -0.7071068 0.7071068 0 -0.7071068 -0.7071068 0 -0.7071068 -0.7071068 0 0 -0.7071068 0.7071068 0 -0.7071068 0.7071068 0 -0.7071068 0.7071068 0.7071068 0 0.7071068 0.5773503 -0.5773503 0.5773503 0 -0.7071068 0.7071068 -0.5773503 -0.5773503 0.5773503 0.5773503 -0.5773503 0.5773503 0.7071068 -0.7071068 0 0.7071068 0 -0.7071068 0.5773503 -0.5773503 -0.5773503 0.7071068 -0.7071068 0 0.5773503 -0.5773503 -0.5773503 -0.7071068 0 0.7071068 -0.5773503 -0.5773503 0.5773503 0 0.7071068 -0.7071068 0 0.7071068 -0.7071068 -0.5773503 0.5773503 0.5773503 0 0.7071068 0.7071068 0 0.7071068 0.7071068 0 0.7071068 0.7071068 0.5773503 0.5773503 -0.5773503 0 0.7071068 -0.7071068 -0.7071068 0.7071068 0 -0.7071068 0.7071068 0 0.5773503 0.5773503 0.5773503 0.7071068 0.7071068 0 0 0.7071068 -0.7071068 0 0.7071068 0.7071068 0.7071068 0.7071068 0 -0.5773503 0.5773503 -0.5773503 0.7071068 0 0.7071068 0.5773503 0.5773503 0.5773503 -0.7071068 0 0.7071068 -0.5773503 0.5773503 0.5773503 -0.7071068 0 -0.7071068 -0.5773503 0.5773503 -0.5773503 0.7071068 0 -0.7071068 0.5773503 0.5773503 -0.5773503 0 0.9238803 -0.3826815 0 0.9238803 -0.3826815 0 0.9238803 -0.3826815 0 -0.9238803 0.3826815 0 -0.9238803 0.3826815 0 0 1 0 0 1 0 0 1 0 0 -1 0 0 -1 0 0 -1  
			<Tangents>: 394 0 1 0 0 1 0 0 1 0 0 1 0 0 1 0 0 1 0 0 1 0 0 1 0 0 1 0 0 1 0 -1 0 3.019969E-06 -1 0 3.019969E-06 -1 9.135353E-07 3.783964E-07 -1 9.059752E-07 2.18723E-06 -1 0 2.543132E-06 -1 0 -2.861028E-06 -1 0 -2.861027E-06 -1 0 0 -1 -8.527151E-07 1.487111E-06 -1 0 0 -1 -7.09311E-07 2.938514E-07 -1 1.291627E-11 0 -1 -9.019963E-07 1.101424E-10 -1 0 0 -1 -9.938108E-07 1.299172E-06 -1 0 -2.861027E-06 -1 0 -2.861027E-06 -1 0 0 -1 0 0 -1 0 0 -1 2.604609E-08 -1.07903E-08 -1 -7.715079E-07 7.064552E-11 -1 -3.444057E-07 3.154186E-11 -1 -7.45195E-08 9.741661E-08 -1 0 0 -1 -1.427431E-06 -3.445867E-06 -1 -4.305347E-07 -1.782979E-07 -1 -1.728035E-06 -7.155528E-07 -1 -1.011579E-06 -2.441986E-06 -1 -1.011579E-06 -2.441986E-06 -1 -1.385909E-06 -5.739026E-07 -1 -1.080432E-06 -4.474049E-07 -1 -1.011579E-06 -2.441986E-06 1 0 0 -1 0 0 1 0 0 -1 0 0 1 0 0 1 0 0 0 0.01038961 -0.999946 -1 0 0 -1 0 0 -1 0 0 0 -0.007434449 -0.9999723 0 0.005271476 -0.9999861 -1 -1.320257E-08 -2.625971E-09 0 -0.011242 -0.9999368 0.8164958 0.4091985 -0.4072973 0.8162878 -0.3921527 -0.424135 -0.4082483 -0.8164966 0.4082483 0.8164966 -0.4080875 0.408409 0.4082287 -0.8164966 -0.4082679 0.8164966 0.4082483 0.4082483 0.8164966 -0.4082483 -0.4082483 0.8164966 0.4082483 -0.4082483 0.7069879 -0.7069878 0.01834365 -0.7071068 -0.7071068 -2.007003E-07 0.7071068 0.7071068 0 0.7071068 -0.7071068 0.0001238355 1 3.098463E-09 3.098463E-09 1 3.054062E-09 3.054062E-09 1 3.078203E-09 -3.078203E-09 1 -2.664311E-07 2.664311E-07 1 -4.30617E-07 4.306171E-07 0.9999582 0.006461605 -0.006461605 1 0 0 1 0 0 1 0 -2.615706E-07 0.9999901 0 0.004451867 1 0 5.429494E-07 1 0 -2.846334E-07 0 1 0 -1 0 0 1 0 0 -1 0 0 0 1 0 1 0 0 -1 0 0 -1 0 0 0 1 0 1 0 0 -1 0 0 -1 0 0 0 1 0 1 0 0 0 1 0 -1 0 0 1 0 0 -1 0 0 0 1 0 1 0 0 -1 0 0 -1 0 0 0 1 0 1 0 0 -1 0 0 -1 0 0 0 1 0 1 0 0 -0.9999877 -0.004965669 0 -0.9999983 0.001839781 0 -0.9999999 -0.0003093258 0 -0.9999934 0.003639181 0 -1 1.958658E-05 0 -0.9999997 -0.0007891767 0 -0.999999 0.001433658 0 -0.9999992 0.001243232 0 -0.9999992 -0.001300803 0 -0.9999978 -0.002112441 0 -0.9999806 0.006232267 0 -0.9999804 -0.006265522 0 -1 -0.0001108148 0 -0.9999993 -0.001195647 0 -0.9999539 -0.009596461 0 -1 0.0002099147 0 -0.9999923 0.003914692 0 -0.9999999 0.0003566435 0 -0.7071068 -0.7071068 2.210813E-06 0.7071068 0.7071068 0 0.7066841 -0.7066841 -0.03457044 0.7071068 -0.7071068 -0.0001106146 1 0 2.942704E-07 1 0 2.673278E-07 1 0 -5.085915E-07 1 0 -7.253645E-05 1 1.573607E-08 -1.573607E-08 0.9998242 0.01326042 -0.01326042 0.9999995 0 0.00102682 0.9999806 0.004400196 0.004400197 0.999997 0.001742441 0.00174244 1 0 -5.752111E-07 1 0 -5.87728E-07 0.9996989 0 -0.0245369 1 0 0 1 0 0 1 0 5.293485E-07 1 0 0 1 8.527215E-07 -8.527216E-07 1 0 3.240118E-09 1 0 -6.190686E-07 1 0 3.674107E-08 8.314547E-07 -1 -8.314548E-07 0.7071068 0 0.7071068 -2.434385E-08 -1 2.434385E-08 0.7071068 0 0.7071068 0 -1 3.041842E-07 0 -1 -3.019451E-07 1 0 0 0.9999955 0.003012095 0 1 0 0 1 0 0 0 -1 -4.859701E-08 0 -1 2.937637E-10 1 0 0 0.9996836 0.02515521 0 1 0 0 1 1.653632E-06 0 -1.853725E-08 -1 -1.853725E-08 0.7071068 1.072565E-05 -0.7071068 0 -1 0 0 -1 1.497607E-07 0 -1 -2.878635E-07 1 0 0 0.9999992 0.001308146 0 1 0 0 1 0 0 0 -1 -4.817176E-07 0 -1 -1.127052E-05 1 0 0 0.9998022 0.01988692 0 1 0 0 1 0 0 0.7070879 0.007306675 -0.7070879 -1 8.991292E-07 2.170703E-06 -1 0 2.543132E-06 -1 0 3.019969E-06 -1 0 3.019969E-06 -1 0 2.543132E-06 -1 9.128211E-07 2.203758E-06 -1 8.998435E-07 3.727251E-07 -1 0 3.019969E-06 -1 0 3.019969E-06 -1 1.162899E-06 4.816857E-07 -1 1.589457E-07 0 -1 9.112377E-08 0 -1 1.045063E-06 4.328767E-07 -1 9.272269E-07 3.840676E-07 -1 2.330181E-08 0 -1 9.272269E-07 3.840676E-07 -1 -5.494794E-07 2.276368E-07 -1 0 0 0 1 0 0 1 0 0 1 0 0 1 0 0 1 0 0 1 0 0 1 0 -1 0 0 -1 2.604474E-08 -1.078888E-08 -1 -1.224736E-06 -2.956554E-06 -1 -1.011579E-06 -2.441987E-06 -1 -1.219512E-06 -2.943944E-06 -1 -1.011579E-06 -2.441987E-06 0 0 -1 0 -0.007323287 -0.9999732 0 0.004903416 -0.999988 0 0 -1 -1 0 0 -1 0 0 -1 0 0 -1 0 0 0 0.006566384 -0.9999784 0 0 -1 0 -0.005909124 -0.9999825 0 0.005271443 -0.9999861 0 0.01038961 -0.999946 0 0 -1 -1 -2.628171E-07 -1.756101E-07 -1 -6.1709E-10 -4.123296E-10 -1 -3.872338E-07 -2.587434E-07 -1 -6.497295E-09 -4.341387E-09 0 1 0 0 1 0 0 1 0 0 1 0 0 1 0 0 1 0 0 1 0 0.8164966 -0.4082494 -0.4082472 1 5.419439E-07 -5.41944E-07 0.7071068 -0.7071068 0 0 -1 0 0.4082483 -0.8164966 0.4082483 0.7071068 -0.7071068 1.85244E-07 1 0 0 1 0 0 1 0 0 0 1 0 0 1 0 1 0 0 1 0 0 0 1 0 0 1 0 -1 0 0 -1 0 0 0 1 0 1 0 0 1 0 0 -5.397393E-08 1 0 -5.763871E-08 1 0 -1.094197E-09 1 0 0 1 0 0 1 0 0 1 0 1 0 0 1 0 0 0 1 0 0 1 0 -1 0 0 -1 0 0 0 1 0 0 1 0 1 0 0 1 0 0 -1.054833E-09 1 0 0 1 0 -5.763871E-08 1 0 0 1 -5.244899E-08 0 1 -5.244899E-08 0 1 -5.244899E-08 0 1 -5.244899E-08 -0.9999958 0 -0.002888561 -0.9999955 0 -0.003015505 -1 0 -0.0001161005 -1 0 0 -0.9999962 0 -0.002767615 -0.9999958 0 -0.002878438 -1 0 -0.0001211743 -1 0 0 0 1 -4.322903E-08 0 1 -4.322903E-08 0 1 -4.322903E-08 0 1 -4.322903E-08 0 1 -4.322903E-08 0 1 -4.322903E-08 0 1 -4.322903E-08 0 1 -4.322903E-08 0 1 -5.244899E-08 0 1 -5.244899E-08 0 1 -5.244899E-08 0 1 -5.244899E-08 -0.9999962 0 -0.002767615 -0.9999958 0 -0.002878438 -1 0 -0.0001211742 -1 0 0 -0.9999958 0 -0.002888561 -0.9999955 0 -0.003015505 -1 0 -0.0001161005 -1 0 0 0.7071068 -0.7071068 3.974038E-06 0.7071068 -0.7071068 4.239319E-06 0 -1 1.875761E-07 0 -1 0 0.7071068 0.7071068 -6.480173E-06 0.7071068 0.7071068 -7.251612E-06 0.7071068 -0.7071068 -7.714602E-07 0.7071068 -0.7071068 0 0 1 0 0 1 0 0.7071068 0.7071068 0 0.7071068 0.7071068 0 -1 0 0 -1 0 0 -1 0 0 -1 0 0 -0.7071068 0.7071068 4.026203E-06 -0.7071068 0.7071068 4.298978E-06 -0.7071068 -0.7071068 2.727668E-07 -0.7071068 -0.7071068 0 -0.7071068 0.7071068 -3.801425E-06 -0.7071068 0.7071068 -4.074201E-06 -0.7071068 -0.7071068 -4.798405E-08 -0.7071068 -0.7071068 2.247836E-07 0.7071068 0.7071068 0 0.7071068 0.7071068 0 0 1 1.726461E-06 0 1 1.64642E-06 -0.7071068 0.7071068 -2.481202E-08 -0.7071068 0.7071068 -1.553886E-07 0.7071068 0.7071068 -2.480981E-06 0.7071068 0.7071068 -2.579385E-06 -0.7071068 0.7071068 -9.840728E-08 -0.7071068 0.7071068 0 1 4.334021E-07 4.334021E-07 1 0 0 1 0 0 2.147059E-06 -1 -2.147059E-06 -0.4082939 -0.8164966 -0.4082026 1 0 0 0.8164966 -0.4082483 0.4082483 0.8164966 0.4082277 -0.4082688 0.7071068 0.7071068 -0.0001411756 0.7071068 0 0.7071068 0.8164966 0.4082483 0.4082483 0.7071068 0.7071068 -0.0001345825 0.8164966 0.4082483 0.4082483 0.7071068 0 0.7071068 0.8164966 -0.4082483 0.4082483 1 0 0 1 5.730799E-07 5.730799E-07 0.8164966 0.4082483 0.4082483 1 0 0 0.999972 0.005295616 -0.005295616 0.9998173 0.01351568 -0.01351568 0.8164966 -0.4082483 0.4082483 1 0 0 -0.7071068 -0.7071068 1.618083E-07 -0.7071068 -0.7071068 0 0.4082483 -0.8164966 0.4082483 0.7071068 -0.7071068 0 1 0 0 1 0 0 0.7071068 -0.7071068 -1.754441E-07 -0.4082483 -0.8164966 -0.4082483 0.7066613 0.03549101 -0.7066613 0.8162656 -0.3913162 -0.4249494 0 -1 0 -0.4082483 -0.8164966 0.4082483 0.7071068 0.0001276452 -0.7071068 0.8164966 0.4082483 -0.4082483 -1.469031E-10 -1 -1.469031E-10 0.4082483 -0.8164966 -0.4082483 -1 9.059752E-07 2.18723E-06 -1 8.991292E-07 2.170703E-06 -1 9.128211E-07 2.203758E-06 -1 -1.598258E-07 -3.858558E-07 -1 0 0 0 1 0 0 1 0 0 1 0 0 1 0 0 1 0 -5.437416E-08 1 0  
			<BiTangents>: 394 0 0 1 0 0 1 0 0 1 0 0 1 0 0 1 0 0 1 0 0 1 0 0 1 0 0 1 0 0 1 -3.019969E-06 0 -1 -3.019969E-06 0 -1 9.888026E-07 0.9238803 0.3826815 -2.367439E-06 -0.3826815 -0.9238803 -2.543132E-06 0 -1 2.861028E-06 0 -1 2.861027E-06 0 -1 0 0.4974301 -0.8675041 -1.714241E-06 0.4974301 -0.8675041 0 0.9238696 -0.3827076 -7.6777E-07 0.9238588 -0.3827336 1.291627E-11 1 -9.155553E-05 -9.019963E-07 1 -0.000122074 0 0.6075759 -0.7942617 -1.635698E-06 0.6075759 -0.7942617 2.861027E-06 0 -1 2.861027E-06 0 -1 0 0.4974301 -0.8675041 0 0.4974301 -0.8675041 0 0.9238696 -0.3827076 2.819272E-08 0.9238588 -0.3827336 -7.715079E-07 1 -9.155553E-05 -3.444057E-07 1 -9.155553E-05 -1.226505E-07 0.6075759 -0.7942617 0 0.6075759 -0.7942617 -3.72982E-06 0.3827076 0.9238696 -4.659939E-07 0.9239064 0.3826186 -1.870327E-06 0.9239216 0.3825818 2.643215E-06 -0.3827076 -0.9238696 2.643216E-06 -0.3827076 -0.9238696 -1.500036E-06 0.9239172 0.3825926 -1.169403E-06 0.9239172 0.3825926 2.643216E-06 -0.3827076 -0.9238696 0 0 1 0 0 -1 0 0 1 0 0 -1 0 0.3826815 0.9238803 0 0.3826815 0.9238803 0 0.999946 0.01038961 0 0.3826815 -0.9238803 0 0.3826815 -0.9238803 0 0.9238803 -0.3826815 0 0.9999723 -0.007434449 0 0.9999861 0.005271476 -1.346119E-08 0.9807879 0.1950772 0 0.9999368 -0.011242 0.001097681 -0.7065573 -0.707655 0.01846501 -0.7161584 0.6976935 0.7071068 0 0.7071068 -0.0001856052 0.7071996 0.707014 -0.7071181 2.26436E-05 -0.7070954 0 -0.7071068 0.7071068 0 0.7071068 -0.7071068 0 0.7071068 0.7071068 -0.01297092 0.01297092 0.9998317 -1.419165E-07 -1.419165E-07 1 0 0 1 8.756489E-05 -8.756489E-05 -1 -4.381889E-09 0.7071068 0.7071068 -4.319095E-09 0.7071068 0.7071068 -4.353237E-09 0.7071068 -0.7071068 3.767905E-07 0.7071068 -0.7071068 -6.089845E-07 -0.7071068 0.7071068 0.009138091 -0.7070773 0.7070773 0 -0.7071068 -0.7071068 0 -0.7071068 -0.7071068 2.615706E-07 0 1 -0.004451867 0 0.9999901 5.429494E-07 0 -1 -2.846334E-07 0 -1 1 0 0 0 1 0 0 -1 0 0 1 0 1 0 0 0 -1 0 0 1 0 0 1 0 1 0 0 0 -1 0 0 1 0 0 1 0 1 0 0 0 -1 0 1 0 0 0 1 0 0 -1 0 0 1 0 1 0 0 0 -1 0 0 1 0 0 1 0 1 0 0 0 -1 0 0 1 0 0 1 0 1 0 0 0 -1 0 -0.004965669 0.9999877 0 0.001839781 0.9999983 0 -0.0003093258 0.9999999 0 0.003639181 0.9999934 0 1.958658E-05 1 0 -0.0007891767 0.9999997 0 0.001433658 0.999999 0 0.001243232 0.9999992 0 -0.001300803 0.9999992 0 -0.002112441 0.9999978 0 0.006232267 0.9999806 0 -0.006265522 0.9999804 0 -0.0001108148 1 0 -0.001195647 0.9999993 0 -0.009596461 0.9999539 0 0.0002099147 1 0 0.003914692 0.9999923 0 0.0003566435 0.9999999 0 1.563281E-06 1.563281E-06 1 0 0 1 0.02444499 -0.02444499 0.9994023 -7.821634E-05 7.821634E-05 -1 2.942704E-07 0 -1 2.673278E-07 0 -1 5.085915E-07 0 1 7.253645E-05 0 1 -2.225416E-08 0.7071068 -0.7071068 0.01875306 -0.7069824 0.7069824 -0.00102682 0 0.9999995 -0.006222818 0.7070931 0.7070931 0.002464183 -0.7071046 -0.7071046 -5.752111E-07 0 -1 -5.87728E-07 0 -1 0.0245369 0 0.9996989 0 0.7071068 0.7071068 0 -0.7071068 -0.7071068 5.293485E-07 0 -1 0 0.7071068 -0.7071068 1.20593E-06 -0.7071068 0.7071068 -3.240118E-09 0 1 6.190686E-07 0 1 3.674107E-08 0 -1 -0.7071068 -1.175855E-06 0.7071068 0 1 0 0.7071068 -3.44274E-08 -0.7071068 0 -1 0 0 -3.041842E-07 -1 0 -3.019451E-07 1 0 -1 0 0.003012095 -0.9999955 0 0 1 0 0 1 0 0 -4.859701E-08 1 0 -2.937637E-10 -1 0 1 0 0.02515521 -0.9996836 0 0 -1 0 -1.653632E-06 1 0 0.7071068 -2.621563E-08 0.7071068 -7.584182E-06 1 7.584182E-06 -0.7071068 0 -0.7071068 0 -1.497607E-07 -1 0 -2.878635E-07 1 0 -1 0 0.001308146 -0.9999992 0 0 1 0 0 1 0 0 -4.817176E-07 1 0 1.127052E-05 -1 0 1 0 0.01988692 -0.9998022 0 0 -1 0 0 1 0 0.0051666 -0.9999733 -0.0051666 -2.34955E-06 -0.3826815 -0.9238803 -2.543132E-06 0 -1 -3.019969E-06 0 -1 -3.019969E-06 0 -1 -2.543132E-06 0 -1 -2.385328E-06 -0.3826815 -0.9238803 9.739828E-07 0.9238803 0.3826815 -3.019969E-06 0 -1 -3.019969E-06 0 -1 1.258712E-06 0.9238803 0.3826815 1.589457E-07 1 0 9.112377E-08 1 0 1.131167E-06 0.9238803 0.3826815 1.003622E-06 0.9238803 0.3826815 2.330181E-08 1 0 1.003622E-06 0.9238803 0.3826815 -5.947657E-07 0.9238588 -0.3827336 0 0.9238588 -0.3827336 0 0 1 0 0 1 0 0 1 0 0 1 0 0 1 0 0 1 0 0 1 0 0.9238696 -0.3827076 2.819093E-08 0.9238696 -0.3827076 -3.200186E-06 0.3827076 0.9238696 -2.643216E-06 0.3827076 0.9238696 -3.186537E-06 0.3827076 0.9238696 2.643216E-06 -0.3827076 -0.9238696 0 1 0 0 0.9999732 -0.007323287 0 0.999988 0.004903416 0 1 0 0 0.9807879 0.1950772 0 0.9238803 -0.3826815 0 0.9238803 -0.3826815 0 0.9238803 -0.3826815 0 0.9999784 0.006566384 0 1 0 0 0.9999825 -0.005909124 0 0.9999861 0.005271443 0 0.999946 0.01038961 0 1 0 -3.160881E-07 0.8314676 0.5555732 -7.421697E-10 0.8314676 0.5555732 -4.657233E-07 0.8314676 0.5555732 -7.814249E-09 0.8314676 0.5555732 0 0 1 0 0 1 0 0 1 0 0 1 0 0 1 0 0 1 0 0 1 1.273272E-06 0.7071061 -0.7071074 -7.664244E-07 0.7071068 -0.7071068 0 0 -1 0.7071068 0 -0.7071068 0.7071068 0 -0.7071068 1.309873E-07 -1.309873E-07 -1 0 0.7071068 -0.7071068 0 0.7071068 -0.7071068 0 0.7071068 -0.7071068 1 0 0 1 0 0 0 -1 0 0 -1 0 -1 0 0 -1 0 0 0 1 0 0 1 0 1 0 0 0 -1 0 0 -1 0 -1 -5.397393E-08 0 -1 -5.763871E-08 0 -1 -1.094197E-09 0 -1 0 0 1 0 0 1 0 0 0 -1 0 0 -1 0 -1 0 0 -1 0 0 0 1 0 0 1 0 1 0 0 1 0 0 0 -1 0 0 -1 0 -1 -1.054833E-09 0 -1 0 0 -1 -5.763871E-08 0 0 5.244899E-08 1 0 5.244899E-08 1 0 5.244899E-08 1 0 5.244899E-08 1 0.002888561 0 -0.9999958 0.003015505 0 -0.9999955 0.0001161005 0 -1 0 0 -1 0.002767615 0 -0.9999962 0.002878438 0 -0.9999958 0.0001211743 0 -1 0 0 -1 0 4.322903E-08 1 0 4.322903E-08 1 0 4.322903E-08 1 0 4.322903E-08 1 0 4.322903E-08 1 0 4.322903E-08 1 0 4.322903E-08 1 0 4.322903E-08 1 0 5.244899E-08 1 0 5.244899E-08 1 0 5.244899E-08 1 0 5.244899E-08 1 0.002767615 0 -0.9999962 0.002878438 0 -0.9999958 0.0001211742 0 -1 0 0 -1 0.002888561 0 -0.9999958 0.003015505 0 -0.9999955 0.0001161005 0 -1 0 0 -1 -2.810069E-06 2.810069E-06 1 -2.997651E-06 2.997651E-06 1 0 1.875761E-07 1 0 0 1 4.582174E-06 4.582174E-06 1 5.127664E-06 5.127664E-06 1 5.455047E-07 -5.455047E-07 1 0 0 1 0 0 1 0 0 1 0 0 1 0 0 1 0 0 1 0 0 1 0 0 1 0 0 1 -2.846955E-06 2.846955E-06 -1 -3.039836E-06 3.039836E-06 -1 -1.928752E-07 -1.928752E-07 -1 0 0 -1 2.688014E-06 -2.688014E-06 -1 2.880895E-06 -2.880895E-06 -1 3.392985E-08 3.392985E-08 -1 -1.58946E-07 -1.58946E-07 -1 0 0 1 0 0 1 0 -1.726461E-06 1 0 -1.64642E-06 1 -1.754475E-08 1.754475E-08 1 -1.098763E-07 1.098763E-07 1 1.754319E-06 1.754319E-06 1 1.823901E-06 1.823901E-06 1 -6.958446E-08 6.958446E-08 1 0 0 1 6.129231E-07 -0.7071068 -0.7071068 0 -0.7071068 -0.7071068 0 -0.7071068 -0.7071068 -0.7071068 -3.036399E-06 0.7071068 -0.7070804 5.272034E-05 0.7071331 0 -0.7071068 -0.7071068 0 -0.7071068 -0.7071068 -2.371039E-05 -0.7071186 -0.7070949 -9.982623E-05 -9.982623E-05 -1 0 1 0 0 0.7071068 -0.7071068 -9.516421E-05 -9.516421E-05 -1 0 0.7071068 -0.7071068 0 -1 0 0 -0.7071068 -0.7071068 0 0.7071068 0.7071068 -8.104574E-07 0.7071068 0.7071068 0 -0.7071068 0.7071068 0 -0.7071068 0.7071068 0.007489132 -0.707087 0.707087 0.01911405 -0.7069776 0.7069776 0 0.7071068 0.7071068 0 0.7071068 0.7071068 -1.144158E-07 -1.144158E-07 -1 0 0 -1 -0.7071068 0 0.7071068 0 0 1 0 0.7071068 0.7071068 0 -0.7071068 0.7071068 1.240577E-07 -1.240577E-07 1 0.7071068 0 -0.7071068 0.02509593 -0.99937 -0.02509593 0.01941817 -0.7166159 0.6971977 -0.7071068 0 -0.7071068 -0.7071068 0 -0.7071068 -9.02588E-05 1 9.02588E-05 0 0.7071068 0.7071068 0.7071068 -2.077524E-10 0.7071068 0.7071068 0 0.7071068 2.367439E-06 0.3826815 0.9238803 2.34955E-06 0.3826815 0.9238803 2.385328E-06 0.3826815 0.9238803 -4.17647E-07 0.3826815 0.9238803 0 0.3826815 0.9238803 -1 0 0 -1 0 0 1 0 0 -1 0 0 -1 0 0 -1 -5.437416E-08 0  
			<SubMeshes>: 1
				<SubMesh>: 0 990 6 5 2 2 1 6 1 7 6 3 0 4 4 9 3 9 8 3 14 13 183 14 183 184 11 10 185 11 185 186 187 188 13 187 13 14 383 12 189 383 189 384 190 191 10 190 10 11 192 193 194 192 194 195 385 196 12 385 12 383 195 194 197 195 197 198 36 21 32 36 32 41 40 31 22 40 22 37 31 30 20 31 20 22 26 42 39 26 39 25 23 17 27 23 27 34 25 39 38 25 38 16 199 33 24 199 24 200 19 23 34 19 34 29 29 34 33 29 33 199 33 28 18 33 18 24 41 32 31 41 31 40 201 202 203 203 204 201 203 205 204 203 206 205 203 207 206 34 27 28 34 28 33 21 208 209 21 209 32 32 209 30 32 30 31 41 210 35 41 35 36 37 211 212 37 212 40 40 212 210 40 210 41 15 213 42 15 42 26 51 50 44 51 44 46 47 48 45 47 45 43 53 214 215 215 216 53 216 54 53 216 49 54 216 217 49 52 55 218 52 218 219 51 220 221 51 221 50 222 223 224 224 56 222 56 225 222 225 226 222 226 227 222 55 228 229 55 229 218 386 230 231 386 231 387 232 233 234 234 235 232 235 236 232 236 237 232 237 238 232 171 66 59 171 59 167 181 146 63 181 63 168 177 130 61 177 61 169 179 139 57 179 57 182 145 68 239 145 239 240 137 65 60 137 60 138 142 129 65 142 65 137 150 241 68 150 68 145 242 243 244 242 244 170 176 127 66 176 66 171 141 131 79 141 79 140 131 132 80 131 80 79 149 133 77 149 77 148 133 134 78 133 78 77 148 77 70 148 70 143 77 78 69 77 69 70 140 79 72 140 72 135 79 80 71 79 71 72 180 144 76 180 76 172 172 76 75 172 75 173 178 245 246 178 246 174 174 246 247 174 247 175 87 84 82 87 82 88 248 249 89 248 89 85 250 251 90 250 90 86 252 253 388 252 388 389 254 91 92 254 92 255 390 256 81 390 81 93 257 258 83 257 83 94 259 260 261 259 261 262 98 101 102 98 102 96 263 264 99 263 99 103 265 266 100 265 100 104 267 268 391 267 391 392 105 269 270 105 270 106 271 272 107 271 107 95 273 274 108 273 108 97 275 276 393 275 393 277 278 279 280 278 280 281 282 283 284 282 284 285 286 287 288 286 288 289 290 291 292 290 292 293 294 295 296 294 296 297 298 299 300 298 300 301 302 303 304 302 304 305 306 307 308 306 308 309 112 115 117 112 117 109 115 112 111 115 111 114 116 113 110 110 117 116 110 109 117 113 111 110 113 114 111 124 121 118 124 118 126 121 124 123 121 123 120 125 126 119 119 122 125 119 120 122 120 123 122 118 119 126 310 311 312 310 312 313 314 315 316 314 316 317 318 319 320 318 320 321 322 323 324 322 324 325 326 327 328 326 328 329 330 331 332 330 332 333 334 335 336 334 336 337 337 336 338 337 338 339 340 341 342 340 342 343 73 74 134 73 134 133 147 73 133 147 133 149 344 345 132 344 132 131 346 344 131 346 131 141 347 348 127 347 127 176 349 350 241 349 241 150 136 58 129 136 129 142 170 244 130 170 130 177 74 136 142 74 142 134 351 346 141 351 141 352 353 354 245 353 245 178 355 140 135 355 135 356 352 141 140 352 140 355 134 142 137 134 137 78 78 137 138 78 138 69 173 75 139 173 139 179 345 349 150 345 150 132 62 147 149 62 149 128 357 358 144 357 144 180 67 148 143 67 143 64 128 149 148 128 148 67 132 150 145 132 145 80 80 145 240 80 240 71 175 247 146 175 146 181 359 160 166 359 166 360 361 154 165 361 165 362 363 158 164 363 164 364 365 152 163 365 163 366 367 155 162 367 162 368 369 151 161 369 161 370 371 159 160 371 160 359 366 163 159 366 159 371 372 157 158 372 158 363 362 165 157 362 157 372 370 161 156 370 156 373 374 153 155 374 155 367 364 164 375 364 375 376 368 162 377 368 377 378 360 166 379 360 379 380 373 156 381 373 381 382 160 175 181 160 181 166 154 357 180 154 180 165 158 173 179 158 179 164 152 353 178 152 178 163 155 170 177 155 177 162 151 347 176 151 176 161 159 174 175 159 175 160 163 178 174 163 174 159 157 172 173 157 173 158 165 180 172 165 172 157 161 176 171 161 171 156 153 242 170 153 170 155 164 179 182 164 182 375 162 177 169 162 169 377 166 181 168 166 168 379 156 171 167 156 167 381  
		</Mesh>
		<Materials>: 1
			<Material>: 0
				<AlbedoColor>: 1 1 1 1
				<EmissiveColor>: 0 0 0 0
				<Glossiness>: 0.04
				<Metallic>: 0
				<SpecularHighlight>: 1
				<GlossyReflection>: 1
				<AlbedoMap>: BLD_IndBuilding1_A
				<MetallicMap>: BLD_IndBuilding1_MS
				<NormalMap>: BLD_IndBuilding1_N
				<EmissionMap>: null
				<DetailAlbedoMap>: DET_Concrete1_A
				<DetailNormalMap>: DET_Concrete1_N
		</Materials>
		<Children>: 0
	</Frame>
</Hierarchy>
