<Hierarchy>:
	<Frame>: 0 5 IndBuilding1_Wall_Mid_B
		<Transform>: 0 0 0 0 0 0 1 1 1 0 0 0 1  
		<TransformMatrix>: 1 0 0 0 0 1 0 0 0 0 1 0 0 0 0 1  
		<BoxCollider>: 1 1.499998 2.500978 0.01518326 3.000004 5.001956 0.7000002  
		<Mesh>: 672 IndBuilding1_Wall_Mid_B
			<Bounds>: 1.499998 2.500978 0.01518326 1.500002 2.500978 0.3500001
			<Positions>: 672 2.3936 0.9049847 0.3651834 2.3936 1.004983 0.3651834 2.3936 0.9049847 -0.3348168 2.3936 1.004983 -0.3348168 0.5511044 0.9049847 0.3651834 0.5511044 1.004983 0.3651834 0.5511044 0.9049847 -0.3348168 0.5511044 1.004983 -0.3348168 2.3936 1.004983 0.01518327 2.3936 0.9049847 0.01518324 0.5511044 1.004983 0.01518324 0.5511044 0.9049847 0.01518327 1.779435 1.004983 -0.3348168 1.16527 1.004983 -0.3348168 1.16527 0.9049847 -0.3348168 1.779435 0.9049847 -0.3348168 1.16527 1.004983 0.3651834 1.779435 1.004983 0.3651834 1.779435 0.9049847 0.3651834 1.16527 0.9049847 0.3651834 1.16527 1.004983 0.01518325 1.779435 1.004983 0.01518326 1.779435 0.9049847 0.01518325 1.16527 0.9049847 0.01518326 2.999997 0.001955032 -0.1986928 -2.861023E-06 0.3959842 -0.1986845 -2.861023E-06 0.001955509 -0.1986838 2.999997 0.3959842 -0.1986921 2.999996 0.001955032 -0.2986928 -3.814697E-06 0.001955509 -0.2986837 -3.814697E-06 0.3536172 -0.2986844 -2.861023E-06 0.3959842 -0.2563174 2.999996 0.3959842 -0.2563251 2.999996 0.3536172 -0.2986923 1.499997 0.001955271 -0.1986883 1.499996 0.001955271 -0.2986882 1.499996 0.3536172 -0.2986884 1.499997 0.3959842 -0.2563213 1.499997 0.3959842 -0.1986883 2.999995 5.001956 -0.1986843 -9.536743E-07 5.001956 -0.1986928 2.999997 4.601958 -0.1986495 -2.861023E-06 4.601958 -0.1986495 2.999997 4.661955 -0.2986496 -2.861023E-06 4.661955 -0.2986496 2.999997 4.679751 -0.2986514 -2.711272E-06 4.679751 -0.2986519 2.999997 4.655727 -0.2924213 -2.861023E-06 4.655727 -0.2924213 0.9999978 5.001956 -0.19869 1.999996 5.001956 -0.1986871 1.999997 4.601958 -0.1986495 0.9999971 4.601958 -0.1986495 1.999997 4.661955 -0.2986496 0.9999971 4.661955 -0.2986496 0.9999973 4.679751 -0.2986517 1.999997 4.679751 -0.2986516 0.9999971 4.655727 -0.2924213 1.999997 4.655727 -0.2924213 2.999995 5.001956 -0.2890442 2.999995 4.992315 -0.2986832 -8.112016E-08 4.992315 -0.2986915 -9.193407E-08 5.001956 -0.2890528 0.9999984 5.001956 -0.2890499 0.9999984 4.992315 -0.2986888 1.999997 4.992315 -0.298686 1.999997 5.001956 -0.2890471 3 4.7 0.09999974 3 5 0.09999974 0 4.7 0.09999974 0 5 0.09999974 3 4.7 0.1398417 0 4.7 0.1398417 3 4.989642 0.1999998 3 5 0.1896413 0 5 0.1896413 0 4.989642 0.1999998 3 4.755923 0.1957651 3 4.766147 0.1999998 0 4.766147 0.1999998 0 4.755923 0.1957652 2.2499 1.100433 -5.960464E-08 2.2499 3.712482 -1.937151E-07 0.6707666 1.100433 -5.960464E-08 0.6707664 3.712482 -1.937151E-07 2.350333 3.25 -1.639128E-07 0.5703332 3.25 -1.639128E-07 0.5703332 3.812915 -1.937151E-07 2.350333 3.812915 -1.937151E-07 2.2499 3.331351 -1.639128E-07 0.6707664 3.331351 -1.639128E-07 0.6707664 3.168649 -1.490116E-07 2.2499 3.168649 -1.490116E-07 2.350333 1 -5.960464E-08 0.5703332 1 -5.960464E-08 2.2499 1.100433 -0.1000001 2.2499 3.712482 -0.1000002 0.6707666 1.100433 -0.1000001 0.6707664 3.712482 -0.1000002 2.350333 3.25 -0.09999709 0.5703332 3.25 -0.09999709 0.5703332 3.812915 -0.1000002 2.350333 3.812915 -0.1000002 2.2499 3.331351 -0.1000002 0.6707664 3.331351 -0.1000002 0.6707664 3.168649 -0.1000002 2.2499 3.168649 -0.1000002 2.350333 1 -0.09999698 0.5703332 1 -0.1000001 1.865378 3.776595 -1.937151E-07 1.460333 3.795685 -1.937151E-07 1.055288 3.776595 -1.937151E-07 1.055288 3.890905 -1.937151E-07 1.460333 3.907841 -1.937151E-07 1.865379 3.890905 -1.937151E-07 1.055288 3.776595 -0.1000002 1.460333 3.795685 -0.1000002 1.865378 3.776595 -0.1000002 1.865379 3.890905 -0.1000002 1.460333 3.907841 -0.1000002 1.055288 3.890905 -0.1000002 0.4854422 3.774681 0.2050266 2.431208 3.774681 0.2050266 0.4854422 3.774681 -0.3081495 2.431208 3.774681 -0.3081495 2.149167 3.834751 0.2050266 1.89575 3.867405 0.2050266 1.62149 3.881571 0.2050266 1.340139 3.882893 0.2050266 1.065806 3.871305 0.2050265 0.8122461 3.841034 0.2050265 0.8122463 3.841035 -0.3081495 1.065806 3.871305 -0.3081495 1.34014 3.882894 -0.3081495 1.62149 3.881571 -0.3081495 1.89575 3.867405 -0.3081495 2.149167 3.834752 -0.3081495 0.4691174 3.842579 0.2050266 2.448276 3.842427 0.2050266 0.4691174 3.842579 -0.3081495 2.448276 3.842427 -0.3081495 2.160369 3.903511 0.2050266 1.902187 3.936673 0.2050266 1.62383 3.951056 0.2050266 1.338579 3.952398 0.2050266 1.060145 3.940631 0.2050265 0.8018103 3.909894 0.2050265 0.8018104 3.909894 -0.3081495 1.060145 3.940631 -0.3081495 1.33858 3.952398 -0.3081495 1.62383 3.951056 -0.3081495 1.902187 3.936674 -0.3081495 2.160369 3.903511 -0.3081495 0.5690762 3.803351 0.09995653 0.5690762 0.9611317 0.09995653 2.347569 0.9611315 0.09995653 2.347569 3.803351 0.09995653 3 -2.471608E-07 0.09995653 2.999999 0.6602393 0.09995653 2.999998 5 0.09995605 -2.384186E-07 1.10467E-07 0.09995653 2.622604E-06 5 0.09995653 0.5690762 3.803351 -0.2000434 0.5690762 0.9611317 -0.2000343 2.347569 0.9611315 -0.2000434 2.347569 3.803351 -0.2000434 3 -2.471609E-07 -0.2000434 2.999999 0.6602393 -0.2000434 2.999998 5 -0.2000348 -2.384186E-07 1.10467E-07 -0.2000343 2.622604E-06 5 -0.2000434 2.089774 3.853554 0.09995653 1.858143 3.879854 0.09995653 1.60746 3.89402 0.09995653 1.350297 3.895342 0.09995653 1.099547 3.883754 0.0999565 0.8677856 3.859837 0.0999565 0.8986483 5 0.09995638 1.130663 5 0.09995635 1.362678 5 0.09995632 1.594693 5 0.09995626 1.826709 5 0.09995626 2.058723 5 0.0999562 0.8677857 3.859837 -0.2000434 1.099547 3.883754 -0.2000434 1.350297 3.895343 -0.2000434 1.60746 3.89402 -0.2000434 1.858143 3.879854 -0.2000434 2.089774 3.853554 -0.2000434 2.058723 5 -0.2000375 1.826709 5 -0.2000381 1.594693 5 -0.2000388 1.362678 5 -0.2000395 1.130663 5 -0.2000401 0.8986481 5 -0.2000408 2.3936 0.9049847 0.3380001 0.5511044 1.004983 0.3380001 2.3936 1.004983 0.3380001 0.5511044 0.9049847 0.3380001 1.779435 0.9049847 0.3380001 1.16527 0.9049847 0.3380001 1.16527 1.004983 0.3380001 1.779435 1.004983 0.3380001 2.3936 1.004983 -0.3250805 0.5511044 0.9049847 -0.3250805 2.3936 0.9049847 -0.3250805 0.5511044 1.004983 -0.3250805 1.16527 1.004983 -0.3250805 1.779435 1.004983 -0.3250805 1.779435 0.9049847 -0.3250805 1.16527 0.9049847 -0.3250805 0.5704553 1.004983 -0.3348168 0.5704553 0.9049847 0.3651834 0.5704553 0.9049847 0.01518327 0.5704553 0.9049847 -0.3348168 0.5704553 1.004983 0.3651834 0.5704553 1.004983 0.01518324 0.5704553 1.004983 0.3380001 0.5704553 0.9049847 0.3380001 0.5704553 1.004983 -0.3250805 0.5704553 0.9049847 -0.3250805 2.374408 0.9049847 -0.3348168 2.374408 1.004983 0.3651834 2.374408 1.004983 0.01518327 2.374408 1.004983 -0.3348168 2.374408 0.9049847 0.3651834 2.374408 0.9049847 0.01518324 2.374408 0.9049847 0.3380001 2.374408 1.004983 0.3380001 2.374408 0.9049847 -0.3250805 2.374408 1.004983 -0.3250805 2.3936 0.914444 0.3651834 2.3936 0.914444 -0.3348168 0.5511044 0.914444 -0.3348168 0.5511044 0.914444 0.3651834 0.5511044 0.914444 0.01518327 2.3936 0.914444 0.01518324 1.16527 0.914444 0.3651834 1.779435 0.914444 0.3651834 1.779435 0.914444 -0.3348168 1.16527 0.914444 -0.3348168 2.3936 0.914444 0.3380001 0.5511044 0.914444 0.3380001 0.5511044 0.914444 -0.3250805 2.3936 0.914444 -0.3250805 0.5704553 0.914444 0.3651834 0.5704553 0.914444 -0.3348168 2.374408 0.914444 -0.3348168 2.374408 0.914444 0.3651834 2.3936 0.999496 0.3651834 2.3936 0.999496 -0.3348168 0.5511044 0.999496 -0.3348168 0.5511044 0.999496 0.3651834 0.5511044 0.999496 0.01518324 2.3936 0.999496 0.01518327 1.16527 0.999496 0.3651834 1.779435 0.999496 0.3651834 1.779435 0.999496 -0.3348168 1.16527 0.999496 -0.3348168 2.3936 0.999496 0.3380001 0.5511044 0.999496 0.3380001 0.5511044 0.999496 -0.3250805 2.3936 0.999496 -0.3250805 0.5704553 0.999496 0.3651834 0.5704553 0.999496 -0.3348168 2.374408 0.999496 -0.3348168 2.374408 0.999496 0.3651834 0.4854422 3.774681 0.197237 2.431208 3.774681 0.197237 2.149167 3.834751 0.197237 1.89575 3.867405 0.197237 1.62149 3.881571 0.197237 1.340139 3.882893 0.197237 1.065806 3.871305 0.197237 0.8122461 3.841034 0.197237 0.4691174 3.842579 0.197237 2.448276 3.842427 0.197237 2.160369 3.903511 0.197237 1.902187 3.936673 0.197237 1.62383 3.951056 0.197237 1.338579 3.952398 0.197237 1.060145 3.940631 0.197237 0.8018103 3.909894 0.197237 0.4854422 3.774681 -0.3033922 2.431208 3.774681 -0.3033922 0.4691174 3.842579 -0.3033922 2.448276 3.842427 -0.3033922 2.149167 3.834752 -0.3033922 1.89575 3.867405 -0.3033922 1.62149 3.881571 -0.3033922 1.34014 3.882894 -0.3033922 1.065806 3.871305 -0.3033922 0.8122463 3.841035 -0.3033922 2.160369 3.903511 -0.3033922 1.902187 3.936674 -0.3033922 1.62383 3.951056 -0.3033922 1.33858 3.952398 -0.3033922 1.060145 3.940631 -0.3033922 0.8018104 3.909894 -0.3033922 0.4718919 3.83104 0.2050266 2.445375 3.830913 0.2050266 0.4718919 3.83104 -0.3081495 2.445375 3.830913 -0.3081495 2.158465 3.891825 0.2050266 1.901093 3.924901 0.2050266 1.623432 3.939247 0.2050266 1.338845 3.940585 0.2050266 1.061107 3.928849 0.2050265 0.8035839 3.89819 0.2050265 0.803584 3.898191 -0.3081495 1.061107 3.928849 -0.3081495 1.338845 3.940585 -0.3081495 1.623432 3.939247 -0.3081495 1.901093 3.924901 -0.3081495 2.158465 3.891825 -0.3081495 2.445375 3.830913 0.197237 0.4718919 3.83104 0.197237 2.445375 3.830913 -0.3033922 0.4718919 3.83104 -0.3033922 0.4835711 3.782464 0.2050266 2.433165 3.782446 0.2050266 0.4835711 3.782464 -0.3081495 2.433165 3.782446 -0.3081495 2.150451 3.842632 0.2050266 1.896488 3.875344 0.2050266 1.621758 3.889535 0.2050266 1.33996 3.89086 0.2050266 1.065157 3.879251 0.2050265 0.8110501 3.848927 0.2050265 0.8110502 3.848927 -0.3081495 1.065157 3.879251 -0.3081495 1.339961 3.89086 -0.3081495 1.621758 3.889535 -0.3081495 1.896488 3.875344 -0.3081495 2.150451 3.842633 -0.3081495 2.433165 3.782446 0.197237 0.4835711 3.782464 0.197237 2.433165 3.782446 -0.3033922 0.4835711 3.782464 -0.3033922 0.4989583 3.777426 0.2050266 0.4989583 3.777426 -0.3081495 0.4828771 3.845363 0.2050266 0.4828771 3.845363 -0.3081495 0.4989583 3.777426 0.197237 0.4828771 3.845363 0.197237 0.4828771 3.845363 -0.3033922 0.4989583 3.777426 -0.3033922 0.4856102 3.833817 -0.3081495 0.4856102 3.833817 0.2050266 0.4971152 3.785212 0.2050266 0.4971152 3.785212 -0.3081495 2.423173 3.776393 0.2050266 2.423173 3.776393 -0.3081495 2.440073 3.844167 0.2050266 2.440073 3.844167 -0.3081495 2.423173 3.776393 0.197237 2.440073 3.844167 0.197237 2.423173 3.776393 -0.3033922 2.440073 3.844167 -0.3033922 2.437201 3.832649 -0.3081495 2.437201 3.832649 0.2050266 2.42511 3.784161 0.2050266 2.42511 3.784161 -0.3081495 0.5511044 0.9049847 -0.3348168 0.5704553 0.9049847 -0.3348168 0.5511044 0.9049847 0.3380001 0.5511044 0.9049847 -0.3250805 0.5511044 0.9049847 0.01518327 2.374408 0.9049847 -0.3348168 1.779435 0.9049847 -0.3348168 1.16527 0.9049847 -0.3348168 -2.861023E-06 0.3959842 -0.2563174 -2.861023E-06 0.3959842 -0.1986845 -2.861023E-06 0.001955509 -0.1986838 -3.814697E-06 0.001955509 -0.2986837 2.999997 0.3959842 -0.1986921 2.999996 0.3959842 -0.2563251 -3.814697E-06 0.3536172 -0.2986844 2.999996 0.001955032 -0.2986928 2.999997 0.001955032 -0.1986928 2.999996 0.3536172 -0.2986923 2.999996 0.001955032 -0.2986928 1.499996 0.001955271 -0.2986882 1.499996 0.3536172 -0.2986884 2.999996 0.3536172 -0.2986923 -3.814697E-06 0.001955509 -0.2986837 -3.814697E-06 0.3536172 -0.2986844 0.9999971 4.661955 -0.2986496 -2.861023E-06 4.661955 -0.2986496 -2.861023E-06 4.655727 -0.2924213 -2.861023E-06 4.601958 -0.1986495 -9.536743E-07 5.001956 -0.1986928 -2.861023E-06 4.661955 -0.2986496 -2.711272E-06 4.679751 -0.2986519 -8.112016E-08 4.992315 -0.2986915 -9.193407E-08 5.001956 -0.2890528 2.999997 4.661955 -0.2986496 1.999997 4.661955 -0.2986496 1.999997 5.001956 -0.2890471 -9.193407E-08 5.001956 -0.2890528 0.9999984 5.001956 -0.2890499 2.999995 5.001956 -0.2890442 3 4.7 0.1398417 3 4.7 0.09999974 3 5 0.09999974 3 5 0.1896413 3 4.766147 0.1999998 3 4.989642 0.1999998 0 4.989642 0.1999998 3 4.989642 0.1999998 0 5 0.09999974 0 4.7 0.09999974 0 4.7 0.1398417 0 4.766147 0.1999998 0 4.989642 0.1999998 0 5 0.1896413 0 4.755923 0.1957652 3 4.755923 0.1957651 3 4.755923 0.1957651 0 4.755923 0.1957652 2.350333 3.25 -1.639128E-07 2.2499 3.331351 -1.639128E-07 0.5703332 3.25 -1.639128E-07 0.6707664 3.331351 -1.639128E-07 0.5703332 3.25 -1.639128E-07 2.350333 3.25 -1.639128E-07 2.2499 3.168649 -1.490116E-07 2.350333 1 -5.960464E-08 2.2499 1.100433 -5.960464E-08 0.5703332 1 -5.960464E-08 0.6707666 1.100433 -5.960464E-08 0.6707664 3.168649 -1.490116E-07 2.2499 3.331351 -0.1000002 2.350333 3.25 -0.09999709 0.6707664 3.331351 -0.1000002 0.5703332 3.25 -0.09999709 0.5703332 3.25 -0.09999709 2.350333 3.25 -0.09999709 2.2499 3.168649 -0.1000002 2.2499 1.100433 -0.1000001 2.350333 1 -0.09999698 0.6707666 1.100433 -0.1000001 0.5703332 1 -0.1000001 0.6707664 3.168649 -0.1000002 2.2499 3.712482 -1.937151E-07 2.2499 3.712482 -0.1000002 2.2499 3.331351 -0.1000002 2.2499 3.331351 -1.639128E-07 2.2499 3.712482 -0.1000002 2.2499 3.712482 -1.937151E-07 2.2499 1.100433 -5.960464E-08 2.2499 1.100433 -0.1000001 0.6707666 1.100433 -0.1000001 0.6707666 1.100433 -5.960464E-08 0.6707666 1.100433 -5.960464E-08 0.6707666 1.100433 -0.1000001 0.6707664 3.168649 -0.1000002 0.6707664 3.168649 -1.490116E-07 2.2499 3.168649 -1.490116E-07 2.2499 3.168649 -0.1000002 2.2499 1.100433 -0.1000001 2.2499 1.100433 -5.960464E-08 0.6707664 3.331351 -1.639128E-07 0.6707664 3.331351 -0.1000002 0.6707664 3.712482 -0.1000002 0.6707664 3.712482 -1.937151E-07 2.2499 3.331351 -1.639128E-07 2.2499 3.331351 -0.1000002 0.6707664 3.331351 -0.1000002 0.6707664 3.331351 -1.639128E-07 0.6707664 3.168649 -1.490116E-07 0.6707664 3.168649 -0.1000002 2.2499 3.168649 -0.1000002 2.2499 3.168649 -1.490116E-07 1.865378 3.776595 -1.937151E-07 2.2499 3.712482 -1.937151E-07 2.350333 3.812915 -1.937151E-07 1.055288 3.776595 -1.937151E-07 0.6707664 3.712482 -1.937151E-07 0.6707664 3.712482 -0.1000002 1.055288 3.776595 -0.1000002 2.350333 3.812915 -0.1000002 2.2499 3.712482 -0.1000002 1.865378 3.776595 -0.1000002 1.460333 3.795685 -0.1000002 1.460333 3.795685 -1.937151E-07 0.4828771 3.845363 0.2050266 0.4691174 3.842579 0.2050266 2.440073 3.844167 -0.3081495 2.448276 3.842427 -0.3081495 1.902187 3.936674 -0.3081495 2.160369 3.903511 -0.3081495 1.62383 3.951056 -0.3081495 1.33858 3.952398 -0.3081495 1.060145 3.940631 -0.3081495 0.8018104 3.909894 -0.3081495 0.5690762 0.9611317 0.09995653 0.5690762 0.9611317 -0.2000343 0.5690762 3.803351 -0.2000434 0.5690762 3.803351 0.09995653 2.347569 0.9611315 0.09995653 2.347569 0.9611315 -0.2000434 0.5690762 0.9611317 -0.2000343 0.5690762 0.9611317 0.09995653 2.347569 3.803351 0.09995653 2.347569 3.803351 -0.2000434 2.347569 0.9611315 -0.2000434 2.347569 0.9611315 0.09995653 -2.384186E-07 1.10467E-07 0.09995653 -2.384186E-07 1.10467E-07 -0.2000343 3 -2.471609E-07 -0.2000434 3 -2.471608E-07 0.09995653 2.089774 3.853554 -0.2000434 2.347569 3.803351 -0.2000434 2.347569 3.803351 0.09995653 3 -2.471608E-07 0.09995653 3 -2.471609E-07 -0.2000434 2.999999 0.6602393 -0.2000434 2.999999 0.6602393 0.09995653 2.999998 5 -0.2000348 2.999998 5 0.09995605 2.622604E-06 5 0.09995653 2.622604E-06 5 -0.2000434 -2.384186E-07 1.10467E-07 -0.2000343 -2.384186E-07 1.10467E-07 0.09995653 2.089774 3.853554 0.09995653 0.8986481 5 -0.2000408 2.622604E-06 5 -0.2000434 2.622604E-06 5 0.09995653 0.8986483 5 0.09995638 0.8677856 3.859837 0.0999565 0.5690762 3.803351 0.09995653 0.5690762 3.803351 -0.2000434 0.8677857 3.859837 -0.2000434 2.058723 5 0.0999562 2.058723 5 -0.2000375 1.130663 5 -0.2000401 1.099547 3.883754 -0.2000434 1.362678 5 -0.2000395 1.350297 3.895343 -0.2000434 1.594693 5 -0.2000388 1.60746 3.89402 -0.2000434 1.826709 5 -0.2000381 1.858143 3.879854 -0.2000434 1.099547 3.883754 0.0999565 1.130663 5 0.09995635 1.350297 3.895342 0.09995653 1.362678 5 0.09995632 1.60746 3.89402 0.09995653 1.594693 5 0.09995626 1.858143 3.879854 0.09995653 1.826709 5 0.09995626 2.999995 5.001956 -0.1986843 2.999997 4.601958 -0.1986495 2.999997 4.655727 -0.2924213 2.999997 4.661955 -0.2986496 2.999997 4.679751 -0.2986514 2.999995 4.992315 -0.2986832 2.999995 5.001956 -0.2890442 2.999998 5 0.09995605 2.999998 5 -0.2000348 1.779435 0.9049847 0.3651834 1.16527 0.9049847 0.3651834 2.374408 0.9049847 0.3651834 2.3936 0.914444 0.3651834 2.3936 0.9049847 0.3651834 0.5704553 0.9049847 0.3651834 0.5511044 0.9049847 0.3651834 0.5511044 0.914444 -0.3348168 0.5511044 0.9049847 -0.3348168 0.5511044 0.914444 0.3651834 0.5511044 0.9049847 0.3651834 2.3936 0.9049847 0.01518324 2.3936 0.9049847 -0.3250805 2.3936 0.9049847 0.3651834 2.3936 0.9049847 0.3380001 2.3936 0.914444 -0.3348168 2.3936 0.9049847 -0.3348168 2.3936 0.9049847 -0.3348168 2.3936 0.999496 0.3651834 0.5511044 0.999496 0.3651834 0.5511044 0.999496 -0.3348168 2.3936 0.999496 -0.3348168 2.3936 1.004983 -0.3250805 2.3936 1.004983 -0.3348168 0.5704553 1.004983 -0.3348168 0.5511044 1.004983 -0.3348168 0.5511044 1.004983 0.3380001 0.5511044 1.004983 0.3651834 2.374408 1.004983 0.3651834 2.3936 1.004983 0.3651834 0.5511044 1.004983 -0.3250805 0.5511044 1.004983 0.01518324 2.3936 1.004983 0.3380001 2.3936 1.004983 0.01518327 0.5704553 1.004983 0.3651834 1.16527 1.004983 0.3651834 1.779435 1.004983 0.3651834 2.374408 1.004983 -0.3348168 1.779435 1.004983 -0.3348168 1.16527 1.004983 -0.3348168 2.3936 1.004983 0.3651834 0.5511044 1.004983 -0.3348168 0.5511044 1.004983 0.3651834 2.3936 1.004983 -0.3348168 2.448276 3.842427 -0.3033922 0.4718919 3.83104 0.2050266 0.4691174 3.842579 0.2050266 0.4691174 3.842579 0.197237 0.8018103 3.909894 0.2050265 1.060145 3.940631 0.2050265 1.338579 3.952398 0.2050266 1.62383 3.951056 0.2050266 1.902187 3.936673 0.2050266 2.160369 3.903511 0.2050266 0.4691174 3.842579 -0.3033922 2.440073 3.844167 0.2050266 2.448276 3.842427 0.2050266 2.448276 3.842427 0.197237 0.4828771 3.845363 -0.3081495 0.4691174 3.842579 -0.3081495 2.445375 3.830913 -0.3081495 2.448276 3.842427 -0.3081495 2.433165 3.782446 -0.3081495 0.4835711 3.782464 0.2050266 2.423173 3.776393 0.2050266 2.149167 3.834751 0.2050266 0.4989583 3.777426 0.2050266 0.4854422 3.774681 0.2050266 0.4854422 3.774681 -0.3033922 0.4854422 3.774681 -0.3081495 2.431208 3.774681 0.197237 2.431208 3.774681 0.2050266 2.423173 3.776393 -0.3081495 2.431208 3.774681 -0.3081495 1.89575 3.867405 0.2050266 1.89575 3.867405 -0.3081495 2.149167 3.834752 -0.3081495 1.62149 3.881571 0.2050266 1.62149 3.881571 -0.3081495 1.340139 3.882893 0.2050266 1.34014 3.882894 -0.3081495 1.065806 3.871305 0.2050265 1.065806 3.871305 -0.3081495 0.8122461 3.841034 0.2050265 0.8122463 3.841035 -0.3081495 0.4989583 3.777426 -0.3081495 2.431208 3.774681 -0.3033922 0.4854422 3.774681 0.2050266 0.4854422 3.774681 0.197237 2.431208 3.774681 -0.3081495 0.4854422 3.774681 -0.3081495 0.4835711 3.782464 -0.3081495 0.4718919 3.83104 -0.3081495 0.4691174 3.842579 -0.3081495 2.431208 3.774681 0.2050266 2.433165 3.782446 0.2050266 2.445375 3.830913 0.2050266 2.448276 3.842427 0.2050266 1.499997 0.3959842 -0.2563213 -2.861023E-06 0.3959842 -0.2563174 2.999996 0.3959842 -0.2563251 3 4.7 0.1398417 0 4.7 0.1398417 2.350333 3.25 -1.639128E-07 0.5703332 3.25 -1.639128E-07 0.5703332 3.812915 -1.937151E-07 0.6707664 3.712482 -1.937151E-07 2.350333 3.25 -0.09999709 0.5703332 3.25 -0.09999709 0.6707664 3.712482 -0.1000002 0.5703332 3.812915 -0.1000002  
			<Colors>: 0  
			<TextureCoords0>: 672 0.9077148 0.2617188 0.9077148 0.2675781 0.9140625 0.309082 0.9077148 0.309082 0.8085938 0.2617188 0.8085938 0.2685547 0.8085938 0.3144531 0.8085938 0.309082 0.9077148 0.2885742 0.9140625 0.2885742 0.8085938 0.2880859 0.8085938 0.2421875 0.875 0.309082 0.8417969 0.309082 0.8417969 0.2211914 0.875 0.2211914 0.8417969 0.2685547 0.875 0.2685547 0.875 0.2617188 0.8417969 0.2617188 0.8417969 0.2880859 0.875 0.2880859 0.875 0.2421875 0.8417969 0.2421875 0.6005859 0.6533203 0.7998047 0.6269531 0.7998047 0.6533203 0.6005859 0.6269531 0.6005859 0.6533203 0.7998047 0.6533203 0.7998047 0.6298828 0.7998047 0.6269531 0.6005859 0.6269531 0.6005859 0.6298828 0.3867188 0.1381836 0.3867188 0.1318359 0.8999023 0.6308594 0.8999023 0.6269531 0.8999023 0.6308594 0.2875977 0.1381836 0.4863281 0.1381836 0.6005859 0.3466797 0.7998047 0.3466797 0.6005859 0.3427734 0.7998047 0.3427734 0.6005859 0.3415979 0.7998047 0.3415978 0.6005859 0.3431789 0.7998047 0.3431789 0.4199219 0.1381836 0.3535156 0.1381836 0.6669922 0.3466797 0.7333984 0.3466797 0.6669922 0.3427734 0.7333984 0.3427734 0.7333984 0.3415979 0.6669922 0.3415979 0.7333984 0.3431789 0.6669922 0.3431789 0.6005859 0.3203125 0.6005859 0.3209494 0.7998047 0.3209493 0.4863281 0.1328125 0.4199219 0.1328125 0.7333984 0.3209494 0.6669921 0.3209493 0.3535156 0.1328125 0.0004882813 0.3388672 0.0004882813 0.3134766 0.199707 0.3388672 0.199707 0.3134766 0.0004882813 0.3388672 0.199707 0.3388672 0.3081055 0.2944336 0.0004882813 0.3193359 0.199707 0.3193359 0.199707 0.3200319 0.3087585 0.3312194 0.3081055 0.3296235 0.199707 0.3350469 0.3087585 0.3312194 0.21875 0.09423828 0.4780273 0.09423828 0.2783203 0.09423828 0.4780273 0.09423828 0.4194336 0.08251953 0.265625 0.08251953 0.4907227 0.08251953 0.4907227 0.08251953 0.4291992 0.09423828 0.2783203 0.09423828 0.4780273 0.09423828 0.277832 0.09423828 0.2060547 0.08251953 0.265625 0.08251953 0.21875 0.09423828 0.4780273 0.09423828 0.2783203 0.09423828 0.4780273 0.09423828 0.4194336 0.08251953 0.265625 0.08251953 0.4907227 0.08251953 0.4907227 0.08251953 0.4291992 0.09423828 0.2783203 0.09423828 0.4780273 0.09423828 0.277832 0.09423828 0.2060547 0.08251953 0.265625 0.08251953 0.2939453 0.08300781 0.3378906 0.08300781 0.4287109 0.09423828 0.4287109 0.08251953 0.3779297 0.08251953 0.3266602 0.08251953 0.4287109 0.09423828 0.3378906 0.09423828 0.2939453 0.09423828 0.3266602 0.08251953 0.3779297 0.08251953 0.4287109 0.08251953 0.4003906 0.3203125 0.2001953 0.3203125 0.4003906 0.3413086 0.2001953 0.3413086 0.2304688 0.3203125 0.2553711 0.3203125 0.284668 0.3203125 0.3120117 0.3203125 0.340332 0.3203125 0.3657227 0.3203125 0.3657227 0.3413086 0.340332 0.3413086 0.3120117 0.3413086 0.284668 0.3413086 0.2553711 0.3413086 0.2304688 0.3413086 0.4003906 0.3173828 0.2001953 0.3173828 0.4003906 0.2915039 0.2001953 0.2915039 0.2304688 0.3173828 0.2553711 0.3173828 0.284668 0.3173828 0.3120117 0.3173828 0.340332 0.3173828 0.3657227 0.3173828 0.3657227 0.2915039 0.340332 0.2915039 0.3120117 0.2915039 0.284668 0.2915039 0.2553711 0.2915039 0.2304688 0.2915039 0.5610352 0.3999023 0.5610352 0.5883789 0.4428711 0.5883789 0.4428711 0.3999023 0.3999023 0.6523438 0.3999023 0.6088867 0.3999023 0.3203125 0.5991211 0.6523438 0.5991211 0.3203125 0.9624023 0.3999023 0.9624023 0.5893555 0.84375 0.5893555 0.84375 0.3999023 0.800293 0.6533203 0.800293 0.609375 0.800293 0.3208008 0.9995117 0.6533203 0.9995117 0.3208008 0.9326172 0.3837891 0.9423828 0.3837891 0.9541016 0.3837891 0.9648438 0.3837891 0.9750977 0.3837891 0.5410156 0.3964844 0.3413086 0.2524414 0.3256836 0.2524414 0.3100586 0.2524414 0.2949219 0.2524414 0.2792969 0.2524414 0.4624023 0.3203125 0.9423828 0.3964844 0.9750977 0.3964844 0.9648438 0.3964844 0.9541016 0.3964844 0.9423828 0.3964844 0.8613281 0.3964844 0.8632813 0.3208008 0.2792969 0.2338867 0.2949219 0.2338867 0.3100586 0.2338867 0.3256836 0.2338867 0.9404297 0.3208008 0.9140625 0.2692088 0.8085938 0.2700716 0.9077148 0.2692088 0.8085938 0.2602018 0.8750001 0.2602018 0.8417969 0.2602018 0.8417969 0.2700716 0.875 0.2700716 0.9077148 0.3085116 0.8085938 0.2217755 0.9140624 0.3085116 0.8085938 0.308498 0.8417969 0.308498 0.875 0.3084979 0.875 0.2217754 0.8417969 0.2217754 0.8096399 0.309082 0.8096399 0.2617188 0.80964 0.2421874 0.8096399 0.3144531 0.8096399 0.2685547 0.80964 0.2880859 0.8096399 0.2700716 0.8096399 0.2602018 0.8096399 0.308498 0.8096399 0.2217755 0.9066924 0.2211915 0.9066925 0.2676086 0.9066925 0.288559 0.9066925 0.309082 0.9066925 0.2617188 0.9066925 0.2421875 0.9066925 0.2602018 0.9066925 0.2692358 0.9066925 0.2217755 0.9066925 0.3085111 0.9077148 0.2622731 0.913462 0.309082 0.8085938 0.3139451 0.8079933 0.2617188 0.8079933 0.2421875 0.913462 0.2885742 0.8417969 0.2623654 0.875 0.2623654 0.875 0.3139451 0.8417969 0.3139451 0.913462 0.2692088 0.8079933 0.2602018 0.8079933 0.2217755 0.913462 0.3085115 0.8096399 0.2623654 0.8096399 0.3139451 0.9066925 0.3139451 0.9066925 0.2622759 0.9080632 0.2675781 0.9077148 0.3093768 0.8025944 0.2211914 0.8085938 0.2681796 0.8025944 0.2421875 0.9080632 0.2885742 0.8417969 0.2681796 0.875 0.2681796 0.875 0.3093768 0.8417969 0.3093768 0.9080632 0.2692088 0.8025944 0.2602018 0.8025944 0.2217755 0.9080632 0.3085116 0.8096399 0.2681796 0.8096399 0.3093768 0.9066925 0.3093768 0.9066925 0.2672855 0.4003906 0.3206312 0.2001953 0.3206312 0.2304688 0.3206313 0.2553711 0.3206311 0.284668 0.3206313 0.3120117 0.3206311 0.340332 0.3206312 0.3657227 0.3206311 0.4003906 0.31699 0.2001953 0.31699 0.2304688 0.31699 0.2553711 0.31699 0.284668 0.31699 0.3120117 0.31699 0.340332 0.3169899 0.3657227 0.31699 0.4003906 0.3411139 0.2001953 0.341114 0.4003906 0.2917438 0.2001953 0.2917438 0.2304688 0.3411139 0.2553711 0.3411139 0.284668 0.341114 0.3120117 0.3411139 0.340332 0.341114 0.3657227 0.3411139 0.2304688 0.2917438 0.2553711 0.2917438 0.284668 0.2917438 0.3120117 0.2917438 0.340332 0.2917438 0.3657227 0.2917438 0.4003906 0.3178807 0.1990335 0.3173828 0.4017184 0.2915039 0.2001953 0.290923 0.2304688 0.3178807 0.2553711 0.3178807 0.284668 0.3178807 0.3120117 0.3178807 0.340332 0.3178807 0.3657227 0.3178807 0.3657227 0.2909231 0.340332 0.290923 0.3120117 0.290923 0.284668 0.290923 0.2553711 0.290923 0.2304687 0.2909231 0.1990335 0.31699 0.4017185 0.31699 0.1990335 0.2917438 0.4017184 0.2917438 0.4073077 0.3173828 0.1941428 0.3173828 0.4073077 0.2915039 0.1941428 0.2915038 0.2304688 0.3199767 0.2553711 0.3199767 0.284668 0.3199767 0.3120117 0.3199767 0.340332 0.3199767 0.3657227 0.3199767 0.3657227 0.2884778 0.340332 0.2884777 0.3120117 0.2884777 0.284668 0.2884777 0.2553711 0.2884777 0.2304688 0.2884777 0.1941428 0.31699 0.4073077 0.31699 0.1941428 0.2917438 0.4073077 0.2917437 0.3989568 0.3203126 0.3989568 0.3413086 0.3989568 0.3173828 0.3989568 0.2915039 0.3989568 0.3206313 0.3989568 0.31699 0.3989568 0.2917439 0.3989568 0.3411139 0.3989568 0.290923 0.3989568 0.3178807 0.3989568 0.3199767 0.3989568 0.2884777 0.2010578 0.3203125 0.2010578 0.3413086 0.2010578 0.3173829 0.2010578 0.2915039 0.2010578 0.3206312 0.2010579 0.31699 0.2010578 0.341114 0.2010578 0.2917438 0.2010579 0.290923 0.2010579 0.3178807 0.2010579 0.3199767 0.2010579 0.2884777 0.8085938 0.2211914 0.8096399 0.2211914 0.8085938 0.2602018 0.8085938 0.2217755 0.8085938 0.2421875 0.9066925 0.3144531 0.875 0.3144531 0.8417969 0.3144531 0.9995117 0.6269531 0.9995117 0.6308594 0.4863281 0.1381836 0.4863281 0.1318359 0.800293 0.6308594 0.800293 0.6269531 0.9995117 0.6308594 0.2875977 0.1318359 0.2875977 0.1381836 0.800293 0.6308594 0.800293 0.6538086 0.8999023 0.6538086 0.8999023 0.6308594 0.800293 0.6308594 0.9995117 0.6538086 0.9995117 0.6308594 0.7333984 0.3427734 0.7998047 0.3427734 0.7998047 0.3431789 0.7998047 0.3466797 0.7998047 0.3203125 0.7998047 0.3427734 0.7998047 0.3415978 0.7998047 0.3209494 0.7998047 0.3203125 0.6005859 0.3427734 0.6669922 0.3427734 0.6669922 0.3203125 0.7998047 0.3203125 0.7333984 0.3203125 0.2875977 0.1328125 0.3173828 0.3398438 0.3232422 0.3398438 0.3232422 0.2929688 0.3095703 0.2929688 0.0004882813 0.3350469 0.0004882813 0.3200319 0.199707 0.3200319 0.0004882813 0.3200319 0.3232422 0.2929688 0.3232422 0.3398438 0.3173828 0.3398438 0.3081055 0.3296235 0.3081055 0.2944336 0.3095703 0.2929688 0.199707 0.3356898 0.0004882813 0.3356898 0.0004882813 0.3356898 0.199707 0.3356898 0.4907227 0.08251953 0.4780273 0.09423828 0.4194336 0.08251953 0.4291992 0.09423828 0.4907227 0.08251953 0.265625 0.08251953 0.4804688 0.09423828 0.4907227 0.08251953 0.4780273 0.09423828 0.2060547 0.08251953 0.21875 0.09423828 0.4804688 0.09423828 0.4780273 0.09423828 0.4907227 0.08251953 0.4291992 0.09423828 0.4194336 0.08251953 0.4907227 0.08251953 0.265625 0.08251953 0.4804688 0.09423828 0.4780273 0.09423828 0.4907227 0.08251953 0.21875 0.09423828 0.2060547 0.08251953 0.4804688 0.09423828 0.5161133 0.09423828 0.5161133 0.1054688 0.4731445 0.1054688 0.4731445 0.09423828 0.2514648 0.09423828 0.2514648 0.08300781 0.2514648 0.09423828 0.2514648 0.08300781 0.4223633 0.08300781 0.4223633 0.09423828 0.2231445 0.09423828 0.2231445 0.1054688 0.4550781 0.1054688 0.4550781 0.09423828 0.4550781 0.09423828 0.4550781 0.1054688 0.2231445 0.1054688 0.2231445 0.09423828 0.4731445 0.09423828 0.4731445 0.1054688 0.5161133 0.1054688 0.5161133 0.09423828 0.2514648 0.09423828 0.2514648 0.08300781 0.4223633 0.08300781 0.4223633 0.09423828 0.4223633 0.08300781 0.4223633 0.09423828 0.2514648 0.09423828 0.2514648 0.08300781 0.3266602 0.09423828 0.277832 0.09423828 0.265625 0.08251953 0.3813477 0.08300781 0.4243164 0.08300781 0.4243164 0.09423828 0.3813477 0.09423828 0.265625 0.08251953 0.277832 0.09423828 0.3266602 0.09423828 0.3779297 0.09423828 0.3779297 0.09423828 0.3989568 0.3173828 0.4003906 0.3173828 0.2010578 0.2915039 0.2001953 0.2915039 0.2553711 0.2915039 0.2304688 0.2915039 0.284668 0.2915039 0.3120117 0.2915039 0.340332 0.2915039 0.3657227 0.2915039 0.7216797 0.3837891 0.7216797 0.3964844 0.6005859 0.3964844 0.6005859 0.3837891 0.7978516 0.3837891 0.7978516 0.3964844 0.7216797 0.3964844 0.7216797 0.3837891 0.9208984 0.3837891 0.9208984 0.3964844 0.7978516 0.3964844 0.7978516 0.3837891 0.4003906 0.2524414 0.4003906 0.2338867 0.2011719 0.2338867 0.2011719 0.2524414 0.9326172 0.3964844 0.9208984 0.3964844 0.9208984 0.3837891 0.0009765625 0.2958984 0.0009765625 0.3193359 0.05371094 0.3193359 0.05371094 0.2958984 0.3999023 0.3193359 0.3999023 0.2958984 0.3999023 0.2958984 0.3999023 0.3193359 0.0009765625 0.3193359 0.0009765625 0.2958984 0.4599609 0.3969727 0.3413086 0.2338867 0.4003906 0.2338867 0.4003906 0.2524414 0.5390625 0.3203125 0.9858398 0.3837891 0.9985352 0.3837891 0.9985352 0.3964844 0.9858398 0.3964844 0.2636719 0.2524414 0.2636719 0.2338867 0.9248047 0.3208008 0.9267578 0.3945313 0.9091797 0.3208008 0.9101563 0.394043 0.8935547 0.3208008 0.8930664 0.394043 0.8779297 0.3208008 0.8759766 0.3945313 0.5258789 0.3950195 0.5239258 0.3203125 0.5092773 0.3935547 0.5083008 0.3203125 0.4921875 0.3935547 0.4931641 0.3203125 0.4755859 0.3950195 0.4780273 0.3203125 0.6005859 0.3203125 0.6005859 0.3466797 0.6005859 0.3431789 0.6005859 0.3427734 0.6005859 0.3415979 0.6005859 0.3209493 0.6005859 0.3203125 0.2011719 0.2524414 0.2011719 0.2338867 0.875 0.2617188 0.8417969 0.2617188 0.9066925 0.2617188 0.913462 0.2675781 0.9140625 0.2675781 0.8096399 0.2617188 0.8085938 0.2617188 0.8079933 0.2211913 0.8085938 0.2211914 0.8085938 0.2623654 0.8085938 0.2617188 0.9077148 0.2421875 0.9077148 0.2217755 0.9077148 0.2617188 0.9077148 0.2602018 0.9077148 0.313945 0.9077148 0.3144531 0.9077148 0.2211914 0.9077148 0.2672566 0.8025944 0.2617188 0.8085938 0.3093768 0.9080632 0.309082 0.9077148 0.3085116 0.9077148 0.309082 0.8096399 0.309082 0.8085938 0.309082 0.8022461 0.2602018 0.8022461 0.2617188 0.9066925 0.2676086 0.9077148 0.2675781 0.8022461 0.2217755 0.8022461 0.2421875 0.9077148 0.2692088 0.9077148 0.2885742 0.8096399 0.2685547 0.8417969 0.2685547 0.875 0.2685547 0.9066925 0.309082 0.875 0.309082 0.8417969 0.309082 0.9077148 0.2675781 0.8022461 0.2211914 0.8085938 0.2685547 0.9077148 0.309082 0.2001953 0.2917438 0.4017185 0.3173828 0.4003906 0.3173828 0.4003906 0.31699 0.3657227 0.3173828 0.340332 0.3173828 0.3120117 0.3173828 0.284668 0.3173828 0.2553711 0.3173828 0.2304688 0.3173828 0.4003906 0.2917438 0.2010578 0.3173829 0.2001953 0.3173828 0.2001953 0.31699 0.3989568 0.2915039 0.4003906 0.2915039 0.1990335 0.2915039 0.2001953 0.2915039 0.2001953 0.2884777 0.4003906 0.3199767 0.2010578 0.3203125 0.2304688 0.3203125 0.3989568 0.3203126 0.4003906 0.3203125 0.4082031 0.2917438 0.4082031 0.2915039 0.1933594 0.31699 0.1933594 0.3173828 0.2010578 0.2880859 0.2001953 0.2880859 0.2553711 0.3203125 0.2553711 0.2880859 0.2304688 0.2880859 0.284668 0.3203125 0.284668 0.2880859 0.3120117 0.3203125 0.3120117 0.2880859 0.340332 0.3203125 0.340332 0.2880859 0.3657227 0.3203125 0.3657227 0.2880859 0.3989568 0.2880859 0.1933594 0.2917438 0.4082031 0.3173828 0.4082031 0.31699 0.1933594 0.2915039 0.4003906 0.2880859 0.4003906 0.2884777 0.4003906 0.290923 0.4003906 0.2915039 0.2001953 0.3203125 0.2001953 0.3199767 0.2001953 0.3178807 0.2001953 0.3173828 0.8999023 0.6269531 0.9995117 0.6269531 0.800293 0.6269531 0.0004882813 0.3388672 0.199707 0.3388672 0.4907227 0.08251953 0.4907227 0.08251953 0.4907227 0.08251953 0.4780273 0.09423828 0.4907227 0.08251953 0.4907227 0.08251953 0.4780273 0.09423828 0.4907227 0.08251953  
			<TextureCoords1>: 672 0.2194546 0.02480334 0.5927483 0.1350459 0.3316582 0.1693508 0.5927483 0.2169369 0.9205004 0.6592827 0.8082967 0.1350459 0.2194546 0.04040813 0.8082967 0.2169368 0.5927483 0.1759914 0.2907127 0.1693508 0.8082967 0.1759914 0.3403156 0.103466 0.6645977 0.2169368 0.7364472 0.2169368 0.4121651 0.1444115 0.4840145 0.1444116 0.7364472 0.1350459 0.6645977 0.1350459 0.1476051 0.02480334 0.07575572 0.02480334 0.7364472 0.1759914 0.6645977 0.1759914 0.4840146 0.103466 0.4121651 0.103466 0.9476162 0.9402369 0.9476162 0.9224174 0.9937124 0.9224173 0.9937125 0.9402368 0.9476162 0.9519356 0.9937124 0.934116 0.9525725 0.9341161 0.9476162 0.9291597 0.9937125 0.9469792 0.9887562 0.9519355 0.768229 0.7556725 0.768229 0.7673712 0.768229 0.8300759 0.7682291 0.8230665 0.7682291 0.8163242 0.5927484 0.7021914 0.9437091 0.7021924 0.9437097 0.8500891 0.5927485 0.85009 0.9437097 0.8637651 0.9437104 0.9960845 0.5927492 0.9940118 0.9437104 0.9940026 0.9437099 0.8627347 0.5927485 0.8627355 0.8267222 0.7021921 0.7097353 0.7021917 0.8267226 0.85009 0.7097355 0.85009 0.8267226 0.863766 0.8267233 0.9960876 0.8267233 0.9940057 0.7097363 0.9940088 0.7097356 0.8627355 0.8267227 0.8627355 0.5927484 0.9558511 0.5927483 0.9574459 0.9437092 0.9574367 0.9437091 0.7127634 0.8267222 0.712763 0.8267222 0.9574397 0.7097353 0.9574428 0.7097353 0.7127627 0.9437098 0.9519356 0.5927484 0.8461828 0.5927483 0.9519356 0.9437098 0.8461828 0.9437098 0.9472746 0.5927484 0.9472746 0.9815004 0.8520673 0.5927484 0.8356959 0.9437098 0.8356959 0.5927483 0.9066755 0.9541584 0.8525627 0.9553545 0.8520672 0.5927486 0.9328216 0.9761699 0.8759601 0.9211782 0.2325928 0.6156027 0.2325926 0.9211783 0.4173322 0.6156031 0.4173306 0.669707 0.2208431 0.6697075 0.4290797 0.6038538 0.42908 0.6038533 0.2208432 0.66019 0.2325925 0.6601905 0.4173304 0.6792246 0.4173304 0.679224 0.2325925 0.9329276 0.2208434 0.9329279 0.4290817 0.6044979 0.4447373 0.9100732 0.4447375 0.604499 0.6294765 0.9100739 0.6294757 0.8559687 0.4329885 0.8559695 0.6412253 0.9218233 0.641225 0.9218225 0.432988 0.8654857 0.4447378 0.8654866 0.6294758 0.8464525 0.629476 0.8464516 0.4447379 0.5927483 0.4329879 0.5927497 0.6412261 0.4807961 0.007912993 0.4333584 0.007913053 0.6081026 0.3723466 0.5947297 0.3723467 0.5927483 0.3249617 0.5947295 0.2775766 0.9175742 0.5844916 0.4333584 0.01961172 0.4807961 0.01961172 0.9309468 0.4897214 0.9329283 0.5371065 0.9309471 0.5844916 0.3403156 0.1483182 0.5699929 0.1483178 0.3403156 0.2083532 0.5699929 0.2083528 0.5362576 0.1483179 0.506366 0.1483179 0.4742383 0.148318 0.4413235 0.1483181 0.4092014 0.1483181 0.3793276 0.1483182 0.3793276 0.2083531 0.4092015 0.208353 0.4413236 0.208353 0.4742384 0.2083529 0.506366 0.2083529 0.5362576 0.2083528 0.2375149 0.09370691 0.9291578 0.6780363 0.9291578 0.6901156 0.003907264 0.1537458 0.2017609 0.05003327 0.1715569 0.04615384 0.1389927 0.04447132 0.1056222 0.04431438 0.07304887 0.04569083 0.04282708 0.04928654 0.1978064 0.1537426 0.1673715 0.1537431 0.1347691 0.1537436 0.1013981 0.1537442 0.06879049 0.1537448 0.03833836 0.1537452 0.1438989 0.5746514 0.476402 0.5746514 0.4764019 0.3665907 0.1438988 0.3665907 0.5888419 0.2902646 0.5116024 0.2902648 0.00390625 0.2902648 0.588842 0.6412261 0.003906282 0.6412256 0.4488495 0.9295191 0.1163463 0.9295191 0.1163464 0.7214584 0.4488494 0.7214584 0.003906405 0.6451323 0.08114588 0.6451324 0.5888419 0.6451327 0.00390625 0.9960938 0.5888421 0.9960933 0.5192336 0.02351809 0.4919617 0.02351809 0.4625882 0.02351809 0.432503 0.02351815 0.4031372 0.02351815 0.1372908 0.5397062 0.8385793 0.7166696 0.8114365 0.7166697 0.7842938 0.7166697 0.7571509 0.7166697 0.7300082 0.7166697 0.003906296 0.4003819 0.4554577 0.8945739 0.4031372 0.05861425 0.432503 0.05861425 0.4625883 0.05861425 0.4919617 0.05861419 0.4547225 0.7516171 0.5888419 0.7552496 0.7300082 0.7517651 0.7571509 0.7517652 0.7842937 0.7517653 0.8114365 0.7517654 0.588842 0.8909634 0.2529473 0.1693508 0.8082967 0.138226 0.5927483 0.138226 0.9173203 0.6592827 0.4840146 0.06570065 0.4121651 0.06570065 0.7364472 0.138226 0.6645977 0.138226 0.5927483 0.2157978 0.3403156 0.1432725 0.3305191 0.1693508 0.8082967 0.2157978 0.7364472 0.2157978 0.6645977 0.2157978 0.4840145 0.1432725 0.4121651 0.1432725 0.8060328 0.2169368 0.00617006 0.02480334 0.3425794 0.103466 0.2171908 0.04040813 0.8060329 0.1350459 0.8060329 0.1759914 0.8060329 0.138226 0.3425795 0.06570065 0.8060328 0.2157978 0.3425794 0.1432725 0.5536187 0.1444116 0.5949936 0.1350459 0.5949936 0.1759914 0.5949935 0.2169369 0.2172093 0.02480334 0.5536187 0.1034661 0.5536188 0.06570071 0.5949936 0.138226 0.5536187 0.1432725 0.5949935 0.2157978 0.2194545 0.02369672 0.3316582 0.1682442 0.2194545 0.03930151 0.9205004 0.6581761 0.8795549 0.6581761 0.2907127 0.1682442 0.07575573 0.02369672 0.1476051 0.02369672 0.07575572 0.03930151 0.1476051 0.03930151 0.2529473 0.1682442 0.9173203 0.6581761 0.8397484 0.6581761 0.3305192 0.1682442 0.006170048 0.02369672 0.2171908 0.03930157 0.006151545 0.03930151 0.2172092 0.02369672 0.2497672 0.1582942 0.003906255 0.02935153 0.8386094 0.6482261 0.003906255 0.01374674 0.8795549 0.6482261 0.2907127 0.1582942 0.07575568 0.01374674 0.1476051 0.01374674 0.07575567 0.02935153 0.1476051 0.02935153 0.2529473 0.1582942 0.9173203 0.6482261 0.8397484 0.6482261 0.3305191 0.1582942 0.006170052 0.01374674 0.2171907 0.02935159 0.00615155 0.02935153 0.2172092 0.01374674 0.3403156 0.1492294 0.5699928 0.1492291 0.5362576 0.1492292 0.506366 0.1492292 0.4742383 0.1492292 0.4413235 0.1492293 0.4092014 0.1492294 0.3793276 0.1492294 0.2375149 0.0946182 0.9300691 0.6780363 0.03833741 0.09462154 0.06878953 0.094621 0.1013972 0.09462047 0.1347681 0.09461993 0.1673705 0.09461939 0.1978054 0.09461892 0.3403156 0.2077966 0.5699929 0.2077963 0.9297143 0.6901156 0.00390725 0.1531893 0.5362576 0.2077963 0.506366 0.2077963 0.4742384 0.2077964 0.4413236 0.2077965 0.4092015 0.2077965 0.3793276 0.2077966 0.03833836 0.1531887 0.06879048 0.1531882 0.1013981 0.1531877 0.1347691 0.1531871 0.1673715 0.1531866 0.1978064 0.1531861 0.004230816 0.0585112 0.9291578 0.6794254 0.9291578 0.6915041 0.004245594 0.08322227 0.2015382 0.05140036 0.171429 0.04753107 0.1389462 0.0458529 0.1056532 0.04569632 0.07316142 0.04706919 0.04303456 0.05065566 0.1963141 0.07535189 0.1661872 0.07176548 0.1336954 0.07039261 0.1004024 0.07054913 0.06791964 0.0722273 0.0378104 0.07609659 0.930069 0.6794254 0.9882815 0.6915041 0.9886362 0.6794254 0.9297143 0.6915041 0.9891928 0.6973488 0.9291578 0.6852726 0.9291578 0.6973488 0.9891928 0.6852726 0.2006007 0.05715525 0.1708903 0.05332857 0.1387504 0.05166847 0.1057837 0.05151355 0.07363524 0.05287153 0.04390797 0.0564189 0.1954406 0.08111513 0.1657134 0.07756776 0.1335649 0.07620978 0.1005982 0.07636476 0.06845833 0.0780248 0.03874792 0.08185148 0.9300691 0.6852726 0.9882815 0.6973488 0.9886363 0.6852726 0.9297144 0.6973488 0.3419291 0.1483182 0.3419291 0.2083532 0.2358726 0.09370697 0.2338327 0.08153176 0.3419291 0.1492295 0.2358726 0.09461826 0.2358736 0.1531854 0.3419291 0.2077966 0.2335129 0.08288258 0.005835684 0.05818629 0.00718158 0.06387246 0.2321671 0.08856869 0.5690317 0.1483178 0.5690318 0.2083527 0.2344827 0.05697542 0.004888244 0.1537458 0.5690317 0.1492291 0.004887255 0.09462214 0.5690318 0.2077962 0.004888235 0.1531892 0.005201904 0.08301926 0.2341467 0.05832297 0.2327323 0.06399548 0.006616342 0.08869171 0.3403157 0.1444116 0.3425794 0.1444115 0.3403157 0.06570059 0.8397484 0.6592827 0.8795549 0.6592827 0.006151557 0.04040813 0.0757557 0.04040813 0.1476051 0.04040813 0.9437097 0.8230665 0.9437097 0.8163242 0.5927484 0.755672 0.5927483 0.7673707 0.5927483 0.8163242 0.5927484 0.8230665 0.9437098 0.8300759 0.9437096 0.7673718 0.9437097 0.7556731 0.5927483 0.771278 0.5927485 0.812418 0.7682291 0.8124179 0.7682289 0.771278 0.5927485 0.8300759 0.9437097 0.8124179 0.9437097 0.771278 0.7097355 0.863766 0.5927483 0.863766 0.988121 0.9953602 0.9944112 0.9843901 0.9476167 0.9843952 0.9873923 0.9960889 0.9853104 0.9960891 0.9487445 0.9960938 0.9476167 0.9949661 0.5927493 0.9960938 0.7097363 0.9960907 0.7097353 0.955848 0.9437092 0.9558418 0.8267223 0.9558449 0.5927483 0.7127624 0.9476161 0.859105 0.9476161 0.863766 0.9827123 0.863766 0.9827123 0.8532791 0.9437099 0.9328207 0.9437096 0.9066746 0.9437097 0.8339822 0.5927483 0.8339822 0.9476161 0.8871634 0.9827123 0.8871634 0.9827123 0.8825024 0.9749739 0.8754647 0.9488279 0.8754647 0.9476161 0.8766765 0.5927483 0.9341161 0.9437099 0.9341152 0.94371 0.9380224 0.5927486 0.9380224 0.669707 0.2208431 0.66019 0.2325925 0.6697075 0.4290797 0.6601905 0.4173304 0.6697075 0.4290797 0.669707 0.2208431 0.679224 0.2325925 0.9329276 0.2208434 0.9211782 0.2325928 0.9329279 0.4290817 0.9211783 0.4173322 0.6792246 0.4173304 0.8654857 0.4447378 0.8559687 0.4329885 0.8654866 0.6294758 0.8559695 0.6412253 0.8559695 0.6412253 0.8559687 0.4329885 0.8464516 0.4447379 0.6044979 0.4447373 0.5927483 0.4329879 0.604499 0.6294765 0.5927497 0.6412261 0.8464525 0.629476 0.9476162 0.9068124 0.9476162 0.9185111 0.9922035 0.9185111 0.9922035 0.9068124 0.5264011 0.01961184 0.5264011 0.007913113 0.5927483 0.04922855 0.5927483 0.06092727 0.7774866 0.06092727 0.7774864 0.04922855 0.5927485 0.647584 0.5927483 0.6592827 0.834703 0.6592827 0.8347031 0.647584 0.00390625 0.1576521 0.003906355 0.1693508 0.2458609 0.1693508 0.2458608 0.1576521 0.9476161 0.8910697 0.9476161 0.9027684 0.9922035 0.9027684 0.9922035 0.8910697 0.5927483 0.08043849 0.5927483 0.09213722 0.7774866 0.09213722 0.7774866 0.08043849 0.5927483 0.06483352 0.5927483 0.07653224 0.7774866 0.07653224 0.7774865 0.06483352 0.6081024 0.2775767 0.6156027 0.2325926 0.6038533 0.2208432 0.3859207 0.007913053 0.3403156 0.007913113 0.3403156 0.01961184 0.3859207 0.01961178 0.9218225 0.432988 0.9100732 0.4447375 0.9175739 0.4897215 0.9198075 0.5371065 0.6058691 0.3249617 0.005515963 0.05683553 0.00390625 0.05716121 0.004865876 0.08167171 0.00390625 0.08187532 0.06779167 0.07085007 0.03758767 0.0747295 0.1003558 0.06916755 0.1337265 0.06901067 0.1662998 0.07038707 0.1965215 0.07398283 0.003906298 0.1732571 0.00390625 0.2083521 0.3364093 0.2083532 0.3364094 0.1732571 0.5927483 0.09604347 0.5927484 0.1311396 0.800809 0.1311386 0.8008089 0.09604347 0.5927484 0.663189 0.5927483 0.6982851 0.9252515 0.6982852 0.9252513 0.6631891 0.5927484 0.8676722 0.5927483 0.9027673 0.9437099 0.9027684 0.9437096 0.8676722 0.5192336 0.05861419 0.5499588 0.05861419 0.5499588 0.02351809 0.00390625 0.2122598 0.003906498 0.247356 0.08114595 0.2473556 0.0811457 0.2122594 0.5888418 0.247355 0.588842 0.2122599 0.00390625 0.2512622 0.003906542 0.2863584 0.588842 0.2863573 0.5888417 0.2512622 0.1380257 0.3967494 0.8385793 0.7517654 0.9437093 0.7517657 0.9437093 0.7166696 0.003906374 0.5360957 0.3758801 0.02351815 0.3403156 0.02351815 0.3403156 0.05861425 0.3758801 0.05861425 0.7028654 0.7166697 0.7028654 0.7517651 0.5888419 0.8638206 0.4582557 0.8674607 0.5888419 0.8366778 0.4596113 0.8381263 0.5888419 0.8095351 0.4594565 0.8080415 0.5888419 0.7823923 0.4577993 0.7787149 0.1344927 0.5125931 0.003906386 0.5089529 0.1331371 0.4832586 0.003906403 0.4818102 0.1332917 0.4531738 0.00390642 0.4546674 0.134949 0.4238472 0.003906347 0.4275246 0.9944112 0.9687853 0.9476167 0.9687812 0.953907 0.9797513 0.9546356 0.9804799 0.9567176 0.9804801 0.9932835 0.9804839 0.9944112 0.9793562 0.5927484 0.7166697 0.5927483 0.7517648 0.4840146 0.06252056 0.4121651 0.06252056 0.5536188 0.06252056 0.2497672 0.1682442 0.2497672 0.1693508 0.3425795 0.0625205 0.3403157 0.0625205 0.8386094 0.6581761 0.8386094 0.6592827 0.00390625 0.02369672 0.003906252 0.02480334 0.555864 0.1034661 0.555864 0.1432725 0.555864 0.06252056 0.555864 0.06570071 0.00390625 0.03930151 0.003906252 0.04040813 0.555864 0.1444116 0.2194545 0.01374674 0.9205004 0.6482261 0.2194545 0.02935153 0.3316582 0.1582942 0.3305191 0.1576523 0.3316582 0.1576523 0.2171907 0.02870965 0.2194545 0.02870959 0.9173203 0.6475842 0.9205003 0.6475842 0.2172092 0.0131048 0.2194545 0.0131048 0.8397484 0.6475842 0.8795549 0.6475842 0.2529473 0.1576523 0.2907127 0.1576523 0.0061701 0.0131048 0.0757557 0.0131048 0.1476052 0.0131048 0.006151597 0.02870959 0.07575569 0.02870959 0.1476051 0.02870959 0.2497672 0.1576523 0.8386094 0.6475842 0.003906257 0.0131048 0.003906257 0.02870959 0.9886362 0.6780363 0.9891927 0.6915041 0.9891928 0.6901156 0.9882815 0.6901156 0.1978054 0.09370762 0.1673705 0.0937081 0.1347681 0.09370863 0.1013971 0.09370923 0.06878951 0.09370977 0.03833739 0.09371024 0.2375159 0.1531854 0.00488724 0.09371084 0.00390625 0.0937109 0.003906271 0.09462214 0.2358736 0.153742 0.2375159 0.153742 0.9891927 0.6794254 0.9891927 0.6780363 0.00567401 0.08889234 0.00559708 0.06419396 0.2325057 0.06490421 0.2004505 0.05807722 0.007397181 0.06478339 0.005815968 0.06510442 0.9297143 0.6982852 0.9291578 0.6982851 0.9300691 0.6862093 0.9291578 0.6862093 0.006842914 0.08960044 0.005902852 0.08980066 0.170804 0.05425739 0.06854463 0.07895362 0.03889812 0.08277351 0.1387191 0.0526002 0.1006296 0.07729644 0.1058046 0.05244553 0.133544 0.07714176 0.07371115 0.05380106 0.1656375 0.07849735 0.0440479 0.05734223 0.1953007 0.08203846 0.2319514 0.08947963 0.9886362 0.6862093 0.9891928 0.6982851 0.9882815 0.6982851 0.9891928 0.6862093 0.2335327 0.08980066 0.2337515 0.08889025 0.2351178 0.08320749 0.2354424 0.08185744 0.2334458 0.06510442 0.2336746 0.06419605 0.235103 0.05852598 0.2354424 0.05717903 0.7682291 0.8230665 0.9437097 0.8230665 0.5927484 0.8230665 0.9437098 0.9472746 0.5927484 0.9472746 0.669707 0.2208431 0.6697075 0.4290797 0.6038538 0.42908 0.6156031 0.4173306 0.8559687 0.4329885 0.8559695 0.6412253 0.9100739 0.6294757 0.9218233 0.641225  
			<Normals>: 672 0.5773503 -0.5773503 0.5773503 0.5773503 0.5773503 0.5773503 0.5773503 -0.5773503 -0.5773503 0.5773503 0.5773503 -0.5773503 -0.5773503 -0.5773503 0.5773503 -0.5773503 0.5773503 0.5773503 -0.5773503 -0.5773503 -0.5773503 -0.5773503 0.5773503 -0.5773503 0.7071068 0.7071068 0 0.7071068 -0.7071068 0 -0.7071068 0.7071068 0 -0.7071068 -0.7071068 0 0 0.7071068 -0.7071068 0 0.7071068 -0.7071068 0 -0.7071068 -0.7071068 0 -0.7071068 -0.7071068 0 0.7071068 0.7071068 0 0.7071068 0.7071068 0 -0.7071068 0.7071068 0 -0.7071068 0.7071068 0 1 0 0 1 0 0 -1 0 0 -1 0 1 0 0 -1 0 0 -1 0 0 1 0 0 1 0 0 -1 0 0 -1 0 0 -1 0 0 1 0 0 1 0 0 0 -1 0 0 -1 0 0 0.3826815 -0.9238803 0 0.9238803 -0.3826815 0 1 0 0 1 0 0 1 0 0 -0.8675041 -0.4974301 0 -0.8675041 -0.4974301 0 -0.3827076 -0.9238696 0 -0.3827336 -0.9238588 0 -9.155553E-05 -1 0 -0.000122074 -1 0 -0.7942616 -0.6075758 0 -0.7942616 -0.6075758 0 1 0 0 1 0 0 -0.8675041 -0.4974301 0 -0.8675041 -0.4974301 0 -0.3827076 -0.9238696 0 -0.3827336 -0.9238588 0 -9.155553E-05 -1 0 -9.155553E-05 -1 0 -0.7942616 -0.6075758 0 -0.7942616 -0.6075758 0 0.9238696 -0.3827076 0 0.3826186 -0.9239064 0 0.3825818 -0.9239216 0 0.9238696 -0.3827076 0 0.9238696 -0.3827076 0 0.3825926 -0.9239172 0 0.3825926 -0.9239172 0 0.9238696 -0.3827076 0 -1 0 0 1 0 0 -1 0 0 1 0 0 -0.9238803 0.3826815 0 -0.9238803 0.3826815 1 0 0 0 0.9238803 0.3826815 0 0.9238803 0.3826815 0 0.3826815 0.9238803 1 0 0 1 0 0 0 -0.1950772 0.9807879 -1 0 0 0 0 1 0 0 1 0 0 1 0 0 1 0 0 1 0 0 1 0 0 1 0 0 1 0 0 1 0 0 1 0 0 1 0 0 1 0 0 1 0 0 1 0 0 -1 0 0 -1 0 0 -1 0 0 -1 0 0 -1 0 0 -1 0 0 -1 0 0 -1 0 0 -1 0 0 -1 0 0 -1 0 0 -1 0 0 -1 0 0 -1 -0.1059318 -0.9943734 0 0 -1 0 0 0 1 0 0 1 0 0 1 0 0 1 0 0 -1 0 -1 0 -0.1059318 -0.9943734 0 0 0 -1 0 0 -1 0 0 -1 -0.4380088 -0.6874713 0.5792509 0.4309667 -0.6918479 0.5793223 -0.4380088 -0.6874713 -0.5792509 0.4309327 -0.6918729 -0.5793177 -0.1173457 -0.6877466 0.716404 -0.06265543 -0.695466 0.7158222 -0.01974595 -0.7014849 0.7124107 0.01315353 -0.7016231 0.7124268 0.0561551 -0.6960181 0.715825 0.110846 -0.6888503 0.7163787 0.1108435 -0.6888353 -0.7163935 0.0561551 -0.6960181 -0.715825 0.01315353 -0.7016231 -0.7124268 -0.01974595 -0.7014849 -0.7124107 -0.06265543 -0.695466 -0.7158222 -0.1173457 -0.6877466 -0.716404 -0.6895852 0.4396621 0.5754733 0.6940696 0.4326719 0.5753801 -0.6895852 0.4396621 -0.5754733 0.6940696 0.4326719 -0.5753801 0.1200013 0.7059078 0.6980644 0.06405987 0.7125936 0.6986463 0.0200511 0.712043 0.7018495 -0.01333693 0.712198 0.701852 -0.05740615 0.7131668 0.6986398 -0.1133783 0.7069738 0.6980927 -0.1133783 0.7069738 -0.6980927 -0.05740615 0.7131668 -0.6986398 -0.01333693 0.712198 -0.701852 0.0200511 0.712043 -0.7018495 0.06405987 0.7125936 -0.6986463 0.1200013 0.7059078 -0.6980644 0 0 1 0 0 1 0 0 1 0 0 1 0 0 1 0 0 1 0 0 1 0 0 1 0 0 1 0 0 -1 0 0 -1 0 0 -1 0 0 -1 0 0 -1 0 0 -1 0 0 -1 0 0 -1 0 0 -1 -0.1520778 -0.9883686 0 -0.084629 -0.9964126 0 -0.03076312 -0.9995267 0 0.02050851 -0.9997897 0 0.07443487 -0.9972258 0 0 0 1 0 1 0 0 1 0 0 1 0 0 1 0 0 1 0 0 0 1 0 0 -1 0.07443487 -0.9972258 0 0.02050851 -0.9997897 0 -0.03076312 -0.9995267 0 -0.084629 -0.9964126 0 0 0 -1 0 0 -1 0 1 0 0 1 0 0 1 0 0 1 0 0 0 -1 0.7071068 -0.7071068 0 -0.7071068 0.7071068 0 0.7071068 0.7071068 0 -0.7071068 -0.7071068 0 0 -1 0 0 -1 0 0 1 0 0 1 0 0.7071068 0.7071068 0 -0.7071068 -0.7071068 0 0.7071068 -0.7071068 0 -0.7071068 0.7071068 0 0 1 0 0 1 0 0 -1 0 0 -1 0 0 0.7071068 -0.7071068 0 -0.7071068 0.7071068 0 -1 0 0 -0.7071068 -0.7071068 0 0.7071068 0.7071068 0 1 0 0 1 0 0 -1 0 0 1 0 0 -1 0 0 -0.7071068 -0.7071068 0 0.7071068 0.7071068 0 1 0 0 0.7071068 -0.7071068 0 -0.7071068 0.7071068 0 -1 0 0 -1 0 0 1 0 0 -1 0 0 1 0 0.7071068 0 0.7071068 0.7071068 0 -0.7071068 -0.7071068 0 -0.7071068 -0.7071068 0 0.7071068 -1 0 0 1 0 0 0 0 1 0 0 1 0 0 -1 0 0 -1 1 0 0 -1 0 0 -1 0 0 1 0 0 0 0 1 0 0 -1 0 0 -1 0 0 1 0.7071068 0 0.7071068 0.7071068 0 -0.7071068 -0.7071068 0 -0.7071068 -0.7071068 0 0.7071068 -1 0 0 1 0 0 0 0 1 0 0 1 0 0 -1 0 0 -1 1 0 0 -1 0 0 -1 0 0 1 0 0 0 0 1 0 0 -1 0 0 -1 0 0 1 -0.5373257 -0.8433749 0 0.5287145 -0.8487998 0 -0.1681887 -0.9857548 0 -0.08975698 -0.9959637 0 -0.02813809 -0.999604 0 0.01873851 -0.9998245 0 0.08041843 -0.9967613 0 0.1588832 -0.9872974 0 -0.8431975 0.537604 0 0.8486115 0.5290165 0 0.16761 0.9858534 0 0.08954234 0.995983 0 0.02813809 0.999604 0 -0.01873851 0.9998245 0 -0.08023405 0.996776 0 -0.158363 0.987381 0 -0.5373257 -0.8433749 0 0.5286925 -0.8488135 0 -0.8431975 0.537604 0 0.8486115 0.5290165 0 -0.1681887 -0.9857548 0 -0.08975698 -0.9959637 0 -0.02813809 -0.999604 0 0.01873851 -0.9998245 0 0.08041843 -0.9967613 0 0.1588832 -0.9872974 0 0.16761 0.9858534 0 0.08954234 0.995983 0 0.02813809 0.999604 0 -0.01873851 0.9998245 0 -0.08023405 0.996776 0 -0.158363 0.987381 0 -0.6875144 -0.165294 0.707108 0.6856824 -0.1727406 0.7071071 -0.6875144 -0.165294 -0.707108 0.6856824 -0.1727406 -0.7071071 0 0 1 0 0 1 0 0 1 0 0 1 0 0 1 0 0 1 0 0 -1 0 0 -1 0 0 -1 0 0 -1 0 0 -1 0 0 -1 0.9696992 -0.2443017 0 -0.9722983 -0.2337435 0 0.9696992 -0.2443017 0 -0.9722983 -0.2337435 0 -0.6875144 -0.165294 0.707108 0.6856824 -0.1727406 0.7071071 -0.6875144 -0.165294 -0.707108 0.6856824 -0.1727406 -0.7071071 0 0 1 0 0 1 0 0 1 0 0 1 0 0 1 0 0 1 0 0 -1 0 0 -1 0 0 -1 0 0 -1 0 0 -1 0 0 -1 0.9697065 -0.244273 0 -0.9722983 -0.2337435 0 0.9696992 -0.2443017 0 -0.9722983 -0.2337435 0 0.1406942 -0.6929723 0.7071028 0.1406942 -0.6929723 -0.7071028 -0.1402066 0.6930674 0.7071064 -0.1402066 0.6930674 -0.7071064 0.1989559 -0.9800084 0 -0.1983106 0.9801393 0 -0.1983106 0.9801393 0 0.1989559 -0.9800084 0 0 0 -1 0 0 1 0 0 1 0 0 -1 -0.1472866 -0.6916 0.7071039 -0.1472866 -0.6916 -0.7071039 0.1467367 0.6917197 0.7071013 0.1467367 0.6917197 -0.7071013 -0.2082909 -0.9780669 0 0.2075299 0.9782287 0 -0.2082909 -0.9780669 0 0.2075299 0.9782287 0 0 0 -1 0 0 1 0 0 1 0 0 -1 -0.5773503 -0.5773503 -0.5773503 0 -0.7071068 -0.7071068 -0.7071068 -0.7071068 0 -0.7071068 -0.7071068 0 -0.7071068 -0.7071068 0 0 -0.7071068 -0.7071068 0 -0.7071068 -0.7071068 0 -0.7071068 -0.7071068 0 0.9238803 -0.3826815 0 1 0 0 -1 0 0 -1 0 0 1 0 0 0.9238803 -0.3826815 0 0.3826815 -0.9238803 0 -1 0 0 -1 0 0 0.3826815 -0.9238803 0 0 -1 0 0 -1 0 0.3826815 -0.9238803 0 0.3826815 -0.9238803 0 0 -1 0 0.3826815 -0.9238803 0 -0.3827336 -0.9238588 0 -0.3827336 -0.9238588 -1 0 0 -1 0 0 -1 0 0 -1 0 0 -1 0 0 -1 0 0 -1 0 0 0 -0.3827076 -0.9238696 0 -0.3827076 -0.9238696 0 0.9238696 -0.3827076 0 0.9238696 -0.3827076 0 0.9238696 -0.3827076 0 0.9238696 -0.3827076 1 0 0 1 0 0 1 0 0 1 0 0 0 -0.1950772 0.9807879 0 0.3826815 0.9238803 0 0.3826815 0.9238803 0 0.3826815 0.9238803 -1 0 0 -1 0 0 -1 0 0 -1 0 0 -1 0 0 -1 0 0 0 -0.5555732 0.8314676 0 -0.5555732 0.8314676 0 -0.5555732 0.8314676 0 -0.5555732 0.8314676 0 0 1 0 0 1 0 0 1 0 0 1 0 0 1 0 0 1 0 0 1 0 0 1 0 0 1 0 0 1 0 0 1 0 0 1 0 0 -1 0 0 -1 0 0 -1 0 0 -1 0 0 -1 0 0 -1 0 0 -1 0 0 -1 0 0 -1 0 0 -1 0 0 -1 0 0 -1 -1 0 0 -1 0 0 -1 0 0 -1 0 0 -0.1644386 -0.9863874 0 -0.1644386 -0.9863874 0 0 1 0 0 1 0 0 1 0 0 1 0 1 0 0 1 0 0 1 0 0 1 0 0 -1 0 0 -1 0 0 -1 0 0 -1 0 0 1 0 0 1 0 0 1 0 0 1 0 0 0 1 0 0 1 0 0 1 0 0 1 0 0 -1 0 0 -1 0 0 -1 0 0 -1 0 0 0 1 0 0 1 0 0 1 0.1059318 -0.9943734 0 0.1644386 -0.9863874 0 0.1644386 -0.9863874 0 0.1059318 -0.9943734 0 0 0 -1 0 0 -1 0 0 -1 0 0 -1 0 0 1 -0.1402066 0.6930674 0.7071064 -0.6895852 0.4396621 0.5754733 0.1467367 0.6917197 -0.7071013 0.6940696 0.4326719 -0.5753801 0.06405987 0.7125936 -0.6986463 0.1200013 0.7059078 -0.6980644 0.0200511 0.712043 -0.7018495 -0.01333693 0.712198 -0.701852 -0.05740615 0.7131668 -0.6986398 -0.1133783 0.7069738 -0.6980927 1 0 0 1 0 0 1 0 0 1 0 0 0 1 0 0 1 0 0 1 0 0 1 0 -1 0 0 -1 0 0 -1 0 0 -1 0 0 0 -1 0 0 -1 0 0 -1 0 0 -1 0 -0.1520778 -0.9883686 0 -0.1911425 -0.9815623 0 -0.1911425 -0.9815623 0 1 0 0 1 0 0 1 0 0 1 0 0 1 0 0 1 0 0 -1 0 0 -1 0 0 -1 0 0 -1 0 0 0 0 1 0 1 0 0 1 0 0 1 0 0 0 1 0.1443561 -0.9895258 0 0.1857993 -0.9825878 0 0.1857993 -0.9825878 0 0.1443561 -0.9895258 0 0 1 0 0 1 0 0 0 -1 0 0 -1 0 0 -1 0 0 -1 0 0 -1 0 0 -1 0 0 -1 0 0 -1 0 0 1 0 0 1 0 0 1 0 0 1 0 0 1 0 0 1 0 0 1 0 0 1 1 0 0 1 0 0 1 0 0 1 0 0 1 0 0 1 0 0 1 0 0 0 1 0 0 1 0 0 -0.7071068 0.7071068 0 -0.7071068 0.7071068 0 -0.7071068 0.7071068 0.7071068 0 0.7071068 0.5773503 -0.5773503 0.5773503 0 -0.7071068 0.7071068 -0.5773503 -0.5773503 0.5773503 -0.7071068 0 -0.7071068 -0.5773503 -0.5773503 -0.5773503 -0.7071068 0 0.7071068 -0.5773503 -0.5773503 0.5773503 0.7071068 -0.7071068 0 0.7071068 -0.7071068 0 0.5773503 -0.5773503 0.5773503 0.7071068 -0.7071068 0 0.7071068 0 -0.7071068 0.5773503 -0.5773503 -0.5773503 0.5773503 -0.5773503 -0.5773503 0.7071068 0 0.7071068 -0.7071068 0 0.7071068 -0.7071068 0 -0.7071068 0.7071068 0 -0.7071068 0.7071068 0.7071068 0 0.5773503 0.5773503 -0.5773503 0 0.7071068 -0.7071068 -0.5773503 0.5773503 -0.5773503 -0.7071068 0.7071068 0 -0.5773503 0.5773503 0.5773503 0 0.7071068 0.7071068 0.5773503 0.5773503 0.5773503 -0.7071068 0.7071068 0 -0.7071068 0.7071068 0 0.7071068 0.7071068 0 0.7071068 0.7071068 0 0 0.7071068 0.7071068 0 0.7071068 0.7071068 0 0.7071068 0.7071068 0 0.7071068 -0.7071068 0 0.7071068 -0.7071068 0 0.7071068 -0.7071068 0.5773503 0.5773503 0.5773503 -0.5773503 0.5773503 -0.5773503 -0.5773503 0.5773503 0.5773503 0.5773503 0.5773503 -0.5773503 0.8486115 0.5290165 0 -0.6875144 -0.165294 0.707108 -0.6895852 0.4396621 0.5754733 -0.8431975 0.537604 0 -0.1133783 0.7069738 0.6980927 -0.05740615 0.7131668 0.6986398 -0.01333693 0.712198 0.701852 0.0200511 0.712043 0.7018495 0.06405987 0.7125936 0.6986463 0.1200013 0.7059078 0.6980644 -0.8431975 0.537604 0 0.1467367 0.6917197 0.7071013 0.6940696 0.4326719 0.5753801 0.8486115 0.5290165 0 -0.1402066 0.6930674 -0.7071064 -0.6895852 0.4396621 -0.5754733 0.6856824 -0.1727406 -0.7071071 0.6940696 0.4326719 -0.5753801 0.6856824 -0.1727406 -0.7071071 -0.6875144 -0.165294 0.707108 -0.1472866 -0.6916 0.7071039 -0.1173457 -0.6877466 0.716404 0.1406942 -0.6929723 0.7071028 -0.4380088 -0.6874713 0.5792509 -0.5373257 -0.8433749 0 -0.4380088 -0.6874713 -0.5792509 0.5287145 -0.8487998 0 0.4309667 -0.6918479 0.5793223 -0.1472866 -0.6916 -0.7071039 0.4309327 -0.6918729 -0.5793177 -0.06265543 -0.695466 0.7158222 -0.06265543 -0.695466 -0.7158222 -0.1173457 -0.6877466 -0.716404 -0.01974595 -0.7014849 0.7124107 -0.01974595 -0.7014849 -0.7124107 0.01315353 -0.7016231 0.7124268 0.01315353 -0.7016231 -0.7124268 0.0561551 -0.6960181 0.715825 0.0561551 -0.6960181 -0.715825 0.110846 -0.6888503 0.7163787 0.1108435 -0.6888353 -0.7163935 0.1406942 -0.6929723 -0.7071028 0.5286925 -0.8488135 0 -0.4380088 -0.6874713 0.5792509 -0.5373257 -0.8433749 0 0.4309327 -0.6918729 -0.5793177 -0.4380088 -0.6874713 -0.5792509 -0.6875144 -0.165294 -0.707108 -0.6875144 -0.165294 -0.707108 -0.6895852 0.4396621 -0.5754733 0.4309667 -0.6918479 0.5793223 0.6856824 -0.1727406 0.7071071 0.6856824 -0.1727406 0.7071071 0.6940696 0.4326719 0.5753801 0 0.9238803 -0.3826815 0 0.9238803 -0.3826815 0 0.9238803 -0.3826815 0 -0.9238803 0.3826815 0 -0.9238803 0.3826815 0 0 1 0 0 1 0 0 1 0 0 1 0 0 -1 0 0 -1 0 0 -1 0 0 -1  
			<Tangents>: 672 0.8164956 0.4093488 -0.4071468 0.8162872 -0.3921281 -0.424159 -0.408216 -0.8164966 0.4082806 0.8164966 -0.408089 0.4084075 0.4082483 -0.8164966 -0.4082483 0.8164966 0.4082483 0.4082483 0.8164966 -0.4082483 -0.4082483 0.8164966 0.4082483 -0.4082483 0.706992 -0.706992 0.01801789 -0.7071068 -0.7071068 -2.11895E-07 0.7071068 0.7071068 0 0.7071068 -0.7071068 7.377286E-05 1 -4.096522E-07 -4.096523E-07 1 0 0 1 0 0 1 4.078257E-07 -4.078258E-07 1 0 0 0.999962 0.006163053 -0.006163053 1 0 0 1 0 0 1 0 5.165906E-09 0.99999 0 0.004471499 1 0 -1.810477E-08 1 0 -2.759954E-07 0 1 0 0 1 0 0 1 0 0 1 0 0 1 0 0 1 0 0 1 0 0 1 0 0 1 0 0 1 0 -1 0 3.019969E-06 -1 0 3.019969E-06 -1 9.135353E-07 3.783964E-07 -1 9.059752E-07 2.18723E-06 -1 0 2.543132E-06 -1 0 -2.861028E-06 -1 0 -2.861027E-06 -1 0 0 -1 -8.527151E-07 1.487111E-06 -1 0 0 -1 -7.09311E-07 2.938514E-07 -1 1.291627E-11 0 -1 -9.019963E-07 1.101424E-10 -1 0 0 -1 -9.938108E-07 1.299172E-06 -1 0 -2.861027E-06 -1 0 -2.861027E-06 -1 0 0 -1 0 0 -1 0 0 -1 2.604609E-08 -1.07903E-08 -1 -7.715079E-07 7.064552E-11 -1 -3.444057E-07 3.154186E-11 -1 -7.45195E-08 9.741661E-08 -1 0 0 -1 -1.427431E-06 -3.445867E-06 -1 -4.305347E-07 -1.782979E-07 -1 -1.728035E-06 -7.155528E-07 -1 -1.011579E-06 -2.441986E-06 -1 -1.011579E-06 -2.441986E-06 -1 -1.385909E-06 -5.739026E-07 -1 -1.080432E-06 -4.474049E-07 -1 -1.011579E-06 -2.441986E-06 1 0 0 -1 0 0 1 0 0 -1 0 0 1 0 0 1 0 0 0 0.01038961 -0.999946 -1 0 0 -1 0 0 -1 0 0 0 -0.007434449 -0.9999723 0 0.005271476 -0.9999861 -1 -1.320257E-08 -2.625971E-09 0 -0.011242 -0.9999368 0 1 0 0 1 0 1 0 0 0 1 0 0 1 0 1 0 0 0 1 0 0 1 0 0 1 0 1 0 0 -1 0 0 -1 0 0 0 1 0 1 0 0 0 1 0 0 1 0 1 0 0 0 1 0 0 1 0 1 0 0 0 1 0 0 1 0 0 1 0 1 0 0 -1 0 0 -1 0 0 0 1 0 1 0 0 -0.9943734 0.1059318 -7.90625E-09 -1 0 0 -0.994274 -0.1068604 0 -0.9950678 -0.09919713 0 -0.999998 -0.001972141 0 -0.9945979 0.1038027 0 -0.9937273 -0.1118304 0 -1 0 0 -0.9943734 0.1059318 -9.410636E-09 -0.9951304 0.09856706 0 -0.9999971 0.002393254 0 -0.9945229 -0.1045192 0 -0.88802 0.2306124 -0.3977919 -0.8904242 -0.2219412 0.3973498 -0.8880328 0.2306751 0.397727 -0.8904378 -0.2219131 -0.397335 -0.9854587 0.1699069 0.001693931 -0.9961051 0.08816034 -0.001535109 -0.9995922 0.02855171 0.0004080354 -0.9998202 -0.01895823 -0.000211066 -0.9968455 -0.07935914 0.001037362 -0.9868459 -0.161641 -0.002734047 -0.9868456 -0.1616427 0.002735605 -0.9968455 -0.07935894 -0.001037562 -0.9998202 -0.01895821 0.000211047 -0.9995922 0.02855279 -0.0004091048 -0.9961054 0.08815762 0.001537771 -0.985458 0.1699107 -0.00169771 -0.7103101 -0.5655215 -0.4191002 -0.2036852 0.8846075 -0.4195019 -0.212996 -0.8826106 -0.4190838 -0.7045851 0.5722857 -0.4195819 -0.9855859 0.1691681 -0.001641033 -0.9961106 0.08809908 0.001476953 -0.9995911 0.02859293 -0.0004509471 -0.9998199 -0.01897384 0.0002544791 -0.996855 -0.0792411 -0.001021241 -0.9869714 -0.1608744 0.002625595 -0.9869553 -0.1609714 -0.002726419 -0.9968561 -0.07922675 0.001035981 -0.9998205 -0.01894755 -0.0002277891 -0.9995922 0.0285536 0.0004110092 -0.996115 0.08804911 -0.001528328 -0.9855765 0.1692221 0.00169725 -0.9999712 -0.007590046 0 -0.9999982 0.001910446 0 -0.9999784 -0.006565905 0 -0.999973 0.007349296 0 -0.9999985 -0.001747557 0 -0.9999214 -0.01253633 0 -0.9999999 -0.0002484389 0 -0.9999992 0.001251869 0 -0.9999989 -0.001494144 0 -0.9999166 0.01291671 0 -0.9999995 0.0009603871 0 -0.9999999 0.0004182026 0 -0.999959 -0.009058363 0 -1 1.949536E-05 0 -0.9999989 -0.001462318 0 -0.9999829 -0.00584786 0 -0.9999999 0.0004036421 0 -0.9999915 0.004107097 0 -0.9883685 0.1520778 0 -0.9964125 0.084629 0 -0.9995267 0.03076312 0 -0.9997897 -0.02050851 -3.227471E-08 -0.9972259 -0.07443488 -5.800585E-08 -0.9999796 -0.006384782 0 -1 0 -1.38441E-07 -1 0 -4.906202E-07 -1 0 -4.44078E-07 -1 0 -4.751442E-07 -1 0 -5.444558E-07 -0.9999999 -0.0003313619 0 -0.9999982 0.001886345 0 -0.9972259 -0.07443488 -2.572885E-08 -0.9997897 -0.02050851 0 -0.9995267 0.03076312 0 -0.9964125 0.084629 0 -0.9999625 -0.008658485 0 -1 -0.0001957713 0 -1 0 -2.297968E-06 -1 0 -2.190164E-06 -1 0 -2.197003E-06 -1 0 -2.244139E-06 -0.9999998 0.0006590764 0 -0.7071068 -0.7071068 0 0.7071068 0.7071068 0 0.706715 -0.706715 -0.03328177 0.7071068 -0.7071068 7.18495E-09 1 0 -1.584425E-08 1 0 -5.569196E-07 1 0 8.32595E-07 1 0 -0.000154757 0.7071063 -0.7071063 0.001174687 0.7071068 -0.7071068 2.553255E-06 -0.7071068 -0.7071068 0.0001494612 0.7071068 0.7071068 0 1 0 -7.932017E-07 1 0 0.0001757938 1 0 -2.908769E-07 1 0 7.931296E-07 1 0 0 1 0 0 1 0 5.198415E-07 1 0 0 1 -8.443091E-07 8.443092E-07 1 0 3.197514E-09 1 0 6.428394E-07 1 0 6.114515E-08 1 0 0 1 0 -4.951301E-07 1 5.671928E-07 -5.671928E-07 0.9998242 0.0132603 -0.0132603 0.9999989 0 0.001458523 0.9999999 0.0001817655 0.0001817655 0.9999985 0.001222095 0.001222095 1 0 -5.783539E-07 1 0 0 0.9997203 0 -0.02365183 1 0 -1.617803E-06 0.9999628 0 0.008623461 0.7070857 0.007720639 -0.7070857 -4.990789E-06 -1 -4.990789E-06 0.7071068 0 -0.7071068 0 -1 0 0 -1 2.797137E-07 0 -1 -1.8299E-07 1 0 0 0.9999995 0.0009678708 0 1 0 0 1 0 0 0 -1 0 0 -1 4.024546E-08 0 -1 2.712311E-07 0 -1 1.443427E-06 1 0 0 1 0 0 1 -1.577124E-06 0 0.9997901 0.02049001 0 0 -1 0 0.7071068 -1.085315E-05 0.7071068 -3.981555E-07 -1 3.981555E-07 0.7071068 0 0.7071068 0 -1 2.933445E-07 0 -1 -1.180283E-06 1 0 0 0.9999969 0.002494116 0 1 0 0 1 0 0 0 -1 -4.979095E-08 0 -1 2.053213E-10 0 -1 4.989992E-08 0 -1 -1.09458E-05 1 0 0 1 0 0 1 0 0 0.9996749 0.02549966 0 -0.8433748 0.5373257 -0.0001467884 -0.8487997 -0.5287145 0 -0.9857548 0.1681887 -7.953074E-07 -0.9959637 0.08975698 -3.278191E-07 -0.999604 0.02813809 1.20839E-06 -0.9998244 -0.01873851 -2.425367E-06 -0.9967612 -0.08041842 -1.123565E-07 -0.9872974 -0.1588832 9.783456E-07 -0.5376039 -0.8431975 2.131647E-06 -0.5290165 0.8486115 0 -0.9858534 0.16761 2.800101E-06 -0.995983 0.08954234 -1.42659E-06 -0.999604 0.02813809 -1.495288E-06 -0.9998244 -0.01873851 4.750382E-06 -0.996776 -0.08023405 -2.011268E-06 -0.987381 -0.158363 -2.059799E-06 -0.8433748 0.5373257 -2.549559E-06 -0.8488134 -0.5286925 0 -0.537604 -0.8431974 0 -0.5290165 0.8486115 -0.0002010652 -0.9857548 0.1681887 -9.676963E-07 -0.9959637 0.08975698 1.282446E-06 -0.999604 0.02813809 1.135932E-06 -0.9998244 -0.01873851 -6.907539E-07 -0.9967612 -0.08041842 7.146055E-08 -0.9872974 -0.1588832 -2.472903E-06 -0.9858534 0.16761 1.395873E-06 -0.995983 0.08954234 -2.803221E-06 -0.999604 0.02813809 1.347368E-06 -0.9998244 -0.01873851 1.880487E-06 -0.996776 -0.08023405 -2.016505E-06 -0.987381 -0.158363 -6.348459E-07 -0.6985566 -0.1154307 -0.706183 0.2442961 0.9697007 -4.109762E-06 0.2337476 -0.9722973 1.41958E-05 -0.6976733 0.1210726 -0.7061115 -0.9852482 0.1711313 0 -0.9962382 0.08665679 0 -0.9995791 0.02901184 0 -0.9998155 -0.01921024 0 -0.9969371 -0.07820737 0 -0.9865013 -0.1637537 0 -0.9864822 -0.1638686 0 -0.9969287 -0.07831483 0 -0.9998156 -0.01920283 0 -0.999579 0.02901603 0 -0.9962472 0.08655378 0 -0.9852699 0.1710063 0 0.2443017 0.9696993 1.191947E-06 0.2337435 -0.9722983 2.640453E-07 0.2443017 0.9696993 1.860141E-05 0.2337435 -0.9722983 3.583456E-05 0.2337561 -0.9722953 -5.555999E-06 0.2442955 0.9697008 -3.429791E-06 0.2337715 -0.9722916 -1.035427E-05 0.2443233 0.9696938 3.214194E-05 -0.9851828 0.171508 0 -0.9962428 0.08660468 0 -0.9995824 0.02889945 0 -0.9998169 -0.01913537 0 -0.996937 -0.07820857 0 -0.9864336 -0.1641605 0 -0.9864129 -0.1642853 0 -0.9969282 -0.07832129 0 -0.9998171 -0.01912762 0 -0.9995822 0.02890378 0 -0.9962521 0.08649698 0 -0.9852063 0.1713724 0 0.244273 0.9697065 0 0.2337435 -0.9722983 2.383976E-06 0.2443017 0.9696993 1.935622E-05 0.2337435 -0.9722983 2.023753E-05 -0.9800049 -0.1989734 -2.938996E-06 -0.9800047 -0.1989741 3.675637E-06 -0.9801419 -0.1982974 1.574777E-05 -0.9801415 -0.1982994 -1.770685E-05 -0.9800084 -0.198956 4.600869E-06 -0.9801392 -0.1983106 -2.403345E-06 -0.9801392 -0.1983106 -3.478662E-06 -0.9800084 -0.198956 3.211335E-06 -0.9801201 -0.198405 0 -0.9800498 -0.1987522 0 -0.9800194 -0.1989021 0 -0.9800924 -0.1985419 0 -0.9780639 0.2083048 1.116591E-05 -0.9780644 0.2083028 -9.063579E-06 -0.9782285 0.2075306 -1.547934E-05 -0.978228 0.2075332 1.812154E-05 -0.9780669 0.2082909 1.95879E-06 -0.9782287 0.2075299 6.816684E-08 -0.9780669 0.2082909 -5.004946E-06 -0.9782287 0.2075299 -1.272252E-06 -0.9781185 0.2080483 0 -0.9782031 0.2076505 0 -0.9781685 0.2078131 0 -0.9780793 0.2082326 0 0.8164966 -0.4082483 -0.4082483 1 -8.004825E-07 8.004826E-07 0.7071068 -0.7071068 0 0.7071068 -0.7071068 -2.028191E-06 0.7071068 -0.7071068 1.958237E-07 1 -6.400695E-07 6.400695E-07 1 0 0 1 0 0 -1 8.991292E-07 2.170703E-06 -1 0 2.543132E-06 -1 0 3.019969E-06 -1 0 3.019969E-06 -1 0 2.543132E-06 -1 9.128211E-07 2.203758E-06 -1 8.998435E-07 3.727251E-07 -1 0 3.019969E-06 -1 0 3.019969E-06 -1 1.162899E-06 4.816857E-07 -1 1.589457E-07 0 -1 9.112377E-08 0 -1 1.045063E-06 4.328767E-07 -1 9.272269E-07 3.840676E-07 -1 2.330181E-08 0 -1 9.272269E-07 3.840676E-07 -1 -5.494794E-07 2.276368E-07 -1 0 0 0 1 0 0 1 0 0 1 0 0 1 0 0 1 0 0 1 0 0 1 0 -1 0 0 -1 2.604474E-08 -1.078888E-08 -1 -1.224736E-06 -2.956554E-06 -1 -1.011579E-06 -2.441987E-06 -1 -1.219512E-06 -2.943944E-06 -1 -1.011579E-06 -2.441987E-06 0 0 -1 0 -0.007323287 -0.9999732 0 0.004903416 -0.999988 0 0 -1 -1 0 0 -1 0 0 -1 0 0 -1 0 0 0 0.006566384 -0.9999784 0 0 -1 0 -0.005909124 -0.9999825 0 0.005271443 -0.9999861 0 0.01038961 -0.999946 0 0 -1 -1 -2.628171E-07 -1.756101E-07 -1 -6.1709E-10 -4.123296E-10 -1 -3.872338E-07 -2.587434E-07 -1 -6.497295E-09 -4.341387E-09 1 0 0 1 0 0 0 1 0 0 1 0 -1 0 0 -1 0 0 0 1 0 1 0 0 1 0 0 -1.079272E-07 1 0 -1.152774E-07 1 0 -2.181961E-09 1 0 1 0 0 1 0 0 0 1 0 0 1 0 -1 0 0 -1 0 0 0 1 0 1 0 0 1 0 0 -2.103458E-09 1 0 0 1 0 -1.152774E-07 1 0 0 1 -6.183919E-08 0 1 -5.864587E-08 0 1 -7.500118E-08 0 1 -7.81945E-08 -0.9863873 0.1644386 -3.055312E-09 -0.9863873 0.1644386 0 -1 0 0 -1 0 0 -1 0 0 -1 0 0 0 1 -4.322903E-08 0 1 -4.322903E-08 0 1 -4.322903E-08 0 1 -4.322903E-08 0 1 -4.322903E-08 0 1 -4.322903E-08 0 1 -4.322903E-08 0 1 -4.322903E-08 0 1 -6.183919E-08 0 1 -5.864587E-08 0 1 -7.500118E-08 0 1 -7.81945E-08 -1 0 0 -1 0 0 -1 0 0 -1 0 0 -1 0 0 -1 0 0 -1 0 0 -1 0 0 -0.9938036 0.1111505 0 -0.9863832 0.1644633 0 -0.9866582 0.1628052 0 -0.9943734 -0.1059318 7.997128E-09 -0.9863873 -0.1644386 0 -0.9863873 -0.1644386 3.055314E-09 -0.9943734 -0.1059318 9.518807E-09 -0.9873142 0.1587787 0 -0.9872218 0.1593518 0 -0.9943377 0.1062663 0 -0.9999971 0.002413091 0 -0.999998 -0.001983202 0 -0.9801314 -0.1983493 6.86332E-05 -0.7103019 -0.5655619 -0.4190595 -0.978216 0.2075897 7.587299E-05 -0.7045668 0.5723715 -0.4194954 -0.9961119 0.08808392 -0.001492551 -0.9855888 0.169151 0.001623243 -0.999591 0.02859361 0.0004516357 -0.9998199 -0.01897319 -0.0002538151 -0.9968536 -0.07925749 0.001004405 -0.9869688 -0.1608902 -0.002642013 0 -1 2.993779E-06 0 -1 3.208588E-06 0 -1 2.148029E-07 0 -1 0 1 0 -4.582173E-06 1 0 -5.127663E-06 1 0 -5.455049E-07 1 0 0 0 1 0 0 1 0 0 1 0 0 1 0 -1 0 2.846956E-06 -1 0 3.039837E-06 -1 0 1.928752E-07 -1 0 0 -0.9883685 0.1520778 -1.679321E-08 -0.9815623 0.1911425 -5.673663E-08 -0.9815623 0.1911425 -2.597327E-08 0 1 0 0 1 0 0 1 1.728249E-06 0 1 1.648126E-06 0 1 -1.754475E-08 0 1 -1.098764E-07 0 1 -1.75432E-06 0 1 -1.823902E-06 0 1 -6.958442E-08 0 1 0 -0.9999978 0.002086766 0 -1 0 -1.007931E-06 -1 0 -2.918397E-06 -1 0 -2.292569E-06 -1 4.208349E-07 0 -0.9895258 -0.1443561 5.314811E-08 -0.9825877 -0.1857993 9.803293E-08 -0.9825877 -0.1857993 9.803291E-08 -0.9895258 -0.1443561 5.314806E-08 -1 0 -1.775981E-06 -1 0 -2.626677E-06 -0.9999992 -0.001265375 0 -0.9999956 0.002967044 0 -0.9999999 0.000407187 0 -0.9999883 -0.004836822 0 -0.9999979 0.002050766 0 -0.9998693 0.01616826 0 -0.9999996 -0.0008759111 0 -0.9999898 0.00450897 0 -0.9999138 0.01313535 0 -0.9999999 -0.0005408629 0 -0.999725 0.02345097 0 -0.9999951 0.003127312 0 -0.9999344 -0.01145127 0 -0.9999999 0.0004197134 0 -0.9997872 -0.02062833 0 -0.9999971 -0.002394289 0 0 1 0 0 1 0 0 1 0 0 1 0 0 1 0 0 1 0 0 1 0 -1 0 1.583083E-07 -1 0 -4.387068E-07 1 0 0 1 0 0 1 0 0 0 -1 0 -0.4082483 -0.8164966 -0.4082483 1 0 0 0.8164966 -0.4082483 0.4082483 -2.579711E-06 -1 2.579711E-06 0.4083126 -0.8164966 0.4081839 0.7071068 0 0.7071068 0.8164966 -0.4082483 0.4082483 0.7071068 0.7071068 0 0.7071068 0.7071068 1.428041E-06 0.8164966 0.4082483 -0.4082483 0.7071068 0.7071068 0 0.7071068 -7.597153E-05 0.7071068 0.8164966 0.4082483 0.4082483 0.8164966 0.4082166 0.40828 0.7066393 0.03635723 -0.7066392 0 -1 0 0.7071068 0 -0.7071068 0 -1 0 0.7071068 -0.7071068 0 0.4082483 -0.8164966 -0.4082483 1 0 0 0.8164966 0.4082483 -0.4082483 -0.7071068 -0.7071068 0 -0.4082483 -0.8164966 0.4082483 0.9998183 0.01347779 -0.01347779 0.8162649 -0.3912902 -0.4249747 -0.7071068 -0.7071068 0 -0.7071068 -0.7071068 2.226168E-07 0.7071068 -0.7071068 0 0.7071068 -0.7071068 -2.41022E-07 1 0 0 1 0 0 0.9999712 0.005371328 -0.005371328 1 0 0 1 0 0 1 0 0 0.4082483 -0.8164966 0.4082483 -0.4082483 -0.8164966 -0.4082483 0.8164966 0.4082483 0.4082483 0.8164966 -0.4082483 0.4082483 -0.5290165 0.8486115 0 0.2337744 -0.9722909 1.332405E-05 -0.212996 -0.8826106 0.4190838 -0.537604 -0.8431974 0 -0.986956 -0.1609673 0.002722106 -0.9968558 -0.07923021 -0.001032423 -0.9998205 -0.01894641 0.0002266316 -0.9995922 0.02855368 -0.0004110933 -0.996115 0.08804806 0.001529409 -0.9855763 0.1692229 -0.001698055 -0.5376039 -0.8431975 0.0001203868 -0.9782287 0.2075297 -1.460356E-05 -0.7045548 0.5724283 0.4194382 -0.5290165 0.8486115 -1.629662E-06 -0.9801421 -0.1982966 -1.491341E-05 -0.7103101 -0.5655215 0.4191002 0.2442776 0.9697053 -1.500281E-05 -0.2036852 0.8846075 0.4195019 -0.6974868 0.1219497 -0.7061448 -0.6984603 -0.1159058 -0.7062004 -0.978074 0.2082576 -3.713592E-05 -0.9854432 0.1699955 0.001781522 -0.9800057 -0.1989696 9.2433E-07 -0.8880205 0.2306147 -0.3977894 0.8433749 -0.5373256 -0.000203942 0.5843083 -0.7073917 0.3977194 0.8487998 0.5287144 0 0.5918154 0.7013507 0.3973182 -0.9780644 0.2083029 -9.243664E-06 -0.8904378 -0.2219131 -0.397335 -0.9961084 0.0881233 -0.001571381 -0.9961091 0.08811451 0.001579983 -0.985446 0.1699794 -0.001765602 -0.9995934 0.02851317 0.0003700625 -0.9995933 0.0285133 -0.0003701849 -0.9998208 -0.0189326 -0.0001858179 -0.9998208 -0.01893278 0.0001859905 -0.9968475 -0.07933525 0.001060738 -0.9968466 -0.07934533 -0.001050871 -0.9868299 -0.1617363 -0.002828135 -0.9868277 -0.1617502 0.002841687 -0.9800125 -0.1989358 -3.543228E-05 0.8488135 0.5286924 0 0.5842655 -0.707402 -0.397764 0.8433749 -0.5373256 -2.056525E-06 0.5918844 0.7013103 -0.3972868 -0.8880287 0.2306551 0.3977477 -0.6984373 -0.1160194 0.7062045 -0.6985747 -0.1153412 0.7061797 -0.7103101 -0.5655215 0.4191002 -0.8904191 -0.2219173 0.3973747 -0.697498 0.1218968 0.7061428 -0.6976894 0.1209967 0.7061086 -0.7045509 0.5724469 0.4194193 -1 9.059752E-07 2.18723E-06 -1 8.991292E-07 2.170703E-06 -1 9.128211E-07 2.203758E-06 -1 -1.598258E-07 -3.858558E-07 -1 0 0 0 1 0 0 1 0 -0.9873142 -0.1587787 0 -0.9872224 -0.1593488 0 0 1 0 -1.087298E-07 1 0 -0.9863832 -0.1644633 0 -0.9866593 -0.1627983 0  
			<BiTangents>: 672 0.001271293 -0.7064703 -0.7077416 0.018493 -0.7161719 0.6976789 0.7071254 3.730343E-05 0.7070881 -0.0001838846 0.7071987 0.7070149 -0.7071068 0 -0.7071068 0 -0.7071068 0.7071068 0 0.7071068 -0.7071068 0 0.7071068 0.7071068 -0.01274057 0.01274057 0.9998376 -1.498324E-07 -1.498324E-07 1 0 0 1 5.216528E-05 -5.216528E-05 -1 5.793358E-07 0.7071068 0.7071068 0 0.7071068 0.7071068 0 0.7071068 -0.7071068 -5.767527E-07 0.7071068 -0.7071068 0 -0.7071068 0.7071068 0.008715873 -0.7070799 0.7070799 0 -0.7071068 -0.7071068 0 -0.7071068 -0.7071068 -5.165906E-09 0 1 -0.004471499 0 0.99999 -1.810477E-08 0 -1 -2.759954E-07 0 -1 0 0 1 0 0 1 0 0 1 0 0 1 0 0 1 0 0 1 0 0 1 0 0 1 0 0 1 0 0 1 -3.019969E-06 0 -1 -3.019969E-06 0 -1 9.888026E-07 0.9238803 0.3826815 -2.367439E-06 -0.3826815 -0.9238803 -2.543132E-06 0 -1 2.861028E-06 0 -1 2.861027E-06 0 -1 0 0.4974301 -0.8675041 -1.714241E-06 0.4974301 -0.8675041 0 0.9238696 -0.3827076 -7.6777E-07 0.9238588 -0.3827336 1.291627E-11 1 -9.155553E-05 -9.019963E-07 1 -0.000122074 0 0.6075759 -0.7942617 -1.635698E-06 0.6075759 -0.7942617 2.861027E-06 0 -1 2.861027E-06 0 -1 0 0.4974301 -0.8675041 0 0.4974301 -0.8675041 0 0.9238696 -0.3827076 2.819272E-08 0.9238588 -0.3827336 -7.715079E-07 1 -9.155553E-05 -3.444057E-07 1 -9.155553E-05 -1.226505E-07 0.6075759 -0.7942617 0 0.6075759 -0.7942617 -3.72982E-06 0.3827076 0.9238696 -4.659939E-07 0.9239064 0.3826186 -1.870327E-06 0.9239216 0.3825818 2.643215E-06 -0.3827076 -0.9238696 2.643216E-06 -0.3827076 -0.9238696 -1.500036E-06 0.9239172 0.3825926 -1.169403E-06 0.9239172 0.3825926 2.643216E-06 -0.3827076 -0.9238696 0 0 1 0 0 -1 0 0 1 0 0 -1 0 0.3826815 0.9238803 0 0.3826815 0.9238803 0 0.999946 0.01038961 0 0.3826815 -0.9238803 0 0.3826815 -0.9238803 0 0.9238803 -0.3826815 0 0.9999723 -0.007434449 0 0.9999861 0.005271476 -1.346119E-08 0.9807879 0.1950772 0 0.9999368 -0.011242 1 0 0 1 0 0 0 -1 0 -1 0 0 1 0 0 0 -1 0 -1 0 0 1 0 0 1 0 0 0 -1 0 0 1 0 0 1 0 1 0 0 0 -1 0 1 0 0 1 0 0 0 -1 0 -1 0 0 1 0 0 0 -1 0 -1 0 0 1 0 0 1 0 0 0 -1 0 0 1 0 0 1 0 1 0 0 0 -1 0 -7.861765E-09 8.375234E-10 1 0 0 1 -0.1068604 0.994274 0 -0.09919713 0.9950678 0 -0.001972141 0.999998 0 0.1038027 0.9945979 0 -0.1118304 0.9937273 0 0 0 1 -9.357686E-09 9.968857E-10 1 0.09856706 0.9951304 0 0.002393254 0.9999971 0 -0.1045192 0.9945229 0 -0.1398881 0.6886228 0.7114985 0.1463301 0.6870871 0.7116873 0.1398071 -0.6886017 0.7115347 -0.1463471 -0.687071 0.7116994 0.122887 0.7057877 0.6976836 0.06203951 0.7131303 0.698281 0.02062677 0.7121122 0.7017626 -0.01365444 0.7122959 0.7017464 -0.05608523 0.7136252 0.698279 -0.1176796 0.7066523 0.6977063 0.1176842 -0.7066665 0.6976911 0.05608495 -0.7136252 0.698279 0.01365441 -0.7122959 0.7017464 -0.0206283 -0.7121122 0.7017626 -0.06203571 -0.7131307 0.698281 -0.1228923 -0.7057868 0.6976836 -0.1411801 0.6977698 -0.7022717 0.6904923 -0.1739671 -0.7021081 0.6921741 0.1664205 -0.7022815 -0.1477405 -0.6966233 -0.7020603 0.1192487 0.6878055 -0.7160331 0.06049763 0.6960236 -0.7154657 0.02038903 0.7015535 -0.7123251 -0.01349807 0.7017222 -0.7123228 -0.05463267 0.6965012 -0.7154728 -0.1141615 0.6886998 -0.7160026 0.1143005 -0.6886772 -0.7160022 0.05461213 -0.6965028 -0.7154728 0.01346061 -0.7017229 -0.7123228 -0.02033298 -0.7015551 -0.7123252 -0.0604261 -0.69603 -0.7154656 -0.1193261 -0.6877922 -0.716033 -0.007590046 0.9999712 0 0.001910446 0.9999982 0 -0.006565905 0.9999784 0 0.007349296 0.999973 0 -0.001747557 0.9999985 0 -0.01253633 0.9999214 0 -0.0002484389 0.9999999 0 0.001251869 0.9999992 0 -0.001494144 0.9999989 0 0.01291671 0.9999166 0 0.0009603871 0.9999995 0 0.0004182026 0.9999999 0 -0.009058363 0.999959 0 1.949536E-05 1 0 -0.001462318 0.9999989 0 -0.00584786 0.9999829 0 0.0004036421 0.9999999 0 0.004107097 0.9999915 0 0 0 1 0 0 1 0 0 1 -3.226792E-08 -6.619061E-10 1 -5.784494E-08 -4.317659E-09 1 -0.006384782 0.9999796 0 1.38441E-07 0 -1 4.906202E-07 0 -1 4.44078E-07 0 -1 4.751442E-07 0 -1 5.444558E-07 0 -1 -0.0003313619 0.9999999 0 0.001886345 0.9999982 0 -2.565747E-08 -1.915124E-09 1 0 0 1 0 0 1 0 0 1 -0.008658485 0.9999625 0 -0.0001957713 1 0 2.297968E-06 0 -1 2.190164E-06 0 -1 2.197003E-06 0 -1 2.244139E-06 0 -1 0.0006590764 0.9999998 0 0 0 1 0 0 1 0.02353377 -0.02353377 0.999446 5.080527E-09 -5.080527E-09 -1 -1.584425E-08 0 -1 -5.569196E-07 0 -1 -8.32595E-07 0 1 0.000154757 0 1 -0.0008306293 0.0008306293 0.9999993 1.805424E-06 -1.805424E-06 -1 0.000105685 0.000105685 1 0 0 1 7.932017E-07 0 1 -0.0001757938 0 1 -2.908769E-07 0 -1 7.931296E-07 0 -1 0 0.7071068 0.7071068 0 -0.7071068 -0.7071068 5.198415E-07 0 -1 0 0.7071068 -0.7071068 -1.194033E-06 -0.7071068 0.7071068 -3.197514E-09 0 1 -6.428394E-07 0 1 6.114515E-08 0 -1 0 0 1 -4.951301E-07 0 -1 -8.021318E-07 0.7071068 -0.7071068 0.01875289 -0.7069824 0.7069824 -0.001458523 0 0.9999989 -0.0002570552 0.7071068 0.7071068 0.001728303 -0.7071058 -0.7071058 -5.783539E-07 0 -1 0 0 -1 0.02365183 0 0.9997203 -1.617803E-06 0 -1 -0.008623461 0 0.9999628 0.005459316 -0.9999702 -0.005459316 0.7071068 -7.058042E-06 0.7071068 0 1 0 -0.7071068 0 -0.7071068 0 -2.797137E-07 -1 0 -1.8299E-07 1 0 -1 0 0.0009678708 -0.9999995 0 0 1 0 0 1 0 0 0 1 0 -4.024546E-08 -1 0 -2.712311E-07 -1 0 1.443427E-06 1 0 -1 0 0 1 0 1.577124E-06 1 0 0.02049001 -0.9997901 0 -0.7071068 0 0.7071068 7.674334E-06 1 7.674334E-06 0.7071068 -5.630769E-07 -0.7071068 0 -1 0 0 -2.933445E-07 -1 0 -1.180283E-06 1 0 -1 0 0.002494116 -0.9999969 0 0 1 0 0 1 0 0 -4.979095E-08 1 0 -2.053213E-10 -1 0 -4.989992E-08 -1 0 -1.09458E-05 1 0 -1 0 0 1 0 0 1 0 0.02549966 -0.9996749 0 -0.0001237977 7.88732E-05 1 0 0 1 -7.839781E-07 1.337617E-07 1 -3.26496E-07 2.942405E-08 1 1.207912E-06 -3.400179E-08 1 -2.424941E-06 -4.544775E-08 1 -1.119926E-07 -9.03553E-09 1 9.65918E-07 1.554426E-07 1 -1.145982E-06 -1.7974E-06 -1 0 0 -1 -2.760489E-06 4.69325E-07 -1 1.420859E-06 -1.277402E-07 -1 1.494696E-06 -4.207456E-08 -1 -4.749548E-06 -8.901507E-08 -1 2.004784E-06 1.613722E-07 -1 2.033806E-06 3.26196E-07 -1 -2.150234E-06 1.369943E-06 1 0 0 1 0 0 -1 0.0001063668 -0.0001706262 -1 -9.539114E-07 1.627556E-07 1 1.277269E-06 -1.151084E-07 1 1.135482E-06 -3.196295E-08 1 -6.906326E-07 -1.29437E-08 1 7.12291E-08 5.746745E-09 1 -2.441491E-06 -3.929027E-07 1 -1.376126E-06 2.339622E-07 -1 2.791961E-06 -2.51007E-07 -1 -1.346834E-06 3.791236E-08 -1 -1.880157E-06 -3.523752E-08 -1 2.010004E-06 1.617924E-07 -1 6.268348E-07 1.005361E-07 -1 -0.1983498 0.979466 0.03610696 0.6856815 -0.1727463 -0.7071065 0.6875216 0.1652751 -0.7071056 -0.2075854 -0.9774979 0.03749913 0.1711313 0.9852482 0 0.08665679 0.9962382 0 0.02901184 0.9995791 0 -0.01921024 0.9998155 0 -0.07820737 0.9969371 0 -0.1637537 0.9865013 0 0.1638686 -0.9864822 0 0.07831483 -0.9969287 0 0.01920283 -0.9998156 0 -0.02901603 -0.999579 0 -0.08655378 -0.9962472 0 -0.1710063 -0.9852699 0 2.911946E-07 1.15583E-06 -1 6.171886E-08 -2.567308E-07 -1 4.544356E-06 1.803777E-05 -1 8.376093E-06 -3.484188E-05 -1 -0.6875187 -0.165287 -0.7071056 0.6856818 -0.1727454 -0.7071065 0.6875135 0.1653088 -0.7071056 -0.6856718 0.1727848 -0.7071065 0.171508 0.9851828 0 0.08660468 0.9962428 0 0.02889945 0.9995824 0 -0.01913537 0.9998169 0 -0.07820857 0.996937 0 -0.1641605 0.9864336 0 0.1642853 -0.9864129 0 0.07832129 -0.9969282 0 0.01912762 -0.9998171 0 -0.02890378 -0.9995822 0 -0.08649698 -0.9962521 0 -0.1713724 -0.9852063 0 0 0 -1 5.572388E-07 -2.317936E-06 -1 4.728757E-06 1.876971E-05 -1 4.730391E-06 -1.967692E-05 -1 -0.1406967 0.6929638 0.7071107 0.1406977 -0.6929636 0.7071107 -0.1402283 0.6930625 -0.7071071 0.140231 -0.6930619 -0.7071071 4.508891E-06 9.153704E-07 1 2.355612E-06 4.766088E-07 -1 3.409573E-06 6.898557E-07 -1 3.147136E-06 6.389143E-07 1 0.198405 -0.9801201 0 -0.1987522 0.9800498 0 -0.1989021 0.9800194 0 0.1985419 -0.9800924 0 0.1473009 0.6915913 0.7071096 -0.147298 -0.6915919 0.7071096 0.1467559 0.6917045 -0.7071123 -0.1467595 -0.6917037 -0.7071123 1.915828E-06 -4.079981E-07 1 -6.668276E-08 1.414666E-08 -1 -4.895172E-06 1.042485E-06 1 1.244554E-06 -2.640303E-07 -1 -0.2080483 -0.9781185 0 0.2076505 0.9782031 0 0.2078131 0.9781685 0 -0.2082326 -0.9780793 0 0 0.7071068 -0.7071068 1.132053E-06 0.7071068 -0.7071068 0 0 -1 -1.434148E-06 1.434148E-06 -1 1.384683E-07 -1.384683E-07 -1 9.05195E-07 0.7071068 -0.7071068 0 0.7071068 -0.7071068 0 0.7071068 -0.7071068 -2.34955E-06 -0.3826815 -0.9238803 -2.543132E-06 0 -1 -3.019969E-06 0 -1 -3.019969E-06 0 -1 -2.543132E-06 0 -1 -2.385328E-06 -0.3826815 -0.9238803 9.739828E-07 0.9238803 0.3826815 -3.019969E-06 0 -1 -3.019969E-06 0 -1 1.258712E-06 0.9238803 0.3826815 1.589457E-07 1 0 9.112377E-08 1 0 1.131167E-06 0.9238803 0.3826815 1.003622E-06 0.9238803 0.3826815 2.330181E-08 1 0 1.003622E-06 0.9238803 0.3826815 -5.947657E-07 0.9238588 -0.3827336 0 0.9238588 -0.3827336 0 0 1 0 0 1 0 0 1 0 0 1 0 0 1 0 0 1 0 0 1 0 0.9238696 -0.3827076 2.819093E-08 0.9238696 -0.3827076 -3.200186E-06 0.3827076 0.9238696 -2.643216E-06 0.3827076 0.9238696 -3.186537E-06 0.3827076 0.9238696 2.643216E-06 -0.3827076 -0.9238696 0 1 0 0 0.9999732 -0.007323287 0 0.999988 0.004903416 0 1 0 0 0.9807879 0.1950772 0 0.9238803 -0.3826815 0 0.9238803 -0.3826815 0 0.9238803 -0.3826815 0 0.9999784 0.006566384 0 1 0 0 0.9999825 -0.005909124 0 0.9999861 0.005271443 0 0.999946 0.01038961 0 1 0 -3.160881E-07 0.8314676 0.5555732 -7.421697E-10 0.8314676 0.5555732 -4.657233E-07 0.8314676 0.5555732 -7.814249E-09 0.8314676 0.5555732 0 -1 0 0 -1 0 -1 0 0 -1 0 0 0 1 0 0 1 0 1 0 0 0 -1 0 0 -1 0 -1 -1.079272E-07 0 -1 -1.152774E-07 0 -1 -2.181961E-09 0 0 -1 0 0 -1 0 -1 0 0 -1 0 0 0 1 0 0 1 0 1 0 0 0 -1 0 0 -1 0 -1 -2.103458E-09 0 -1 0 0 -1 -1.152774E-07 0 0 6.183919E-08 1 0 5.864587E-08 1 0 7.500118E-08 1 0 7.81945E-08 1 -3.013721E-09 5.024112E-10 1 0 0 1 0 0 -1 0 0 -1 0 0 -1 0 0 -1 0 4.322903E-08 1 0 4.322903E-08 1 0 4.322903E-08 1 0 4.322903E-08 1 0 4.322903E-08 1 0 4.322903E-08 1 0 4.322903E-08 1 0 4.322903E-08 1 0 6.183919E-08 1 0 5.864587E-08 1 0 7.500118E-08 1 0 7.81945E-08 1 0 0 -1 0 0 -1 0 0 -1 0 0 -1 0 0 1 0 0 1 0 0 1 0 0 1 0.1111505 0.9938036 0 0.1644633 0.9863832 0 0.1628052 0.9866582 0 7.952132E-09 8.471503E-10 1 0 0 1 3.013723E-09 5.024115E-10 1 9.465249E-09 1.008345E-09 1 0.1587787 0.9873142 0 0.1593518 0.9872218 0 0.1062663 0.9943377 0 0.002413091 0.9999971 0 -0.001983202 0.999998 0 -0.1403016 0.6930476 -0.7071071 -0.1412212 0.6977371 -0.702296 -0.1468394 -0.6916867 -0.7071123 -0.1478273 -0.6965528 -0.702112 -0.06047592 -0.6960256 -0.7154657 -0.1192242 -0.6878097 -0.7160332 -0.02038999 -0.7015534 -0.7123251 0.01349713 -0.7017222 -0.7123228 0.05465613 -0.6964993 -0.7154729 0.1141841 -0.6886961 -0.7160025 0 2.993779E-06 1 0 3.208588E-06 1 0 2.148029E-07 1 0 0 1 4.582173E-06 0 1 5.127663E-06 0 1 5.455049E-07 0 1 0 0 1 0 0 1 0 0 1 0 0 1 0 0 1 -2.846956E-06 0 -1 -3.039837E-06 0 -1 -1.928752E-07 0 -1 0 0 -1 -1.659788E-08 2.553874E-09 1 -5.569053E-08 1.084478E-08 1 -2.549438E-08 4.964595E-09 1 0 0 1 0 0 1 0 -1.728249E-06 1 0 -1.648126E-06 1 0 1.754475E-08 1 0 1.098764E-07 1 0 1.75432E-06 1 0 1.823902E-06 1 0 6.958442E-08 1 0 0 1 0.002086766 0.9999978 0 1.007931E-06 0 -1 2.918397E-06 0 -1 2.292569E-06 0 -1 4.208349E-07 1 0 5.259143E-08 7.672253E-09 1 9.632596E-08 1.821445E-08 1 9.632593E-08 1.821444E-08 1 5.259137E-08 7.672245E-09 1 1.775981E-06 0 -1 2.626677E-06 0 -1 -0.001265375 0.9999992 0 0.002967044 0.9999956 0 0.000407187 0.9999999 0 -0.004836822 0.9999883 0 0.002050766 0.9999979 0 0.01616826 0.9998693 0 -0.0008759111 0.9999996 0 0.00450897 0.9999898 0 0.01313535 0.9999138 0 -0.0005408629 0.9999999 0 0.02345097 0.999725 0 0.003127312 0.9999951 0 -0.01145127 0.9999344 0 0.0004197134 0.9999999 0 -0.02062833 0.9997872 0 -0.002394289 0.9999971 0 0 0 1 0 0 1 0 0 1 0 0 1 0 0 1 0 0 1 0 0 1 -1.583083E-07 0 -1 4.387068E-07 0 -1 0 -0.7071068 -0.7071068 0 -0.7071068 -0.7071068 0 -0.7071068 -0.7071068 -0.7071068 0 0.7071068 -0.7071068 0 0.7071068 0 -0.7071068 -0.7071068 0 -0.7071068 -0.7071068 0.7071068 -3.648262E-06 -0.7071068 0.7070696 7.427994E-05 -0.7071439 0 -1 0 0 -0.7071068 -0.7071068 0 0 -1 1.009778E-06 1.009778E-06 -1 0 -0.7071068 -0.7071068 0 0 -1 5.371998E-05 1 5.371998E-05 0 0.7071068 -0.7071068 3.661517E-05 0.7071251 -0.7070885 0.02570844 -0.9993389 -0.02570844 -0.7071068 0 -0.7071068 0 1 0 0.7071068 0 0.7071068 0 0 1 0.7071068 0 0.7071068 0 0.7071068 0.7071068 0 0.7071068 0.7071068 0 0 -1 -0.7071068 0 -0.7071068 0.01906047 -0.7069783 0.7069783 0.01944773 -0.71663 0.6971824 0 0 -1 -1.574138E-07 -1.574138E-07 -1 0 0 1 1.704283E-07 -1.704283E-07 1 0 -0.7071068 0.7071068 0 -0.7071068 0.7071068 0.007596205 -0.7070864 0.7070864 0 0.7071068 0.7071068 0 0.7071068 0.7071068 0 0.7071068 0.7071068 -0.7071068 0 0.7071068 0.7071068 0 -0.7071068 0 -0.7071068 0.7071068 0 0.7071068 0.7071068 0 0 -1 -0.6875125 -0.1653129 -0.7071056 -0.6921741 -0.1664205 -0.7022815 0 0 -1 -0.1142945 0.6886781 -0.7160022 -0.05461709 0.6965024 -0.7154728 -0.01345898 0.7017229 -0.7123228 0.0203331 0.7015551 -0.7123252 0.0604246 0.6960301 -0.7154655 0.1193272 0.687792 -0.716033 -6.472044E-05 -0.0001015099 -1 0.1467547 0.6917047 -0.7071123 0.1478848 0.6965061 -0.7021462 8.621179E-07 -1.38295E-06 -1 0.1402272 -0.6930627 -0.7071071 0.1411801 -0.6977698 -0.7022717 -0.6856881 0.1727201 -0.7071065 -0.6904923 0.1739671 -0.7021081 -0.2082113 -0.9773889 0.03686552 -0.1986886 0.9794099 0.03576442 0.1472341 0.6916055 0.7071096 0.1230107 0.7057664 0.6976835 -0.1406914 0.6929649 0.7071107 -0.1398851 0.6886219 0.7114999 -0.0001719995 0.0001095833 -1 0.6831779 0.1642565 -0.711539 0 0 -1 0.6811918 -0.1716209 -0.711705 -0.1472982 -0.6915918 0.7071096 -0.1463471 -0.687071 0.7116994 0.06198777 0.7131349 0.6982809 -0.0619755 -0.713136 0.6982809 -0.1229882 -0.7057703 0.6976835 0.02057268 0.7121137 0.7017626 -0.02057286 -0.7121137 0.7017626 -0.01361847 0.7122967 0.7017464 0.01361871 -0.7122967 0.7017464 -0.05605186 0.7136279 0.698279 0.05606595 -0.7136267 0.698279 -0.1178126 0.7066305 0.697706 0.1178342 -0.706642 0.6976907 0.1406435 -0.6929746 0.7071107 0 0 -1 -0.6832145 -0.1642122 -0.7115141 -1.734421E-06 1.105023E-06 -1 -0.6811534 0.1716852 -0.7117262 0.139833 -0.6886084 0.7115232 0.1987697 -0.9793965 0.03568248 0.198286 -0.9794766 0.03617147 0.1411801 -0.6977698 -0.7022717 0.1463612 0.6870949 0.7116734 0.2081736 0.9773955 0.03690372 0.2075312 0.9775073 0.03755399 0.1479036 0.6964908 -0.7021574 2.367439E-06 0.3826815 0.9238803 2.34955E-06 0.3826815 0.9238803 2.385328E-06 0.3826815 0.9238803 -4.17647E-07 0.3826815 0.9238803 0 0.3826815 0.9238803 1 0 0 -1 0 0 -0.1587787 0.9873142 0 -0.1593488 0.9872224 0 1 0 0 -1 -1.087298E-07 0 -0.1644633 0.9863832 0 -0.1627983 0.9866593 0  
			<SubMeshes>: 1
				<SubMesh>: 0 2040 244 205 2 244 2 232 246 214 6 246 6 233 242 198 4 242 4 234 248 225 0 248 0 231 220 204 363 220 363 364 230 203 3 230 3 224 228 197 8 228 8 223 218 365 11 218 11 213 243 366 367 243 367 235 241 195 9 241 9 236 227 199 22 227 22 226 199 200 23 199 23 22 217 201 20 217 20 216 201 202 21 201 21 20 219 207 13 219 13 211 207 208 12 207 12 13 229 209 15 229 15 221 209 210 14 209 14 15 245 212 19 245 19 237 237 19 18 237 18 238 247 368 369 247 369 239 239 369 370 239 370 240 30 29 26 26 25 30 25 31 30 27 24 28 28 33 27 33 32 27 38 37 371 38 371 372 35 34 373 35 373 374 375 376 37 375 37 38 659 36 377 659 377 660 378 379 34 378 34 35 380 381 382 380 382 383 661 384 36 661 36 659 383 382 385 383 385 386 60 45 56 60 56 65 64 55 46 64 46 61 55 54 44 55 44 46 50 66 63 50 63 49 47 41 51 47 51 58 49 63 62 49 62 40 387 57 48 387 48 388 43 47 58 43 58 53 53 58 57 53 57 387 57 52 42 57 42 48 65 56 55 65 55 64 389 390 391 391 392 389 391 393 392 391 394 393 391 395 394 58 51 52 58 52 57 45 396 397 45 397 56 56 397 54 56 54 55 65 398 59 65 59 60 61 399 400 61 400 64 64 400 398 64 398 65 39 401 66 39 66 50 75 74 68 75 68 70 71 72 69 71 69 67 77 402 403 403 404 77 404 78 77 404 73 78 404 405 73 76 79 406 76 406 407 75 408 409 75 409 74 410 411 412 412 80 410 80 413 410 413 414 410 414 415 410 79 416 417 79 417 406 662 418 419 662 419 663 88 82 89 88 89 85 420 421 90 420 90 86 422 423 84 422 84 87 424 91 92 424 92 425 664 426 81 664 81 93 427 428 83 427 83 94 429 430 431 429 431 665 112 666 667 112 667 111 96 102 99 96 99 103 432 433 100 432 100 104 434 435 101 434 101 98 105 436 437 105 437 106 438 668 107 438 107 95 439 440 108 439 108 97 441 442 669 441 669 443 444 445 446 444 446 447 109 117 448 109 448 449 450 451 452 450 452 453 454 455 456 454 456 457 458 459 460 458 460 461 462 463 464 462 464 465 466 467 468 466 468 469 470 471 472 470 472 473 474 475 476 474 476 114 115 670 671 115 671 120 477 478 479 477 479 480 118 481 482 118 482 483 109 110 116 109 116 117 110 477 480 110 480 116 483 484 119 483 119 118 484 115 120 484 120 119 114 113 485 114 485 474 113 112 111 113 111 485 358 286 140 358 140 354 344 275 137 344 137 341 287 288 135 287 135 136 288 289 134 288 134 135 289 290 133 289 133 134 290 291 132 290 132 133 291 292 131 291 131 132 360 353 141 360 141 303 348 486 487 348 487 299 294 293 152 294 152 151 295 294 151 295 151 150 296 295 150 296 150 149 297 296 149 297 149 148 298 297 148 298 148 147 318 285 139 318 139 301 315 276 138 315 138 300 359 488 489 359 489 302 346 283 123 346 123 340 303 141 142 303 142 304 313 490 491 313 491 314 304 142 143 304 143 305 312 492 490 312 490 313 305 143 144 305 144 306 311 493 492 311 492 312 306 144 145 306 145 307 310 494 493 310 493 311 307 145 146 307 146 308 309 495 494 309 494 310 347 342 495 347 495 309 189 168 165 189 165 188 159 156 155 159 155 158 160 157 154 154 161 160 154 153 161 157 155 154 157 158 155 165 168 167 165 167 164 169 170 163 163 166 169 163 164 166 164 167 166 162 163 170 496 497 498 496 498 499 500 501 502 500 502 503 504 505 506 504 506 507 183 162 170 183 170 194 508 509 510 508 510 511 512 513 514 512 514 171 515 516 517 515 517 518 518 517 519 518 519 520 521 522 523 521 523 524 525 156 159 525 159 182 526 527 528 526 528 177 176 529 161 176 161 153 530 531 532 530 532 533 177 178 193 177 193 526 178 179 192 178 192 193 179 180 191 179 191 192 180 181 190 180 190 191 181 534 535 181 535 190 171 172 187 171 187 512 172 173 186 172 186 187 173 174 185 173 185 186 174 175 184 174 184 185 175 530 533 175 533 184 194 536 537 194 537 183 536 538 539 536 539 537 538 540 541 538 541 539 540 542 543 540 543 541 542 189 188 542 188 543 176 544 545 176 545 529 544 546 547 544 547 545 546 548 549 546 549 547 548 550 551 548 551 549 550 525 182 550 182 551 552 553 554 554 555 552 555 556 552 556 557 552 557 558 552 534 559 560 534 560 535 16 17 202 16 202 201 215 16 201 215 201 217 561 562 200 561 200 199 563 561 199 563 199 227 564 565 195 564 195 241 566 567 365 566 365 218 222 1 197 222 197 228 235 367 198 235 198 242 22 23 210 22 210 209 226 22 209 226 209 229 20 21 208 20 208 207 216 20 207 216 207 219 568 569 366 568 366 243 223 8 203 223 203 230 213 11 204 213 204 220 236 9 205 236 205 244 23 213 220 23 220 210 10 216 219 10 219 206 562 566 218 562 218 200 5 215 217 5 217 196 570 571 212 570 212 245 206 219 211 206 211 7 196 217 216 196 216 10 200 218 213 200 213 23 210 220 364 210 364 14 240 370 214 240 214 246 21 223 230 21 230 208 572 226 229 572 229 573 17 222 228 17 228 202 574 563 227 574 227 575 576 577 368 576 368 247 573 229 221 573 221 578 575 227 226 575 226 572 202 228 223 202 223 21 208 230 224 208 224 12 238 18 225 238 225 248 256 238 248 256 248 266 250 576 247 250 247 265 258 240 246 258 246 264 252 570 245 252 245 263 254 236 244 254 244 262 251 568 243 251 243 261 253 235 242 253 242 260 249 564 241 249 241 259 257 239 240 257 240 258 265 247 239 265 239 257 255 237 238 255 238 256 263 245 237 263 237 255 259 241 236 259 236 254 261 243 235 261 235 253 266 248 231 266 231 579 260 242 234 260 234 580 264 246 233 264 233 581 262 244 232 262 232 582 583 262 582 583 582 584 585 264 581 585 581 586 587 260 580 587 580 588 589 266 579 589 579 590 591 261 253 591 253 592 593 259 254 593 254 594 595 263 255 595 255 596 596 255 256 596 256 597 598 265 257 598 257 599 599 257 258 599 258 600 601 249 259 601 259 593 592 253 260 592 260 587 602 251 261 602 261 591 594 254 262 594 262 583 603 252 263 603 263 595 600 258 264 600 264 585 604 250 265 604 265 598 597 256 266 597 266 589 355 268 122 355 122 351 357 284 268 357 268 355 339 121 267 339 267 343 317 605 276 317 276 315 606 607 608 606 608 316 609 610 281 609 281 282 610 611 280 610 280 281 611 612 279 611 279 280 612 613 278 612 278 279 613 614 277 613 277 278 129 130 274 129 274 273 128 129 273 128 273 272 127 128 272 127 272 271 126 127 271 126 271 270 125 126 270 125 270 269 345 615 275 345 275 344 616 617 618 616 618 356 619 620 615 619 615 345 621 622 605 621 605 317 352 124 284 352 284 357 343 267 283 343 283 346 316 608 285 316 285 318 282 281 297 282 297 298 281 280 296 281 296 297 280 279 295 280 295 296 279 278 294 279 294 295 278 277 293 278 293 294 273 274 292 273 292 291 272 273 291 272 291 290 271 272 290 271 290 289 270 271 289 270 289 288 269 270 288 269 288 287 356 618 286 356 286 358 336 316 318 336 318 338 322 621 317 322 317 337 319 606 316 319 316 336 337 317 315 337 315 335 350 347 309 350 309 329 329 309 310 329 310 330 327 307 308 327 308 328 330 310 311 330 311 331 326 306 307 326 307 327 331 311 312 331 312 332 325 305 306 325 306 326 332 312 313 332 313 333 324 304 305 324 305 325 333 313 314 333 314 334 323 303 304 323 304 324 362 359 302 362 302 623 335 315 300 335 300 320 338 318 301 338 301 321 349 348 299 349 299 624 361 360 303 361 303 323 625 361 323 625 323 626 627 349 624 627 624 628 629 338 321 629 321 630 631 335 320 631 320 632 633 362 623 633 623 634 626 323 324 626 324 635 636 333 334 636 334 637 635 324 325 635 325 638 639 332 333 639 333 636 638 325 326 638 326 640 641 331 332 641 332 639 640 326 327 640 327 642 643 330 331 643 331 641 642 327 328 642 328 644 645 329 330 645 330 643 646 350 329 646 329 645 647 337 335 647 335 631 648 319 336 648 336 649 650 322 337 650 337 647 649 336 338 649 338 629 651 652 350 651 350 646 644 328 349 644 349 627 328 308 348 328 348 349 652 653 347 652 347 350 274 343 346 274 346 292 147 619 345 147 345 298 298 345 344 298 344 282 130 339 343 130 343 274 653 654 342 653 342 347 292 346 340 292 340 131 308 146 486 308 486 348 282 344 341 282 341 609 637 334 362 637 362 633 655 656 361 655 361 625 656 657 360 656 360 361 334 314 359 334 359 362 277 356 358 277 358 293 136 352 357 136 357 287 614 616 356 614 356 277 287 357 355 287 355 269 269 355 351 269 351 125 314 491 488 314 488 359 657 658 353 657 353 360 293 358 354 293 354 152  
		</Mesh>
		<Materials>: 1
			<Material>: 0
				<AlbedoColor>: 1 1 1 1
				<EmissiveColor>: 0 0 0 0
				<Glossiness>: 0.04
				<Metallic>: 0
				<SpecularHighlight>: 1
				<GlossyReflection>: 1
				<AlbedoMap>: BLD_IndBuilding1_A
				<MetallicMap>: BLD_IndBuilding1_MS
				<NormalMap>: BLD_IndBuilding1_N
				<EmissionMap>: null
				<DetailAlbedoMap>: DET_Concrete1_A
				<DetailNormalMap>: DET_Concrete1_N
		</Materials>
		<Children>: 0
	</Frame>
</Hierarchy>
