<Hierarchy>:
	<Frame>: 0 5 IndBuilding1_Wall_Int_B
		<Transform>: 0 0 0 0 0 0 1 1 1 0 0 0 1  
		<TransformMatrix>: 1 0 0 0 0 1 0 0 0 0 1 0 0 0 0 1  
		<Mesh>: 132 IndBuilding1_Wall_Int_B
			<Bounds>: 1.5 2.499899 0 1.5 2.500101 0.1500434
			<Positions>: 132 2.270147 3.904915 0.05960746 0.6541981 3.904915 0.05960746 0.6541981 3.395085 0.05960747 2.270147 3.218956 0.05960749 0.6541981 3.218956 0.05960749 0.5661333 4 0.05960744 2.358212 4 0.05960744 2.270147 3.395085 0.05960747 2.358212 3.3 0.05960138 0.5661333 3.3 0.05960138 2.358212 -0.0002014638 0.05960152 0.6541981 -0.0002014638 0.05960762 0.5661333 -0.0002014638 0.05960762 2.270147 -0.0002009869 0.05960762 2.270147 3.904915 -0.1388966 0.6541981 3.904915 -0.1388966 0.6541981 3.395085 -0.1388965 2.270147 3.218956 -0.1388965 0.6541981 3.218956 -0.1388965 0.5661333 4 -0.1388966 2.358212 4 -0.1388966 2.270147 3.395085 -0.1388965 2.358212 3.3 -0.1388904 0.5661333 3.3 -0.1388904 2.358212 -0.0002014724 -0.1388903 0.6541981 -0.0002014724 -0.1388964 0.5661333 -0.0002014724 -0.1388964 2.270147 -0.0002009956 -0.1388964 0.56908 2.324561E-08 0.1500366 2.34757 -6.616136E-08 0.1500389 0.5690762 4.003351 0.1500434 2.347569 4.003351 0.1500434 3 -2.449753E-07 0.1500434 2.999998 5 0.1500348 -2.384186E-07 1.126526E-07 0.1500343 2.622604E-06 5 0.1500434 0.56908 2.324561E-08 -0.1500366 2.34757 -6.616136E-08 -0.1500389 0.5690762 4.003351 -0.1500434 2.347569 4.003351 -0.1500434 3 -2.449753E-07 -0.1500434 2.999998 5 -0.1500348 -2.384186E-07 1.126526E-07 -0.1500343 2.622604E-06 5 -0.1500434 0.5661333 4 0.05960744 0.6541981 3.904915 0.05960746 2.358212 4 0.05960744 2.270147 3.904915 0.05960746 0.5661333 3.3 0.05960138 2.358212 3.3 0.05960138 2.270147 3.395085 0.05960747 0.6541981 3.395085 0.05960747 0.5661333 3.3 0.05960138 2.358212 3.3 0.05960138 2.270147 3.218956 0.05960749 0.5661333 3.3 0.05960138 0.6541981 3.218956 0.05960749 0.6541981 3.395085 0.05960747 2.270147 3.395085 0.05960747 0.6541981 3.395085 -0.1388965 0.6541981 3.904915 -0.1388966 0.5661333 4 -0.1388966 2.270147 3.395085 -0.1388965 2.270147 3.904915 -0.1388966 2.358212 4 -0.1388966 0.5661333 3.3 -0.1388904 0.6541981 3.395085 -0.1388965 2.358212 3.3 -0.1388904 0.5661333 3.3 -0.1388904 2.270147 3.218956 -0.1388965 2.358212 3.3 -0.1388904 0.5661333 3.3 -0.1388904 0.6541981 3.218956 -0.1388965 2.270147 3.218956 -0.1388965 2.270147 -0.0002009956 -0.1388964 2.270147 -0.0002009869 0.05960762 2.270147 3.218956 0.05960749 0.6541981 3.395085 -0.1388965 0.6541981 3.904915 -0.1388966 0.6541981 3.904915 0.05960746 0.6541981 3.395085 0.05960747 0.6541981 3.904915 -0.1388966 2.270147 3.904915 -0.1388966 2.270147 3.904915 0.05960746 0.6541981 3.904915 0.05960746 2.270147 3.904915 -0.1388966 2.270147 3.395085 -0.1388965 2.270147 3.395085 0.05960747 2.270147 3.904915 0.05960746 0.6541981 -0.0002014724 -0.1388964 0.6541981 3.218956 -0.1388965 0.6541981 3.218956 0.05960749 0.6541981 -0.0002014638 0.05960762 0.6541981 3.218956 -0.1388965 2.270147 3.218956 -0.1388965 2.270147 3.218956 0.05960749 0.6541981 3.218956 0.05960749 -2.384186E-07 1.126526E-07 0.1500343 2.622604E-06 5 0.1500434 2.34757 -6.616136E-08 0.1500389 2.347569 4.003351 0.1500434 2.347569 4.003351 -0.1500434 2.34757 -6.616136E-08 -0.1500389 2.622604E-06 5 -0.1500434 -2.384186E-07 1.126526E-07 -0.1500343 -2.384186E-07 1.126526E-07 -0.1500343 0.56908 2.324561E-08 -0.1500366 0.56908 2.324561E-08 0.1500366 -2.384186E-07 1.126526E-07 0.1500343 3 -2.449753E-07 -0.1500434 2.999998 5 -0.1500348 2.999998 5 0.1500348 3 -2.449753E-07 0.1500434 0.5690762 4.003351 -0.1500434 2.347569 4.003351 -0.1500434 2.347569 4.003351 0.1500434 0.5690762 4.003351 0.1500434 2.34757 -6.616136E-08 -0.1500389 3 -2.449753E-07 -0.1500434 3 -2.449753E-07 0.1500434 2.34757 -6.616136E-08 0.1500389 0.56908 2.324561E-08 0.1500366 0.56908 2.324561E-08 -0.1500366 0.5690762 4.003351 -0.1500434 0.5690762 4.003351 0.1500434 2.999998 5 -0.1500348 2.622604E-06 5 -0.1500434 2.622604E-06 5 0.1500434 2.999998 5 0.1500348 2.358212 3.3 0.05960138 2.270147 3.395085 -0.1388965 2.358212 3.3 -0.1388904  
			<Colors>: 0  
			<TextureCoords0>: 132 0.2124023 0.09326172 0.2739258 0.09326172 0.2133789 0.09326172 0.2124023 0.09326172 0.4047852 0.09326172 0.2851563 0.08203125 0.2021484 0.08203125 0.2133789 0.09326172 0.2021484 0.08203125 0.2021484 0.08203125 0.2021484 0.08203125 0.2021484 0.09326172 0.2021484 0.08203125 0.2021484 0.09326172 0.2124023 0.09326172 0.2739258 0.09326172 0.3974609 0.1303711 0.2124023 0.1298828 0.4047852 0.1298828 0.2851563 0.08203125 0.2021484 0.08203125 0.59375 0.1303711 0.2021484 0.08203125 0.2021484 0.08203125 0.2021484 0.08203125 0.2021484 0.09326172 0.2021484 0.08203125 0.2021484 0.09326172 0.7626953 0.652832 0.644043 0.652832 0.7626953 0.3857422 0.644043 0.3857422 0.6005859 0.652832 0.6005859 0.3193359 0.7998047 0.652832 0.7998047 0.3193359 0.7626953 0.652832 0.6196289 0.6533203 0.7626953 0.3857422 0.6196289 0.3867188 0.6005859 0.652832 0.6005859 0.3193359 0.6196289 0.6533203 0.6196289 0.3203125 0.4150391 0.08203125 0.4047852 0.09326172 0.2851563 0.08203125 0.2739258 0.09326172 0.4150391 0.1186523 0.2021484 0.1186523 0.2124023 0.1298828 0.4047852 0.1298828 0.4150391 0.08203125 0.59375 0.08203125 0.5839844 0.09326172 0.59375 0.08203125 0.5839844 0.09326172 0.3974609 0.105957 0.59375 0.105957 0.2133789 0.09326172 0.4047852 0.09326172 0.4150391 0.08203125 0.2133789 0.09326172 0.2739258 0.09326172 0.2851563 0.08203125 0.4150391 0.08203125 0.4047852 0.09326172 0.2021484 0.1186523 0.4150391 0.1186523 0.5839844 0.09326172 0.59375 0.08203125 0.59375 0.08203125 0.5839844 0.09326172 0.59375 0.1303711 0.2021484 0.1303711 0.2021484 0.105957 0.59375 0.105957 0.5322266 0.105957 0.59375 0.105957 0.59375 0.1303711 0.5322266 0.1303711 0.3974609 0.105957 0.59375 0.105957 0.59375 0.1303711 0.3974609 0.1303711 0.59375 0.1303711 0.5322266 0.1303711 0.5322266 0.105957 0.59375 0.105957 0.2021484 0.105957 0.59375 0.105957 0.59375 0.1303711 0.2021484 0.1303711 0.3974609 0.105957 0.59375 0.105957 0.59375 0.1303711 0.3974609 0.1303711 0.6000977 0.6533203 0.6000977 0.3203125 0.6000977 0.6533203 0.6000977 0.3867188 0.644043 0.3857422 0.644043 0.652832 0.7998047 0.3193359 0.7998047 0.652832 0.7998047 0.3203125 0.7626953 0.3203125 0.7626953 0.3408203 0.7998047 0.3408203 0.6196289 0.6533203 0.6196289 0.3203125 0.6000977 0.3203125 0.6000977 0.6533203 0.7299805 0.4428711 0.6357422 0.4428711 0.6357422 0.4584961 0.7299805 0.4584961 0.6450195 0.3203125 0.6010742 0.3203125 0.6010742 0.3408203 0.6450195 0.3408203 0.6000977 0.6533203 0.6196289 0.6533203 0.6196289 0.3867188 0.6000977 0.3867188 0.6010742 0.3203125 0.7998047 0.3203125 0.7998047 0.3408203 0.6010742 0.3408203 0.2021484 0.08203125 0.2124023 0.09326172 0.2021484 0.08203125  
			<TextureCoords1>: 132 0.5628695 0.7372645 0.5628687 0.9133044 0.6184094 0.9133049 0.6375974 0.7372647 0.6375968 0.9133047 0.5525101 0.9228982 0.5525111 0.7276708 0.6184099 0.7372648 0.6287684 0.727671 0.6287678 0.9228987 0.9882889 0.7276708 0.9882932 0.9133008 0.9882933 0.9228946 0.9882888 0.7372645 0.4293268 0.07581335 0.4293277 0.2518547 0.3776014 0.03678197 0.3545982 0.07581389 0.3545989 0.2518553 0.4396863 0.2614484 0.4396853 0.06621939 0.2015607 0.03678197 0.3634271 0.06622016 0.363428 0.2614491 0.00390637 0.06622022 0.00390842 0.2518524 0.003908146 0.2614461 0.00390625 0.07581395 0.5486038 0.5667762 0.5486038 0.3730283 0.1124808 0.5667765 0.1124807 0.3730284 0.5486038 0.3019529 0.003906255 0.3019531 0.5486038 0.6287714 0.00390625 0.6287711 0.00390625 0.9340984 0.9886332 0.9594957 0.4400294 0.9340988 0.5525101 0.9594962 0.00390637 0.6692752 0.5486039 0.6692754 0.5486038 0.665368 0.00390625 0.665369 0.5525101 0.9228982 0.5628687 0.9133044 0.5525111 0.7276708 0.5628695 0.7372645 0.6287678 0.9228987 0.6287684 0.727671 0.6184099 0.7372648 0.6184094 0.9133049 0.6287678 0.9228987 0.6287684 0.727671 0.6375974 0.7372647 0.6287678 0.9228987 0.6375968 0.9133047 0.3776014 0.01515704 0.2015607 0.01515704 0.3737865 0.2518551 0.4293277 0.2518547 0.4396863 0.2614484 0.3737857 0.07581389 0.4293268 0.07581335 0.4396853 0.06621939 0.363428 0.2614491 0.3737865 0.2518551 0.3634271 0.06622016 0.363428 0.2614491 0.3545982 0.07581389 0.3634271 0.06622016 0.363428 0.2614491 0.3545989 0.2518553 0.5525101 0.6982334 0.9032034 0.6982334 0.9032034 0.6766084 0.5525101 0.6766084 0.3815076 0.06231314 0.4370483 0.06231314 0.4370483 0.04068822 0.3815076 0.04068822 0.00390625 0.02571559 0.179947 0.02571559 0.179947 0.004090667 0.003906254 0.004090667 0.3815076 0.03678197 0.4370483 0.03678197 0.4370483 0.01515704 0.3815076 0.01515704 0.5525101 0.7237645 0.9032036 0.7237645 0.9032036 0.7021396 0.5525101 0.7021396 0.2015607 0.06231314 0.3776014 0.06231314 0.3776014 0.04068822 0.2015607 0.04068822 0.5486038 0.6326786 0.00390626 0.6326777 0.9886332 0.9268054 0.5525101 0.9268049 0.4400294 0.7403507 0.003906372 0.7403506 0.5486039 0.9960934 0.003906627 0.9960938 0.8832344 0.6653687 0.9452297 0.665369 0.9452297 0.6326792 0.8832344 0.6326794 0.00390625 0.2980466 0.5486038 0.2980457 0.5486038 0.2653562 0.00390626 0.2653553 0.00390625 0.06231314 0.1976544 0.06231314 0.1976544 0.02962184 0.003906256 0.02962184 0.9071099 0.7237641 0.9781852 0.7237645 0.9781852 0.6910732 0.9071099 0.6910738 0.5525103 0.9634032 0.5525101 0.996093 0.9886333 0.9960938 0.9886331 0.9634025 0.5525101 0.6653681 0.8793281 0.665369 0.8793281 0.6326777 0.5525101 0.6326786 0.6287684 0.727671 0.3737857 0.07581389 0.3634271 0.06622016  
			<Normals>: 132 0 0 1 0 0 1 0 -3.051851E-05 1 3.051851E-05 3.051851E-05 1 0 3.051851E-05 1 0 0 1 0 0 1 0 -3.051851E-05 1 0 0 1 0 0 1 6.103888E-05 0 1 -3.051851E-05 0 1 -3.051851E-05 0 1 6.103702E-05 0 1 0 0 -1 0 0 -1 0 1 0 3.051851E-05 3.051851E-05 -1 0 3.051851E-05 -1 0 0 -1 0 0 -1 0 1 0 0 0 -1 0 0 -1 6.103888E-05 0 -1 -3.051851E-05 0 -1 -3.051851E-05 0 -1 6.103702E-05 0 -1 0 0 1 0 0 1 0 0 1 0 0 1 0 0 1 0 0 1 0 0 1 0 0 1 0 0 -1 -1 0 0 0 0 -1 -1 0 0 0 0 -1 0 0 -1 -1 0 0 -1 0 0 0 0 1 0 0 1 0 0 1 0 0 1 0 0 1 0 0 1 0 -3.051851E-05 1 0 -3.051851E-05 1 0 0 1 0 0 1 3.051851E-05 3.051851E-05 1 0 0 1 0 3.051851E-05 1 0 1 0 0 1 0 0 -3.051851E-05 -1 0 0 -1 0 0 -1 0 -3.051851E-05 -1 0 0 -1 0 0 -1 0 0 -1 0 -3.051851E-05 -1 0 0 -1 0 0 -1 3.051851E-05 3.051851E-05 -1 0 0 -1 0 0 -1 0 3.051851E-05 -1 -1 0 0 -1 0 0 -1 0 0 -1 0 0 1 0 0 1 0 0 1 0 0 1 0 0 0 -1 0 0 -1 0 0 -1 0 0 -1 0 -1 0 0 -1 0 0 -1 0 0 -1 0 0 1 0 0 1 0 0 1 0 0 1 0 0 0 -1 0 0 -1 0 0 -1 0 0 -1 0 -1 0 0 -1 0 0 -1 0 0 -1 0 0 0 0 -1 0 0 -1 0 0 -1 0 0 -1 0 -1 0 0 -1 0 0 -1 0 0 -1 0 1 0 0 1 0 0 1 0 0 1 0 0 0 -1 0 0 -1 0 0 -1 0 0 -1 0 0 -1 0 0 -1 0 0 -1 0 0 -1 0 1 0 0 1 0 0 1 0 0 1 0 0 0 1 0 0 1 0 0 1 0 0 1 0 0 0 1 0 -3.051851E-05 -1 0 0 -1  
			<Tangents>: 132 -1 0 0 0 1 0 0 1 3.051851E-05 -1 9.313794E-10 3.051851E-05 -1 0 0 0 1 0 -1 0 0 0 1 3.051851E-05 0 1 0 0 1 0 2.406712E-12 1 0 -5.676682E-11 1 0 -5.770292E-11 1 0 2.401543E-12 1 0 -1 0 0 0 1 0 1 0 0 -1 9.313794E-10 -3.051851E-05 -1 0 0 0 1 0 -1 0 0 1 0 0 0 1 0 0 1 0 -2.824192E-12 1 0 -5.40471E-11 1 0 -5.498141E-11 1 0 -2.825344E-12 1 0 -1 0.0001341805 0 -1 7.308632E-07 0 -0.9999993 0.00115286 0 -0.9999995 -0.001035979 0 -1 -0.0001992573 0 -0.9999997 -0.0007330977 0 -1 1.571078E-07 0 -0.9999999 0.0004752832 0 -1 0.0001341805 0 0 0 -1 -0.9999993 0.00115286 0 0 0 -1 -1 -0.0001992573 0 -0.9999997 -0.0007330977 0 0 0 -1 0 0 -1 -1 0 0 -1 0 0 0 1 0 0 1 0 -1 0 0 -1 0 0 -1 0 0 -1 0 0 -1 0 0 0 1 0 -9.300375E-10 1 -3.051851E-05 0 1 0 0 1 -3.051851E-05 1 0 0 1 0 0 0 1 -3.051851E-05 -1 0 0 -1 0 0 0 1 -3.051851E-05 0 1 0 0 1 0 -1 0 0 -1 0 0 -1 0 0 -1 0 0 -9.327578E-10 1 3.051851E-05 0 1 0 0 1 0 0 1 3.051851E-05 0 1 -4.184161E-08 0 1 -4.628902E-08 0 1 -4.610754E-08 0 1 -4.166012E-08 0 1 -3.613636E-08 0 1 -5.845541E-08 0 1 -5.154676E-08 0 1 -2.922771E-08 1 0 0 1 0 0 1 0 0 1 0 0 0 1 -3.613636E-08 0 1 -5.845541E-08 0 1 -5.154676E-08 0 1 -2.922771E-08 0 1 -4.18416E-08 0 1 -4.628902E-08 0 1 -4.610753E-08 0 1 -4.166012E-08 1 0 0 1 0 0 1 0 0 1 0 0 0 0 -1 0 0 -1 0 0 -1 0 0 -1 -0.9999995 -0.001035979 0 -1 7.308632E-07 0 -0.9999999 0.0004752832 0 -1 1.571078E-07 0 -1 0 -1.541068E-06 -1 0 4.032434E-06 -1 0 1.541096E-06 -1 0 -4.032434E-06 0 0 -1 0 0 -1 0 0 -1 0 0 -1 -1 0 0 -1 0 0 -1 0 0 -1 0 0 -1 0 -3.179613E-06 -1 0 7.011719E-06 -1 0 3.156864E-06 -1 0 -7.034559E-06 0 0 -1 0 0 -1 0 0 -1 0 0 -1 -1 0 2.523872E-06 -1 0 -2.89083E-06 -1 0 -2.523892E-06 -1 0 2.89083E-06 -1 0 0 -1 0 0 -1 0 0  
			<BiTangents>: 132 0 1 0 -1 0 0 -1 0 0 -8.673617E-19 1 -3.051851E-05 0 1 -3.051851E-05 -1 0 0 0 1 0 1 0 0 1 0 0 -1 0 0 1 -2.406712E-12 -6.103888E-05 -1 -5.676682E-11 -3.051851E-05 -1 -5.770292E-11 -3.051851E-05 1 -2.401543E-12 -6.103702E-05 0 1 0 -1 0 0 0 0 1 -8.673617E-19 1 3.051851E-05 0 1 3.051851E-05 -1 0 0 0 1 0 0 0 1 1 0 0 -1 0 0 1 2.824192E-12 6.103888E-05 -1 -5.40471E-11 3.051851E-05 -1 -5.498141E-11 3.051851E-05 1 2.825344E-12 6.103702E-05 0.0001341805 1 0 7.308632E-07 1 0 0.00115286 0.9999993 0 -0.001035979 0.9999995 0 -0.0001992573 1 0 -0.0007330977 0.9999997 0 1.571078E-07 1 0 0.0004752832 0.9999999 0 0.0001341805 1 0 0 1 0 0.00115286 0.9999993 0 0 1 0 -0.0001992573 1 0 -0.0007330977 0.9999997 0 0 1 0 0 1 0 0 1 0 0 1 0 1 0 0 1 0 0 0 -1 0 0 -1 0 0 -1 -3.051851E-05 0 -1 -3.051851E-05 0 1 0 1 0 0 1 -1.341872E-12 -3.051851E-05 -1 0 0 -1 0 0 0 0 1 0 0 1 -1 0 0 0 1 0 0 1 0 1 0 0 1 0 0 1 0 0 0 -1 0 0 -1 3.051851E-05 0 1 0 0 1 0 1 1.378341E-12 3.051851E-05 1 0 0 -1 0 0 -1 0 0 0 4.184161E-08 1 0 4.628902E-08 1 0 4.610754E-08 1 0 4.166012E-08 1 0 -3.613636E-08 -1 0 -5.845541E-08 -1 0 -5.154676E-08 -1 0 -2.922771E-08 -1 0 0 -1 0 0 -1 0 0 -1 0 0 -1 0 3.613636E-08 1 0 5.845541E-08 1 0 5.154676E-08 1 0 2.922771E-08 1 0 -4.18416E-08 -1 0 -4.628902E-08 -1 0 -4.610753E-08 -1 0 -4.166012E-08 -1 0 0 -1 0 0 -1 0 0 -1 0 0 -1 0 1 0 0 1 0 0 1 0 0 1 0 -0.001035979 0.9999995 0 7.308632E-07 1 0 0.0004752832 0.9999999 0 1.571078E-07 1 0 1.541068E-06 0 -1 -4.032434E-06 0 -1 -1.541096E-06 0 -1 4.032434E-06 0 -1 0 1 0 0 1 0 0 1 0 0 1 0 0 0 -1 0 0 -1 0 0 -1 0 0 -1 3.179613E-06 0 -1 -7.011719E-06 0 -1 -3.156864E-06 0 -1 7.034559E-06 0 -1 0 1 0 0 1 0 0 1 0 0 1 0 -2.523872E-06 0 -1 2.89083E-06 0 -1 2.523892E-06 0 -1 -2.89083E-06 0 -1 0 1 0 0 -1 3.051851E-05 0 -1 0  
			<SubMeshes>: 1
				<SubMesh>: 0 210 5 9 2 5 2 1 6 44 45 6 45 0 8 46 47 8 47 7 48 49 50 48 50 51 129 52 4 129 4 3 10 53 54 10 54 13 55 12 11 55 11 56 21 16 57 21 57 58 19 15 59 19 59 23 20 14 60 20 60 61 22 62 63 22 63 64 65 66 130 65 130 131 67 17 18 67 18 68 24 27 69 24 69 70 71 72 25 71 25 26 73 74 75 73 75 76 77 78 79 77 79 80 81 82 83 81 83 84 85 86 87 85 87 88 89 90 91 89 91 92 93 94 95 93 95 96 31 29 32 31 32 33 33 35 30 33 30 31 28 30 35 28 35 34 43 42 97 43 97 98 99 100 39 99 39 37 101 41 40 101 40 102 41 101 38 41 38 103 36 104 103 36 103 38 105 106 107 105 107 108 109 110 111 109 111 112 113 114 115 113 115 116 117 118 119 117 119 120 121 122 123 121 123 124 125 126 127 125 127 128  
		</Mesh>
		<Materials>: 1
			<Material>: 0
				<AlbedoColor>: 1 1 1 1
				<EmissiveColor>: 0 0 0 0
				<Glossiness>: 0.04
				<Metallic>: 0
				<SpecularHighlight>: 1
				<GlossyReflection>: 1
				<AlbedoMap>: BLD_IndBuilding1_A
				<MetallicMap>: BLD_IndBuilding1_MS
				<NormalMap>: BLD_IndBuilding1_N
				<EmissionMap>: null
				<DetailAlbedoMap>: DET_Concrete1_A
				<DetailNormalMap>: DET_Concrete1_N
		</Materials>
		<Children>: 3
			<Frame>: 1 0 IndBuilding1_Wall_Int_B_bb
				<Transform>: 0.51 2.499899 -1.092741E-07 -2.504478E-06 0 0 1 1 1 -2.185569E-08 0 0 1  
				<TransformMatrix>: 1 0 0 0 0 1 -4.371139E-08 0 0 4.371139E-08 1 0 0.51 2.499899 -1.092741E-07 1  
				<BoxCollider>: 1 -0.1830311 -0.0137372 0.003433228 0.6339378 4.9701 0.3200073  
				<Children>: 0
			</Frame>
			<Frame>: 2 0 IndBuilding1_Wall_Int_B_bb1
				<Transform>: 2.825 2.499899 -1.092741E-07 -2.504478E-06 0 0 1 1 1 -2.185569E-08 0 0 1  
				<TransformMatrix>: 1 0 0 0 0 1 -4.371139E-08 0 0 4.371139E-08 1 0 2.825 2.499899 -1.092741E-07 1  
				<BoxCollider>: 1 -0.183033 -0.0137372 0.003433228 0.6918869 4.9701 0.3200073  
				<Children>: 0
			</Frame>
			<Frame>: 3 0 IndBuilding1_Wall_Int_B_bb2
				<Transform>: 1.68 2.499899 -1.092741E-07 -2.504478E-06 0 0 1 1 1 -2.185569E-08 0 0 1  
				<TransformMatrix>: 1 0 0 0 0 1 -4.371139E-08 0 0 4.371139E-08 1 0 1.68 2.499899 -1.092741E-07 1  
				<BoxCollider>: 1 -0.1871948 1.605603 0.003433228 1.882454 1.73142 0.3200073  
				<Children>: 0
			</Frame>
	</Frame>
</Hierarchy>
