<Hierarchy>:
	<Frame>: 0 5 IndBuilding1_Deco_Handrail_Cor_A
		<Transform>: 0 0 0 0 0 0 1 1 1 0 0 0 1  
		<TransformMatrix>: 1 0 0 0 0 1 0 0 0 0 1 0 0 0 0 1  
		<Mesh>: 284 IndBuilding1_Deco_Handrail_Cor_A
			<Bounds>: 1.451378 -0.513519 -1.548622 1.551378 0.513519 1.551378
			<Positions>: 284 0.09104197 -1.027038 -2.932725 0.09104219 -0.03908551 -2.932725 0.06672223 -1.027038 -2.908405 0.06672236 -0.03908551 -2.908406 -0.04672227 -1.027038 -3.070489 -0.04672205 -0.03908551 -3.07049 -0.07104202 -1.027038 -3.04617 -0.07104188 -0.03908551 -3.04617 1.274671 -0.06000006 -2.97467 1.274671 -1.002515 -2.97467 1.32533 -0.06000006 -2.97467 1.32533 -1.002515 -2.97467 1.274671 -0.06000006 -3.025325 1.274671 -1.002515 -3.025325 1.32533 -0.06000006 -3.025325 1.32533 -1.002515 -3.025325 0.5253298 -1.002515 -3.025325 0.5253298 -0.06000006 -3.025326 0.4746709 -1.002515 -3.025325 0.4746709 -0.06000006 -3.025326 0.5253298 -1.002515 -2.97467 0.5253298 -0.06000006 -2.97467 0.4746708 -1.002515 -2.97467 0.4746709 -0.06000006 -2.97467 2.074671 -0.06000006 -2.97467 2.074671 -1.002515 -2.97467 2.12533 -0.06000006 -2.97467 2.12533 -1.002515 -2.97467 2.074671 -0.06000006 -3.025325 2.074671 -1.002515 -3.025325 2.12533 -0.06000006 -3.025325 2.12533 -1.002515 -3.025325 2.92533 -1.002515 -3.025325 2.92533 -0.06000006 -3.025325 2.874671 -1.002515 -3.025325 2.874671 -0.06000006 -3.025325 2.92533 -1.002515 -2.97467 2.92533 -0.06000006 -2.97467 2.874671 -1.002515 -2.97467 2.874671 -0.06000006 -2.97467 3 -0.07002044 -3.099999 3 -0.07002032 -2.899999 3 -1.192093E-07 -3.077534 3 -0.02246511 -3.099999 -0.07876749 -1.192093E-07 -3.078767 3 -0.02246511 -2.899999 3 -1.192093E-07 -2.922464 0.07876749 -1.192093E-07 -2.921232 0.09999998 -0.02246511 -2.9 0.06217543 -0.2375231 -2.937884 3.002755 -0.2375231 -2.937883 0.06217543 -0.2031296 -2.937884 3.002755 -0.2031297 -2.937883 -0.06182456 -0.2375231 -3.062112 3.002755 -0.2375231 -3.062112 -0.06182456 -0.2031296 -3.062112 3.002755 -0.2031297 -3.062112 0.06217544 -1.027015 -2.937884 3.002755 -1.027015 -2.937883 0.06217545 -0.9763555 -2.937884 3.002755 -0.9763556 -2.937883 -0.06182454 -1.027015 -3.062112 3.002755 -1.027015 -3.062112 -0.06182454 -0.9763555 -3.062112 3.002755 -0.9763556 -3.062112 -0.02532855 -0.06000006 -1.725329 -0.02532855 -1.002515 -1.725329 -0.02532855 -0.05999994 -1.67467 -0.02532855 -1.002515 -1.67467 0.02532641 -0.06000006 -1.725329 0.02532641 -1.002515 -1.725329 0.02532641 -0.05999994 -1.67467 0.02532641 -1.002515 -1.67467 0.02532641 -1.002515 -2.47467 0.02532641 -0.06000006 -2.47467 0.02532641 -1.002515 -2.525329 0.02532641 -0.06000006 -2.525329 -0.02532855 -1.002515 -2.47467 -0.02532855 -0.06000006 -2.47467 -0.02532855 -1.002515 -2.525329 -0.02532855 -0.06000006 -2.525329 -0.02532855 -0.05999994 -0.9253291 -0.02532855 -1.002514 -0.9253291 -0.02532855 -0.05999994 -0.87467 -0.02532855 -1.002514 -0.87467 0.02532641 -0.05999994 -0.9253291 0.02532641 -1.002514 -0.9253291 0.02532641 -0.05999994 -0.87467 0.02532641 -1.002514 -0.87467 0.02532641 -1.002514 -0.07467003 0.02532641 -0.05999994 -0.07467003 0.02532641 -1.002514 -0.1253292 0.02532641 -0.05999994 -0.1253292 -0.02532855 -1.002514 -0.07467003 -0.02532855 -0.05999994 -0.07467003 -0.02532855 -1.002514 -0.1253292 -0.02532855 -0.05999994 -0.1253292 0.09999996 -0.0700202 4.371139E-08 0.09999996 -0.07002044 -2.9 -0.09999996 -0.0700202 4.371139E-08 -0.09999996 -0.07002044 -3.1 0.07753499 0 4.371139E-08 0.09999996 -0.02246499 4.371139E-08 -0.09999996 -0.02246499 4.371139E-08 -0.07753499 0 4.371139E-08 -0.09999996 -0.02246511 -3.1 -0.06211541 -0.237523 0.002755447 -0.06211541 -0.2031295 0.002755447 0.06211327 -0.237523 0.002755447 0.06211327 -0.2031295 0.002755447 -0.06211541 -1.027015 0.002755447 -0.06211541 -0.9763554 0.002755447 0.06211327 -1.027015 0.002755447 0.06211327 -0.9763554 0.002755447 0.09104219 -0.03908551 -2.932725 0.09104197 -1.027038 -2.932725 -0.04672205 -0.03908551 -3.07049 -0.04672227 -1.027038 -3.070489 0.06672223 -1.027038 -2.908405 0.06672236 -0.03908551 -2.908406 -0.07104188 -0.03908551 -3.04617 -0.07104202 -1.027038 -3.04617 -0.07104188 -0.03908551 -3.04617 0.06672236 -0.03908551 -2.908406 0.09104219 -0.03908551 -2.932725 -0.04672205 -0.03908551 -3.07049 0.06672223 -1.027038 -2.908405 -0.07104202 -1.027038 -3.04617 -0.04672227 -1.027038 -3.070489 0.09104197 -1.027038 -2.932725 1.274671 -1.002515 -2.97467 1.274671 -0.06000006 -2.97467 1.274671 -1.002515 -3.025325 1.274671 -0.06000006 -3.025325 1.32533 -0.06000006 -2.97467 1.32533 -1.002515 -2.97467 1.32533 -1.002515 -3.025325 1.32533 -0.06000006 -3.025325 0.4746709 -0.06000006 -3.025326 0.4746709 -1.002515 -3.025325 0.4746709 -0.06000006 -2.97467 0.4746708 -1.002515 -2.97467 0.5253298 -0.06000006 -2.97467 0.5253298 -1.002515 -2.97467 0.5253298 -1.002515 -3.025325 0.5253298 -0.06000006 -3.025326 2.074671 -1.002515 -2.97467 2.074671 -0.06000006 -2.97467 2.074671 -1.002515 -3.025325 2.074671 -0.06000006 -3.025325 2.12533 -0.06000006 -2.97467 2.12533 -1.002515 -2.97467 2.12533 -1.002515 -3.025325 2.12533 -0.06000006 -3.025325 2.874671 -0.06000006 -3.025325 2.874671 -1.002515 -3.025325 2.874671 -0.06000006 -2.97467 2.874671 -1.002515 -2.97467 2.92533 -0.06000006 -2.97467 2.92533 -1.002515 -2.97467 2.92533 -1.002515 -3.025325 2.92533 -0.06000006 -3.025325 -0.07876749 -1.192093E-07 -3.078767 0.07876749 -1.192093E-07 -2.921232 3 -1.192093E-07 -2.922464 3 -0.02246511 -2.899999 3 -1.192093E-07 -2.922464 3 -1.192093E-07 -3.077534 3.002755 -0.2375231 -2.937883 0.06217543 -0.2375231 -2.937884 3.002755 -0.2375231 -3.062112 -0.06182456 -0.2375231 -3.062112 0.06217543 -0.2031296 -2.937884 3.002755 -0.2031297 -2.937883 3.002755 -0.2031297 -3.062112 -0.06182456 -0.2031296 -3.062112 3.002755 -0.2031297 -3.062112 3.002755 -0.2031297 -2.937883 3.002755 -0.2375231 -2.937883 3.002755 -0.2375231 -3.062112 3.002755 -1.027015 -2.937883 0.06217544 -1.027015 -2.937884 3.002755 -1.027015 -3.062112 -0.06182454 -1.027015 -3.062112 0.06217545 -0.9763555 -2.937884 3.002755 -0.9763556 -2.937883 3.002755 -0.9763556 -3.062112 -0.06182454 -0.9763555 -3.062112 3.002755 -0.9763556 -3.062112 3.002755 -0.9763556 -2.937883 3.002755 -1.027015 -2.937883 3.002755 -1.027015 -3.062112 -0.02532855 -1.002515 -1.725329 -0.02532855 -0.06000006 -1.725329 0.02532641 -1.002515 -1.725329 0.02532641 -0.06000006 -1.725329 -0.02532855 -0.05999994 -1.67467 -0.02532855 -1.002515 -1.67467 0.02532641 -1.002515 -1.67467 0.02532641 -0.05999994 -1.67467 0.02532641 -0.06000006 -2.525329 0.02532641 -1.002515 -2.525329 -0.02532855 -0.06000006 -2.525329 -0.02532855 -1.002515 -2.525329 -0.02532855 -0.06000006 -2.47467 -0.02532855 -1.002515 -2.47467 0.02532641 -1.002515 -2.47467 0.02532641 -0.06000006 -2.47467 -0.02532855 -1.002514 -0.9253291 -0.02532855 -0.05999994 -0.9253291 0.02532641 -1.002514 -0.9253291 0.02532641 -0.05999994 -0.9253291 -0.02532855 -0.05999994 -0.87467 -0.02532855 -1.002514 -0.87467 0.02532641 -1.002514 -0.87467 0.02532641 -0.05999994 -0.87467 0.02532641 -0.05999994 -0.1253292 0.02532641 -1.002514 -0.1253292 -0.02532855 -0.05999994 -0.1253292 -0.02532855 -1.002514 -0.1253292 -0.02532855 -0.05999994 -0.07467003 -0.02532855 -1.002514 -0.07467003 0.02532641 -1.002514 -0.07467003 0.02532641 -0.05999994 -0.07467003 3 -0.02246511 -3.099999 3 -0.07002044 -3.099999 -0.09999996 -0.02246511 -3.1 -0.09999996 -0.07002044 -3.1 3 -0.07002032 -2.899999 -0.09999996 -0.0700202 4.371139E-08 -0.09999996 -0.07002044 -3.1 0.09999996 -0.07002044 -2.9 0.09999996 -0.0700202 4.371139E-08 0.09999996 -0.07002044 -2.9 0.09999998 -0.02246511 -2.9 0.07876749 -1.192093E-07 -2.921232 -0.07753499 0 4.371139E-08 0.07753499 0 4.371139E-08 0.07876749 -1.192093E-07 -2.921232 -0.07876749 -1.192093E-07 -3.078767 -0.07753499 0 4.371139E-08 -0.09999996 -0.02246499 4.371139E-08 -0.09999996 -0.0700202 4.371139E-08 0.09999996 -0.0700202 4.371139E-08 0.07753499 0 4.371139E-08 0.09999996 -0.02246499 4.371139E-08 -0.06182456 -0.2031296 -3.062112 0.06217543 -0.2031296 -2.937884 0.06217543 -0.2031296 -2.937884 0.06211327 -0.2031295 0.002755447 0.06217543 -0.2375231 -2.937884 0.06217543 -0.2375231 -2.937884 0.06211327 -0.237523 0.002755447 -0.06182456 -0.2375231 -3.062112 0.06211327 -0.2031295 0.002755447 -0.06211541 -0.2031295 0.002755447 -0.06211541 -0.237523 0.002755447 0.06211327 -0.237523 0.002755447 -0.06182456 -0.2375231 -3.062112 -0.06211541 -0.237523 0.002755447 -0.06211541 -0.2031295 0.002755447 -0.06182456 -0.2031296 -3.062112 3 -0.07002044 -3.099999 3 -0.07002032 -2.899999 0.09999996 -0.07002044 -2.9 -0.09999996 -0.07002044 -3.1 3 -1.192093E-07 -3.077534 -0.07876749 -1.192093E-07 -3.078767 -0.06182454 -1.027015 -3.062112 -0.06211541 -1.027015 0.002755447 -0.06211541 -0.9763554 0.002755447 -0.06182454 -0.9763555 -3.062112 0.06217544 -1.027015 -2.937884 0.06211327 -1.027015 0.002755447 -0.06211541 -1.027015 0.002755447 -0.06182454 -1.027015 -3.062112 0.06217545 -0.9763555 -2.937884 0.06211327 -0.9763554 0.002755447 0.06211327 -1.027015 0.002755447 0.06217544 -1.027015 -2.937884 -0.06182454 -0.9763555 -3.062112 -0.06211541 -0.9763554 0.002755447 0.06211327 -0.9763554 0.002755447 0.06217545 -0.9763555 -2.937884  
			<Colors>: 0  
			<TextureCoords0>: 284 0.8012695 0.2036133 0.8710938 0.2036133 0.8012695 0.2041016 0.8710938 0.2041016 0.8012695 0.2148438 0.8710938 0.2148438 0.8012695 0.2138672 0.8710938 0.2138672 0.9355469 0.03466797 0.9355469 0.1494141 0.9277344 0.03466797 0.9277344 0.1494141 0.9428711 0.03466797 0.9428711 0.1494141 0.9516602 0.03466797 0.9516602 0.1494141 0.9594727 0.1489258 0.9594727 0.03417969 0.9516602 0.1489258 0.9516602 0.03417969 0.9360352 0.1489258 0.9360352 0.03417969 0.9438477 0.1489258 0.9438477 0.03417969 0.871582 0.08398438 0.871582 0.1987305 0.8642578 0.08398438 0.8642578 0.1987305 0.8798828 0.08398438 0.8798828 0.1987305 0.8881836 0.08398438 0.8881836 0.1987305 0.8549805 0.1987305 0.8549805 0.08398438 0.847168 0.1987305 0.847168 0.08398438 0.8320313 0.1987305 0.8320313 0.08398438 0.8393555 0.1987305 0.8393555 0.08398438 0.262207 0.7768555 0.3168945 0.7768555 0.0078125 0.7670898 0.262207 0.7641602 0.1274414 0.7670898 0.0078125 0.7753906 0.0078125 0.7739258 0.121582 0.7739258 0.1201172 0.7753906 0.121582 0.769043 0.0078125 0.769043 0.121582 0.7670898 0.0078125 0.7670898 0.1264648 0.7597656 0.0078125 0.7597656 0.1264648 0.762207 0.0078125 0.762207 0.1274414 0.7695313 0.0078125 0.7695313 0.1274414 0.7675781 0.0078125 0.7675781 0.1323242 0.7602539 0.0078125 0.7602539 0.1323242 0.7626953 0.0078125 0.7626953 0.9355469 0.03466797 0.9355469 0.1494141 0.9277344 0.03466797 0.9277344 0.1494141 0.9428711 0.03466797 0.9428711 0.1494141 0.9516602 0.03466797 0.9516602 0.1494141 0.9594727 0.1489258 0.9594727 0.03417969 0.9516602 0.1489258 0.9516602 0.03417969 0.9360352 0.1489258 0.9360352 0.03417969 0.9438477 0.1489258 0.9438477 0.03417969 0.871582 0.08398438 0.871582 0.1987305 0.8642578 0.08398438 0.8642578 0.1987305 0.8798828 0.08398438 0.8798828 0.1987305 0.8881836 0.08398438 0.8881836 0.1987305 0.8549805 0.1987305 0.8549805 0.08398438 0.847168 0.1987305 0.847168 0.08398438 0.8320313 0.1987305 0.8320313 0.08398438 0.8393555 0.1987305 0.8393555 0.08398438 0.128418 0.7695313 0.1201172 0.7773438 0.128418 0.7553711 0.1289063 0.7626953 0.128418 0.765625 0.128418 0.7675781 0.128418 0.7573242 0.128418 0.7597656 0.0078125 0.7573242 0.0078125 0.7553711 0.0078125 0.7670898 0.0078125 0.7597656 0.0078125 0.7617188 0.09619141 0.7773438 0.09619141 0.7641602 0.06201172 0.7773438 0.06201172 0.7641602 0.8710938 0.2060547 0.8012695 0.2060547 0.8710938 0.2148438 0.8012695 0.2148438 0.8012695 0.2041016 0.8710938 0.2041016 0.8710938 0.2138672 0.8012695 0.2138672 0.8291016 0.2084961 0.847168 0.2084961 0.847168 0.2114258 0.8291016 0.2114258 0.847168 0.2084961 0.8291016 0.2084961 0.8291016 0.2114258 0.847168 0.2114258 0.9355469 0.1494141 0.9355469 0.03466797 0.9428711 0.1494141 0.9428711 0.03466797 0.9599609 0.03466797 0.9599609 0.1494141 0.9516602 0.1494141 0.9516602 0.03466797 0.9516602 0.03417969 0.9516602 0.1489258 0.9438477 0.03417969 0.9438477 0.1489258 0.9672852 0.03417969 0.9672852 0.1489258 0.9594727 0.1489258 0.9594727 0.03417969 0.871582 0.1987305 0.871582 0.08398438 0.8798828 0.1987305 0.8798828 0.08398438 0.8955078 0.08398438 0.8955078 0.1987305 0.8881836 0.1987305 0.8881836 0.08398438 0.847168 0.08398438 0.847168 0.1987305 0.8393555 0.08398438 0.8393555 0.1987305 0.862793 0.08398438 0.862793 0.1987305 0.8549805 0.1987305 0.8549805 0.08398438 0.008789063 0.7592773 0.121582 0.7739258 0.0078125 0.7739258 0.3168945 0.7641602 0.3100586 0.7583008 0.2680664 0.7583008 0.0078125 0.7553711 0.121582 0.7553711 0.0078125 0.7597656 0.1264648 0.7597656 0.121582 0.7670898 0.0078125 0.7670898 0.0078125 0.762207 0.1264648 0.762207 0.06201172 0.7641602 0.09619141 0.7641602 0.09619141 0.7773438 0.06201172 0.7773438 0.0078125 0.7553711 0.1274414 0.7553711 0.0078125 0.7602539 0.1323242 0.7602539 0.1274414 0.7675781 0.0078125 0.7675781 0.0078125 0.7626953 0.1323242 0.7626953 0.06201172 0.7641602 0.09619141 0.7641602 0.09619141 0.7773438 0.06201172 0.7773438 0.9355469 0.1494141 0.9355469 0.03466797 0.9428711 0.1494141 0.9428711 0.03466797 0.9599609 0.03466797 0.9599609 0.1494141 0.9516602 0.1494141 0.9516602 0.03466797 0.9516602 0.03417969 0.9516602 0.1489258 0.9438477 0.03417969 0.9438477 0.1489258 0.9672852 0.03417969 0.9672852 0.1489258 0.9594727 0.1489258 0.9594727 0.03417969 0.871582 0.1987305 0.871582 0.08398438 0.8798828 0.1987305 0.8798828 0.08398438 0.8955078 0.08398438 0.8955078 0.1987305 0.8881836 0.1987305 0.8881836 0.08398438 0.847168 0.08398438 0.847168 0.1987305 0.8393555 0.08398438 0.8393555 0.1987305 0.862793 0.08398438 0.862793 0.1987305 0.8549805 0.1987305 0.8549805 0.08398438 0.0078125 0.765625 0.0078125 0.7631836 0.1289063 0.7651367 0.0078125 0.7553711 0.0078125 0.7773438 0.128418 0.7773438 0.0078125 0.7773438 0.015625 0.7695313 0.128418 0.7695313 0.015625 0.7695313 0.015625 0.7675781 0.01464844 0.765625 0.128418 0.7597656 0.128418 0.765625 0.01464844 0.765625 0.008789063 0.7592773 0.3100586 0.7583008 0.3168945 0.7641602 0.3168945 0.7768555 0.262207 0.7768555 0.2680664 0.7583008 0.262207 0.7641602 0.1264648 0.7670898 0.121582 0.7617188 0.121582 0.7617188 0.0078125 0.7617188 0.121582 0.7597656 0.121582 0.7597656 0.0078125 0.7597656 0.1264648 0.7553711 0.06201172 0.7641602 0.09619141 0.7641602 0.09619141 0.7773438 0.06201172 0.7773438 0.1264648 0.769043 0.0078125 0.769043 0.0078125 0.7670898 0.1264648 0.7670898 0.0078125 0.7631836 0.0078125 0.7553711 0.1210938 0.7553711 0.1289063 0.7626953 0.0078125 0.7670898 0.1274414 0.7670898 0.0078125 0.7553711 0.1323242 0.7553711 0.1323242 0.7573242 0.0078125 0.7573242 0.01269531 0.7646484 0.1323242 0.7646484 0.1323242 0.7695313 0.0078125 0.7695313 0.01269531 0.7626953 0.1323242 0.7626953 0.1323242 0.7646484 0.01269531 0.7646484 0.0078125 0.7573242 0.1323242 0.7573242 0.1323242 0.7626953 0.01269531 0.7626953  
			<TextureCoords1>: 284 0.00390625 0.1882002 0.1081141 0.1882002 0.003906251 0.1845724 0.1081141 0.1845724 0.00390625 0.2371131 0.1081141 0.2371131 0.108114 0.1770384 0.003906252 0.1770384 0.00390625 0.08988571 0.1033213 0.08988571 0.003906252 0.08454233 0.1033213 0.08454233 0.00390625 0.05288786 0.1033213 0.05288786 0.1033213 0.07529265 0.003906252 0.07529265 0.003906252 0.1677887 0.1033214 0.1677887 0.00390625 0.1731321 0.1033214 0.1731321 0.1033214 0.1400396 0.003906252 0.1400396 0.1033213 0.02904636 0.003906252 0.02904636 0.1120204 0.2186137 0.2114354 0.2186137 0.1120204 0.2132702 0.2114354 0.2132702 0.00390625 0.04363865 0.1033213 0.04363865 0.3147567 0.2040206 0.2153416 0.2040206 0.003906252 0.1030417 0.1033213 0.1030417 0.00390625 0.1083851 0.1033213 0.1083851 0.1033213 0.09379196 0.003906252 0.09379196 0.3147567 0.2317701 0.2153417 0.2317701 0.133116 0.1610746 0.1120204 0.1610746 0.004171482 0.3159174 0.133116 0.1560585 0.00390625 0.640659 0.3120326 0.2566438 0.0205279 0.3159243 0.02052961 0.6240489 0.006144882 0.2565538 0.00390625 0.2691939 0.3140744 0.2691939 0.003906252 0.2655661 0.3140744 0.2655662 0.6580473 0.3333645 0.334798 0.3333645 0.3271536 0.2991336 0.003906252 0.2991336 0.00390625 0.2784436 0.3140744 0.2784436 0.003906253 0.2731001 0.3140744 0.2731001 0.6580473 0.006182015 0.334798 0.006182015 0.3271536 0.3066676 0.003906253 0.3066676 0.003906258 0.1176348 0.1033213 0.1176348 0.00390625 0.1122914 0.1033213 0.1122915 0.3147567 0.185522 0.2153416 0.185522 0.2114354 0.2317697 0.1120204 0.2317697 0.003906252 0.158539 0.1033214 0.158539 0.00390625 0.1638824 0.1033214 0.1638824 0.1033214 0.1492893 0.003906252 0.1492893 0.00390625 0.02514011 0.1033213 0.02514011 0.1120204 0.2278634 0.2114354 0.2278634 0.1120204 0.2225199 0.2114354 0.2225199 0.2114354 0.1762727 0.1120204 0.1762727 0.3147567 0.2225199 0.2153416 0.2225199 0.2153416 0.2132702 0.3147567 0.2132702 0.2153416 0.2186137 0.3147567 0.2186137 0.2114354 0.2040206 0.1120204 0.2040206 0.1120204 0.190865 0.2114354 0.190865 0.02500184 0.9838204 0.006143461 0.2615699 0.3308898 0.6529323 0.3308919 0.9960026 0.00390625 0.2410194 0.00390625 0.2443705 0.3308897 0.6479163 0.3308897 0.6445652 0.00390625 0.6479163 0.6580745 0.6566406 0.985263 0.9838204 0.00390625 0.2952273 0.9852629 0.9707168 0.3159398 0.2616599 0.3159398 0.2563164 0.3290433 0.2616599 0.3290433 0.2563164 0.1081141 0.2165629 0.003906258 0.2165629 0.00390625 0.1806661 0.108114 0.1806661 0.1081141 0.1921064 0.00390625 0.1921065 0.003906252 0.2126567 0.1081141 0.2126566 0.02836271 0.006641567 0.04891289 0.006641567 0.04891289 0.00301379 0.0283627 0.00301379 0.00390625 0.006641567 0.02445645 0.006641448 0.02445643 0.00301373 0.00390625 0.00301379 0.1033213 0.0475449 0.003906252 0.0475449 0.00390625 0.08063608 0.1033213 0.08063608 0.1033213 0.06604338 0.003906252 0.06604338 0.00390625 0.0713864 0.1033213 0.0713864 0.00390625 0.03438938 0.1033213 0.03438932 0.00390625 0.1453831 0.1033213 0.1453831 0.1033214 0.1307904 0.003906252 0.1307904 0.00390625 0.1361334 0.1033213 0.1361334 0.1033213 0.03829563 0.003906252 0.03829563 0.2153416 0.209364 0.3147567 0.209364 0.1033213 0.05679411 0.003906252 0.05679411 0.00390625 0.06213713 0.1033213 0.06213713 0.2153417 0.2371131 0.3147567 0.2371131 0.00390625 0.09913546 0.1033213 0.09913546 0.2114354 0.1947713 0.1120204 0.1947713 0.1120204 0.2001143 0.2114354 0.2001143 0.006145857 0.6446558 0.00390625 0.2532927 0.3120336 0.2532927 0.1120204 0.1560585 0.1143899 0.153689 0.1307464 0.153689 0.334798 0.346468 0.6449679 0.346468 0.00390625 0.3027614 0.3271536 0.3027614 0.6750872 0.9707136 0.675087 0.6605469 0.6619836 0.6605469 0.6619837 0.9837931 0.0659226 0.00301379 0.05281914 0.00301379 0.05281914 0.006641567 0.0659226 0.006641567 0.334798 0.0192855 0.6449679 0.0192855 0.00390625 0.3120111 0.3271536 0.3120111 0.3479015 0.9707136 0.3479014 0.6605469 0.334798 0.6605469 0.3347981 0.9837931 0.1251238 0.1444393 0.1120204 0.1444393 0.1120204 0.1497827 0.1251238 0.1497827 0.2153416 0.190865 0.3147567 0.190865 0.1120204 0.2371131 0.2114354 0.2371131 0.00390625 0.1268841 0.1033213 0.1268841 0.1033213 0.1215411 0.003906252 0.1215411 0.1033213 0.01979709 0.003906251 0.01979709 0.00390625 0.1546327 0.1033213 0.1546327 0.00390625 0.01589084 0.1033213 0.01589084 0.1033213 0.01054782 0.003906251 0.01054782 0.1120204 0.1816158 0.2114354 0.1816158 0.2153416 0.2278634 0.3147567 0.2278634 0.2153416 0.2001143 0.3147567 0.2001143 0.3147567 0.1947713 0.2153416 0.1947713 0.2114354 0.185522 0.1120204 0.185522 0.1120204 0.209364 0.2114354 0.209364 0.2153416 0.1816158 0.3147567 0.1816158 0.3147567 0.1762727 0.2153416 0.1762727 0.003906959 0.9910777 0.003908414 0.9960938 0.3308905 0.9909865 0.003906306 0.6529324 0.3120312 0.2616599 0.00390625 0.9838202 0.00390625 0.6568387 0.02500184 0.6779347 0.003906372 0.2493865 0.3097943 0.2493674 0.3097941 0.2443513 0.3120335 0.2410907 0.3286526 0.640659 0.3286593 0.6243023 0.02052961 0.6240489 0.00390625 0.640659 0.1143899 0.1649809 0.1120204 0.1673505 0.1120204 0.1723665 0.1331161 0.1723665 0.1307465 0.1649809 0.1331161 0.1673505 0.6619837 0.9837931 0.6750872 0.9707136 0.3140806 0.2915996 0.003906252 0.2915996 0.3140806 0.2952273 0.6449679 0.346468 0.6449711 0.6566405 0.6580473 0.3333645 0.3290432 0.2457587 0.3159397 0.2457587 0.3159397 0.2493865 0.3290432 0.2493865 0.6619822 0.9960938 0.9852598 0.9960938 0.9852598 0.992466 0.6619822 0.992466 0.3308918 0.6568429 0.3308913 0.6779387 0.02500184 0.6779347 0.00390625 0.6568387 0.00390625 0.9877266 0.32865 0.9877266 0.3347982 0.9960938 0.6580759 0.9960938 0.6580759 0.9907503 0.3347982 0.9907503 0.6449679 0.0192855 0.6449711 0.3294581 0.6580745 0.3294582 0.6580473 0.006182015 0.3140805 0.2823499 0.003906253 0.2823499 0.00390625 0.2876933 0.3140805 0.2876933 0.3347981 0.9837931 0.6580774 0.9838204 0.6580772 0.9707168 0.3479015 0.9707136  
			<Normals>: 284 0.7071068 0 0.7071068 0.7071068 0 0.7071068 0.7071068 0 0.7071068 0.7071068 0 0.7071068 0.7071068 0 -0.7071068 0.7071068 0 -0.7071068 -0.7071068 0 -0.7071068 -0.7071068 0 -0.7071068 0 0 1 0 0 1 0 0 1 0 0 1 -1 0 0 -1 0 0 0 0 -1 0 0 -1 0 0 -1 0 0 -1 0 0 -1 0 0 -1 0 0 1 0 0 1 -1 0 0 -1 0 0 0 0 1 0 0 1 0 0 1 0 0 1 -1 0 0 -1 0 0 0 0 -1 0 0 -1 0 0 -1 0 0 -1 0 0 -1 0 0 -1 0 0 1 0 0 1 -1 0 0 -1 0 0 1 0 0 1 0 0 0 1 0 1 0 0 0 1 0 6.103884E-05 0.3762739 0.9265085 0 1 0 0 1 0 9.155596E-05 0.4358369 0.9000257 0 0 1 0 0 1 0 0 1 0 0 1 0 -1 0 0 -1 0 0 0 -1 0 0 -1 0 0 1 0 0 1 0 0 1 0 0 1 0 -1 0 0 -1 0 0 0 -1 0 0 -1 -1 0 0 -1 0 0 -1 0 0 -1 0 0 0 0 -1 0 0 -1 1 0 0 1 0 0 1 0 0 1 0 0 1 0 0 1 0 0 -1 0 0 -1 0 0 0 0 -1 0 0 -1 -1 0 0 -1 0 0 -1 0 0 -1 0 0 0 0 -1 0 0 -1 1 0 0 1 0 0 1 0 0 1 0 0 1 0 0 1 0 0 -1 0 0 -1 0 0 0 0 -1 0 0 -1 0 -1 0 0 0 1 -1 0 0 0 0 -1 0.7168356 0.6972423 0.0001220769 0.9265085 0.3762739 6.103884E-05 -0.9265341 0.3762109 6.103852E-05 -0.7168958 0.6971804 0.0001220768 -0.9583038 0.2857516 3.051923E-05 0 -1 0 0 1 0 1 0 0 0 1 0 0 0 1 0 0 1 0 0 1 0 0 1 0.7071068 0 -0.7071068 0.7071068 0 -0.7071068 -0.7071068 0 -0.7071068 -0.7071068 0 -0.7071068 -0.7071068 0 0.7071068 -0.7071068 0 0.7071068 -0.7071068 0 0.7071068 -0.7071068 0 0.7071068 0 1 0 0 1 0 0 1 0 0 1 0 0 -1 0 0 -1 0 0 -1 0 0 -1 0 -1 0 0 -1 0 0 0 0 -1 0 0 -1 1 0 0 1 0 0 1 0 0 1 0 0 -1 0 0 -1 0 0 0 0 1 0 0 1 1 0 0 1 0 0 1 0 0 1 0 0 -1 0 0 -1 0 0 0 0 -1 0 0 -1 1 0 0 1 0 0 1 0 0 1 0 0 -1 0 0 -1 0 0 0 0 1 0 0 1 1 0 0 1 0 0 1 0 0 1 0 0 -0.7168958 0.6971804 0.0001220768 0.0001220769 0.6972423 0.7168356 0.0001220769 0.6972423 0.7168356 1 0 0 1 0 0 1 0 0 0 -1 0 0 -1 0 0 0 -1 0 0 -1 0 1 0 0 1 0 0 1 0 0 1 0 1 0 0 1 0 0 1 0 0 1 0 0 0 -1 0 0 -1 0 0 0 -1 0 0 -1 0 1 0 0 1 0 0 1 0 0 1 0 1 0 0 1 0 0 1 0 0 1 0 0 0 0 -1 0 0 -1 1 0 0 1 0 0 0 0 1 0 0 1 0 0 1 0 0 1 0 0 -1 0 0 -1 -1 0 0 -1 0 0 0 0 1 0 0 1 0 0 1 0 0 1 0 0 -1 0 0 -1 1 0 0 1 0 0 0 0 1 0 0 1 0 0 1 0 0 1 0 0 -1 0 0 -1 -1 0 0 -1 0 0 0 0 1 0 0 1 0 0 1 0 0 1 6.103852E-05 0.3762109 -0.9265341 0 0 -1 3.051923E-05 0.2857516 -0.9583038 -1 0 0 0 0 1 0 -1 0 0 -1 0 0 -1 0 1 0 0 1 0 0 0.9000257 0.4358369 9.155596E-05 0.7168356 0.6972423 0.0001220769 0 1 0 0 1 0 0 1 0 0 1 0 0 0 1 0 0 1 0 0 1 0 0 1 0 0 1 0 0 1 0 1 0 0 1 0 1 0 0 1 0 0 1 0 0 0 -1 0 0 -1 0 0 -1 0 0 0 1 0 0 1 0 0 1 0 0 1 -1 0 -9.155553E-05 -1 0 -9.155553E-05 -1 0 -9.155553E-05 -1 0 -9.155553E-05 0 -1 0 0 -1 0 0 -1 0 0 -1 0 0.0001220768 0.6971804 -0.7168958 0.0001220768 0.6971804 -0.7168958 -1 0 -9.155553E-05 -1 0 -9.155553E-05 -1 0 -9.155553E-05 -1 0 -9.155553E-05 0 -1 0 0 -1 0 0 -1 0 0 -1 0 1 0 0 1 0 0 1 0 0 1 0 0 0 1 0 0 1 0 0 1 0 0 1 0  
			<Tangents>: 284 1.857676E-07 1 -1.857676E-07 2.300138E-07 1 -2.300138E-07 1.847652E-07 1 -1.847652E-07 2.290114E-07 1 -2.290114E-07 -1.461547E-08 1 -1.461549E-08 -1.131214E-08 1 -1.131216E-08 2.264218E-07 1 -2.264218E-07 6.787292E-08 1 -6.787292E-08 -1 0 0 -1 0 0 -1 0 0 -1 0 0 0 0 -1 0 0 -1 1 0 0 1 0 0 1 0 0 1 0 0 1 0 0 1 0 0 -1 0 0 -1 0 0 0 0 -1 0 0 -1 -1 0 0 -1 0 0 -1 0 0 -1 0 0 0 0 -1 0 0 -1 1 0 0 1 0 0 1 0 0 1 0 0 1 0 0 1 0 0 -1 0 0 -1 0 0 0 0 -1 0 0 -1 0 5.96047E-07 1 0 8.858073E-08 1 -0.9999999 0 -0.0004005951 0 4.279589E-07 1 -0.9999999 0 0.0003664605 -1 -4.003251E-05 8.21385E-05 -0.9999999 0 -0.0003750979 -0.9999999 0 0.0004217085 -1 4.001537E-05 8.234853E-05 -1 2.026969E-08 0 -1 2.026969E-08 0 -1 2.026969E-08 0 -1 2.026969E-08 0 -1 0 -8.090286E-08 -1 0 -7.779813E-08 -1 1.944953E-08 0 -1 1.944953E-08 0 -1 2.049198E-08 0 -1 4.053938E-08 0 -1 2.026969E-08 0 -1 4.03171E-08 0 -1 0 -8.09032E-08 -1 0 -7.779813E-08 -1 3.86944E-08 0 -1 1.944953E-08 0 0 -2.272732E-06 -1 0 0 -1 0 -2.353174E-06 -1 0 -8.04423E-08 -1 1 0 0 1 0 0 0 2.272731E-06 1 0 0 1 0 0 1 0 0 1 0 0 1 0 0 1 0 0 -1 0 0 -1 1 0 0 1 0 0 0 0 -1 0 0 -1 0 0 -1 0 0 -1 1 0 0 1 0 0 0 0 1 0 0 1 0 0 1 0 0 1 0 0 1 0 0 1 0 0 -1 0 0 -1 1 0 0 1 0 0 0 0 1 -1 -4.110665E-08 0 0 3.883013E-08 1 -0.9999953 0.003068071 0 -8.893637E-05 -8.364978E-05 1 -5.657479E-05 -2.291367E-05 1 -0.0003059042 -0.000915628 0.9999995 -0.001156605 -0.001364413 0.9999984 2.926367E-05 -8.663974E-06 1 2.320007E-05 0 -1 9.489751E-05 0 -1 0 -4.038765E-08 -1 9.307494E-05 0 -1 -1 0 0 -1 0 0 -1 0 0 -1 0 0 -1.177954E-08 1 -1.177955E-08 -1.508286E-08 1 -1.508288E-08 7.14649E-08 1 -7.14649E-08 2.300138E-07 1 -2.300138E-07 5.244895E-08 1 5.244894E-08 -5.656076E-08 1 -5.656077E-08 -4.113677E-08 1 -4.113678E-08 6.787292E-08 1 6.787292E-08 0.7071068 0 0.7071067 0.7071068 0 0.7071067 0.7071068 0 0.7071067 0.7071068 0 0.7071067 0.7071068 0 0.7071068 0.7071062 0 0.7071073 0.7071063 0 0.7071072 0.7071068 0 0.7071067 0 0 -1 0 0 -1 1 0 0 1 0 0 0 0 1 0 0 1 0 0 1 0 0 1 0 0 -1 0 0 -1 -1 0 0 -1 0 0 0 0 1 0 0 1 0 0 1 0 0 1 0 0 -1 0 0 -1 1 0 0 1 0 0 0 0 1 0 0 1 0 0 1 0 0 1 0 0 -1 0 0 -1 -1 0 0 -1 0 0 0 0 1 0 0 1 0 0 1 0 0 1 8.021853E-05 -9.261368E-05 1 -1 8.284354E-05 8.972057E-05 -0.9999999 -0.0001256562 0.0002925213 0 0 1 0 0 1 0 0 1 -1 0 -7.787935E-08 -1 0 -8.107876E-08 -1 1.944953E-08 0 -1 1.944953E-08 0 -1 0 -7.785456E-08 -1 0 -8.107876E-08 -1 0 -8.098691E-08 -1 0 -7.779813E-08 0 0 1 0 0 1 0 0 1 0 0 1 -1 0 -7.787951E-08 -1 0 -8.107876E-08 -1 1.965419E-08 0 -1 3.889906E-08 0 -1 0 -7.785467E-08 -1 0 -8.107876E-08 -1 0 -8.098709E-08 -1 0 -7.779813E-08 0 0 1 0 0 1 0 0 1 0 0 1 1 0 0 1 0 0 0 8.044229E-08 1 0 2.353174E-06 1 -1 0 0 -1 0 0 -1 0 0 -1 0 0 1 0 0 1 0 0 0 0 -1 0 0 -1 -1 0 0 -1 0 0 -1 0 0 -1 0 0 1 0 0 1 0 0 0 0 1 0 0 1 -1 0 0 -1 0 0 -1 0 0 -1 0 0 1 0 0 1 0 0 0 0 -1 0 0 -1 -1 0 0 -1 0 0 -1 0 0 -1 0 0 -0.9999956 0.002762361 0.001055754 -0.9999953 0.003068071 0 -0.9999981 0.001876366 0.0005276568 0 7.690922E-08 1 -1 -4.29096E-10 0 0 0 1 0 0 1 0 0 1 0 8.22133E-08 1 0 4.153576E-08 1 -0.0001288674 5.604857E-05 1 -0.0002926397 0.0001257779 0.9999999 -0.0005430159 0 0.9999999 -0.0004219126 0 0.9999999 -0.003487432 0 0.9999939 -0.003549643 0 0.9999937 -0.9999999 -0.0005088318 0 -0.9997359 -0.02298229 0 -0.9999999 -0.0004741998 0 -0.9999999 0.0004853409 0 -0.9999999 0.000540895 0 -0.9997359 0.02298229 0 2.510153E-05 0 -1 2.113833E-05 0 -1 0 -2.04202E-08 -1 0 -4.053857E-08 -1 0 -2.026928E-08 -1 9.362977E-05 0 -1 2.113833E-05 0 -1 9.489751E-05 0 -1 -1 0 0 -1 0 0 -1 0 0 -1 0 0 9.155553E-05 -3.875648E-08 -1 9.155553E-05 -1.944771E-08 -1 9.155553E-05 -1.958663E-08 -1 9.155553E-05 -3.889541E-08 -1 -1 0 -0.0001892999 -1 0 -4.110665E-07 -0.9999914 0 -0.004158624 -0.9999908 0 -0.004282995 -0.9999943 0.002511593 0.002272238 -0.9999999 -0.0001151102 -0.0002822297 -9.155553E-05 1.924308E-08 1 -9.155553E-05 0 1 -9.155553E-05 2.046232E-10 1 -9.155553E-05 1.944771E-08 1 -9.363449E-05 0 1 -2.114213E-05 0 1 -2.319993E-05 0 1 -9.49048E-05 0 1 0 2.222757E-10 1 0 2.026928E-08 1 0 2.004701E-08 1 0 0 1 -2.50991E-05 0 1 -9.490359E-05 0 1 -9.30774E-05 0 1 -2.11434E-05 0 1  
			<BiTangents>: 284 0.7071068 -2.62715E-07 -0.7071068 0.7071068 -3.252886E-07 -0.7071068 0.7071068 -2.612974E-07 -0.7071068 0.7071068 -3.23871E-07 -0.7071068 0.7071068 2.066941E-08 0.7071068 0.7071068 1.59978E-08 0.7071068 -0.7071068 3.202087E-07 0.7071068 -0.7071068 9.59868E-08 0.7071068 0 1 0 0 1 0 0 1 0 0 1 0 0 1 0 0 1 0 0 1 0 0 1 0 0 1 0 0 1 0 0 1 0 0 1 0 0 1 0 0 1 0 0 1 0 0 1 0 0 1 0 0 1 0 0 1 0 0 1 0 0 1 0 0 1 0 0 1 0 0 1 0 0 1 0 0 1 0 0 1 0 0 1 0 0 1 0 0 1 0 0 1 0 0 1 0 0 1 -5.96047E-07 0 1 -8.858073E-08 0.0004005951 0 -0.9999999 0 1 -4.279589E-07 -0.0003664605 0 -0.9999999 -6.799703E-05 0.9265085 -0.3762739 0.0003750979 0 -0.9999999 -0.0004217085 0 -0.9999999 1.243332E-07 0.9000257 -0.4358369 2.026969E-08 1 0 2.026969E-08 1 0 2.026969E-08 1 0 2.026969E-08 1 0 -8.090286E-08 0 1 -7.779813E-08 0 1 -1.944953E-08 -1 0 -1.944953E-08 -1 0 2.049198E-08 1 0 4.053938E-08 1 0 2.026969E-08 1 0 4.03171E-08 1 0 -8.09032E-08 0 1 -7.779813E-08 0 1 -3.86944E-08 -1 0 -1.944953E-08 -1 0 0 1 -2.272732E-06 0 1 0 0 1 -2.353174E-06 0 1 -8.04423E-08 0 1 0 0 1 0 0 1 -2.272731E-06 0 1 0 0 1 0 0 1 0 0 1 0 0 1 0 0 1 0 0 1 0 0 1 0 0 1 0 0 1 0 0 1 0 0 1 0 0 1 0 0 1 0 0 1 0 0 1 0 0 1 0 0 1 0 0 1 0 0 1 0 0 1 0 0 1 0 0 1 0 0 1 0 0 1 0 1 0 0 -4.110665E-08 1 0 0 -1 3.883013E-08 -0.003068071 -0.9999953 0 -0.6972423 0.7168356 -2.047062E-06 -0.3762739 0.9265085 -5.79062E-08 -0.3762108 -0.9265336 -0.0009634451 -0.6971794 -0.7168944 -0.001784504 -0.2857515 -0.9583037 5.942113E-08 -1 0 -2.320007E-05 1 0 9.489751E-05 0 -1 4.038765E-08 1 0 9.307494E-05 0 1 0 0 1 0 0 1 0 0 1 0 0.7071068 1.665879E-08 0.7071068 0.7071068 2.13304E-08 0.7071068 -0.7071068 1.010666E-07 0.7071068 -0.7071068 3.252886E-07 0.7071068 0.7071068 -7.4174E-08 0.7071068 0.7071068 7.9989E-08 0.7071068 0.7071068 5.817619E-08 0.7071068 0.7071068 -9.59868E-08 0.7071068 -0.7071067 0 0.7071068 -0.7071067 0 0.7071068 -0.7071067 0 0.7071068 -0.7071067 0 0.7071068 -0.7071068 0 0.7071068 -0.7071073 0 0.7071062 -0.7071072 0 0.7071063 -0.7071067 0 0.7071068 0 1 0 0 1 0 0 1 0 0 1 0 0 1 0 0 1 0 0 1 0 0 1 0 0 1 0 0 1 0 0 1 0 0 1 0 0 1 0 0 1 0 0 1 0 0 1 0 0 1 0 0 1 0 0 1 0 0 1 0 0 1 0 0 1 0 0 1 0 0 1 0 0 1 0 0 1 0 0 1 0 0 1 0 0 1 0 0 1 0 0 1 0 0 1 0 -0.6971804 -0.7168958 -1.046757E-05 -3.171773E-06 0.7168356 -0.6972423 -0.000294033 0.7168356 -0.6972422 0 1 0 0 1 0 0 1 0 -7.787935E-08 0 1 -8.107876E-08 0 1 -1.944953E-08 -1 0 -1.944953E-08 -1 0 7.785456E-08 0 -1 8.107876E-08 0 -1 8.098691E-08 0 -1 7.779813E-08 0 -1 0 1 0 0 1 0 0 1 0 0 1 0 -7.787951E-08 0 1 -8.107876E-08 0 1 -1.965419E-08 -1 0 -3.889906E-08 -1 0 7.785467E-08 0 -1 8.107876E-08 0 -1 8.098709E-08 0 -1 7.779813E-08 0 -1 0 1 0 0 1 0 0 1 0 0 1 0 0 1 0 0 1 0 0 1 -8.044229E-08 0 1 -2.353174E-06 0 1 0 0 1 0 0 1 0 0 1 0 0 1 0 0 1 0 0 1 0 0 1 0 0 1 0 0 1 0 0 1 0 0 1 0 0 1 0 0 1 0 0 1 0 0 1 0 0 1 0 0 1 0 0 1 0 0 1 0 0 1 0 0 1 0 0 1 0 0 1 0 0 1 0 0 1 0 0 1 0 0 1 0 -0.002956608 -0.9265299 -0.3762094 -0.003068071 -0.9999953 0 -0.001948908 -0.9583018 -0.285751 0 -1 7.690922E-08 -4.29096E-10 1 0 1 0 0 1 0 0 1 0 0 0 1 -8.22133E-08 0 1 -4.153576E-08 -0.4358369 0.9000257 -0.0001066103 -0.6972422 0.7168356 -0.0002942028 -0.9999999 0 -0.0005430159 -0.9999999 0 -0.0004219126 -0.9999939 0 -0.003487432 -0.9999937 0 -0.003549643 -0.0005088318 0.9999999 0 -0.02298229 0.9997359 0 -0.0004741998 0.9999999 0 0.0004853409 0.9999999 0 0.000540895 0.9999999 0 0.02298229 0.9997359 0 1 0 2.510153E-05 1 0 2.113833E-05 0 -1 2.04202E-08 0 -1 4.053857E-08 0 -1 2.026928E-08 -1 0 -9.362977E-05 -1 0 -2.113833E-05 -1 0 -9.489751E-05 0 1 0 0 1 0 0 1 0 0 1 0 3.54837E-12 1 -3.875648E-08 1.780545E-12 1 -1.944771E-08 1.793265E-12 1 -1.958663E-08 3.56109E-12 1 -3.889541E-08 -0.0001892999 0 1 -4.110665E-07 0 1 -0.004158624 0 0.9999914 -0.004282995 0 0.9999908 -0.00338471 -0.7168914 -0.6971767 0.0002792871 -0.7168958 -0.6971803 -1.761811E-12 -1 1.924308E-08 0 -1 0 -1.873439E-14 -1 2.046232E-10 -1.780545E-12 -1 1.944771E-08 1 0 9.363449E-05 1 0 2.114213E-05 1 0 2.319993E-05 1 0 9.49048E-05 0 1 -2.222757E-10 0 1 -2.026928E-08 0 1 -2.004701E-08 0 1 0 -1 0 -2.50991E-05 -1 0 -9.490359E-05 -1 0 -9.30774E-05 -1 0 -2.11434E-05  
			<SubMeshes>: 1
				<SubMesh>: 0 444 0 1 3 0 3 2 4 5 114 4 114 115 6 7 116 6 116 117 118 119 120 118 120 121 122 123 124 122 124 125 126 127 128 126 128 129 8 9 11 8 11 10 12 13 130 12 130 131 14 15 132 14 132 133 134 135 136 134 136 137 17 16 18 17 18 19 138 139 22 138 22 23 140 141 20 140 20 21 142 143 144 142 144 145 24 25 27 24 27 26 28 29 146 28 146 147 30 31 148 30 148 149 150 151 152 150 152 153 33 32 34 33 34 35 154 155 38 154 38 39 156 157 36 156 36 37 158 159 160 158 160 161 46 42 44 46 44 47 162 105 103 162 103 104 163 48 45 163 45 164 41 40 43 43 165 41 43 166 165 43 167 166 49 50 52 49 52 51 53 54 168 53 168 169 55 56 170 55 170 171 172 173 174 172 174 175 176 177 178 176 178 179 57 58 60 57 60 59 61 62 180 61 180 181 63 64 182 63 182 183 184 185 186 184 186 187 188 189 190 188 190 191 65 66 68 65 68 67 69 70 192 69 192 193 71 72 194 71 194 195 196 197 198 196 198 199 74 73 75 74 75 76 200 201 79 200 79 80 202 203 77 202 77 78 204 205 206 204 206 207 81 82 84 81 84 83 85 86 208 85 208 209 87 88 210 87 210 211 212 213 214 212 214 215 90 89 91 90 91 92 216 217 95 216 95 96 218 219 93 218 93 94 220 221 222 220 222 223 224 225 100 224 100 226 105 227 99 105 99 103 48 98 228 48 228 45 97 229 230 97 230 231 102 232 233 102 233 234 101 102 234 101 234 235 236 237 238 236 238 239 240 241 242 242 243 240 243 244 240 243 245 244 246 107 109 246 109 247 248 249 108 248 108 250 251 252 106 251 106 253 254 255 256 254 256 257 258 259 260 258 260 261 113 111 110 113 110 112 262 263 264 262 264 265 266 224 226 266 226 267 268 269 270 268 270 271 272 273 274 272 274 275 276 277 278 276 278 279 280 281 282 280 282 283  
		</Mesh>
		<Materials>: 1
			<Material>: 0
				<AlbedoColor>: 1 1 1 1
				<EmissiveColor>: 0 0 0 0
				<Glossiness>: 0.04
				<Metallic>: 0
				<SpecularHighlight>: 1
				<GlossyReflection>: 1
				<AlbedoMap>: BLD_IndBuilding1_A
				<MetallicMap>: BLD_IndBuilding1_MS
				<NormalMap>: BLD_IndBuilding1_N
				<EmissionMap>: null
				<DetailAlbedoMap>: DET_Concrete1_A
				<DetailNormalMap>: DET_Concrete1_N
		</Materials>
		<Children>: 2
			<Frame>: 1 0 IndBuilding1_Deco_Handrail_Cor_A_bb
				<Transform>: 0.406 -0.5149994 -1.548623 -2.504478E-06 0 0 1 1 1 -2.185569E-08 0 0 1  
				<TransformMatrix>: 1 0 0 0 0 1 -4.371139E-08 0 0 4.371139E-08 1 0 0.406 -0.5149994 -1.548623 1  
				<BoxCollider>: 1 -0.4046383 0 0.008430004 0.1907234 1 3.096252  
				<Children>: 0
			</Frame>
			<Frame>: 2 0 IndBuilding1_Deco_Handrail_Cor_A_bb1
				<Transform>: 1.437 -0.515 -3.411 0 90 0 1 1 1 0 0.7071068 0 0.7071068  
				<TransformMatrix>: -1.192093E-07 0 -1 0 0 1 0 0 1 0 -1.192093E-07 0 1.437 -0.515 -3.411 1  
				<BoxCollider>: 1 -0.4046383 0 0.008430004 0.1907234 1 3.096252  
				<Children>: 0
			</Frame>
	</Frame>
</Hierarchy>
