<Hierarchy>:
	<Frame>: 0 5 IndBuilding1_Wall_Int_A
		<Transform>: 0 0 0 0 0 0 1 1 1 0 0 0 1  
		<TransformMatrix>: 1 0 0 0 0 1 0 0 0 0 1 0 0 0 0 1  
		<BoxCollider>: 1 1.5 2.5 0 3 5.000001 0.3000869  
		<Mesh>: 24 IndBuilding1_Wall_Int_A
			<Bounds>: 1.5 2.5 0 1.5 2.5 0.1500434
			<Positions>: 24 3 -2.449753E-07 0.1500434 2.999998 5 0.1500348 -2.384186E-07 1.126526E-07 0.1500343 2.622604E-06 5 0.1500434 3 -2.449753E-07 -0.1500434 2.999998 5 -0.1500348 -2.384186E-07 1.126526E-07 -0.1500343 2.622604E-06 5 -0.1500434 2.999998 5 0.1500348 3 -2.449753E-07 0.1500434 3 -2.449753E-07 -0.1500434 3 -2.449753E-07 0.1500434 -2.384186E-07 1.126526E-07 0.1500343 2.999998 5 -0.1500348 2.622604E-06 5 0.1500434 2.999998 5 0.1500348 2.999998 5 -0.1500348 3 -2.449753E-07 -0.1500434 -2.384186E-07 1.126526E-07 -0.1500343 2.622604E-06 5 -0.1500434 2.622604E-06 5 -0.1500434 -2.384186E-07 1.126526E-07 -0.1500343 -2.384186E-07 1.126526E-07 0.1500343 2.622604E-06 5 0.1500434  
			<Colors>: 0  
			<TextureCoords0>: 24 0.7998047 0.6533203 0.7998047 0.3203125 0.9995117 0.6533203 0.9995117 0.3203125 0.6206055 0.652832 0.6206055 0.3198242 0.800293 0.3212891 0.800293 0.3212891 0.6005859 0.3198242 0.6005859 0.652832 0.6005859 0.3212891 0.6005859 0.340332 0.800293 0.340332 0.6005859 0.3212891 0.800293 0.340332 0.6005859 0.340332 0.7998047 0.3203125 0.7998047 0.6533203 0.9995117 0.6533203 0.9995117 0.3203125 0.6206055 0.3198242 0.6206055 0.652832 0.6005859 0.652832 0.6005859 0.3198242  
			<TextureCoords1>: 24 0.6695802 0.5089726 0.003906251 0.5089727 0.6695803 0.9083773 0.00390625 0.9083766 0.00390625 0.9522355 0.6695804 0.9522344 0.00390625 0.1017544 0.4033101 0.05789733 0.6695804 0.9122847 0.003906263 0.9122835 0.4033108 0.1017556 0.4033108 0.06180358 0.003906257 0.06180477 0.00390625 0.0578962 0.4033101 0.01794535 0.003906257 0.01794648 0.6695802 0.1056618 0.003906288 0.1056618 0.00390625 0.5050664 0.6695802 0.5050658 0.00390625 0.9960938 0.6695805 0.9960926 0.6695805 0.956143 0.003906263 0.9561418  
			<Normals>: 24 0 0 1 0 0 1 0 0 1 0 0 1 1 0 0 1 0 0 0 -1 0 0 1 0 1 0 0 1 0 0 0 -1 0 0 -1 0 0 -1 0 0 1 0 0 1 0 0 1 0 0 0 -1 0 0 -1 0 0 -1 0 0 -1 -1 0 0 -1 0 0 -1 0 0 -1 0 0  
			<Tangents>: 24 -1 1.589457E-07 0 -1 1.589459E-07 0 -1 1.589458E-07 0 -1 1.58946E-07 0 0 0 -1 0 0 -1 -1 0 -2.662638E-06 -1 0 -2.89083E-06 0 0 -1 0 0 -1 -1 0 3.049771E-06 -1 0 2.66266E-06 -1 0 -3.049771E-06 -1 0 2.523872E-06 -1 0 -2.523892E-06 -1 0 2.89083E-06 -1 1.589459E-07 0 -1 1.589457E-07 0 -1 1.589458E-07 0 -1 1.58946E-07 0 0 0 -1 0 0 -1 0 0 -1 0 0 -1  
			<BiTangents>: 24 1.589457E-07 1 0 1.589459E-07 1 0 1.589458E-07 1 0 1.58946E-07 1 0 0 1 0 0 1 0 2.662638E-06 0 -1 2.89083E-06 0 -1 0 1 0 0 1 0 -3.049771E-06 0 -1 -2.66266E-06 0 -1 3.049771E-06 0 -1 -2.523872E-06 0 -1 2.523892E-06 0 -1 -2.89083E-06 0 -1 1.589459E-07 1 0 1.589457E-07 1 0 1.589458E-07 1 0 1.58946E-07 1 0 0 1 0 0 1 0 0 1 0 0 1 0  
			<SubMeshes>: 1
				<SubMesh>: 0 36 1 3 2 1 2 0 4 5 8 4 8 9 6 10 11 6 11 12 13 7 14 13 14 15 16 17 18 16 18 19 20 21 22 20 22 23  
		</Mesh>
		<Materials>: 1
			<Material>: 0
				<AlbedoColor>: 1 1 1 1
				<EmissiveColor>: 0 0 0 0
				<Glossiness>: 0.04
				<Metallic>: 0
				<SpecularHighlight>: 1
				<GlossyReflection>: 1
				<AlbedoMap>: BLD_IndBuilding1_A
				<MetallicMap>: BLD_IndBuilding1_MS
				<NormalMap>: BLD_IndBuilding1_N
				<EmissionMap>: null
				<DetailAlbedoMap>: DET_Concrete1_A
				<DetailNormalMap>: DET_Concrete1_N
		</Materials>
		<Children>: 0
	</Frame>
</Hierarchy>
