<Hierarchy>:
	<Frame>: 0 4 Indbuilding2_Door_A
		<Transform>: 0 0 0 0 0 0 1 1 1 0 0 0 1  
		<TransformMatrix>: 1 0 0 0 0 1 0 0 0 0 1 0 0 0 0 1  
		<BoxCollider>: 1 -0.8800514 1.519477 -0.001445813 1.80651 3.038955 0.09361453  
		<Mesh>: 88 Indbuilding2_Door_A
			<Bounds>: -0.8800514 1.519477 -0.001445813 0.9032552 1.519477 0.04680727
			<Positions>: 88 0.0003034203 0.1767598 -0.02687054 0.0003034203 0.6256444 -0.02687056 -0.02259706 0.1767598 -0.01364894 -0.02259706 0.6256444 -0.01364896 -0.02259706 0.1767598 0.01279426 -0.02259706 0.6256444 0.01279424 0.000303422 0.1767598 0.02601586 0.000303422 0.6256444 0.02601583 0.0232039 0.1767598 0.01279426 0.0232039 0.6256444 0.01279424 0.0232039 0.1767598 -0.01364894 0.0232039 0.6256444 -0.01364896 0.0003034203 2.103913 -0.02687064 0.0003034203 2.552797 -0.02687066 -0.02259706 2.103913 -0.01364904 -0.02259706 2.552797 -0.01364905 -0.02259706 2.103913 0.01279416 -0.02259706 2.552797 0.01279414 0.000303422 2.103913 0.02601576 0.000303422 2.552797 0.02601574 0.0232039 2.103913 0.01279416 0.0232039 2.552797 0.01279414 0.0232039 2.103913 -0.01364904 0.0232039 2.552797 -0.01364905 -0.02233472 1.104016E-07 0.04536146 -0.02233472 3.038955 0.04536131 -0.02233472 1.062044E-07 -0.04825294 -0.02233472 3.038955 -0.04825308 -1.783307 1.104016E-07 0.04536146 -1.783307 3.038955 0.04536131 -1.783307 1.062044E-07 -0.04825294 -1.783307 3.038955 -0.04825308 0.000303422 0.1767598 0.02601586 0.000303422 0.6256444 0.02601583 0.0003034203 0.6256444 -0.02687056 -0.02259706 0.6256444 -0.01364896 0.0232039 0.6256444 0.01279424 -0.02259706 0.6256444 0.01279424 0.000303422 0.6256444 0.02601583 0.0003034203 0.1767598 -0.02687054 0.0003034203 0.6256444 -0.02687056 0.0232039 0.6256444 -0.01364896 0.0232039 0.1767598 0.01279426 0.0232039 0.1767598 -0.01364894 0.0232039 0.6256444 -0.01364896 0.0232039 0.6256444 0.01279424 -0.02259706 0.1767598 -0.01364894 0.0003034203 0.1767598 -0.02687054 0.0232039 0.1767598 -0.01364894 -0.02259706 0.1767598 0.01279426 0.0232039 0.1767598 0.01279426 0.000303422 0.1767598 0.02601586 0.000303422 2.103913 0.02601576 0.000303422 2.552797 0.02601574 0.0003034203 2.552797 -0.02687066 -0.02259706 2.552797 -0.01364905 0.0232039 2.552797 0.01279414 -0.02259706 2.552797 0.01279414 0.000303422 2.552797 0.02601574 0.0003034203 2.103913 -0.02687064 0.0003034203 2.552797 -0.02687066 0.0232039 2.552797 -0.01364905 0.0232039 2.103913 0.01279416 0.0232039 2.103913 -0.01364904 0.0232039 2.552797 -0.01364905 0.0232039 2.552797 0.01279414 -0.02259706 2.103913 -0.01364904 0.0003034203 2.103913 -0.02687064 0.0232039 2.103913 -0.01364904 -0.02259706 2.103913 0.01279416 0.0232039 2.103913 0.01279416 0.000303422 2.103913 0.02601576 -0.02233472 3.038955 -0.04825308 -0.02233472 1.062044E-07 -0.04825294 -1.783307 3.038955 -0.04825308 -1.783307 1.062044E-07 -0.04825294 -1.783307 3.038955 0.04536131 -1.783307 1.104016E-07 0.04536146 -0.02233472 1.104016E-07 0.04536146 -0.02233472 3.038955 0.04536131 -0.02233472 1.104016E-07 0.04536146 -1.783307 1.104016E-07 0.04536146 -1.783307 1.062044E-07 -0.04825294 -0.02233472 1.062044E-07 -0.04825294 -1.783307 3.038955 0.04536131 -0.02233472 3.038955 0.04536131 -0.02233472 3.038955 -0.04825308 -1.783307 3.038955 -0.04825308  
			<Colors>: 0  
			<TextureCoords0>: 88 0.2135454 0.07379717 0.2135454 0.03713471 0.2113302 0.07379717 0.2113302 0.03713471 0.2224063 0.07379717 0.2224063 0.03713471 0.2201911 0.07379717 0.2201911 0.03713471 0.2179759 0.07379717 0.2179759 0.03713471 0.2157606 0.07379717 0.2262489 0.07047433 0.2135454 0.07379717 0.2135454 0.03713471 0.2113302 0.07379717 0.2113302 0.03713471 0.2224063 0.07379717 0.2224063 0.03713471 0.2201911 0.07379717 0.2201911 0.03713471 0.2179759 0.07379717 0.2179759 0.03713471 0.2157606 0.07379717 0.2262489 0.07047433 0.7749023 0.987793 0.7749023 0.6357422 0.7866211 0.9880371 0.7866211 0.6357422 0.7749023 0.987793 0.7749023 0.6357422 0.7749023 0.987793 0.7749023 0.6352539 0.2201911 0.07379717 0.2201911 0.03713471 0.2262489 0.07268953 0.2243305 0.07379717 0.2243305 0.06936675 0.222412 0.07268953 0.222412 0.07047433 0.2135454 0.07379717 0.2135454 0.03713471 0.2157607 0.03713471 0.2179759 0.07379717 0.2157606 0.07379717 0.2157607 0.03713471 0.2179759 0.03713471 0.2262489 0.06603819 0.2262489 0.0682534 0.2243305 0.06936103 0.2243305 0.06493056 0.222412 0.0682534 0.222412 0.06603819 0.2201911 0.07379717 0.2201911 0.03713471 0.2262489 0.07268953 0.2243305 0.07379717 0.2243305 0.06936675 0.222412 0.07268953 0.222412 0.07047433 0.2135454 0.07379717 0.2135454 0.03713471 0.2157607 0.03713471 0.2179759 0.07379717 0.2157606 0.07379717 0.2157607 0.03713471 0.2179759 0.03713471 0.2262489 0.06603819 0.2262489 0.0682534 0.2243305 0.06936103 0.2243305 0.06493056 0.222412 0.0682534 0.222412 0.06603819 0.5668945 0.6352539 0.5668945 0.9880371 0.7866211 0.6357422 0.7866211 0.9880371 0.7749023 0.6352539 0.7749023 0.987793 0.5668945 0.9880371 0.5668945 0.6352539 0.5673828 0.6352539 0.7856445 0.6352539 0.7856445 0.6245117 0.5673828 0.6245117 0.7856445 0.6352539 0.5673828 0.6352539 0.5673828 0.6245117 0.7856445 0.6245117  
			<TextureCoords1>: 88 0.7521512 0.9212493 0.8620976 0.9212493 0.7521513 0.9277261 0.8620977 0.9277261 0.8620977 0.9381091 0.7521513 0.9381091 0.8620976 0.9316323 0.7521512 0.9316323 0.8620977 0.9627815 0.7521513 0.9627815 0.7521513 0.9523984 0.7553896 0.8758761 0.7521512 0.9420153 0.8620976 0.9420153 0.7521513 0.9484922 0.8620977 0.9484922 0.9759504 0.9484922 0.8660039 0.9484922 0.9759503 0.9420153 0.8660039 0.9420153 0.9759505 0.9792339 0.866004 0.9792339 0.866004 0.9896169 0.7553896 0.9061249 0.003906262 0.9731645 0.748245 0.9731646 0.00390625 0.9960937 0.7482449 0.9960938 0.7482447 0.0758779 0.003906261 0.07587796 0.00390625 0.9692582 0.7482446 0.9692582 0.8620976 0.9692582 0.7521512 0.9692582 0.7521512 0.8814852 0.7553896 0.8870943 0.7618664 0.8758761 0.7618664 0.8870943 0.7651048 0.8814852 0.7521512 0.9588752 0.8620976 0.9588752 0.8620977 0.9523984 0.7521513 0.9896169 0.7521513 0.9960938 0.8620977 0.9960938 0.8620977 0.9896169 0.7618664 0.9022186 0.7651048 0.8966095 0.7618664 0.8910005 0.7553896 0.9022186 0.7553896 0.8910005 0.7521512 0.8966095 0.9759504 0.9857107 0.866004 0.9857107 0.7521512 0.911734 0.7553896 0.917343 0.7618664 0.9061249 0.7618664 0.917343 0.7651048 0.911734 0.866004 0.9960938 0.9759504 0.9960938 0.9759505 0.9896169 0.7521513 0.9792339 0.7521513 0.9857107 0.8620977 0.9857107 0.8620977 0.9792339 0.9895719 0.9960938 0.9928103 0.9904847 0.9895719 0.9848756 0.9830951 0.9960938 0.9830951 0.9848756 0.9798567 0.9904847 0.7482449 0.537939 0.003906542 0.537939 0.00390625 0.09880716 0.7482446 0.09880716 0.00390625 0.5340327 0.7482446 0.5340327 0.7482449 0.1027134 0.003906542 0.1027134 0.4352255 0.02220702 0.003906257 0.02220702 0.00390625 0.04513621 0.4352255 0.04513621 0.4352255 0.04904246 0.003906259 0.04904246 0.00390625 0.07197165 0.4352255 0.07197165  
			<Normals>: 88 0 0 -1 0 0 -1 -0.4999893 0 -0.8660316 -0.4999893 0 -0.8660316 -0.4999893 0 0.8660316 -0.4999893 0 0.8660316 0 0 1 0 0 1 0.8660316 0 0.4999893 0.8660316 0 0.4999893 0.8660316 0 -0.4999893 0 1 0 0 0 -1 0 0 -1 -0.4999893 0 -0.8660316 -0.4999893 0 -0.8660316 -0.4999893 0 0.8660316 -0.4999893 0 0.8660316 0 0 1 0 0 1 0.8660316 0 0.4999893 0.8660316 0 0.4999893 0.8660316 0 -0.4999893 0 1 0 1 0 0 1 0 0 1 0 0 1 0 0 -1 0 0 -1 0 0 0 0 -1 0 0 -1 0 0 1 0 0 1 0 1 0 0 1 0 0 1 0 0 1 0 0 1 0 0 0 -1 0 0 -1 0.8660316 0 -0.4999893 0.8660316 0 0.4999893 0.8660316 0 -0.4999893 0.8660316 0 -0.4999893 0.8660316 0 0.4999893 0 -1 0 0 -1 0 0 -1 0 0 -1 0 0 -1 0 0 -1 0 0 0 1 0 0 1 0 1 0 0 1 0 0 1 0 0 1 0 0 1 0 0 0 -1 0 0 -1 0.8660316 0 -0.4999893 0.8660316 0 0.4999893 0.8660316 0 -0.4999893 0.8660316 0 -0.4999893 0.8660316 0 0.4999893 0 -1 0 0 -1 0 0 -1 0 0 -1 0 0 -1 0 0 -1 0 0 0 -1 0 0 -1 -1 0 0 -1 0 0 0 0 1 0 0 1 0 0 1 0 0 1 0 -1 0 0 -1 0 0 -1 0 0 -1 0 0 1 0 0 1 0 0 1 0 0 1 0  
			<Tangents>: 88 1 0 0 1 0 0 0.8660316 0 -0.4999893 0.8660316 0 -0.4999893 -0.8660316 0 -0.4999893 -0.8660316 0 -0.4999893 -1 0 0 -1 0 0 -0.4999893 0 0.8660316 -0.4999893 0 0.8660316 0.4999893 0 0.8660316 0.4999866 0 -0.8660331 1 0 0 1 0 0 0.8660316 0 -0.4999893 0.8660316 0 -0.4999893 -0.8660316 0 -0.4999893 -0.8660316 0 -0.4999893 -1 0 0 -1 0 0 -0.4999893 0 0.8660316 -0.4999893 0 0.8660316 0.4999893 0 0.8660316 0.4999866 0 -0.8660331 0 0.02250642 -0.9997467 0 0.0004409349 -0.9999999 0 0.02206499 -0.9997565 0 0 -1 0 0.02205031 -0.9997569 0 0 -1 -0.9999997 -0.0007951607 0 -1 0 0 -1 0 0 -1 0 0 0.4999867 0 -0.8660331 0.500002 0 -0.8660243 0.4999981 0 -0.8660265 0.5000134 0 -0.8660176 0.5000135 0 -0.8660176 1 0 0 1 0 0 0.4999893 0 0.8660316 -0.4999893 0 0.8660316 0.4999893 0 0.8660316 0.4999893 0 0.8660316 -0.4999893 0 0.8660316 -0.5000041 0 -0.8660231 -0.4999866 0 -0.8660331 -0.5000039 0 -0.8660231 -0.500004 0 -0.8660231 -0.5000039 0 -0.8660232 -0.4999865 0 -0.8660332 -1 0 0 -1 0 0 0.4999866 0 -0.8660331 0.500002 0 -0.8660243 0.4999982 0 -0.8660265 0.5000135 0 -0.8660176 0.5000135 0 -0.8660176 1 0 0 1 0 0 0.4999893 0 0.8660316 -0.4999893 0 0.8660316 0.4999893 0 0.8660316 0.4999893 0 0.8660316 -0.4999893 0 0.8660316 -0.5000041 0 -0.8660231 -0.4999865 0 -0.8660332 -0.5000039 0 -0.8660231 -0.500004 0 -0.8660231 -0.5000038 0 -0.8660232 -0.4999866 0 -0.8660332 -0.9999999 -0.0003994806 0 -0.9999993 -0.001194273 0 0 0.0004412289 -0.9999999 0 0.02249083 -0.999747 -0.9999999 -0.000399389 0 -0.9999993 -0.0011951 0 -0.9999997 -0.0007953431 0 -1 0 0 -1 0 0 -1 0 0 -1 0 0 -1 0 0 -1 0 0 -1 0 0 -1 0 0 -1 0 0  
			<BiTangents>: 88 0 1 0 0 1 0 0 1 0 0 1 0 0 1 0 0 1 0 0 1 0 0 1 0 0 1 0 0 1 0 0 1 0 0.8660331 0 0.4999867 0 1 0 0 1 0 0 1 0 0 1 0 0 1 0 0 1 0 0 1 0 0 1 0 0 1 0 0 1 0 0 1 0 0.8660331 0 0.4999866 0 0.9997467 0.02250642 0 0.9999999 0.0004409349 0 0.9997565 0.02206499 0 1 0 0 0.9997569 0.02205031 0 1 0 -0.0007951607 0.9999997 0 0 1 0 0 1 0 0 1 0 0.8660331 0 0.4999867 0.8660243 0 0.500002 0.8660265 0 0.4999981 0.8660176 0 0.5000134 0.8660176 0 0.5000135 0 1 0 0 1 0 0 1 0 0 1 0 0 1 0 0 1 0 0 1 0 -0.8660231 0 0.5000041 -0.8660331 0 0.4999866 -0.8660231 0 0.5000039 -0.8660231 0 0.5000041 -0.8660232 0 0.5000039 -0.8660332 0 0.4999865 0 1 0 0 1 0 0.8660331 0 0.4999866 0.8660243 0 0.500002 0.8660265 0 0.4999982 0.8660176 0 0.5000135 0.8660176 0 0.5000135 0 1 0 0 1 0 0 1 0 0 1 0 0 1 0 0 1 0 0 1 0 -0.8660231 0 0.5000041 -0.8660332 0 0.4999865 -0.8660232 0 0.5000039 -0.8660231 0 0.500004 -0.8660232 0 0.5000038 -0.8660332 0 0.4999866 -0.0003994806 0.9999999 0 -0.001194273 0.9999993 0 0 0.9999999 0.0004412289 0 0.999747 0.02249083 -0.000399389 0.9999999 0 -0.0011951 0.9999993 0 -0.0007953431 0.9999997 0 0 1 0 0 0 -1 0 0 -1 0 0 -1 0 0 -1 0 0 -1 0 0 -1 0 0 -1 0 0 -1  
			<SubMeshes>: 1
				<SubMesh>: 0 144 0 2 3 0 3 1 4 6 7 4 7 5 32 8 9 32 9 33 11 34 35 35 36 11 35 37 36 37 38 36 10 39 40 10 40 41 42 43 44 42 44 45 46 47 48 48 49 46 48 50 49 50 51 49 12 14 15 12 15 13 16 18 19 16 19 17 52 20 21 52 21 53 23 54 55 55 56 23 55 57 56 57 58 56 22 59 60 22 60 61 62 63 64 62 64 65 66 67 68 68 69 66 68 70 69 70 71 69 25 24 26 25 26 27 72 73 30 72 30 31 74 75 28 74 28 29 76 77 78 76 78 79 80 81 82 80 82 83 84 85 86 84 86 87  
		</Mesh>
		<Materials>: 1
			<Material>: 0
				<AlbedoColor>: 1 1 1 1
				<EmissiveColor>: 0 0 0 0
				<Glossiness>: 0.267
				<Metallic>: 0
				<SpecularHighlight>: 1
				<GlossyReflection>: 1
				<AlbedoMap>: BLD_Doors1_A
				<MetallicMap>: BLD_Doors1_MS
				<NormalMap>: BLD_Doors1_N
				<EmissionMap>: null
				<DetailAlbedoMap>: DET_Concrete1_A
				<DetailNormalMap>: null
		</Materials>
		<Children>: 0
	</Frame>
</Hierarchy>
