<Hierarchy>:
	<Frame>: 0 5 IndBuilding1_Deco_Column_Mid
		<Transform>: 0 0 0 0 0 0 1 1 1 0 0 0 1  
		<TransformMatrix>: 1 0 0 0 0 1 0 0 0 0 1 0 0 0 0 1  
		<BoxCollider>: 1 0 2.5 -1.192093E-07 0.6 5 1  
		<Mesh>: 172 IndBuilding1_Deco_Column_Mid
			<Bounds>: 0 2.5 -1.192093E-07 0.3 2.5 0.5000001
			<Positions>: 172 0.27 4 -1.490116E-07 -0.27 4 -1.788139E-07 0.3 0 0 0.3 5 -2.086163E-07 -0.3 0 0 -0.3 5 -2.384186E-07 -0.3 3.955767 -1.788139E-07 -0.3 4.044232 -1.788139E-07 0.3 3.955767 -1.788139E-07 0.3 4.044232 -1.788139E-07 0.2686874 2.185569E-08 0.5 0.3 2.037588E-08 0.4661457 0.3 5 0.4661457 0.2686875 5 0.4999998 0.3 -2.037588E-08 -0.4661457 0.2686875 -2.185569E-08 -0.5 0.2686875 5 -0.5000002 0.3 5 -0.4661461 -0.3 2.037588E-08 0.4661457 -0.2686875 2.185569E-08 0.5 -0.2686875 5 0.4999998 -0.3 5 0.4661457 -0.2686874 -2.185569E-08 -0.5 -0.3 -2.037588E-08 -0.4661457 -0.3 5 -0.4661461 -0.2686875 5 -0.5000002 -0.27 4 -0.4161459 -0.2386874 4 -0.4500002 0.27 4 0.4161456 0.2386874 4 0.4499998 -0.2386875 4 0.4499998 -0.27 4 0.4161456 0.2386875 4 -0.4500002 0.27 4 -0.4161459 0.3 4.044232 0.4661457 0.2686875 4.044232 0.4999998 0.2686874 3.955767 0.4999998 0.3 3.955767 0.4661455 0.2686875 4.044232 -0.5000002 0.3 4.044232 -0.4661461 0.3 3.955767 -0.4661459 0.2686875 3.955767 -0.5000002 -0.3 4.044232 -0.4661461 -0.2686875 4.044232 -0.5000002 -0.2686874 3.955767 -0.5000002 -0.3 3.955767 -0.4661459 -0.2686875 4.044232 0.4999998 -0.3 4.044232 0.4661457 -0.3 3.955767 0.4661455 -0.2686875 3.955767 0.4999998 0.2686875 0 0 -0.2686875 0 0 0.2686875 5 -2.101716E-07 -0.2686875 5 -2.368633E-07 -0.3 1.977884 -8.940697E-08 0.3 1.977884 -8.940697E-08 0.3 1.977884 0.4661456 0.2686874 1.977884 0.4999999 0.2686875 1.977884 -0.5000001 0.3 1.977884 -0.4661458 -0.3 1.977884 -0.4661458 -0.2686874 1.977884 -0.5000001 -0.2686875 1.977884 0.4999999 -0.3 1.977884 0.4661456 0.2686874 2.966825 0.4999999 0.3 2.966825 -0.4661458 -0.2686874 2.966825 -0.5000001 -0.3 2.966825 0.4661456 -0.3 2.966825 -1.341105E-07 0.3 2.966825 -1.341105E-07 0.3 2.966825 0.4661456 0.2686875 2.966825 -0.5000001 -0.3 2.966825 -0.4661458 -0.2686875 2.966825 0.4999999 -0.3 0.9889418 -4.470348E-08 0.3 0.9889418 -4.470348E-08 0.3 0.9889418 0.4661456 0.2686875 0.9889418 -0.5000001 -0.3 0.9889418 -0.4661458 -0.2686875 0.9889418 0.4999999 0.2686874 0.9889418 0.4999999 0.3 0.9889418 -0.4661458 -0.2686874 0.9889418 -0.5000001 -0.3 0.9889418 0.4661456 0.3 4.522116 -1.937151E-07 -0.3 4.522116 -2.086163E-07 0.2686875 4.522116 0.4999998 0.3 4.522116 0.4661457 0.3 4.522116 -0.4661461 0.2686875 4.522116 -0.5000002 -0.2686875 4.522116 -0.5000002 -0.3 4.522116 -0.4661461 -0.3 4.522116 0.4661457 -0.2686875 4.522116 0.4999998 0.2386875 4 -0.4500002 -0.2686874 -2.185569E-08 -0.5 -0.2386875 4 0.4499998 0.3 0 0 -0.3 -2.037588E-08 -0.4661457 -0.2386874 4 -0.4500002 -0.27 4 -0.4161459 0.27 4 0.4161456 -0.2386875 4 0.4499998 0.27 4 -0.4161459 0.3 4.044232 -0.4661461 -0.3 4.044232 0.4661457 0.2386874 4 0.4499998 0.3 4.044232 0.4661457 -0.3 4.044232 -0.4661461 -0.2686875 4.044232 -0.5000002 0.3 5 0.4661457 0.3 2.037588E-08 0.4661457 0.2686875 -2.185569E-08 -0.5 0.3 5 -0.4661461 0.2686875 4.522116 -0.5000002 0.2686875 5 -0.5000002 -0.3 -2.037588E-08 -0.4661457 -0.2686874 0.9889418 -0.5000001 -0.2686874 -2.185569E-08 -0.5 -0.2686875 4.522116 0.4999998 -0.2686875 2.185569E-08 0.5 0.3 -2.037588E-08 -0.4661457 0.2686875 -2.185569E-08 -0.5 0.2686874 2.185569E-08 0.5 -0.3 2.037588E-08 0.4661457 -0.2686875 2.185569E-08 0.5 -0.2686875 5 -0.5000002 0.2686875 5 0.4999998 -0.3 5 -0.4661461 -0.3 5 0.4661457 -0.2686875 5 0.4999998 -0.2686875 1.977884 0.4999999 0.2686874 2.966825 0.4999999 0.2686874 1.977884 0.4999999 -0.3 1.977884 -0.4661458 -0.2686874 2.966825 -0.5000001 0.2686875 1.977884 -0.5000001 -0.2686874 1.977884 -0.5000001 0.3 3.955767 -0.4661459 0.3 3.955767 0.4661455 0.2686875 2.966825 -0.5000001 -0.3 2.966825 -0.4661458 -0.2686874 3.955767 -0.5000002 -0.2686875 2.966825 0.4999999 -0.2686875 0.9889418 0.4999999 0.2686874 0.9889418 0.4999999 -0.3 0.9889418 -0.4661458 0.2686875 0.9889418 -0.5000001 0.2686875 4.044232 -0.5000002 0.3 5 -2.086163E-07 -0.3 4.522116 -0.4661461 0.2686875 4.522116 0.4999998 -0.2686875 5 0.4999998 0.2686875 5 -0.5000002 -0.2386874 4 -0.4500002 -0.3 3.955767 -0.4661459 -0.3 0 0 0.3 2.037588E-08 0.4661457 -0.3 3.955767 0.4661455 0.27 4 -0.4161459 -0.27 4 0.4161456 0.27 4 0.4161456 0.3 0.9889418 0.4661456 -0.3 5 -2.384186E-07 0.3 2.966825 0.4661456 0.2686875 3.955767 -0.5000002 -0.2686875 3.955767 0.4999998 -0.2686875 4.044232 0.4999998 -0.3 4.044232 -0.4661461 0.2686875 4.044232 0.4999998 -0.3 5 -0.4661461 0.2686875 5 0.4999998  
			<Colors>: 0  
			<TextureCoords0>: 172 0.8579102 0.7319336 0.9633789 0.7319336 0.7436523 0.949707 0.7421875 0.9941406 0.9633789 0.9951172 0.9633789 0.6655273 0.9633789 0.7373047 0.9633789 0.7280273 0.8579102 0.7373047 0.8579102 0.7280273 0.8920898 0.9951172 0.7128906 0.949707 0.7724609 0.9941406 0.8920898 0.6655273 0.8266602 0.9951172 0.8237305 0.9951172 0.7099609 0.9931641 0.7119141 0.9941406 0.9316406 0.9951172 0.9287109 0.9951172 0.9287109 0.6655273 0.9316406 0.6655273 0.7753906 0.9140625 0.7724609 0.9116211 0.7841797 0.6655273 0.7875977 0.6655273 0.9941406 0.7319336 0.7875977 0.7319336 0.8901367 0.7319336 0.8920898 0.7319336 0.9287109 0.7319336 0.9316406 0.7319336 0.8237305 0.7319336 0.8266602 0.7319336 0.8901367 0.7280273 0.8920898 0.7280273 0.8920898 0.7373047 0.8901367 0.7373047 0.8237305 0.7280273 0.8266602 0.7280273 0.8266602 0.7373047 0.8237305 0.7373047 0.9941406 0.7280273 0.7875977 0.7280273 0.7875977 0.7373047 0.7841797 0.7373047 0.9287109 0.7280273 0.9316406 0.7280273 0.9316406 0.7373047 0.9287109 0.7373047 0.7436523 0.9487305 0.7436523 0.9140625 0.7421875 0.9931641 0.7421875 0.9580078 0.9633789 0.8662109 0.8579102 0.8662109 0.8901367 0.8662109 0.8920898 0.8662109 0.8237305 0.8662109 0.8266602 0.8662109 0.7841797 0.8662109 0.7875977 0.8662109 0.9287109 0.8662109 0.9316406 0.8662109 0.8920898 0.8017578 0.8266602 0.8017578 0.7875977 0.8017578 0.9316406 0.8017578 0.9633789 0.8017578 0.8579102 0.8017578 0.8901367 0.8017578 0.8237305 0.8017578 0.9941406 0.8017578 0.9287109 0.8017578 0.9633789 0.9311523 0.8579102 0.9311523 0.8901367 0.9311523 0.8237305 0.9311523 0.7841797 0.9311523 0.9287109 0.9311523 0.8920898 0.9311523 0.8266602 0.9311523 0.7875977 0.9311523 0.9316406 0.9311523 0.8579102 0.6958008 0.9633789 0.6958008 0.8920898 0.6958008 0.8901367 0.6958008 0.8266602 0.6958008 0.8237305 0.6958008 0.7875977 0.6958008 0.7841797 0.6958008 0.9316406 0.6958008 0.9287109 0.6958008 0.8237305 0.7319336 0.7875977 0.9951172 0.9287109 0.7319336 0.8579102 0.9951172 0.9941406 0.9951172 0.7875977 0.7319336 0.7841797 0.7319336 0.8901367 0.7319336 0.9287109 0.7319336 0.8266602 0.7319336 0.8266602 0.7280273 0.9316406 0.7280273 0.8920898 0.7319336 0.8901367 0.7280273 0.7841797 0.7280273 0.7875977 0.7280273 0.8901367 0.6655273 0.8901367 0.9951172 0.8237305 0.9951172 0.8266602 0.6655273 0.8237305 0.6958008 0.8237305 0.6655273 0.7841797 0.9951172 0.7875977 0.9311523 0.7875977 0.9951172 0.9287109 0.6958008 0.9287109 0.9951172 0.7724609 0.949707 0.7753906 0.9487305 0.7109375 0.9487305 0.7128906 0.9116211 0.7109375 0.9140625 0.7099609 0.9580078 0.7739258 0.9931641 0.7119141 0.9555664 0.7724609 0.9555664 0.7739258 0.9580078 0.9287109 0.8662109 0.8920898 0.8017578 0.8920898 0.8662109 0.9941406 0.8662109 0.7875977 0.8017578 0.8237305 0.8662109 0.7875977 0.8662109 0.8266602 0.7373047 0.8901367 0.7373047 0.8237305 0.8017578 0.7841797 0.8017578 0.7875977 0.7373047 0.9287109 0.8017578 0.9287109 0.9311523 0.8920898 0.9311523 0.9941406 0.9311523 0.8237305 0.9311523 0.8237305 0.7280273 0.8579102 0.6655273 0.9941406 0.6958008 0.8920898 0.6958008 0.9287109 0.6655273 0.8237305 0.6655273 0.7875977 0.7319336 0.9941406 0.7373047 0.7436523 0.9116211 0.8901367 0.9951172 0.9316406 0.7373047 0.8266602 0.7319336 0.9316406 0.7319336 0.8901367 0.7319336 0.8901367 0.9311523 0.7421875 0.9555664 0.8901367 0.8017578 0.8237305 0.7373047 0.9287109 0.7373047 0.9287109 0.7280273 0.7841797 0.7280273 0.8920898 0.7280273 0.9941406 0.6655273 0.8920898 0.6655273  
			<TextureCoords1>: 172 0.7966343 0.8948063 0.2094069 0.6827081 0.3143555 0.220033 0.3143556 0.09749079 0.9953683 0.6821041 0.004877424 0.6847966 0.2194913 0.6824843 0.1992783 0.682872 0.7860665 0.8948063 0.807202 0.8948063 0.8048485 0.4693189 0.2221862 0.220033 0.4065248 0.09749085 0.9961826 0.7935188 0.003906254 0.9869755 0.00390625 0.3498481 0.2154923 0.1036822 0.2221862 0.09749085 0.9952816 0.5907662 0.9952729 0.58173 0.005370092 0.58173 0.005338957 0.5910237 0.4132188 0.3324776 0.4065249 0.3386689 0.211586 0.3386689 0.211586 0.3295508 0.21293 0.7738211 0.7992657 0.4501695 0.7966343 0.8125232 0.01928269 0.4775566 0.2060864 0.1989138 0.2083759 0.6012489 0.7992656 0.3557798 0.7966342 0.9770893 0.807202 0.8026369 0.1928868 0.09859234 0.03177448 0.4762247 0.03013892 0.4683466 0.02260554 0.2232975 0.8072019 0.9869756 0.7915655 0.3425752 0.7860659 0.3498481 0.2006045 0.7820779 0.02260554 0.3295508 0.786066 0.4561014 0.2259188 0.779526 0.1928868 0.2048456 0.1977121 0.591562 0.218762 0.5912761 0.01610166 0.571231 0.3143555 0.2262244 0.3143556 0.3324776 0.3143556 0.1036821 0.3143555 0.2099355 0.6077567 0.6825588 0.3949864 0.8948062 0.3949864 0.8026369 0.4054815 0.4693189 0.3949863 0.9960937 0.3949863 0.9869756 0.6078608 0.7739186 0.6078911 0.78295 0.4054817 0.5778238 0.607679 0.591143 0.2057981 0.4693189 0.5905263 0.9869756 0.4143603 0.7839572 0.4136401 0.5912822 0.4138485 0.6829947 0.5905263 0.8948063 0.2054027 0.4602466 0.5905259 0.3498481 0.414245 0.7750435 0.413637 0.5822146 0.801585 0.6823035 0.1994464 0.8948061 0.1994464 0.8026369 0.1994463 0.9960936 0.8016781 0.7736334 0.6051652 0.5778238 0.605165 0.4693189 0.1994463 0.9869755 0.1994463 0.4561014 0.8014996 0.5909563 0.9016923 0.8948062 0.1019339 0.6849203 0.9016923 0.7935188 0.9016923 0.8026369 0.9016922 0.9869756 0.1170958 0.2232975 0.1170958 0.3295508 0.1170958 0.3386689 0.1016548 0.5913342 0.0983965 0.2048456 0.009405906 0.2292293 0.003906391 0.4561014 0.00390625 0.563109 0.003906285 0.8948061 0.9954595 0.7734358 0.2137169 0.7834551 0.21293 0.7738211 0.0167072 0.4694642 0.2037114 0.5934674 0.8047652 0.348507 0.01710591 0.2160247 0.1983864 0.2121184 0.2060864 0.1045241 0.1983864 0.0913195 0.2006045 0.7820779 0.2028593 0.7896125 0.9961826 0.8026369 0.8048485 0.4600076 0.00390625 0.9960936 0.9961825 0.9869756 0.9016922 0.9960937 0.9961825 0.9960937 0.9954595 0.7734358 0.8016892 0.7826699 0.9954687 0.7824719 0.10168 0.5820526 0.8048486 0.5778238 0.4065247 0.220033 0.4132187 0.2262244 0.2154923 0.2262244 0.2221863 0.3386689 0.2154923 0.3324776 0.2154923 0.2099354 0.4132187 0.1036822 0.2221863 0.2161267 0.4065249 0.2161267 0.4132187 0.2099354 0.607672 0.5821 0.5905264 0.7935188 0.3949864 0.7935188 0.6078608 0.7739186 0.5905261 0.4561014 0.3949861 0.3498481 0.3949862 0.4561014 0.7860664 0.9869756 0.7860665 0.802637 0.5905263 0.9960938 0.414245 0.7750435 0.2256478 0.7876173 0.2057982 0.5778238 0.801491 0.5819192 0.1994464 0.7935187 0.8016781 0.7736334 0.1994461 0.3498481 0.8072019 0.9960938 0.9961826 0.8948061 0.1015374 0.7810252 0.09839649 0.09859234 0.003906256 0.2048456 0.211586 0.2232975 0.009405908 0.323619 0.2259188 0.779526 0.3143556 0.3386689 0.003906319 0.8026369 0.009398075 0.577579 0.00390625 0.2219565 0.211586 0.2061867 0.211586 0.0972513 0.605165 0.4600076 0.3143555 0.2161268 0.5905264 0.802637 0.7860664 0.9960938 0.2187631 0.582189 0.1977352 0.5822928 0.0226056 0.3386689 0.807202 0.7935188 0.00390625 0.7800295 0.00390625 0.09859234  
			<Normals>: 172 1 0 0 -1 0 0 0.7071068 -0.7071068 0 0.7071068 0.7071068 0 -0.7071068 -0.7071068 0 -0.7071068 0.7071068 0 -0.9559293 0.2935969 0 -0.9559293 -0.2935969 0 0.9559293 0.2935969 0 0.9559293 -0.2935969 0 0.3120578 -0.6270759 0.7137196 0.72047 -0.6335204 0.2820902 0.72047 0.6335204 0.2820902 0.3120578 0.6270759 0.7137196 0.72047 -0.6335204 -0.2820902 0.3120578 -0.6270759 -0.7137196 0.3120578 0.6270759 -0.7137196 0.72047 0.6335204 -0.2820902 -0.72047 -0.6335204 0.2820902 -0.3120578 -0.6270759 0.7137196 -0.3120578 0.6270759 0.7137196 -0.72047 0.6335204 0.2820902 -0.3120578 -0.6270759 -0.7137196 -0.72047 -0.6335204 -0.2820902 -0.72047 0.6335204 -0.2820902 -0.3120578 0.6270759 -0.7137196 -0.9759293 0 -0.2180871 -0.3662651 0 -0.9305105 0.9759293 0 0.2180871 0.3662651 0 0.9305105 -0.3662547 0 0.9305146 -0.9759293 0 0.2180871 0.3662651 0 -0.9305105 0.9759293 0 -0.2180871 0.8503915 -0.3766395 0.3673921 0.3721545 -0.4038337 0.8357148 0.3721545 0.4038337 0.8357148 0.8504011 0.3766437 0.3673657 0.3721545 -0.4038337 -0.8357148 0.8503915 -0.3766395 -0.3673921 0.8503915 0.3766395 -0.3673921 0.3721545 0.4038337 -0.8357148 -0.8503915 -0.3766395 -0.3673921 -0.3721545 -0.4038337 -0.8357148 -0.3721545 0.4038337 -0.8357148 -0.8503915 0.3766395 -0.3673921 -0.3721545 -0.4038337 0.8357148 -0.8503915 -0.3766395 0.3673921 -0.8503915 0.3766395 0.3673921 -0.3721545 0.4038337 0.8357148 0 -1 0 0 -1 0 0 1 0 0 1 0 -1 0 0 1 0 0 0.9311711 0 0.3645823 0.4006235 0 0.9162428 0.4006235 0 -0.9162428 0.9311711 0 -0.3645823 -0.9311711 0 -0.3645823 -0.4006235 0 -0.9162428 -0.4006235 0 0.9162428 -0.9311711 0 0.3645823 0.4006235 0 0.9162428 0.9311711 0 -0.3645823 -0.4006235 0 -0.9162428 -0.9311711 0 0.3645823 -1 0 0 1 0 0 0.9311711 0 0.3645823 0.4006235 0 -0.9162428 -0.9311711 0 -0.3645823 -0.4006235 0 0.9162428 -1 0 0 1 0 0 0.9311711 0 0.3645823 0.4006235 0 -0.9162428 -0.9311711 0 -0.3645823 -0.4006235 0 0.9162428 0.4006235 0 0.9162428 0.9311711 0 -0.3645823 -0.4006235 0 -0.9162428 -0.9311711 0 0.3645823 1 0 0 -1 0 0 0.4006235 0 0.9162428 0.9311711 0 0.3645823 0.9311711 0 -0.3645823 0.4006235 0 -0.9162428 -0.4006235 0 -0.9162428 -0.9311711 0 -0.3645823 -0.9311711 0 0.3645823 -0.4006235 0 0.9162428 0.3662651 0 -0.9305105 -0.3120578 -0.6270759 -0.7137196 -0.3662547 0 0.9305146 0.7071068 -0.7071068 0 -0.72047 -0.6335204 -0.2820902 -0.3662651 0 -0.9305105 -0.9759293 0 -0.2180871 0.9759293 0 0.2180871 -0.3662547 0 0.9305146 0.9759293 0 -0.2180871 0.8503915 -0.3766395 -0.3673921 -0.8503915 -0.3766395 0.3673921 0.3662651 0 0.9305105 0.8503915 -0.3766395 0.3673921 -0.8503915 -0.3766395 -0.3673921 -0.3721545 -0.4038337 -0.8357148 0.72047 0.6335204 0.2820902 0.72047 -0.6335204 0.2820902 0.3120578 -0.6270759 -0.7137196 0.72047 0.6335204 -0.2820902 0.4006235 0 -0.9162428 0.3120578 0.6270759 -0.7137196 -0.72047 -0.6335204 -0.2820902 -0.4006235 0 -0.9162428 -0.3120578 -0.6270759 -0.7137196 -0.4006235 0 0.9162428 -0.3120578 -0.6270759 0.7137196 0.72047 -0.6335204 -0.2820902 0.3120578 -0.6270759 -0.7137196 0.3120578 -0.6270759 0.7137196 -0.72047 -0.6335204 0.2820902 -0.3120578 -0.6270759 0.7137196 -0.3120578 0.6270759 -0.7137196 0.3120578 0.6270759 0.7137196 -0.72047 0.6335204 -0.2820902 -0.72047 0.6335204 0.2820902 -0.3120578 0.6270759 0.7137196 -0.4006235 0 0.9162428 0.4006235 0 0.9162428 0.4006235 0 0.9162428 -0.9311711 0 -0.3645823 -0.4006235 0 -0.9162428 0.4006235 0 -0.9162428 -0.4006235 0 -0.9162428 0.8503915 0.3766395 -0.3673921 0.8504011 0.3766437 0.3673657 0.4006235 0 -0.9162428 -0.9311711 0 -0.3645823 -0.3721545 0.4038337 -0.8357148 -0.4006235 0 0.9162428 -0.4006235 0 0.9162428 0.4006235 0 0.9162428 -0.9311711 0 -0.3645823 0.4006235 0 -0.9162428 0.3721545 -0.4038337 -0.8357148 0.7071068 0.7071068 0 -0.9311711 0 -0.3645823 0.4006235 0 0.9162428 -0.3120578 0.6270759 0.7137196 0.3120578 0.6270759 -0.7137196 -0.3662651 0 -0.9305105 -0.8503915 0.3766395 -0.3673921 -0.7071068 -0.7071068 0 0.72047 -0.6335204 0.2820902 -0.8503915 0.3766395 0.3673921 0.9759293 0 -0.2180871 -0.9759293 0 0.2180871 0.9759293 0 0.2180871 0.9311711 0 0.3645823 -0.7071068 0.7071068 0 0.9311711 0 0.3645823 0.3721545 0.4038337 -0.8357148 -0.3721545 0.4038337 0.8357148 -0.3721545 -0.4038337 0.8357148 -0.8503915 -0.3766395 -0.3673921 0.3721545 -0.4038337 0.8357148 -0.72047 0.6335204 -0.2820902 0.3120578 0.6270759 0.7137196  
			<Tangents>: 172 0 0 1 0 0 -1 -2.185569E-08 -2.185569E-08 -1 0 0 1 0 0 -1 0 0 -1 0 0 -1 0 0 -1 0 0 1 0 0 1 -0.949742 -0.1863683 0.2515095 0.2118409 -0.1862749 -0.9593879 -0.2118409 -0.1862749 0.9593879 -0.8172081 -0.2059781 0.5382787 0.238364 -0.1557624 0.9586035 0.9500631 0.2059694 0.2344284 0.3179779 0.6389723 0.7004315 0.2118409 0.186275 0.9593879 -0.2379897 -0.1561978 -0.9586257 -0.8172073 -0.2059792 -0.5382794 -0.8172081 0.2059781 -0.5382788 -0.2379898 0.1561977 -0.9586257 0.317978 0.6389723 -0.7004315 0.2118409 0.1862749 -0.9593879 0.4958983 0.1862948 -0.8481622 0.949119 0.1722818 -0.2636136 0.2180871 0 -0.9759293 0.9305105 0 -0.3662651 -0.2180871 0 0.9759293 -0.9305105 0 0.3662651 -0.9305146 0 -0.3662547 -0.2180871 0 -0.9759293 0.9305105 0 0.3662651 0.2180871 0 0.9759293 -0.3423397 0.1341671 0.9299477 -0.9281694 -0.16035 0.3358414 -0.9280265 0.1460156 0.3427044 -0.4385946 0.1218195 0.8903902 0.9281676 0.1595394 0.3362322 0.3455378 -0.1268007 0.9297985 0.4386169 -0.1218066 0.890381 0.9281692 -0.1602369 0.335896 0.3359192 0.148779 -0.9300662 0.9278166 -0.136984 -0.3469751 0.9281708 0.161919 -0.3350838 0.438617 0.1218068 -0.890381 -0.9281676 0.1595709 -0.336217 -0.3454029 -0.1271127 -0.929806 -0.3458545 0.126068 -0.9297804 -0.9281693 -0.1602592 -0.3358852 4.316501E-08 0 -1 4.118251E-08 0 -1 -7.16234E-08 0 1 -5.473124E-08 0 1 0 0 -1 0 0 1 -0.3645822 0 0.9311712 -0.9162427 0 0.4006236 0.9162428 0 0.4006234 0.3645823 0 0.9311712 0.3645823 0 -0.9311712 0.9162428 0 -0.4006234 -0.9162427 0 -0.4006236 -0.3645823 0 -0.9311712 -0.9162427 0 0.4006236 0.3645823 0 0.9311712 0.9162428 0 -0.4006234 -0.3645823 0 -0.9311712 0 0 -1 0 0 1 -0.3645823 0 0.9311712 0.9162427 0 0.4006236 0.3645822 0 -0.9311712 -0.9162428 0 -0.4006234 0 0 -1 0 2.994316E-09 1 -0.3645822 6.338259E-09 0.9311712 0.9162428 0 0.4006234 0.3645823 0 -0.9311712 -0.9162427 0 -0.4006236 -0.9162427 2.678644E-11 0.4006236 0.3645823 4.348057E-11 0.9311712 0.9162427 0 -0.4006236 -0.3645823 -4.286816E-11 -0.9311712 0 0 1 0 0 -1 -0.9162428 0 0.4006234 -0.3645822 0 0.9311712 0.3645823 0 0.9311712 0.9162427 0 0.4006236 0.9162427 0 -0.4006236 0.3645823 0 -0.9311712 -0.3645823 0 -0.9311712 -0.9162427 0 -0.4006236 0.9305105 0 0.3662651 0.9500631 -0.2059694 -0.2344284 -0.9305146 0 -0.3662547 1.874423E-08 1.874423E-08 1 0.2118409 0.186275 -0.9593879 0.9305105 0 -0.3662651 0.2180872 0 -0.9759293 -0.2180872 0 0.9759293 -0.9305146 0 -0.3662547 0.2180872 0 0.9759293 0.4386171 0.121807 0.8903809 -0.4386171 0.1218073 -0.8903808 -0.9305105 0 0.3662651 -0.4386171 -0.1218073 0.8903808 0.4386171 -0.1218072 -0.8903808 0.87204 0.1562377 -0.4638277 -0.2295107 -0.1660257 0.9590414 -0.4958977 -0.1862939 0.8481628 0.8172073 -0.2059792 0.5382794 0.238364 0.1557623 0.9586035 0.9162428 0 0.4006234 0.8172079 0.2059783 0.5382789 0.4958977 -0.186294 -0.8481627 0.9162428 -5.155346E-10 -0.4006234 0.8172075 0.205979 -0.5382792 -0.9162428 0 -0.4006234 -0.9500631 0.2059694 -0.2344284 -0.2118409 0.1862749 -0.9593879 -0.317978 0.6389723 -0.7004315 0.3179779 -0.6389723 -0.7004315 -0.2118409 -0.186275 -0.9593879 -0.3179779 -0.6389724 -0.7004315 -0.317978 0.6389723 0.7004315 -0.317978 -0.6389723 0.7004315 -0.2118409 0.1862749 0.9593879 0.2118409 -0.186275 0.9593879 0.3179779 -0.6389723 0.7004315 -0.9162428 0 -0.4006234 -0.9162428 0 0.4006234 -0.9162428 0 0.4006234 0.3645822 0 -0.9311712 0.9162427 0 -0.4006236 0.9162427 0 0.4006236 0.9162427 0 -0.4006236 0.3457032 0.126418 0.9297891 -0.3358952 -0.1487684 0.9300765 0.9162428 0 0.4006234 0.3645823 0 -0.9311712 0.8720397 -0.1562384 -0.4638279 -0.9162427 0 -0.4006236 -0.9162428 0 -0.4006234 -0.9162428 0 0.4006234 0.3645822 0 -0.9311712 0.9162427 0 0.4006236 0.8720399 -0.1562379 0.4638278 0 0 1 0.3645822 0 -0.9311712 -0.9162427 0 0.4006236 -0.9500631 -0.2059694 -0.2344284 0.9500631 -0.2059694 0.2344284 0.9305105 0 -0.3662651 0.3359192 -0.148779 -0.9300662 2.185569E-08 -2.185569E-08 -1 -0.2118409 0.186275 0.9593879 -0.4386169 -0.1218066 -0.890381 0.2180872 0 0.9759293 -0.2180872 0 -0.9759293 -0.2180872 0 0.9759293 -0.3645823 0 0.9311712 0 0 1 -0.3645822 0 0.9311712 0.8720396 0.1562386 0.463828 -0.8720396 0.1562386 -0.463828 -0.8720399 -0.1562377 -0.4638277 0.4386172 -0.1218074 -0.8903808 -0.87204 0.1562377 0.4638277 0.2118409 -0.186275 -0.9593879 -0.9500631 0.2059694 0.2344284  
			<BiTangents>: 172 0 1 0 0 1 0 -0.7071068 -0.7071068 3.090862E-08 -0.7071068 0.7071068 0 -0.7071068 0.7071068 0 0.7071068 0.7071068 0 0.2935969 0.9559293 0 -0.2935969 0.9559293 0 -0.2935969 0.9559293 0 0.2935969 0.9559293 0 0.02470083 0.756335 0.6537181 -0.6603382 -0.7509685 -4.343992E-09 -0.6603382 0.7509685 -3.396021E-08 -0.4845522 0.7512316 -0.4481745 0.6512339 0.7578852 -0.03878633 2.378816E-09 0.7512339 -0.6600361 -0.8952709 0.4455222 4.251494E-09 -0.6603382 0.7509685 -6.391848E-09 -0.6513708 0.7577955 0.0382355 -0.4845535 0.7512312 0.4481736 0.4845523 0.7512315 -0.4481744 0.6513708 0.7577955 -0.0382356 -0.8952709 0.4455223 -4.162813E-08 -0.6603382 0.7509685 -6.487208E-08 0.4847761 0.7509635 0.4483815 0.04234485 0.7596676 0.6489316 0 1 0 0 1 0 0 1 0 0 1 0 0 1 0 0 1 0 0 1 0 0 1 0 0.399547 0.9165925 0.01484403 0.001617185 0.9006699 0.4345011 -0.01636823 0.9031045 -0.4291088 -0.2906076 0.9183134 -0.2687893 0.002452451 0.9008138 -0.4341987 0.3967844 0.9176406 -0.02231294 -0.2906018 0.9183168 0.2687838 -0.001733777 0.90069 0.4344589 -0.4049599 0.9143345 2.361391E-09 -0.02564068 0.9045185 -0.4256629 -1.418143E-09 0.9003891 0.4350856 0.2906018 0.9183168 0.2687839 -0.002419987 0.9008082 0.4342104 -0.3969018 0.9175974 0.02199676 0.3965084 0.9177415 -0.02305529 0.001710778 0.900686 -0.4344673 -1 0 -4.316501E-08 -1 0 -4.118251E-08 -1 0 -7.16234E-08 -1 0 -5.473124E-08 0 1 0 0 1 0 0 1 0 0 1 0 0 1 0 0 1 0 0 1 0 0 1 0 0 1 0 0 1 0 0 1 0 0 1 0 0 1 0 0 1 0 0 1 0 0 1 0 0 1 0 0 1 0 0 1 0 0 1 0 0 1 0 0 1 -2.994316E-09 2.310817E-09 1 -5.902004E-09 0 1 0 0 1 0 0 1 0 2.454288E-11 1 -1.073128E-11 -1.585224E-11 1 -4.048785E-11 0 1 0 -1.562897E-11 1 -3.99176E-11 0 1 0 0 1 0 0 1 0 0 1 0 0 1 0 0 1 0 0 1 0 0 1 0 0 1 0 0 1 0 0 1 0 -2.378816E-09 0.7512339 -0.6600361 0 1 0 0.7071068 0.7071068 -2.650835E-08 -0.6603382 0.7509685 6.391848E-09 0 1 0 0 1 0 0 1 0 0 1 0 0 1 0 0.2906016 0.9183168 -0.2687842 -0.2906016 0.9183168 0.2687844 0 1 0 0.2906016 0.9183168 0.2687844 -0.2906016 0.9183168 -0.2687843 -0.3178794 0.9013923 -0.2940146 -0.6544065 0.7557032 -0.02578314 0.4847767 0.7509636 0.4483805 0.4845535 0.7512313 -0.4481736 -0.6512339 0.7578852 0.03878638 0 1 0 -0.4845525 0.7512314 0.4481743 -0.4847767 0.7509637 -0.4483806 4.723548E-10 1 -2.065353E-10 -0.4845532 0.7512313 -0.4481739 0 1 0 -2.378816E-09 0.7512339 0.6600361 -0.6603382 -0.7509685 3.396021E-08 -0.8952709 -0.4455222 2.293981E-08 -0.8952709 -0.4455222 -4.251494E-09 -0.6603382 0.7509685 -2.656788E-08 -0.8952709 0.4455222 -3.303692E-08 -0.8952709 -0.4455222 -2.293981E-08 -0.8952709 0.4455223 -4.162813E-08 -0.6603382 -0.7509685 -3.396021E-08 -0.6603382 -0.7509685 -6.391848E-09 -0.8952709 -0.4455222 4.251494E-09 0 1 0 0 1 0 0 1 0 0 1 0 0 1 0 0 1 0 0 1 0 -0.3966402 0.9176934 0.0227007 -0.4049599 0.9143345 -3.495102E-09 0 1 0 0 1 0 0.3178801 0.9013922 0.2940142 0 1 0 0 1 0 0 1 0 0 1 0 0 1 0 0.3178796 0.9013923 -0.2940145 -0.7071068 0.7071068 0 0 1 0 0 1 0 2.378816E-09 0.7512339 -0.6600361 -2.378816E-09 0.7512339 0.6600361 0 1 0 0.4049599 0.9143345 -2.361391E-09 -0.7071068 0.7071068 -3.090862E-08 0.6603382 0.7509685 -2.656788E-08 0.2906018 0.9183168 -0.2687837 0 1 0 0 1 0 0 1 0 0 1 0 -0.7071068 -0.7071068 0 0 1 0 -0.3178803 0.9013922 0.2940141 0.3178803 0.9013922 -0.2940141 -0.3178794 0.9013923 0.2940146 -0.2906015 0.9183168 -0.2687846 0.3178794 0.9013923 0.2940146 0.6603382 0.7509685 -6.391848E-09 -2.378816E-09 0.7512339 -0.6600361  
			<SubMeshes>: 1
				<SubMesh>: 0 552 32 44 27 75 14 81 94 43 38 52 17 16 28 9 34 26 6 1 43 89 38 51 23 22 9 33 39 9 87 34 82 15 95 30 35 46 31 7 1 35 93 46 26 7 42 11 50 2 92 7 47 85 42 7 28 8 0 39 84 9 96 36 29 76 97 75 31 6 48 83 4 18 52 12 3 8 33 0 74 98 4 99 45 100 29 37 101 48 102 31 40 32 103 104 94 38 105 30 46 106 107 35 99 108 109 13 87 110 111 80 10 112 81 14 113 114 115 116 117 118 25 91 24 19 83 18 21 119 20 80 120 10 121 50 122 123 51 50 50 22 122 124 51 125 126 52 16 53 127 52 128 53 126 53 129 130 64 62 57 131 67 63 60 66 61 58 65 59 56 132 133 68 134 54 67 54 63 69 56 55 135 136 137 69 59 65 8 65 138 44 71 135 139 69 8 48 68 67 6 72 68 70 36 64 140 138 65 141 142 66 73 48 67 36 143 64 57 79 80 144 63 83 78 61 117 77 59 81 76 133 145 54 146 74 63 74 83 56 75 55 137 147 82 59 75 81 47 119 92 43 91 90 88 148 114 86 34 87 88 149 84 5 150 85 21 85 92 151 152 93 84 110 87 90 153 89 41 44 32 97 14 75 154 43 94 3 17 52 0 9 28 155 6 26 90 89 43 156 23 51 0 33 9 84 87 9 147 15 82 106 35 30 47 7 31 151 93 35 1 7 26 123 50 11 85 7 92 150 42 85 139 8 28 88 84 39 49 36 96 157 97 76 1 6 31 74 4 83 127 12 52 138 33 8 146 98 74 142 45 99 36 37 29 49 96 158 41 32 40 159 94 104 160 30 105 161 107 106 100 108 99 86 87 13 162 80 111 77 81 112 88 114 113 78 117 116 90 91 25 144 83 19 92 119 21 79 120 80 2 50 121 125 51 123 51 22 50 156 51 124 53 52 126 130 127 53 163 53 128 163 129 53 143 62 64 73 67 131 141 66 60 140 65 58 164 132 56 72 134 68 68 54 67 164 56 69 71 136 135 55 59 69 69 65 8 41 71 44 164 69 139 6 68 48 155 72 6 37 36 70 165 138 140 45 142 141 166 48 73 49 143 36 62 79 57 131 63 144 60 61 78 58 59 77 56 133 76 134 146 54 54 74 63 76 75 56 136 147 137 55 75 59 167 119 47 168 91 43 39 148 88 169 34 86 113 149 88 170 150 5 5 85 21 171 152 151 149 110 84 25 153 90  
		</Mesh>
		<Materials>: 1
			<Material>: 0
				<AlbedoColor>: 1 1 1 1
				<EmissiveColor>: 0 0 0 0
				<Glossiness>: 0.04
				<Metallic>: 0
				<SpecularHighlight>: 1
				<GlossyReflection>: 1
				<AlbedoMap>: BLD_IndBuilding1_A
				<MetallicMap>: BLD_IndBuilding1_MS
				<NormalMap>: BLD_IndBuilding1_N
				<EmissionMap>: null
				<DetailAlbedoMap>: DET_Concrete1_A
				<DetailNormalMap>: DET_Concrete1_N
		</Materials>
		<Children>: 0
	</Frame>
</Hierarchy>
