<Hierarchy>:
	<Frame>: 0 5 IndBuilding1_Base_Mid_A
		<Transform>: 0 0 0 0 0 0 1 1 1 0 0 0 1  
		<TransformMatrix>: 1 0 0 0 0 1 0 0 0 0 1 0 0 0 0 1  
		<BoxCollider>: 1 1.5 0.5 0.07499996 3 1 0.55  
		<Mesh>: 48 IndBuilding1_Base_Mid_A
			<Bounds>: 1.5 0.5 0.07499996 1.5 0.5 0.275
			<Positions>: 48 3 0.85 0.35 3 0.8 -0.2 3 1 -0.2 5.960464E-08 0.85 0.35 5.960464E-08 0.8 -0.2 5.960464E-08 1 -0.2 3 1 0.255 3 0.8 0.255 5.960464E-08 1 0.255 5.960464E-08 0.8 0.255 5.960464E-08 1.490116E-08 -0.2 3 1.490116E-08 -0.2 5.960464E-08 1.490116E-08 0.255 3 1.490116E-08 0.255 3 0.985786 0.35 3 1 0.3357859 5.960464E-08 1 0.3357859 5.960464E-08 0.985786 0.35 3 1 -0.2 3 0.8 -0.2 3 1 0.255 3 0.8 0.255 3 1 -0.2 5.960464E-08 1 -0.2 3 1 0.3357859 3 0.85 0.35 5.960464E-08 0.8 0.255 3 0.8 0.255 5.960464E-08 1 -0.2 5.960464E-08 0.8 -0.2 5.960464E-08 0.8 0.255 5.960464E-08 1 0.255 5.960464E-08 0.85 0.35 5.960464E-08 1 0.3357859 3 1.490116E-08 0.255 5.960464E-08 1.490116E-08 0.255 3 1.490116E-08 0.255 3 1.490116E-08 -0.2 5.960464E-08 1.490116E-08 -0.2 5.960464E-08 1.490116E-08 0.255 3 1.490116E-08 -0.2 5.960464E-08 1.490116E-08 -0.2 5.960464E-08 0.985786 0.35 3 0.985786 0.35 5.960464E-08 0.985786 0.35 5.960464E-08 0.85 0.35 3 0.85 0.35 3 0.985786 0.35  
			<Colors>: 0  
			<TextureCoords0>: 48 0.2998047 0.2939453 0.2954102 0.3374023 0.3115234 0.3374023 0.4003906 0.6967773 0.4003906 0.699707 0.4003906 0.6870117 0.3115234 0.3017578 0.2954102 0.3017578 0.4003906 0.6806641 0.4003906 0.699707 0.3999023 0.6533203 0.2001953 0.6533203 0.4003906 0.7539063 0.2001953 0.7539063 0.3104129 0.2939453 0.2001953 0.6856468 0.4003906 0.6856468 0.3104129 0.2939454 0.2001953 0.6870117 0.2001953 0.699707 0.2001953 0.6806641 0.2001953 0.699707 0.2001953 0.6533203 0.4003906 0.6533203 0.3115234 0.2951143 0.2001953 0.6967773 0.4003906 0.699707 0.2001953 0.699707 0.3115234 0.3374023 0.2954102 0.3374023 0.2954102 0.3017578 0.3115234 0.3017578 0.2998047 0.2939453 0.3115234 0.2951142 0.2001953 0.6870117 0.3999023 0.6870117 0.2324219 0.3017578 0.2324219 0.3374023 0.2324219 0.3374023 0.2324219 0.3017578 0.2001953 0.7539063 0.4003906 0.7539063 0.4003906 0.6879371 0.2001953 0.6879371 0.4003906 0.6879371 0.4003906 0.6967773 0.2001953 0.6967773 0.2001953 0.6879371  
			<TextureCoords1>: 48 0.5024516 0.009038925 0.4890829 0.1560936 0.5425574 0.1560935 0.003906263 0.1599998 0.8060229 0.5894489 0.8060231 0.5359745 0.5425575 0.03443921 0.489083 0.03443927 0.8060234 0.8744394 0.00390625 0.3181703 0.00390625 0.3142641 0.8060234 0.3142641 0.003906897 0.5320683 0.8060234 0.5320683 0.538757 0.009038866 0.003906297 0.8528394 0.8060234 0.8528395 0.007706682 0.009038985 0.00390649 0.5359745 0.00390625 0.5894489 0.003906283 0.8744394 0.8060228 0.3181703 0.00390625 0.9960937 0.8060234 0.9960938 0.5425574 0.01283938 0.8060232 0.1599998 0.00390625 0.1887035 0.8060232 0.1887035 0.003906321 0.1560936 0.05738075 0.1560936 0.05738073 0.03443927 0.003906296 0.03443938 0.04401206 0.009038925 0.00390625 0.0128395 0.8060234 0.1926097 0.00390627 0.1926097 0.275185 0.03443921 0.275185 0.1560935 0.2712787 0.1560935 0.2712787 0.03443915 0.003906895 0.8033469 0.8060235 0.8033469 0.806024 0.8474649 0.003906886 0.8474648 0.00390657 0.8072531 0.00390625 0.8435585 0.8060232 0.8435585 0.8060236 0.8072531  
			<Normals>: 48 1 0 0 1 0 0 1 0 0 0 -0.5168367 0.8560841 0 0 -1 0 0 -1 1 0 0 1 0 0 0 1 0 0 0 1 0 -1 0 0 -1 0 0 0 1 0 0 1 1 0 0 0 0.9238803 0.3826815 0 0.9238803 0.3826815 -1 0 0 0 0 -1 0 0 -1 0 1 0 0 0 1 0 1 0 0 1 0 1 0 0 0 -0.5168367 0.8560841 0 -0.8849189 0.4657452 0 -0.8849189 0.4657452 -1 0 0 -1 0 0 -1 0 0 -1 0 0 -1 0 0 -1 0 0 0 -1 0 0 -1 0 1 0 0 1 0 0 -1 0 0 -1 0 0 0 0 -1 0 0 -1 0 0.3826815 0.9238803 0 0.3826815 0.9238803 0 0.3826815 0.9238803 0 -0.5168367 0.8560841 0 -0.5168367 0.8560841 0 0.3826815 0.9238803  
			<Tangents>: 48 0 1 0 0 1 7.312981E-09 0 1 -1.490116E-07 -1 0 0 -1 0 0 -1 0 0 0 1 1.735141E-08 0 1 1.93025E-08 -1 0 0 -1 0 0 -1 0 0 -1 0 0 -1 0 0 -1 0 0 0 1 1.561085E-06 -1 4.871957E-08 -1.176201E-07 -1 7.100462E-10 -1.714213E-09 0 1 3.186544E-06 -1 0 0 -1 0 0 -1 0 -2.440051E-08 -1 0 0 -1 0 0 -1 0 0 0 1 4.890285E-05 -1 0 0 -1 0 0 -1 0 0 0 1 -5.486244E-08 0 1 -1.029418E-08 0 1 -3.881576E-09 0 1 2.979023E-07 0 1 1.065285E-06 0 1 -6.20518E-05 -1 0 0 -1 0 0 0 1 0 0 1 1.226409E-08 0 1 1.862645E-08 0 1 1.249441E-08 -1 0 0 -1 0 0 -1 0 0 -1 7.410206E-08 -3.06939E-08 -1 0 0 -1 0 0 -1 0 0 -1 0 0  
			<BiTangents>: 48 0 0 1 0 -7.312981E-09 1 0 1.490116E-07 1 0 0.856084 0.5168366 0 1 0 0 1 0 0 -1.735141E-08 1 0 -1.93025E-08 1 0 0 -1 0 1 0 0 0 -1 0 0 -1 0 1 0 0 1 0 0 -1.561085E-06 1 1.27311E-07 0.3826815 -0.9238803 1.855449E-09 0.3826815 -0.9238803 0 -3.186544E-06 1 0 1 0 0 1 0 2.440051E-08 0 -1 0 1 0 0 0 -1 0 0 -1 0 -4.890285E-05 1 0 0.856084 0.5168366 0 0.4657452 0.8849189 0 0.4657452 0.8849189 0 5.486244E-08 1 0 1.029418E-08 1 0 3.881576E-09 1 0 -2.979023E-07 1 0 -1.065285E-06 1 0 6.20518E-05 1 0 0 -1 0 0 -1 0 0 1 0 -1.226409E-08 1 0 -1.862645E-08 1 0 -1.249441E-08 1 0 1 0 0 1 0 0 0.9238803 -0.3826815 8.020743E-08 0.9238803 -0.3826815 0 0.9238803 -0.3826815 0 0.856084 0.5168366 0 0.856084 0.5168366 0 0.9238803 -0.3826815  
			<SubMeshes>: 1
				<SubMesh>: 0 96 6 7 1 6 1 2 18 19 4 18 4 5 16 15 20 16 20 8 9 12 13 9 13 21 8 20 22 8 22 23 0 7 6 6 14 0 6 24 14 25 3 26 25 26 27 28 29 30 28 30 31 31 30 32 32 17 31 17 33 31 34 35 10 34 10 11 7 36 37 7 37 1 29 38 39 29 39 30 19 40 41 19 41 4 16 42 43 16 43 15 44 45 46 44 46 47  
		</Mesh>
		<Materials>: 1
			<Material>: 0
				<AlbedoColor>: 1 1 1 1
				<EmissiveColor>: 0 0 0 0
				<Glossiness>: 0.04
				<Metallic>: 0
				<SpecularHighlight>: 1
				<GlossyReflection>: 1
				<AlbedoMap>: BLD_IndBuilding1_A
				<MetallicMap>: BLD_IndBuilding1_MS
				<NormalMap>: BLD_IndBuilding1_N
				<EmissionMap>: null
				<DetailAlbedoMap>: DET_Concrete1_A
				<DetailNormalMap>: DET_Concrete1_N
		</Materials>
		<Children>: 0
	</Frame>
</Hierarchy>
