<Hierarchy>:
	<Frame>: 0 5 IndBuilding1_Deco_Handrail_Mid_A
		<Transform>: 0 0 0 0 0 0 1 1 1 0 0 0 1  
		<TransformMatrix>: 1 0 0 0 0 1 0 0 0 0 1 0 0 0 0 1  
		<BoxCollider>: 1 0 -0.5012572 1.501378 0.1999999 1.002515 3.002755  
		<Mesh>: 192 IndBuilding1_Deco_Handrail_Mid_A
			<Bounds>: 0.00217247 -0.5080617 1.492779 0.1081215 0.5189763 1.509976
			<Positions>: 192 0.02860297 -1.027038 0.01719663 0.02860297 0.01091456 0.0171969 0.02860297 -1.027038 -0.01719668 0.02860297 0.01091456 -0.01719653 0.110294 -1.027038 0.01719663 0.110294 0.01091456 0.0171969 0.110294 -1.027038 -0.01719668 0.110294 0.01091456 -0.01719653 -0.02532855 -0.05999989 1.274671 -0.02532855 -1.002514 1.274671 -0.02532855 -0.05999988 1.32533 -0.02532855 -1.002514 1.32533 0.02532641 -0.05999989 1.274671 0.02532641 -1.002514 1.274671 0.02532641 -0.05999988 1.32533 0.02532641 -1.002514 1.32533 0.02532641 -1.002515 0.5253299 0.02532641 -0.05999992 0.5253298 0.02532641 -1.002515 0.4746709 0.02532641 -0.05999992 0.4746709 -0.02532855 -1.002515 0.5253299 -0.02532855 -0.05999992 0.5253298 -0.02532855 -1.002515 0.4746709 -0.02532855 -0.05999992 0.4746709 -0.02532855 -0.05999985 2.074671 -0.02532855 -1.002514 2.074671 -0.02532855 -0.05999985 2.12533 -0.02532855 -1.002514 2.12533 0.02532641 -0.05999985 2.074671 0.02532641 -1.002514 2.074671 0.02532641 -0.05999985 2.12533 0.02532641 -1.002514 2.12533 0.02532641 -1.002514 2.92533 0.02532641 -0.05999982 2.92533 0.02532641 -1.002514 2.874671 0.02532641 -0.05999982 2.874671 -0.02532855 -1.002514 2.92533 -0.02532855 -0.05999982 2.92533 -0.02532855 -1.002514 2.874671 -0.02532855 -0.05999982 2.874671 0.09999996 -0.07002012 3 0.09999996 -0.07002026 3.060683E-09 -0.09999996 -0.07002012 3 -0.09999996 -0.07002026 3.060683E-09 0.07753499 1.311342E-07 3 0.09999996 -0.02246484 3 0.09999996 -0.02246497 9.819751E-10 0.07753499 0 0 -0.09999996 -0.02246484 3 -0.07753499 1.311342E-07 3 -0.07753499 0 0 -0.09999996 -0.02246497 9.819752E-10 -0.06211541 -0.237523 0.00217545 -0.06211541 -0.2375229 3.002755 -0.06211541 -0.2031295 0.00217545 -0.06211541 -0.2031294 3.002755 0.06211327 -0.237523 0.00217545 0.06211327 -0.2375229 3.002755 0.06211327 -0.2031295 0.00217545 0.06211327 -0.2031294 3.002755 -0.06211541 -1.027014 0.002175495 -0.06211541 -1.027014 3.002755 -0.06211541 -0.9763554 0.002175493 -0.06211541 -0.9763553 3.002755 0.06211327 -1.027014 0.002175495 0.06211327 -1.027014 3.002755 0.06211327 -0.9763554 0.002175493 0.06211327 -0.9763553 3.002755 -0.105949 -1.027038 0.01719663 -0.105949 0.01091456 0.0171969 -0.105949 -1.027038 -0.01719668 -0.105949 0.01091456 -0.01719653 -0.02425803 -1.027038 0.01719663 -0.02425803 0.01091456 0.0171969 -0.02425803 -1.027038 -0.01719668 -0.02425803 0.01091456 -0.01719653 0.02860297 0.01091456 0.0171969 0.02860297 -1.027038 0.01719663 0.110294 0.01091456 0.0171969 0.110294 -1.027038 0.01719663 0.02860297 -1.027038 -0.01719668 0.02860297 0.01091456 -0.01719653 0.110294 0.01091456 -0.01719653 0.110294 -1.027038 -0.01719668 0.110294 0.01091456 -0.01719653 0.02860297 0.01091456 -0.01719653 0.02860297 0.01091456 0.0171969 0.110294 0.01091456 0.0171969 0.02860297 -1.027038 -0.01719668 0.110294 -1.027038 -0.01719668 0.110294 -1.027038 0.01719663 0.02860297 -1.027038 0.01719663 -0.02532855 -1.002514 1.274671 -0.02532855 -0.05999989 1.274671 0.02532641 -1.002514 1.274671 0.02532641 -0.05999989 1.274671 -0.02532855 -0.05999988 1.32533 -0.02532855 -1.002514 1.32533 0.02532641 -1.002514 1.32533 0.02532641 -0.05999988 1.32533 0.02532641 -0.05999992 0.4746709 0.02532641 -1.002515 0.4746709 -0.02532855 -0.05999992 0.4746709 -0.02532855 -1.002515 0.4746709 -0.02532855 -0.05999992 0.5253298 -0.02532855 -1.002515 0.5253299 0.02532641 -1.002515 0.5253299 0.02532641 -0.05999992 0.5253298 -0.02532855 -1.002514 2.074671 -0.02532855 -0.05999985 2.074671 0.02532641 -1.002514 2.074671 0.02532641 -0.05999985 2.074671 -0.02532855 -0.05999985 2.12533 -0.02532855 -1.002514 2.12533 0.02532641 -1.002514 2.12533 0.02532641 -0.05999985 2.12533 0.02532641 -0.05999982 2.874671 0.02532641 -1.002514 2.874671 -0.02532855 -0.05999982 2.874671 -0.02532855 -1.002514 2.874671 -0.02532855 -0.05999982 2.92533 -0.02532855 -1.002514 2.92533 0.02532641 -1.002514 2.92533 0.02532641 -0.05999982 2.92533 0.09999996 -0.07002012 3 -0.09999996 -0.07002012 3 -0.09999996 -0.07002026 3.060683E-09 0.09999996 -0.07002026 3.060683E-09 0.09999996 -0.07002026 3.060683E-09 -0.09999996 -0.07002026 3.060683E-09 -0.09999996 -0.02246497 9.819752E-10 -0.07753499 0 0 0.07753499 0 0 0.09999996 -0.02246497 9.819751E-10 0.07753499 1.311342E-07 3 0.07753499 0 0 -0.07753499 0 0 -0.07753499 1.311342E-07 3 -0.07753499 1.311342E-07 3 -0.09999996 -0.02246484 3 -0.09999996 -0.07002012 3 0.09999996 -0.07002012 3 0.07753499 1.311342E-07 3 0.09999996 -0.02246484 3 -0.06211541 -0.2375229 3.002755 -0.06211541 -0.237523 0.00217545 0.06211327 -0.2375229 3.002755 0.06211327 -0.237523 0.00217545 -0.06211541 -0.2031295 0.00217545 -0.06211541 -0.2031294 3.002755 0.06211327 -0.2031294 3.002755 0.06211327 -0.2031295 0.00217545 0.06211327 -0.2031294 3.002755 -0.06211541 -0.2031294 3.002755 -0.06211541 -0.2375229 3.002755 0.06211327 -0.2375229 3.002755 -0.06211541 -0.2031295 0.00217545 0.06211327 -0.2031295 0.00217545 0.06211327 -0.237523 0.00217545 -0.06211541 -0.237523 0.00217545 -0.06211541 -1.027014 3.002755 -0.06211541 -1.027014 0.002175495 0.06211327 -1.027014 3.002755 0.06211327 -1.027014 0.002175495 -0.06211541 -0.9763554 0.002175493 -0.06211541 -0.9763553 3.002755 0.06211327 -0.9763553 3.002755 0.06211327 -0.9763554 0.002175493 0.06211327 -0.9763553 3.002755 -0.06211541 -0.9763553 3.002755 -0.06211541 -1.027014 3.002755 0.06211327 -1.027014 3.002755 -0.06211541 -0.9763554 0.002175493 0.06211327 -0.9763554 0.002175493 0.06211327 -1.027014 0.002175495 -0.06211541 -1.027014 0.002175495 -0.105949 0.01091456 0.0171969 -0.105949 -1.027038 0.01719663 -0.02425803 0.01091456 0.0171969 -0.02425803 -1.027038 0.01719663 -0.105949 -1.027038 -0.01719668 -0.105949 0.01091456 -0.01719653 -0.02425803 0.01091456 -0.01719653 -0.02425803 -1.027038 -0.01719668 -0.02425803 0.01091456 -0.01719653 -0.105949 0.01091456 -0.01719653 -0.105949 0.01091456 0.0171969 -0.02425803 0.01091456 0.0171969 -0.105949 -1.027038 -0.01719668 -0.02425803 -1.027038 -0.01719668 -0.02425803 -1.027038 0.01719663 -0.105949 -1.027038 0.01719663  
			<Colors>: 0  
			<TextureCoords0>: 192 0.8012695 0.2036133 0.8535156 0.2036133 0.8012695 0.2041016 0.8535156 0.2041016 0.8012695 0.2148438 0.8535156 0.2148438 0.8012695 0.2138672 0.8535156 0.2138672 0.9355469 0.03466797 0.9355469 0.1494141 0.9277344 0.03466797 0.9277344 0.1494141 0.9428711 0.03466797 0.9428711 0.1494141 0.9516602 0.03466797 0.9516602 0.1494141 0.9594727 0.1489258 0.9594727 0.03417969 0.9516602 0.1489258 0.9516602 0.03417969 0.9360352 0.1489258 0.9360352 0.03417969 0.9438477 0.1489258 0.9438477 0.03417969 0.871582 0.08398438 0.871582 0.1987305 0.8642578 0.08398438 0.8642578 0.1987305 0.8798828 0.08398438 0.8798828 0.1987305 0.8881836 0.08398438 0.8881836 0.1987305 0.8549805 0.1987305 0.8549805 0.08398438 0.847168 0.1987305 0.847168 0.08398438 0.8320313 0.1987305 0.8320313 0.08398438 0.8393555 0.1987305 0.8393555 0.08398438 0.3886719 0.7724609 0.2036133 0.7724609 0.3886719 0.7548828 0.2036133 0.7548828 0.3886719 0.7666016 0.3886719 0.7700195 0.2036133 0.7700195 0.2036133 0.7666016 0.3886719 0.7578125 0.3886719 0.7597656 0.2036133 0.7597656 0.2036133 0.7578125 0.003417969 0.7553711 0.1884766 0.7553711 0.003417969 0.7602539 0.1884766 0.7602539 0.003417969 0.7695313 0.1884766 0.7695313 0.003417969 0.7675781 0.1884766 0.7675781 0.003417969 0.7553711 0.1884766 0.7553711 0.003417969 0.7602539 0.1884766 0.7602539 0.003417969 0.7695313 0.1884766 0.7695313 0.003417969 0.7675781 0.1884766 0.7675781 0.8564453 0.2036133 0.9086914 0.2036133 0.8564453 0.2041016 0.9086914 0.2041016 0.8564453 0.2148438 0.9086914 0.2148438 0.8564453 0.2138672 0.9086914 0.2138672 0.8535156 0.2060547 0.8012695 0.2060547 0.8535156 0.2148438 0.8012695 0.2148438 0.8012695 0.2041016 0.8535156 0.2041016 0.8535156 0.2138672 0.8012695 0.2138672 0.8291016 0.2084961 0.847168 0.2084961 0.847168 0.2114258 0.8291016 0.2114258 0.847168 0.2084961 0.8291016 0.2084961 0.8291016 0.2114258 0.847168 0.2114258 0.9355469 0.1494141 0.9355469 0.03466797 0.9428711 0.1494141 0.9428711 0.03466797 0.9599609 0.03466797 0.9599609 0.1494141 0.9516602 0.1494141 0.9516602 0.03466797 0.9516602 0.03417969 0.9516602 0.1489258 0.9438477 0.03417969 0.9438477 0.1489258 0.9672852 0.03417969 0.9672852 0.1489258 0.9594727 0.1489258 0.9594727 0.03417969 0.871582 0.1987305 0.871582 0.08398438 0.8798828 0.1987305 0.8798828 0.08398438 0.8955078 0.08398438 0.8955078 0.1987305 0.8881836 0.1987305 0.8881836 0.08398438 0.847168 0.08398438 0.847168 0.1987305 0.8393555 0.08398438 0.8393555 0.1987305 0.862793 0.08398438 0.862793 0.1987305 0.8549805 0.1987305 0.8549805 0.08398438 0.3886719 0.7724609 0.3886719 0.7783203 0.2036133 0.7783203 0.2036133 0.7724609 0.262207 0.7768555 0.3168945 0.7768555 0.3168945 0.7641602 0.3100586 0.7583008 0.2680664 0.7583008 0.262207 0.7641602 0.3886719 0.7666016 0.2036133 0.7666016 0.2036133 0.7597656 0.3886719 0.7597656 0.3100586 0.7583008 0.3168945 0.7641602 0.3168945 0.7768555 0.262207 0.7768555 0.2680664 0.7583008 0.262207 0.7641602 0.1884766 0.7734375 0.003417969 0.7734375 0.1884766 0.7695313 0.003417969 0.7695313 0.003417969 0.7602539 0.1884766 0.7602539 0.1884766 0.7675781 0.003417969 0.7675781 0.06201172 0.7641602 0.09619141 0.7641602 0.09619141 0.7773438 0.06201172 0.7773438 0.09619141 0.7641602 0.06201172 0.7641602 0.06201172 0.7773438 0.09619141 0.7773438 0.1884766 0.7734375 0.003417969 0.7734375 0.1884766 0.7695313 0.003417969 0.7695313 0.003417969 0.7602539 0.1884766 0.7602539 0.1884766 0.7675781 0.003417969 0.7675781 0.06201172 0.7641602 0.09619141 0.7641602 0.09619141 0.7773438 0.06201172 0.7773438 0.09619141 0.7641602 0.06201172 0.7641602 0.06201172 0.7773438 0.09619141 0.7773438 0.9086914 0.2060547 0.8564453 0.2060547 0.9086914 0.2148438 0.8564453 0.2148438 0.8564453 0.2041016 0.9086914 0.2041016 0.9086914 0.2138672 0.8564453 0.2138672 0.8842773 0.2084961 0.9023438 0.2084961 0.9023438 0.2114258 0.8842773 0.2114258 0.9023438 0.2084961 0.8842773 0.2084961 0.8842773 0.2114258 0.9023438 0.2114258  
			<TextureCoords1>: 192 0.3471249 0.4855738 0.003906256 0.4855737 0.3471249 0.4969466 0.00390625 0.4969466 0.3471248 0.4393756 0.003906256 0.4393756 0.00390625 0.4045505 0.3471247 0.4045504 0.00390625 0.3120221 0.3155665 0.3120221 0.003906256 0.2952707 0.3155665 0.2952707 0.3155665 0.2333006 0.003906256 0.2333006 0.3155665 0.2746132 0.003906256 0.2746132 0.003906256 0.3572409 0.3155666 0.3572409 0.00390625 0.3739922 0.3155665 0.3739922 0.3155665 0.1713305 0.003906256 0.1713305 0.00390625 0.3326784 0.3155665 0.3326784 0.00390625 0.1674243 0.3155665 0.1674243 0.003906256 0.1506729 0.3155665 0.1506729 0.3155665 0.109359 0.003906256 0.109359 0.3155665 0.1300152 0.003906256 0.1300152 0.003906255 0.06804502 0.3155664 0.06804502 0.00390625 0.08479643 0.3155664 0.08479643 0.3155664 0.04738736 0.003906256 0.04738736 0.00390625 0.2293944 0.3155665 0.2293944 0.00390625 0.7442809 0.9959131 0.7442811 0.995913 0.5889211 0.003906546 0.5889212 0.9959125 0.5928274 0.003906882 0.7285559 0.9959137 0.728556 0.00390625 0.5928274 0.9959128 0.5731961 0.995913 0.6441042 0.003906699 0.6441042 0.003906372 0.5731962 0.00390625 0.7595602 0.9961041 0.7595601 0.003906257 0.7481873 0.9961041 0.7481873 0.9961047 0.9550152 0.003906267 0.9550152 0.9961045 0.7634664 0.003906257 0.7634664 0.00390625 0.8161546 0.9961045 0.8161546 0.00390626 0.7994032 0.9961045 0.7994032 0.9961047 0.8650456 0.003906267 0.8650456 0.9961045 0.7787455 0.00390626 0.7787455 0.3471249 0.4702947 0.003906256 0.4702946 0.3471249 0.4816675 0.00390625 0.4816674 0.3471249 0.5317718 0.003906256 0.5317718 0.00390625 0.3892714 0.3471247 0.3892713 0.00390625 0.4663883 0.3471248 0.4663883 0.3471247 0.3931776 0.003906255 0.3931777 0.00390625 0.4354694 0.3471248 0.4354694 0.3471248 0.4084567 0.003906256 0.4084567 0.3194728 0.3326784 0.3464855 0.3326784 0.3464855 0.3213055 0.3194728 0.3213055 0.3194728 0.3120221 0.3464855 0.3120221 0.3464855 0.3006493 0.3194728 0.3006493 0.00390625 0.2500507 0.3155665 0.2500507 0.00390625 0.2913645 0.3155665 0.2913645 0.00390625 0.270707 0.3155665 0.270707 0.3155665 0.2539569 0.003906256 0.2539569 0.3155666 0.3159283 0.003906256 0.3159283 0.00390625 0.1880819 0.3155665 0.1880819 0.00390625 0.3533346 0.3155665 0.3533346 0.3155666 0.3365846 0.003906256 0.3365846 0.00390625 0.1261089 0.3155665 0.1261089 0.00390625 0.1467666 0.3155665 0.1467666 0.00390625 0.1054527 0.3155665 0.1054527 0.3155665 0.08870268 0.003906256 0.08870268 0.3155665 0.2126444 0.003906256 0.2126444 0.00390625 0.06413877 0.3155664 0.06413877 0.00390625 0.2087381 0.3155665 0.2087381 0.3155665 0.1919881 0.003906256 0.1919881 0.00390625 0.6480105 0.003906777 0.7141442 0.995913 0.7141442 0.9959125 0.6480105 0.00390625 0.04348111 0.07004 0.04348105 0.07004 0.02775604 0.06261153 0.02032757 0.01133472 0.02032757 0.003906251 0.02775604 0.003907567 0.7180505 0.9959144 0.7180505 0.00390625 0.5626907 0.9959127 0.5626906 0.08137472 0.02032757 0.07394625 0.02775604 0.07394625 0.04348111 0.14008 0.04348111 0.1326515 0.02032757 0.14008 0.02775604 0.00390625 0.9960938 0.9961047 0.9960938 0.00390625 0.7748392 0.9961045 0.7748393 0.00390625 0.9511089 0.9961047 0.9511089 0.9961047 0.9100304 0.003906267 0.9100304 0.1150248 0.005048513 0.07394625 0.005048513 0.07394625 0.01642132 0.1150248 0.01642132 0.04498482 0.005048513 0.003906253 0.005048513 0.00390625 0.01642132 0.04498482 0.01642132 0.00390625 0.9061242 0.9961047 0.9061242 0.00390625 0.7954969 0.9961045 0.7954969 0.00390625 0.8611394 0.9961047 0.8611394 0.9961047 0.8200608 0.003906267 0.8200608 0.1850648 0.0267297 0.1439863 0.0267297 0.1439862 0.04348111 0.1850648 0.04348111 0.1850648 0.006072044 0.1439863 0.006072044 0.1439862 0.02282345 0.1850648 0.02282345 0.00390625 0.5587844 0.3471249 0.5587844 0.3471247 0.3778985 0.003906255 0.3778986 0.00390625 0.5278655 0.3471249 0.5278655 0.3471249 0.5008528 0.003906256 0.5008528 0.3194728 0.3739922 0.3464855 0.3739922 0.3464855 0.3626193 0.3194728 0.3626193 0.3194728 0.3533346 0.3464855 0.3533346 0.3464855 0.3419618 0.3194728 0.3419618  
			<Normals>: 192 -1 0 0 -1 0 0 -1 0 0 -1 0 0 0 0 1 0 0 1 1 0 0 1 0 0 -1 0 0 -1 0 0 -1 0 0 -1 0 0 0 0 -1 0 0 -1 1 0 0 1 0 0 1 0 0 1 0 0 1 0 0 1 0 0 -1 0 0 -1 0 0 0 0 -1 0 0 -1 -1 0 0 -1 0 0 -1 0 0 -1 0 0 0 0 -1 0 0 -1 1 0 0 1 0 0 1 0 0 1 0 0 1 0 0 1 0 0 -1 0 0 -1 0 0 0 0 -1 0 0 -1 1 0 0 1 0 0 -1 0 0 -1 0 0 0.3826815 0.9238803 0 0.9238803 0.3826815 0 0.9238803 0.3826815 0 0.3826815 0.9238803 0 -0.9238803 0.3826815 0 -0.3826815 0.9238803 0 -0.3826815 0.9238803 0 -0.9238803 0.3826815 0 -1 0 0 -1 0 0 -1 0 0 -1 0 0 0 -1 0 0 -1 0 1 0 0 1 0 0 -1 0 0 -1 0 0 -1 0 0 -1 0 0 0 -1 0 0 -1 0 1 0 0 1 0 0 -1 0 0 -1 0 0 -1 0 0 -1 0 0 0 0 1 0 0 1 1 0 0 1 0 0 0 0 1 0 0 1 1 0 0 1 0 0 0 0 -1 0 0 -1 0 0 -1 0 0 -1 0 1 0 0 1 0 0 1 0 0 1 0 0 -1 0 0 -1 0 0 -1 0 0 -1 0 0 0 -1 0 0 -1 1 0 0 1 0 0 0 0 1 0 0 1 0 0 1 0 0 1 0 0 -1 0 0 -1 -1 0 0 -1 0 0 0 0 1 0 0 1 0 0 1 0 0 1 0 0 -1 0 0 -1 1 0 0 1 0 0 0 0 1 0 0 1 0 0 1 0 0 1 0 0 -1 0 0 -1 -1 0 0 -1 0 0 0 0 1 0 0 1 0 0 1 0 0 1 0 -1 0 0 -1 0 0 -1 0 0 -1 0 0 0 -1 0 0 -1 0 0 -1 0 0 -1 0 0 -1 0 0 -1 0.3826815 0.9238803 0 0.3826815 0.9238803 0 -0.3826815 0.9238803 0 -0.3826815 0.9238803 0 0 0 1 0 0 1 0 0 1 0 0 1 0 0 1 0 0 1 0 -1 0 0 -1 0 1 0 0 1 0 0 0 1 0 0 1 0 0 1 0 0 1 0 0 0 1 0 0 1 0 0 1 0 0 1 0 0 -1 0 0 -1 0 0 -1 0 0 -1 0 -1 0 0 -1 0 1 0 0 1 0 0 0 1 0 0 1 0 0 1 0 0 1 0 0 0 1 0 0 1 0 0 1 0 0 1 0 0 -1 0 0 -1 0 0 -1 0 0 -1 0 0 1 0 0 1 1 0 0 1 0 0 0 0 -1 0 0 -1 0 0 -1 0 0 -1 0 1 0 0 1 0 0 1 0 0 1 0 0 -1 0 0 -1 0 0 -1 0 0 -1 0  
			<Tangents>: 192 0 1 1.423958E-07 0 1 2.548244E-07 0 1 1.399739E-07 0 1 2.524025E-07 0 1 0 0 1 0 0 1 2.524025E-07 0 1 1.399739E-07 0 -7.102286E-08 -1 0 0 -1 0 -7.353668E-08 -1 0 -2.513822E-09 -1 1 0 0 1 0 0 0 7.102286E-08 1 0 0 1 0 0 1 0 0 1 0 0 1 0 0 1 0 0 -1 0 0 -1 1 0 0 1 0 0 0 -7.102251E-08 -1 0 0 -1 0 -7.353633E-08 -1 0 -2.513822E-09 -1 1 0 0 1 0 0 0 7.102251E-08 1 0 0 1 0 0 1 0 0 1 0 0 1 0 0 1 0 0 -1 0 0 -1 1 0 0 1 0 0 0 4.470348E-08 1 0 4.285963E-08 1 0 4.408887E-08 1 0 4.470348E-08 1 -1.545425E-08 6.401319E-09 1 -1.541809E-08 3.722277E-08 1 -1.532479E-08 3.699753E-08 1 -1.545425E-08 6.401319E-09 1 1.553335E-08 3.750103E-08 1 1.545425E-08 6.401319E-09 1 1.545425E-08 6.401319E-09 1 1.571587E-08 3.794168E-08 1 0 2.98328E-08 1 0 3.476266E-08 1 0 2.979656E-08 1 0 3.472642E-08 1 0 0 1 0 0 1 0 3.472642E-08 1 0 2.979656E-08 1 0 1.965089E-08 1 0 0 1 0 1.986438E-08 1 0 2.134845E-10 1 0 0 1 0 0 1 0 2.134847E-10 1 0 1.986438E-08 1 0 1 1.423958E-07 0 1 2.548244E-07 0 1 1.399739E-07 0 1 2.524025E-07 0 1 0 0 1 0 0 1 2.524025E-07 0 1 1.399739E-07 0 1 0 0 1 0 0 1 1.423958E-07 0 1 2.548244E-07 0 1 0 0 1 0 0 1 0 0 1 0 -1 0 0 -1 0 0 -1 0 0 -1 0 0 -1 0 0 -1 0 0 -1 0 0 -1 0 0 1 0 0 1 0 0 0 2.513822E-09 1 0 7.353668E-08 1 -1 0 0 -1 0 0 -1 0 0 -1 0 0 1 0 0 1 0 0 0 0 -1 0 0 -1 -1 0 0 -1 0 0 -1 0 0 -1 0 0 1 0 0 1 0 0 0 2.513822E-09 1 0 7.353633E-08 1 -1 0 0 -1 0 0 -1 0 0 -1 0 0 1 0 0 1 0 0 0 0 -1 0 0 -1 -1 0 0 -1 0 0 -1 0 0 -1 0 0 0 0 1 0 0 1 0 0 1 0 0 1 -0.9999999 0.0002897078 0 -1 0 0 -0.999999 -0.001389505 0 -0.9999946 -0.003301053 0 -0.9999999 0.0005408357 0 -0.999736 0.02297973 0 -1.514854E-08 6.274691E-09 1 -1.545425E-08 6.401319E-09 1 1.558461E-08 6.455315E-09 1 1.545425E-08 6.401319E-09 1 -0.9999999 -0.0005087761 0 -0.999736 -0.02297973 0 -0.9999999 -0.0004741466 0 -0.9999999 0.0004852941 0 -0.9999999 0.0005408442 0 -0.999736 0.0229801 0 0 0 1 0 0 1 0 2.98328E-08 1 0 3.476266E-08 1 0 0 1 0 0 1 0 0 1 0 0 1 -1 0 0 -1 0 0 -1 0 0 -1 0 0 -1 0 0 -1 0 0 -1 0 0 -1 0 0 0 0 1 0 0 1 0 1.965089E-08 1 0 0 1 0 0 1 0 0 1 0 0 1 0 0 1 -1 0 0 -1 0 0 -1 0 0 -1 0 0 -1 0 0 -1 0 0 -1 0 0 -1 0 0 0 1 0 0 1 0 0 1 1.423958E-07 0 1 2.548244E-07 0 1 0 0 1 0 0 1 0 0 1 0 -1 0 0 -1 0 0 -1 0 0 -1 0 0 -1 0 0 -1 0 0 -1 0 0 -1 0 0  
			<BiTangents>: 192 0 -1.423958E-07 1 0 -2.548244E-07 1 0 -1.399739E-07 1 0 -2.524025E-07 1 -1 0 0 -1 0 0 0 2.524025E-07 -1 0 1.399739E-07 -1 0 1 -7.102286E-08 0 1 0 0 1 -7.353668E-08 0 1 -2.513822E-09 0 1 0 0 1 0 0 1 -7.102286E-08 0 1 0 0 1 0 0 1 0 0 1 0 0 1 0 0 1 0 0 1 0 0 1 0 0 1 0 0 1 -7.102251E-08 0 1 0 0 1 -7.353633E-08 0 1 -2.513822E-09 0 1 0 0 1 0 0 1 -7.102251E-08 0 1 0 0 1 0 0 1 0 0 1 0 0 1 0 0 1 0 0 1 0 0 1 0 0 1 0 0 1 -4.470348E-08 0 1 -4.285963E-08 0 -1 4.408887E-08 0 -1 4.470348E-08 -0.9238803 0.3826815 -1.672754E-08 -0.3826815 0.9238803 -4.02896E-08 -0.3826815 0.9238803 -4.004581E-08 -0.9238803 0.3826815 -1.672754E-08 -0.3826815 -0.9238803 4.059079E-08 -0.9238803 -0.3826815 1.672754E-08 -0.9238803 -0.3826815 1.672754E-08 -0.3826815 -0.9238803 4.106775E-08 0 -1 2.98328E-08 0 -1 3.476266E-08 0 -1 2.979656E-08 0 -1 3.472642E-08 1 0 0 1 0 0 0 1 -3.472642E-08 0 1 -2.979656E-08 0 -1 1.965089E-08 0 -1 0 0 -1 1.986438E-08 0 -1 2.134845E-10 1 0 0 1 0 0 0 1 -2.134847E-10 0 1 -1.986438E-08 0 -1.423958E-07 1 0 -2.548244E-07 1 0 -1.399739E-07 1 0 -2.524025E-07 1 -1 0 0 -1 0 0 0 2.524025E-07 -1 0 1.399739E-07 -1 -1 0 0 -1 0 0 0 1.423958E-07 -1 0 2.548244E-07 -1 -1 0 0 -1 0 0 -1 0 0 -1 0 0 0 0 -1 0 0 -1 0 0 -1 0 0 -1 0 0 -1 0 0 -1 0 0 -1 0 0 -1 0 1 0 0 1 0 0 1 -2.513822E-09 0 1 -7.353668E-08 0 1 0 0 1 0 0 1 0 0 1 0 0 1 0 0 1 0 0 1 0 0 1 0 0 1 0 0 1 0 0 1 0 0 1 0 0 1 0 0 1 0 0 1 -2.513822E-09 0 1 -7.353633E-08 0 1 0 0 1 0 0 1 0 0 1 0 0 1 0 0 1 0 0 1 0 0 1 0 0 1 0 0 1 0 0 1 0 0 1 0 1 0 0 1 0 0 1 0 0 1 0 0 0.0002897078 0.9999999 0 0 1 0 -0.001389505 0.999999 0 -0.003301053 0.9999946 0 0.0005408357 0.9999999 0 0.02297973 0.999736 0 -0.9238803 0.3826815 -1.639664E-08 -0.9238803 0.3826815 -1.672754E-08 -0.9238803 -0.3826815 1.686864E-08 -0.9238803 -0.3826815 1.672754E-08 -0.0005087761 0.9999999 0 -0.02297973 0.999736 0 -0.0004741466 0.9999999 0 0.0004852941 0.9999999 0 0.0005408442 0.9999999 0 0.0229801 0.999736 0 1 0 0 1 0 0 0 1 -2.98328E-08 0 1 -3.476266E-08 -1 0 0 -1 0 0 -1 0 0 -1 0 0 0 1 0 0 1 0 0 1 0 0 1 0 0 1 0 0 1 0 0 1 0 0 1 0 1 0 0 1 0 0 0 1 -1.965089E-08 0 1 0 -1 0 0 -1 0 0 -1 0 0 -1 0 0 0 1 0 0 1 0 0 1 0 0 1 0 0 1 0 0 1 0 0 1 0 0 1 0 -1 0 0 -1 0 0 0 1.423958E-07 -1 0 2.548244E-07 -1 -1 0 0 -1 0 0 -1 0 0 -1 0 0 0 0 -1 0 0 -1 0 0 -1 0 0 -1 0 0 -1 0 0 -1 0 0 -1 0 0 -1  
			<SubMeshes>: 1
				<SubMesh>: 0 300 0 1 3 0 3 2 4 5 76 4 76 77 6 7 78 6 78 79 80 81 82 80 82 83 84 85 86 84 86 87 88 89 90 88 90 91 8 9 11 8 11 10 12 13 92 12 92 93 14 15 94 14 94 95 96 97 98 96 98 99 17 16 18 17 18 19 100 101 22 100 22 23 102 103 20 102 20 21 104 105 106 104 106 107 24 25 27 24 27 26 28 29 108 28 108 109 30 31 110 30 110 111 112 113 114 112 114 115 33 32 34 33 34 35 116 117 38 116 38 39 118 119 36 118 36 37 120 121 122 120 122 123 49 44 47 49 47 50 51 43 42 51 42 48 45 40 41 45 41 46 124 125 126 124 126 127 128 129 130 130 131 128 131 132 128 132 133 128 134 45 46 134 46 135 136 51 48 136 48 137 138 139 140 140 141 138 141 142 138 141 143 142 52 53 55 52 55 54 56 57 144 56 144 145 58 59 146 58 146 147 148 149 150 148 150 151 152 153 154 152 154 155 156 157 158 156 158 159 60 61 63 60 63 62 64 65 160 64 160 161 66 67 162 66 162 163 164 165 166 164 166 167 168 169 170 168 170 171 172 173 174 172 174 175 68 69 71 68 71 70 72 73 176 72 176 177 74 75 178 74 178 179 180 181 182 180 182 183 184 185 186 184 186 187 188 189 190 188 190 191  
		</Mesh>
		<Materials>: 1
			<Material>: 0
				<AlbedoColor>: 1 1 1 1
				<EmissiveColor>: 0 0 0 0
				<Glossiness>: 0.04
				<Metallic>: 0
				<SpecularHighlight>: 1
				<GlossyReflection>: 1
				<AlbedoMap>: BLD_IndBuilding1_A
				<MetallicMap>: BLD_IndBuilding1_MS
				<NormalMap>: BLD_IndBuilding1_N
				<EmissionMap>: null
				<DetailAlbedoMap>: DET_Concrete1_A
				<DetailNormalMap>: DET_Concrete1_N
		</Materials>
		<Children>: 0
	</Frame>
</Hierarchy>
