<Hierarchy>:
	<Frame>: 0 5 IndBuilding1_Deco_Column_Base
		<Transform>: 0 0 0 0 0 0 1 1 1 0 0 0 1  
		<TransformMatrix>: 1 0 0 0 0 1 0 0 0 0 1 0 0 0 0 1  
		<BoxCollider>: 1 0 0.5 0 0.6 1 1  
		<Mesh>: 135 IndBuilding1_Deco_Column_Base
			<Bounds>: 0 0.5 0 0.3 0.5 0.5000001
			<Positions>: 135 0.3 0.7442324 2.235174E-08 0.3 0.6557674 -7.450581E-09 -0.3 0.7442324 -7.450581E-09 -0.3 0.6557674 2.235174E-08 0 1 -0.5000001 0 -2.185569E-08 -0.5 0 1 0.5 0 2.18557E-08 0.5000001 -0.27 0.7 -7.450581E-09 0.27 0.7 -7.450581E-09 0 8.881784E-16 5.215406E-08 0 1 -6.705523E-08 0 0.7 0.45 0 0.7 -0.45 -0.3 8.881784E-16 2.235174E-08 -0.3 1 -6.705523E-08 0.3 8.881784E-16 5.215406E-08 0.3 1 -3.72529E-08 0 0.6557674 0.5 0 0.7442324 0.5 0 0.6557674 -0.5 0 0.7442324 -0.5 0.2686875 2.18557E-08 0.5000001 0.3 2.037589E-08 0.4661459 0.3 1 0.4661458 0.2686875 1 0.5 0.3 -2.037588E-08 -0.4661459 0.2686875 -2.185569E-08 -0.5 0.2686875 1 -0.5000001 0.3 1 -0.4661459 -0.3 2.037589E-08 0.4661459 -0.2686875 2.18557E-08 0.5000001 -0.2686875 1 0.5 -0.3 1 0.4661458 -0.2686875 -2.185569E-08 -0.5 -0.3 -2.037588E-08 -0.4661459 -0.3 1 -0.4661459 -0.2686875 1 -0.5000001 -0.27 0.7 -0.4161459 -0.2386875 0.7 -0.45 0.27 0.7 0.4161459 0.2386875 0.7 0.45 -0.2386875 0.7 0.45 -0.27 0.7 0.4161459 0.2386875 0.7 -0.45 0.27 0.7 -0.4161459 0.3 0.7442324 0.4661459 0.2686875 0.7442324 0.5 0.2686875 0.6557674 0.5 0.3 0.6557674 0.4661458 0.2686875 0.7442324 -0.5 0.3 0.7442324 -0.4661459 0.3 0.6557674 -0.4661459 0.2686875 0.6557674 -0.5 -0.3 0.7442324 -0.4661459 -0.2686875 0.7442324 -0.5 -0.2686875 0.6557674 -0.5 -0.3 0.6557674 -0.4661459 -0.2686875 0.7442324 0.5 -0.3 0.7442324 0.4661459 -0.3 0.6557674 0.4661458 -0.2686875 0.6557674 0.5 -0.2686875 1 -6.705523E-08 0.2686875 1 -4.036352E-08 0 -2.037588E-08 -0.4661459 0 2.037589E-08 0.4661459 -0.2686875 1 -0.5000001 0 -2.185569E-08 -0.5 -0.2686875 -2.185569E-08 -0.5 -0.2386875 0.7 -0.45 0 0.7 -0.45 0.2686875 -2.185569E-08 -0.5 0.3 1 -0.4661459 -0.3 1 0.4661458 -0.3 1 -6.705523E-08 0.2386875 0.7 -0.45 0.2386875 0.7 0.45 0 0.7 0.45 -0.2386875 0.7 0.45 -0.3 2.037589E-08 0.4661459 -0.3 8.881784E-16 2.235174E-08 0.3 1 0.4661458 0.3 1 -3.72529E-08 0 1 -0.5000001 -0.2386875 0.7 -0.45 0.3 0.6557674 0.4661458 0.27 0.7 0.4161459 -0.3 0.6557674 0.4661458 -0.27 0.7 0.4161459 0.3 0.6557674 -0.4661459 0.2386875 0.7 -0.45 0.27 0.7 -0.4161459 0.3 0.7442324 -0.4661459 -0.3 0.7442324 0.4661459 -0.2386875 0.7 0.45 -0.2686875 0.7442324 0.5 0.3 0.7442324 0.4661459 -0.2386875 0.7 -0.45 -0.3 0.7442324 -0.4661459 -0.2686875 0.7442324 -0.5 0.3 1 0.4661458 0.2686875 0.6557674 0.5 0.2686875 2.18557E-08 0.5000001 0.2686875 -2.185569E-08 -0.5 0.2686875 0.7442324 -0.5 0.2686875 1 -0.5000001 -0.3 -2.037588E-08 -0.4661459 -0.2686875 0.6557674 -0.5 -0.2686875 -2.185569E-08 -0.5 -0.2686875 0.7442324 -0.5 -0.2686875 1 -0.5000001 -0.2686875 2.18557E-08 0.5000001 -0.2686875 0.7442324 0.5 0.3 8.881784E-16 5.215406E-08 -0.3 1 -0.4661459 -0.2686875 1 0.5 0 1 0.5 -0.3 -2.037588E-08 -0.4661459 0.3 -2.037588E-08 -0.4661459 -0.2686875 2.18557E-08 0.5000001 0.2686875 2.18557E-08 0.5000001 0.3 2.037589E-08 0.4661459 -0.2686875 1 0.5 0.2686875 1 0.5 0.2686875 1 -0.5000001 -0.2686875 0.6557674 -0.5 0.2686875 0.6557674 -0.5 0.27 0.7 -0.4161459 -0.27 0.7 0.4161459 0.27 0.7 0.4161459 -0.27 0.7 -0.4161459 0.2686875 0.6557674 -0.5 -0.3 0.6557674 -0.4661459 -0.2686875 0.6557674 0.5 0 2.18557E-08 0.5000001  
			<Colors>: 0  
			<TextureCoords0>: 135 0.5649414 0.9418945 0.5649414 0.9521484 0.6689453 0.9418945 0.6689453 0.9521484 0.7744141 0.8388672 0.5131836 0.9951172 0.6166992 0.925293 0.6166992 0.9951172 0.6689453 0.9472656 0.5649414 0.9472656 0.7412109 0.8867188 0.7392578 0.8388672 0.6166992 0.9472656 0.5131836 0.9472656 0.6689453 0.9951172 0.6689453 0.925293 0.5649414 0.9951172 0.5649414 0.925293 0.6166992 0.9521484 0.6166992 0.9418945 0.5131836 0.9521484 0.5131836 0.9418945 0.5986328 0.9951172 0.5957031 0.9951172 0.5957031 0.925293 0.5986328 0.925293 0.5341797 0.9951172 0.7060547 0.8681641 0.7744141 0.8198242 0.5341797 0.925293 0.6381836 0.9951172 0.6347656 0.9951172 0.6347656 0.925293 0.6381836 0.925293 0.4951172 0.9951172 0.699707 0.9951172 0.699707 0.925293 0.4951172 0.925293 0.699707 0.9472656 0.4951172 0.9472656 0.5957031 0.9472656 0.5986328 0.9472656 0.6347656 0.9472656 0.6381836 0.9472656 0.53125 0.9472656 0.5341797 0.9472656 0.5957031 0.9418945 0.5986328 0.9418945 0.5986328 0.9521484 0.5957031 0.9521484 0.53125 0.9418945 0.5341797 0.9418945 0.5341797 0.9521484 0.53125 0.9521484 0.699707 0.9418945 0.4951172 0.9418945 0.4951172 0.9521484 0.699707 0.9521484 0.6347656 0.9418945 0.6381836 0.9418945 0.6381836 0.9521484 0.6347656 0.9521484 0.7392578 0.8574219 0.7392578 0.8198242 0.7084961 0.8867188 0.7734375 0.8867188 0.7744141 0.8574219 0.7060547 0.8867188 0.7060547 0.9057617 0.4951172 0.9472656 0.5131836 0.9472656 0.53125 0.9951172 0.7719727 0.8173828 0.7070313 0.8598633 0.7392578 0.8598633 0.53125 0.9472656 0.5986328 0.9472656 0.6166992 0.9472656 0.6347656 0.9472656 0.7734375 0.9072266 0.7412109 0.9072266 0.7070313 0.8173828 0.7392578 0.8173828 0.5131836 0.925293 0.703125 0.9472656 0.5957031 0.9521484 0.5957031 0.9472656 0.6381836 0.9521484 0.6381836 0.9472656 0.5341797 0.9521484 0.53125 0.9472656 0.5341797 0.9472656 0.5341797 0.9418945 0.6381836 0.9418945 0.6347656 0.9472656 0.6347656 0.9418945 0.5957031 0.9418945 0.703125 0.9472656 0.699707 0.9418945 0.703125 0.9418945 0.5957031 0.925293 0.5986328 0.9521484 0.5986328 0.9951172 0.53125 0.9951172 0.53125 0.9418945 0.53125 0.925293 0.699707 0.9951172 0.703125 0.9521484 0.703125 0.9951172 0.703125 0.9418945 0.703125 0.925293 0.6347656 0.9951172 0.6347656 0.9418945 0.7412109 0.8657227 0.7719727 0.8598633 0.7045898 0.8574219 0.7045898 0.8388672 0.7084961 0.9072266 0.7084961 0.8657227 0.7758789 0.9057617 0.7758789 0.8681641 0.7734375 0.8657227 0.6347656 0.925293 0.7045898 0.8198242 0.53125 0.925293 0.703125 0.9521484 0.53125 0.9521484 0.5341797 0.9472656 0.6381836 0.9472656 0.5957031 0.9472656 0.699707 0.9472656 0.53125 0.9521484 0.699707 0.9521484 0.6347656 0.9521484 0.7758789 0.8867188  
			<TextureCoords1>: 135 0.2029856 0.3000051 0.2029856 0.3415467 0.2029857 0.6997018 0.2029857 0.7412435 0.4059714 0.879505 0.7014811 0.2369718 0.5122436 0.630407 0.6975746 0.2405992 0.2029857 0.7204726 0.2029856 0.3207759 0.6002858 0.4798082 0.6002861 0.8795049 0.4167807 0.2405987 0.982275 0.2369717 0.2029857 0.9960938 0.2029857 0.6003032 0.2029856 0.5963969 0.2029855 0.2006063 0.4427245 0.2405986 0.5125363 0.7310754 0.9563313 0.2369718 0.1226207 0.1599469 0.6975746 0.1361794 0.0218278 0.5963969 0.02182765 0.2006063 0.619418 0.6307907 0.3841435 0.5963969 0.7946003 0.3753884 0.4059713 0.7750853 0.3841433 0.2006063 0.3841435 0.9960938 0.6975746 0.345019 0.402065 0.6003032 0.3841435 0.6003032 0.7014813 0.3413916 0.02182783 0.9960938 0.02182781 0.6003033 0.2270405 0.06054825 0.04125928 0.7204726 0.9822752 0.3297327 0.04125922 0.3207759 0.4167807 0.1478378 0.4195597 0.7590099 0.3647121 0.7204726 0.0298598 0.1858906 0.364712 0.3207759 0.02182776 0.3000051 0.6128689 0.7254357 0.4427245 0.1361789 0.0218278 0.3415467 0.01820093 0.1599469 0.3841434 0.3000051 0.3841434 0.3415467 0.956331 0.132552 0.02182782 0.6997019 0.2270405 0.1599469 0.9563314 0.3413916 0.02182785 0.7412435 0.4072816 0.7329456 0.3841435 0.6997018 0.3841435 0.7412434 0.4427245 0.3450184 0.6002861 0.9839247 0.600286 0.7750851 0.7814436 0.4798082 0.419128 0.4798082 0.4059715 0.9839248 0.7946002 0.4798082 0.7946002 0.584228 0.2153816 0.1858906 0.1226207 0.1858906 0.7014809 0.132552 0.419128 0.7629163 0.7814438 0.9960938 0.6002862 0.9960936 0.9822748 0.1442108 0.6078435 0.7520842 0.5135264 0.7572289 0.4167807 0.3333595 0.4191279 0.5963969 0.6002857 0.5963969 0.7814435 0.7629163 0.600286 0.7629161 0.1226207 0.06054825 0.02576927 0.7114592 0.431915 0.1218842 0.4059713 0.133543 0.431915 0.3593131 0.4059713 0.3476543 0.4099715 0.6090314 0.4344144 0.6265008 0.4384146 0.6090314 0.00390625 0.1707564 0.446321 0.6265008 0.4707639 0.6090314 0.4423209 0.6090314 0.6297486 0.7297466 0.4826705 0.6090314 0.5071133 0.6265008 0.5111135 0.6090314 0.6370236 0.6321021 0.00390625 0.3415467 0.00390625 0.5963969 0.402065 0.5963969 0.4020649 0.3000051 0.4020649 0.2006063 0.7014813 0.3593131 0.9563314 0.3413916 0.7014813 0.3413916 0.003906259 0.699702 0.00390625 0.6003033 0.4020651 0.9960938 0.402065 0.6997018 0.6002858 0.3632194 0.4191284 0.9960938 0.7946005 0.9839248 0.7946005 0.879505 0.7814435 0.5963969 0.7814437 0.3632195 0.4059713 0.5842279 0.4059713 0.3753884 0.4191281 0.3632194 0.4059713 0.6317835 0.7946004 0.7750853 0.01820093 0.06054825 0.00633784 0.7322301 0.4059713 0.6265008 0.01556513 0.1967001 0.474764 0.6265008 0.6251732 0.7590099 0.4786703 0.6265008 0.402065 0.3415467 0.9563314 0.3593131 0.4020651 0.7412435 0.4059713 0.4798082  
			<Normals>: 135 0.9559293 -0.2935969 0 0.9559293 0.2935969 0 -0.9559293 -0.2935969 0 -0.9559293 0.2935969 0 0 0.7071068 -0.7071068 0 -0.7071068 -0.7071068 0 0.7071068 0.7071068 0 -0.7071068 0.7071068 -1 0 0 1 0 0 0 -1 0 0 1 0 0 0 1 0 0 -1 -0.7071068 -0.7071068 0 -0.7071068 0.7071068 0 0.7071068 -0.7071068 0 0.7071068 0.7071068 0 0 0.4107263 0.9117587 0 -0.4107263 0.9117587 0 0.4107263 -0.9117587 0 -0.4107263 -0.9117587 0.3120578 -0.6270759 0.7137196 0.72047 -0.6335204 0.2820902 0.72047 0.6335204 0.2820902 0.3120578 0.6270759 0.7137196 0.72047 -0.6335204 -0.2820902 0.3120578 -0.6270759 -0.7137196 0.3120578 0.6270759 -0.7137196 0.72047 0.6335204 -0.2820902 -0.72047 -0.6335204 0.2820902 -0.3120578 -0.6270759 0.7137196 -0.3120578 0.6270759 0.7137196 -0.72047 0.6335204 0.2820902 -0.3120578 -0.6270759 -0.7137196 -0.72047 -0.6335204 -0.2820902 -0.72047 0.6335204 -0.2820902 -0.3120578 0.6270759 -0.7137196 -0.9759293 0 -0.2180871 -0.3662547 0 -0.9305146 0.9759293 0 0.2180871 0.3662547 0 0.9305146 -0.3662547 0 0.9305146 -0.9759293 0 0.2180871 0.3662547 0 -0.9305146 0.9759293 0 -0.2180871 0.8503915 -0.3766395 0.3673921 0.3721545 -0.4038337 0.8357148 0.3721545 0.4038337 0.8357148 0.8503915 0.3766395 0.3673921 0.3721545 -0.4038337 -0.8357148 0.8503915 -0.3766395 -0.3673921 0.8503915 0.3766395 -0.3673921 0.3721545 0.4038337 -0.8357148 -0.8503915 -0.3766395 -0.3673921 -0.3721545 -0.4038337 -0.8357148 -0.3721545 0.4038337 -0.8357148 -0.8503915 0.3766395 -0.3673921 -0.3721545 -0.4038337 0.8357148 -0.8503915 -0.3766395 0.3673921 -0.8503915 0.3766395 0.3673921 -0.3721545 0.4038337 0.8357148 0 1 0 0 1 0 0 -1 0 0 -1 0 -0.3120578 0.6270759 -0.7137196 0 -0.7071068 -0.7071068 -0.3120578 -0.6270759 -0.7137196 -0.3662547 0 -0.9305146 0 0 -1 0.3120578 -0.6270759 -0.7137196 0.72047 0.6335204 -0.2820902 -0.72047 0.6335204 0.2820902 -0.7071068 0.7071068 0 0.3662547 0 -0.9305146 0.3662547 0 0.9305146 0 0 1 -0.3662547 0 0.9305146 -0.72047 -0.6335204 0.2820902 -0.7071068 -0.7071068 0 0.72047 0.6335204 0.2820902 0.7071068 0.7071068 0 0 0.7071068 -0.7071068 -0.3662547 0 -0.9305146 0.8503915 0.3766395 0.3673921 0.9759293 0 0.2180871 -0.8503915 0.3766395 0.3673921 -0.9759293 0 0.2180871 0.8503915 0.3766395 -0.3673921 0.3662547 0 -0.9305146 0.9759293 0 -0.2180871 0.8503915 -0.3766395 -0.3673921 -0.8503915 -0.3766395 0.3673921 -0.3662547 0 0.9305146 -0.3721545 -0.4038337 0.8357148 0.8503915 -0.3766395 0.3673921 -0.3662547 0 -0.9305146 -0.8503915 -0.3766395 -0.3673921 -0.3721545 -0.4038337 -0.8357148 0.72047 0.6335204 0.2820902 0.3721545 0.4038337 0.8357148 0.3120578 -0.6270759 0.7137196 0.3120578 -0.6270759 -0.7137196 0.3721545 -0.4038337 -0.8357148 0.3120578 0.6270759 -0.7137196 -0.72047 -0.6335204 -0.2820902 -0.3721545 0.4038337 -0.8357148 -0.3120578 -0.6270759 -0.7137196 -0.3721545 -0.4038337 -0.8357148 -0.3120578 0.6270759 -0.7137196 -0.3120578 -0.6270759 0.7137196 -0.3721545 -0.4038337 0.8357148 0.7071068 -0.7071068 0 -0.72047 0.6335204 -0.2820902 -0.3120578 0.6270759 0.7137196 0 0.7071068 0.7071068 -0.72047 -0.6335204 -0.2820902 0.72047 -0.6335204 -0.2820902 -0.3120578 -0.6270759 0.7137196 0.3120578 -0.6270759 0.7137196 0.72047 -0.6335204 0.2820902 -0.3120578 0.6270759 0.7137196 0.3120578 0.6270759 0.7137196 0.3120578 0.6270759 -0.7137196 -0.3721545 0.4038337 -0.8357148 0.3721545 0.4038337 -0.8357148 0.9759293 0 -0.2180871 -0.9759293 0 0.2180871 0.9759293 0 0.2180871 -0.9759293 0 -0.2180871 0.3721545 0.4038337 -0.8357148 -0.8503915 0.3766395 -0.3673921 -0.3721545 0.4038337 0.8357148 0 -0.7071068 0.7071068  
			<Tangents>: 135 0 0 1 -2.166915E-09 7.055313E-09 1 0 0 -1 0 0 -1 2.92918E-08 -0.7071068 -0.7071068 1 0 0 -1 0 0 -1 0 0 0 0 -1 0 0 1 0 0 1 1.016124E-08 0 -1 -1 0 0 1 0 0 0 0 -1 0 0 -1 1.755659E-08 1.755659E-08 1 0 0 1 -1 0 0 -1 0 0 1 0 0 1 0 0 -0.9500631 -0.2059694 0.2344284 -0.2387491 0.1553141 0.9585804 -0.2118409 -0.186275 0.9593879 -0.9475704 0.1510462 0.2815942 0.2387491 -0.1553141 0.9585804 0.1958564 -0.6926367 0.6941863 -0.3179779 -0.6389724 -0.7004315 0.2387491 0.1553141 0.9585804 -0.242793 -0.1505979 -0.9583172 -0.9500631 0.2059694 -0.2344284 -0.8172079 0.2059783 -0.5382789 -0.242793 0.1505979 -0.9583172 0.9500631 -0.2059694 -0.2344284 0.2118409 0.186275 -0.9593879 0.2427931 -0.1505979 -0.9583172 0.9500631 0.2059694 -0.2344284 0.2180871 0 -0.9759293 0.9305146 0 -0.3662547 -0.2180871 0 0.9759293 -0.9305146 0 0.3662547 -0.9305146 0 -0.3662547 -0.2180871 0 -0.9759293 0.9305146 0 0.3662547 0.2180871 0 0.9759293 -0.3359192 0.148779 0.9300662 -0.9270235 -0.1169633 0.3562964 -0.9281595 0.1574621 0.3372324 -0.3457097 -0.126403 0.9297887 0.928103 0.1510193 0.3403206 0.3448693 -0.1283454 0.9298347 0.3457097 0.126403 0.9297887 0.9281708 -0.161919 0.3350838 0.3462184 0.1252252 -0.9297588 0.9281708 -0.161919 -0.3350838 0.9281708 0.161919 -0.3350838 0.3375267 -0.1451423 -0.9300588 -0.9281708 0.161919 -0.3350838 -0.3462184 -0.1252253 -0.9297588 -0.3471709 0.1230159 -0.9296986 -0.9281554 -0.1567307 -0.3375841 2.687935E-08 0 -1 8.561053E-09 0 -1 -0.001067964 0 0.9999994 0.001083092 0 0.9999994 0.317978 -0.6389723 -0.7004315 0 -0.7071068 0.7071068 -0.5716847 -0.4760695 0.6682323 0.9305146 0 -0.3662547 1 0 0 0.9500631 0.2059694 0.2344284 -0.2118408 -0.186275 -0.9593879 -0.2118409 0.186275 -0.9593879 0 0 -1 0.9305146 0 0.3662547 -0.9305146 0 0.3662547 -1 0 0 -0.9305146 0 -0.3662547 0.2167016 0.1807354 0.9593618 -2.185569E-08 2.18557E-08 1 0.2118409 0.186275 -0.9593879 0 0 -1 1 0 0 0.9305146 0 -0.3662547 -0.4386173 0.1218076 0.8903807 -0.2180872 0 0.9759293 -0.4386172 -0.1218073 -0.8903808 -0.2180872 0 -0.9759293 0.4386172 -0.1218073 0.8903808 0.9305146 0 0.3662547 0.2180872 0 0.9759293 0.4386172 0.1218073 0.8903808 -0.4386172 0.1218073 -0.8903808 -0.9305146 0 -0.3662547 -0.8720399 -0.1562379 -0.4638277 -0.4386172 -0.1218074 0.8903807 0.9305146 0 -0.3662547 0.4386172 -0.1218075 -0.8903807 0.87204 0.1562377 -0.4638277 -0.4958983 0.1862948 0.8481622 -0.87204 -0.1562375 0.4638276 -0.8172082 0.2059779 0.5382786 0.8172079 -0.2059783 0.5382789 0.8720399 -0.1562379 0.4638277 0.8172079 0.2059783 0.5382789 0.4958983 -0.1862948 -0.8481622 0.87204 -0.1562377 -0.4638277 0.8172081 0.2059781 -0.5382787 0.87204 0.1562377 -0.4638277 0.8172081 -0.2059781 -0.5382787 -0.8172079 -0.2059784 -0.5382789 -0.8720399 -0.1562379 -0.4638277 2.185569E-08 2.185569E-08 1 0.2118409 -0.1862749 -0.9593879 -0.3179779 0.6389723 -0.7004315 0 0.7071068 -0.7071068 -0.216632 -0.180815 0.9593626 0.2100411 -0.1883201 0.9593843 0.5716841 0.47607 0.6682324 -0.1958585 0.692636 0.6941865 -0.2100148 0.18835 0.9593842 -0.9500631 -0.2059694 -0.2344284 0.3179779 0.6389723 -0.7004315 0.9500631 -0.2059694 0.2344284 0.87204 -0.1562377 -0.4638277 0.8720399 0.1562379 0.4638277 0.2180872 0 0.9759293 -0.2180872 0 -0.9759293 -0.2180872 0 0.9759293 0.2180872 0 -0.9759293 0.8720399 0.1562379 0.4638277 0.4386172 0.1218074 -0.8903808 -0.8720399 0.1562379 -0.4638277 0 0.7071068 0.7071068  
			<BiTangents>: 135 0.2935969 0.9559293 0 -0.2935969 0.9559293 -7.38058E-09 -0.2935969 0.9559293 0 0.2935969 0.9559293 0 1 2.071243E-08 2.071243E-08 0 0.7071068 -0.7071068 0 0.7071068 -0.7071068 0 0.7071068 0.7071068 0 1 0 0 1 0 1 0 0 1 0 1.016124E-08 0 1 0 0 1 0 -0.7071068 0.7071068 0 0.7071068 0.7071068 0 0.7071068 0.7071068 -2.482876E-08 -0.7071068 0.7071068 0 0 0.9117587 -0.4107263 0 0.9117587 0.4107263 0 0.9117587 0.4107263 0 0.9117587 -0.4107263 2.378816E-09 0.7512339 0.6600361 0.6510928 0.7579771 0.0393533 -0.6603382 0.7509685 6.391848E-09 -0.06877629 0.7641733 -0.6413338 0.6510928 0.7579771 -0.03935331 0.929656 0.3564128 0.09332589 0.8952709 -0.4455222 5.172524E-08 -0.6510928 0.7579771 0.0393533 -0.6495957 0.7589283 0.04531308 -2.378816E-09 0.7512339 0.6600361 0.4845525 0.7512314 -0.4481743 0.6495957 0.7589283 -0.04531307 -2.378816E-09 0.7512339 -0.6600361 -0.6603382 0.7509685 6.391848E-09 0.6495957 0.7589283 0.04531311 2.378816E-09 0.7512339 0.6600361 0 1 0 0 1 0 0 1 0 0 1 0 0 1 0 0 1 0 0 1 0 0 1 0 0.4049599 0.9143345 -2.361391E-09 0.04613649 0.9073246 0.4178918 -0.004592379 0.9011792 -0.4334223 -0.3966346 0.9176955 -0.0227159 0.0112239 0.9022813 -0.4310018 0.3973655 0.9174259 -0.02074759 -0.3966346 0.9176955 0.02271586 1.418143E-09 0.9003891 0.4350856 -0.3961906 0.9178569 -0.02390904 1.418143E-09 0.9003891 -0.4350856 -1.418143E-09 0.9003891 0.4350856 0.403621 0.9149188 0.003698068 1.418143E-09 0.9003891 0.4350856 -0.3961906 0.9178569 0.02390903 0.3953563 0.9181557 -0.02614658 0.005345668 0.9013067 -0.4331485 1 0 2.687935E-08 1 0 8.561053E-09 0.9999994 0 0.001067964 0.9999994 0 -0.001083092 0.8952709 0.4455222 2.293981E-08 1 0 0 0.7588125 -0.6165497 0.2099285 0 1 0 0 1 0 2.378816E-09 0.7512339 -0.6600361 0.6603382 -0.7509685 4.674391E-08 0.6603382 0.7509685 6.391848E-09 0.7071068 0.7071068 0 0 1 0 0 1 0 0 1 0 0 1 0 0.658759 -0.7523208 -0.007070452 0.7071068 -0.7071068 3.090862E-08 0.6603382 -0.7509685 -6.391848E-09 0.7071068 -0.7071068 0 0 0.7071068 0.7071068 0 1 0 -0.2906014 0.9183167 -0.2687847 0 1 0 0.2906015 0.9183168 -0.2687845 0 1 0 -0.2906015 0.9183168 0.2687845 0 1 0 0 1 0 0.2906015 0.9183168 -0.2687845 -0.2906015 0.9183168 0.2687845 0 1 0 -0.3178796 0.9013923 0.2940145 0.2906015 0.9183168 0.2687846 0 1 0 -0.2906014 0.9183167 -0.2687846 -0.3178794 0.9013923 -0.2940146 -0.4847761 0.7509635 -0.4483815 -0.3178792 0.9013923 -0.2940147 0.484552 0.7512316 0.4481746 0.4845525 0.7512314 -0.4481743 0.3178796 0.9013923 -0.2940145 -0.4845525 0.7512314 0.4481743 -0.4847761 0.7509635 -0.4483815 0.3178794 0.9013923 0.2940146 -0.4845522 0.7512316 -0.4481745 -0.3178794 0.9013923 -0.2940146 0.4845523 0.7512316 0.4481744 -0.4845525 0.7512314 0.4481743 -0.3178796 0.9013923 0.2940145 0.7071068 0.7071068 -3.090862E-08 0.6603382 0.7509685 3.396021E-08 0.8952709 0.4455222 -4.251494E-09 1 0 0 0.6587819 -0.7523018 0.006969061 0.6609128 0.7504582 0.002613666 0.758813 -0.6165494 -0.209928 0.9296555 0.3564143 -0.09332433 0.6609212 0.7504507 -0.002651823 2.378816E-09 0.7512339 -0.6600361 0.8952709 -0.4455222 4.251494E-09 -2.378816E-09 0.7512339 0.6600361 0.3178794 0.9013923 0.2940146 -0.3178796 0.9013923 0.2940145 0 1 0 0 1 0 0 1 0 0 1 0 -0.3178796 0.9013923 0.2940145 0.2906015 0.9183168 0.2687846 0.3178796 0.9013923 -0.2940145 1 0 0  
			<SubMeshes>: 1
				<SubMesh>: 0 384 18 31 7 17 51 29 37 21 55 33 2 59 15 54 2 56 5 34 66 11 4 20 39 13 27 64 67 18 41 12 1 26 52 64 68 67 6 58 19 69 21 70 20 71 5 63 72 28 73 62 74 49 16 1 24 0 17 38 3 8 44 21 50 3 35 14 25 19 47 20 75 53 45 0 9 3 43 8 60 14 30 40 0 46 42 19 58 38 2 54 76 19 77 18 78 61 40 1 9 10 79 80 63 81 82 48 7 22 43 2 8 1 45 9 83 50 21 84 57 38 41 85 86 87 78 88 89 90 91 92 44 50 93 94 95 76 96 47 97 98 99 25 96 100 23 101 102 103 52 26 29 104 105 106 107 108 109 36 110 111 60 30 33 112 32 113 65 10 114 62 66 115 11 62 4 63 28 116 63 11 64 80 117 118 10 64 65 119 79 120 65 121 61 31 18 0 51 17 83 21 37 15 2 33 36 54 15 20 5 56 62 11 66 56 39 20 118 64 27 48 41 18 16 26 1 117 68 64 122 58 6 55 21 69 53 71 20 82 72 63 115 62 73 23 16 49 46 0 24 57 3 38 70 21 44 57 35 3 6 19 25 13 75 20 51 0 45 60 43 3 3 14 60 9 0 40 77 19 42 8 2 38 47 19 76 12 78 18 49 1 40 65 79 10 123 81 63 18 7 48 59 2 43 52 45 1 124 50 83 125 57 84 48 85 41 61 78 87 126 90 89 127 44 92 128 94 93 129 96 76 130 98 97 47 96 25 49 101 23 131 52 103 51 104 29 132 107 106 54 36 109 133 60 111 59 112 33 121 65 113 74 62 114 116 11 115 11 63 4 123 63 116 10 80 64 113 10 118 134 119 65 134 65 120  
		</Mesh>
		<Materials>: 1
			<Material>: 0
				<AlbedoColor>: 1 1 1 1
				<EmissiveColor>: 0 0 0 0
				<Glossiness>: 0.04
				<Metallic>: 0
				<SpecularHighlight>: 1
				<GlossyReflection>: 1
				<AlbedoMap>: BLD_IndBuilding1_A
				<MetallicMap>: BLD_IndBuilding1_MS
				<NormalMap>: BLD_IndBuilding1_N
				<EmissionMap>: null
				<DetailAlbedoMap>: DET_Concrete1_A
				<DetailNormalMap>: DET_Concrete1_N
		</Materials>
		<Children>: 0
	</Frame>
</Hierarchy>
