<Hierarchy>:
	<Frame>: 0 5 IndBuilding1_Top_Mid_A
		<Transform>: 0 0 0 0 0 0 1 1 1 0 0 0 1  
		<TransformMatrix>: 1 0 0 0 0 1 0 0 0 0 1 0 0 0 0 1  
		<BoxCollider>: 1 1.5 0.6500001 0.05 3 1.3 0.5  
		<Mesh>: 98 IndBuilding1_Top_Mid_A
			<Bounds>: 1.5 0.6500001 0.05 1.5 0.6500001 0.25
			<Positions>: 98 3 -8.742278E-09 0.2000001 3 1.3 0.3 3 0.1999998 0.3 0 1.3 0.3 0 -8.742278E-09 0.2000001 0 0.1999998 0.3 3 -8.742278E-09 -0.2 0 -8.742278E-09 -0.2 3 1.3 -0.2 0 1.3 -0.2 0 0.9798641 -0.2 3 0.9798641 -0.2 3 0.3949642 -0.2 0 0.3949652 -0.2 3 1.3 0.2000001 0 1.3 0.2000001 0 0.9798632 0.2000001 3 0.9798641 0.2000001 3 0.3949642 0.2000001 0 0.3949652 0.2000001 3 1.283993 -0.2 0 1.283993 -0.2 3 1.285493 0.3 0 1.285493 0.3 0 1.283993 0.2000001 3 1.283993 0.2000001 3 0.3876066 0.3 3 0.3949642 0.2926423 0 0.3949652 0.2926423 0 0.3876075 0.3 3 1.008333 0.2948956 3 1.015193 0.3 0 1.015192 0.3 1.04361E-14 1.008332 0.2948956 0 -8.742278E-09 -0.172288 3 -8.742278E-09 -0.172288 0 1.3 -0.172288 0 0.9798641 -0.172288 3 0.9798641 -0.172288 3 0.3949642 -0.172288 0 0.3949652 -0.172288 3 1.3 -0.172288 0 1.283993 -0.172288 3 1.283993 -0.172288 0 1.3 -0.2 3 1.3 -0.2 0 -8.742278E-09 -0.172288 0 -8.742278E-09 -0.2 3 1.283993 -0.2 3 1.3 -0.2 3 1.3 -0.172288 0 0.3949652 -0.2 0 1.3 -0.172288 0 1.3 -0.2 0 1.283993 -0.2 3 0.3949642 -0.2 3 0.9798641 -0.2 3 -8.742278E-09 -0.172288 3 -8.742278E-09 -0.2 3 -8.742278E-09 -0.2 0 -8.742278E-09 -0.2 0 0.9798641 -0.2 0 1.285493 0.3 0 0.9798632 0.2000001 0 0.3949652 0.2000001 3 0.3949642 0.2000001 0 1.3 0.3 3 1.285493 0.3 3 1.3 0.3 3 1.3 0.3 3 1.3 0.2000001 0 1.3 0.2000001 0 1.3 0.3 0 0.3949652 0.2000001 0 -8.742278E-09 0.2000001 0 0.1999998 0.3 0 0.3949652 0.2926423 3 0.1999998 0.3 3 -8.742278E-09 0.2000001 3 0.3949642 0.2000001 3 0.3949642 0.2926423 0 1.015192 0.3 1.04361E-14 1.008332 0.2948956 0 0.9798632 0.2000001 3 0.9798641 0.2000001 3 0.3876066 0.3 3 0.3949642 0.2926423 0 0.3949652 0.2926423 0 0.3876075 0.3 3 0.3876066 0.3 0 0.3876075 0.3 3 1.008333 0.2948956 1.04361E-14 1.008332 0.2948956 3 1.008333 0.2948956 3 0.9798641 0.2000001 3 1.015193 0.3 0 -8.742278E-09 0.2000001 3 -8.742278E-09 0.2000001  
			<Colors>: 0  
			<TextureCoords0>: 98 0.2011719 0.3188477 0.2011719 0.2333984 0.2011719 0.3066406 0.3999023 0.2333984 0.3999023 0.3188477 0.3999023 0.3066406 0.2006836 0.2001953 0.4003906 0.2001953 0.2001953 0.2006836 0.3999023 0.2006836 0.3999023 0.2548828 0.2011719 0.2548828 0.2011719 0.2939453 0.2441406 0.2885742 0.3071289 0.2607422 0.3071289 0.2607422 0.284668 0.2607422 0.2011719 0.2548828 0.2006836 0.6870117 0.3999023 0.6870117 0.2011719 0.2344726 0.3999023 0.2344726 0.2011719 0.234375 0.3999023 0.234375 0.3056641 0.2607422 0.3056641 0.2607422 0.2436523 0.2539063 0.2006836 0.6962891 0.3999023 0.6962891 0.2436523 0.2539063 0.2011719 0.2530294 0.2011719 0.2525709 0.2875977 0.2539063 0.2866211 0.2543945 0.4003906 0.2024618 0.2006836 0.2024618 0.3999023 0.2025104 0.284668 0.286646 0.284668 0.286646 0.2441406 0.286646 0.2441406 0.286646 0.2001953 0.2025104 0.3056641 0.286646 0.3056641 0.286646 0.3999023 0.2333984 0.2011719 0.2333984 0.2167969 0.286646 0.2167969 0.2885742 0.3056641 0.2885742 0.3071289 0.2885742 0.3071289 0.286646 0.3999023 0.2939453 0.3071289 0.2866461 0.3071289 0.2885742 0.3056641 0.2885742 0.2441406 0.2885742 0.284668 0.2885742 0.2167969 0.2866461 0.2167969 0.2885742 0.2011719 0.3188477 0.3999023 0.3188477 0.284668 0.2885742 0.3056641 0.2539063 0.3999023 0.2548828 0.3999023 0.2939453 0.2011719 0.2939453 0.3071289 0.2539063 0.3056641 0.2539063 0.3071289 0.2539063 0.2001953 0.2333984 0.2001953 0.2270508 0.3999023 0.2270508 0.3999023 0.2333984 0.2441406 0.2607422 0.2167969 0.2607422 0.2304688 0.2539063 0.2441406 0.2543945 0.2304688 0.2539063 0.2167969 0.2607422 0.2441406 0.2607422 0.2441406 0.2543945 0.3999023 0.2525709 0.3999023 0.2530294 0.3999023 0.2548828 0.2011719 0.2548828 0.2011719 0.2944244 0.2011719 0.2939453 0.3999023 0.2939453 0.3999023 0.2944244 0.2011719 0.2944244 0.3999023 0.2944244 0.2011719 0.2530294 0.3999023 0.2530294 0.2866211 0.2543945 0.284668 0.2607422 0.2875977 0.2539063 0.4003906 0.2329102 0.2006836 0.2329102  
			<TextureCoords1>: 98 0.6832241 0.7813934 0.6832245 0.9296657 0.6832237 0.7307601 0.003906763 0.9296657 0.003906635 0.7813934 0.00390625 0.7307601 0.6832235 0.6843721 0.003906257 0.6843721 0.003906251 0.8985193 0.6832237 0.8985193 0.683224 0.3680105 0.003906281 0.3680106 0.003906265 0.5004548 0.2088416 0.128922 0.5965545 0.03834635 0.003906304 0.03834641 0.07639785 0.03834635 0.6832239 0.1591688 0.003906461 0.9257595 0.6832239 0.9257595 0.003906291 0.2991439 0.683224 0.2991438 0.683224 0.9329507 0.00390625 0.9329507 0.007530876 0.03834641 0.5929299 0.03834635 0.3899529 0.01570249 0.00390625 0.9047817 0.6832237 0.9047817 0.2105077 0.01570249 0.6832236 0.1328284 0.6832238 0.9941573 0.06839791 0.01570243 0.0699514 0.01685828 0.003906731 0.678097 0.683224 0.678097 0.6832241 0.8922442 0.07639761 0.122647 0.5240632 0.122647 0.391619 0.122647 0.2088416 0.122647 0.003906731 0.8922442 0.007530861 0.1226469 0.59293 0.122647 0.683224 0.2955192 0.003906294 0.2955192 0.2982773 0.122647 0.2982772 0.1289221 0.59293 0.128922 0.5965546 0.128922 0.5965545 0.122647 0.6832239 0.5004546 0.003906286 0.1226469 0.00390625 0.128922 0.007530855 0.128922 0.391619 0.1289221 0.5240632 0.128922 0.3021835 0.122647 0.3021836 0.128922 0.00390625 0.5898901 0.6832239 0.5898901 0.07639759 0.128922 0.00719119 0.01570255 0.003906273 0.1591689 0.00390625 0.2916127 0.6832239 0.291613 0.003906277 0.01570255 0.5932695 0.01570243 0.5965545 0.01570243 0.003906579 0.7852997 0.00390625 0.8079436 0.6832237 0.8079436 0.683224 0.7852997 0.2088417 0.03834635 0.2982773 0.03834635 0.2529895 0.01570243 0.2088417 0.01736856 0.3474714 0.01570249 0.3021836 0.03834635 0.3916189 0.03834641 0.3916189 0.01736856 0.003906673 0.9941574 0.003906262 0.1328284 0.00390625 0.1552625 0.6832236 0.1552625 0.003906773 0.9024255 0.00390625 0.9047817 0.6832237 0.9047817 0.6832242 0.9024255 0.6832239 0.6882786 0.003906455 0.6882784 0.6832239 0.9960935 0.003906697 0.9960938 0.5305095 0.01685828 0.5240632 0.03834635 0.5320631 0.01570249 0.00390625 0.5937964 0.6832235 0.5937964  
			<Normals>: 98 0 -0.4472014 0.8944333 0 0.7071068 0.7071068 0 -0.2297469 0.9732504 0 0.7071068 0.7071068 0 -0.4472014 0.8944333 0 -0.2297469 0.9732504 0 -1 0 0 -1 0 0 0.7071068 -0.7071068 0 0.7071068 -0.7071068 0 0 -1 0 0 -1 0 0 -1 -1 0 0 1 0 0 -1 0 0 -1 0 0 0 0 1 0 1 0 0 1 0 0 0 -1 0 0 -1 0 0 1 0 0 1 -1 0 0 1 0 0 1 0 0 0 0.9238803 0.3826815 0 0.9238803 0.3826815 -1 0 0 0 -0.8189178 0.5739108 0 -0.3144052 0.9492888 -1 0 0 -1 0 0 0 -1 0 0 -1 0 0 1 0 -1 0 0 1 0 0 1 0 0 -1 0 0 0 1 0 -1 0 0 1 0 0 0 0.7071068 -0.7071068 0 0.7071068 -0.7071068 -1 0 0 -1 0 0 1 0 0 1 0 0 1 0 0 0 0 -1 -1 0 0 -1 0 0 -1 0 0 1 0 0 1 0 0 1 0 0 1 0 0 0 0 -1 0 0 -1 -1 0 0 -1 0 0 0 0 1 0 0 1 0 0 1 -1 0 0 1 0 0 1 0 0 0 0.7071068 0.7071068 0 1 0 0 1 0 0 0.7071068 0.7071068 -1 0 0 -1 0 0 -1 0 0 -1 0 0 1 0 0 1 0 0 1 0 0 1 0 0 0 -0.3144052 0.9492888 0 -0.8189178 0.5739108 0 -0.9578304 0.2873339 0 -0.9578304 0.2873339 0 0.3826815 0.9238803 0 0.9238803 0.3826815 0 0.9238803 0.3826815 0 0.3826815 0.9238803 0 0.3826815 0.9238803 0 0.3826815 0.9238803 0 -0.8189178 0.5739108 0 -0.8189178 0.5739108 1 0 0 1 0 0 1 0 0 0 -1 0 0 -1 0  
			<Tangents>: 98 -1 0 0 -1 0 0 -1 1.446242E-07 3.414021E-08 -1 0 0 -1 0 0 -1 0 0 -1 0 0 -1 0 0 -1 0 0 -1 0 0 -1 1.832011E-07 0 -1 0 0 -1 1.475563E-07 0 0 1 0 0 1 0 0 1 0 0 1 0 -1 2.399562E-07 0 -1 0 0 -1 0 0 -1 0 0 -1 0 0 -1 0 0 -1 -2.844407E-07 0 0 1 -2.634469E-05 0 1 -2.642237E-05 0 0.9999999 -0.000461363 -1 4.655365E-08 -1.123911E-07 -1 4.655365E-08 -1.123911E-07 0 0.9999999 -0.000461363 -1 -1.047051E-07 -1.494045E-07 -1 -2.302534E-08 -7.626009E-09 0 0.9994354 -0.03359775 0 0.9999856 -0.005358937 -1 0 0 -1 0 0 -1 0 0 0 1 0 0 1 0 0 1 -4.518696E-07 0 1 0 -1 0 0 0 1 3.409594E-06 0 1 0 -1 0 0 -1 0 0 0 1 0 0 1 0 0 1 0 0 1 0 0 1 0 -1 2.044457E-07 0 0 1 5.215436E-05 0 1 1.784577E-05 0 1 0 0 1 -8.348283E-07 0 1 0 0 1 -2.02533E-06 0 1 0 -1 2.914E-07 0 -1 0 0 0 1 0 0 1 0 -1 -3.178914E-07 0 -1 -2.39956E-07 0 -1 3.178914E-07 0 0 1 0 0 1 0 0 1 0 -1 0 0 -1 0 0 -1 0 0 -1 0 0 0 1 -2.440599E-06 0 1 0 0 1 -2.984394E-08 0 0.9995062 -0.03142145 0 1 -2.984423E-08 0 1 -1.043925E-06 0 1 -2.440599E-06 0 0.9995062 -0.03142145 -1 -2.864677E-07 -9.48783E-08 -1 -1.047051E-07 -1.494045E-07 -1 -2.624539E-08 -8.748917E-08 -1 -2.624539E-08 -8.748917E-08 -1 2.713378E-07 -1.123911E-07 -1 4.655365E-08 -1.123911E-07 -1 4.655365E-08 -1.123911E-07 -1 2.713378E-07 -1.123911E-07 -1 2.713378E-07 -1.123911E-07 -1 1.078829E-08 -4.46863E-09 -1 -1.047051E-07 -1.494045E-07 -1 -1.047051E-07 -1.494045E-07 0 0.9999856 -0.00535896 0 1 0 0 0.9994354 -0.03359776 -1 0 0 -1 0 0  
			<BiTangents>: 98 0 0.8944333 0.4472014 0 0.7071068 -0.7071068 1.485992E-07 0.9732504 0.2297469 0 0.7071068 -0.7071068 0 0.8944333 0.4472014 0 0.9732504 0.2297469 0 0 -1 0 0 -1 0 -0.7071068 -0.7071068 0 -0.7071068 -0.7071068 1.832011E-07 1 0 0 1 0 1.475563E-07 1 0 0 0 1 0 0 1 0 0 1 0 0 1 2.399562E-07 1 0 0 0 -1 0 0 -1 0 1 0 0 1 0 0 1 0 -2.844407E-07 1 0 0 2.634469E-05 1 0 2.642237E-05 1 0 0.000461363 0.9999999 1.216512E-07 0.3826815 -0.9238803 1.216512E-07 0.3826815 -0.9238803 0 0.000461363 0.9999999 -1.824414E-07 0.5739109 0.8189178 -2.425536E-08 0.9492889 0.3144052 0 0.03359775 0.9994354 0 0.005358937 0.9999856 0 0 -1 0 0 -1 0 0 -1 0 0 1 0 0 1 0 4.518696E-07 1 0 0 1 0 0 -1 0 -3.409594E-06 1 0 0 1 0 0.7071068 0.7071068 0 0.7071068 0.7071068 0 0 1 0 0 1 0 0 1 0 0 1 0 0 1 2.044457E-07 1 0 0 -5.215436E-05 1 0 -1.784577E-05 1 0 0 1 0 8.348283E-07 1 0 0 1 0 2.02533E-06 1 0 0 1 2.914E-07 1 0 0 1 0 0 0 1 0 0 1 -3.178914E-07 1 0 -2.39956E-07 1 0 3.178914E-07 1 0 0 0 1 0 0 1 0 0 1 0 0.7071068 -0.7071068 0 0 -1 0 0 -1 0 0.7071068 -0.7071068 0 2.440599E-06 1 0 0 1 0 2.984394E-08 1 0 0.03142145 0.9995062 0 2.984423E-08 1 0 1.043925E-06 1 0 2.440599E-06 1 0 0.03142145 0.9995062 -3.017708E-07 0.9492889 0.3144052 -1.824414E-07 0.5739109 0.8189178 -9.134099E-08 0.2873339 0.9578305 -9.134099E-08 0.2873339 0.9578305 2.936936E-07 0.9238803 -0.3826815 1.216512E-07 0.3826815 -0.9238803 1.216512E-07 0.3826815 -0.9238803 2.936936E-07 0.9238803 -0.3826815 2.936936E-07 0.9238803 -0.3826815 1.167715E-08 0.9238803 -0.3826815 -1.824414E-07 0.5739109 0.8189178 -1.824414E-07 0.5739109 0.8189178 0 0.00535896 0.9999856 0 0 1 0 0.03359776 0.9994354 0 0 -1 0 0 -1  
			<SubMeshes>: 1
				<SubMesh>: 0 252 0 2 5 0 5 4 19 28 27 19 27 18 34 7 6 34 6 35 41 8 9 41 9 36 20 21 44 20 44 45 46 40 13 46 13 47 43 48 49 43 49 50 12 51 10 12 10 11 22 1 3 22 3 23 42 52 53 42 53 54 39 55 56 39 56 38 57 58 55 57 55 39 59 60 51 59 51 12 40 37 61 40 61 13 24 16 33 33 32 24 32 62 24 17 63 64 17 64 65 62 66 15 62 15 24 67 25 14 67 14 68 69 70 71 69 71 72 73 74 75 75 29 73 29 76 73 77 78 79 79 26 77 79 80 26 31 22 23 31 23 81 37 42 54 37 54 61 30 82 83 30 83 84 38 56 48 38 48 43 11 10 21 11 21 20 85 86 87 85 87 88 2 89 90 2 90 5 91 31 81 91 81 92 93 94 25 25 95 93 25 67 95 94 38 43 94 43 25 16 24 42 16 42 37 73 16 37 73 37 40 78 57 39 78 39 79 79 39 38 79 38 94 24 15 52 24 52 42 25 43 50 25 50 14 74 73 40 74 40 46 70 41 36 70 36 71 96 34 35 96 35 97  
		</Mesh>
		<Materials>: 1
			<Material>: 0
				<AlbedoColor>: 1 1 1 1
				<EmissiveColor>: 0 0 0 0
				<Glossiness>: 0.04
				<Metallic>: 0
				<SpecularHighlight>: 1
				<GlossyReflection>: 1
				<AlbedoMap>: BLD_IndBuilding1_A
				<MetallicMap>: BLD_IndBuilding1_MS
				<NormalMap>: BLD_IndBuilding1_N
				<EmissionMap>: null
				<DetailAlbedoMap>: DET_Concrete1_A
				<DetailNormalMap>: DET_Concrete1_N
		</Materials>
		<Children>: 0
	</Frame>
</Hierarchy>
