<Hierarchy>:
	<Frame>: 0 5 IndBuilding1_Deco_IntColumn_Top
		<Transform>: 0 0 0 0 0 0 1 1 1 0 0 0 1  
		<TransformMatrix>: 1 0 0 0 0 1 0 0 0 0 1 0 0 0 0 1  
		<BoxCollider>: 1 0 0.8 -2.980232E-08 0.6 1.6 0.6000001  
		<Mesh>: 91 IndBuilding1_Deco_IntColumn_Top
			<Bounds>: 0 0.8 -2.980232E-08 0.3 0.8 0.3
			<Positions>: 91 0 1.6 -9.685755E-08 -0.3 1.563752 -9.685755E-08 0 -2.185569E-08 -0.3 0 2.185569E-08 0.3 -0.2637516 1.6 -6.705523E-08 0.3 1.563752 -6.705523E-08 0.2637516 1.6 -9.685755E-08 0 -8.881784E-16 -7.450581E-09 -0.3 8.881784E-16 2.235174E-08 0.3 -8.881784E-16 -7.450581E-09 0 1.6 -0.2637516 0 1.563752 -0.3000001 0 1.6 0.2637514 0 1.563752 0.2999999 0.2673031 2.185569E-08 0.3 0.3 2.042646E-08 0.267303 0.3 -2.042646E-08 -0.267303 0.2673031 -2.185569E-08 -0.3 -0.3 2.042646E-08 0.267303 -0.2673031 2.185569E-08 0.3 -0.2673031 -2.185569E-08 -0.3 -0.3 -2.042646E-08 -0.267303 0.2673031 1.563752 0.2999999 0.3 1.563752 0.2673029 0.2637516 1.6 0.2310545 0.2310547 1.6 0.2637515 0.3 1.563752 -0.2673031 0.2673031 1.563752 -0.3000001 0.2310547 1.6 -0.2637516 0.2637516 1.6 -0.2310547 -0.3 1.563752 0.2673029 -0.2673031 1.563752 0.2999999 -0.2310547 1.6 0.2637514 -0.2637516 1.6 0.2310545 -0.2673031 1.563752 -0.3000001 -0.3 1.563752 -0.2673031 -0.2637516 1.6 -0.2310547 -0.2310547 1.6 -0.2637516 0 1.6 0.2310545 0 1.6 -0.2310547 0 2.042646E-08 0.267303 0 -2.042646E-08 -0.267303 -0.3 8.881784E-16 2.235174E-08 0 1.563752 -0.3000001 0 -2.185569E-08 -0.3 0.3 1.563752 -6.705523E-08 0.2637516 1.6 0.2310545 0.2637516 1.6 -9.685755E-08 -0.3 1.563752 -9.685755E-08 0.2673031 1.563752 0.2999999 -0.2637516 1.6 -6.705523E-08 0 1.563752 0.2999999 -0.2673031 1.563752 -0.3000001 -0.2673031 -2.185569E-08 -0.3 -0.3 1.563752 -0.2673031 0.3 1.563752 0.2673029 0.2310547 1.6 0.2637515 0.2673031 1.563752 0.2999999 0.3 1.563752 -0.2673031 0.2673031 1.563752 -0.3000001 -0.2310547 1.6 0.2637514 -0.3 1.563752 0.2673029 -0.2673031 1.563752 0.2999999 0.2673031 1.563752 0.2999999 0.3 1.563752 -0.2673031 0.2673031 -2.185569E-08 -0.3 -0.3 1.563752 0.2673029 -0.2673031 1.563752 0.2999999 -0.2673031 1.563752 -0.3000001 -0.3 -2.042646E-08 -0.267303 -0.3 1.563752 -0.2673031 0.3 -8.881784E-16 -7.450581E-09 -0.2637516 1.6 0.2310545 -0.2637516 1.6 -0.2310547 0.2637516 1.6 -0.2310547 -0.2673031 2.185569E-08 0.3 -0.3 2.042646E-08 0.267303 0.2673031 2.185569E-08 0.3 0.3 2.042646E-08 0.267303 -0.3 -2.042646E-08 -0.267303 0.3 -2.042646E-08 -0.267303 0.3 1.563752 -0.2673031 0.3 1.563752 0.2673029 -0.2673031 1.563752 0.2999999 -0.3 1.563752 -0.2673031 -0.2673031 2.185569E-08 0.3 0.2673031 2.185569E-08 0.3 0.3 -2.042646E-08 -0.267303 -0.2673031 -2.185569E-08 -0.3 0 1.6 0.2637514 0 2.185569E-08 0.3  
			<Colors>: 0  
			<TextureCoords0>: 91 0.7329102 0.7895508 0.5205078 0.9169922 0.6772461 0.8129883 0.5727539 0.8129883 0.7329102 0.7714844 0.6245117 0.9169922 0.7333984 0.8085938 0.7353516 0.7382813 0.5205078 0.8129883 0.6245117 0.8129883 0.7016602 0.7895508 0.6772461 0.9169922 0.7646484 0.7905273 0.7680664 0.7905273 0.590332 0.8129883 0.59375 0.8129883 0.6557617 0.8129883 0.7011719 0.7202148 0.5512695 0.8129883 0.5541992 0.8129883 0.7011719 0.7558594 0.4897461 0.8129883 0.590332 0.9169922 0.59375 0.9169922 0.7617188 0.8081055 0.7626953 0.8051758 0.7021484 0.8100586 0.6591797 0.9169922 0.7021484 0.8056641 0.7050781 0.8071289 0.7646484 0.7700195 0.5541992 0.9169922 0.7636719 0.7749023 0.7612305 0.7734375 0.6992188 0.7719727 0.4897461 0.9169922 0.7041016 0.7724609 0.7021484 0.7744141 0.7626953 0.7905273 0.7045898 0.7895508 0.7661133 0.7382813 0.7041016 0.7382813 0.7353516 0.7573242 0.6987305 0.7895508 0.7011719 0.7382813 0.7329102 0.8115234 0.7617188 0.8081055 0.7333984 0.8085938 0.7333984 0.7685547 0.7670898 0.8085938 0.7329102 0.7714844 0.5727539 0.9169922 0.6953125 0.9169922 0.6953125 0.8129883 0.7021484 0.769043 0.7641602 0.8105469 0.7626953 0.8051758 0.7670898 0.8085938 0.7021484 0.8100586 0.6992188 0.8081055 0.7636719 0.7749023 0.7646484 0.7700195 0.7670898 0.7719727 0.590332 0.9169922 0.6557617 0.9169922 0.6591797 0.8129883 0.5512695 0.9169922 0.5541992 0.9169922 0.4858398 0.9169922 0.4897461 0.8129883 0.4897461 0.9169922 0.7353516 0.7177734 0.7612305 0.7734375 0.7041016 0.7724609 0.7050781 0.8071289 0.7680664 0.7558594 0.7661133 0.7573242 0.7680664 0.7202148 0.7661133 0.7177734 0.7041016 0.7573242 0.7041016 0.7177734 0.6557617 0.9169922 0.7641602 0.8105469 0.7670898 0.7719727 0.7021484 0.769043 0.5541992 0.8129883 0.590332 0.8129883 0.6557617 0.8129883 0.4858398 0.8129883 0.7646484 0.7905273 0.7680664 0.7382813  
			<TextureCoords1>: 91 0.8178507 0.3913075 0.02540465 0.408389 0.00390625 0.1414986 0.6812019 0.8839937 0.00390627 0.408389 0.6597034 0.6558872 0.6812018 0.6558871 0.8109199 0.1323183 0.6812015 0.408389 0.003906291 0.6558875 0.7072186 0.3913333 0.6597031 0.1414986 0.003906703 0.8839939 0.02540507 0.8839939 0.6812015 0.7718937 0.00390625 0.5437876 0.003906331 0.7679874 0.9367321 0.02021831 0.6812015 0.296289 0.6812015 0.276897 0.9367322 0.2444183 0.6812015 0.520489 0.02540455 0.7718938 0.6597034 0.5437872 0.6812018 0.5589889 0.00390625 0.7870955 0.6597034 0.7679871 0.6597031 0.02939868 0.7073454 0.2953609 0.6812018 0.7527854 0.02540466 0.2962891 0.02540507 0.9960938 0.00390672 0.9808921 0.003906276 0.3114907 0.6864808 0.5039429 0.02540464 0.520489 0.00390625 0.5052873 0.7074426 0.4873199 0.9146742 0.391288 0.7212552 0.391326 0.69882 0.1323183 0.9230199 0.1323183 0.8109201 0.2581306 0.6851078 0.3913446 0.9367321 0.1323183 0.6597034 0.6558872 0.9146242 0.2806663 0.8176997 0.2807384 0.02540465 0.408389 0.02540455 0.7718938 0.8177553 0.5018189 0.02540507 0.8839939 0.6597036 0.2535987 0.003906754 0.2535987 0.6997107 0.5198466 0.9332378 0.2620369 0.9283448 0.2943752 0.9469584 0.2757457 0.6995821 0.2628479 0.6863706 0.2787617 0.9283515 0.4881653 0.9332448 0.520489 0.9469584 0.506785 0.6597034 0.5243952 0.6597031 0.01000667 0.003906269 0.02939868 0.02540466 0.2962891 0.02540467 0.276897 0.6597036 0.2535987 0.003906744 0.2729907 0.6597036 0.2729907 0.8109199 0.006506085 0.914638 0.5018691 0.7208816 0.501675 0.7207672 0.280995 0.6851078 0.2444183 0.6988201 0.2581306 0.6851078 0.02021843 0.69882 0.006506145 0.9230199 0.2581306 0.9230199 0.006506085 0.6597034 0.7679871 0.6597034 0.5437872 0.02540507 0.9960938 0.02540464 0.520489 0.6812019 0.9960936 0.00390625 0.5243955 0.003906278 0.01000667 0.003906754 0.2535987 0.9283849 0.3912873 0.6851078 0.1323183  
			<Normals>: 91 0 1 0 -0.9238803 0.3826815 0 0 -0.7071068 -0.7071068 0 -0.7071068 0.7071068 -0.3826815 0.9238803 0 0.9238803 0.3826815 0 0.3826815 0.9238803 0 0 -1 0 -0.7071068 -0.7071068 0 0.7071068 -0.7071068 0 0 0.9238803 -0.3826815 0 0.3826815 -0.9238803 0 0.9238803 0.3826815 0 0.3826815 0.9238803 0.2971048 -0.6302528 0.7172937 0.7172937 -0.6302528 0.2971048 0.7172937 -0.6302528 -0.2971048 0.2971048 -0.6302528 -0.7172937 -0.7172937 -0.6302528 0.2971048 -0.2971048 -0.6302528 0.7172937 -0.2971048 -0.6302528 -0.7172937 -0.7172937 -0.6302528 -0.2971048 0.366199 0.4092615 0.8357053 0.8357053 0.4092615 0.366199 0.3861863 0.9154453 0.1132252 0.1132252 0.9154453 0.3861863 0.8357053 0.4092615 -0.366199 0.366199 0.4092615 -0.8357053 0.1132252 0.9154453 -0.3861863 0.3861863 0.9154453 -0.1132252 -0.8357053 0.4092615 0.366199 -0.366199 0.4092615 0.8357053 -0.1132252 0.9154453 0.3861863 -0.3861863 0.9154453 0.1132252 -0.366199 0.4092615 -0.8357053 -0.8357053 0.4092615 -0.366199 -0.3861863 0.9154453 -0.1132252 -0.1132252 0.9154453 -0.3861863 0 1 0 0 1 0 0 -1 0 0 -1 0 -0.7071068 -0.7071068 0 0 0.3826815 -0.9238803 0 -0.7071068 -0.7071068 0.9238803 0.3826815 0 0.3861863 0.9154453 0.1132252 0.3826815 0.9238803 0 -0.9238803 0.3826815 0 0.366199 0.4092615 0.8357053 -0.3826815 0.9238803 0 0 0.3826815 0.9238803 -0.366199 0.4092615 -0.8357053 -0.2971048 -0.6302528 -0.7172937 -0.8357053 0.4092615 -0.366199 0.8357053 0.4092615 0.366199 0.1132252 0.9154453 0.3861863 0.366199 0.4092615 0.8357053 0.8357053 0.4092615 -0.366199 0.366199 0.4092615 -0.8357053 -0.1132252 0.9154453 0.3861863 -0.8357053 0.4092615 0.366199 -0.366199 0.4092615 0.8357053 0.366199 0.4092615 0.8357053 0.8357053 0.4092615 -0.366199 0.2971048 -0.6302528 -0.7172937 -0.8357053 0.4092615 0.366199 -0.366199 0.4092615 0.8357053 -0.366199 0.4092615 -0.8357053 -0.7172937 -0.6302528 -0.2971048 -0.8357053 0.4092615 -0.366199 0.7071068 -0.7071068 0 -0.3861863 0.9154453 0.1132252 -0.3861863 0.9154453 -0.1132252 0.3861863 0.9154453 -0.1132252 -0.2971048 -0.6302528 0.7172937 -0.7172937 -0.6302528 0.2971048 0.2971048 -0.6302528 0.7172937 0.7172937 -0.6302528 0.2971048 -0.7172937 -0.6302528 -0.2971048 0.7172937 -0.6302528 -0.2971048 0.8357053 0.4092615 -0.366199 0.8357053 0.4092615 0.366199 -0.366199 0.4092615 0.8357053 -0.8357053 0.4092615 -0.366199 -0.2971048 -0.6302528 0.7172937 0.2971048 -0.6302528 0.7172937 0.7172937 -0.6302528 -0.2971048 -0.2971048 -0.6302528 -0.7172937 0 0.9238803 0.3826815 0 -0.7071068 0.7071068  
			<Tangents>: 91 -0.01386591 0 0.9999039 1.455967E-09 3.515035E-09 1 -1 0 0 1 0 0 -0.03116147 -0.01290743 0.999431 1.467431E-09 -3.542712E-09 -1 -0.03173393 0.01314455 0.9994099 0 0 1 -3.614938E-08 3.614938E-08 1 -3.616559E-08 -3.616559E-08 -1 0 0.3826815 0.9238803 -1 0 0 0 -0.3826815 0.9238803 -0.02010358 -0.9236936 0.3826042 0.9548449 0.1961064 -0.2231895 0.2555573 -0.1587177 -0.9536766 -0.2231896 0.1961063 -0.9548449 0.1969328 -0.6946179 0.6918985 0.2513278 0.1636669 0.9539641 0.8329996 0.1961164 0.5173489 -0.5692484 -0.4862076 0.6629921 -0.2231896 -0.1961063 0.9548449 0.9305366 -0.1610589 -0.3288796 0.3434485 0.1308406 -0.9300128 0.01507486 -0.1289951 0.9915307 -0.2264694 -0.3546755 0.9071477 0.2870395 0.2429673 0.9265934 -0.9292059 0.1128173 -0.3519213 0.150476 0.3684027 0.9174075 -0.03432202 0.1369237 0.9899868 0.2928697 -0.2319545 0.9275907 0.9305366 0.1610589 0.3288796 0.06771692 -0.3806719 0.9222274 -0.02698855 -0.133909 0.990626 -0.1224088 0.8690985 0.4792534 -0.3288796 0.1610589 0.9305366 -0.01773937 0.1153544 0.993166 -0.03527414 0.3847371 0.922352 -0.07146388 0 0.9974432 -0.01863434 0 0.9998264 0.0008538441 0 0.9999996 -0.001228859 0 0.9999992 -3.820844E-08 3.820844E-08 1 -0.003314512 0.9238753 0.3826794 0 -0.7071068 0.7071068 -0.01206115 0.02911835 0.9995032 -0.04584061 -0.1035494 0.9935674 -0.007874988 0.003261908 0.9999637 -0.01227497 -0.02963457 0.9994854 -0.3457774 -0.7739362 0.5305287 -0.01405039 -0.00581983 0.9998844 1 0 0 -0.9305366 -0.1610589 0.3288796 -0.9548449 0.1961064 0.2231895 -0.1117916 0.5260753 0.8430584 -0.1810352 -0.4242399 0.8872693 0.1431632 -0.3996615 0.9054143 -0.4804934 -0.685933 0.5464632 0.1889224 0.4118695 0.8914437 0.1518161 0.85978 0.4875759 0.3223073 -0.3338251 0.885821 0.222795 -0.3568168 0.9072179 0.4074097 -0.7369227 0.5394092 0.8785083 0.144041 -0.4554947 -0.4554945 0.1440406 -0.8785084 -0.951851 -0.1360503 -0.274718 0.3415639 -0.1348036 0.9301409 0.8785083 -0.144041 0.4554947 -0.8785083 0.144041 0.4554947 -0.5173486 0.196116 0.8329999 -0.4554945 -0.1440406 0.8785084 3.820843E-08 3.820844E-08 1 -0.04651609 -0.1419191 0.9887847 -0.01907245 0.114797 0.9932058 -0.01657321 0.1296142 0.991426 0.5692483 0.4862076 0.6629921 0.227145 0.1915965 0.9548277 -0.1969328 0.6946179 0.6918985 -0.221898 0.1975755 0.954843 -0.2289409 -0.1895435 0.9548085 0.2213091 -0.1982446 0.954841 -0.3288796 -0.1610589 -0.9305366 -0.295217 -0.2274857 0.9279532 0.2169417 -0.8357934 0.5043666 -0.3167017 0.185613 0.930187 0.9548449 -0.1961064 0.2231895 0.8329996 -0.1961164 -0.5173489 -0.5173486 -0.196116 -0.8329999 -0.8329997 -0.1961164 0.5173489 0 -0.3826815 0.9238803 0 0.7071068 0.7071068  
			<BiTangents>: 91 -0.9999039 0 -0.01386591 -0.3826815 -0.9238803 3.804643E-09 0 -0.7071068 0.7071068 0 -0.7071068 -0.7071068 -0.9233547 -0.3824638 -0.03372891 0.3826815 -0.9238803 3.834601E-09 -0.9233352 0.3824557 -0.03434853 1 0 0 0.7071068 -0.7071068 5.112295E-08 -0.7071068 -0.7071068 5.114588E-08 -1 0 0 0 -0.9238803 -0.3826815 -1 0 0 -0.9997979 0.0185733 -0.00769327 6.269108E-09 -0.7512148 -0.6600578 -0.6482131 -0.7599934 -0.04721851 -0.6600578 -0.7512148 5.397091E-08 0.9343159 0.346825 0.08225685 0.6498647 -0.758943 -0.04100282 0.4667337 -0.7512121 -0.4667332 0.7666062 -0.6052963 0.2143158 0.6600578 -0.7512148 5.397091E-08 4.304701E-09 -0.8980897 0.4398124 0.4285321 -0.9029871 0.03121609 -0.9222976 0.3812087 0.06361634 -0.967415 0.1901713 -0.1671622 -0.4681934 0.8794726 -0.08557487 0.0497458 -0.9054155 -0.4216018 -0.9821085 0.1619854 0.09604007 -0.921782 0.3784332 -0.08429798 -0.4645686 -0.882441 -0.0739853 -4.304701E-09 -0.8980897 0.4398124 -0.991259 -0.1305707 0.01888949 -0.9220259 -0.3795105 -0.07642039 -0.9224502 -0.2777998 0.2681658 -0.4398124 -0.8980897 8.148278E-09 -0.9222502 -0.3855557 0.02830888 -0.992943 -0.1180558 0.01127037 -0.9974432 0 -0.07146388 -0.9998264 0 -0.01863434 0.9999996 0 -0.0008538441 0.9999992 0 0.001228859 0.7071068 -0.7071068 5.403489E-08 -0.9999945 -0.003062212 -0.001268402 1 0 0 -0.3824914 0.9234213 -0.03151745 -0.921281 0.3888924 -0.001975207 -0.9238468 0.3826677 -0.008523819 -0.3824846 -0.9234049 -0.0320762 -0.8639076 0.4832471 0.1419013 -0.9237735 -0.3826373 -0.01520802 0 -0.9238803 0.3826815 -4.304701E-09 -0.8980897 -0.4398124 -6.269108E-09 -0.7512148 0.6600578 -0.5376796 -0.7454863 0.3938919 -0.5184814 0.8077905 0.2804488 -0.9832011 0.04722801 0.1763098 -0.7968842 0.6016652 0.05454053 -0.5156597 0.8141674 -0.2668828 -0.9180687 0.3054233 -0.2527181 -0.9398394 -0.2247679 0.2572573 -0.5019553 -0.839754 -0.2070123 -0.8366096 -0.5380055 -0.1031233 0.3067922 -0.9009757 0.3067919 0.3067921 -0.9009758 -0.3067919 -0.0755538 -0.7643766 0.6403279 -0.4300358 -0.902404 0.02713288 -0.3067922 -0.9009757 0.3067919 -0.3067922 -0.9009757 -0.3067919 0.4667336 -0.7512124 0.4667332 -0.3067921 -0.9009758 -0.3067919 0.7071068 0.7071068 -5.403489E-08 -0.9212472 -0.3765883 -0.09739015 -0.9222236 -0.385722 0.02687324 -0.9222719 0.3809986 -0.0652271 0.7666062 -0.6052963 -0.2143157 0.6587071 -0.7523777 -0.005727816 0.934316 0.346825 -0.08225688 0.6604931 0.7508298 -0.001867813 0.658085 -0.7528974 0.008332276 0.6606906 0.7506533 0.002718907 0.4398124 -0.8980897 -4.304701E-09 -0.4630806 0.8836036 0.06929 -0.9048948 -0.3659979 -0.2172809 -0.448661 -0.893338 0.02550392 -6.269108E-09 -0.7512148 -0.6600578 -0.4667337 -0.7512121 -0.4667332 -0.4667336 -0.7512124 0.4667332 0.4667336 -0.7512121 0.4667332 -1 0 0 1 0 0  
			<SubMeshes>: 1
				<SubMesh>: 0 240 8 35 21 16 5 9 40 42 7 27 2 11 28 43 10 41 20 44 18 1 8 22 3 14 29 45 26 9 23 15 24 45 6 37 43 34 17 41 44 37 39 10 0 46 47 32 13 12 33 48 30 36 48 4 25 13 49 39 28 10 50 38 0 31 3 51 52 2 53 54 37 34 55 56 57 28 58 59 60 61 62 63 15 23 64 65 27 66 19 67 68 69 70 71 40 7 60 38 72 38 56 46 73 0 39 39 47 74 40 75 76 77 40 78 7 79 41 80 7 41 1 35 8 81 5 16 76 42 40 65 2 27 59 43 28 79 20 41 66 1 18 51 3 22 6 45 29 5 23 9 82 45 24 10 43 37 80 41 17 73 39 37 38 46 0 83 13 32 4 48 33 84 48 36 12 13 25 74 28 39 72 38 50 85 3 31 11 2 52 73 37 54 46 56 55 74 58 28 72 61 60 86 15 63 87 65 64 18 19 66 88 69 68 78 40 71 89 38 60 89 56 38 50 0 73 0 47 39 90 75 40 90 40 77 42 79 7 71 7 80  
		</Mesh>
		<Materials>: 1
			<Material>: 0
				<AlbedoColor>: 1 1 1 1
				<EmissiveColor>: 0 0 0 0
				<Glossiness>: 0.04
				<Metallic>: 0
				<SpecularHighlight>: 1
				<GlossyReflection>: 1
				<AlbedoMap>: BLD_IndBuilding1_A
				<MetallicMap>: BLD_IndBuilding1_MS
				<NormalMap>: BLD_IndBuilding1_N
				<EmissionMap>: null
				<DetailAlbedoMap>: DET_Concrete1_A
				<DetailNormalMap>: DET_Concrete1_N
		</Materials>
		<Children>: 0
	</Frame>
</Hierarchy>
