<Hierarchy>:
	<Frame>: 0 5 IndBuilding1_Deco_Column_Top
		<Transform>: 0 0 0 0 0 0 1 1 1 0 0 0 1  
		<TransformMatrix>: 1 0 0 0 0 1 0 0 0 0 1 0 0 0 0 1  
		<BoxCollider>: 1 0 0.8 -2.980232E-08 0.6 1.6 1  
		<Mesh>: 94 IndBuilding1_Deco_Column_Top
			<Bounds>: 0 0.8 -2.980232E-08 0.3 0.8 0.5
			<Positions>: 94 0 1.6 -9.685755E-08 -0.3 1.563752 -9.685755E-08 0 -2.185569E-08 -0.5 0 2.185569E-08 0.5 -0.2637516 1.6 -6.705523E-08 0.3 1.563752 -6.705523E-08 0.2637516 1.6 -9.685755E-08 0 -8.881784E-16 -7.450581E-09 -0.3 8.881784E-16 2.235174E-08 0.3 -8.881784E-16 -7.450581E-09 0 1.6 -0.4637516 0 1.563752 -0.5000001 0 1.6 0.4637515 0 1.563752 0.4999999 0.2673031 2.185569E-08 0.5 0.3 2.042646E-08 0.467303 0.3 -2.042646E-08 -0.467303 0.2673031 -2.185569E-08 -0.5 -0.3 2.042646E-08 0.467303 -0.2673031 2.185569E-08 0.5 -0.2673031 -2.185569E-08 -0.5 -0.3 -2.042646E-08 -0.467303 0.2673031 1.563752 0.4999999 0.3 1.563752 0.4673029 0.2637516 1.6 0.4310545 0.2310547 1.6 0.4637515 0.3 1.563752 -0.4673031 0.2673031 1.563752 -0.5000001 0.2310547 1.6 -0.4637516 0.2637516 1.6 -0.4310547 -0.3 1.563752 0.4673029 -0.2673031 1.563752 0.4999999 -0.2310547 1.6 0.4637515 -0.2637516 1.6 0.4310545 -0.2673031 1.563752 -0.5000001 -0.3 1.563752 -0.4673031 -0.2637516 1.6 -0.4310547 -0.2310547 1.6 -0.4637516 0 1.6 0.4310545 0 1.6 -0.4310547 0 2.042646E-08 0.467303 0 -2.042646E-08 -0.467303 -0.3 8.881784E-16 2.235174E-08 0 1.563752 -0.5000001 0 -2.185569E-08 -0.5 0.3 1.563752 -6.705523E-08 -0.2310547 1.6 -0.4637516 0 1.6 -0.4637516 0.2637516 1.6 0.4310545 0.2637516 1.6 -9.685755E-08 -0.3 1.563752 -9.685755E-08 0.2673031 1.563752 0.4999999 0.2310547 1.6 -0.4637516 -0.2637516 1.6 -6.705523E-08 0 1.563752 0.4999999 -0.2673031 1.563752 -0.5000001 -0.2673031 -2.185569E-08 -0.5 -0.3 1.563752 -0.4673031 -0.2673031 1.563752 -0.5000001 0.3 1.563752 0.4673029 0.2310547 1.6 0.4637515 0.2673031 1.563752 0.4999999 0.2673031 1.563752 -0.5000001 0.2637516 1.6 -0.4310547 0.3 1.563752 -0.4673031 -0.2310547 1.6 0.4637515 -0.3 1.563752 0.4673029 -0.2673031 1.563752 0.4999999 0.2673031 1.563752 0.4999999 0.3 1.563752 -0.4673031 0.2673031 -2.185569E-08 -0.5 -0.3 1.563752 0.4673029 -0.2673031 1.563752 0.4999999 -0.2673031 1.563752 -0.5000001 0.3 -8.881784E-16 -7.450581E-09 -0.2637516 1.6 0.4310545 -0.2637516 1.6 -0.4310547 -0.2673031 2.185569E-08 0.5 -0.3 2.042646E-08 0.467303 0.2673031 2.185569E-08 0.5 0.3 2.042646E-08 0.467303 -0.3 -2.042646E-08 -0.467303 0.3 -2.042646E-08 -0.467303 0.3 1.563752 -0.4673031 0.2673031 1.563752 -0.5000001 0.3 1.563752 0.4673029 -0.2673031 1.563752 0.4999999 -0.3 1.563752 -0.4673031 -0.2673031 2.185569E-08 0.5 0.2673031 2.185569E-08 0.5 0.3 -2.042646E-08 -0.467303 -0.2673031 -2.185569E-08 -0.5 0 1.6 0.4637515 0 2.185569E-08 0.5  
			<Colors>: 0  
			<TextureCoords0>: 94 0.7329102 0.7895508 0.5205078 0.9169922 0.6772461 0.8129883 0.5727539 0.8129883 0.7329102 0.7714844 0.6245117 0.9169922 0.7333984 0.8085938 0.7353516 0.7382813 0.5205078 0.8129883 0.6245117 0.8129883 0.7016602 0.7895508 0.6772461 0.9169922 0.7646484 0.7905273 0.7680664 0.7905273 0.590332 0.8129883 0.59375 0.8129883 0.6557617 0.8129883 0.7011719 0.7202148 0.5512695 0.8129883 0.5541992 0.8129883 0.7011719 0.7558594 0.4897461 0.8129883 0.590332 0.9169922 0.59375 0.9169922 0.7617188 0.8081055 0.7626953 0.8051758 0.7021484 0.8100586 0.6591797 0.9169922 0.7021484 0.8056641 0.7050781 0.8071289 0.7646484 0.7700195 0.5541992 0.9169922 0.7636719 0.7749023 0.7612305 0.7734375 0.6992188 0.7719727 0.4897461 0.9169922 0.7041016 0.7724609 0.7021484 0.7744141 0.7626953 0.7905273 0.7045898 0.7895508 0.7661133 0.7382813 0.7041016 0.7382813 0.7353516 0.7573242 0.6987305 0.7895508 0.7011719 0.7382813 0.7329102 0.8115234 0.7021484 0.7744141 0.7016602 0.7895508 0.7617188 0.8081055 0.7333984 0.8085938 0.7333984 0.7685547 0.7670898 0.8085938 0.7021484 0.8056641 0.7329102 0.7714844 0.5727539 0.9169922 0.6953125 0.9169922 0.6953125 0.8129883 0.7021484 0.769043 0.6992188 0.7719727 0.7641602 0.8105469 0.7626953 0.8051758 0.7670898 0.8085938 0.6992188 0.8081055 0.7050781 0.8071289 0.7021484 0.8100586 0.7636719 0.7749023 0.7646484 0.7700195 0.7670898 0.7719727 0.590332 0.9169922 0.6557617 0.9169922 0.6591797 0.8129883 0.5512695 0.9169922 0.5541992 0.9169922 0.4858398 0.9169922 0.7353516 0.7177734 0.7612305 0.7734375 0.7041016 0.7724609 0.7680664 0.7558594 0.7661133 0.7573242 0.7680664 0.7202148 0.7661133 0.7177734 0.7041016 0.7573242 0.7041016 0.7177734 0.6557617 0.9169922 0.6992188 0.8081055 0.7641602 0.8105469 0.7670898 0.7719727 0.7021484 0.769043 0.5541992 0.8129883 0.590332 0.8129883 0.6557617 0.8129883 0.4858398 0.8129883 0.7646484 0.7905273 0.7680664 0.7382813  
			<TextureCoords1>: 94 0.6608103 0.5504399 0.01967268 0.1816936 0.003906276 0.9138822 0.5006191 0.7313311 0.003906271 0.1816937 0.4848525 0.5014898 0.5006189 0.5014898 0.6583048 0.3594925 0.5006188 0.1816936 0.00390629 0.50149 0.5006188 0.9138819 0.4848523 0.913882 0.003906582 0.7313312 0.01967298 0.7313311 0.5006187 0.6491195 0.00390625 0.3577667 0.003906331 0.6452132 0.8120843 0.277281 0.5006188 0.0379703 0.5006188 0.02374864 0.8120843 0.441704 0.5006188 0.3254169 0.0196726 0.6491196 0.4848525 0.3577666 0.5006189 0.3689151 0.00390625 0.6602682 0.4848526 0.6452131 0.4848523 0.8316705 0.5006187 0.842819 0.5006189 0.6340646 0.01967269 0.03797036 0.01967298 0.8135426 0.003906595 0.802394 0.00390628 0.04911888 0.4848528 0.9960935 0.01967266 0.3254169 0.00390625 0.3142684 0.5006191 0.9849449 0.7933851 0.5504398 0.5282356 0.5504399 0.5145814 0.3594925 0.8020281 0.3594925 0.6583048 0.4517603 0.4848523 0.913882 0.8120843 0.3594925 0.4848525 0.5014898 0.5181793 0.6215029 0.5181794 0.5504399 0.7933851 0.4693207 0.6608104 0.4693207 0.01967268 0.1816936 0.0196726 0.6491196 0.5181794 0.4793769 0.6608103 0.6315591 0.01967298 0.7313311 0.4848528 0.9960935 0.003906685 0.9960938 0.5145814 0.6452132 0.5045252 0.635157 0.8070392 0.4556665 0.8034413 0.4793769 0.8170954 0.4657228 0.5045252 0.4657228 0.5282356 0.4693207 0.5145815 0.4556665 0.8034413 0.6215029 0.8070391 0.6452132 0.8170954 0.635157 0.4848525 0.3435449 0.4848523 0.8174489 0.00390625 0.8316708 0.01967269 0.03797036 0.0196727 0.02374864 0.01967265 0.3396387 0.6583048 0.2672248 0.793385 0.6315591 0.5282356 0.6315591 0.5045252 0.441704 0.5145814 0.4517602 0.5045252 0.277281 0.5145815 0.2672247 0.8020281 0.4517603 0.8020281 0.2672248 0.4848526 0.6452131 0.4848523 0.8316705 0.4848525 0.3577666 0.01967298 0.8135426 0.01967266 0.3254169 0.5006191 0.8135425 0.00390625 0.3435451 0.00390625 0.8174491 0.5006187 0.3396387 0.8034413 0.5504399 0.5045252 0.3594925  
			<Normals>: 94 0 1 0 -0.9238803 0.3826815 0 0 -0.7071068 -0.7071068 0 -0.7071068 0.7071068 -0.3826815 0.9238803 0 0.9238803 0.3826815 0 0.3826815 0.9238803 0 0 -1 0 -0.7071068 -0.7071068 0 0.7071068 -0.7071068 0 0 0.9238803 -0.3826815 0 0.3826815 -0.9238803 0 0.9238803 0.3826815 0 0.3826815 0.9238803 0.2971048 -0.6302528 0.7172937 0.7172937 -0.6302528 0.2971048 0.7172937 -0.6302528 -0.2971048 0.2971048 -0.6302528 -0.7172937 -0.7172937 -0.6302528 0.2971048 -0.2971048 -0.6302528 0.7172937 -0.2971048 -0.6302528 -0.7172937 -0.7172937 -0.6302528 -0.2971048 0.366199 0.4092615 0.8357053 0.8357053 0.4092615 0.366199 0.3861863 0.9154453 0.1132252 0.1132252 0.9154453 0.3861863 0.8357053 0.4092615 -0.366199 0.366199 0.4092615 -0.8357053 0.1132252 0.9154453 -0.3861863 0.3861863 0.9154453 -0.1132252 -0.8357053 0.4092615 0.366199 -0.366199 0.4092615 0.8357053 -0.1132252 0.9154453 0.3861863 -0.3861863 0.9154453 0.1132252 -0.366199 0.4092615 -0.8357053 -0.8357053 0.4092615 -0.366199 -0.3861863 0.9154453 -0.1132252 -0.1132252 0.9154453 -0.3861863 0 1 0 0 1 0 0 -1 0 0 -1 0 -0.7071068 -0.7071068 0 0 0.3826815 -0.9238803 0 -0.7071068 -0.7071068 0.9238803 0.3826815 0 -0.1132252 0.9154453 -0.3861863 0 0.9238803 -0.3826815 0.3861863 0.9154453 0.1132252 0.3826815 0.9238803 0 -0.9238803 0.3826815 0 0.366199 0.4092615 0.8357053 0.1132252 0.9154453 -0.3861863 -0.3826815 0.9238803 0 0 0.3826815 0.9238803 -0.366199 0.4092615 -0.8357053 -0.2971048 -0.6302528 -0.7172937 -0.8357053 0.4092615 -0.366199 -0.366199 0.4092615 -0.8357053 0.8357053 0.4092615 0.366199 0.1132252 0.9154453 0.3861863 0.366199 0.4092615 0.8357053 0.366199 0.4092615 -0.8357053 0.3861863 0.9154453 -0.1132252 0.8357053 0.4092615 -0.366199 -0.1132252 0.9154453 0.3861863 -0.8357053 0.4092615 0.366199 -0.366199 0.4092615 0.8357053 0.366199 0.4092615 0.8357053 0.8357053 0.4092615 -0.366199 0.2971048 -0.6302528 -0.7172937 -0.8357053 0.4092615 0.366199 -0.366199 0.4092615 0.8357053 -0.366199 0.4092615 -0.8357053 0.7071068 -0.7071068 0 -0.3861863 0.9154453 0.1132252 -0.3861863 0.9154453 -0.1132252 -0.2971048 -0.6302528 0.7172937 -0.7172937 -0.6302528 0.2971048 0.2971048 -0.6302528 0.7172937 0.7172937 -0.6302528 0.2971048 -0.7172937 -0.6302528 -0.2971048 0.7172937 -0.6302528 -0.2971048 0.8357053 0.4092615 -0.366199 0.366199 0.4092615 -0.8357053 0.8357053 0.4092615 0.366199 -0.366199 0.4092615 0.8357053 -0.8357053 0.4092615 -0.366199 -0.2971048 -0.6302528 0.7172937 0.2971048 -0.6302528 0.7172937 0.7172937 -0.6302528 -0.2971048 -0.2971048 -0.6302528 -0.7172937 0 0.9238803 0.3826815 0 -0.7071068 0.7071068  
			<Tangents>: 94 -0.003455542 0 0.999994 1.428484E-09 3.448686E-09 1 -1 0 0 1 0 0 -0.01685573 -0.006981832 0.9998336 1.439732E-09 -3.475841E-09 -1 -0.01708256 0.007075787 0.9998291 0 0 1 -1.98355E-08 1.98355E-08 1 -1.985141E-08 -1.985141E-08 -1 0 0.3826815 0.9238803 -1 0 0 0 -0.3826815 0.9238803 -0.02010358 -0.9236936 0.3826042 0.9548449 0.1961064 -0.2231895 0.2555573 -0.1587177 -0.9536766 -0.2231896 0.1961063 -0.9548449 0.1969328 -0.6946179 0.6918985 0.2513278 0.1636669 0.9539641 0.8329996 0.1961164 0.5173489 -0.5692484 -0.4862076 0.6629921 -0.2596684 -0.1538884 0.9533576 0.9305366 -0.1610589 -0.3288796 0.3434485 0.1308406 -0.9300128 -0.008615024 -0.1191629 0.9928373 -0.2264693 -0.3546755 0.9071477 0.304665 0.2092912 0.9291805 -0.9292059 0.1128173 -0.3519213 -0.06605498 0.3947615 0.9164061 -0.001520243 0.1233793 0.9923584 0.308082 -0.2026274 0.9295309 0.9305366 0.1610589 0.3288796 0.06771692 -0.3806719 0.9222274 0.003805923 -0.1211654 0.9926251 -0.1310617 0.8664528 0.4817493 -0.3452752 0.1269837 0.929871 -0.02981635 0.110295 0.9934515 0.02905586 0.3915704 0.9196893 -0.04097538 0 0.9991602 -0.01407445 0 0.9999009 0.0008538441 0 0.9999996 -0.001228859 0 0.9999992 -2.185569E-08 2.185569E-08 1 -0.003314512 0.9238753 0.3826794 0 -0.7071068 0.7071068 -0.00678388 0.01637783 0.9998429 -0.1057879 0.3753689 0.9208187 0 0.3826815 0.9238803 -0.04895632 -0.1022335 0.993555 -0.0003090987 0.0001280321 0.9999999 -0.00683861 -0.01650996 0.9998403 -0.3457775 -0.7739362 0.5305287 0.330495 0.3318513 0.8835427 -0.005015136 -0.002077325 0.9999853 1 0 0 -0.9305366 -0.1610589 0.3288796 -0.9548449 0.1961064 0.2231895 -0.1117915 0.5260753 0.8430583 -0.1019836 0.8750283 0.4732071 -0.1810352 -0.4242399 0.8872693 0.1431633 -0.3996615 0.9054142 -0.4804935 -0.685933 0.5464632 0.4254851 0.7250631 0.5415218 0.01612064 0.116031 0.9931148 0.188094 0.4131765 0.8910139 0.3223071 -0.3338251 0.885821 0.222795 -0.3568167 0.9072179 0.4074097 -0.7369227 0.5394092 0.8785083 0.144041 -0.4554947 -0.4554945 0.1440406 -0.8785084 -0.951851 -0.1360503 -0.274718 0.3415639 -0.1348036 0.9301409 0.8785083 -0.144041 0.4554947 -0.8785083 0.144041 0.4554947 2.185569E-08 2.185569E-08 1 0.002011447 -0.1219118 0.9925389 -0.0373245 0.107139 0.9935432 0.5692483 0.4862076 0.6629921 0.227145 0.1915965 0.9548277 -0.1969328 0.6946179 0.6918985 -0.221898 0.1975754 0.954843 -0.2289409 -0.1895436 0.9548085 0.2213091 -0.1982447 0.954841 -0.3288796 -0.1610589 -0.9305366 0.096963 0.8764182 0.4716878 -0.309453 -0.1999407 0.9296572 0.2169417 -0.8357934 0.5043666 -0.3218952 0.175217 0.9304206 0.9548449 -0.1961064 0.2231895 0.8329996 -0.1961164 -0.5173489 -0.5173486 -0.196116 -0.8329999 -0.8329997 -0.1961164 0.5173489 0 -0.3826815 0.9238803 0 0.7071068 0.7071068  
			<BiTangents>: 94 -0.999994 0 -0.003455542 -0.3826815 -0.9238803 3.732828E-09 0 -0.7071068 0.7071068 0 -0.7071068 -0.7071068 -0.9237265 -0.3826178 -0.0182445 0.3826815 -0.9238803 3.76222E-09 -0.9237224 0.3826161 -0.01849001 1 0 0 0.7071068 -0.7071068 2.805164E-08 -0.7071068 -0.7071068 2.807413E-08 -1 0 0 0 -0.9238803 -0.3826815 -1 0 0 -0.9997979 0.0185733 -0.00769327 6.269108E-09 -0.7512148 -0.6600578 -0.6482131 -0.7599934 -0.04721853 -0.6600578 -0.7512148 2.44994E-08 0.9343159 0.346825 0.08225685 0.6498647 -0.758943 -0.04100285 0.4667337 -0.7512121 -0.4667332 0.7666062 -0.6052963 0.2143158 0.6465773 -0.7609861 0.05327354 4.304701E-09 -0.8980897 0.4398124 0.4285321 -0.9029871 0.03121609 -0.9223806 0.3843956 0.03813252 -0.967415 0.1901713 -0.167162 -0.45692 0.8880891 -0.05021812 0.0497458 -0.9054155 -0.4216018 -0.9913712 0.07825071 -0.1051667 -0.9224195 0.3830631 -0.04903911 -0.4546231 -0.8896332 -0.0432507 -4.304701E-09 -0.8980897 0.4398124 -0.991259 -0.1305707 0.01888949 -0.9224129 -0.3837691 -0.04330832 -0.9212607 -0.2859451 0.2636557 -0.4270617 -0.9035376 -0.03518693 -0.9219388 -0.3870334 0.01529918 -0.9931444 -0.092911 0.07093468 -0.9991602 0 -0.04097538 -0.9999009 0 -0.01407445 0.9999996 0 -0.0008538441 0.9999992 0 0.001228859 0.7071068 -0.7071068 3.090862E-08 -0.9999945 -0.003062212 -0.001268402 1 0 0 -0.3826214 0.9237351 -0.01772722 -0.9879215 -0.1451137 -0.05434187 -1 0 0 -0.9211208 0.3892404 -0.005335661 -0.9238803 0.3826815 -0.0003345657 -0.3826205 -0.9237328 -0.01787024 -0.8639076 0.4832471 0.1419013 -0.9369915 0.2276719 0.2649761 -0.9238667 -0.3826759 -0.005428339 0 -0.9238803 0.3826815 -4.304701E-09 -0.8980897 -0.4398124 -6.269108E-09 -0.7512148 0.6600578 -0.5376796 -0.7454863 0.393892 -0.9249312 -0.2585162 0.2786965 -0.5184814 0.8077905 0.2804488 -0.9832011 0.04722797 0.17631 -0.7968842 0.6016652 0.05454052 -0.8275631 0.5538849 -0.09138275 -0.92228 0.3853526 -0.03005201 -0.5159625 0.8135049 -0.2683141 -0.9398394 -0.2247678 0.2572572 -0.5019553 -0.839754 -0.2070122 -0.8366096 -0.5380055 -0.1031233 0.3067922 -0.9009757 0.3067919 0.3067921 -0.9009758 -0.3067919 -0.0755538 -0.7643766 0.6403279 -0.4300358 -0.902404 0.02713288 -0.3067922 -0.9009757 0.3067919 -0.3067922 -0.9009757 -0.3067919 0.7071068 0.7071068 -3.090862E-08 -0.9224186 -0.3835327 -0.0452393 -0.9216654 -0.3879189 0.007207066 0.7666062 -0.6052963 -0.2143157 0.6587071 -0.7523777 -0.005727836 0.934316 0.346825 -0.08225688 0.6604931 0.7508298 -0.001867783 0.658085 -0.7528974 0.008332245 0.6606907 0.7506533 0.002718938 0.4398124 -0.8980897 -4.304701E-09 -0.9254709 0.2537641 -0.2812603 -0.453691 0.8902408 0.04044433 -0.9048948 -0.3659979 -0.2172809 -0.4449496 -0.8954351 0.01469048 -6.269108E-09 -0.7512148 -0.6600578 -0.4667337 -0.7512121 -0.4667332 -0.4667336 -0.7512124 0.4667332 0.4667336 -0.7512121 0.4667332 -1 0 0 1 0 0  
			<SubMeshes>: 1
				<SubMesh>: 0 240 8 35 21 16 5 9 40 42 7 27 2 11 28 43 10 41 20 44 18 1 8 22 3 14 29 45 26 9 23 15 24 45 6 37 43 34 17 41 44 46 39 47 0 48 49 32 13 12 33 50 30 36 50 4 25 13 51 39 52 47 53 38 0 31 3 54 55 2 56 57 46 58 59 60 61 62 63 64 65 66 67 68 15 23 69 70 27 71 19 72 73 21 35 74 40 7 65 38 75 38 60 48 76 0 39 39 49 63 40 77 78 79 40 80 41 42 81 82 7 41 1 35 8 83 5 16 78 42 40 70 2 27 84 43 28 81 20 41 71 1 18 54 3 22 6 45 29 5 23 9 85 45 24 10 43 37 82 41 17 76 39 46 38 48 0 86 13 32 4 50 33 87 50 36 12 13 25 63 52 39 75 38 53 88 3 31 11 2 55 76 46 57 48 60 59 52 63 62 75 66 65 89 15 68 90 70 69 18 19 71 91 21 73 80 40 74 92 38 65 92 60 38 53 0 76 0 49 39 93 77 40 93 40 79 7 42 41 74 7 82  
		</Mesh>
		<Materials>: 1
			<Material>: 0
				<AlbedoColor>: 1 1 1 1
				<EmissiveColor>: 0 0 0 0
				<Glossiness>: 0.04
				<Metallic>: 0
				<SpecularHighlight>: 1
				<GlossyReflection>: 1
				<AlbedoMap>: BLD_IndBuilding1_A
				<MetallicMap>: BLD_IndBuilding1_MS
				<NormalMap>: BLD_IndBuilding1_N
				<EmissionMap>: null
				<DetailAlbedoMap>: DET_Concrete1_A
				<DetailNormalMap>: DET_Concrete1_N
		</Materials>
		<Children>: 0
	</Frame>
</Hierarchy>
