<Hierarchy>:
	<Frame>: 0 5 IndBuilding1_Deco_IntColumn_Base
		<Transform>: 0 0 0 0 0 0 1 1 1 0 0 0 1  
		<TransformMatrix>: 1 0 0 0 0 1 0 0 0 0 1 0 0 0 0 1  
		<BoxCollider>: 1 0 0.5 0 0.6 1 0.6000001  
		<Mesh>: 142 IndBuilding1_Deco_IntColumn_Base
			<Bounds>: 0 0.5 0 0.3 0.5 0.3000001
			<Positions>: 142 0.3 0.7442324 2.235174E-08 0.3 0.6557674 -7.450581E-09 -0.3 0.7442324 -7.450581E-09 -0.3 0.6557674 2.235174E-08 0 1 -0.3000001 0 -2.185569E-08 -0.3 0 1 0.3 0 2.18557E-08 0.3000001 -0.27 0.7 -7.450581E-09 0.27 0.7 -7.450581E-09 0 8.881784E-16 5.215406E-08 0 1 -6.705523E-08 0 0.7 0.25 0 0.7 -0.25 -0.3 8.881784E-16 2.235174E-08 -0.3 1 -6.705523E-08 0.3 8.881784E-16 5.215406E-08 0.3 1 -3.72529E-08 0 0.6557674 0.3 0 0.7442324 0.3 0 0.6557674 -0.3 0 0.7442324 -0.3 0.2686875 2.18557E-08 0.3000001 0.3 2.037589E-08 0.2661459 0.3 1 0.2661459 0.2686875 1 0.3 0.3 -2.037588E-08 -0.2661459 0.2686875 -2.185569E-08 -0.3 0.2686875 1 -0.3000001 0.3 1 -0.2661459 -0.3 2.037589E-08 0.2661459 -0.2686875 2.18557E-08 0.3000001 -0.2686875 1 0.3 -0.3 1 0.2661459 -0.2686875 -2.185569E-08 -0.3 -0.3 -2.037588E-08 -0.2661459 -0.3 1 -0.2661459 -0.2686875 1 -0.3000001 -0.27 0.7 -0.2161459 -0.2386875 0.7 -0.25 0.27 0.7 0.2161459 0.2386875 0.7 0.25 -0.2386875 0.7 0.25 -0.27 0.7 0.2161459 0.2386875 0.7 -0.25 0.27 0.7 -0.2161459 0.3 0.7442324 0.2661459 0.2686875 0.7442324 0.3 0.2686875 0.6557674 0.3 0.3 0.6557674 0.2661459 0.2686875 0.7442324 -0.3 0.3 0.7442324 -0.2661459 0.3 0.6557674 -0.2661459 0.2686875 0.6557674 -0.3 -0.3 0.7442324 -0.2661459 -0.2686875 0.7442324 -0.3 -0.2686875 0.6557674 -0.3 -0.3 0.6557674 -0.2661459 -0.2686875 0.7442324 0.3 -0.3 0.7442324 0.2661459 -0.3 0.6557674 0.2661459 -0.2686875 0.6557674 0.3 -0.2686875 1 -6.705523E-08 0.2686875 1 -4.036352E-08 0 -2.037588E-08 -0.2661459 0 2.037589E-08 0.2661459 -0.2686875 1 -0.3000001 0 -2.185569E-08 -0.3 -0.2686875 -2.185569E-08 -0.3 -0.2386875 0.7 -0.25 0 0.7 -0.25 0.2686875 -2.185569E-08 -0.3 0.3 1 -0.2661459 -0.3 1 0.2661459 -0.3 1 -6.705523E-08 0.2386875 0.7 -0.25 0.2386875 0.7 0.25 0 0.7 0.25 -0.2386875 0.7 0.25 -0.3 2.037589E-08 0.2661459 -0.3 8.881784E-16 2.235174E-08 0.3 1 0.2661459 0.3 1 -3.72529E-08 0 1 -0.3000001 -0.2386875 0.7 -0.25 -0.27 0.7 -0.2161459 0.3 0.6557674 0.2661459 0.27 0.7 0.2161459 -0.3 0.6557674 0.2661459 -0.27 0.7 0.2161459 0.3 0.6557674 -0.2661459 0.2386875 0.7 -0.25 0.27 0.7 -0.2161459 0.3 0.7442324 -0.2661459 0.2386875 0.7 -0.25 0.2686875 0.7442324 -0.3 -0.3 0.7442324 0.2661459 -0.2386875 0.7 0.25 -0.2686875 0.7442324 0.3 0.2386875 0.7 0.25 0.3 0.7442324 0.2661459 0.2686875 0.7442324 0.3 -0.2386875 0.7 -0.25 -0.3 0.7442324 -0.2661459 -0.2686875 0.7442324 -0.3 0.2686875 1 0.3 0.2686875 0.6557674 0.3 0.2686875 2.18557E-08 0.3000001 0.2686875 -2.185569E-08 -0.3 0.2686875 0.7442324 -0.3 0.2686875 1 -0.3000001 -0.3 -2.037588E-08 -0.2661459 -0.2686875 0.6557674 -0.3 -0.2686875 -2.185569E-08 -0.3 -0.2686875 1 -0.3000001 -0.2686875 2.18557E-08 0.3000001 -0.2686875 0.7442324 0.3 0.3 8.881784E-16 5.215406E-08 -0.3 1 -0.2661459 -0.2686875 1 0.3 0 1 0.3 -0.3 -2.037588E-08 -0.2661459 0.3 -2.037588E-08 -0.2661459 -0.2686875 2.18557E-08 0.3000001 0.2686875 2.18557E-08 0.3000001 0.3 2.037589E-08 0.2661459 -0.3 1 -0.2661459 -0.2686875 1 0.3 -0.3 0.6557674 -0.2661459 0.2686875 1 0.3 0.2686875 1 -0.3000001 -0.2686875 0.6557674 -0.3 0.2686875 0.6557674 -0.3 0.27 0.7 -0.2161459 -0.27 0.7 0.2161459 0.27 0.7 0.2161459 -0.27 0.7 -0.2161459 0.3 0.7442324 0.2661459 0.2686875 0.6557674 -0.3 -0.3 0.6557674 -0.2661459 -0.2686875 0.6557674 0.3 0 2.18557E-08 0.3000001  
			<Colors>: 0  
			<TextureCoords0>: 142 0.5649414 0.9418945 0.5649414 0.9521484 0.6689453 0.9418945 0.6689453 0.9521484 0.7744141 0.8388672 0.5131836 0.9951172 0.6166992 0.925293 0.6166992 0.9951172 0.6689453 0.9472656 0.5649414 0.9472656 0.7412109 0.8867188 0.7392578 0.8388672 0.6166992 0.9472656 0.5131836 0.9472656 0.6689453 0.9951172 0.6689453 0.925293 0.5649414 0.9951172 0.5649414 0.925293 0.6166992 0.9521484 0.6166992 0.9418945 0.5131836 0.9521484 0.5131836 0.9418945 0.5986328 0.9951172 0.5957031 0.9951172 0.5957031 0.925293 0.5986328 0.925293 0.5341797 0.9951172 0.7060547 0.8681641 0.7744141 0.8198242 0.5341797 0.925293 0.6381836 0.9951172 0.6347656 0.9951172 0.6347656 0.925293 0.6381836 0.925293 0.4951172 0.9951172 0.699707 0.9951172 0.699707 0.925293 0.4951172 0.925293 0.699707 0.9472656 0.4951172 0.9472656 0.5957031 0.9472656 0.5986328 0.9472656 0.6347656 0.9472656 0.6381836 0.9472656 0.53125 0.9472656 0.5341797 0.9472656 0.5957031 0.9418945 0.5986328 0.9418945 0.5986328 0.9521484 0.5957031 0.9521484 0.53125 0.9418945 0.5341797 0.9418945 0.5341797 0.9521484 0.53125 0.9521484 0.699707 0.9418945 0.4951172 0.9418945 0.4951172 0.9521484 0.699707 0.9521484 0.6347656 0.9418945 0.6381836 0.9418945 0.6381836 0.9521484 0.6347656 0.9521484 0.7392578 0.8574219 0.7392578 0.8198242 0.7084961 0.8867188 0.7734375 0.8867188 0.7744141 0.8574219 0.7060547 0.8867188 0.7060547 0.9057617 0.4951172 0.9472656 0.5131836 0.9472656 0.53125 0.9951172 0.7719727 0.8173828 0.7070313 0.8598633 0.7392578 0.8598633 0.53125 0.9472656 0.5986328 0.9472656 0.6166992 0.9472656 0.6347656 0.9472656 0.7734375 0.9072266 0.7412109 0.9072266 0.7070313 0.8173828 0.7392578 0.8173828 0.5131836 0.925293 0.703125 0.9472656 0.699707 0.9472656 0.5957031 0.9521484 0.5957031 0.9472656 0.6381836 0.9521484 0.6381836 0.9472656 0.5341797 0.9521484 0.53125 0.9472656 0.5341797 0.9472656 0.5341797 0.9418945 0.53125 0.9472656 0.53125 0.9418945 0.6381836 0.9418945 0.6347656 0.9472656 0.6347656 0.9418945 0.5986328 0.9472656 0.5957031 0.9418945 0.5986328 0.9418945 0.703125 0.9472656 0.699707 0.9418945 0.703125 0.9418945 0.5986328 0.925293 0.5986328 0.9521484 0.5986328 0.9951172 0.53125 0.9951172 0.53125 0.9418945 0.53125 0.925293 0.699707 0.9951172 0.703125 0.9521484 0.703125 0.9951172 0.703125 0.925293 0.6347656 0.9951172 0.6347656 0.9418945 0.7412109 0.8657227 0.7719727 0.8598633 0.7045898 0.8574219 0.7045898 0.8388672 0.7084961 0.9072266 0.7084961 0.8657227 0.7758789 0.9057617 0.7758789 0.8681641 0.7734375 0.8657227 0.699707 0.925293 0.6347656 0.925293 0.699707 0.9521484 0.7045898 0.8198242 0.53125 0.925293 0.703125 0.9521484 0.53125 0.9521484 0.5341797 0.9472656 0.6381836 0.9472656 0.5957031 0.9472656 0.699707 0.9472656 0.5957031 0.9418945 0.53125 0.9521484 0.699707 0.9521484 0.6347656 0.9521484 0.7758789 0.8867188  
			<TextureCoords1>: 142 0.3390032 0.6008469 0.2920368 0.6008469 0.1162851 0.8791549 0.1632515 0.8791548 0.4552884 0.3459545 0.4552885 0.5997301 0.839974 0.8543832 0.3335892 0.3255234 0.1397683 0.8791548 0.31552 0.6008469 0.8546357 0.3459545 0.5871021 0.3459545 0.01612726 0.3255229 0.7727504 0.59973 0.4513818 0.8791546 0.003906321 0.8791549 0.003906293 0.6008469 0.451382 0.6008469 0.04545895 0.3255228 0.839974 0.9667621 0.7434188 0.5997301 0.5758814 0.9643508 0.3335892 0.2074678 0.003906331 0.483908 0.451382 0.483908 0.9580296 0.8543832 0.003906255 0.7177857 0.9864495 0.2278988 0.4552883 0.2278989 0.4513819 0.7177857 0.4513815 0.7622157 0.3335892 0.4435791 0.003906254 0.7419541 0.00390625 0.7622159 0.4552887 0.7177857 0.4513821 0.9960936 0.7180122 0.8522947 0.6960378 0.8505678 0.1397683 0.9741248 0.7727507 0.7046043 0.31552 0.505877 0.01612724 0.2206486 0.7350997 0.9960938 0.1397682 0.7841848 0.4710687 0.9960938 0.31552 0.6958168 0.3390032 0.4839081 0.9580296 0.9667621 0.04545894 0.2074672 0.2920368 0.4839081 0.4571485 0.9667365 0.3390031 0.7177857 0.2920368 0.7177857 0.7434185 0.4816744 0.1162852 0.9960938 0.6891437 0.9583232 0.743419 0.7177857 0.4598109 0.8230047 0.7219184 0.9667621 0.1162851 0.762216 0.1632514 0.7622159 0.04545894 0.4435785 0.5871021 0.4640101 0.5871021 0.2278989 0.9715746 0.3459545 0.7376969 0.3459545 0.4552884 0.4640101 0.9864494 0.3459545 0.9864493 0.4640101 0.6831604 0.9881482 0.5770121 0.9938296 0.4552883 0.4816744 0.4701631 0.2141408 0.7040409 0.4777681 0.5871021 0.4777681 0.7727503 0.4948558 0.9448482 0.9960938 0.839974 0.9960938 0.01612724 0.4303971 0.7376968 0.4777682 0.8546357 0.4777682 0.7040409 0.214141 0.587102 0.2141408 0.5751268 0.8507066 0.4874458 0.8032539 0.4919683 0.8230047 0.03323795 0.1913058 0.003906252 0.2044871 0.03323794 0.4597399 0.00390625 0.4465585 0.4598109 0.8269109 0.4874458 0.8466616 0.4919683 0.8269109 0.4874457 0.779597 0.4598109 0.7993477 0.4919682 0.7993477 0.4598109 0.7756908 0.4874457 0.7559401 0.4552884 0.7559401 0.5280319 0.8466616 0.5003971 0.8269109 0.4958746 0.8466616 0.6831604 0.9881482 0.7078661 0.9635397 0.6891437 0.9583232 0.451382 0.4636462 0.2920368 0.4636462 0.003906338 0.4636461 0.00390625 0.7380476 0.3390031 0.7380476 0.4513819 0.7380475 0.4552887 0.7380476 0.743419 0.7177857 0.4552887 0.7177857 0.6960378 0.8505678 0.4513815 0.7419538 0.1162851 0.7419541 0.8546358 0.2141408 0.4701632 0.4777682 0.7189158 0.4640101 0.7189157 0.3459545 0.9715745 0.4777681 0.9715747 0.2141408 0.722822 0.4640101 0.7228221 0.2278989 0.7376969 0.2141408 0.003906388 0.9960938 0.7219184 0.8543832 0.1632516 0.9960938 0.7189158 0.227899 0.4552884 0.8526607 0.4552884 0.8032539 0.4552884 0.8466616 0.4552884 0.779597 0.4919682 0.7756908 0.5325544 0.8269109 0.7023837 0.9960938 0.9782915 0.9667621 0.2920368 0.7380476 0.7434189 0.7380476 0.1632514 0.7419541 0.7228221 0.3459545  
			<Normals>: 142 0.9559293 -0.2935969 0 0.9559293 0.2935969 0 -0.9559293 -0.2935969 0 -0.9559293 0.2935969 0 0 0.7071068 -0.7071068 0 -0.7071068 -0.7071068 0 0.7071068 0.7071068 0 -0.7071068 0.7071068 -1 0 0 1 0 0 0 -1 0 0 1 0 0 0 1 0 0 -1 -0.7071068 -0.7071068 0 -0.7071068 0.7071068 0 0.7071068 -0.7071068 0 0.7071068 0.7071068 0 0 0.4107263 0.9117587 0 -0.4107263 0.9117587 0 0.4107263 -0.9117587 0 -0.4107263 -0.9117587 0.3120578 -0.6270759 0.7137196 0.72047 -0.6335204 0.2820902 0.72047 0.6335204 0.2820902 0.3120578 0.6270759 0.7137196 0.72047 -0.6335204 -0.2820902 0.3120578 -0.6270759 -0.7137196 0.3120578 0.6270759 -0.7137196 0.72047 0.6335204 -0.2820902 -0.72047 -0.6335204 0.2820902 -0.3120578 -0.6270759 0.7137196 -0.3120578 0.6270759 0.7137196 -0.72047 0.6335204 0.2820902 -0.3120578 -0.6270759 -0.7137196 -0.72047 -0.6335204 -0.2820902 -0.72047 0.6335204 -0.2820902 -0.3120578 0.6270759 -0.7137196 -0.9759293 0 -0.2180871 -0.3662547 0 -0.9305146 0.9759293 0 0.2180871 0.3662547 0 0.9305146 -0.3662547 0 0.9305146 -0.9759293 0 0.2180871 0.3662547 0 -0.9305146 0.9759293 0 -0.2180871 0.8503915 -0.3766395 0.3673921 0.3721545 -0.4038337 0.8357148 0.3721545 0.4038337 0.8357148 0.8503915 0.3766395 0.3673921 0.3721545 -0.4038337 -0.8357148 0.8503915 -0.3766395 -0.3673921 0.8503915 0.3766395 -0.3673921 0.3721545 0.4038337 -0.8357148 -0.8503915 -0.3766395 -0.3673921 -0.3721545 -0.4038337 -0.8357148 -0.3721545 0.4038337 -0.8357148 -0.8503915 0.3766395 -0.3673921 -0.3721545 -0.4038337 0.8357148 -0.8503915 -0.3766395 0.3673921 -0.8503915 0.3766395 0.3673921 -0.3721545 0.4038337 0.8357148 0 1 0 0 1 0 0 -1 0 0 -1 0 -0.3120578 0.6270759 -0.7137196 0 -0.7071068 -0.7071068 -0.3120578 -0.6270759 -0.7137196 -0.3662547 0 -0.9305146 0 0 -1 0.3120578 -0.6270759 -0.7137196 0.72047 0.6335204 -0.2820902 -0.72047 0.6335204 0.2820902 -0.7071068 0.7071068 0 0.3662547 0 -0.9305146 0.3662547 0 0.9305146 0 0 1 -0.3662547 0 0.9305146 -0.72047 -0.6335204 0.2820902 -0.7071068 -0.7071068 0 0.72047 0.6335204 0.2820902 0.7071068 0.7071068 0 0 0.7071068 -0.7071068 -0.3662547 0 -0.9305146 -0.9759293 0 -0.2180871 0.8503915 0.3766395 0.3673921 0.9759293 0 0.2180871 -0.8503915 0.3766395 0.3673921 -0.9759293 0 0.2180871 0.8503915 0.3766395 -0.3673921 0.3662547 0 -0.9305146 0.9759293 0 -0.2180871 0.8503915 -0.3766395 -0.3673921 0.3662547 0 -0.9305146 0.3721545 -0.4038337 -0.8357148 -0.8503915 -0.3766395 0.3673921 -0.3662547 0 0.9305146 -0.3721545 -0.4038337 0.8357148 0.3662547 0 0.9305146 0.8503915 -0.3766395 0.3673921 0.3721545 -0.4038337 0.8357148 -0.3662547 0 -0.9305146 -0.8503915 -0.3766395 -0.3673921 -0.3721545 -0.4038337 -0.8357148 0.3120578 0.6270759 0.7137196 0.3721545 0.4038337 0.8357148 0.3120578 -0.6270759 0.7137196 0.3120578 -0.6270759 -0.7137196 0.3721545 -0.4038337 -0.8357148 0.3120578 0.6270759 -0.7137196 -0.72047 -0.6335204 -0.2820902 -0.3721545 0.4038337 -0.8357148 -0.3120578 -0.6270759 -0.7137196 -0.3120578 0.6270759 -0.7137196 -0.3120578 -0.6270759 0.7137196 -0.3721545 -0.4038337 0.8357148 0.7071068 -0.7071068 0 -0.72047 0.6335204 -0.2820902 -0.3120578 0.6270759 0.7137196 0 0.7071068 0.7071068 -0.72047 -0.6335204 -0.2820902 0.72047 -0.6335204 -0.2820902 -0.3120578 -0.6270759 0.7137196 0.3120578 -0.6270759 0.7137196 0.72047 -0.6335204 0.2820902 -0.72047 0.6335204 -0.2820902 -0.3120578 0.6270759 0.7137196 -0.8503915 0.3766395 -0.3673921 0.3120578 0.6270759 0.7137196 0.3120578 0.6270759 -0.7137196 -0.3721545 0.4038337 -0.8357148 0.3721545 0.4038337 -0.8357148 0.9759293 0 -0.2180871 -0.9759293 0 0.2180871 0.9759293 0 0.2180871 -0.9759293 0 -0.2180871 0.8503915 -0.3766395 0.3673921 0.3721545 0.4038337 -0.8357148 -0.8503915 0.3766395 -0.3673921 -0.3721545 0.4038337 0.8357148 0 -0.7071068 0.7071068  
			<Tangents>: 142 0 0 1 -2.367845E-09 7.709524E-09 1 0 0 -1 0 0 -1 0 -0.7071068 -0.7071068 1 0 0 -1 0 0 -1 0 0 0 0 -1 0 0 1 0 0 1 2.676045E-08 0 -1 -1 0 0 1 0 0 0 0 -1 0 0 -1 3.358179E-08 3.358179E-08 1 0 0 1 -1 0 0 -1 0 0 1 0 0 1 0 0 -0.9500631 -0.2059694 0.2344284 -0.2387491 0.1553141 0.9585804 -0.2387491 -0.1553141 0.9585804 -0.9500225 0.1990151 0.2405207 0.2387491 -0.155314 0.9585804 0.1958564 -0.6926367 0.6941863 -0.3179779 -0.6389724 -0.7004315 0.2387491 0.1553141 0.9585804 -0.242793 -0.1505979 -0.9583172 -0.9500631 0.2059694 -0.2344284 -0.8172079 0.2059783 -0.5382789 -0.242793 0.1505979 -0.9583172 0.9500631 -0.2059694 -0.2344284 0.2118409 0.186275 -0.9593879 0.4958983 0.1862948 -0.8481622 0.9500631 0.2059694 -0.2344284 0.2180871 0 -0.9759293 0.9305146 0 -0.3662547 -0.2180871 0 0.9759293 -0.9305146 0 0.3662547 -0.9305146 0 -0.3662547 -0.2180871 0 -0.9759293 0.9305146 0 0.3662547 0.2180871 0 0.9759293 -0.3370161 0.1462992 0.9300628 -0.9274233 -0.1256602 0.3522719 -0.9281595 0.1574621 0.3372324 -0.3457097 -0.126403 0.9297887 0.9281708 0.161919 0.3350838 0.3448693 -0.1283454 0.9298347 0.3457097 0.126403 0.9297887 0.9281708 -0.161919 0.3350838 0.3359192 0.148779 -0.9300662 0.9281708 -0.161919 -0.3350838 0.9281708 0.161919 -0.3350838 0.4386172 0.1218075 -0.8903807 -0.9281708 0.161919 -0.3350838 -0.3462184 -0.1252253 -0.9297588 -0.3471709 0.1230159 -0.9296986 -0.9281554 -0.1567307 -0.3375841 4.497391E-08 0 -1 4.508939E-08 0 -1 -0.001067964 0 0.9999994 0.001083092 0 0.9999994 0.317978 -0.6389723 -0.7004315 0 -0.7071068 0.7071068 -0.5716847 -0.4760695 0.6682323 0.9305146 0 -0.3662547 1 0 0 0.9500631 0.2059694 0.2344284 -0.2118408 -0.186275 -0.9593879 -0.2118409 0.186275 -0.9593879 0 0 -1 0.9305146 0 0.3662547 -0.9305146 0 0.3662547 -1 0 0 -0.9305146 0 -0.3662547 0.2167016 0.1807355 0.9593618 -3.827953E-08 3.827954E-08 1 0.2118409 0.186275 -0.9593879 0 0 -1 1 0 0 0.9305146 0 -0.3662547 0.2180872 0 -0.9759293 -0.4386173 0.1218076 0.8903807 -0.2180872 0 0.9759293 -0.4386172 -0.1218073 -0.8903808 -0.2180872 0 -0.9759293 0.4386172 -0.1218073 0.8903808 0.9305146 0 0.3662547 0.2180872 0 0.9759293 0.4386172 0.1218073 0.8903808 0.9305146 0 0.3662547 0.8720399 -0.1562379 0.4638277 -0.4386172 0.1218073 -0.8903808 -0.9305146 0 -0.3662547 -0.8720399 -0.1562379 -0.4638277 -0.9305146 0 0.3662547 -0.4386172 -0.1218075 0.8903807 -0.87204 0.1562377 0.4638277 0.9305146 0 -0.3662547 0.4386172 -0.1218074 -0.8903807 0.87204 0.1562377 -0.4638277 -0.8172081 -0.2059781 0.5382787 -0.87204 -0.1562375 0.4638276 -0.8172082 0.2059779 0.5382786 0.8172079 -0.2059783 0.5382789 0.8720399 -0.1562379 0.4638277 0.8172079 0.2059783 0.5382789 0.4958983 -0.1862948 -0.8481622 0.87204 -0.1562377 -0.4638277 0.8172081 0.2059781 -0.5382787 0.8172081 -0.2059781 -0.5382787 -0.8172079 -0.2059784 -0.5382789 -0.8720399 -0.1562379 -0.4638277 3.827953E-08 3.827954E-08 1 0.2118409 -0.1862749 -0.9593879 -0.3179779 0.6389723 -0.7004315 0 0.7071068 -0.7071068 -0.216632 -0.1808149 0.9593626 0.2100411 -0.1883201 0.9593843 0.5716841 0.47607 0.6682324 -0.1958585 0.692636 0.6941865 -0.2100148 0.18835 0.9593842 0.2118409 -0.186275 -0.9593879 -0.9500631 -0.2059694 -0.2344284 0.3359192 -0.148779 -0.9300662 0.3179779 0.6389723 -0.7004315 0.9500631 -0.2059694 0.2344284 0.87204 -0.1562377 -0.4638277 0.8720399 0.1562379 0.4638277 0.2180872 0 0.9759293 -0.2180872 0 -0.9759293 -0.2180872 0 0.9759293 0.2180872 0 -0.9759293 -0.4386172 -0.1218074 0.8903808 0.8720399 0.1562379 0.4638277 0.4386172 0.1218074 -0.8903808 -0.8720399 0.1562379 -0.4638277 0 0.7071068 0.7071068  
			<BiTangents>: 142 0.2935969 0.9559293 0 -0.2935969 0.9559293 -8.064951E-09 -0.2935969 0.9559293 0 0.2935969 0.9559293 0 1 0 0 0 0.7071068 -0.7071068 0 0.7071068 -0.7071068 0 0.7071068 0.7071068 0 1 0 0 1 0 1 0 0 1 0 2.676045E-08 0 1 0 0 1 0 -0.7071068 0.7071068 0 0.7071068 0.7071068 0 0.7071068 0.7071068 -4.749182E-08 -0.7071068 0.7071068 0 0 0.9117587 -0.4107263 0 0.9117587 0.4107263 0 0.9117587 0.4107263 0 0.9117587 -0.4107263 2.378816E-09 0.7512339 0.6600361 0.6510928 0.7579771 0.03935328 -0.6510928 0.7579771 -0.0393533 -0.008783722 0.7531061 -0.6578405 0.6510928 0.7579771 -0.03935333 0.929656 0.3564128 0.09332589 0.8952709 -0.4455222 5.172524E-08 -0.6510928 0.7579771 0.0393533 -0.6495957 0.7589283 0.04531308 -2.378816E-09 0.7512339 0.6600361 0.4845525 0.7512314 -0.4481743 0.6495957 0.7589283 -0.04531307 -2.378816E-09 0.7512339 -0.6600361 -0.6603382 0.7509685 6.391848E-09 0.4847761 0.7509635 0.4483815 2.378816E-09 0.7512339 0.6600361 0 1 0 0 1 0 0 1 0 0 1 0 0 1 0 0 1 0 0 1 0 0 1 0 0.4040475 0.9147345 0.002521968 0.03724318 0.9061611 0.4212899 -0.004592379 0.9011792 -0.4334223 -0.3966346 0.9176955 -0.0227159 -1.418143E-09 0.9003891 -0.4350856 0.3973655 0.9174259 -0.02074759 -0.3966346 0.9176955 0.02271586 1.418143E-09 0.9003891 0.4350856 -0.4049599 0.9143345 2.361391E-09 1.418143E-09 0.9003891 -0.4350856 -1.418143E-09 0.9003891 0.4350856 0.2906014 0.9183167 0.2687846 1.418143E-09 0.9003891 0.4350856 -0.3961906 0.9178569 0.02390903 0.3953563 0.9181557 -0.02614658 0.005345668 0.9013067 -0.4331485 1 0 4.497391E-08 1 0 4.508939E-08 0.9999994 0 0.001067964 0.9999994 0 -0.001083092 0.8952709 0.4455223 4.162813E-08 1 0 0 0.7588125 -0.6165497 0.2099285 0 1 0 0 1 0 2.378816E-09 0.7512339 -0.6600361 0.6603382 -0.7509685 6.691994E-08 0.6603382 0.7509685 6.391848E-09 0.7071068 0.7071068 0 0 1 0 0 1 0 0 1 0 0 1 0 0.658759 -0.7523208 -0.007070421 0.7071068 -0.7071068 5.413544E-08 0.6603382 -0.7509685 -6.391848E-09 0.7071068 -0.7071068 0 0 0.7071068 0.7071068 0 1 0 0 1 0 -0.2906014 0.9183167 -0.2687847 0 1 0 0.2906015 0.9183168 -0.2687845 0 1 0 -0.2906015 0.9183168 0.2687845 0 1 0 0 1 0 0.2906015 0.9183168 -0.2687845 0 1 0 0.3178796 0.9013923 -0.2940145 -0.2906015 0.9183168 0.2687845 0 1 0 -0.3178796 0.9013923 0.2940145 0 1 0 0.2906014 0.9183167 0.2687846 0.3178794 0.9013923 0.2940146 0 1 0 -0.2906015 0.9183168 -0.2687846 -0.3178794 0.9013923 -0.2940146 -0.4845523 0.7512316 -0.4481744 -0.3178792 0.9013923 -0.2940147 0.484552 0.7512316 0.4481746 0.4845525 0.7512314 -0.4481743 0.3178796 0.9013923 -0.2940145 -0.4845525 0.7512314 0.4481743 -0.4847761 0.7509635 -0.4483815 0.3178794 0.9013923 0.2940146 -0.4845522 0.7512316 -0.4481745 0.4845523 0.7512316 0.4481744 -0.4845525 0.7512314 0.4481743 -0.3178796 0.9013923 0.2940145 0.7071068 0.7071068 -5.413544E-08 0.6603382 0.7509685 6.487208E-08 0.8952709 0.4455222 -4.251494E-09 1 0 0 0.6587819 -0.7523018 0.006969092 0.6609128 0.7504582 0.002613646 0.758813 -0.6165494 -0.209928 0.9296555 0.3564143 -0.09332433 0.6609212 0.7504507 -0.002651843 0.6603382 0.7509685 -6.391848E-09 2.378816E-09 0.7512339 -0.6600361 0.4049599 0.9143345 -2.361391E-09 0.8952709 -0.4455222 4.251494E-09 -2.378816E-09 0.7512339 0.6600361 0.3178794 0.9013923 0.2940146 -0.3178796 0.9013923 0.2940145 0 1 0 0 1 0 0 1 0 0 1 0 0.2906015 0.9183168 0.2687846 -0.3178796 0.9013923 0.2940145 0.2906015 0.9183168 0.2687846 0.3178796 0.9013923 -0.2940145 1 0 0  
			<SubMeshes>: 1
				<SubMesh>: 0 384 18 31 7 17 51 29 37 21 55 33 2 59 15 54 2 56 5 34 66 11 4 20 39 13 27 64 67 18 41 12 1 26 52 64 68 67 6 58 19 69 21 70 20 71 5 63 72 28 73 62 74 49 16 1 24 0 17 38 3 8 44 21 50 3 35 14 25 19 47 20 75 53 45 0 9 3 43 8 60 14 30 40 0 46 42 19 58 38 2 54 76 19 77 18 78 61 40 1 9 10 79 80 63 81 82 48 7 22 43 2 8 1 45 9 83 50 21 84 57 85 41 86 87 88 78 89 90 91 92 93 94 95 96 97 98 99 100 101 102 103 104 105 46 24 23 106 107 108 52 26 29 109 110 111 112 113 104 36 114 115 60 30 33 116 32 117 65 10 118 62 66 119 11 62 11 28 4 120 63 11 64 80 121 122 10 64 65 123 79 124 65 125 61 31 18 0 51 17 83 21 37 15 2 33 126 54 15 20 5 56 62 11 66 56 39 20 122 64 27 48 41 18 16 26 1 121 68 64 127 58 6 55 21 69 53 71 20 82 72 63 119 62 73 23 16 49 46 0 24 128 3 38 70 21 44 128 35 3 6 19 25 13 75 20 51 0 45 60 43 3 3 14 60 9 0 40 77 19 42 8 2 38 47 19 76 12 78 18 49 1 40 65 79 10 129 81 63 18 7 48 59 2 43 52 45 1 130 50 83 131 57 84 48 86 41 61 78 88 132 91 90 133 94 93 134 97 96 135 100 99 136 103 102 47 137 25 49 106 23 138 52 108 51 109 29 139 112 111 103 36 104 140 60 115 59 116 33 125 65 117 74 62 118 120 11 119 63 28 11 129 63 120 10 80 64 117 10 122 141 123 65 141 65 124  
		</Mesh>
		<Materials>: 1
			<Material>: 0
				<AlbedoColor>: 1 1 1 1
				<EmissiveColor>: 0 0 0 0
				<Glossiness>: 0.04
				<Metallic>: 0
				<SpecularHighlight>: 1
				<GlossyReflection>: 1
				<AlbedoMap>: BLD_IndBuilding1_A
				<MetallicMap>: BLD_IndBuilding1_MS
				<NormalMap>: BLD_IndBuilding1_N
				<EmissionMap>: null
				<DetailAlbedoMap>: DET_Concrete1_A
				<DetailNormalMap>: DET_Concrete1_N
		</Materials>
		<Children>: 0
	</Frame>
</Hierarchy>
