<Hierarchy>:
	<Frame>: 0 5 IndBuilding1_Wall_Mid_C
		<Transform>: 0 0 0 0 0 0 1 1 1 0 0 0 1  
		<TransformMatrix>: 1 0 0 0 0 1 0 0 0 0 1 0 0 0 0 1  
		<BoxCollider>: 1 1.499998 2.500978 -0.04934648 3.000004 5.001956 0.4986926  
		<Mesh>: 142 IndBuilding1_Wall_Mid_C
			<Bounds>: 1.499998 2.500978 -0.04934648 1.500002 2.500978 0.2493463
			<Positions>: 142 2.999995 5.001956 -0.1986843 -9.536743E-07 5.001956 -0.1986928 2.999997 4.601959 -0.1986495 -2.861023E-06 4.601959 -0.1986495 2.999997 4.661956 -0.2986496 -2.861023E-06 4.661956 -0.2986496 2.999997 4.679752 -0.2986514 -2.711272E-06 4.679752 -0.2986519 2.999997 4.655728 -0.2924213 -2.861023E-06 4.655728 -0.2924213 0.9999978 5.001956 -0.19869 1.999996 5.001956 -0.1986871 1.999997 4.601959 -0.1986495 0.9999971 4.601959 -0.1986495 1.999997 4.661956 -0.2986496 0.9999971 4.661956 -0.2986496 0.9999973 4.679752 -0.2986517 1.999997 4.679752 -0.2986516 0.9999971 4.655728 -0.2924213 1.999997 4.655728 -0.2924213 2.999995 5.001956 -0.2890442 2.999995 4.992316 -0.2986832 -8.112016E-08 4.992316 -0.2986915 -9.193407E-08 5.001956 -0.2890528 0.9999984 5.001956 -0.2890499 0.9999984 4.992316 -0.2986888 1.999997 4.992316 -0.298686 1.999997 5.001956 -0.2890471 3 4.700001 0.09999974 3 5.000001 0.09999974 0 4.700001 0.09999974 0 5.000001 0.09999974 3 4.700001 0.1398417 0 4.700001 0.1398417 3 4.989643 0.1999998 3 5.000001 0.1896413 0 5.000001 0.1896413 0 4.989643 0.1999998 3 4.755924 0.1957651 3 4.766148 0.1999998 0 4.766148 0.1999998 0 4.755924 0.1957652 2.999998 5 0.09995605 2.622604E-06 5 0.09995653 2.999998 5 -0.2000348 2.622604E-06 5 -0.2000434 2.999997 0.001955032 -0.1986928 -2.861023E-06 0.3959842 -0.1986845 -2.861023E-06 0.001955509 -0.1986838 2.999997 0.3959842 -0.1986921 2.999996 0.001955032 -0.2986928 -3.814697E-06 0.001955509 -0.2986837 -3.814697E-06 0.3536172 -0.2986844 -2.861023E-06 0.3959842 -0.2563174 2.999996 0.3959842 -0.2563251 2.999996 0.3536172 -0.2986923 1.499997 0.001955271 -0.1986883 1.499996 0.001955271 -0.2986882 1.499996 0.3536172 -0.2986884 1.499997 0.3959842 -0.2563213 1.499997 0.3959842 -0.1986883 3 -2.471608E-07 0.09995653 2.622604E-06 -1.117587E-07 -0.2000432 3 -2.471609E-07 -0.2000434 2.622604E-06 -8.195639E-08 0.09995676 0.9999971 4.661956 -0.2986496 -2.861023E-06 4.661956 -0.2986496 -2.861023E-06 4.655728 -0.2924213 -2.861023E-06 4.601959 -0.1986495 -9.536743E-07 5.001956 -0.1986928 -2.861023E-06 4.661956 -0.2986496 -2.711272E-06 4.679752 -0.2986519 -8.112016E-08 4.992316 -0.2986915 -9.193407E-08 5.001956 -0.2890528 2.999997 4.661956 -0.2986496 1.999997 4.661956 -0.2986496 1.999997 5.001956 -0.2890471 -9.193407E-08 5.001956 -0.2890528 0.9999984 5.001956 -0.2890499 2.999995 5.001956 -0.2890442 3 4.700001 0.1398417 3 4.700001 0.09999974 3 5.000001 0.09999974 3 5.000001 0.1896413 3 4.766148 0.1999998 3 4.989643 0.1999998 0 4.989643 0.1999998 3 4.989643 0.1999998 0 5.000001 0.09999974 0 4.700001 0.09999974 0 4.700001 0.1398417 0 4.766148 0.1999998 0 4.989643 0.1999998 0 5.000001 0.1896413 0 4.755924 0.1957652 3 4.755924 0.1957651 3 4.755924 0.1957651 0 4.755924 0.1957652 2.999995 5.001956 -0.1986843 2.999997 4.601959 -0.1986495 2.999997 4.655728 -0.2924213 2.999997 4.661956 -0.2986496 2.999997 4.679752 -0.2986514 2.999995 4.992316 -0.2986832 2.999995 5.001956 -0.2890442 -2.861023E-06 0.3959842 -0.2563174 -2.861023E-06 0.3959842 -0.1986845 -2.861023E-06 0.001955509 -0.1986838 -3.814697E-06 0.001955509 -0.2986837 2.999997 0.3959842 -0.1986921 2.999996 0.3959842 -0.2563251 -3.814697E-06 0.3536172 -0.2986844 2.999996 0.001955032 -0.2986928 2.999997 0.001955032 -0.1986928 2.999996 0.3536172 -0.2986923 2.999996 0.001955032 -0.2986928 1.499996 0.001955271 -0.2986882 1.499996 0.3536172 -0.2986884 2.999996 0.3536172 -0.2986923 -3.814697E-06 0.001955509 -0.2986837 -3.814697E-06 0.3536172 -0.2986844 2.999998 5 -0.2000348 2.999998 5 0.09995605 2.622604E-06 5 0.09995653 2.622604E-06 5 -0.2000434 3 -2.471608E-07 0.09995653 2.622604E-06 -8.195639E-08 0.09995676 2.622604E-06 -1.117587E-07 -0.2000432 3 -2.471609E-07 -0.2000434 2.622604E-06 5 0.09995653 2.622604E-06 -8.195639E-08 0.09995676 3 -2.471608E-07 0.09995653 2.999998 5 0.09995605 2.999998 5 -0.2000348 3 -2.471609E-07 -0.2000434 2.622604E-06 -1.117587E-07 -0.2000432 2.622604E-06 5 -0.2000434 3 4.700001 0.1398417 0 4.700001 0.1398417 1.499997 0.3959842 -0.2563213 -2.861023E-06 0.3959842 -0.2563174 2.999996 0.3959842 -0.2563251  
			<Colors>: 0  
			<TextureCoords0>: 142 0.2875977 0.1381836 0.4863281 0.1381836 0.6005859 0.3466797 0.7998047 0.3466797 0.6005859 0.3427734 0.7998047 0.3427734 0.6005859 0.3415979 0.7998047 0.3415978 0.6005859 0.3431789 0.7998047 0.3431789 0.4199219 0.1381836 0.3535156 0.1381836 0.6669922 0.3466797 0.7333984 0.3466797 0.6669922 0.3427734 0.7333984 0.3427734 0.7333984 0.3415979 0.6669922 0.3415979 0.7333984 0.3431789 0.6669922 0.3431789 0.6005859 0.3203125 0.6005859 0.3209494 0.7998047 0.3209493 0.4863281 0.1328125 0.4199219 0.1328125 0.7333984 0.3209494 0.6669921 0.3209493 0.3535156 0.1328125 0.0004882813 0.3388672 0.0004882813 0.3134766 0.199707 0.3388672 0.199707 0.3134766 0.0004882813 0.3388672 0.199707 0.3388672 0.3081055 0.2944336 0.0004882813 0.3193359 0.199707 0.3193359 0.199707 0.3200319 0.3087585 0.3312194 0.3081055 0.3296235 0.199707 0.3350469 0.3087585 0.3312194 0.2001953 0.3198242 0.3994141 0.3198242 0.2001953 0.2998047 0.3994141 0.2998047 0.2543945 0.08398438 0.2856445 0.08398438 0.2543945 0.08398438 0.2856445 0.08398438 0.2543945 0.09179688 0.2543945 0.09179688 0.2822266 0.09179688 0.2856445 0.08837891 0.2856445 0.08837891 0.2822266 0.09179688 0.7001953 0.6533203 0.7001953 0.6533203 0.8999023 0.6308594 0.8999023 0.6269531 0.8999023 0.6308594 0.0004882813 0.2939453 0.0004882813 0.3188477 0.0004882813 0.3188477 0.0004882813 0.2939453 0.7333984 0.3427734 0.7998047 0.3427734 0.2583008 0.09130859 0.2539063 0.08398438 0.2856445 0.08398438 0.2587891 0.09179688 0.2602539 0.09179688 0.284668 0.09179688 0.2856445 0.09082031 0.6005859 0.3427734 0.6669922 0.3427734 0.6669922 0.3203125 0.7998047 0.3203125 0.7333984 0.3203125 0.2875977 0.1328125 0.3173828 0.3398438 0.3232422 0.3398438 0.3232422 0.2929688 0.3095703 0.2929688 0.0004882813 0.3350469 0.0004882813 0.3200319 0.199707 0.3200319 0.0004882813 0.3200319 0.3232422 0.2929688 0.3232422 0.3398438 0.3173828 0.3398438 0.3081055 0.3296235 0.3081055 0.2944336 0.3095703 0.2929688 0.199707 0.3356898 0.0004882813 0.3356898 0.0004882813 0.3356898 0.199707 0.3356898 0.2856445 0.08398438 0.2539063 0.08398438 0.2583008 0.09130859 0.2587891 0.09179688 0.2602539 0.09179688 0.284668 0.09179688 0.2856445 0.09082031 0.9995117 0.6269531 0.9995117 0.6308594 0.7998047 0.6533203 0.7998047 0.6533203 0.800293 0.6308594 0.800293 0.6269531 0.9995117 0.6308594 0.6005859 0.6533203 0.6005859 0.6533203 0.800293 0.6308594 0.800293 0.6538086 0.8999023 0.6538086 0.8999023 0.6308594 0.800293 0.6308594 0.9995117 0.6538086 0.9995117 0.6308594 0.3999023 0.3188477 0.3999023 0.2939453 0.3999023 0.2939453 0.3999023 0.3188477 0.2001953 0.3198242 0.3994141 0.3198242 0.3994141 0.2998047 0.2001953 0.2998047 0.4003906 0.3393555 0.4003906 0.6503906 0.2006836 0.6503906 0.2006836 0.3393555 0.7998047 0.3203125 0.7998047 0.6533203 0.9995117 0.6533203 0.9995117 0.3203125 0.0004882813 0.3388672 0.199707 0.3388672 0.8999023 0.6269531 0.9995117 0.6269531 0.800293 0.6269531  
			<TextureCoords1>: 142 0.6227675 0.6771591 0.9917397 0.6771601 0.9917402 0.853884 0.6227674 0.8538849 0.9917403 0.8682618 0.9917411 0.9144769 0.6227683 0.9122979 0.9917411 0.9122882 0.9917403 0.8671785 0.6227674 0.8671794 0.868749 0.6771598 0.7457582 0.6771594 0.8687493 0.8538849 0.7457584 0.8538849 0.8687493 0.8682628 0.8687501 0.9144802 0.8687501 0.9122914 0.7457592 0.9122947 0.7457584 0.8671794 0.8687493 0.8671794 0.6227675 0.8721787 0.6227674 0.8738554 0.9917397 0.8738457 0.9917397 0.6882735 0.868749 0.6882732 0.868749 0.8738489 0.7457582 0.8738521 0.7457582 0.6882728 0.9917403 0.9552902 0.6227674 0.8028201 0.6227676 0.9552902 0.9917403 0.8028201 0.9917403 0.95039 0.6227676 0.95039 0.6583908 0.5799175 0.6227675 0.7917951 0.9917403 0.7917951 0.6227676 0.9672449 0.6296455 0.5804383 0.6309029 0.5799175 0.6227678 0.9947328 0.6527867 0.5966437 0.6227675 0.6921799 0.9917396 0.6921798 0.6227674 0.729076 0.9917399 0.7290771 0.6227674 0.6285337 0.6227674 0.6123283 0.6712294 0.6123282 0.6712295 0.6285336 0.6227674 0.6408328 0.6712294 0.6246272 0.6279783 0.6246274 0.6227674 0.6194166 0.6712295 0.6356219 0.6660187 0.6408327 0.8072539 0.7737875 0.8072538 0.7860866 0.8072539 0.9367567 0.807254 0.9293876 0.807254 0.9222992 0.00390625 0.9591964 0.6188613 0.9552902 0.003906557 0.9960938 0.618861 0.9183929 0.7457584 0.8682628 0.6227674 0.8682628 0.6653504 0.6724817 0.6719636 0.6609485 0.6227674 0.6609539 0.6645844 0.6732477 0.6623957 0.6732479 0.6239531 0.6732528 0.6227674 0.6720673 0.6227684 0.9144866 0.7457592 0.9144834 0.7457582 0.8721755 0.9917398 0.872169 0.868749 0.8721722 0.6227674 0.6882725 0.6227674 0.5873164 0.6227674 0.5922166 0.6596648 0.5922166 0.6596648 0.5811915 0.9917406 0.9947318 0.9917403 0.967244 0.9917402 0.7899934 0.6227674 0.7899934 0.6227674 0.6084219 0.6596648 0.6084219 0.6596648 0.6035217 0.6515293 0.5961229 0.6240414 0.5961229 0.6227674 0.5973969 0.6227676 0.9960938 0.9917406 0.9960928 0.9917405 0.940663 0.6227675 0.9406629 0.6719636 0.6447433 0.6227674 0.644739 0.6293806 0.6562721 0.6301466 0.6570382 0.6323354 0.6570384 0.6707779 0.6570423 0.6719635 0.6558568 0.9917404 0.9293876 0.9917403 0.9222992 0.6227675 0.7737869 0.6227674 0.786086 0.6227675 0.9222992 0.6227675 0.9293875 0.9917404 0.9367567 0.9917402 0.7860872 0.9917403 0.773788 0.6227674 0.8067264 0.6227676 0.8499777 0.807254 0.8499777 0.8072538 0.8067265 0.6227676 0.9367567 0.9917403 0.8499777 0.9917403 0.8067265 0.6188611 0.9960927 0.6188613 0.9591965 0.00390625 0.9183929 0.003906557 0.9552902 0.9917401 0.7329834 0.6227674 0.7329834 0.6227674 0.7698807 0.9917401 0.7698807 0.00390625 0.9144866 0.618861 0.9144866 0.6188612 0.545514 0.003906533 0.5455142 0.618861 0.1726351 0.003906285 0.1726351 0.00390625 0.5416077 0.618861 0.5416075 0.9917403 0.95039 0.6227676 0.95039 0.807254 0.9293876 0.9917404 0.9293876 0.6227675 0.9293875  
			<Normals>: 142 0 1 0 0 1 0 0 -0.8675041 -0.4974301 0 -0.8675041 -0.4974301 0 -0.3827076 -0.9238696 0 -0.3827336 -0.9238588 0 -9.155553E-05 -1 0 -0.000122074 -1 0 -0.7942616 -0.6075758 0 -0.7942616 -0.6075758 0 1 0 0 1 0 0 -0.8675041 -0.4974301 0 -0.8675041 -0.4974301 0 -0.3827076 -0.9238696 0 -0.3827336 -0.9238588 0 -9.155553E-05 -1 0 -9.155553E-05 -1 0 -0.7942616 -0.6075758 0 -0.7942616 -0.6075758 0 0.9238696 -0.3827076 0 0.3826186 -0.9239064 0 0.3825818 -0.9239216 0 0.9238696 -0.3827076 0 0.9238696 -0.3827076 0 0.3825926 -0.9239172 0 0.3825926 -0.9239172 0 0.9238696 -0.3827076 0 -1 0 0 1 0 0 -1 0 0 1 0 0 -0.9238803 0.3826815 0 -0.9238803 0.3826815 1 0 0 0 0.9238803 0.3826815 0 0.9238803 0.3826815 0 0.3826815 0.9238803 1 0 0 1 0 0 0 -0.1950772 0.9807879 -1 0 0 0 1 0 0 1 0 0 1 0 0 1 0 1 0 0 -1 0 0 -1 0 0 1 0 0 1 0 0 -1 0 0 -1 0 0 -1 0 0 1 0 0 1 0 0 0 -1 0 0 -1 0 0 0.3826815 -0.9238803 0 0.9238803 -0.3826815 0 1 0 1 0 0 -1 0 0 1 0 0 -1 0 0 0 -0.3827336 -0.9238588 0 -0.3827336 -0.9238588 -1 0 0 -1 0 0 -1 0 0 -1 0 0 -1 0 0 -1 0 0 -1 0 0 0 -0.3827076 -0.9238696 0 -0.3827076 -0.9238696 0 0.9238696 -0.3827076 0 0.9238696 -0.3827076 0 0.9238696 -0.3827076 0 0.9238696 -0.3827076 1 0 0 1 0 0 1 0 0 1 0 0 0 -0.1950772 0.9807879 0 0.3826815 0.9238803 0 0.3826815 0.9238803 0 0.3826815 0.9238803 -1 0 0 -1 0 0 -1 0 0 -1 0 0 -1 0 0 -1 0 0 0 -0.5555732 0.8314676 0 -0.5555732 0.8314676 0 -0.5555732 0.8314676 0 -0.5555732 0.8314676 1 0 0 1 0 0 1 0 0 1 0 0 1 0 0 1 0 0 1 0 0 0 0.9238803 -0.3826815 0 1 0 0 -1 0 0 -1 0 0 1 0 0 0.9238803 -0.3826815 0 0.3826815 -0.9238803 0 -1 0 0 -1 0 0 0.3826815 -0.9238803 0 0 -1 0 0 -1 0 0.3826815 -0.9238803 0 0.3826815 -0.9238803 0 0 -1 0 0.3826815 -0.9238803 1 0 0 1 0 0 -1 0 0 -1 0 0 0 -1 0 0 -1 0 0 -1 0 0 -1 0 0 0 1 0 0 1 0 0 1 0 0 1 0 0 -1 0 0 -1 0 0 -1 0 0 -1 0 -0.9238803 0.3826815 0 -0.9238803 0.3826815 0 0.9238803 -0.3826815 0 0.9238803 -0.3826815 0 0.9238803 -0.3826815  
			<Tangents>: 142 -1 0 -2.861028E-06 -1 0 -2.861027E-06 -1 0 0 -1 -8.527151E-07 1.487111E-06 -1 0 0 -1 -7.09311E-07 2.938514E-07 -1 1.291627E-11 0 -1 -9.019963E-07 1.101424E-10 -1 0 0 -1 -9.938108E-07 1.299172E-06 -1 0 -2.861027E-06 -1 0 -2.861027E-06 -1 0 0 -1 0 0 -1 0 0 -1 2.604609E-08 -1.07903E-08 -1 -7.715079E-07 7.064552E-11 -1 -3.444057E-07 3.154186E-11 -1 -7.45195E-08 9.741661E-08 -1 0 0 -1 -1.427431E-06 -3.445867E-06 -1 -4.305347E-07 -1.782979E-07 -1 -1.728035E-06 -7.155528E-07 -1 -1.011579E-06 -2.441986E-06 -1 -1.011579E-06 -2.441986E-06 -1 -1.385909E-06 -5.739026E-07 -1 -1.080432E-06 -4.474049E-07 -1 -1.011579E-06 -2.441986E-06 1 0 0 -1 0 0 1 0 0 -1 0 0 1 0 0 1 0 0 0 0.01038961 -0.999946 -1 0 0 -1 0 0 -1 0 0 0 -0.007434449 -0.9999723 0 0.005271476 -0.9999861 -1 -1.320257E-08 -2.625971E-09 0 -0.011242 -0.9999368 -1 0 -2.688014E-06 -1 0 1.58946E-07 -1 0 -2.880895E-06 -1 0 -3.392984E-08 0 1 1.815236E-06 0 0.9999993 -0.001197407 0 1 -1.99154E-06 0 0.9999992 -0.001304239 0 1 1.749373E-06 0 1 -2.033931E-06 0 0.9999998 -0.0006995972 0 0.9983204 -0.05793444 0 0.9983207 -0.05792884 0 0.9999997 -0.0007690312 1 0 0 1 0 0 -1 9.135353E-07 3.783964E-07 -1 9.059752E-07 2.18723E-06 -1 0 2.543132E-06 0 1 1.658952E-06 0 1 -4.579564E-08 0 1 1.728535E-06 0 1 -4.619359E-08 -1 -5.494794E-07 2.276368E-07 -1 0 0 0 1 -7.644304E-05 0 1 -0.0001084811 0 0.9999996 -0.0008408974 0 0.9999998 0.0006195169 0 1 -0.0001270405 0 0.9999889 -0.00471202 0 0.947008 -0.3212099 -1 0 0 -1 2.604474E-08 -1.078888E-08 -1 -1.224736E-06 -2.956554E-06 -1 -1.011579E-06 -2.441987E-06 -1 -1.219512E-06 -2.943944E-06 -1 -1.011579E-06 -2.441987E-06 0 0 -1 0 -0.007323287 -0.9999732 0 0.004903416 -0.999988 0 0 -1 -1 0 0 -1 0 0 -1 0 0 -1 0 0 0 0.006566384 -0.9999784 0 0 -1 0 -0.005909124 -0.9999825 0 0.005271443 -0.9999861 0 0.01038961 -0.999946 0 0 -1 -1 -2.628171E-07 -1.756101E-07 -1 -6.1709E-10 -4.123296E-10 -1 -3.872338E-07 -2.587434E-07 -1 -6.497295E-09 -4.341387E-09 0 0.9999996 -0.0008164697 0 1 -8.702328E-05 0 1 -5.506192E-05 0 0.9999998 0.0006395171 0 1 -0.0001018265 0 0.999989 -0.004686647 0 0.9470152 -0.3211889 -1 8.991292E-07 2.170703E-06 -1 0 2.543132E-06 1 0 0 1 0 0 -1 0 2.543132E-06 -1 9.128211E-07 2.203758E-06 -1 8.998435E-07 3.727251E-07 1 0 0 1 0 0 -1 1.162899E-06 4.816857E-07 -1 1.589457E-07 0 -1 9.112377E-08 0 -1 1.045063E-06 4.328767E-07 -1 9.272269E-07 3.840676E-07 -1 2.330181E-08 0 -1 9.272269E-07 3.840676E-07 0 1 -2.5783E-08 0 1 -9.536743E-08 0 1 -3.616073E-08 0 1 -3.576278E-08 -1 0 6.070778E-08 -1 0 7.69894E-08 -1 0 7.588632E-08 -1 0 5.960469E-08 -1 1.589459E-07 0 -1 1.589459E-07 0 -1 1.589459E-07 0 -1 1.58946E-07 0 -1 1.589459E-07 0 -1 1.589459E-07 0 -1 1.589459E-07 0 -1 1.58946E-07 0 -1 -1.598258E-07 -3.858558E-07 -1 0 0 -1 9.059752E-07 2.18723E-06 -1 8.991292E-07 2.170703E-06 -1 9.128211E-07 2.203758E-06  
			<BiTangents>: 142 2.861028E-06 0 -1 2.861027E-06 0 -1 0 0.4974301 -0.8675041 -1.714241E-06 0.4974301 -0.8675041 0 0.9238696 -0.3827076 -7.6777E-07 0.9238588 -0.3827336 1.291627E-11 1 -9.155553E-05 -9.019963E-07 1 -0.000122074 0 0.6075759 -0.7942617 -1.635698E-06 0.6075759 -0.7942617 2.861027E-06 0 -1 2.861027E-06 0 -1 0 0.4974301 -0.8675041 0 0.4974301 -0.8675041 0 0.9238696 -0.3827076 2.819272E-08 0.9238588 -0.3827336 -7.715079E-07 1 -9.155553E-05 -3.444057E-07 1 -9.155553E-05 -1.226505E-07 0.6075759 -0.7942617 0 0.6075759 -0.7942617 -3.72982E-06 0.3827076 0.9238696 -4.659939E-07 0.9239064 0.3826186 -1.870327E-06 0.9239216 0.3825818 2.643215E-06 -0.3827076 -0.9238696 2.643216E-06 -0.3827076 -0.9238696 -1.500036E-06 0.9239172 0.3825926 -1.169403E-06 0.9239172 0.3825926 2.643216E-06 -0.3827076 -0.9238696 0 0 1 0 0 -1 0 0 1 0 0 -1 0 0.3826815 0.9238803 0 0.3826815 0.9238803 0 0.999946 0.01038961 0 0.3826815 -0.9238803 0 0.3826815 -0.9238803 0 0.9238803 -0.3826815 0 0.9999723 -0.007434449 0 0.9999861 0.005271476 -1.346119E-08 0.9807879 0.1950772 0 0.9999368 -0.011242 2.688014E-06 0 -1 -1.58946E-07 0 -1 2.880895E-06 0 -1 3.392984E-08 0 -1 0 -1.815236E-06 1 0 0.001197407 0.9999993 0 1.99154E-06 1 0 0.001304239 0.9999992 0 -1.749373E-06 1 0 2.033931E-06 1 0 0.0006995972 0.9999998 0 0.05793444 0.9983204 0 0.05792884 0.9983207 0 0.0007690312 0.9999997 0 0 1 0 0 1 9.888026E-07 0.9238803 0.3826815 -2.367439E-06 -0.3826815 -0.9238803 -2.543132E-06 0 -1 0 -1.658952E-06 1 0 4.579564E-08 1 0 -1.728535E-06 1 0 4.619359E-08 1 -5.947657E-07 0.9238588 -0.3827336 0 0.9238588 -0.3827336 0 7.644304E-05 1 0 0.0001084811 1 0 0.0008408974 0.9999996 0 -0.0006195169 0.9999998 0 0.0001270405 1 0 0.00471202 0.9999889 0 0.3212099 0.947008 0 0.9238696 -0.3827076 2.819093E-08 0.9238696 -0.3827076 -3.200186E-06 0.3827076 0.9238696 -2.643216E-06 0.3827076 0.9238696 -3.186537E-06 0.3827076 0.9238696 2.643216E-06 -0.3827076 -0.9238696 0 1 0 0 0.9999732 -0.007323287 0 0.999988 0.004903416 0 1 0 0 0.9807879 0.1950772 0 0.9238803 -0.3826815 0 0.9238803 -0.3826815 0 0.9238803 -0.3826815 0 0.9999784 0.006566384 0 1 0 0 0.9999825 -0.005909124 0 0.9999861 0.005271443 0 0.999946 0.01038961 0 1 0 -3.160881E-07 0.8314676 0.5555732 -7.421697E-10 0.8314676 0.5555732 -4.657233E-07 0.8314676 0.5555732 -7.814249E-09 0.8314676 0.5555732 0 0.0008164697 0.9999996 0 8.702328E-05 1 0 5.506192E-05 1 0 -0.0006395171 0.9999998 0 0.0001018265 1 0 0.004686647 0.999989 0 0.3211889 0.9470152 -2.34955E-06 -0.3826815 -0.9238803 -2.543132E-06 0 -1 0 0 1 0 0 1 -2.543132E-06 0 -1 -2.385328E-06 -0.3826815 -0.9238803 9.739828E-07 0.9238803 0.3826815 0 0 1 0 0 1 1.258712E-06 0.9238803 0.3826815 1.589457E-07 1 0 9.112377E-08 1 0 1.131167E-06 0.9238803 0.3826815 1.003622E-06 0.9238803 0.3826815 2.330181E-08 1 0 1.003622E-06 0.9238803 0.3826815 0 2.5783E-08 1 0 9.536743E-08 1 0 3.616073E-08 1 0 3.576278E-08 1 -6.070778E-08 0 -1 -7.69894E-08 0 -1 -7.588632E-08 0 -1 -5.960469E-08 0 -1 1.589459E-07 1 0 1.589459E-07 1 0 1.589459E-07 1 0 1.58946E-07 1 0 1.589459E-07 1 0 1.589459E-07 1 0 1.589459E-07 1 0 1.58946E-07 1 0 -4.17647E-07 0.3826815 0.9238803 0 0.3826815 0.9238803 2.367439E-06 0.3826815 0.9238803 2.34955E-06 0.3826815 0.9238803 2.385328E-06 0.3826815 0.9238803  
			<SubMeshes>: 1
				<SubMesh>: 0 306 21 6 17 21 17 26 25 16 7 25 7 22 16 15 5 16 5 7 11 27 24 11 24 10 8 2 12 8 12 19 10 24 23 10 23 1 65 18 9 65 9 66 4 8 19 4 19 14 14 19 18 14 18 65 18 13 3 18 3 9 26 17 16 26 16 25 67 68 69 69 70 67 69 71 70 69 72 71 69 73 72 19 12 13 19 13 18 6 74 75 6 75 17 17 75 15 17 15 16 26 76 20 26 20 21 22 77 78 22 78 25 25 78 76 25 76 26 0 79 27 0 27 11 36 35 29 36 29 31 32 33 30 32 30 28 38 80 81 81 82 38 82 39 38 82 34 39 82 83 34 37 40 84 37 84 85 36 86 87 36 87 35 88 89 90 90 41 88 41 91 88 91 92 88 92 93 88 40 94 95 40 95 84 137 96 97 137 97 138 98 99 100 100 101 98 101 102 98 102 103 98 103 104 98 42 44 45 42 45 43 52 51 48 48 47 52 47 53 52 49 46 50 50 55 49 55 54 49 60 59 105 60 105 106 57 56 107 57 107 108 109 110 59 109 59 60 139 58 111 139 111 140 112 113 56 112 56 57 114 115 116 114 116 117 141 118 58 141 58 139 117 116 119 117 119 120 61 63 121 61 121 122 123 124 62 123 62 64 125 126 127 125 127 128 129 130 131 129 131 132 133 134 135 133 135 136  
		</Mesh>
		<Materials>: 1
			<Material>: 0
				<AlbedoColor>: 1 1 1 1
				<EmissiveColor>: 0 0 0 0
				<Glossiness>: 0.04
				<Metallic>: 0
				<SpecularHighlight>: 1
				<GlossyReflection>: 1
				<AlbedoMap>: BLD_IndBuilding1_A
				<MetallicMap>: BLD_IndBuilding1_MS
				<NormalMap>: BLD_IndBuilding1_N
				<EmissionMap>: null
				<DetailAlbedoMap>: DET_Concrete1_A
				<DetailNormalMap>: DET_Concrete1_N
		</Materials>
		<Children>: 0
	</Frame>
</Hierarchy>
