<Hierarchy>:
	<Frame>: 0 5 IndBuilding1_Roof_Mid_A
		<Transform>: 0 0 0 0 0 0 1 1 1 0 0 0 1  
		<TransformMatrix>: 1 0 0 0 0 1 0 0 0 0 1 0 0 0 0 1  
		<BoxCollider>: 1 1.5 -0.09499995 1.5 3 0.2100001 3  
		<Mesh>: 56 IndBuilding1_Roof_Mid_A
			<Bounds>: 1.5 -0.09499995 1.5 1.5 0.1050001 1.5
			<Positions>: 56 0 -0.1999997 3 2.856596 -0.1999998 0.1434035 2.856596 -0.1999997 2.856596 0.1434035 -0.1999998 0.1434035 0.1434035 -0.1999997 2.856596 3 -0.1999999 3 3 0.01000012 3 3 -0.2 8.742278E-09 3 0.009999985 -4.371132E-10 0 0.01000012 3 0 -0.2 8.742278E-09 0 0.009999985 -4.371132E-10 2.861497 0.01000011 2.861497 2.861497 0.009999991 0.1385033 0.1385033 0.009999991 0.1385033 0.1385033 0.01000011 2.861497 3 0.009999985 -4.371132E-10 3 -0.2 8.742278E-09 2.861497 0.01000011 2.861497 3 0.01000012 3 3 0.009999985 -4.371132E-10 2.861497 0.009999991 0.1385033 2.861497 0.009999991 0.1385033 3 0.009999985 -4.371132E-10 0 0.009999985 -4.371132E-10 0.1385033 0.009999991 0.1385033 0.1385033 0.01000011 2.861497 0.1385033 0.01000011 2.861497 0 0.01000012 3 3 0.01000012 3 2.861497 0.01000011 2.861497 2.856596 -0.1999998 0.1434035 3 -0.2 8.742278E-09 3 -0.1999999 3 2.856596 -0.1999997 2.856596 0.1434035 -0.1999998 0.1434035 0 -0.2 8.742278E-09 3 -0.2 8.742278E-09 2.856596 -0.1999998 0.1434035 0.1434035 -0.1999997 2.856596 0.1434035 -0.1999998 0.1434035 0 -0.1999997 3 0.1434035 -0.1999997 2.856596 0 0.009999985 -4.371132E-10 0 -0.2 8.742278E-09 0 -0.1999997 3 0 0.01000012 3 0 0.01000012 3 0 -0.1999997 3 3 -0.1999999 3 3 0.01000012 3 0.1385033 0.009999991 0.1385033 0 0.009999985 -4.371132E-10 0 -0.2 8.742278E-09 2.856596 -0.1999997 2.856596 3 -0.1999999 3  
			<Colors>: 0  
			<TextureCoords0>: 56 0.0004882813 0.2333984 0.6010742 0.0004882813 0.6010742 0.1992188 0.7993164 0.0004882813 0.7993164 0.1992188 0.3994141 0.253418 0.3994141 0.2338867 0.2001953 0.253418 0.2001953 0.2338867 0.847168 0.1982422 0.3994141 0.2338867 0.3994141 0.253418 0.8071289 0.1992188 0.8071289 0.001464844 0.9833984 0.001464844 0.9833984 0.1992188 0.2001953 0.253418 0.2001953 0.2338867 0.8554688 0.1889648 0.847168 0.1982422 0.847168 0.002929688 0.8554688 0.01171875 0.8554688 0.1777344 0.847168 0.1865234 0.847168 0.002929688 0.8554688 0.01123047 0.8554688 0.1889648 0.8554688 0.1777344 0.847168 0.1865234 0.847168 0.002929688 0.8554688 0.01123047 0.3837891 0.2529297 0.4008789 0.2333984 0.0004882813 0.2333984 0.02050781 0.2529297 0.3837891 0.2529297 0.4008789 0.2333984 0 0.2333984 0.01953125 0.2529297 0.02050781 0.2524414 0.3823242 0.2524414 0.4008789 0.2333984 0.3837891 0.2529297 0.3994141 0.2338867 0.3994141 0.253418 0.2001953 0.253418 0.2001953 0.2338867 0.2001953 0.253418 0.2001953 0.2338867 0.3994141 0.2338867 0.3994141 0.253418 0.8554688 0.01171875 0.847168 0.002929688 0.4008789 0.2333984 0.01953125 0.2529297 0 0.2333984  
			<TextureCoords1>: 56 0.00390625 0.5089563 0.4640392 0.04882425 0.02700528 0.04882425 0.4640392 0.4858573 0.02700527 0.4858573 0.4910445 0.9960938 0.4910446 0.9622675 0.9742761 0.9960938 0.9742763 0.9622675 0.4871383 0.9960938 0.9742762 0.9206288 0.9742759 0.8868026 0.4648286 0.5351723 0.02621596 0.5351723 0.02621596 0.973784 0.4648286 0.973784 0.4910445 0.8868026 0.4910448 0.9206288 0.4648286 0.5351723 0.4871383 0.5128626 0.003906251 0.5128626 0.02621596 0.5351723 0.02621596 0.5351723 0.003906251 0.5128626 0.00390625 0.9960938 0.02621596 0.973784 0.4648286 0.973784 0.4648286 0.973784 0.4871383 0.9960938 0.4871383 0.5128626 0.4648286 0.5351723 0.4640392 0.04882425 0.4871383 0.02572519 0.003906251 0.02572519 0.02700528 0.04882425 0.4640392 0.4858573 0.4871383 0.5089563 0.4871383 0.02572519 0.4640392 0.04882425 0.02700527 0.4858573 0.4640392 0.4858573 0.00390625 0.5089563 0.02700527 0.4858573 0.4910445 0.8490701 0.4910448 0.8828964 0.9742762 0.8828963 0.9742759 0.8490701 0.4910446 0.924535 0.4910445 0.9583613 0.9742762 0.9583613 0.974276 0.924535 0.02621596 0.973784 0.00390625 0.9960938 0.4871383 0.5089563 0.02700528 0.04882425 0.003906251 0.02572519  
			<Normals>: 56 0 -1 0 0 -1 0 0 -1 0 0 -1 0 0 -1 0 1 0 0 1 0 0 1 0 0 1 0 0 0 1 0 0 0 -1 0 0 -1 0 1 0 0 1 0 0 1 0 0 1 0 0 0 -1 0 0 -1 0 1 0 0 1 0 0 1 0 0 1 0 0 1 0 0 1 0 0 1 0 0 1 0 0 1 0 0 1 0 0 1 0 0 1 0 0 1 0 0 -1 0 0 -1 0 0 -1 0 0 -1 0 0 -1 0 0 -1 0 0 -1 0 0 -1 0 0 -1 0 0 -1 0 0 -1 0 0 -1 0 -1 0 0 -1 0 0 -1 0 0 -1 0 0 0 0 1 0 0 1 0 0 1 0 0 1 0 1 0 0 1 0 0 -1 0 0 -1 0 0 -1 0  
			<Tangents>: 56 0 0 -1 -1 0 0 -1 0 0 -1 0 0 -1 0 0 0 4.470348E-08 1 0 4.466205E-08 1 0 4.38136E-08 1 0 4.377216E-08 1 0.9995858 0 0.02877798 -1 0 0 -1 0 0 -1 0 0 -1 0 0 -1 0 0 -1 0 0 -1 0 0 -1 0 0 -0.9995859 0 0.02877455 -0.9995839 0 0.02884425 -0.9996784 0 0.02536137 -0.9996847 0 0.02510952 0.03657863 0 0.9993308 0.03689605 0 0.9993191 0.7553369 0 0.6553366 0.7563474 0 0.6541702 0.9995785 0 0.02903046 -0.03657854 0 -0.9993308 -0.03689596 0 -0.9993191 -0.02102106 0 -0.999779 -0.01987221 0 -0.9998025 0 0 -1 0 0 -1 0 0 -1 0 0 -1 -1 0 0 -1 0 0 -1 0 0 -1 0 0 0 0 -1 0 0 -1 -1 0 0 -1 0 0 0 -1.016148E-07 -1 0 -1.043081E-07 -1 0 -4.646546E-08 -1 0 -4.377216E-08 -1 1 -5.695279E-08 0 1 -5.960464E-08 0 1 -2.651857E-09 0 1 0 0 0.7563474 0 0.6541702 0.7553369 0 0.6553366 0 0 -1 -1 0 0 -1 0 0  
			<BiTangents>: 56 -1 0 0 0 0 -1 0 0 -1 0 0 -1 0 0 -1 0 1 -4.470348E-08 0 1 -4.466205E-08 0 1 -4.38136E-08 0 1 -4.377216E-08 0.02877798 0 -0.9995858 0 -1 0 0 -1 0 0 0 -1 0 0 -1 0 0 -1 0 0 -1 0 -1 0 0 -1 0 -0.02877455 0 -0.9995859 -0.02884425 0 -0.9995839 -0.02536137 0 -0.9996784 -0.02510952 0 -0.9996847 -0.9993308 0 0.03657863 -0.9993191 0 0.03689605 -0.6553366 0 0.7553369 -0.6541702 0 0.7563474 0.02903046 0 -0.9995785 0.9993308 0 -0.03657854 0.9993191 0 -0.03689596 0.999779 0 -0.02102106 0.9998025 0 -0.01987221 1 0 0 1 0 0 1 0 0 1 0 0 0 0 -1 0 0 -1 0 0 -1 0 0 -1 -1 0 0 -1 0 0 0 0 1 0 0 1 0 1 -1.016148E-07 0 1 -1.043081E-07 0 1 -4.646546E-08 0 1 -4.377216E-08 -5.695279E-08 -1 0 -5.960464E-08 -1 0 -2.651857E-09 -1 0 0 -1 0 0.6541702 0 -0.7563474 0.6553366 0 -0.7553369 -1 0 0 0 0 1 0 0 1  
			<SubMeshes>: 1
				<SubMesh>: 0 84 2 4 3 2 3 1 6 5 7 6 7 8 16 17 10 16 10 11 15 12 13 15 13 14 18 19 20 18 20 21 22 23 24 22 24 25 51 52 9 51 9 26 27 28 29 27 29 30 31 32 33 31 33 34 35 36 37 35 37 38 39 0 53 39 53 40 54 55 41 54 41 42 43 44 45 43 45 46 47 48 49 47 49 50  
		</Mesh>
		<Materials>: 1
			<Material>: 0
				<AlbedoColor>: 1 1 1 1
				<EmissiveColor>: 0 0 0 0
				<Glossiness>: 0.04
				<Metallic>: 0
				<SpecularHighlight>: 1
				<GlossyReflection>: 1
				<AlbedoMap>: BLD_IndBuilding1_A
				<MetallicMap>: BLD_IndBuilding1_MS
				<NormalMap>: BLD_IndBuilding1_N
				<EmissionMap>: null
				<DetailAlbedoMap>: DET_Concrete1_A
				<DetailNormalMap>: DET_Concrete1_N
		</Materials>
		<Children>: 0
	</Frame>
</Hierarchy>
