<Hierarchy>:
	<Frame>: 0 5 IndBuilding1_Wall_Mid_D
		<Transform>: 0 0 0 0 0 0 1 1 1 0 0 0 1  
		<TransformMatrix>: 1 0 0 0 0 1 0 0 0 0 1 0 0 0 0 1  
		<Mesh>: 268 IndBuilding1_Wall_Mid_D
			<Bounds>: 1.499998 2.500877 -0.04934648 1.500002 2.501079 0.2493463
			<Positions>: 268 2.999997 0.001956075 -0.1986928 -2.861023E-06 0.3959851 -0.1986845 -2.861023E-06 0.001956463 -0.1986838 2.999997 0.3959852 -0.1986921 2.999996 0.001956075 -0.2986928 -3.814697E-06 0.001956463 -0.2986837 -3.814697E-06 0.3536181 -0.2986844 -2.861023E-06 0.3959851 -0.2563174 2.999996 0.3959852 -0.2563251 2.999996 0.3536182 -0.2986923 2.314524 0.3536182 -0.2986905 2.314524 0.3959852 -0.1986904 2.314524 0.3959852 -0.2563233 2.314524 0.001956164 -0.1986908 2.314524 0.001956164 -0.2986907 0.6145841 0.3536182 -0.298686 0.614584 0.001956383 -0.1986856 0.6145841 0.001956383 -0.2986856 0.614584 0.3959852 -0.1986861 0.614584 0.3959852 -0.256319 2.999995 5.001956 -0.1986843 -9.536743E-07 5.001956 -0.1986928 2.999997 4.601959 -0.1986495 -2.861023E-06 4.601959 -0.1986495 2.999997 4.661956 -0.2986496 -2.861023E-06 4.661956 -0.2986496 2.999997 4.679752 -0.2986514 -2.711272E-06 4.679752 -0.2986519 2.999997 4.655728 -0.2924213 -2.861023E-06 4.655728 -0.2924213 0.9999978 5.001956 -0.19869 1.999996 5.001956 -0.1986871 1.999997 4.601959 -0.1986495 0.9999971 4.601959 -0.1986495 1.999997 4.661956 -0.2986496 0.9999971 4.661956 -0.2986496 0.9999973 4.679752 -0.2986517 1.999997 4.679752 -0.2986516 0.9999971 4.655728 -0.2924213 1.999997 4.655728 -0.2924213 2.999995 5.001956 -0.2890442 2.999995 4.992316 -0.2986832 -8.112016E-08 4.992316 -0.2986915 -9.193407E-08 5.001956 -0.2890528 0.9999984 5.001956 -0.2890499 0.9999984 4.992316 -0.2986888 1.999997 4.992316 -0.298686 1.999997 5.001956 -0.2890471 3 4.700001 0.09999974 3 5.000001 0.09999974 0 4.700001 0.09999974 0 5.000001 0.09999974 3 4.700001 0.1398417 0 4.700001 0.1398417 3 4.989643 0.1999998 3 5.000001 0.1896413 0 5.000001 0.1896413 0 4.989643 0.1999998 3 4.755924 0.1957651 3 4.766148 0.1999998 0 4.766148 0.1999998 0 4.755924 0.1957652 2.270149 3.904915 0.05960746 0.6542 3.904915 0.05960746 0.6542 3.395085 0.05960747 2.270149 3.218956 0.05960749 0.6542 3.218956 0.05960749 0.5661352 4 0.05960744 2.358214 4 0.05960744 2.270149 3.395085 0.05960747 2.358214 3.3 0.05960138 0.5661352 3.3 0.05960138 2.358214 -0.0002014638 0.05960152 0.6542 -0.0002014638 0.05960762 0.5661352 -0.0002014638 0.05960762 2.270149 -0.0002009869 0.05960762 2.270149 3.904915 -0.1388966 0.6542 3.904915 -0.1388966 0.6542 3.395085 -0.1388965 2.270149 3.218956 -0.1388965 0.6542 3.218956 -0.1388965 0.5661352 4 -0.1388966 2.358214 4 -0.1388966 2.270149 3.395085 -0.1388965 2.358214 3.3 -0.1388904 0.5661352 3.3 -0.1388904 2.358214 -0.0002014724 -0.1388903 0.6542 -0.0002014724 -0.1388964 0.5661352 -0.0002014724 -0.1388964 2.270149 -0.0002009956 -0.1388964 0.56908 2.106004E-08 0.09995653 0.56908 2.106004E-08 -0.2000366 2.34757 -6.834693E-08 -0.2000389 2.34757 -6.834692E-08 0.09995653 0.5690762 4.003351 0.09995653 2.347569 4.003351 0.09995653 3 -2.471608E-07 0.09995653 2.999998 5 0.09995605 -2.384186E-07 1.10467E-07 0.09995653 2.622604E-06 5 0.09995653 0.5690762 4.003351 -0.2000434 2.347569 4.003351 -0.2000434 3 -2.471609E-07 -0.2000434 2.999998 5 -0.2000348 -2.384186E-07 1.10467E-07 -0.2000343 2.622604E-06 5 -0.2000434 0.6145841 0.3536182 -0.298686 -3.814697E-06 0.3536181 -0.2986844 2.999996 0.001956075 -0.2986928 2.314524 0.001956164 -0.2986907 2.999996 0.3536182 -0.2986923 2.314524 0.3536182 -0.2986905 0.6145841 0.001956383 -0.2986856 -3.814697E-06 0.001956463 -0.2986837 0.9999971 4.661956 -0.2986496 -2.861023E-06 4.661956 -0.2986496 -2.861023E-06 4.655728 -0.2924213 -2.861023E-06 4.601959 -0.1986495 -9.536743E-07 5.001956 -0.1986928 -2.861023E-06 4.661956 -0.2986496 -2.711272E-06 4.679752 -0.2986519 -8.112016E-08 4.992316 -0.2986915 -9.193407E-08 5.001956 -0.2890528 2.999997 4.661956 -0.2986496 1.999997 4.661956 -0.2986496 1.999997 5.001956 -0.2890471 -9.193407E-08 5.001956 -0.2890528 0.9999984 5.001956 -0.2890499 2.999995 5.001956 -0.2890442 3 4.700001 0.1398417 3 4.700001 0.09999974 3 5.000001 0.09999974 3 5.000001 0.1896413 3 4.766148 0.1999998 3 4.989643 0.1999998 0 4.989643 0.1999998 3 4.989643 0.1999998 0 5.000001 0.09999974 0 4.700001 0.09999974 0 4.700001 0.1398417 0 4.766148 0.1999998 0 4.989643 0.1999998 0 5.000001 0.1896413 0 4.755924 0.1957652 3 4.755924 0.1957651 3 4.755924 0.1957651 0 4.755924 0.1957652 2.999995 5.001956 -0.1986843 2.999997 4.601959 -0.1986495 2.999997 4.655728 -0.2924213 2.999997 4.661956 -0.2986496 2.999997 4.679752 -0.2986514 2.999995 4.992316 -0.2986832 2.999995 5.001956 -0.2890442 0.5661352 4 0.05960744 0.6542 3.904915 0.05960746 2.358214 4 0.05960744 2.270149 3.904915 0.05960746 0.5661352 3.3 0.05960138 2.358214 3.3 0.05960138 2.270149 3.395085 0.05960747 0.6542 3.395085 0.05960747 0.5661352 3.3 0.05960138 2.358214 3.3 0.05960138 2.270149 3.218956 0.05960749 0.5661352 3.3 0.05960138 0.6542 3.218956 0.05960749 0.6542 3.395085 0.05960747 2.270149 3.395085 0.05960747 0.6542 3.395085 -0.1388965 0.6542 3.904915 -0.1388966 0.5661352 4 -0.1388966 2.270149 3.395085 -0.1388965 2.270149 3.904915 -0.1388966 2.358214 4 -0.1388966 0.5661352 3.3 -0.1388904 0.6542 3.395085 -0.1388965 2.358214 3.3 -0.1388904 0.5661352 3.3 -0.1388904 2.270149 3.218956 -0.1388965 2.358214 3.3 -0.1388904 0.5661352 3.3 -0.1388904 0.6542 3.218956 -0.1388965 2.270149 3.218956 -0.1388965 2.270149 -0.0002009956 -0.1388964 2.270149 -0.0002009869 0.05960762 2.270149 3.218956 0.05960749 0.6542 3.395085 -0.1388965 0.6542 3.904915 -0.1388966 0.6542 3.904915 0.05960746 0.6542 3.395085 0.05960747 0.6542 3.904915 -0.1388966 2.270149 3.904915 -0.1388966 2.270149 3.904915 0.05960746 0.6542 3.904915 0.05960746 2.270149 3.904915 -0.1388966 2.270149 3.395085 -0.1388965 2.270149 3.395085 0.05960747 2.270149 3.904915 0.05960746 0.6542 -0.0002014724 -0.1388964 0.6542 3.218956 -0.1388965 0.6542 3.218956 0.05960749 0.6542 -0.0002014638 0.05960762 0.6542 3.218956 -0.1388965 2.270149 3.218956 -0.1388965 2.270149 3.218956 0.05960749 0.6542 3.218956 0.05960749 2.34757 -6.834692E-08 0.09995653 2.347569 4.003351 0.09995653 2.347569 4.003351 -0.2000434 2.34757 -6.834693E-08 -0.2000389 0.56908 2.106004E-08 -0.2000366 -2.384186E-07 1.10467E-07 -0.2000343 3 -2.471608E-07 0.09995653 3 -2.471609E-07 -0.2000434 2.999998 5 -0.2000348 2.999998 5 0.09995605 0.5690762 4.003351 0.09995653 0.5690762 4.003351 -0.2000434 2.347569 4.003351 -0.2000434 2.347569 4.003351 0.09995653 2.34757 -6.834692E-08 0.09995653 2.34757 -6.834693E-08 -0.2000389 3 -2.471609E-07 -0.2000434 3 -2.471608E-07 0.09995653 2.999998 5 0.09995605 2.999998 5 -0.2000348 2.622604E-06 5 -0.2000434 2.622604E-06 5 0.09995653 0.56908 2.106004E-08 -0.2000366 0.5690762 4.003351 -0.2000434 0.5690762 4.003351 0.09995653 0.56908 2.106004E-08 0.09995653 2.622604E-06 5 0.09995653 2.622604E-06 5 -0.2000434 -2.384186E-07 1.10467E-07 -0.2000343 -2.384186E-07 1.10467E-07 0.09995653 -2.384186E-07 1.10467E-07 0.09995653 0.56908 2.106004E-08 0.09995653 -3.814697E-06 0.3536181 -0.2986844 -3.814697E-06 0.001956463 -0.2986837 -2.861023E-06 0.001956463 -0.1986838 -2.861023E-06 0.3959851 -0.1986845 -2.861023E-06 0.3959851 -0.2563174 2.999997 0.3959852 -0.1986921 2.999997 0.001956075 -0.1986928 2.999996 0.001956075 -0.2986928 2.999996 0.3536182 -0.2986923 2.999996 0.3959852 -0.2563251 0.614584 0.3959852 -0.256319 0.614584 0.3959852 -0.1986861 0.614584 0.001956383 -0.1986856 0.6145841 0.001956383 -0.2986856 0.6145841 0.3536182 -0.298686 2.314524 0.001956164 -0.2986907 2.314524 0.001956164 -0.1986908 2.314524 0.3959852 -0.1986904 2.314524 0.3959852 -0.2563233 2.314524 0.3536182 -0.2986905 0.614584 0.3959852 -0.256319 -2.861023E-06 0.3959851 -0.2563174 2.999996 0.3959852 -0.2563251 2.314524 0.3959852 -0.2563233 3 4.700001 0.1398417 0 4.700001 0.1398417 2.358214 3.3 0.05960138 2.270149 3.395085 -0.1388965 2.358214 3.3 -0.1388904  
			<Colors>: 0  
			<TextureCoords0>: 268 0.2875977 0.1381836 0.9995117 0.6308594 0.4863281 0.1381836 0.800293 0.6308594 0.2875977 0.1318359 0.9995117 0.6538086 0.9995117 0.6308594 0.9995117 0.6269531 0.800293 0.6269531 0.800293 0.6308594 0.8458127 0.6308594 0.8458127 0.6308594 0.8458126 0.6269531 0.3328942 0.1381836 0.3328942 0.1318359 0.9586992 0.6308594 0.4455157 0.1381836 0.9586992 0.6538086 0.9586993 0.6308594 0.9586992 0.6269531 0.2875977 0.1381836 0.4863281 0.1381836 0.6005859 0.3466797 0.7998047 0.3466797 0.6005859 0.3427734 0.7998047 0.3427734 0.6005859 0.3415979 0.7998047 0.3415978 0.6005859 0.3431789 0.7998047 0.3431789 0.4199219 0.1381836 0.3535156 0.1381836 0.6669922 0.3466797 0.7333984 0.3466797 0.6669922 0.3427734 0.7333984 0.3427734 0.7333984 0.3415979 0.6669922 0.3415979 0.7333984 0.3431789 0.6669922 0.3431789 0.6005859 0.3203125 0.6005859 0.3209494 0.7998047 0.3209493 0.4863281 0.1328125 0.4199219 0.1328125 0.7333984 0.3209494 0.6669921 0.3209493 0.3535156 0.1328125 0.0004882813 0.3388672 0.0004882813 0.3134766 0.199707 0.3388672 0.199707 0.3134766 0.0004882813 0.3388672 0.199707 0.3388672 0.3081055 0.2944336 0.0004882813 0.3193359 0.199707 0.3193359 0.199707 0.3200319 0.3087585 0.3312194 0.3081055 0.3296235 0.199707 0.3350469 0.3087585 0.3312194 0.2124023 0.09326172 0.2739258 0.09326172 0.2133789 0.09326172 0.2124023 0.09326172 0.4047852 0.09326172 0.2851563 0.08203125 0.2021484 0.08203125 0.2133789 0.09326172 0.2021484 0.08203125 0.2021484 0.08203125 0.2021484 0.08203125 0.2021484 0.09326172 0.2021484 0.08203125 0.2021484 0.09326172 0.2124023 0.09326172 0.2739258 0.09326172 0.3974609 0.1303711 0.2124023 0.1298828 0.4047852 0.1298828 0.2851563 0.08203125 0.2021484 0.08203125 0.59375 0.1303711 0.2021484 0.08203125 0.2021484 0.08203125 0.2021484 0.08203125 0.2021484 0.09326172 0.2021484 0.08203125 0.2021484 0.09326172 0.3618164 0.3198242 0.3618164 0.2998047 0.04394531 0.652832 0.04394531 0.652832 0.1625977 0.3857422 0.04394531 0.3857422 0.0004882813 0.652832 0.0004882813 0.3193359 0.3994141 0.3198242 0.199707 0.3193359 0.7612305 0.3857422 0.04394531 0.3857422 0.5991211 0.652832 0.5991211 0.3193359 0.3994141 0.2998047 0.7983398 0.3193359 0.9586992 0.6308594 0.9995117 0.6308594 0.800293 0.6538086 0.8458127 0.6538086 0.800293 0.6308594 0.8458127 0.6308594 0.4455156 0.1318359 0.4863281 0.1318359 0.7333984 0.3427734 0.7998047 0.3427734 0.7998047 0.3431789 0.7998047 0.3466797 0.7998047 0.3203125 0.7998047 0.3427734 0.7998047 0.3415978 0.7998047 0.3209494 0.7998047 0.3203125 0.6005859 0.3427734 0.6669922 0.3427734 0.6669922 0.3203125 0.7998047 0.3203125 0.7333984 0.3203125 0.2875977 0.1328125 0.3173828 0.3398438 0.3232422 0.3398438 0.3232422 0.2929688 0.3095703 0.2929688 0.0004882813 0.3350469 0.0004882813 0.3200319 0.199707 0.3200319 0.0004882813 0.3200319 0.3232422 0.2929688 0.3232422 0.3398438 0.3173828 0.3398438 0.3081055 0.3296235 0.3081055 0.2944336 0.3095703 0.2929688 0.199707 0.3356898 0.0004882813 0.3356898 0.0004882813 0.3356898 0.199707 0.3356898 0.6005859 0.3203125 0.6005859 0.3466797 0.6005859 0.3431789 0.6005859 0.3427734 0.6005859 0.3415979 0.6005859 0.3209493 0.6005859 0.3203125 0.4150391 0.08203125 0.4047852 0.09326172 0.2851563 0.08203125 0.2739258 0.09326172 0.4150391 0.1186523 0.2021484 0.1186523 0.2124023 0.1298828 0.4047852 0.1298828 0.4150391 0.08203125 0.59375 0.08203125 0.5839844 0.09326172 0.59375 0.08203125 0.5839844 0.09326172 0.3974609 0.105957 0.59375 0.105957 0.2133789 0.09326172 0.4047852 0.09326172 0.4150391 0.08203125 0.2133789 0.09326172 0.2739258 0.09326172 0.2851563 0.08203125 0.4150391 0.08203125 0.4047852 0.09326172 0.2021484 0.1186523 0.4150391 0.1186523 0.5839844 0.09326172 0.59375 0.08203125 0.59375 0.08203125 0.5839844 0.09326172 0.59375 0.1303711 0.2021484 0.1303711 0.2021484 0.105957 0.59375 0.105957 0.5322266 0.105957 0.59375 0.105957 0.59375 0.1303711 0.5322266 0.1303711 0.3974609 0.105957 0.59375 0.105957 0.59375 0.1303711 0.3974609 0.1303711 0.59375 0.1303711 0.5322266 0.1303711 0.5322266 0.105957 0.59375 0.105957 0.2021484 0.105957 0.59375 0.105957 0.59375 0.1303711 0.2021484 0.1303711 0.3974609 0.105957 0.59375 0.105957 0.59375 0.1303711 0.3974609 0.1303711 0.04394531 0.652832 0.04394531 0.3857422 0.6425781 0.3857422 0.6425781 0.652832 0.7612305 0.652832 0.7983398 0.652832 0.0004882813 0.2939453 0.0004882813 0.3188477 0.3999023 0.3188477 0.3999023 0.2939453 0.1625977 0.3857422 0.1625977 0.3857422 0.04394531 0.3857422 0.04394531 0.3857422 0.2431641 0.3198242 0.2431641 0.2998047 0.2001953 0.2998047 0.2001953 0.3198242 0.2001953 0.3198242 0.2001953 0.2998047 0.3994141 0.2998047 0.3994141 0.3198242 0.1625977 0.652832 0.1625977 0.3857422 0.1625977 0.3857422 0.1625977 0.652832 0.3999023 0.2939453 0.3999023 0.3188477 0.0004882813 0.3188477 0.0004882813 0.2939453 0.199707 0.652832 0.1625977 0.652832 0.8071289 0.3232422 0.8071289 0.3466797 0.7998047 0.3466797 0.7998047 0.3198242 0.8037109 0.3198242 0.7998047 0.3198242 0.7998047 0.3466797 0.8071289 0.3466797 0.8071289 0.3232422 0.8037109 0.3198242 0.8037109 0.3198242 0.7998047 0.3198242 0.7998047 0.3466797 0.8071289 0.3466797 0.8071289 0.3232422 0.8071289 0.3466797 0.7998047 0.3466797 0.7998047 0.3198242 0.8037109 0.3198242 0.8071289 0.3232422 0.9586992 0.6269531 0.9995117 0.6269531 0.800293 0.6269531 0.8458126 0.6269531 0.0004882813 0.3388672 0.199707 0.3388672 0.2021484 0.08203125 0.2124023 0.09326172 0.2021484 0.08203125  
			<TextureCoords1>: 268 0.985548 0.6950748 0.9777957 0.6359479 0.8866158 0.6164501 0.9105832 0.7099172 0.9855479 0.7060109 0.5124956 0.258679 0.9777958 0.6488034 0.9777957 0.6422508 0.9105833 0.7162201 0.9105832 0.6527097 0.9855478 0.6527097 0.9855479 0.7099172 0.985548 0.7162201 0.9105832 0.6950746 0.9105832 0.7060108 0.9105833 0.6488035 0.9538283 0.6164503 0.445283 0.258679 0.9105832 0.6359481 0.9105832 0.642251 0.5546231 0.6321005 0.8827088 0.6321014 0.3319924 0.04599947 0.003906265 0.04600114 0.3319924 0.05878413 0.3319924 0.04209322 0.00390625 0.04014701 0.3319924 0.04014701 0.3319925 0.05782086 0.00390625 0.05782247 0.7733469 0.6321011 0.663985 0.6321007 0.2226303 0.0460003 0.1132682 0.04600114 0.2226304 0.05878496 0.2226303 0.04209322 0.2226303 0.04014701 0.1132683 0.04014701 0.1132683 0.05782247 0.2226304 0.05782163 0.003906441 0.004473448 0.003906372 0.005964339 0.3319921 0.005964398 0.8827088 0.6419833 0.7733469 0.641983 0.2226302 0.005964339 0.1132682 0.005964339 0.663985 0.6419827 0.8827093 0.6273865 0.5546231 0.6104738 0.5546232 0.6273865 0.8827094 0.6104738 0.8827093 0.6230292 0.5546232 0.6230292 0.9894104 0.6016078 0.5546231 0.6006704 0.8827094 0.6006704 0.5546231 0.6458904 0.9638505 0.6020709 0.9649685 0.6016078 0.5546234 0.6703323 0.9844273 0.6169133 0.5650226 0.7363099 0.5650218 0.9130327 0.620778 0.913033 0.6400405 0.73631 0.6400398 0.9130329 0.5546231 0.9226636 0.5546241 0.7266788 0.6207785 0.73631 0.6311772 0.7266791 0.6311767 0.922664 0.9920923 0.7266788 0.9920965 0.9130289 0.9920967 0.9226599 0.9920922 0.7363098 0.430977 0.0723232 0.4309779 0.2490474 0.9119765 0.5172418 0.3559585 0.07232374 0.3559592 0.2490481 0.4413767 0.2586783 0.4413757 0.06269205 0.7352529 0.5172418 0.3648217 0.06269282 0.3648226 0.258679 0.00390637 0.06269294 0.003908335 0.2490451 0.003908353 0.258676 0.00390625 0.07232386 0.5075187 0.1835064 0.5075188 0.2163143 0.9924379 0.9593784 0.992438 0.9265702 0.1129019 0.8971435 0.5546231 0.9265702 0.5507165 0.6312927 0.00390629 0.6312927 0.445283 0.1835064 0.00390625 0.9593785 0.4417211 0.5284362 0.5546234 0.9593789 0.003906354 0.2625853 0.5507168 0.2625855 0.4452829 0.2163141 0.5507168 0.5906712 0.4452829 0.2202206 0.5124956 0.2202206 0.9105833 0.6911683 0.9855479 0.6911683 0.9105833 0.7227726 0.985548 0.7227726 0.9538283 0.6273865 0.8866158 0.6273862 0.1132683 0.0587858 0.003906261 0.0587858 0.92448 0.6118581 0.9303603 0.601603 0.8866158 0.6016077 0.9237989 0.6125392 0.9218526 0.6125394 0.88767 0.6125438 0.8866158 0.6114897 0.003906271 0.04209322 0.1132683 0.04209322 0.1132683 0.004473507 0.3319922 0.004473507 0.2226303 0.004473507 0.5546231 0.6419824 0.9577346 0.6081868 0.9577346 0.6125439 0.9905432 0.6125439 0.9905432 0.6027406 0.8827096 0.6703315 0.8827093 0.6458896 0.8827094 0.5990684 0.5546231 0.5990684 0.9577346 0.6273865 0.9905432 0.6273865 0.9905432 0.6230292 0.9833092 0.6164503 0.9588674 0.6164502 0.9577346 0.617583 0.5546231 0.6715425 0.8827093 0.6715416 0.8827095 0.6143801 0.5546231 0.61438 0.3796434 0.0111348 0.3358988 0.01113093 0.3417791 0.02138603 0.3424602 0.02206719 0.3444064 0.02206737 0.3785891 0.02207088 0.3796434 0.02101672 0.5546231 0.9226636 0.5650218 0.9130327 0.5546241 0.7266788 0.5650226 0.7363099 0.6311767 0.922664 0.6311772 0.7266791 0.6207785 0.73631 0.620778 0.913033 0.6311767 0.922664 0.6311772 0.7266791 0.6400405 0.73631 0.6311767 0.922664 0.6400398 0.9130329 0.9119765 0.495533 0.7352529 0.495533 0.3752213 0.2490479 0.4309779 0.2490474 0.4413767 0.2586783 0.3752204 0.07232374 0.430977 0.0723232 0.4413757 0.06269205 0.3648226 0.258679 0.3752213 0.2490479 0.3648217 0.06269282 0.3648226 0.258679 0.3559585 0.07232374 0.3648217 0.06269282 0.3648226 0.258679 0.3559592 0.2490481 0.5546231 0.6971576 0.9066767 0.6971575 0.9066767 0.6754487 0.5546231 0.6754488 0.4452829 0.1796002 0.501039 0.1796002 0.501039 0.1578914 0.445283 0.1578914 0.5546231 0.5172418 0.7313466 0.5172418 0.7313466 0.495533 0.5546231 0.495533 0.4452829 0.1539851 0.501039 0.1539851 0.501039 0.1322763 0.445283 0.1322763 0.5546231 0.7227726 0.9066769 0.7227726 0.9066769 0.7010638 0.5546231 0.7010638 0.753029 0.5539567 0.9297526 0.5539567 0.9297526 0.5322479 0.753029 0.5322479 0.5507169 0.7026439 0.1129019 0.7026438 0.4417211 0.3339365 0.003906372 0.3339364 0.00390625 0.5284357 0.003906629 0.5906715 0.00390625 0.9632851 0.003906523 0.9960938 0.5507167 0.9960928 0.5507169 0.9632852 0.5546231 0.5211481 0.5546232 0.5539567 0.7491228 0.5539567 0.7491226 0.5211481 0.3358988 0.02597713 0.3358988 0.05878526 0.4072499 0.0587858 0.4072498 0.02597713 0.5546231 0.557863 0.5546231 0.5906706 0.8827089 0.5906715 0.8827087 0.5578629 0.5546231 0.996093 0.9924379 0.9960938 0.992438 0.9632851 0.5546231 0.9632851 0.00390625 0.5945778 0.003906523 0.6273865 0.5507168 0.6273854 0.5507166 0.5945778 0.5507166 0.9593789 0.5507163 0.8971431 0.4499163 0.1135276 0.4883747 0.1135275 0.4883747 0.1025913 0.4452829 0.1025914 0.4452829 0.1088942 0.5480372 0.1686639 0.5049453 0.168664 0.5049453 0.1796002 0.5434038 0.1796001 0.5480372 0.1749668 0.4883747 0.1237367 0.4883747 0.1174338 0.4452829 0.1174338 0.445283 0.12837 0.4837414 0.12837 0.5480371 0.1539851 0.5480371 0.1430489 0.5049453 0.1430489 0.5049453 0.1493517 0.5095786 0.1539851 0.9105832 0.642251 0.9777957 0.6422508 0.9105833 0.7162201 0.985548 0.7162201 0.8827093 0.6230292 0.5546232 0.6230292 0.6311772 0.7266791 0.3752204 0.07232374 0.3648217 0.06269282  
			<Normals>: 268 0 -1 0 0 1 0 0 -1 0 0 1 0 0 -1 0 0 0 -1 0 0.3826815 -0.9238803 0 0.9238803 -0.3826815 0 0.9238803 -0.3826815 0 0.3826815 -0.9238803 0 0.3826815 -0.9238803 0 1 0 0 0.9238803 -0.3826815 0 -1 0 0 -1 0 0 0.3826815 -0.9238803 0 -1 0 0 0 -1 0 1 0 0 0.9238803 -0.3826815 0 1 0 0 1 0 0 -0.8675041 -0.4974301 0 -0.8675041 -0.4974301 0 -0.3827076 -0.9238696 0 -0.3827336 -0.9238588 0 -9.155553E-05 -1 0 -0.000122074 -1 0 -0.7942616 -0.6075758 0 -0.7942616 -0.6075758 0 1 0 0 1 0 0 -0.8675041 -0.4974301 0 -0.8675041 -0.4974301 0 -0.3827076 -0.9238696 0 -0.3827336 -0.9238588 0 -9.155553E-05 -1 0 -9.155553E-05 -1 0 -0.7942616 -0.6075758 0 -0.7942616 -0.6075758 0 0.9238696 -0.3827076 0 0.3826186 -0.9239064 0 0.3825818 -0.9239216 0 0.9238696 -0.3827076 0 0.9238696 -0.3827076 0 0.3825926 -0.9239172 0 0.3825926 -0.9239172 0 0.9238696 -0.3827076 0 -1 0 0 1 0 0 -1 0 0 1 0 0 -0.9238803 0.3826815 0 -0.9238803 0.3826815 1 0 0 0 0.9238803 0.3826815 0 0.9238803 0.3826815 0 0.3826815 0.9238803 1 0 0 1 0 0 0 -0.1950772 0.9807879 -1 0 0 0 0 1 0 0 1 0 -3.051851E-05 1 3.051851E-05 3.051851E-05 1 0 3.051851E-05 1 0 0 1 0 0 1 0 -3.051851E-05 1 0 0 1 0 0 1 6.103888E-05 0 1 -3.051851E-05 0 1 -3.051851E-05 0 1 6.103702E-05 0 1 0 0 -1 0 0 -1 0 1 0 3.051851E-05 3.051851E-05 -1 0 3.051851E-05 -1 0 0 -1 0 0 -1 0 1 0 0 0 -1 0 0 -1 6.103888E-05 0 -1 -3.051851E-05 0 -1 -3.051851E-05 0 -1 6.103702E-05 0 -1 0 -1 0 0 -1 0 -1 0 0 -1 0 0 0 0 1 -0.7071068 -0.7071068 0 0 0 1 0 0 1 0 -1 0 0 0 1 0 0 -1 -0.7071068 -0.7071068 0 0 0 -1 0 0 -1 0 -1 0 0 0 -1 0 0.3826815 -0.9238803 0 0.3826815 -0.9238803 0 0 -1 0 0 -1 0 0.3826815 -0.9238803 0 0.3826815 -0.9238803 0 -1 0 0 -1 0 0 -0.3827336 -0.9238588 0 -0.3827336 -0.9238588 -1 0 0 -1 0 0 -1 0 0 -1 0 0 -1 0 0 -1 0 0 -1 0 0 0 -0.3827076 -0.9238696 0 -0.3827076 -0.9238696 0 0.9238696 -0.3827076 0 0.9238696 -0.3827076 0 0.9238696 -0.3827076 0 0.9238696 -0.3827076 1 0 0 1 0 0 1 0 0 1 0 0 0 -0.1950772 0.9807879 0 0.3826815 0.9238803 0 0.3826815 0.9238803 0 0.3826815 0.9238803 -1 0 0 -1 0 0 -1 0 0 -1 0 0 -1 0 0 -1 0 0 0 -0.5555732 0.8314676 0 -0.5555732 0.8314676 0 -0.5555732 0.8314676 0 -0.5555732 0.8314676 1 0 0 1 0 0 1 0 0 1 0 0 1 0 0 1 0 0 1 0 0 0 0 1 0 0 1 0 0 1 0 0 1 0 0 1 0 0 1 0 -3.051851E-05 1 0 -3.051851E-05 1 0 0 1 0 0 1 3.051851E-05 3.051851E-05 1 0 0 1 0 3.051851E-05 1 0 1 0 0 1 0 0 -3.051851E-05 -1 0 0 -1 0 0 -1 0 -3.051851E-05 -1 0 0 -1 0 0 -1 0 0 -1 0 -3.051851E-05 -1 0 0 -1 0 0 -1 3.051851E-05 3.051851E-05 -1 0 0 -1 0 0 -1 0 3.051851E-05 -1 -1 0 0 -1 0 0 -1 0 0 -1 0 0 1 0 0 1 0 0 1 0 0 1 0 0 0 -1 0 0 -1 0 0 -1 0 0 -1 0 -1 0 0 -1 0 0 -1 0 0 -1 0 0 1 0 0 1 0 0 1 0 0 1 0 0 0 -1 0 0 -1 0 0 -1 0 0 -1 0 0 0 1 0 0 1 0 0 -1 0 0 -1 0 0 -1 0 0 -1 1 0 0 1 0 0 1 0 0 1 0 0 0.7071068 -0.7071068 0 0.7071068 -0.7071068 0 -0.7071068 -0.7071068 0 -0.7071068 -0.7071068 0 0 -1 0 0 -1 0 0 -1 0 0 -1 0 0 1 0 0 1 0 0 1 0 0 1 0 1 0 0 0.7071068 -0.7071068 0 0.7071068 -0.7071068 0 1 0 0 -1 0 0 -1 0 0 -1 0 0 -1 0 0 0 0 1 0 0 1 -1 0 0 -1 0 0 -1 0 0 -1 0 0 -1 0 0 1 0 0 1 0 0 1 0 0 1 0 0 1 0 0 1 0 0 1 0 0 1 0 0 1 0 0 1 0 0 -1 0 0 -1 0 0 -1 0 0 -1 0 0 -1 0 0 0 0.9238803 -0.3826815 0 0.9238803 -0.3826815 0 0.9238803 -0.3826815 0 0.9238803 -0.3826815 0 -0.9238803 0.3826815 0 -0.9238803 0.3826815 0 0 1 0 -3.051851E-05 -1 0 0 -1  
			<Tangents>: 268 -1 0 3.021651E-06 -1 0 2.545811E-06 -1 0 3.008967E-06 -1 0 2.52283E-06 -1 0 3.019647E-06 -1 1.568499E-08 0 -1 8.522354E-07 3.530053E-07 -1 8.884339E-07 2.144881E-06 -1 8.996922E-07 2.172061E-06 -1 1.085416E-06 4.495912E-07 -1 8.851737E-07 3.666487E-07 -1 0 2.543404E-06 -1 8.888111E-07 2.145792E-06 -1 0 3.001921E-06 -1 0 2.999916E-06 -1 8.844011E-07 3.663287E-07 -1 0 3.030727E-06 -1 1.454747E-07 0 -1 0 2.523008E-06 -1 9.004859E-07 2.173978E-06 -1 0 -2.861028E-06 -1 0 -2.861027E-06 -1 0 0 -1 -8.527151E-07 1.487111E-06 -1 0 0 -1 -7.09311E-07 2.938514E-07 -1 1.291627E-11 0 -1 -9.019963E-07 1.101424E-10 -1 0 0 -1 -9.938108E-07 1.299172E-06 -1 0 -2.861027E-06 -1 0 -2.861027E-06 -1 0 0 -1 0 0 -1 0 0 -1 2.604609E-08 -1.07903E-08 -1 -7.715079E-07 7.064552E-11 -1 -3.444057E-07 3.154186E-11 -1 -7.45195E-08 9.741661E-08 -1 0 0 -1 -1.427431E-06 -3.445867E-06 -1 -4.305347E-07 -1.782979E-07 -1 -1.728035E-06 -7.155528E-07 -1 -1.011579E-06 -2.441986E-06 -1 -1.011579E-06 -2.441986E-06 -1 -1.385909E-06 -5.739026E-07 -1 -1.080432E-06 -4.474049E-07 -1 -1.011579E-06 -2.441986E-06 1 0 0 -1 0 0 1 0 0 -1 0 0 1 0 0 1 0 0 0 0.01038961 -0.999946 -1 0 0 -1 0 0 -1 0 0 0 -0.007434449 -0.9999723 0 0.005271476 -0.9999861 -1 -1.320257E-08 -2.625971E-09 0 -0.011242 -0.9999368 -1 0 0 0 1 0 0 1 3.051851E-05 -1 9.313794E-10 3.051851E-05 -1 0 0 0 1 0 -1 0 0 0 1 3.051851E-05 0 1 0 0 1 0 2.406712E-12 1 0 -5.676682E-11 1 0 -5.770292E-11 1 0 2.401543E-12 1 0 -1 0 0 0 1 0 1 0 0 -1 9.313794E-10 -3.051851E-05 -1 0 0 0 1 0 -1 0 0 1 0 0 0 1 0 0 1 0 -2.824192E-12 1 0 -5.40471E-11 1 0 -5.498141E-11 1 0 -2.825344E-12 1 0 -1 0 0 -1 0 1.229221E-06 0 1 0 0 1 0 -0.9999993 0.001157703 0 0 0 1 -1 2.740737E-07 0 -0.9999999 -0.0005148088 0 -1 0 2.750838E-06 -0.9999998 0.000697483 0 -0.9999993 0.00115286 0 0 0 1 -1 -0.0001992573 0 -0.9999997 -0.0007330977 0 -1 0 3.980065E-06 -0.9999999 0.0004752832 0 -1 1.086958E-06 4.502302E-07 -1 8.844011E-07 3.663287E-07 -1 1.304311E-07 0 -1 9.002262E-09 0 -1 8.851737E-07 3.666487E-07 -1 8.561373E-07 3.546215E-07 -1 0 3.028237E-06 -1 0 3.006476E-06 -1 -5.494794E-07 2.276368E-07 -1 0 0 0 1 0 0 1 0 0 1 0 0 1 0 0 1 0 0 1 0 0 1 0 -1 0 0 -1 2.604474E-08 -1.078888E-08 -1 -1.224736E-06 -2.956554E-06 -1 -1.011579E-06 -2.441987E-06 -1 -1.219512E-06 -2.943944E-06 -1 -1.011579E-06 -2.441987E-06 0 0 -1 0 -0.007323287 -0.9999732 0 0.004903416 -0.999988 0 0 -1 -1 0 0 -1 0 0 -1 0 0 -1 0 0 0 0.006566384 -0.9999784 0 0 -1 0 -0.005909124 -0.9999825 0 0.005271443 -0.9999861 0 0.01038961 -0.999946 0 0 -1 -1 -2.628171E-07 -1.756101E-07 -1 -6.1709E-10 -4.123296E-10 -1 -3.872338E-07 -2.587434E-07 -1 -6.497295E-09 -4.341387E-09 0 1 0 0 1 0 0 1 0 0 1 0 0 1 0 0 1 0 0 1 0 -1 0 0 -1 0 0 0 1 0 0 1 0 -1 0 0 -1 0 0 -1 0 0 -1 0 0 -1 0 0 0 1 0 -9.300375E-10 1 -3.051851E-05 0 1 0 0 1 -3.051851E-05 1 0 0 1 0 0 0 1 -3.051851E-05 -1 0 0 -1 0 0 0 1 -3.051851E-05 0 1 0 0 1 0 -1 0 0 -1 0 0 -1 0 0 -1 0 0 -9.327578E-10 1 3.051851E-05 0 1 0 0 1 0 0 1 3.051851E-05 0 1 -4.184161E-08 0 1 -4.628902E-08 0 1 -4.610754E-08 0 1 -4.166012E-08 0 1 -3.613636E-08 0 1 -5.845541E-08 0 1 -5.154676E-08 0 1 -2.922771E-08 1 0 0 1 0 0 1 0 0 1 0 0 0 1 -3.613636E-08 0 1 -5.845541E-08 0 1 -5.154676E-08 0 1 -2.922771E-08 0 1 -4.18416E-08 0 1 -4.628902E-08 0 1 -4.610753E-08 0 1 -4.166012E-08 1 0 0 1 0 0 1 0 0 1 0 0 -1 -0.0001338317 0 -0.9999995 -0.001057815 0 -0.9999995 -0.001035979 0 -1 7.308632E-07 0 -1 0.0001341805 0 -1 1.571078E-07 0 0 1 1.658952E-06 0 1 1.728535E-06 0 1 -2.5783E-08 0 1 -9.536743E-08 0 0 1 0 0 1 0 0 1 0 0 1 -1 0 5.071296E-06 -1 0 6.98888E-06 -1 0 1.917562E-06 -1 0 0 -1 0 -2.688014E-06 -1 0 -2.880895E-06 -1 0 -3.392984E-08 -1 0 1.58946E-07 0 1 0 0 0 1 0 0 1 0 1 0 0 1 -1.75432E-06 0 1 -1.823902E-06 0 1 -6.958442E-08 0 1 0 -1 0.0002011748 0 -1 1.571078E-07 0 0 0.06701853 -0.9977517 0 0 -1 0 0.01529418 -0.9998831 0 0.0758289 -0.9971209 0 0 -1 0 0.06619062 -0.997807 0 0 -1 0 0.01252284 -0.9999216 0 0.08749579 -0.9961649 0 0 -1 0 0.04430326 -0.9990181 0 0 -1 0 0 -1 0 0.005964299 -0.9999822 0 0.2059583 -0.9785607 0 0.006237613 -0.9999806 0 0 -1 0 0 -1 0 0.0487707 -0.99881 0 0.2059589 -0.9785606 -1 9.004859E-07 2.173978E-06 -1 8.884339E-07 2.144881E-06 -1 8.996922E-07 2.172061E-06 -1 8.888111E-07 2.145792E-06 -1 -1.598258E-07 -3.858558E-07 -1 0 0 -1 0 0 -1 0 0 -1 0 0  
			<BiTangents>: 268 -3.021651E-06 0 -1 -2.545811E-06 0 -1 -3.008967E-06 0 -1 -2.52283E-06 0 -1 -3.019647E-06 0 -1 1.568499E-08 1 0 9.224521E-07 0.9238803 0.3826815 -2.321601E-06 -0.3826815 -0.9238803 -2.35102E-06 -0.3826815 -0.9238803 1.174844E-06 0.9238803 0.3826815 9.581044E-07 0.9238803 0.3826815 -2.543404E-06 0 -1 -2.322587E-06 -0.3826815 -0.9238803 -3.001921E-06 0 -1 -2.999916E-06 0 -1 9.572681E-07 0.9238803 0.3826815 -3.030727E-06 0 -1 1.454747E-07 1 0 -2.523008E-06 0 -1 -2.353094E-06 -0.3826815 -0.9238803 2.861028E-06 0 -1 2.861027E-06 0 -1 0 0.4974301 -0.8675041 -1.714241E-06 0.4974301 -0.8675041 0 0.9238696 -0.3827076 -7.6777E-07 0.9238588 -0.3827336 1.291627E-11 1 -9.155553E-05 -9.019963E-07 1 -0.000122074 0 0.6075759 -0.7942617 -1.635698E-06 0.6075759 -0.7942617 2.861027E-06 0 -1 2.861027E-06 0 -1 0 0.4974301 -0.8675041 0 0.4974301 -0.8675041 0 0.9238696 -0.3827076 2.819272E-08 0.9238588 -0.3827336 -7.715079E-07 1 -9.155553E-05 -3.444057E-07 1 -9.155553E-05 -1.226505E-07 0.6075759 -0.7942617 0 0.6075759 -0.7942617 -3.72982E-06 0.3827076 0.9238696 -4.659939E-07 0.9239064 0.3826186 -1.870327E-06 0.9239216 0.3825818 2.643215E-06 -0.3827076 -0.9238696 2.643216E-06 -0.3827076 -0.9238696 -1.500036E-06 0.9239172 0.3825926 -1.169403E-06 0.9239172 0.3825926 2.643216E-06 -0.3827076 -0.9238696 0 0 1 0 0 -1 0 0 1 0 0 -1 0 0.3826815 0.9238803 0 0.3826815 0.9238803 0 0.999946 0.01038961 0 0.3826815 -0.9238803 0 0.3826815 -0.9238803 0 0.9238803 -0.3826815 0 0.9999723 -0.007434449 0 0.9999861 0.005271476 -1.346119E-08 0.9807879 0.1950772 0 0.9999368 -0.011242 0 1 0 -1 0 0 -1 0 0 -8.673617E-19 1 -3.051851E-05 0 1 -3.051851E-05 -1 0 0 0 1 0 1 0 0 1 0 0 -1 0 0 1 -2.406712E-12 -6.103888E-05 -1 -5.676682E-11 -3.051851E-05 -1 -5.770292E-11 -3.051851E-05 1 -2.401543E-12 -6.103702E-05 0 1 0 -1 0 0 0 0 1 -8.673617E-19 1 3.051851E-05 0 1 3.051851E-05 -1 0 0 0 1 0 0 0 1 1 0 0 -1 0 0 1 2.824192E-12 6.103888E-05 -1 -5.40471E-11 3.051851E-05 -1 -5.498141E-11 3.051851E-05 1 2.825344E-12 6.103702E-05 0 0 -1 -1.229221E-06 0 -1 0 0 1 0 0 1 0.001157703 0.9999993 0 0.7071068 -0.7071068 0 2.740737E-07 1 0 -0.0005148088 0.9999999 0 -2.750838E-06 0 -1 0.000697483 0.9999998 0 0.00115286 0.9999993 0 0.7071068 -0.7071068 0 -0.0001992573 1 0 -0.0007330977 0.9999997 0 -3.980065E-06 0 -1 0.0004752832 0.9999999 0 1.176514E-06 0.9238803 0.3826815 9.572681E-07 0.9238803 0.3826815 1.304311E-07 1 0 9.002262E-09 1 0 9.581044E-07 0.9238803 0.3826815 9.266756E-07 0.9238803 0.3826815 -3.028237E-06 0 -1 -3.006476E-06 0 -1 -5.947657E-07 0.9238588 -0.3827336 0 0.9238588 -0.3827336 0 0 1 0 0 1 0 0 1 0 0 1 0 0 1 0 0 1 0 0 1 0 0.9238696 -0.3827076 2.819093E-08 0.9238696 -0.3827076 -3.200186E-06 0.3827076 0.9238696 -2.643216E-06 0.3827076 0.9238696 -3.186537E-06 0.3827076 0.9238696 2.643216E-06 -0.3827076 -0.9238696 0 1 0 0 0.9999732 -0.007323287 0 0.999988 0.004903416 0 1 0 0 0.9807879 0.1950772 0 0.9238803 -0.3826815 0 0.9238803 -0.3826815 0 0.9238803 -0.3826815 0 0.9999784 0.006566384 0 1 0 0 0.9999825 -0.005909124 0 0.9999861 0.005271443 0 0.999946 0.01038961 0 1 0 -3.160881E-07 0.8314676 0.5555732 -7.421697E-10 0.8314676 0.5555732 -4.657233E-07 0.8314676 0.5555732 -7.814249E-09 0.8314676 0.5555732 0 0 1 0 0 1 0 0 1 0 0 1 0 0 1 0 0 1 0 0 1 0 1 0 0 1 0 1 0 0 1 0 0 0 -1 0 0 -1 0 0 -1 -3.051851E-05 0 -1 -3.051851E-05 0 1 0 1 0 0 1 -1.341872E-12 -3.051851E-05 -1 0 0 -1 0 0 0 0 1 0 0 1 -1 0 0 0 1 0 0 1 0 1 0 0 1 0 0 1 0 0 0 -1 0 0 -1 3.051851E-05 0 1 0 0 1 0 1 1.378341E-12 3.051851E-05 1 0 0 -1 0 0 -1 0 0 0 4.184161E-08 1 0 4.628902E-08 1 0 4.610754E-08 1 0 4.166012E-08 1 0 -3.613636E-08 -1 0 -5.845541E-08 -1 0 -5.154676E-08 -1 0 -2.922771E-08 -1 0 0 -1 0 0 -1 0 0 -1 0 0 -1 0 3.613636E-08 1 0 5.845541E-08 1 0 5.154676E-08 1 0 2.922771E-08 1 0 -4.18416E-08 -1 0 -4.628902E-08 -1 0 -4.610753E-08 -1 0 -4.166012E-08 -1 0 0 -1 0 0 -1 0 0 -1 0 0 -1 -0.0001338317 1 0 -0.001057815 0.9999995 0 -0.001035979 0.9999995 0 7.308632E-07 1 0 0.0001341805 1 0 1.571078E-07 1 0 0 -1.658952E-06 1 0 -1.728535E-06 1 0 2.5783E-08 1 0 9.536743E-08 1 0.7071068 0.7071068 0 0.7071068 0.7071068 0 0.7071068 -0.7071068 0 0.7071068 -0.7071068 0 -5.071296E-06 0 -1 -6.98888E-06 0 -1 -1.917562E-06 0 -1 0 0 -1 2.688014E-06 0 -1 2.880895E-06 0 -1 3.392984E-08 0 -1 -1.58946E-07 0 -1 0 0 1 0.7071068 0.7071068 0 0.7071068 0.7071068 0 0 0 1 0 1.75432E-06 1 0 1.823902E-06 1 0 6.958442E-08 1 0 0 1 0.0002011748 1 0 1.571078E-07 1 0 0 0.9977517 0.06701853 0 1 0 0 0.9998831 0.01529418 0 0.9971209 0.0758289 0 1 0 0 0.997807 0.06619062 0 1 0 0 0.9999216 0.01252284 0 0.9961649 0.08749579 0 1 0 0 0.9990181 0.04430326 0 1 0 0 1 0 0 0.9999822 0.005964299 0 0.9785607 0.2059583 0 0.9999806 0.006237613 0 1 0 0 1 0 0 0.99881 0.0487707 0 0.9785606 0.2059589 2.353094E-06 0.3826815 0.9238803 2.321601E-06 0.3826815 0.9238803 2.35102E-06 0.3826815 0.9238803 2.322587E-06 0.3826815 0.9238803 -4.17647E-07 0.3826815 0.9238803 0 0.3826815 0.9238803 0 1 0 0 -1 3.051851E-05 0 -1 0  
			<SubMeshes>: 1
				<SubMesh>: 0 498 18 19 7 18 7 1 259 15 6 259 6 260 4 0 13 4 13 14 106 17 5 106 5 107 9 108 109 9 109 10 3 8 12 3 12 11 261 110 111 261 111 262 112 16 2 112 2 113 41 26 37 41 37 46 45 36 27 45 27 42 36 35 25 36 25 27 31 47 44 31 44 30 28 22 32 28 32 39 30 44 43 30 43 21 114 38 29 114 29 115 24 28 39 24 39 34 34 39 38 34 38 114 38 33 23 38 23 29 46 37 36 46 36 45 116 117 118 118 119 116 118 120 119 118 121 120 118 122 121 39 32 33 39 33 38 26 123 124 26 124 37 37 124 35 37 35 36 46 125 40 46 40 41 42 126 127 42 127 45 45 127 125 45 125 46 20 128 47 20 47 31 56 55 49 56 49 51 52 53 50 52 50 48 58 129 130 130 131 58 131 59 58 131 54 59 131 132 54 57 60 133 57 133 134 56 135 136 56 136 55 137 138 139 139 61 137 61 140 137 140 141 137 141 142 137 60 143 144 60 144 133 263 145 146 263 146 264 147 148 149 149 150 147 150 151 147 151 152 147 152 153 147 67 71 64 67 64 63 68 154 155 68 155 62 70 156 157 70 157 69 158 159 160 158 160 161 265 162 66 265 66 65 72 163 164 72 164 75 165 74 73 165 73 166 83 78 167 83 167 168 81 77 169 81 169 85 82 76 170 82 170 171 84 172 173 84 173 174 175 176 266 175 266 267 177 79 80 177 80 178 86 89 179 86 179 180 181 182 87 181 87 88 183 184 185 183 185 186 187 188 189 187 189 190 191 192 193 191 193 194 195 196 197 195 197 198 199 200 201 199 201 202 203 204 205 203 205 206 92 93 95 92 95 101 207 96 97 207 97 208 98 104 91 98 91 90 208 97 99 208 99 94 209 103 102 209 102 210 103 209 100 103 100 105 211 212 105 211 105 100 213 214 215 213 215 216 217 218 219 217 219 220 221 222 223 221 223 224 225 226 227 225 227 228 229 230 231 229 231 232 233 234 235 233 235 236 237 238 94 237 94 99 239 240 241 241 242 239 242 243 239 244 245 246 246 247 244 247 248 244 249 250 251 249 251 252 253 249 252 254 255 256 254 256 257 258 254 257  
		</Mesh>
		<Materials>: 1
			<Material>: 0
				<AlbedoColor>: 1 1 1 1
				<EmissiveColor>: 0 0 0 0
				<Glossiness>: 0.04
				<Metallic>: 0
				<SpecularHighlight>: 1
				<GlossyReflection>: 1
				<AlbedoMap>: BLD_IndBuilding1_A
				<MetallicMap>: BLD_IndBuilding1_MS
				<NormalMap>: BLD_IndBuilding1_N
				<EmissionMap>: null
				<DetailAlbedoMap>: DET_Concrete1_A
				<DetailNormalMap>: DET_Concrete1_N
		</Materials>
		<Children>: 3
			<Frame>: 1 0 IndBuilding1_Wall_Mid_D_bb
				<Transform>: 0.493 2.500877 -0.04934703 -2.504478E-06 0 0 1 1 1 -2.185569E-08 0 0 1  
				<TransformMatrix>: 1 0 0 0 0 1 -4.371139E-08 0 0 4.371139E-08 1 0 0.493 2.500877 -0.04934703 1  
				<BoxCollider>: 1 -0.1656532 -0.01309419 -0.05786514 0.6686935 4.976114 0.4213333  
				<Children>: 0
			</Frame>
			<Frame>: 2 0 IndBuilding1_Wall_Mid_D_bb1
				<Transform>: 2.793 2.500877 -0.04934703 -2.504478E-06 0 0 1 1 1 -2.185569E-08 0 0 1  
				<TransformMatrix>: 1 0 0 0 0 1 -4.371139E-08 0 0 4.371139E-08 1 0 2.793 2.500877 -0.04934703 1  
				<BoxCollider>: 1 -0.1410446 -0.01309419 -0.02531433 0.7179108 4.976114 0.3996277  
				<Children>: 0
			</Frame>
			<Frame>: 3 0 IndBuilding1_Wall_Mid_D_bb2
				<Transform>: 1.72 2.500877 -0.04934703 -2.504478E-06 0 0 1 1 1 -2.185569E-08 0 0 1  
				<TransformMatrix>: 1 0 0 0 0 1 -4.371139E-08 0 0 4.371139E-08 1 0 1.72 2.500877 -0.04934703 1  
				<BoxCollider>: 1 -0.2271385 1.597883 0.0027771 2.089859 1.754159 0.3279114  
				<Children>: 0
			</Frame>
	</Frame>
</Hierarchy>
