<Hierarchy>:
	<Frame>: 0 5 IndBuilding1_Top_Cor_A
		<Transform>: 0 0 0 0 0 0 1 1 1 0 0 0 1  
		<TransformMatrix>: 1 0 0 0 0 1 0 0 0 0 1 0 0 0 0 1  
		<Mesh>: 158 IndBuilding1_Top_Cor_A
			<Bounds>: 1.650128 0.6500003 -1.349999 1.650132 0.6500001 1.649999
			<Positions>: 158 3.299992 1.3 -2.999998 3.199992 2.20934E-07 -2.999998 3.299992 0.2 -2.999998 2.799992 2.384186E-07 -2.999998 2.799992 1.3 -2.999998 2.799992 0.9798644 -2.999998 2.799992 0.3949654 -2.999998 3.199992 1.3 -2.999998 3.199992 0.9798634 -2.999998 3.199992 0.3949654 -2.999998 2.799992 1.283994 -2.999998 3.299992 1.285494 -2.999998 3.199992 1.283994 -2.999998 3.292634 0.3949654 -2.999998 3.299992 0.3876078 -2.999998 3.299992 1.015193 -2.999998 3.294888 1.008332 -2.999998 2.827704 2.372072E-07 -2.999998 2.827704 1.3 -2.999998 2.827704 0.9798643 -2.999998 2.827704 0.3949654 -2.999998 2.827704 1.283994 -2.999998 2.800259 2.952111E-07 -0.2007366 3.295156 1.008333 0.2941587 3.292902 0.3949645 0.2919056 2.827972 1.3 -0.1730249 3.300261 1.3 0.2992631 3.200259 1.3 0.1992631 3.300261 1.285494 0.2992631 3.200259 0.9798644 0.1992631 2.827972 2.952111E-07 -0.1730247 3.300261 0.2000001 0.2992631 3.300261 1.015193 0.2992631 2.800259 1.283994 -0.2007366 3.200259 0.3949646 0.1992631 2.800259 1.3 -0.2007367 2.800259 0.9798644 -0.2007366 3.200259 2.952111E-07 0.1992632 3.300261 0.3876069 0.2992634 2.800259 0.3949647 -0.2007366 -3.814697E-06 1.3 0.300001 -3.814697E-06 2.296763E-07 0.200001 -3.814697E-06 0.2 0.300001 -3.814697E-06 2.296763E-07 -0.199999 -3.814697E-06 1.3 -0.199999 -3.814697E-06 0.9798644 -0.199999 -3.814697E-06 0.3949654 -0.199999 -3.814697E-06 1.3 0.200001 -3.814697E-06 0.9798634 0.200001 -3.814697E-06 0.3949654 0.200001 -3.814697E-06 1.283994 -0.199999 -3.814697E-06 1.285494 0.300001 -3.814697E-06 1.283994 0.200001 -3.814697E-06 0.3949654 0.2926433 -3.814697E-06 0.3876078 0.3000009 -3.814697E-06 1.015193 0.300001 -3.814697E-06 1.008332 0.2948965 -3.814697E-06 2.296763E-07 -0.172287 -3.814697E-06 1.3 -0.172287 -3.814697E-06 0.9798643 -0.172287 -3.814697E-06 0.3949654 -0.172287 -3.814697E-06 1.283994 -0.172287 2.800259 1.3 -0.2007367 2.799992 1.3 -2.999998 2.799992 1.283994 -2.999998 2.799992 1.3 -2.999998 2.827704 1.3 -2.999998 2.799992 0.3949654 -2.999998 2.799992 2.384186E-07 -2.999998 3.299992 1.3 -2.999998 3.199992 1.3 -2.999998 3.199992 0.3949654 -2.999998 3.292634 0.3949654 -2.999998 2.799992 0.9798644 -2.999998 3.299992 0.3876078 -2.999998 3.292634 0.3949654 -2.999998 3.292902 0.3949645 0.2919056 3.299992 0.2 -2.999998 3.299992 0.3876078 -2.999998 3.300261 0.3876069 0.2992634 3.200259 0.3949646 0.1992631 3.199992 0.3949654 -2.999998 3.199992 0.9798634 -2.999998 3.200259 0.9798644 0.1992631 3.199992 0.9798634 -2.999998 3.294888 1.008332 -2.999998 3.199992 2.20934E-07 -2.999998 3.199992 2.20934E-07 -2.999998 3.200259 2.952111E-07 0.1992632 2.827704 2.372072E-07 -2.999998 3.299992 1.285494 -2.999998 3.299992 1.3 -2.999998 3.300261 1.3 0.2992631 2.800259 2.952111E-07 -0.2007366 2.799992 2.384186E-07 -2.999998 3.295156 1.008333 0.2941587 3.294888 1.008332 -2.999998 3.299992 1.015193 -2.999998 3.299992 1.285494 -2.999998 3.300261 1.285494 0.2992631 3.292902 0.3949645 0.2919056 3.200259 0.3949646 0.1992631 2.827972 1.3 -0.1730249 2.800259 1.3 -0.2007367 2.800259 1.283994 -0.2007366 -3.814697E-06 1.3 -0.199999 2.800259 1.3 -0.2007367 2.800259 0.3949647 -0.2007366 -3.814697E-06 0.3949654 -0.199999 2.800259 0.9798644 -0.2007366 -3.814697E-06 1.3 -0.172287 -3.814697E-06 1.3 -0.199999 -3.814697E-06 1.283994 -0.199999 2.800259 2.952111E-07 -0.2007366 -3.814697E-06 2.296763E-07 -0.199999 -3.814697E-06 0.9798644 -0.199999 3.200259 1.3 0.1992631 -3.814697E-06 1.3 0.200001 -3.814697E-06 0.3949654 0.200001 -3.814697E-06 0.3949654 0.2926433 3.300261 0.3876069 0.2992634 3.292902 0.3949645 0.2919056 -3.814697E-06 0.3949654 0.2926433 -3.814697E-06 0.3876078 0.3000009 3.200259 0.9798644 0.1992631 -3.814697E-06 0.9798634 0.200001 -3.814697E-06 0.3949654 0.200001 3.200259 0.3949646 0.1992631 3.300261 1.015193 0.2992631 3.300261 1.285494 0.2992631 -3.814697E-06 1.285494 0.300001 -3.814697E-06 1.015193 0.300001 3.300261 1.3 0.2992631 -3.814697E-06 1.3 0.300001 -3.814697E-06 2.296763E-07 0.200001 -3.814697E-06 2.296763E-07 -0.172287 2.827972 2.952111E-07 -0.1730247 3.200259 2.952111E-07 0.1992632 3.200259 2.952111E-07 0.1992632 3.300261 0.2000001 0.2992631 -3.814697E-06 0.2 0.300001 -3.814697E-06 2.296763E-07 0.200001 3.300261 0.3876069 0.2992634 -3.814697E-06 0.3876078 0.3000009 3.300261 1.3 0.2992631 -3.814697E-06 1.3 0.300001 3.295156 1.008333 0.2941587 -3.814697E-06 1.008332 0.2948965 -3.814697E-06 0.9798634 0.200001 3.200259 0.9798644 0.1992631 3.295156 1.008333 0.2941587 -3.814697E-06 1.008332 0.2948965 -3.814697E-06 2.296763E-07 -0.199999 2.800259 2.952111E-07 -0.2007366 3.300261 1.015193 0.2992631 3.299992 1.015193 -2.999998 3.300261 1.015193 0.2992631 -3.814697E-06 1.015193 0.300001  
			<Colors>: 0  
			<TextureCoords0>: 158 0.3071289 0.2539063 0.2167969 0.2607422 0.2304688 0.2539063 0.2167969 0.2885742 0.2001953 0.2006836 0.284668 0.2885742 0.2441406 0.2885742 0.3071289 0.2607422 0.284668 0.2607422 0.6005859 0.6870117 0.6000977 0.234375 0.3056641 0.2539063 0.3056641 0.2607422 0.6005859 0.6962891 0.2436523 0.2539063 0.2875977 0.2539063 0.2866211 0.2543945 0.2167969 0.286646 0.2001953 0.2026367 0.284668 0.286646 0.2441406 0.286646 0.3056641 0.286646 0.3999023 0.3188477 0.402832 0.2529297 0.4023438 0.6962891 0.02978516 0.2026367 0.0009765625 0.2333984 0.007324219 0.2270508 0.2018609 0.234375 0.4086914 0.2548828 0.4296875 0.2026367 0.4023438 0.3066406 0.4023438 0.2524414 0.3999023 0.234375 0.4082031 0.6870117 0.03125 0.2006836 0.3999023 0.2548828 0.4086914 0.3188477 0.4023438 0.2944336 0.3999023 0.2939453 0.3071289 0.2539063 0.2167969 0.2607422 0.2304688 0.2539063 0.2167969 0.2885742 0.3999023 0.2006836 0.3999023 0.2548828 0.2441406 0.2885742 0.3071289 0.2607422 0.284668 0.2607422 0.3999023 0.6870117 0.3999023 0.2344726 0.3056641 0.2539063 0.3056641 0.2607422 0.3999023 0.6962891 0.2436523 0.2539063 0.2875977 0.2539063 0.2866211 0.2543945 0.2167969 0.286646 0.3999023 0.2025104 0.284668 0.286646 0.2441406 0.286646 0.3056641 0.286646 0.3999023 0.2333984 0.6000977 0.2333984 0.3056641 0.2885742 0.3071289 0.2885742 0.3071289 0.2866461 0.6000977 0.2939453 0.6000977 0.3188477 0.2001953 0.2333984 0.2001953 0.2270508 0.2441406 0.2607422 0.2441406 0.2543945 0.6000977 0.2548828 0.6005859 0.2944336 0.6005859 0.2939453 0.402832 0.2939453 0.6005859 0.3066406 0.6005859 0.2944336 0.4023438 0.2944336 0.4086914 0.2939453 0.6005859 0.2939453 0.6005859 0.2548828 0.4086914 0.2548828 0.6005859 0.2548828 0.6005859 0.2529297 0.6005859 0.3188477 0.6000977 0.2329102 0.4072266 0.2329102 0.6000977 0.2026367 0.3999023 0.234375 0.3999023 0.2333984 0.2018609 0.2333984 0.4311523 0.2001953 0.6000977 0.2001953 0.402832 0.2529297 0.6005859 0.2529297 0.6005859 0.2524414 0.6005859 0.234375 0.4023438 0.234375 0.2016963 0.6962891 0.2072722 0.6870117 0.2292618 0.2025104 0.2309339 0.2006836 0.2001953 0.234375 0.3999023 0.2333984 0.2001953 0.2333984 0.2001953 0.2939453 0.3999023 0.2939453 0.2001953 0.2548828 0.3071289 0.2866461 0.3071289 0.2885742 0.3056641 0.2885742 0.2001953 0.3188477 0.3999023 0.3188477 0.284668 0.2885742 0.2068001 0.2270508 0.3999023 0.2270508 0.2441406 0.2607422 0.2441406 0.2543945 0.2017402 0.2944244 0.2021821 0.2939453 0.3999023 0.2939453 0.3999023 0.2944244 0.2077443 0.2548828 0.3999023 0.2548828 0.3999023 0.2939453 0.2077443 0.2939453 0.2017402 0.2525709 0.2017402 0.234375 0.3999023 0.234375 0.3999023 0.2525709 0.2007665 0.2333984 0.3999023 0.2333984 0.4003906 0.2329102 0.4003906 0.2024618 0.2297501 0.2024618 0.2072884 0.2329102 0.2077443 0.3188477 0.2017402 0.3066406 0.3999023 0.3066406 0.3999023 0.3188477 0.2017402 0.2944244 0.3999023 0.2944244 0.2017402 0.2333984 0.3999023 0.2333984 0.2020467 0.2530294 0.3999023 0.2530294 0.3999023 0.2548828 0.2077443 0.2548828 0.2020467 0.2530294 0.3999023 0.2530294 0.4003906 0.2001953 0.2314222 0.2001953 0.4023438 0.2524414 0.6005859 0.2524414 0.2017402 0.2525709 0.3999023 0.2525709  
			<TextureCoords1>: 158 0.9590189 0.5826503 0.8200111 0.5933432 0.8413969 0.5826503 0.8200111 0.6361148 0.05737091 0.5047052 0.9247871 0.6361148 0.8622444 0.6361148 0.9590189 0.5933431 0.924787 0.5933431 0.01126483 0.9960938 0.00390627 0.01066279 0.9574677 0.5826503 0.9573073 0.5933431 0.004611033 0.9881678 0.8614576 0.5826503 0.9285647 0.5826503 0.9278311 0.583196 0.8200111 0.6331517 0.0544077 0.504705 0.9247871 0.6331517 0.8622444 0.6331517 0.9573074 0.6331516 0.303229 0.1479591 0.2584165 0.5086114 0.2705386 0.7652723 0.05440385 0.2024186 0.00390625 0.1519129 0.01459864 0.1626068 0.5412088 0.8352455 0.5166752 0.6973919 0.6630983 0.2024196 0.5412088 0.8890298 0.5412088 0.8641485 0.3032286 0.01066279 0.2705379 0.7780263 0.05736717 0.205382 0.3032288 0.04318303 0.5519026 0.9129395 0.2705384 0.763841 0.303229 0.1057259 0.8200111 0.6400212 0.9590189 0.650714 0.9376332 0.6400211 0.9590189 0.6934857 0.3567948 0.2053297 0.8161048 0.5887097 0.9167857 0.6934857 0.8200111 0.650714 0.854243 0.650714 0.5299437 0.9960938 0.8161048 0.5561894 0.8215623 0.6400211 0.8217227 0.650714 0.5365978 0.9881683 0.9175724 0.6400211 0.8504654 0.6400211 0.8511989 0.6405669 0.9590189 0.6905224 0.356795 0.2023665 0.854243 0.6905224 0.9167857 0.6905224 0.8217227 0.6905224 0.3032288 0.008951187 0.00390625 0.008951187 0.9573073 0.6361148 0.9590189 0.6361148 0.9590189 0.6331517 0.003906466 0.1057258 0.003906686 0.1479591 0.00390625 0.5047008 0.01459918 0.5047017 0.8622444 0.5933432 0.8622444 0.5834371 0.003906473 0.04318309 0.00390625 0.9873269 0.004611033 0.9881678 0.2705386 0.7652723 0.8939959 0.8890299 0.8939959 0.8689691 0.5412088 0.8689692 0.5166755 0.7599347 0.8587694 0.7599347 0.8587694 0.697392 0.2584165 0.5232812 0.5054408 0.7599347 0.512769 0.7522845 0.8939968 0.9129399 0.7028781 0.5047052 0.7029067 0.1626112 0.6630698 0.5047052 0.8939958 0.8352455 0.8939958 0.8336943 0.5412088 0.8336943 0.660135 0.2053831 0.6601065 0.5047052 0.5417547 0.8650628 0.8939959 0.8650628 0.8939958 0.8641485 0.8939958 0.8352455 0.5412088 0.8352455 0.2705386 0.7652723 0.2705379 0.7780263 0.05440385 0.2024186 0.05736717 0.205382 0.5166752 0.5561894 0.8161048 0.5544778 0.5166752 0.5544778 0.5166752 0.6512524 0.8161048 0.6512524 0.5166752 0.5887097 0.8200111 0.6905224 0.8200111 0.6934857 0.8217227 0.6934857 0.5166752 0.6934856 0.8161048 0.6934857 0.8542429 0.6934857 0.01459864 0.1626068 0.3567983 0.1625582 0.9167857 0.650714 0.9167857 0.6408079 0.2705384 0.763841 0.2705386 0.7652723 0.5365978 0.9881683 0.5373026 0.9873273 0.8834102 0.7672453 0.5412088 0.7672453 0.5412088 0.829788 0.8834101 0.829788 0.8941032 0.9473003 0.894103 0.9183974 0.5412088 0.9183973 0.541209 0.9473004 0.00390625 0.1519129 0.3567992 0.1518653 0.3607056 0.1625324 0.3607056 0.2023408 0.6630983 0.2024196 0.7029067 0.1626112 0.8834128 0.9960928 0.8941033 0.9721816 0.5412091 0.9721837 0.5412115 0.9960938 0.8941033 0.952121 0.5412088 0.952123 0.8941033 0.9168462 0.541209 0.9168462 0.2584165 0.5086114 0.00390625 0.7522841 0.01123426 0.7599347 0.2584165 0.5232812 0.8935575 0.9482148 0.5412089 0.9482148 0.3607054 0.205304 0.660135 0.2053831 0.5412088 0.8641485 0.8939958 0.8641485 0.8941032 0.9473003 0.541209 0.9473004  
			<Normals>: 158 0 0 -1 0 0 -1 0 0 -1 0 0 -1 0 1 0 0 0 -1 0 0 -1 0 0 -1 0 0 -1 0 1 0 -1 0 9.155553E-05 0 0 -1 0 0 -1 0 1 0 0 0 -1 0 0 -1 0 0 -1 0 0 -1 0 1 0 0 0 -1 0 0 -1 0 0 -1 -1 0 9.155553E-05 0.2873339 -0.9578304 0 0 1 0 0 1 0 0 1 0 0 1 0 1 0 -6.103702E-05 1 0 -6.103702E-05 0 -1 0 0.9809812 -0.1941026 -6.103856E-05 0.8023196 -0.5968948 -6.103842E-05 -1 0 9.155553E-05 0 1 0 0 1 0 -1 0 9.155553E-05 0.8944333 -0.4472014 -6.103888E-05 0.7071068 0.7071068 -3.051952E-05 -1 0 9.155553E-05 -1 0 0 -1 0 0 -1 0 0 -1 0 0 0 1 0 -0.0002441481 0 -1 -1 0 0 -1 0 0 -1 0 0 0 1 0 -0.0002441481 0 -1 -1 0 0 -1 0 0 0 1 0 -1 0 0 -1 0 0 -1 0 0 -1 0 0 0 1 0 -1 0 0 -1 0 0 -1 0 0 -1 0 9.155553E-05 -1 0 9.155553E-05 0 0 -1 0 0 -1 0 0 -1 -1 0 9.155553E-05 -1 0 9.155553E-05 0 1 0 0 1 0 0 0 -1 0 0 -1 -1 0 9.155553E-05 0.7071068 0.7071068 -3.051952E-05 0.7071068 0.7071068 -3.051952E-05 0.7071068 0.7071068 -3.051952E-05 0.9732504 -0.2297469 -6.103797E-05 1 0 -6.103702E-05 1 0 -6.103702E-05 1 0 -6.103702E-05 1 0 -6.103702E-05 1 0 -6.103702E-05 0.2873339 -0.9578304 0 0.2873339 -0.9578304 0 0.2873339 -0.9578304 0 0.8944333 -0.4472014 -6.103888E-05 0 -1 0 0 -1 0 0 -1 0 1 0 -6.103702E-05 1 0 -6.103702E-05 1 0 -6.103702E-05 0 -1 0 0 -1 0 0.8023196 -0.5968948 -6.103842E-05 0.8023196 -0.5968948 -6.103842E-05 0.8023196 -0.5968948 -6.103842E-05 1 0 -6.103702E-05 1 0 -6.103702E-05 0 1 0 0 1 0 0 1 0 0 1 0 -0.0002441481 0 -1 -0.0002441481 0 -1 -0.0002441555 0 -1 -0.0002441555 0 -1 -0.0002441481 0 -1 -0.0002441555 0 -1 -1 0 0 -1 0 0 -1 0 0 -0.0002441481 0 -1 -0.0002441555 0 -1 -1 0 0 0 1 0 0 1 0 -1 0 0 -1 0 0 0.0001525943 0.7071525 0.707061 0.0001525943 0.7071525 0.707061 0.0001525943 0.7071525 0.707061 0.0001525943 0.7071525 0.707061 0.0002136361 0 1 0.0002136361 0 1 0.0002136361 0 1 0.0002136361 0 1 0.0002136361 0 1 0.0002136296 0 1 0.0002136296 0 1 0.0002136361 0 1 0 1 0 0 1 0 0 -1 0 0 -1 0 0 -1 0 0 -1 0 0.0001831117 -0.4472502 0.8944089 0.0002136337 -0.194132 0.9809754 0.0002136329 -0.2297469 0.9732503 0.0001831117 -0.4472502 0.8944089 0.0002136361 0 1 0.0002136361 0 1 0.0002136361 0 1 0.0002136361 0 1 6.103801E-05 -0.9578388 0.2873059 6.103801E-05 -0.9578388 0.2873059 6.103801E-05 -0.9578388 0.2873059 6.103801E-05 -0.9578388 0.2873059 0.0001525952 -0.596983 0.802254 0.0001525952 -0.596983 0.802254 0 -1 0 0 -1 0 1 0 -6.103702E-05 1 0 -6.103702E-05 0.0001525952 -0.596983 0.802254 0.0001525952 -0.596983 0.802254  
			<Tangents>: 158 0 1 0 0 1 0 -9.976992E-05 1 0 0 1 0 -9.462933E-05 0 -1 2.675349E-07 1 0 0 1 0 0 1 0 0 1 0 -8.137248E-05 0 -1 -9.155553E-05 -2.366117E-08 -1 -0.006811735 0.9999768 0 -0.001056536 0.9999995 0 -8.133411E-05 0 -1 0 1 0 0 1 0 -0.001314244 0.9999992 0 0 1 0 -8.495826E-05 0 -1 1.746263E-08 1 0 0 1 0 3.409592E-06 1 0 -9.155553E-05 2.406008E-07 -1 -7.665314E-05 -2.299472E-05 -1 -8.345894E-05 0 -1 -9.463917E-05 0 -1 -8.345389E-05 0 -1 -8.850806E-05 0 -1 -6.103702E-05 0 -1 -6.103702E-05 1.964889E-07 -1 -8.433415E-05 0 -1 -6.291788E-05 -3.517214E-06 -1 -7.797241E-05 -2.547141E-06 -1 -9.155553E-05 -4.065731E-08 -1 -8.35403E-05 0 -1 -9.513708E-05 0 -1 -9.155553E-05 -4.208094E-08 -1 -7.089376E-05 -5.301527E-06 -1 -6.238346E-05 1.922233E-05 -1 -9.155553E-05 1.023388E-07 -1 0 1 0 0 1 0 0 1 -2.984394E-08 0 1 0 -0.9999999 0 0.0002609356 -0.9999999 1.40878E-07 0.0002441481 0 1 0 0 1 0 0 1 0 -1 0 0.0002241224 -0.9999999 5.992539E-05 0.0002441481 0 1 0 0 1 -2.634469E-05 -1 0 0.000224008 0 0.9999999 -0.000461363 0 0.9994354 -0.03359775 0 0.9999856 -0.005358937 0 1 0 -1 0 0.0002343382 0 1 0 0 1 0 0 1 3.409594E-06 -9.155553E-05 0 -1 -9.155553E-05 -4.243095E-08 -1 4.239222E-08 1 0 1.784576E-05 1 0 5.215433E-05 1 0 -9.155553E-05 1.645948E-07 -1 -9.155553E-05 -2.028841E-08 -1 -8.136952E-05 0 -1 -8.308958E-05 0 -1 -3.833573E-05 1 0 -0.001146654 0.9999993 0 -9.155553E-05 1.406533E-07 -1 -6.23963E-05 1.923518E-05 -1 -6.239627E-05 1.923515E-05 -1 -6.238341E-05 1.922229E-05 -1 -6.375967E-05 -4.422963E-06 -1 -6.103702E-05 -1.66464E-08 -1 -6.103702E-05 2.619578E-07 -1 -6.103702E-05 2.608305E-07 -1 -6.103702E-05 -2.337502E-07 -1 -6.103702E-05 -2.98092E-07 -1 -7.672518E-05 -2.301633E-05 -1 -7.488186E-05 -2.246336E-05 -1 -7.484695E-05 -2.245289E-05 -1 -7.131165E-05 -6.137332E-06 -1 -9.359176E-05 0 -1 -8.354029E-05 0 -1 -9.467002E-05 0 -1 -6.103702E-05 0 -1 -6.103702E-05 0 -1 -6.103702E-05 0 -1 -9.462865E-05 0 -1 -9.522225E-05 0 -1 -7.810141E-05 -2.720525E-06 -1 -7.814649E-05 -2.781121E-06 -1 -7.810254E-05 -2.72204E-06 -1 -6.103702E-05 -2.740143E-07 -1 -6.103702E-05 0 -1 -1 0 0.0002303393 -1 0 0.0002305812 -0.9999999 0 0.0002609796 -0.9999999 0 0.0002634331 -0.9999998 0.0004935954 0.000244148 -0.9999998 0.0005177762 0.000244148 -0.9999999 0 0.0002441555 -0.9999999 1.022936E-07 0.0002441555 -0.9999999 1.634255E-07 0.0002441481 -0.9999999 0.0001657189 0.0002441555 0 1 5.215436E-05 0 1 1.784577E-05 0 1 0 -0.9999999 2.402453E-07 0.0002441481 -0.9999999 -2.34031E-08 0.0002441555 0 1 0 -0.9999999 0 0.0002442153 -1 0 0.0002291312 0 1 -2.440599E-06 0 0.9995062 -0.03142145 -1 -3.959946E-06 0.0002197754 -1 -3.9608E-06 0.0002197762 -1 -3.702864E-06 0.0002195183 -1 -3.702347E-06 0.0002195177 -1 1.96447E-07 0.0002136361 -1 -2.979987E-07 0.0002136361 -1 -2.336967E-07 0.0002136361 -1 2.607489E-07 0.0002136361 -1 -1.94978E-08 0.0002136361 -1 0 0.0002136296 -1 -2.599825E-07 0.0002136296 -1 -2.8898E-07 0.0002136361 -1 0 0.0002303024 -1 0 0.0002235627 -0.9999999 0 0.0002579998 -0.9999999 0 0.0002610002 -1 0 0.0002326622 -1 0 0.0002305439 -1 7.610823E-06 0.000208535 -1 1.223872E-06 0.000218019 -1 1.620519E-06 0.0002198871 -1 1.031012E-05 0.0002098848 -1 2.618782E-07 0.0002136361 -1 -1.229259E-08 0.0002136361 -1 0 0.0002136361 -1 0 0.0002136361 -1 4.894972E-06 0.0002287688 -1 3.134646E-06 0.0002229001 -1 3.168685E-06 0.0002230135 -1 4.96508E-06 0.0002290025 -1 1.578883E-05 0.0002019571 -1 1.596285E-05 0.0002020866 -0.9999999 0 0.0002633906 -0.9999999 0 0.0002608464 -6.103702E-05 -1.982598E-08 -1 -6.103702E-05 -2.890687E-07 -1 -1 1.596205E-05 0.000202086 -1 1.579288E-05 0.0002019601  
			<BiTangents>: 158 1 0 0 1 0 0 1 9.976992E-05 0 1 0 0 -1 0 9.462933E-05 1 -2.675349E-07 0 1 0 0 1 0 0 1 0 0 -1 0 8.137248E-05 -2.166311E-12 1 -2.366117E-08 0.9999768 0.006811735 0 0.9999995 0.001056536 0 -1 0 8.133411E-05 1 0 0 1 0 0 0.9999992 0.001314244 0 1 0 0 -1 0 8.495826E-05 1 -1.746263E-08 0 1 0 0 1 -3.409592E-06 0 2.202833E-11 1 2.406008E-07 0.9578305 0.2873339 -8.002788E-05 -1 0 8.345894E-05 -1 0 9.463917E-05 -1 0 8.345389E-05 -1 0 8.850806E-05 0 1 0 1.199309E-11 1 1.964889E-07 -1 0 8.433415E-05 0.1941026 0.9809812 -1.566285E-05 0.5968947 0.8023195 -4.858494E-05 -3.722401E-12 1 -4.065731E-08 -1 0 8.35403E-05 -1 0 9.513708E-05 -3.852743E-12 1 -4.208094E-08 0.4472014 0.8944333 -3.644565E-05 -0.7071068 0.7071068 5.770401E-05 9.369685E-12 1 1.023388E-07 0 0 1 0 0 1 0 2.984394E-08 1 0 0 1 -0.0002609356 0 -0.9999999 1.40878E-07 1 -3.439509E-11 0 0 1 0 0 1 0 0 1 -0.0002241224 0 -1 5.992539E-05 1 -1.463067E-08 0 0 1 0 2.634469E-05 1 -0.000224008 0 -1 0 0.000461363 0.9999999 0 0.03359775 0.9994354 0 0.005358937 0.9999856 0 0 1 -0.0002343382 0 -1 0 0 1 0 0 1 0 -3.409594E-06 1 0 1 0 -3.884788E-12 1 -4.243095E-08 1 -4.239222E-08 0 1 -1.784576E-05 0 1 -5.215433E-05 0 1.506957E-11 1 1.645948E-07 -1.857516E-12 1 -2.028841E-08 -1 0 8.136952E-05 -1 0 8.308958E-05 1 3.833573E-05 0 0.9999993 0.001146654 0 1.287758E-11 1 1.406533E-07 -0.7071068 0.7071068 5.772217E-05 -0.7071068 0.7071068 5.772213E-05 -0.7071068 0.7071068 5.770395E-05 0.2297469 0.9732504 -1.895324E-05 -1.016047E-12 1 -1.66464E-08 1.598912E-11 1 2.619578E-07 1.592032E-11 1 2.608305E-07 -1.426742E-11 1 -2.337502E-07 -1.819465E-11 1 -2.98092E-07 0.9578305 0.2873339 -8.01031E-05 0.9578305 0.2873339 -7.817861E-05 0.9578305 0.2873339 -7.814217E-05 0.4472014 0.8944333 -3.73801E-05 -1 0 9.359176E-05 -1 0 8.354029E-05 -1 0 9.467002E-05 0 1 0 0 1 0 0 1 0 -1 0 9.462865E-05 -1 0 9.522225E-05 0.5968947 0.8023195 -4.880105E-05 0.5968947 0.8023195 -4.887658E-05 0.5968947 0.8023195 -4.880294E-05 -1.672501E-11 1 -2.740143E-07 0 1 0 -0.0002303393 0 -1 -0.0002305812 0 -1 -0.0002609796 0 -0.9999999 -0.0002634331 0 -0.9999999 0.0004935954 0.9999999 -1.205104E-07 0.0005177762 0.9999999 -1.264141E-07 0 1 0 1.022936E-07 1 -2.497555E-11 1.634255E-07 1 -3.990002E-11 0.0001657189 1 -4.046118E-08 0 -5.215436E-05 1 0 -1.784577E-05 1 0 0 1 2.402453E-07 1 -5.865542E-11 -2.34031E-08 1 5.713996E-12 0 0 1 -0.0002442153 0 -0.9999999 -0.0002291312 0 -1 0 2.440599E-06 1 0 0.03142145 0.9995062 -0.0001582146 0.7070611 -0.7071525 -0.0001582158 0.7070611 -0.7071525 -0.000157851 0.7070611 -0.7071525 -0.0001578503 0.7070611 -0.7071525 1.96447E-07 1 -4.196818E-11 -2.979987E-07 1 6.366328E-11 -2.336967E-07 1 4.992605E-11 2.607489E-07 1 -5.570537E-11 -1.94978E-08 1 4.165434E-12 0 1 0 -2.599825E-07 1 5.553994E-11 -2.8898E-07 1 6.173656E-11 -0.0002303024 0 -1 -0.0002235627 0 -1 -0.0002579998 0 -0.9999999 -0.0002610002 0 -0.9999999 -0.0002326622 0 -1 -0.0002305439 0 -1 0.0001000745 0.8944088 0.4472502 4.352505E-05 0.9809754 0.194132 5.209555E-05 0.9732504 0.2297469 0.0001030925 0.8944088 0.4472502 2.618782E-07 1 -5.594663E-11 -1.229259E-08 1 2.626141E-12 0 1 0 0 1 0 0.00022053 0.2873059 0.9578389 0.0002144029 0.2873059 0.9578389 0.0002145214 0.2873059 0.9578389 0.000220774 0.2873059 0.9578389 0.0001332316 0.8022539 0.5969829 0.0001334485 0.8022539 0.5969829 -0.0002633906 0 -0.9999999 -0.0002608464 0 -0.9999999 -1.210119E-12 1 -1.982598E-08 -1.764389E-11 1 -2.890687E-07 0.0001334475 0.8022539 0.5969829 0.0001332366 0.8022539 0.5969829  
			<SubMeshes>: 1
				<SubMesh>: 0 360 9 34 24 9 24 13 25 18 4 25 4 35 33 62 63 33 63 10 17 3 6 17 6 20 21 64 65 21 65 66 22 39 67 22 67 68 20 6 5 20 5 19 16 8 12 12 11 16 11 15 16 11 12 7 11 7 0 26 69 70 26 70 27 2 1 71 71 72 2 72 14 2 19 5 64 19 64 21 36 33 10 36 10 73 38 74 75 38 75 76 31 77 78 31 78 79 8 19 21 8 21 12 71 20 19 71 19 8 12 21 66 12 66 7 1 17 20 1 20 71 27 70 18 27 18 25 39 36 73 39 73 67 29 80 81 29 81 82 23 83 84 23 84 85 37 86 77 37 77 31 87 88 30 87 30 89 28 90 91 28 91 92 89 30 93 89 93 94 95 96 97 95 97 32 154 155 98 154 98 99 49 53 100 49 100 101 102 103 44 102 44 58 104 50 105 104 105 106 57 60 46 57 46 43 107 108 45 107 45 109 61 110 111 61 111 112 113 114 108 113 108 107 60 59 115 60 115 46 52 48 56 56 55 52 55 51 52 51 40 47 51 47 52 116 102 58 116 58 117 118 41 42 42 54 118 54 119 118 59 61 112 59 112 115 109 45 50 109 50 104 120 121 122 120 122 123 124 125 126 124 126 127 48 52 61 48 61 59 118 48 59 118 59 60 52 47 110 52 110 61 41 118 60 41 60 57 128 129 130 128 130 131 132 116 117 132 117 133 134 135 136 134 136 137 138 139 140 138 140 141 139 142 143 139 143 140 129 144 145 129 145 130 146 147 148 146 148 149 150 156 157 150 157 151 135 152 153 135 153 136  
		</Mesh>
		<Materials>: 1
			<Material>: 0
				<AlbedoColor>: 1 1 1 1
				<EmissiveColor>: 0 0 0 0
				<Glossiness>: 0.04
				<Metallic>: 0
				<SpecularHighlight>: 1
				<GlossyReflection>: 1
				<AlbedoMap>: BLD_IndBuilding1_A
				<MetallicMap>: BLD_IndBuilding1_MS
				<NormalMap>: BLD_IndBuilding1_N
				<EmissionMap>: null
				<DetailAlbedoMap>: DET_Concrete1_A
				<DetailNormalMap>: DET_Concrete1_N
		</Materials>
		<Children>: 2
			<Frame>: 1 0 IndBuilding1_Top_Cor_A_bb
				<Transform>: 2.786 0.6500005 -1.349998 -2.504478E-06 0 0 1 1 1 -2.185569E-08 0 0 1  
				<TransformMatrix>: 1 0 0 0 0 1 -4.371139E-08 0 0 4.371139E-08 1 0 2.786 0.6500005 -1.349998 1  
				<BoxCollider>: 1 0.2567368 0 -0.003017426 0.4865265 1 3.301582  
				<Children>: 0
			</Frame>
			<Frame>: 2 0 IndBuilding1_Top_Cor_A_bb1
				<Transform>: 1.649 0.65 0.299 0 90 0 1 1 1 0 0.7071068 0 0.7071068  
				<TransformMatrix>: -1.192093E-07 0 -1 0 0 1 0 0 1 0 -1.192093E-07 0 1.649 0.65 0.299 1  
				<BoxCollider>: 1 0.2567368 0 -0.003017426 0.4865265 1 3.301582  
				<Children>: 0
			</Frame>
	</Frame>
</Hierarchy>
