<Hierarchy>:
	<Frame>: 0 5 IndBuilding1_Roof_Mid_A_4x
		<Transform>: 0 0 0 0 0 0 1 1 1 0 0 0 1  
		<TransformMatrix>: 1 0 0 0 0 1 0 0 0 0 1 0 0 0 0 1  
		<BoxCollider>: 1 3 -0.09500019 2.999999 6 0.2100006 6.000001  
		<Mesh>: 192 IndBuilding1_Roof_Mid_A_4x
			<Bounds>: 3 -0.09500019 2.999999 3 0.1050003 3
			<Positions>: 192 0 -0.1999997 5.999999 2.856596 -0.1999998 3.143403 2.856596 -0.1999997 5.856596 0.1434035 -0.1999998 3.143403 0.1434035 -0.1999997 5.856596 0 0.01000012 5.999999 0 -0.2 2.999999 0 0.009999985 2.999999 2.861497 0.01000011 5.861496 2.861497 0.009999991 3.138502 0.1385033 0.009999991 3.138502 0.1385033 0.01000011 5.861496 3 -0.1999997 5.999999 5.856596 -0.1999998 3.143403 5.856596 -0.1999997 5.856596 3.143404 -0.1999998 3.143403 3.143404 -0.1999997 5.856596 6 -0.1999999 5.999999 6 0.01000012 5.999999 3 0.01000012 5.999999 5.861497 0.01000011 5.861496 5.861497 0.009999991 3.138502 3.138503 0.009999991 3.138502 3.138503 0.01000011 5.861496 3 -0.2000002 2.999998 5.856596 -0.2000003 0.1434015 5.856596 -0.2000002 2.856595 3.143404 -0.2000003 0.1434016 3.143404 -0.2000002 2.856595 6 -0.2000003 2.999998 6 0.009999639 2.999998 6 -0.2000005 -1.988013E-06 6 0.009999508 -1.997193E-06 3 0.009999639 2.999998 3 -0.2000005 -1.898606E-06 3 0.009999508 -1.907786E-06 5.861497 0.009999633 2.861495 5.861497 0.009999515 0.1385013 3.138503 0.009999515 0.1385014 3.138503 0.009999633 2.861495 2.856596 -0.1999998 0.1434035 2.856596 -0.1999997 2.856596 0.1434035 -0.1999998 0.1434035 0.1434035 -0.1999997 2.856596 0 -0.2 8.742278E-09 0 0.009999985 -4.371132E-10 2.861497 0.01000011 2.861497 2.861497 0.009999991 0.1385033 0.1385033 0.009999991 0.1385033 0.1385033 0.01000011 2.861497 0.1385033 0.009999991 3.138502 0 0.01000012 5.999999 0.1385033 0.01000011 5.861496 0.1434035 -0.1999997 5.856596 0 -0.1999997 5.999999 0.1434035 -0.1999998 3.143403 0 0.009999985 2.999999 0 -0.2 2.999999 0 -0.1999997 5.999999 0 0.01000012 5.999999 2.856596 -0.1999997 5.856596 3 -0.1999997 5.999999 0 -0.1999997 5.999999 0.1434035 -0.1999997 5.856596 3.138503 0.01000011 5.861496 3 0.01000012 5.999999 6 0.01000012 5.999999 5.861497 0.01000011 5.861496 5.856596 -0.1999997 5.856596 6 -0.1999999 5.999999 3 -0.1999997 5.999999 3.143404 -0.1999997 5.856596 0.1434035 -0.1999998 3.143403 2.856596 -0.1999998 3.143403 3 0.01000012 5.999999 3 -0.1999997 5.999999 6 -0.1999999 5.999999 6 0.01000012 5.999999 6 0.009999639 2.999998 6 -0.2000003 2.999998 6 0.009999508 -1.997193E-06 6 -0.2000005 -1.988013E-06 5.861497 0.009999633 2.861495 6 0.009999639 2.999998 6 0.009999508 -1.997193E-06 5.861497 0.009999515 0.1385013 5.861497 0.009999515 0.1385013 6 0.009999508 -1.997193E-06 3 0.009999508 -1.907786E-06 3.138503 0.009999515 0.1385014 3.138503 0.009999633 2.861495 3.138503 0.009999633 2.861495 3 0.009999639 2.999998 6 0.009999639 2.999998 5.861497 0.009999633 2.861495 5.856596 -0.2000003 0.1434015 6 -0.2000005 -1.988013E-06 6 -0.2000003 2.999998 5.856596 -0.2000002 2.856595 3.143404 -0.2000003 0.1434016 3 -0.2000005 -1.898606E-06 6 -0.2000005 -1.988013E-06 5.856596 -0.2000003 0.1434015 3.143404 -0.2000002 2.856595 3.143404 -0.2000003 0.1434016 3 -0.2000002 2.999998 3.143404 -0.2000002 2.856595 2.856596 -0.1999998 3.143403 0.1385033 0.01000011 5.861496 0 0.01000012 5.999999 3 0.01000012 5.999999 2.861497 0.01000011 5.861496 2.861497 0.009999991 3.138502 2.861497 0.01000011 5.861496 3 0.01000012 5.999999 3 0.009999639 2.999998 2.861497 0.009999991 3.138502 5.861497 0.01000011 5.861496 6 0.01000012 5.999999 5.861497 0.009999991 3.138502 5.861497 0.009999991 3.138502 6 0.009999639 2.999998 3.138503 0.009999991 3.138502 3.138503 0.01000011 5.861496 5.856596 -0.1999998 3.143403 6 -0.2000003 2.999998 3.143404 -0.1999998 3.143403 5.856596 -0.1999998 3.143403 3.143404 -0.1999997 5.856596 3.143404 -0.1999998 3.143403 3 0.009999508 -1.907786E-06 3 -0.2000005 -1.898606E-06 2.861497 0.01000011 2.861497 2.861497 0.009999991 0.1385033 2.861497 0.009999991 0.1385033 3 0.009999508 -1.907786E-06 0 0.009999985 -4.371132E-10 0.1385033 0.009999991 0.1385033 0 0.009999985 2.999999 0.1385033 0.01000011 2.861497 0.1385033 0.01000011 2.861497 0 0.009999985 2.999999 2.861497 0.01000011 2.861497 2.856596 -0.1999998 0.1434035 2.856596 -0.1999997 2.856596 0.1434035 -0.1999998 0.1434035 0 -0.2 8.742278E-09 3 -0.2000005 -1.898606E-06 2.856596 -0.1999998 0.1434035 0.1434035 -0.1999997 2.856596 0 -0.2 2.999999 0.1434035 -0.1999998 0.1434035 0.1434035 -0.1999997 2.856596 0 0.009999985 -4.371132E-10 0 -0.2 8.742278E-09 0 -0.2 2.999999 0 0.009999985 2.999999 0 -0.2 2.999999 3.138503 0.009999515 0.1385014 3 0.009999508 -1.907786E-06 3 -0.2000002 2.999998 3 -0.2000005 -1.898606E-06 5.856596 -0.2000002 2.856595 6 -0.2000003 2.999998 3 -0.2000002 2.999998 3 -0.1999997 5.999999 2.856596 -0.1999997 5.856596 3 0.009999639 2.999998 0 0.009999985 2.999999 0.1385033 0.009999991 3.138502 6 0.009999639 2.999998 3 0.009999639 2.999998 3.138503 0.009999991 3.138502 3 0.009999639 2.999998 3 0.01000012 5.999999 6 -0.1999999 5.999999 5.856596 -0.1999997 5.856596 3 -0.2000002 2.999998 6 -0.2000003 2.999998 3 -0.1999997 5.999999 3 -0.2000002 2.999998 3 0.009999639 2.999998 3 0.009999508 -1.907786E-06 0.1385033 0.009999991 0.1385033 0 0.009999985 -4.371132E-10 3 0.009999639 2.999998 3 -0.2000005 -1.898606E-06 3 -0.2000002 2.999998 0 -0.2 8.742278E-09 2.856596 -0.1999997 2.856596 3 -0.2000002 2.999998 0 -0.2 2.999999  
			<Colors>: 0  
			<TextureCoords0>: 192 0.2001953 0.2338867 0.6010742 0.0004882813 0.6010742 0.1992188 0.7993164 0.0004882813 0.7993164 0.1992188 0.2001953 0.253418 0.4008789 0.2333984 0.847168 0.002929688 0.9916992 0.1992188 0.9916992 0.001464844 0.8144531 0.001464844 0.8144531 0.1992188 0.3994141 0.2338867 0.6010742 0.1987305 0.6010742 0 0.7993164 0.1987305 0.7993164 0 0.3994141 0.253418 0.3994141 0.2338867 0.3994141 0.253418 0.8071289 0.1992188 0.8071289 0.001464844 0.9833984 0.001464844 0.9833984 0.1992188 0 0.2333984 0.6010742 0.0004882813 0.6010742 0.1992188 0.7993164 0.0004882813 0.7993164 0.1992188 0.2001953 0.253418 0.2001953 0.2338867 0.2001953 0.253418 0.2001953 0.2338867 0.847168 0.1982422 0.3994141 0.2338867 0.3994141 0.253418 0.9916992 0.1992188 0.9916992 0.001464844 0.8144531 0.001464844 0.8144531 0.1992188 0.6010742 0.1987305 0.6010742 0 0.7993164 0.1987305 0.7993164 0 0.3994141 0.2338867 0.3994141 0.253418 0.8071289 0.1992188 0.8071289 0.001464844 0.9833984 0.001464844 0.9833984 0.1992188 0.8554688 0.01171875 0.847168 0.1982422 0.8554688 0.1889648 0.02050781 0.2524414 0.0004882813 0.2333984 0.3823242 0.2524414 0.3994141 0.2338867 0.3994141 0.253418 0.2001953 0.253418 0.2001953 0.2338867 0.01953125 0.2529297 0 0.2333984 0.4008789 0.2333984 0.3837891 0.2529297 0.8554688 0.1777344 0.847168 0.1865234 0.847168 0.002929688 0.8554688 0.01123047 0.01953125 0.2529297 0 0.2333984 0.4008789 0.2333984 0.3837891 0.2529297 0.3837891 0.2529297 0.01953125 0.2529297 0.2001953 0.253418 0.2001953 0.2338867 0.3994141 0.2338867 0.3994141 0.253418 0.3994141 0.2338867 0.3994141 0.253418 0.2001953 0.253418 0.2001953 0.2338867 0.8554688 0.1889648 0.847168 0.1982422 0.847168 0.002929688 0.8554688 0.01171875 0.8554688 0.1777344 0.847168 0.1865234 0.847168 0.002929688 0.8554688 0.01123047 0.8554688 0.1889648 0.8554688 0.1777344 0.847168 0.1865234 0.847168 0.002929688 0.8554688 0.01123047 0.3837891 0.2529297 0.4008789 0.2333984 0.0004882813 0.2333984 0.02050781 0.2529297 0.3837891 0.2529297 0.4008789 0.2333984 0 0.2333984 0.01953125 0.2529297 0.02050781 0.2524414 0.3823242 0.2524414 0.4008789 0.2333984 0.3837891 0.2529297 0.3837891 0.2529297 0.8554688 0.1777344 0.847168 0.1865234 0.847168 0.002929688 0.8554688 0.01123047 0.8554688 0.1777344 0.8554688 0.1889648 0.847168 0.1982422 0.847168 0.002929688 0.8554688 0.01171875 0.8554688 0.1889648 0.847168 0.1982422 0.8554688 0.01171875 0.8554688 0.1777344 0.847168 0.1865234 0.8554688 0.01123047 0.8554688 0.1889648 0.3837891 0.2529297 0.4008789 0.2333984 0.3837891 0.2529297 0.01953125 0.2529297 0.02050781 0.2524414 0.3823242 0.2524414 0.2001953 0.253418 0.2001953 0.2338867 0.8554688 0.1889648 0.8554688 0.01171875 0.8554688 0.1777344 0.847168 0.1865234 0.847168 0.002929688 0.8554688 0.01123047 0.847168 0.1982422 0.8554688 0.1889648 0.8554688 0.1777344 0.847168 0.1865234 0.8554688 0.01123047 0.3837891 0.2529297 0.02050781 0.2529297 0.3837891 0.2529297 0.4008789 0.2333984 0 0.2333984 0.01953125 0.2529297 0.02050781 0.2524414 0.0004882813 0.2333984 0.3823242 0.2524414 0.3837891 0.2529297 0.3994141 0.2338867 0.3994141 0.253418 0.2001953 0.253418 0.2001953 0.2338867 0.4008789 0.2333984 0.8554688 0.01171875 0.847168 0.002929688 0.0004882813 0.2333984 0.4008789 0.2333984 0.01953125 0.2529297 0 0.2333984 0.4008789 0.2333984 0.0004882813 0.2333984 0.02050781 0.2529297 0.847168 0.1865234 0.847168 0.002929688 0.8554688 0.01123047 0.847168 0.002929688 0.847168 0.002929688 0.8554688 0.01171875 0.847168 0.002929688 0.847168 0.1982422 0.0004882813 0.2333984 0.02050781 0.2529297 0.4008789 0.2333984 0 0.2333984 0.0004882813 0.2333984 0.4008789 0.2333984 0.847168 0.1982422 0.847168 0.002929688 0.8554688 0.01171875 0.847168 0.002929688 0.847168 0.002929688 0.4008789 0.2333984 0.0004882813 0.2333984 0.4008789 0.2333984 0.01953125 0.2529297 0 0.2333984 0.4008789 0.2333984  
			<TextureCoords1>: 192 0.003906284 0.4654363 0.723702 0.7651919 0.5043915 0.7651917 0.7237019 0.9845019 0.5043914 0.9845017 0.00390625 0.4484618 0.7352934 0.9960934 0.2464 0.9960935 0.4776977 0.7647953 0.2575951 0.7647957 0.2575954 0.9848979 0.4776981 0.9848977 0.2463994 0.4654378 0.7237017 0.5226986 0.5043918 0.5226986 0.7237019 0.7420088 0.5043916 0.7420086 0.00390625 0.5072007 0.003906315 0.4902262 0.2463994 0.4484633 0.4776976 0.5223025 0.2575951 0.5223023 0.2575952 0.7424047 0.4776974 0.7424046 0.7352934 0.7536002 0.9661955 0.5226986 0.7468849 0.5226985 0.9661954 0.7420089 0.7468849 0.7420087 0.2463996 0.5072007 0.2463997 0.4902262 0.4888929 0.5072007 0.488893 0.4902262 0.2463996 0.7536002 0.2463996 0.4863185 0.2463996 0.469344 0.2352043 0.5223026 0.01510163 0.5223025 0.01510174 0.7424048 0.2352043 0.7424048 0.9661952 0.765192 0.746885 0.7651916 0.9661949 0.9845023 0.7468848 0.984502 0.4888927 0.4863199 0.4888927 0.4693454 0.2352043 0.7647955 0.01510202 0.7647956 0.01510205 0.9848982 0.2352046 0.9848982 0.2575954 0.9848979 0.4888936 0.996093 0.4776981 0.9848977 0.5043914 0.9845017 0.4927999 0.9960933 0.7237019 0.9845019 0.2463994 0.4275811 0.2463995 0.4445556 0.4888927 0.4445556 0.4888925 0.4275811 0.5043915 0.7651917 0.4928001 0.7536002 0.4927999 0.9960933 0.5043914 0.9845017 0.4776974 0.7424046 0.488893 0.7536 0.4888929 0.5111072 0.4776976 0.5223025 0.5043918 0.5226986 0.4928003 0.5111072 0.4928001 0.7536002 0.5043916 0.7420086 0.7237019 0.9845019 0.723702 0.7651919 0.2463994 0.4484633 0.2463994 0.4654378 0.4888927 0.4654363 0.4888927 0.4484618 0.2463997 0.4902262 0.2463996 0.5072007 0.00390625 0.4693454 0.003906284 0.48632 0.2352043 0.5223026 0.2463997 0.511107 0.00390625 0.5111072 0.01510163 0.5223025 0.01510163 0.5223025 0.00390625 0.5111072 0.003906416 0.7536002 0.01510174 0.7424048 0.2352043 0.7424048 0.2352043 0.7424048 0.2463996 0.7536002 0.2463997 0.511107 0.2352043 0.5223026 0.9661955 0.5226986 0.977787 0.5111072 0.7352933 0.511107 0.7468849 0.5226985 0.9661954 0.7420089 0.9777868 0.7536004 0.977787 0.5111072 0.9661955 0.5226986 0.7468849 0.7420087 0.9661954 0.7420089 0.7352934 0.7536002 0.7468849 0.7420087 0.723702 0.7651919 0.4776981 0.9848977 0.4888936 0.996093 0.488893 0.7536 0.4776977 0.7647953 0.2575951 0.7647957 0.4776977 0.7647953 0.488893 0.7536 0.2463996 0.7536002 0.2575951 0.7647957 0.4776976 0.5223025 0.4888929 0.5111072 0.2575951 0.5223023 0.2575951 0.5223023 0.2463997 0.511107 0.2575952 0.7424047 0.4776974 0.7424046 0.7237017 0.5226986 0.7352933 0.511107 0.7237019 0.7420088 0.7237017 0.5226986 0.5043916 0.7420086 0.7237019 0.7420088 0.2463996 0.469344 0.2463996 0.4863185 0.2352043 0.7647955 0.01510202 0.7647956 0.01510202 0.7647956 0.003906416 0.7536002 0.003906656 0.9960938 0.01510205 0.9848982 0.2464 0.9960935 0.2352046 0.9848982 0.2352046 0.9848982 0.2464 0.9960935 0.2352043 0.7647955 0.9661952 0.765192 0.746885 0.7651916 0.9661949 0.9845023 0.9777863 0.9960938 0.9777868 0.7536004 0.9661952 0.765192 0.7468848 0.984502 0.7352934 0.9960934 0.9661949 0.9845023 0.7468848 0.984502 0.00390625 0.4275811 0.003906382 0.4445556 0.2463995 0.4445556 0.2463994 0.4275811 0.7352934 0.9960934 0.01510174 0.7424048 0.003906416 0.7536002 0.7352934 0.7536002 0.9777868 0.7536004 0.7468849 0.5226985 0.7352933 0.511107 0.7352934 0.7536002 0.4928001 0.7536002 0.5043915 0.7651917 0.2463996 0.7536002 0.2464 0.9960935 0.2575954 0.9848979 0.2463997 0.511107 0.2463996 0.7536002 0.2575952 0.7424047 0.2463996 0.7536002 0.488893 0.7536 0.4928003 0.5111072 0.5043918 0.5226986 0.7352934 0.7536002 0.7352933 0.511107 0.4928001 0.7536002 0.7352934 0.7536002 0.2463996 0.7536002 0.003906416 0.7536002 0.01510205 0.9848982 0.003906656 0.9960938 0.2463996 0.7536002 0.9777868 0.7536004 0.7352934 0.7536002 0.9777863 0.9960938 0.746885 0.7651916 0.7352934 0.7536002 0.7352934 0.9960934  
			<Normals>: 192 0 0 1 0 -1 0 0 -1 0 0 -1 0 0 -1 0 0 0 1 0 -1 0 0 1 0 0 1 0 0 1 0 0 1 0 0 1 0 0 0 1 0 -1 0 0 -1 0 0 -1 0 0 -1 0 1 0 0 1 0 0 0 0 1 0 1 0 0 1 0 0 1 0 0 1 0 0 -1 0 0 -1 0 0 -1 0 0 -1 0 0 -1 0 1 0 0 1 0 0 1 0 0 1 0 0 0 1 0 0 0 -1 0 0 -1 0 1 0 0 1 0 0 1 0 0 1 0 0 -1 0 0 -1 0 0 -1 0 0 -1 0 0 0 -1 0 0 -1 0 1 0 0 1 0 0 1 0 0 1 0 0 1 0 0 1 0 0 1 0 0 -1 0 0 -1 0 0 -1 0 -1 0 0 -1 0 0 -1 0 0 -1 0 0 0 -1 0 0 -1 0 0 -1 0 0 -1 0 0 1 0 0 1 0 0 1 0 0 1 0 0 -1 0 0 -1 0 0 -1 0 0 -1 0 0 -1 0 0 -1 0 0 0 1 0 0 1 0 0 1 0 0 1 1 0 0 1 0 0 0 0 -1 0 0 -1 0 1 0 0 1 0 0 1 0 0 1 0 0 1 0 0 1 0 0 1 0 0 1 0 0 1 0 0 1 0 0 1 0 0 1 0 0 1 0 0 -1 0 0 -1 0 0 -1 0 0 -1 0 0 -1 0 0 -1 0 0 -1 0 0 -1 0 0 -1 0 0 -1 0 0 -1 0 0 -1 0 0 -1 0 0 1 0 0 1 0 0 1 0 0 1 0 0 1 0 0 1 0 0 1 0 0 1 0 0 1 0 0 1 0 0 1 0 0 1 0 0 1 0 0 1 0 0 1 0 0 1 0 0 -1 0 0 -1 0 0 -1 0 0 -1 0 0 -1 0 0 -1 0 0 0 -1 0 0 -1 0 1 0 0 1 0 0 1 0 0 1 0 0 1 0 0 1 0 0 1 0 0 1 0 0 1 0 0 1 0 0 1 0 0 -1 0 0 -1 0 0 -1 0 0 -1 0 0 -1 0 0 -1 0 0 -1 0 0 -1 0 0 -1 0 0 -1 0 -1 0 0 -1 0 0 -1 0 0 -1 0 0 0 -1 0 0 1 0 0 1 0 0 -1 0 0 -1 0 0 -1 0 0 -1 0 0 -1 0 0 -1 0 0 -1 0 0 1 0 0 1 0 0 1 0 0 1 0 0 1 0 0 1 0 0 1 0 0 1 0 0 -1 0 0 -1 0 0 -1 0 0 -1 0 0 -1 0 0 -1 0 0 1 0 0 1 0 0 1 0 0 1 0 0 1 0 0 -1 0 0 -1 0 0 -1 0 0 -1 0 0 -1 0 0 -1 0  
			<Tangents>: 192 1 0 0 -1 0 0 -1 0 0 -1 0 0 -1 0 0 1 0 0 0 0 -1 0.7553369 0 0.6553367 1 0 0 1 0 0 1 0 0 1 0 0 1 0 0 -1 0 0 -1 0 0 -1 0 0 -1 0 0 0 1.589457E-07 1 0 1.589457E-07 1 1 0 0 -1 0 0 -1 0 0 -1 0 0 -1 0 0 -1 0 1.766491E-07 -1 0 0 -1 0 0 -1 0 0 -1 0 0 0 1.589457E-07 1 0 1.589457E-07 1 0 4.38136E-08 1 0 4.377216E-08 1 0.9995858 0 0.02877798 -1 0 0 -1 0 0 1 0 0 1 0 0 1 0 0 1 0 0 -1 0 0 -1 0 0 -1 0 0 -1 0 0 -1 1.589457E-07 0 -1 1.589457E-07 0 -1 0 0 -1 0 0 -1 0 0 -1 0 0 0.7563474 0 0.6541701 0.9995858 0 0.02877966 0.9995785 0 0.02903227 0 0 -1 0 0 -1 0 0 -1 0 -1.016148E-07 -1 0 -1.043081E-07 -1 0 -4.646546E-08 -1 0 -4.377216E-08 -1 -1 0 0 -1 0 0 -1 0 0 -1 0 0 -0.03657867 0 -0.9993308 -0.03689612 0 -0.9993191 -0.02101941 0 -0.999779 -0.01987044 0 -0.9998026 -1 0 0 -1 0 0 -1 0 0 -1 0 0 -1 0 3.117303E-07 -1 0 0 1 -5.695279E-08 0 1 -5.960464E-08 0 1 -2.651857E-09 0 1 0 0 0 4.466205E-08 1 0 4.470348E-08 1 -1 0 0 -1 0 0 -0.9995859 0 0.0287746 -0.9995839 0 0.0288443 -0.9996784 0 0.02536142 -0.9996847 0 0.02510956 0.03658032 0 0.9993307 0.03689777 0 0.999319 0.7553369 0 0.6553367 0.7563474 0 0.6541702 0.9995785 0 0.02903046 -0.0365786 0 -0.9993308 -0.03689606 0 -0.9993191 -0.02101938 0 -0.999779 -0.0198704 0 -0.9998026 0 0 -1 0 0 -1 0 0 -1 0 0 -1 -1 0 2.986338E-08 -1 0 2.980232E-08 -1 0 3.273267E-08 -1 0 3.295268E-08 0 0 -1 0 0 -1 -1 0 0 -1 0 0 0 0 -1 -0.0365786 0 -0.9993308 -0.03689602 0 -0.9993191 -0.02102109 0 -0.999779 -0.01987224 0 -0.9998025 0.0365784 0 0.9993308 -0.9995859 0 0.02877668 -0.9995838 0 0.02884629 -0.9996782 0 0.02536785 -0.9996845 0 0.02511631 -0.9995859 0 0.02877673 -0.9995838 0 0.02884634 -0.9996845 0 0.02511635 0.03658006 0 0.9993307 0.03689752 0 0.9993191 0.7563459 0 0.6541719 0.9995785 0 0.02903227 0 0 -1 0 0 -1 -1 0 0 -1 0 0 0 0 -1 0 0 -1 -1 1.589457E-07 0 -1 1.589457E-07 0 -0.9995855 0 0.0287883 -0.9996843 0 0.02512328 0.03657816 0 0.9993308 0.03689557 0 0.9993191 0.7553366 0 0.655337 0.7563473 0 0.6541703 0.9995856 0 0.02878441 0.9995784 0 0.02903734 -0.0365788 0 -0.9993308 -0.03689622 0 -0.9993191 -0.01987248 0 -0.9998025 0 0 -1 0 0 -1 -1 0 6.234606E-07 -1 0 6.357829E-07 -1 0 4.440043E-08 -1 0 0 0 0 -1 0 0 -1 0 0 -1 -1 0 0 0 0 -1 0 0 -1 0 0 -1 0 0 -1 -1 0 1.766503E-07 0.7563474 0 0.6541702 0.7553369 0 0.6553367 0 0 -1 0 0 -1 -1 0 0 -1 0 0 0 0 -1 0 0 -1 0 0 -1 0.03689582 0 0.9993191 0.7553369 0 0.6553367 0.7563474 0 0.6541701 -0.9996782 0 0.02536789 0.7553318 0 0.6553426 0.7563459 0 0.6541719 0.7553318 0 0.6553426 0.9995857 0 0.0287801 0 0 -1 0 0 -1 -1 0 0 -1 0 0 0 0 -1 0 0 -1 -0.9995835 0 0.028858 -0.999678 0 0.02537513 0.7563473 0 0.6541703 0.7553366 0 0.655337 -0.02102133 0 -0.999779 0 0 -1 0 0 -1 0 0 -1 -1 0 3.117304E-07 -1 0 1.766491E-07 -1 0 1.766503E-07  
			<BiTangents>: 192 0 -1 0 0 0 -1 0 0 -1 0 0 -1 0 0 -1 0 -1 0 -1 0 0 0.6553367 0 -0.7553369 0 0 -1 0 0 -1 0 0 -1 0 0 -1 0 -1 0 0 0 1 0 0 1 0 0 1 0 0 1 0 1 -1.589457E-07 0 1 -1.589457E-07 0 -1 0 0 0 -1 0 0 -1 0 0 -1 0 0 -1 -1.766491E-07 0 -1 0 0 -1 0 0 -1 0 0 -1 0 0 -1 0 1 -1.589457E-07 0 1 -1.589457E-07 0 1 -4.38136E-08 0 1 -4.377216E-08 0.02877798 0 -0.9995858 0 -1 0 0 -1 0 0 0 -1 0 0 -1 0 0 -1 0 0 -1 0 0 1 0 0 1 0 0 1 0 0 1 -1.589457E-07 -1 0 -1.589457E-07 -1 0 0 0 -1 0 0 -1 0 0 -1 0 0 -1 0.6541702 0 -0.7563475 0.02877966 0 -0.9995858 0.02903227 0 -0.9995785 -1 0 0 -1 0 0 -1 0 0 0 1 -1.016148E-07 0 1 -1.043081E-07 0 1 -4.646546E-08 0 1 -4.377216E-08 0 0 1 0 0 1 0 0 1 0 0 1 0.9993308 0 -0.03657867 0.9993191 0 -0.03689612 0.999779 0 -0.02101941 0.9998026 0 -0.01987044 0 0 1 0 0 1 0 0 1 0 0 1 -3.117303E-07 0 -1 0 0 -1 -5.695279E-08 -1 0 -5.960464E-08 -1 0 -2.651857E-09 -1 0 0 -1 0 0 1 -4.466205E-08 0 1 -4.470348E-08 0 -1 0 0 -1 0 -0.0287746 0 -0.9995859 -0.0288443 0 -0.9995839 -0.02536142 0 -0.9996784 -0.02510956 0 -0.9996847 -0.9993307 0 0.03658032 -0.999319 0 0.03689777 -0.6553367 0 0.7553369 -0.6541702 0 0.7563474 0.02903046 0 -0.9995785 0.9993308 0 -0.0365786 0.9993191 0 -0.03689606 0.999779 0 -0.02101938 0.9998026 0 -0.0198704 1 0 0 1 0 0 1 0 0 1 0 0 -2.986338E-08 0 -1 -2.980232E-08 0 -1 -3.273267E-08 0 -1 -3.295268E-08 0 -1 -1 0 0 -1 0 0 0 0 1 0 0 1 1 0 0 0.9993308 0 -0.0365786 0.9993191 0 -0.03689602 0.999779 0 -0.02102109 0.9998025 0 -0.01987224 -0.9993308 0 0.0365784 -0.02877668 0 -0.9995859 -0.02884629 0 -0.9995838 -0.02536785 0 -0.9996782 -0.02511631 0 -0.9996845 -0.02877673 0 -0.9995859 -0.02884634 0 -0.9995838 -0.02511635 0 -0.9996845 -0.9993307 0 0.03658006 -0.9993191 0 0.03689752 -0.6541719 0 0.7563459 0.02903227 0 -0.9995785 1 0 0 1 0 0 0 0 -1 0 0 -1 -1 0 0 -1 0 0 -1.589457E-07 -1 0 -1.589457E-07 -1 0 -0.0287883 0 -0.9995855 -0.02512328 0 -0.9996843 -0.9993308 0 0.03657816 -0.9993191 0 0.03689557 -0.655337 0 0.7553366 -0.6541703 0 0.7563473 0.02878441 0 -0.9995856 0.02903734 0 -0.9995784 0.9993308 0 -0.0365788 0.9993191 0 -0.03689622 0.9998025 0 -0.01987248 1 0 0 1 0 0 -6.234606E-07 0 -1 -6.357829E-07 0 -1 -4.440043E-08 0 -1 0 0 -1 -1 0 0 -1 0 0 -1 0 0 0 0 1 0 1 0 0 1 0 0 1 0 0 1 0 -1.766503E-07 0 -1 0.6541702 0 -0.7563474 0.6553367 0 -0.7553369 -1 0 0 -1 0 0 0 0 1 0 0 1 1 0 0 1 0 0 1 0 0 -0.9993191 0 0.03689582 -0.6553367 0 0.7553369 -0.6541702 0 0.7563475 -0.02536789 0 -0.9996782 -0.6553426 0 0.7553318 0.6541719 0 -0.7563459 0.6553426 0 -0.7553318 0.0287801 0 -0.9995857 1 0 0 1 0 0 0 0 -1 0 0 -1 -1 0 0 -1 0 0 -0.028858 0 -0.9995835 -0.02537513 0 -0.999678 0.6541703 0 -0.7563473 0.655337 0 -0.7553366 0.999779 0 -0.02102133 1 0 0 1 0 0 -1 0 0 3.117304E-07 0 1 1.766491E-07 0 1 1.766503E-07 0 1  
			<SubMeshes>: 1
				<SubMesh>: 0 288 2 4 3 2 3 1 18 17 29 18 29 30 5 0 12 5 12 19 11 8 9 11 9 10 50 7 51 50 51 52 53 54 6 53 6 55 56 57 58 56 58 59 14 16 15 14 15 13 60 61 62 60 62 63 23 20 21 23 21 22 64 65 66 64 66 67 68 69 70 68 70 71 72 157 24 72 24 73 74 75 76 74 76 77 26 28 27 26 27 25 78 79 31 78 31 32 80 81 34 80 34 35 39 36 37 39 37 38 82 83 84 82 84 85 86 87 88 86 88 89 158 159 33 158 33 90 91 92 93 91 93 94 95 96 97 95 97 98 99 100 101 99 101 102 103 160 161 103 161 104 162 163 105 162 105 106 107 164 165 107 165 166 108 109 110 108 110 111 41 43 42 41 42 40 112 167 168 112 168 169 49 46 47 49 47 48 113 114 115 113 115 116 117 118 170 117 170 119 120 121 171 120 171 122 172 173 174 172 174 123 124 125 175 124 175 176 126 177 178 126 178 127 128 179 180 128 180 129 130 131 44 130 44 45 132 181 182 132 182 133 134 135 136 134 136 137 183 184 138 183 138 139 140 141 185 140 185 142 143 186 187 143 187 144 145 146 147 145 147 148 149 150 188 149 188 151 189 190 191 189 191 152 153 154 155 153 155 156  
		</Mesh>
		<Materials>: 1
			<Material>: 0
				<AlbedoColor>: 1 1 1 1
				<EmissiveColor>: 0 0 0 0
				<Glossiness>: 0.04
				<Metallic>: 0
				<SpecularHighlight>: 1
				<GlossyReflection>: 1
				<AlbedoMap>: BLD_IndBuilding1_A
				<MetallicMap>: BLD_IndBuilding1_MS
				<NormalMap>: BLD_IndBuilding1_N
				<EmissionMap>: null
				<DetailAlbedoMap>: DET_Concrete1_A
				<DetailNormalMap>: DET_Concrete1_N
		</Materials>
		<Children>: 0
	</Frame>
</Hierarchy>
