<Hierarchy>:
	<Frame>: 0 4 IndBuilding2_Deco_WindowGlass_A
		<Transform>: 0 0 0 0 0 0 1 1 1 0 0 0 1  
		<TransformMatrix>: 1 0 0 0 0 1 0 0 0 0 1 0 0 0 0 1  
		<BoxCollider>: 1 0 0 0 1.898193 2.332213 0.03207079  
		<Mesh>: 24 IndBuilding2_Deco_WindowGlass_A
			<Bounds>: 0 0 0 0.9490963 1.166106 0.01603539
			<Positions>: 24 0.9490963 -1.166106 0.01603539 0.9490963 1.166106 0.01603529 0.9490963 -1.166106 -0.01603529 0.9490963 1.166106 -0.01603539 -0.9490963 -1.166106 0.01603539 -0.9490963 1.166106 0.01603529 -0.9490963 -1.166106 -0.01603529 -0.9490963 1.166106 -0.01603539 0.9490963 1.166106 -0.01603539 0.9490963 -1.166106 -0.01603529 -0.9490963 1.166106 -0.01603539 -0.9490963 -1.166106 -0.01603529 -0.9490963 1.166106 0.01603529 -0.9490963 -1.166106 0.01603539 0.9490963 -1.166106 0.01603539 0.9490963 1.166106 0.01603529 0.9490963 -1.166106 0.01603539 -0.9490963 -1.166106 0.01603539 -0.9490963 -1.166106 -0.01603529 0.9490963 -1.166106 -0.01603529 -0.9490963 1.166106 0.01603529 0.9490963 1.166106 0.01603529 0.9490963 1.166106 -0.01603539 -0.9490963 1.166106 -0.01603539  
			<Colors>: 0  
			<TextureCoords0>: 24 0.06640625 0.9765625 0.06640625 -0.3125 0.06640625 0.9765625 0.06640625 -0.3125 1.117188 0.9765625 1.117188 -0.3125 1.117188 0.9765625 1.117188 -0.3125 0.06640625 -0.3125 0.06640625 0.9765625 1.117188 -0.3125 1.117188 0.9765625 1.117188 -0.3125 1.117188 0.9765625 0.06640625 0.9765625 0.06640625 -0.3125 0.06640625 0.9765625 1.117188 0.9765625 1.117188 0.9765625 0.06640625 0.9765625 1.117188 -0.3125 0.06640625 -0.3125 0.06640625 -0.3125 1.117188 -0.3125  
			<TextureCoords1>: 24 0.003906255 0.9881599 0.5808619 0.98816 0.00390625 0.9960938 0.5808619 0.9960938 0.5808617 0.02933651 0.003906255 0.02933657 0.00390625 0.510762 0.5808619 0.510762 0.5808619 0.04117662 0.003906283 0.04117662 0.00390625 0.03727037 0.5808617 0.03727037 0.00390625 0.9842536 0.5808619 0.9842536 0.5808619 0.5146682 0.003906283 0.5146682 0.4734917 0.005656362 0.003906255 0.005656362 0.00390625 0.01359022 0.4734917 0.01359022 0.4734917 0.01749647 0.003906255 0.01749647 0.00390625 0.02543026 0.4734917 0.02543026  
			<Normals>: 24 0.7071068 -0.7071068 0 0.7071068 0.7071068 0 0.7071068 -0.7071068 0 0.7071068 0.7071068 0 -0.7071068 -0.7071068 0 -0.7071068 0.7071068 0 0 0 -1 0 0 -1 0 0 -1 0 0 -1 -0.7071068 0.7071068 0 -0.7071068 -0.7071068 0 0 0 1 0 0 1 0 0 1 0 0 1 0.7071068 -0.7071068 0 -0.7071068 -0.7071068 0 -0.7071068 -0.7071068 0 0.7071068 -0.7071068 0 -0.7071068 0.7071068 0 0.7071068 0.7071068 0 0.7071068 0.7071068 0 -0.7071068 0.7071068 0  
			<Tangents>: 24 0 0 1 0 0 1 0 0 1 0 0 1 0 0 1 0 0 1 -1 0 0 -1 0 0 -1 0 0 -1 0 0 0 0 1 0 0 1 -1 0 0 -1 0 0 -1 0 0 -1 0 0 0 0 1 0 0 1 0 0 1 0 0 1 0 0 1 0 0 1 0 0 1 0 0 1  
			<BiTangents>: 24 0.7071068 0.7071068 0 0.7071068 -0.7071068 0 0.7071068 0.7071068 0 0.7071068 -0.7071068 0 0.7071068 -0.7071068 0 0.7071068 0.7071068 0 0 1 0 0 1 0 0 1 0 0 1 0 0.7071068 0.7071068 0 0.7071068 -0.7071068 0 0 1 0 0 1 0 0 1 0 0 1 0 0.7071068 0.7071068 0 0.7071068 -0.7071068 0 0.7071068 -0.7071068 0 0.7071068 0.7071068 0 0.7071068 0.7071068 0 0.7071068 -0.7071068 0 0.7071068 -0.7071068 0 0.7071068 0.7071068 0  
			<SubMeshes>: 1
				<SubMesh>: 0 36 1 0 2 1 2 3 8 9 6 8 6 7 10 11 4 10 4 5 12 13 14 12 14 15 16 17 18 16 18 19 20 21 22 20 22 23  
		</Mesh>
		<Materials>: 1
			<Material>: 0
				<AlbedoColor>: 1 1 1 0.3921569
				<EmissiveColor>: 0 0 0 1
				<Glossiness>: 1
				<Metallic>: 0
				<SpecularHighlight>: 1
				<GlossyReflection>: 1
				<AlbedoMap>: BLD_WindowGlass1_A
				<MetallicMap>: BLD_WindowGlass1_MS
				<NormalMap>: BLD_WindowGlass1_N
				<EmissionMap>: null
				<DetailAlbedoMap>: DET_Concrete1_A
				<DetailNormalMap>: null
		</Materials>
		<Children>: 0
	</Frame>
</Hierarchy>
