<Hierarchy>:
	<Frame>: 0 5 Pavement2_End_A
		<Transform>: 0 0 0 0 0 0 1 1 1 0 0 0 1  
		<TransformMatrix>: 1 0 0 0 0 1 0 0 0 0 1 0 0 0 0 1  
		<BoxCollider>: 1 -2 0.4500003 1.907349E-06 4 0.9000006 6.014545  
		<Mesh>: 376 Pavement2_End_A
			<Bounds>: -2 0.4500003 1.907349E-06 2 0.4500003 3.007273
			<Positions>: 376 0 8.34465E-07 -2.999996 -2.142249 2.384186E-07 2.680766 0 7.152557E-07 -2.699996 -2.219985 1.192093E-07 2.994665 0 8.34465E-07 -2.782495 0 0.8000005 -2.699996 -2.496723 0.8000005 -2.705384 -3.829587 0.8000003 -1.195526 -4 7.152557E-07 -1.047273 -1.860276 8.34465E-07 -3.007271 -3.934622 7.152557E-07 -1.571387 -3.742939 8.34465E-07 -2.038996 -3.438015 8.34465E-07 -2.440413 -3.04063 8.344651E-07 -2.748285 -2.577868 8.34465E-07 -2.941629 -1.857633 8.34465E-07 -2.686325 -3.700465 7.152557E-07 -1.047273 -2.470458 8.34465E-07 -2.645562 -2.845621 8.34465E-07 -2.465485 -3.221155 8.34465E-07 -2.235315 -3.45037 7.152557E-07 -1.886894 -3.628826 7.152557E-07 -1.500777 -3.393813 0.8000004 -2.203766 0 1.192093E-07 3 -4 0 0 0 1.192093E-07 2.7 -3.7 0 0 0 1.192093E-07 2.777141 0 0 0 0 0.8000003 2.7 0 0.8 -3.49691E-08 -3.825968 0.8 -3.49691E-08 -2.496723 0.8000003 2.705388 -3.829587 0.8000001 1.19553 -4 0 1.047277 -1.849976 1.192093E-07 3.007275 -3.934622 0 1.571391 -3.742939 1.192093E-07 2.039 -3.438015 1.192093E-07 2.440417 -3.04063 1.192093E-07 2.748289 -2.577868 1.192093E-07 2.941633 -1.857633 2.384186E-07 2.686329 -3.700465 1.192093E-07 1.047277 -2.476978 2.384186E-07 2.623667 -2.849347 2.384186E-07 2.468026 -3.229097 2.384186E-07 2.209309 -3.45037 1.192093E-07 1.886898 -3.628826 1.192093E-07 1.500781 -3.393813 0.8000002 2.20377 -2.220538 8.34465E-07 -2.993485 -2.145391 8.34465E-07 -2.682644 -2.142248 0.8744451 2.680766 -2.148476 0.8999999 2.705915 0 0.9000006 -2.975428 5.018208E-14 0.8744458 -2.999996 -2.219985 0.8744453 2.994665 -2.21376 0.9000001 2.969531 0 0.8744458 -2.699996 1.455192E-11 0.9000006 -2.724316 -1.860074 0.8885601 -2.982702 -1.860276 0.8630053 -3.007271 -3.973188 0.9000003 -1.047273 -4 0.8744456 -1.047273 -2.56918 0.9000003 -2.917684 -2.577868 0.8744456 -2.941629 -3.025869 0.9000003 -2.726878 -3.04063 0.8744456 -2.748285 -3.418926 0.8736675 -2.422359 -3.438015 0.8481127 -2.440413 -3.719422 0.9000003 -2.02677 -3.742939 0.8744456 -2.038996 -3.908561 0.9000003 -1.565369 -3.934622 0.8744456 -1.571387 -3.727511 0.9000003 -1.047273 -3.700465 0.8744456 -1.047273 -1.857633 0.863005 -2.686325 -1.857833 0.8885598 -2.710644 -3.654921 0.9000003 -1.506802 -3.628826 0.8744456 -1.500777 -3.473654 0.9000003 -1.898999 -3.45037 0.8744456 -1.886894 -3.240419 0.8736675 -2.253535 -3.221156 0.8481127 -2.235316 -2.860174 0.9000003 -2.486591 -2.845621 0.8744456 -2.465486 -2.479138 0.9000001 -2.669487 -2.470458 0.8744453 -2.645563 0 0.8744456 3 -7.275958E-12 0.9000003 2.974631 -4 0.8744452 -3.822321E-08 -3.973188 0.9 -3.934024E-08 0 0.9000003 2.725278 3.552714E-13 0.8744456 2.7 -3.727046 0.9 -3.934024E-08 -3.7 0.8744452 -3.822321E-08 -1.849976 0.8744453 3.007275 -1.850581 0.9000001 2.981908 -3.973188 0.9000001 1.047277 -4 0.8744453 1.047277 -2.569971 0.9000001 2.916747 -2.577868 0.8744453 2.941633 -3.04063 0.8744453 2.748289 -3.025662 0.9000001 2.726358 -3.438015 0.8744453 2.440417 -3.42019 0.9000001 2.420699 -3.742939 0.8744453 2.039 -3.719423 0.9000001 2.026774 -3.934622 0.8744453 1.571391 -3.908561 0.9000001 1.565374 -3.700465 0.8744453 1.047277 -3.727511 0.9000001 1.047277 -1.857029 0.8999999 2.711611 -1.857633 0.8744451 2.686329 -3.628826 0.8744453 1.500781 -3.654921 0.9000001 1.506806 -3.45037 0.8744453 1.886898 -3.473654 0.9000001 1.899003 -3.229098 0.8744453 2.20931 -3.247056 0.9000001 2.229176 -2.849347 0.8744453 2.468027 -2.864303 0.9000001 2.489939 -2.476978 0.8744451 2.623668 -2.484868 0.8999999 2.648533 -2.220538 0.8744456 -2.993485 -2.214651 0.9000003 -2.969134 -2.145391 0.8744453 -2.682645 -2.151252 0.9000001 -2.706891 -1.957736 8.34465E-07 -2.685045 -1.985601 8.34465E-07 -3.002475 -1.985601 0.8744456 -3.002475 -1.983421 0.9000003 -2.977982 -1.957735 0.8744453 -2.685045 -1.959905 0.9000001 -2.709338 -1.927454 8.34465E-07 -2.685432 -1.947689 0.8630053 -3.003926 -1.929027 0.8885598 -2.709733 -1.947689 8.34465E-07 -3.003926 -1.946108 0.8885601 -2.97941 -1.927454 0.863005 -2.685432 -1.98517 1.192093E-07 3.002667 -1.961626 2.384186E-07 2.684296 -1.963519 0.8999999 2.70953 -1.961626 0.8744451 2.684296 -1.98328 0.9000001 2.977386 -1.98517 0.8744453 3.002667 -1.940675 2.384186E-07 2.684706 -1.940674 0.8490278 2.684706 -1.956545 0.8745828 2.978297 -1.957932 1.192093E-07 3.003596 -1.942064 0.8745825 2.709949 -1.957932 0.849028 3.003596 -0.5623642 1.192093E-07 3.002211 -0.5646919 2.384186E-07 2.695844 -0.5625482 0.9000002 2.976843 -0.5623642 0.8744454 3.002211 -0.5646918 0.8744454 2.695844 -0.5645084 0.9000002 2.721123 -1.26009 2.384186E-07 2.690727 -1.254896 0.8744454 3.004935 -1.25968 0.9000001 2.716007 -1.254895 1.192093E-07 3.004935 -1.255306 0.9000001 2.979567 -1.260089 0.8744452 2.690727 -0.9208618 1.192093E-07 3.003621 -0.9211631 0.8813004 2.978253 -0.9246732 0.8557457 2.693195 -0.9246734 2.384186E-07 2.693195 -0.9208619 0.8557458 3.003621 -0.924373 0.8813004 2.718475 -0.6410033 8.344651E-07 -3.002503 -0.6400926 7.152557E-07 -2.695285 -0.6410033 0.8705037 -3.002503 -0.6409335 0.8960584 -2.977934 -0.6401614 0.8960584 -2.719605 -0.6400924 0.8705037 -2.695285 -1.340753 7.152557E-07 -2.690129 -1.342514 0.8917433 -2.980678 -1.340752 0.8661884 -2.690129 -1.34266 8.344651E-07 -3.005247 -1.34266 0.8661886 -3.005247 -1.340897 0.8917433 -2.714448 -0.9285677 8.34465E-07 -3.003627 -0.9285677 0.8554163 -3.003627 -0.9273481 0.880971 -2.717491 -0.9272484 7.152557E-07 -2.693172 -0.9284666 0.880971 -2.979059 -0.9272481 0.8554161 -2.693172 -3.700077 1.192093E-07 -0.1730178 -4 1.192093E-07 -0.1730178 -4 0.849234 -0.1730178 -3.973188 0.8747886 -0.1730178 -3.727123 0.8747886 -0.1730178 -3.700077 0.849234 -0.1730177 -2.845621 8.34465E-07 -2.465485 -3.221156 0.8481127 -2.235316 -3.934622 7.152557E-07 -1.571387 -3.742939 0.8744456 -2.038996 0 0.8 -3.49691E-08 0 0.8000005 -2.699996 0 0.8000003 2.7 -3.229097 2.384186E-07 2.209309 -3.45037 0.8744453 1.886898 -3.742939 1.192093E-07 2.039 -3.742939 0.8744453 2.039 -3.973188 0.8747886 -0.1730178 -3.973188 0.9000003 -1.047273 -3.908561 0.9000003 -1.565369 -3.719422 0.9000003 -2.02677 -3.418926 0.8736675 -2.422359 -3.438015 0.8481127 -2.440413 -3.438015 0.8481127 -2.440413 -3.04063 0.8744456 -2.748285 -3.025869 0.9000003 -2.726878 -2.56918 0.9000003 -2.917684 -1.946108 0.8885601 -2.97941 -1.860074 0.8885601 -2.982702 -2.145391 0.8744453 -2.682645 -2.470458 0.8744453 -2.645563 -2.845621 0.8744456 -2.465486 -3.221156 0.8481127 -2.235316 -3.45037 0.8744456 -1.886894 -3.628826 0.8744456 -1.500777 -3.727511 0.9000003 -1.047273 -1.957735 0.8744453 -2.685045 -2.214651 0.9000003 -2.969134 -3.727123 0.8747886 -0.1730178 0 0.9000006 -2.975428 5.018208E-14 0.8744458 -2.999996 -1.963519 0.8999999 2.70953 -2.142248 0.8744451 2.680766 -2.569971 0.9000001 2.916747 -2.21376 0.9000001 2.969531 0 0.8744458 -2.699996 1.455192E-11 0.9000006 -2.724316 -3.973188 0.9000001 1.047277 -3.908561 0.9000001 1.565374 -3.934622 0.8744453 1.571391 -3.742939 0.8744453 2.039 -3.719423 0.9000001 2.026774 -3.42019 0.9000001 2.420699 -3.438015 0.8744453 2.440417 -3.04063 0.8744453 2.748289 -3.025662 0.9000001 2.726358 -1.956545 0.8745828 2.978297 -1.850581 0.9000001 2.981908 -2.148476 0.8999999 2.705915 -2.476978 0.8744451 2.623668 -2.849347 0.8744453 2.468027 -3.229098 0.8744453 2.20931 -3.45037 0.8744453 1.886898 -3.247056 0.9000001 2.229176 -3.473654 0.9000001 1.899003 -3.654921 0.9000001 1.506806 -3.727511 0.9000001 1.047277 0 0.8744456 3 -7.275958E-12 0.9000003 2.974631 -3.973188 0.9 -3.934024E-08 -3.7 0.8744452 -3.822321E-08 0 0.9000003 2.725278 3.552714E-13 0.8744456 2.7 -1.929027 0.8885598 -2.709733 -1.959905 0.9000001 -2.709338 -1.983421 0.9000003 -2.977982 -1.857833 0.8885598 -2.710644 -1.942064 0.8745825 2.709949 -1.98328 0.9000001 2.977386 -1.857029 0.8999999 2.711611 -7.275958E-12 0.9000003 2.974631 0 0.9000003 2.725278 -0.5645084 0.9000002 2.721123 -0.5625482 0.9000002 2.976843 -1.255306 0.9000001 2.979567 -1.25968 0.9000001 2.716007 -0.9211631 0.8813004 2.978253 -0.924373 0.8813004 2.718475 -0.6400924 0.8705037 -2.695285 -0.9273481 0.880971 -2.717491 0 0.9000006 -2.975428 -0.6409335 0.8960584 -2.977934 -0.6401614 0.8960584 -2.719605 1.455192E-11 0.9000006 -2.724316 -1.342514 0.8917433 -2.980678 -1.857633 0.863005 -2.686325 -1.340752 0.8661884 -2.690129 -0.9272481 0.8554161 -2.693172 -0.9284666 0.880971 -2.979059 -3.700077 0.849234 -0.1730177 0 1.192093E-07 3 0 1.192093E-07 2.7 0 8.34465E-07 -2.999996 0 7.152557E-07 -2.699996 -4 0.849234 -0.1730178 -4 0.8744456 -1.047273 -3.934622 0.8744456 -1.571387 -3.742939 0.8744456 -2.038996 -3.418926 0.8736675 -2.422359 -3.025869 0.9000003 -2.726878 -3.04063 0.8744456 -2.748285 -2.577868 0.8744456 -2.941629 -1.947689 0.8630053 -3.003926 -1.860276 0.8630053 -3.007271 -2.151252 0.9000001 -2.706891 -2.479138 0.9000001 -2.669487 -2.860174 0.9000003 -2.486591 -3.240419 0.8736675 -2.253535 -3.473654 0.9000003 -1.898999 -3.654921 0.9000003 -1.506802 -3.727511 0.9000003 -1.047273 -3.628826 0.8744456 -1.500777 -3.700465 0.8744456 -1.047273 -2.220538 0.8744456 -2.993485 -3.700077 0.849234 -0.1730177 -2.142248 0.8744451 2.680766 -2.148476 0.8999999 2.705915 -2.577868 0.8744453 2.941633 -2.219985 0.8744453 2.994665 -4 0.8744453 1.047277 -3.934622 0.8744453 1.571391 -3.908561 0.9000001 1.565374 -3.719423 0.9000001 2.026774 -3.742939 0.8744453 2.039 -3.438015 0.8744453 2.440417 -3.42019 0.9000001 2.420699 -3.025662 0.9000001 2.726358 -3.04063 0.8744453 2.748289 -1.957932 0.849028 3.003596 -1.849976 0.8744453 3.007275 -2.476978 0.8744451 2.623668 -2.484868 0.8999999 2.648533 -2.864303 0.9000001 2.489939 -3.247056 0.9000001 2.229176 -3.45037 0.8744453 1.886898 -3.628826 0.8744453 1.500781 -3.700465 0.8744453 1.047277 -4 0.8744452 -3.822321E-08 -3.727046 0.9 -3.934024E-08 -3.727511 0.9000001 1.047277 -3.7 0.8744452 -3.822321E-08 -1.961626 0.8744451 2.684296 -1.957735 0.8744453 -2.685045 -1.959905 0.9000001 -2.709338 -1.985601 0.8744456 -3.002475 -1.927454 0.863005 -2.685432 -1.857633 0.863005 -2.686325 -1.985601 0.8744456 -3.002475 -1.983421 0.9000003 -2.977982 -1.983421 0.9000003 -2.977982 -1.959905 0.9000001 -2.709338 -1.940674 0.8490278 2.684706 -1.961626 0.8744451 2.684296 -1.963519 0.8999999 2.70953 -1.963519 0.8999999 2.70953 -1.98517 0.8744453 3.002667 -1.857633 0.8744451 2.686329 -1.98328 0.9000001 2.977386 -1.98517 0.8744453 3.002667 -1.98328 0.9000001 2.977386 -1.963519 0.8999999 2.70953 3.552714E-13 0.8744456 2.7 -0.5646918 0.8744454 2.695844 0 0.8744456 3 -0.5623642 0.8744454 3.002211 -1.254896 0.8744454 3.004935 -1.260089 0.8744452 2.690727 -0.9246732 0.8557457 2.693195 -0.9208619 0.8557458 3.003621 0 0.8744458 -2.699996 -0.6400924 0.8705037 -2.695285 -0.6410033 0.8705037 -3.002503 5.018208E-14 0.8744458 -2.999996 -1.34266 0.8661886 -3.005247 -1.857833 0.8885598 -2.710644 -1.340897 0.8917433 -2.714448 -0.9285677 0.8554163 -3.003627 -0.9273481 0.880971 -2.717491 -3.727123 0.8747886 -0.1730178  
			<Colors>: 0  
			<TextureCoords0>: 376 0.1115033 0.3054156 0.6549432 0.3769971 0.1115033 0.3769971 0.6549432 0.3054156 0.3300558 0.3314169 0.162324 0.4693596 0.3751189 0.4689006 0.4887182 0.5975852 0.3858048 0.3054157 0.2160541 0.3054157 0.3580414 0.3054157 0.3318688 0.3054157 0.3059655 0.3054157 0.2794437 0.3054156 0.2536386 0.3054157 0.2160541 0.3769971 0.3858048 0.3769971 0.2536386 0.3769971 0.2794437 0.3769971 0.3059655 0.3769971 0.3318688 0.3769971 0.3580414 0.3769971 0.4515775 0.5116532 0.7776197 0.3054156 0.4447039 0.3054157 0.7776197 0.3769971 0.4447039 0.3769971 0.5591756 0.3314169 0.444726 0.3314169 0.5559965 0.3059751 0.162324 0.6994798 0.4884098 0.6994798 0.3751189 0.9300587 0.4887182 0.801374 0.5036039 0.3054156 0.673359 0.3054156 0.5313671 0.3054156 0.5575399 0.3054156 0.5827114 0.3054156 0.6097687 0.3054156 0.6352208 0.3054156 0.673359 0.3769971 0.5036039 0.3769971 0.6352208 0.3769971 0.6097687 0.3769971 0.5827114 0.3769971 0.5575399 0.3769971 0.5313671 0.3769971 0.4515775 0.8873059 0.2342847 0.3054157 0.2342847 0.3769971 0.6549432 0.3515885 0.6549432 0.3494618 0.444606 0.3089452 0.4414807 0.3059406 0.6549432 0.3327687 0.6549432 0.3349516 0.4414808 0.3426306 0.4446061 0.3396562 0.2160541 0.3348907 0.2160541 0.3327687 0.3858048 0.3351147 0.3858048 0.3327687 0.2536386 0.3349655 0.2536386 0.3327687 0.2794437 0.334876 0.2794437 0.3327687 0.3059655 0.335089 0.3059655 0.3327687 0.3318688 0.3349569 0.3318688 0.3327687 0.3580414 0.3350406 0.3580414 0.3327687 0.3858048 0.349286 0.3858048 0.3515886 0.2160541 0.3515885 0.2160541 0.3495369 0.3580414 0.3493717 0.3580414 0.3515885 0.3318688 0.3494709 0.3318688 0.3515885 0.3059655 0.3493112 0.3059655 0.3515885 0.2794437 0.3495566 0.2794437 0.3515885 0.2536386 0.3494499 0.2536386 0.3515885 0.4414808 0.3426306 0.4446061 0.3395279 0.4447039 0.3327687 0.4447039 0.3351123 0.4446061 0.3090321 0.4414808 0.3059406 0.4447039 0.3492883 0.4447039 0.3515886 0.673359 0.3327687 0.673359 0.3349337 0.5036039 0.3351147 0.5036039 0.3327687 0.6352208 0.3349203 0.6352208 0.3327687 0.6097687 0.3327687 0.6097687 0.3349201 0.5827113 0.3327687 0.5827114 0.3350423 0.5575398 0.3327687 0.5575399 0.3349569 0.531367 0.3327687 0.5313671 0.3350406 0.5036039 0.3515886 0.5036039 0.349286 0.673359 0.349485 0.673359 0.3515886 0.5313671 0.3515886 0.5313671 0.3493717 0.5575398 0.3515886 0.5575399 0.3494709 0.5827113 0.3515886 0.5827114 0.3493608 0.6097687 0.3515886 0.6097687 0.3494952 0.6352208 0.3515885 0.6352208 0.3494949 0.2342847 0.3327687 0.2342847 0.3349217 0.2342847 0.3515885 0.2342847 0.3494983 0.222396 0.3769971 0.222396 0.3054157 0.222396 0.3327687 0.222396 0.3349015 0.222396 0.3515885 0.222396 0.3495234 0.2204775 0.3769971 0.2204776 0.3327686 0.2204776 0.3495275 0.2204776 0.3054157 0.2204775 0.3348983 0.2204776 0.3515885 0.6666302 0.3054156 0.6666302 0.3769971 0.6666303 0.3494765 0.6666301 0.3515887 0.6666302 0.3349402 0.6666301 0.3327688 0.6679858 0.3769971 0.6679858 0.3515886 0.6679859 0.3349389 0.6679859 0.3054156 0.667986 0.3494781 0.6679858 0.3327688 0.745926 0.3054156 0.745926 0.3769971 0.745926 0.3350002 0.745926 0.3327687 0.745926 0.3515886 0.745926 0.349419 0.7068965 0.3769971 0.7068965 0.3327687 0.7068964 0.3494545 0.7068965 0.3054156 0.7068964 0.3349644 0.7068964 0.3515886 0.7257218 0.3054156 0.7257218 0.3349816 0.7257218 0.3515886 0.7257218 0.3769971 0.725722 0.3327687 0.7257218 0.3494374 0.1475288 0.3054156 0.1475288 0.3769971 0.1475289 0.3327687 0.1475288 0.3349512 0.1475288 0.3494769 0.1475289 0.3515886 0.1869631 0.3769971 0.1869632 0.3349164 0.1869632 0.3515886 0.1869632 0.3054156 0.1869632 0.3327687 0.1869632 0.3495114 0.1636905 0.3054156 0.1636905 0.3327687 0.1636904 0.3494911 0.1636904 0.3769971 0.1636905 0.3349369 0.1636905 0.3515886 0.4349734 0.3769971 0.4349734 0.3054156 0.4349733 0.3327687 0.4349734 0.3351127 0.4349733 0.349288 0.4349733 0.3515886 0.2794437 0.3769971 0.3059655 0.3515885 0.3580414 0.3054157 0.3318688 0.3327687 0.444726 0.3059752 0.3334557 0.3059752 0.162324 0.9295995 0.5827114 0.3769971 0.5575398 0.3515886 0.5575399 0.3054156 0.5575399 0.3327687 0.4349734 0.3351127 0.3858048 0.3351147 0.3580414 0.3350406 0.3318688 0.3349569 0.3059655 0.335089 0.3059655 0.3327687 0.3059655 0.3327687 0.2794437 0.3327687 0.2794437 0.334876 0.2536386 0.3349655 0.2204775 0.3348983 0.2160541 0.3348908 0.2342847 0.3515885 0.2536386 0.3515885 0.2794437 0.3515885 0.3059655 0.3515885 0.3318688 0.3515885 0.3580414 0.3515885 0.3858048 0.349286 0.222396 0.3515885 0.2342847 0.3349217 0.4349733 0.349288 0.1115033 0.3349831 0.1115033 0.3327687 0.6666303 0.3494765 0.6549432 0.3515886 0.6352208 0.3349203 0.6549432 0.3349516 0.1115033 0.3515886 0.1115033 0.3494454 0.5036039 0.3351147 0.5313671 0.3350406 0.5313671 0.3327687 0.5575398 0.3327687 0.5575399 0.3349569 0.5827114 0.3350423 0.5827114 0.3327687 0.6097687 0.3327687 0.6097687 0.3349201 0.6679859 0.3349389 0.673359 0.3349337 0.6549432 0.3494618 0.6352208 0.3515886 0.6097687 0.3515886 0.5827113 0.3515886 0.5575398 0.3515886 0.5827114 0.3493608 0.5575399 0.3494709 0.5313671 0.3493717 0.5036039 0.349286 0.7776197 0.3327687 0.7776197 0.3350292 0.4447039 0.3351123 0.4447039 0.3515886 0.7776197 0.3493902 0.7776197 0.3515886 0.2204776 0.3495275 0.222396 0.3495234 0.222396 0.3349015 0.2160541 0.3495369 0.667986 0.3494781 0.6666302 0.3349402 0.673359 0.349485 0.7776197 0.3350292 0.7776197 0.3493902 0.745926 0.349419 0.745926 0.3350002 0.7068964 0.3349644 0.7068964 0.3494545 0.7257218 0.3349816 0.7257218 0.3494374 0.1475289 0.3515886 0.1636904 0.3494911 0.1115033 0.3349831 0.1475288 0.3349512 0.1475288 0.3494769 0.1115033 0.3494454 0.1869632 0.3349164 0.2160541 0.3515885 0.1869632 0.3515886 0.1636905 0.3515886 0.1636905 0.3349369 0.4349733 0.3515886 0.334536 0.3426306 0.334536 0.3059406 0.3345361 0.3059406 0.334536 0.3426306 0.4349733 0.3327687 0.3858048 0.3327687 0.3580414 0.3327687 0.3318688 0.3327687 0.3059655 0.335089 0.2794437 0.334876 0.2794437 0.3327687 0.2536386 0.3327687 0.2204776 0.3327686 0.2160541 0.3327687 0.2342847 0.3494983 0.2536386 0.3494499 0.2794437 0.3495566 0.3059655 0.3493112 0.3318687 0.349471 0.3580414 0.3493717 0.3858048 0.349286 0.3580414 0.3515886 0.3858048 0.3515885 0.2342847 0.3327687 0.4349733 0.3515886 0.6549432 0.3515886 0.6549432 0.3494618 0.6352208 0.3327687 0.6549432 0.3327687 0.5036039 0.3327687 0.531367 0.3327687 0.5313671 0.3350406 0.5575399 0.3349569 0.5575399 0.3327687 0.5827113 0.3327687 0.5827114 0.3350422 0.6097687 0.3349201 0.6097687 0.3327687 0.6679858 0.3327688 0.673359 0.3327687 0.6352208 0.3515886 0.6352208 0.3494949 0.6097687 0.3494952 0.5827114 0.3493608 0.5575398 0.3515886 0.531367 0.3515886 0.5036039 0.3515886 0.4447039 0.3327687 0.4447039 0.3492884 0.5036039 0.349286 0.4447039 0.3515886 0.6666301 0.3515887 0.222396 0.3515885 0.222396 0.3495234 0.222396 0.3327687 0.2204776 0.3515885 0.2160541 0.3515885 0.222396 0.3327687 0.222396 0.3349015 0.222396 0.3349015 0.222396 0.3495234 0.6679858 0.3515886 0.6666301 0.3515887 0.6666303 0.3494765 0.6666303 0.3494765 0.6666301 0.3327688 0.673359 0.3515885 0.6666302 0.3349402 0.6666301 0.3327688 0.6666302 0.3349402 0.6666303 0.3494765 0.7776197 0.3515886 0.745926 0.3515886 0.7776197 0.3327687 0.745926 0.3327687 0.7068965 0.3327687 0.7068964 0.3515886 0.7257218 0.3515886 0.725722 0.3327687 0.1115033 0.3515886 0.1475289 0.3515886 0.1475289 0.3327687 0.1115033 0.3327687 0.1869632 0.3327687 0.2160541 0.3495369 0.1869632 0.3495114 0.1636905 0.3327687 0.1636904 0.3494911 0.4349733 0.349288  
			<TextureCoords1>: 376 0.9795995 0.3318703 0.8315395 0.9959963 0.9492174 0.9021288 0.7183653 0.3250703 0.5424565 0.6042471 0.00442827 0.1518825 0.00390625 0.3937348 0.1501631 0.5228466 0.680701 0.5225611 0.8001189 0.329434 0.6283963 0.5228466 0.5814644 0.3339821 0.6308611 0.3322394 0.6801201 0.3305017 0.7298184 0.3292552 0.7693634 0.9021523 0.3321658 0.1424944 0.7098434 0.9022399 0.6694905 0.9023021 0.4573422 0.1465346 0.4171272 0.1451695 0.3761114 0.1437773 0.05249694 0.4806341 0.931129 0.3173554 0.7826259 0.5190743 0.6266526 0.9959406 0.2318161 0.1415292 0.00390625 0.6042472 0.272922 0.6042472 0.01137868 0.5267528 0.2659712 0.1518825 0.2659712 0.522496 0.5280365 0.3937348 0.3817797 0.5228466 0.8848511 0.515225 0.7548494 0.324246 0.936336 0.5123615 0.9855979 0.5096216 0.5820783 0.3227867 0.6320739 0.3242806 0.6825685 0.325249 0.8039564 0.996084 0.1311412 0.1418661 0.8650143 0.9958132 0.9048007 0.9955956 0.9500995 0.9953479 0.04716623 0.1454766 0.08719376 0.1432016 0.4794458 0.480634 0.7650783 0.3291552 0.7415692 0.9021909 0.831068 0.9097919 0.5860118 0.8190526 0.7138337 0.807745 0.7113582 0.8101248 0.717525 0.2406608 0.6114475 0.826488 0.7113583 0.7810645 0.7138337 0.7834203 0.02383966 0.7912322 0.7992259 0.4125088 0.2249967 0.9928298 0.6791372 0.4383385 0.03809015 0.8592288 0.7305472 0.4128637 0.06001844 0.9017959 0.6831431 0.4161889 0.09261321 0.937932 0.633793 0.4153463 0.1309915 0.9665727 0.5809561 0.4371517 0.1754059 0.9851124 0.6293826 0.4396748 0.2257816 0.9693595 0.334101 0.05712897 0.7693526 0.8185995 0.05009549 0.7878426 0.181425 0.9606292 0.3789734 0.05945832 0.1432044 0.9429778 0.4199892 0.06085056 0.1083165 0.9194935 0.6266526 0.8201277 0.08197567 0.8839039 0.6693595 0.8175082 0.06137637 0.8479809 0.7097124 0.8174459 0.7113582 0.7480978 0.7138337 0.7505552 0.7801065 0.4341086 0.3253335 0.9960938 0.7138337 0.7747095 0.7113583 0.7771581 0.3257992 0.9729114 0.2322063 0.05773318 0.7523884 0.2409424 0.6143447 0.7898605 0.4244955 0.9960502 0.8806308 0.4306521 0.6048546 0.8610018 0.6830457 0.2406504 0.6346726 0.2373119 0.5854327 0.9047475 0.5846769 0.2358181 0.5560262 0.9426874 0.9808572 0.4243836 0.518336 0.9714743 0.9315953 0.4271235 0.4741492 0.9897235 0.1291187 0.05596823 0.4244335 0.972497 0.5879716 0.7891585 0.8034787 0.91117 0.08328489 0.05723619 0.4684704 0.9654217 0.04157679 0.06193101 0.5060246 0.9479447 0.9496282 0.9091436 0.5376211 0.9261374 0.9043294 0.9093913 0.5626943 0.8888038 0.864543 0.9096088 0.5788897 0.8517659 0.7645631 0.413072 0.02928834 0.8254961 0.7414383 0.8173969 0.05401513 0.8163074 0.7597674 0.9021628 0.7880524 0.3293037 0.7870552 0.413472 0.7871863 0.4168863 0.7596365 0.8173688 0.05144932 0.7978843 0.762704 0.9021583 0.7907445 0.4125416 0.05101381 0.7947097 0.7916619 0.3293436 0.02516115 0.7995051 0.7625815 0.8184026 0.7419163 0.3246375 0.8137299 0.9960938 0.81383 0.9072149 0.8139922 0.9104999 0.7395808 0.2375065 0.7392464 0.2407598 0.8115715 0.996088 0.8118425 0.9127589 0.6134635 0.8004627 0.7444127 0.3245618 0.5873761 0.7977998 0.7420162 0.2428298 0.8775527 0.3194497 0.6805475 0.9959498 0.8742128 0.2329169 0.8743699 0.2363405 0.6804919 0.9125338 0.6804686 0.9091107 0.7468807 0.9959368 0.8084458 0.2388939 0.59134 0.7309663 0.8117139 0.3220788 0.6170464 0.7318373 0.7470395 0.9123902 0.843565 0.3207827 0.8401309 0.2357343 0.7149341 0.9140136 0.7149788 0.9959157 0.8402836 0.239165 0.7148782 0.9105707 0.91772 0.3310134 0.8872443 0.9021369 0.9166514 0.4148986 0.9166008 0.4183114 0.8872377 0.8144426 0.8872333 0.817858 0.8194072 0.9021457 0.01799854 0.7412093 0.8193963 0.8182847 0.8500939 0.3300681 0.848931 0.4135192 0.04367409 0.7380447 0.8900591 0.3306414 0.8888896 0.4132496 0.03899116 0.6981112 0.8594422 0.9021405 0.8888519 0.4166744 0.04240274 0.6976541 0.2483959 0.1416064 0.7656753 0.519577 0.7633776 0.436723 0.308552 0.9956238 0.3093381 0.9721164 0.2487749 0.06022638 0.4998137 0.1479762 0.4601181 0.06475472 0.5319428 0.3357291 0.5844873 0.4196693 0.272922 0.5267528 0.534465 0.5267528 0.5275146 0.1518825 0.009805964 0.1479762 0.9881774 0.9089327 0.5319428 0.3212887 0.5345414 0.23432 0.7632049 0.4331315 0.6788639 0.4348317 0.6293567 0.4361385 0.5813859 0.4335267 0.5330769 0.4235756 0.5319428 0.4270281 0.09033407 0.9406958 0.05736674 0.9041761 0.683894 0.4195734 0.7308407 0.4162554 0.790883 0.416001 0.7991919 0.4159086 0.05732137 0.8152658 0.06462185 0.8465272 0.08480132 0.8818358 0.1107682 0.9167614 0.1448256 0.9398022 0.1823692 0.9571467 0.3339542 0.05350012 0.05479949 0.7972366 0.7648725 0.4165109 0.248716 0.05665535 0.9783325 0.4196693 0.9783831 0.416248 0.5871155 0.8010352 0.5825461 0.8182796 0.6832636 0.2371312 0.7179262 0.2371833 0.9492063 0.8174683 0.9492174 0.8140528 0.8806069 0.4270833 0.931082 0.4235756 0.4751112 0.993137 0.5198926 0.9746423 0.5350965 0.230699 0.5842962 0.2321691 0.5587063 0.9450099 0.5883258 0.9067953 0.6354583 0.2337241 0.7422833 0.2393879 0.7522215 0.237582 0.8312368 0.9062084 0.5754954 0.8506019 0.5596859 0.886857 0.5348754 0.9238718 0.5064096 0.9484452 0.00390625 0.06733066 0.04106624 0.05847424 0.08320291 0.05361319 0.1293074 0.05229735 0.9278252 0.2341226 0.9276927 0.230699 0.7799457 0.4305158 0.3257074 0.9694107 0.6266526 0.9090504 0.6266667 0.9124847 0.7626333 0.8149959 0.7596818 0.8140311 0.02576467 0.803257 0.7694704 0.8152123 0.811412 0.9091968 0.6131493 0.8040497 0.8032712 0.9078585 0.6227463 0.6093804 0.598446 0.6081535 0.5952634 0.6631464 0.6201938 0.6642137 0.8083004 0.2354954 0.7469308 0.9089566 0.6185647 0.6992164 0.5932325 0.6982508 0.03756127 0.6700174 0.8594164 0.8155517 0.00390625 0.6108747 0.0106089 0.6731008 0.03566944 0.6702263 0.02827476 0.6081535 0.8489058 0.4169381 0.05349666 0.7874174 0.04707317 0.7376056 0.8594314 0.8193223 0.01362016 0.7010542 0.3091647 0.9685506 0.6266526 0.7480978 0.6266527 0.7771581 0.6266526 0.8101248 0.6266526 0.7810644 0.7633776 0.436723 0.6791372 0.4383385 0.6293826 0.4396748 0.5809561 0.4371517 0.09261321 0.937932 0.06001844 0.9017959 0.6831431 0.4161889 0.7305472 0.4128637 0.7907445 0.4125416 0.7992259 0.4125088 0.05401513 0.8163074 0.06137637 0.8479809 0.08197567 0.8839039 0.1083165 0.9194935 0.1432044 0.9429778 0.181425 0.9606292 0.2257816 0.9693595 0.3789734 0.05945832 0.334101 0.05712897 0.7645631 0.413072 0.2487749 0.06022638 0.831068 0.9097919 0.5860118 0.8190526 0.6830457 0.2406504 0.717525 0.2406608 0.8806308 0.4306521 0.9315953 0.4271235 0.4741492 0.9897235 0.518336 0.9714743 0.5345414 0.23432 0.5846769 0.2358181 0.5560262 0.9426874 0.5854327 0.9047475 0.6346726 0.2373119 0.7420162 0.2428298 0.7523884 0.2409424 0.864543 0.9096088 0.5788897 0.8517659 0.5626943 0.8888038 0.5376211 0.9261374 0.04157679 0.06193101 0.08328489 0.05723619 0.1291187 0.05596823 0.7801065 0.4341086 0.3257992 0.9729114 0.4244335 0.972497 0.2322063 0.05773318 0.8139922 0.9104999 0.7596365 0.8173688 0.05144932 0.7978843 0.7870552 0.413472 0.7625815 0.8184026 0.7693526 0.8185995 0.7870552 0.413472 0.7871863 0.4168863 0.02576467 0.803257 0.05144932 0.7978843 0.8118425 0.9127589 0.8139922 0.9104999 0.81383 0.9072149 0.5871155 0.8010352 0.7392464 0.2407598 0.8034787 0.91117 0.7395808 0.2375065 0.7392464 0.2407598 0.6131493 0.8040497 0.5871155 0.8010352 0.6266667 0.9124847 0.6804919 0.9125338 0.9278252 0.2341226 0.8743699 0.2363405 0.8084458 0.2388939 0.7470395 0.9123902 0.7149341 0.9140136 0.8402836 0.239165 0.9492063 0.8174683 0.8872333 0.817858 0.9166514 0.4148986 0.9783831 0.416248 0.848931 0.4135192 0.05009549 0.7878426 0.04367409 0.7380447 0.8888896 0.4132496 0.03899116 0.6981112 0.3093381 0.9721164  
			<Normals>: 376 0.003906459 0 -0.9999924 0.09409039 0 -0.9955636 0.007354986 0 0.9999729 -0.09045869 0 0.9959002 1 0 0 0 1 0 0 1 0 0 1 0 -0.9980772 0 -0.06198498 -0.0171515 0 -0.9998529 -0.9672735 0 -0.2537361 -0.8681492 0 -0.4963033 -0.7104559 0 -0.7037417 -0.5033264 0 -0.8640964 -0.2666458 0 -0.9637946 0.01007121 0 0.9999493 0.9969529 0 0.07800569 0.2768729 0 0.9609065 0.478264 0 0.8782161 0.6956933 0 0.7183388 0.8740017 0 0.4859227 0.9568625 0 0.290541 0 1 0 0.003906459 0 0.9999924 -1 0 0 0.007354986 0 -0.9999729 1 0 0 1 0 0 1 0 0 1 0 0 0 1 0 0 1 0 0 1 0 0 1 0 -0.9980772 0 0.06198498 -0.01504576 0 0.9998869 -0.9672735 0 0.2537361 -0.8681492 0 0.4963033 -0.7104559 0 0.7037417 -0.5033264 0 0.8640964 -0.2681082 0 0.9633888 0.01342816 0 -0.9999099 0.9969529 0 -0.07800569 0.2786731 0 -0.960386 0.4767638 0 -0.8790314 0.7059003 0 -0.7083113 0.8692125 0 -0.4944388 0.9568625 0 -0.290541 0 1 0 -0.0910393 0 -0.9958473 0.06314398 0 0.9980044 0.09409039 0 -0.9955636 0 1 0 1 0 0 1 0 0 -0.09045869 0 0.9959002 0 1 0 1 0 0 1 0 0 -0.003082449 0.9999952 0 -0.01712099 0 -0.9998534 0 0.9998877 0.01498473 -0.998041 0 -0.06256448 0 1 0 -0.2666458 0 -0.9637946 -0.02258421 0.9995647 0.01898294 -0.5013983 0 -0.8652165 -0.004486232 0.9999719 -0.006012161 -0.7104559 0 -0.7037417 0.01590032 0.9996144 -0.02276706 -0.8692462 0 -0.4943796 0 1 0 -0.9672735 0 -0.2537361 0 0.9999062 0.0137032 0.9968953 0 0.0787384 0.0100407 0 0.9999496 -0.00305193 0.9999954 0 0 1 0 0.9568625 0 0.290541 0.01663268 0.9995783 -0.02380457 0.8747439 0 0.4845853 -0.006012165 0.9999726 -0.004333642 0.6958641 0 0.7181735 -0.02005111 0.9996564 0.01687712 0.4774124 0 0.8786793 0 1 0 0.2768729 0 0.9609065 1 0 0 1 0 0 -1 0 0 0 0.9973852 -0.07226854 1 0 0 1 0 0 0 0.9973852 -0.07226854 1 0 0 -0.01355063 0 0.9999082 -0.1264419 0.9919723 -0.001861684 0 1 0 -0.9980772 0 0.06198498 0 1 0 -0.2681082 0 0.9633888 -0.5033264 0 0.8640964 0 1 0 -0.7104559 0 0.7037417 0 1 0 -0.8681492 0 0.4963033 0 1 0 -0.9672735 0 0.2537361 0 1 0 0.9969529 0 -0.07800569 0 1 0 -0.1326353 0.991163 -0.001953211 0.01278738 0 -0.9999182 0.9568625 0 -0.290541 0 1 0 0.8692125 0 -0.4944388 0 1 0 0.7059003 0 -0.7083113 0 1 0 0.4767638 0 -0.8790314 0 1 0 0.2786731 0 -0.960386 0 1 0 -0.0910393 0 -0.9958473 0 1 0 0.06314398 0 0.9980044 0 1 0 0.01278738 0 0.9999182 -0.03820926 0 -0.9992698 -0.02755888 0.6929089 -0.7204983 -0.02755888 0.6929089 -0.7204983 0.01278738 0 0.9999182 0.009247384 0.6893726 0.7243479 0.01275687 0 0.9999187 -0.03820926 0 -0.9992698 0.1557998 0.9877187 -0.01174984 -0.03820926 0 -0.9992698 0.1633076 0.9864986 -0.01229919 0.121896 0.6885875 0.7148346 -0.03405968 0 0.9994198 0.01953229 0 -0.9998092 0.01388632 0.7030753 -0.7109798 0.01388632 0.7030753 -0.7109798 -0.0241715 0.7039949 0.7097936 -0.0241715 0.7039949 0.7097936 0.01953229 0 -0.9998092 0.01953229 0 -0.9998092 0.2778506 0.9602998 0.02496505 -0.03405968 0 0.9994198 0.2617338 0.9648382 0.02414079 -0.03405968 0 0.9994198 0.003906459 0 0.9999924 0.007354986 0 -0.9999729 -0.01535106 0.704348 0.7096888 -0.01574771 0.7043437 0.7096844 -0.01333709 0.7032647 -0.710803 -0.01269574 0.7032707 -0.7108088 0.007354986 0 -0.9999729 0.003906459 0 0.9999924 0.02746719 0.9996226 -0.0003967483 0.003906459 0 0.9999924 0.02810759 0.9996049 -0.0003967413 0.007354986 0 -0.9999729 0.003906459 0 0.9999924 0.004303185 0.7045626 0.7096288 0.006836404 0.703173 -0.710986 0.007354986 0 -0.9999729 0.003967481 0.7045636 0.7096298 0.006256419 0.703191 -0.7109734 0.003906459 0 -0.9999924 0.007354986 0 0.9999729 -0.01773176 0.6929729 -0.7207455 -0.01721272 0.6929951 -0.7207368 -0.01461879 0.6892804 0.7243472 -0.0151375 0.6892751 0.7243416 0.007354986 0 0.9999729 0.009827086 0.9999517 -3.05189E-05 0.007354986 0 0.9999729 0.003906459 0 -0.9999924 0.003906459 0 -0.9999924 0.009918634 0.9999509 -3.051887E-05 0.003906459 0 -0.9999924 -0.006073278 0.6930557 -0.7208585 -0.003967487 0.6893662 0.7244021 0.007354986 0 0.9999729 -0.006592079 0.6930534 -0.7208561 -0.003570744 0.6893672 0.7244033 0.9999999 0 -0.0004272721 -1 0 0 -1 0 0 0 0.9983228 -0.05789369 0 0.9983209 -0.05792587 0.9999999 0 -0.0004272721 0.478264 0 0.8782161 0.6958641 0 0.7181735 -0.9672735 0 -0.2537361 -0.8692462 0 -0.4943796 1 0 0 1 0 0 0 1 0 0.7059003 0 -0.7083113 0.8692125 0 -0.4944388 -0.8681492 0 0.4963033 -0.8681492 0 0.4963033 -0.6892771 0.723184 -0.043612 -0.6895183 0.7234555 -0.03430348 -0.668026 0.7228683 -0.1766428 -0.5921264 0.7203971 -0.3611294 -0.4966962 0.7144796 -0.4927593 -0.4974953 0.7144877 -0.4919409 -0.4974953 0.7144877 -0.4919409 -0.3726084 0.7139652 -0.5928041 -0.3639738 0.7136034 -0.598576 -0.1858927 0.7047502 -0.6846686 0.08087574 0.6867419 -0.7223882 -0.01452705 0.6930563 -0.720737 0.04263517 0.6927834 0.7198843 0.192574 0.7047111 0.6828597 0.3207557 0.7038925 0.6337596 0.4786578 0.7222594 0.4992275 0.6213094 0.7148507 0.3208787 0.6605207 0.7225657 0.2039884 0.6854319 0.7254121 0.0629307 0.009247384 0.6893726 0.7243479 -0.06280813 0.6960472 -0.7152436 0.6860989 0.7261704 -0.04410003 -0.001434386 0.6930525 -0.7208857 -0.001434386 0.6930525 -0.7208857 0.01388632 0.7030753 -0.7109798 0.06274745 0.7077705 -0.7036504 -0.1861069 0.7143965 0.6745382 -0.06106875 0.7074332 0.7041371 0.001068155 0.6893872 0.7243922 0.001068155 0.6893872 0.7243922 -0.6892623 0.7231684 0.04409936 -0.668026 0.7228683 0.1766428 -0.6686184 0.7229124 0.1742046 -0.6035488 0.719644 0.3432806 -0.601956 0.7195761 0.3462071 -0.4945937 0.720283 0.4863841 -0.4912686 0.7204072 0.4895595 -0.3517959 0.7197366 0.598514 -0.3467234 0.7195098 0.601738 0.2130219 0.678313 0.7032164 -0.08960415 0.7021534 0.7063651 0.06976717 0.7082924 -0.7024632 0.1941004 0.7142344 -0.6724539 0.3286348 0.7182173 -0.6133214 0.4899872 0.7229714 -0.4870574 0.6061126 0.7161651 -0.3460274 0.4857703 0.7231162 -0.4910501 0.6070803 0.7162157 -0.3442217 0.6620483 0.7227811 -0.1981903 0.6858524 0.7258933 -0.05182118 0.002777247 0.7045052 0.7096934 0.002777247 0.7045052 0.7096934 -0.6890373 0.7229444 -0.05078434 0.6857725 0.7257835 -0.05435517 0.005218802 0.7032259 -0.7109473 0.005218802 0.7032259 -0.7109473 0.1485656 0.6871009 0.7112107 0.2613671 0.6750863 0.6898882 0 1 0 0.00515782 0.6893777 0.7243838 0.3127964 0.6800401 -0.6631016 0 1 0 -0.08627722 0.6998312 -0.7090786 0 1 0 0 1 0 -0.02624649 0.9996555 0.0002441534 -0.025911 0.9996642 0.0002441555 0.02212683 0.7044879 0.709371 0.02475083 0.7028809 -0.7108768 0.001587009 0.9999988 -0.0001220776 0.002563625 0.9999968 -0.0001220774 -0.0151375 0.6892751 0.7243416 -0.003967487 0.6893662 0.7244021 -0.006134292 0.9999812 0 -0.02939008 0.999568 9.155789E-05 -0.02935959 0.9995689 9.155797E-05 -0.006134292 0.9999812 0 0.009674653 0.6930043 -0.7208685 0.00515782 0.6893777 0.7243838 0.01220791 0.6893499 0.7243256 0.007354986 0 0.9999729 -0.01300098 0.9999155 0 0.6861951 0.726267 -0.04089582 1 0 0 1 0 0 1 0 0 1 0 0 -0.6893723 0.7232794 -0.04040769 -0.6896045 0.7235414 -0.03054939 -0.6686184 0.7229124 -0.1742046 -0.5928363 0.7204372 -0.3598829 -0.4966962 0.7144796 -0.4927593 -0.3639738 0.7136034 -0.598576 -0.3726084 0.7139652 -0.5928041 -0.1919023 0.7049844 -0.6827667 0.06930906 0.6877802 -0.7226026 -0.01446602 0.6930569 -0.7207376 0.04818976 0.6932732 0.7190619 0.1994744 0.7049662 0.6806118 0.3217036 0.7038963 0.6332747 0.4844017 0.7224519 0.4933743 0.621961 0.714924 0.3194497 0.6620483 0.7227811 0.1981903 0.6854319 0.7254121 0.0629307 0.6605207 0.7225657 0.2039884 0.6853123 0.7252927 0.06555559 -0.06769074 0.696409 -0.7144456 0.6861951 0.726267 -0.04089582 0.06274745 0.7077705 -0.7036504 0.06976717 0.7082924 -0.7024632 -0.188853 0.7144553 0.6737121 -0.06653123 0.7078557 0.7032169 -0.689337 0.7232438 0.04162818 -0.6686184 0.7229124 0.1742046 -0.668026 0.7228683 0.1766428 -0.601956 0.7195761 0.3462071 -0.6035488 0.719644 0.3432806 -0.4912686 0.7204072 0.4895595 -0.4945937 0.720283 0.4863841 -0.3467234 0.7195098 0.601738 -0.3517959 0.7197366 0.598514 0.1320556 0.6904919 0.7111837 -0.09641106 0.7017345 0.7058851 0.1941004 0.7142344 -0.6724539 0.1958416 0.7142708 -0.6719102 0.3342798 0.7185505 -0.6098706 0.4857703 0.7231162 -0.4910501 0.6061126 0.7161651 -0.3460274 0.6605207 0.7225657 -0.2039884 0.6857035 0.7257446 -0.0557279 -0.6889138 0.7228208 -0.05411084 0.6858824 0.7259232 -0.05099713 0.6858524 0.7258933 -0.05182118 0.6857725 0.7257835 -0.05435517 0.01953229 0 -0.9998092 0.2613671 0.6750863 0.6898882 0 1 0 -0.03820926 0 -0.9992698 0.01275687 0 0.9999187 0.00515782 0.6893777 0.7243838 0.1776526 0.6742619 -0.7168058 0.1776526 0.6742619 -0.7168058 0.3174279 0.9479805 -0.02392688 0.3174279 0.9479805 -0.02392688 0.1775611 0.7006003 -0.6911088 0.6646985 0.5461637 -0.5097853 0.6646985 0.5461637 -0.5097853 0 1 0 -0.03405968 0 0.9994198 -0.1028792 0.6985777 -0.7080996 0.5260007 0.580966 0.6211295 0.5260007 0.580966 0.6211295 0.7243651 0.6878645 0.04623607 0.7243651 0.6878645 0.04623607 0.007354986 0 -0.9999729 0.007354986 0 -0.9999729 0.003906459 0 0.9999924 0.003906459 0 0.9999924 0.02282843 0.7044767 0.7093598 0.02484233 0.7028793 -0.7108752 0.007354986 0 -0.9999729 0.003906459 0 0.9999924 0.007354986 0 0.9999729 0.007354986 0 0.9999729 0.003906459 0 -0.9999924 0.003906459 0 -0.9999924 0.009674653 0.6930043 -0.7208685 0.00515782 0.6893777 0.7243838 0.01211609 0.6893355 0.7243409 0.003906459 0 -0.9999924 -0.01312303 0.9999139 0 0.6860989 0.7261704 -0.04410003  
			<Tangents>: 376 -0.9999893 -0.002483778 -0.003906447 0.9955637 -8.969594E-07 0.09409039 -0.9999729 0 0.007354986 0.9959002 -1.010136E-06 0.09045869 0 -2.998981E-07 1 -1 0 4.94612E-10 -1 0 -7.663827E-07 -1 0 5.941034E-07 -0.06198224 -0.009400276 0.998033 -0.9998529 -3.154275E-06 0.0171515 -0.2537361 0 0.9672735 -0.4962835 0.008936147 0.8681145 -0.703714 -0.008869111 0.710428 -0.8640964 -6.745572E-07 0.5033264 -0.9637946 2.188367E-06 0.2666458 -0.9999476 -0.001832229 0.0100712 -0.07800569 -4.370828E-07 0.9969529 -0.9609066 9.388125E-08 0.2768729 -0.8781268 -0.01426392 0.4782153 -0.7183095 0.009040042 0.6956649 -0.4859228 -8.430883E-07 0.8740017 -0.290541 -7.14683E-07 0.9568626 -1 0 5.045725E-07 0.9999924 7.712592E-08 -0.003906459 0 -9.766822E-08 1 0.9999729 -2.110993E-07 0.007354986 0 0.0026163 0.9999966 0 4.292519E-08 1 0 -3.419235E-07 1 0 -5.914649E-08 1 -1 0 5.215711E-08 -1 0 7.641666E-08 -1 0 2.11324E-07 -1 0 2.776336E-07 0.06198498 -4.988748E-07 0.9980771 0.9998868 0 0.01504576 0.2537361 -5.388333E-07 0.9672735 0.4963033 2.379016E-07 0.8681492 0.7037417 -6.578807E-07 0.7104559 0.8640964 -6.158451E-07 0.5033264 0.9633888 -5.78724E-07 0.2681082 0.9999067 0.002509472 0.01342812 0.07800569 7.76015E-08 0.9969529 0.960386 -8.856275E-07 0.2786731 0.8790314 0 0.4767638 0.7083113 0 0.7059003 0.4944388 1.499865E-07 0.8692124 0.290541 0 0.9568626 -1 0 1.605554E-07 -0.9958473 -5.164178E-07 0.0910393 -0.9980044 0 0.06314398 0.9955637 -1.976644E-07 0.09409039 0.9952925 0 0.09691643 0 1 1.953237E-06 0 1 4.147594E-08 0.9959002 -5.429326E-05 0.09045869 0.9940126 0 0.1092657 0 1 1.755497E-07 0 1 1.149308E-05 -0.9999928 -0.003082442 0.002185277 -0.9998469 -0.003604969 0.01712087 -0.04928394 -0.01496653 0.9986727 -0.06255386 -0.01842466 0.9978715 -0.9582823 0 0.2858234 -0.9637946 -3.812902E-05 0.2666458 -0.8496657 -0.0291965 0.5265129 -0.8650972 -0.01661162 0.5013292 -0.7313439 0.0008193887 0.6820083 -0.7037113 -0.009297738 0.7104252 -0.4757611 0.02759087 0.8791417 -0.494373 0.005168524 0.8692345 -0.2608593 0 0.9653768 -0.2537361 -6.257575E-05 0.9672735 -0.05875395 -0.01367952 0.9981788 -0.07873462 -0.009796075 0.9968475 -0.9999355 -0.005311516 0.01004055 -0.9999909 -0.003051916 0.002979643 -0.2795559 0 0.9601294 -0.290541 -3.997603E-06 0.9568626 -0.4774775 0.02885836 0.87817 -0.4844712 0.02170497 0.8745379 -0.7332385 -0.001461645 0.67997 -0.7168298 -0.06114365 0.6945621 -0.8646203 -0.02581377 0.5017623 -0.8782911 -0.02972152 0.4772015 -0.9599708 0 0.2801001 -0.9609066 3.320033E-07 0.2768729 0 1 1.52083E-07 0 1 1.609212E-05 0 0.01667663 0.9998609 -2.897312E-05 0.07226854 0.9973852 0 1 -1.02758E-05 0 1 -1.620541E-07 -7.961904E-05 0.07226854 0.9973852 0 0.01879523 0.9998233 0.9995761 0.0257706 0.01354613 0.9919725 0.1264448 0.001520573 0.043555 0 0.999051 0.06198498 -3.501781E-06 0.9980771 0.9566454 0 0.291255 0.9633888 -3.777971E-06 0.2681082 0.8640964 -3.115069E-06 0.5033264 0.8551107 0 0.5184455 0.7037417 -6.875835E-05 0.7104559 0.729986 0 0.6834621 0.4963033 -2.454717E-06 0.8681492 0.4725089 0 0.8813259 0.2537361 5.711924E-05 0.9672735 0.2708871 0 0.9626111 0.07800569 5.575667E-05 0.9969529 0.0519415 0 0.9986501 0.9911604 0.1326403 0.002762213 0.9993142 0.03475204 0.01277966 0.290541 0.0001077965 0.9568625 0.2793868 0 0.9601786 0.4944388 -0.0001869598 0.8692124 0.4841707 0 0.8749736 0.7083113 0 0.7059003 0.7187132 0 0.6953067 0.8790314 -2.003215E-06 0.4767638 0.8715224 0 0.4903558 0.960386 -5.237986E-06 0.2786731 0.9568806 0 0.2904815 -0.9958473 -2.642356E-05 0.0910393 -0.9946353 0 0.1034432 -0.9980044 3.604115E-06 0.06314398 -0.9967173 0 0.08095999 -0.9999182 1.266688E-06 0.01278738 -0.9992691 0.001121949 0.03820923 -0.9983043 0.01789282 0.05539256 -0.998201 0.0193182 0.05675939 -0.9990111 0.04258695 0.01277578 -0.9997934 0.0194889 -0.005784015 -0.9999158 0.002357019 0.01275683 -0.9946896 0.09563497 0.03803413 -0.9876471 0.1559678 0.01507584 -0.9992698 1.928627E-06 0.03820926 -0.9859616 0.1636329 0.03322566 -0.9894086 0.1414906 0.03242197 0.9994187 -0.00144901 0.03405965 0.9998092 1.319626E-06 0.01953229 0.9995327 -0.02912535 -0.009279412 0.999763 -0.02168651 -0.001918782 0.9978719 -0.02601959 0.05978882 0.998199 -0.02199744 0.05581066 0.9998064 -0.00237385 0.01953224 0.9994923 0.02517731 0.0195261 0.9601522 -0.2784349 0.0241198 0.9993171 0.01433457 0.03405619 0.9649453 -0.2621017 0.01353827 0.999339 0.01271554 0.03405693 0.9999793 0.005122255 -0.003906407 0.9999729 -3.479631E-08 0.007354986 0.9997438 0.02261885 -0.0008234858 0.9997334 0.02307558 -0.0007181094 0.9997842 0.02069983 0.001720933 0.9997452 0.02219515 0.004103339 0.9999616 -0.004759696 0.007354903 0.9998744 -0.01536304 -0.003905998 0.9996126 -0.02746512 0.004511584 0.9999924 4.880724E-08 -0.003906459 0.999604 -0.02810702 0.001383385 0.9997805 -0.01961617 0.007353571 0.9999728 -0.0062636 -0.003906382 0.9999883 -0.001475104 -0.004599351 0.9999347 0.001703115 0.01129916 0.9999506 0.006677468 0.007354822 0.9999908 -0.003949835 -0.001669228 0.9999679 -0.000835115 0.007973537 -0.9999868 -0.003350166 -0.003906437 -0.9999715 -0.001710176 0.007354976 -0.9997141 -0.0238549 0.001659238 -0.9997133 -0.02392917 0.0008671492 -0.9997044 -0.02415006 0.002804871 -0.9997339 -0.02304449 0.001036139 -0.9999675 0.003318114 0.007354946 -0.9999515 0.009827103 0.0006545585 -0.9999303 0.009233947 0.007354673 -0.9999917 -0.00117714 -0.003906456 -0.9999799 0.004997191 -0.00390641 -0.9999421 0.009918675 0.004168909 -0.9999829 0.004357324 -0.003906421 -0.9999719 -0.007377006 0.001332344 -0.999964 -0.008166582 0.002294888 -0.9999635 -0.004362453 0.007354917 -0.9999535 -0.009639455 -0.000123304 -0.9999544 -0.008876235 0.003517936 0.0004272412 -0.01203172 0.9999275 0 0.00296248 0.9999956 0 0.01226589 0.9999248 6.319626E-05 0.05789369 0.9983227 0.0001603034 0.05792587 0.9983209 0.0004272697 -0.00334327 0.9999943 -0.8782161 0 0.478264 -0.717287 0.04967097 0.6950051 -0.2537361 -2.379701E-07 0.9672735 -0.4940029 0.03902587 0.868584 0 -3.912323E-07 1 0 -2.866125E-07 1 -1 0 4.184697E-08 0.7083113 3.101824E-07 0.7059003 0.4944388 0 0.8692124 0.4963033 -1.269179E-06 0.8681492 0.4963033 -3.646073E-06 0.8681492 -0.02959451 0.03204119 0.9990483 -0.05772782 -0.007684138 0.9983028 -0.2544565 0.001168733 0.9670835 -0.4949364 0.02854205 0.8684603 -0.6319779 0.09141568 0.7695759 -0.6315398 0.09045695 0.7700487 -0.766224 -0.09606481 0.6353522 -0.8335137 0.02333065 0.552006 -0.8885148 -0.07323641 0.4529656 -0.9627103 0.008753136 0.2703929 -0.9922796 0.1238425 0.006639781 -0.9998925 -0.01151622 0.009079735 -0.9977918 -0.007203775 0.06602683 -0.9594254 -0.01083869 0.2817542 -0.8767394 -0.03253242 0.4798642 -0.7237663 0.002699223 0.6900399 -0.4861113 0.03046946 0.8733656 -0.2934054 -0.001674325 0.9559866 -0.0610742 -0.02884537 0.9977163 -0.9998991 -0.001439154 0.01413487 -0.995618 0.006051276 0.09331769 0.04493475 0.01820302 0.9988241 -0.9999737 -0.006122417 -0.00389633 -0.9999735 -0.006142223 -0.003915372 0.9990035 -0.03991809 -0.0199625 0.9979139 -0.03376596 0.0550245 0.9617199 -0.008095479 0.2739149 0.9954975 -0.008067537 0.09444331 -0.9999689 -0.004923099 0.006159707 -0.9999614 -0.005582844 0.006787559 0.05200745 -0.01132526 0.9985825 0.1881052 -0.06563108 0.9799536 0.3188651 0.06709272 0.9454225 0.4363391 -0.06223374 0.8976275 0.5537565 0.06379461 0.8302313 0.6494097 -0.06565511 0.7575992 0.7499664 0.06402434 0.6583701 0.8266254 -0.06115709 0.5594196 0.8956805 0.06352363 0.4401377 0.9770083 -0.1543276 -0.147098 0.9957585 0.07802742 0.04875223 0.9904109 0.03499236 0.1336482 0.9582437 0.00868898 0.285821 0.8805447 0.001826645 0.4739596 0.7065118 -0.002063836 0.7076982 0.5317866 -0.04137209 0.8458673 0.6372523 0.09153859 0.7651995 0.4937533 -0.0005753084 0.8696018 0.2830274 0.003745798 0.9591045 0.06029843 0.01428002 0.9980782 0.9999925 -3.323392E-05 -0.003880285 0.9999942 -0.0005737897 -0.003343688 -0.02536467 0.04597461 0.9986205 0.02619731 0.05001913 0.9984046 0.9999732 -1.471661E-05 0.007325877 0.999973 9.279351E-06 0.007349611 -0.9859263 0.1586701 0.0526601 -0.9368088 0.3496073 0.01280767 -0.9993364 0 0.03642622 -0.9999252 -0.004478162 0.01138151 0.9488174 -0.1916439 0.2510341 0.9994525 0 0.03308586 0.9958186 0.08203006 -0.04020606 0.9999924 0 0.003898687 0.999979 0 0.006473769 0.999653 0.02624588 0.00224299 0.9996639 0.02591119 -0.0008016206 0.9996864 -0.02391619 -0.007430843 0.9996498 -0.02405988 0.01101588 0.9999987 -0.001587057 -0.0003927487 0.9999905 -0.00256318 0.003518411 -0.9989572 -0.04163396 0.0187419 -0.9990987 -0.03334806 0.02626319 -0.9999725 -0.006134239 0.004172184 -0.999567 -0.02938992 -0.001456165 -0.9995678 -0.02935969 0.001486122 -0.99996 -0.006134163 0.006504215 -0.9999469 0.009259294 -0.004518729 -0.9999412 -0.00335264 0.01031049 -0.9999246 0.009376679 0.007928993 -0.9999151 -0.01075828 0.007354561 -0.9999153 -0.01300097 0.0005659921 -0.0439706 0.09753096 0.9942607 0 1 0 0 1 0 0 1 0 0 1 0 -0.02174795 0.03509129 0.9991475 -0.05390238 -0.00921529 0.9985037 -0.2509802 0.001132332 0.9679915 -0.4550062 0.0690717 0.8878054 -0.7204778 -0.02285075 0.6931015 -0.8599785 -0.01065684 0.510219 -0.8608786 -0.02743042 0.5080704 -0.9607306 0.00713084 0.2773912 -0.9930323 0.1167661 0.0158916 -0.9998943 -0.01106664 0.009427405 -0.9972535 -0.007141243 0.0737186 -0.9598285 0.0006961716 0.2805865 -0.8714271 -0.04146113 0.4887697 -0.7228928 0.01291156 0.6908395 -0.481122 0.02703157 0.8762368 -0.2829394 -0.003833372 0.9591301 -0.0653592 -0.02478246 0.997554 -0.2905054 -0.004572529 0.9568624 -0.0702191 -0.02378786 0.9972479 -0.995082 0.004779979 0.09893917 0.02999141 0.02792568 0.99916 0.9946764 0.0133955 0.1021734 0.9951969 -0.0009440074 0.09788902 0.9608886 -0.007064185 0.2768449 0.9949996 -0.005551107 0.09972447 0.04945782 -0.01034492 0.9987226 0.2484857 -0.003593047 0.9686289 0.2636104 0.007898336 0.9645969 0.4851381 -0.01481594 0.874312 0.5518556 0.06628587 0.8313012 0.7046912 -0.001604525 0.7095124 0.716127 0.02062902 0.6976651 0.8606412 -0.0110295 0.5090925 0.8632667 0.002220102 0.5047432 0.9911337 -0.1025991 -0.08442389 0.9951821 0.0806568 0.05574125 0.9585173 0.007774282 0.2849284 0.9584419 0.005528931 0.2852344 0.8741269 0.005553371 0.4856658 0.7149239 -0.00547074 0.6991808 0.4752403 0.02276463 0.8795615 0.2907265 0.00435177 0.9567963 0.06462127 0.01556144 0.9977885 -0.02899372 0.04711238 0.9984687 0.02483169 0.04669109 0.9986007 0.06301045 0.01170803 0.9979442 0.02776248 0.04854254 0.9984352 0.9988895 -0.04288305 0.01951433 -0.9650046 0.1985222 0.1713332 -0.9997454 0 0.02256627 -0.9986784 0.03439793 0.03818665 -0.9923931 0.1224562 0.01266086 -0.999942 -0.003294175 0.01025486 -0.9827567 0.1595052 -0.09352737 -0.9826517 0.1609545 -0.09213811 -0.9475631 0.3180687 0.03092821 -0.9479944 0.3178523 0.01663145 0.9836012 -0.1037668 0.1475169 0.7469724 -0.4990016 0.4393513 0.7467304 -0.5074662 0.4299671 0.9996609 0 0.02604021 0.9984694 -0.04360208 0.03402729 0.994217 0.09425794 -0.05145853 0.8483343 -0.4102984 -0.3346404 0.8487127 -0.4056755 -0.3392848 0.6885164 -0.7252166 0.002454052 0.6888005 -0.724923 -0.006365501 0.9999729 6.928857E-08 0.007354986 0.9998582 0.01514907 0.007354143 0.9999924 -4.25777E-05 -0.003906459 0.9997943 0.01990278 -0.003905685 0.9997062 -0.02186845 -0.01045436 0.9996528 -0.02371432 0.0114864 0.9999571 0.005620805 0.00735487 0.9999733 -0.006178415 -0.003906384 -0.9999657 -0.003821917 0.007354933 -0.9998277 -0.0170399 0.007353919 -0.9998208 -0.01852638 -0.003905788 -0.9999735 -0.006146948 -0.003906385 -0.9999528 0.007356978 -0.006347591 -0.9999688 -0.0007794036 0.007861804 -0.999922 0.01055442 0.006681397 -0.9999896 -0.002350688 -0.003906448 -0.9999027 -0.01312288 0.004729133 0.02847994 0.03376196 0.999024  
			<BiTangents>: 376 0.002483759 -0.9999969 9.702777E-06 8.929801E-07 1 8.439525E-08 0 1 0 -1.005994E-06 -1 -9.137557E-08 0 1 2.998981E-07 -4.94612E-10 0 -1 7.663827E-07 0 -1 -5.941034E-07 0 -1 0.0005826759 -0.9999558 -0.0093822 3.15381E-06 -1 -5.410052E-08 0 -1 0 -0.004435039 -0.9999601 0.007757909 0.006241563 -0.9999607 -0.006301112 5.828825E-07 -1 -3.395224E-07 -2.109137E-06 -1 5.835189E-07 -0.001832136 0.9999983 1.845276E-05 -3.409495E-08 1 4.35751E-07 9.02111E-08 1 -2.599318E-08 -0.0125268 0.9998983 0.006821917 0.006493813 0.9999591 -0.006289097 -4.096758E-07 1 7.368607E-07 -2.076447E-07 1 6.838534E-07 -5.045725E-07 0 -1 7.712533E-08 -1 -3.012892E-10 0 -1 -9.766822E-08 2.110936E-07 1 1.552632E-09 0 0.9999966 -0.0026163 0 1 -4.292519E-08 0 1 3.419235E-07 0 1 5.914649E-08 -5.215711E-08 0 -1 -7.641666E-08 0 -1 -2.11324E-07 0 -1 -2.776336E-07 0 -1 -3.092274E-08 -1 -4.979156E-07 0 -1 0 -1.367215E-07 -1 -5.211992E-07 1.180713E-07 -1 2.065341E-07 -4.629781E-07 -1 -4.673953E-07 -5.321495E-07 -1 -3.099711E-07 -5.575362E-07 -1 -1.551606E-07 -0.002509246 0.9999969 -3.36976E-05 -6.053359E-09 1 -7.736504E-08 8.505443E-07 1 2.468005E-07 0 1 0 0 1 0 -7.415913E-08 1 -1.303701E-07 0 1 0 -1.605554E-07 0 -1 5.142733E-07 -1 -4.701432E-08 0 1 0 1.967875E-07 1 1.859832E-08 -0.09691643 0 0.9952925 0 1.953237E-06 -1 0 4.147594E-08 -1 -5.407068E-05 -1 -4.911298E-06 -0.1092657 0 0.9940126 0 1.755497E-07 -1 0 1.149308E-05 -1 -0.002185267 -6.736005E-06 -0.9999976 0.003604441 -0.9999935 -6.172064E-05 -0.9987848 0.0007385067 -0.0492784 0.001152729 -0.9998303 -0.01838857 -0.2858234 0 -0.9582823 3.674854E-05 -1 -1.016694E-05 -0.5268379 0.004238278 -0.8499552 0.01437265 -0.999862 -0.008329039 -0.6819941 -0.007456604 -0.7313197 0.006543206 -0.9999568 -0.006605633 -0.8794308 0.003146952 -0.4760163 -0.002555213 -0.9999866 0.00449272 -0.9653768 0 -0.2608593 1.587773E-05 -1 -6.052786E-05 -0.9982725 0.0008051168 -0.05874843 -0.0007713272 0.999952 0.00976566 -0.005311248 0.9999859 5.333131E-05 -0.002979629 -9.093662E-06 -0.9999956 -0.9601294 0 -0.2795559 -1.161468E-06 1 3.825157E-06 -0.8784866 0.003240174 -0.4777561 0.01051791 0.9997644 -0.01898629 -0.679945 -0.007265685 -0.7332272 -0.04391175 0.998129 0.04254767 -0.5020256 0.004531405 -0.8648409 -0.02611569 0.9995582 0.01418942 -0.2801001 0 -0.9599708 3.190241E-07 1 -9.192271E-08 0 1.52083E-07 -1 0 1.609212E-05 -1 0 -0.9998609 0.01667663 -1 -2.093845E-06 -2.889736E-05 0 -1.02758E-05 -1 0 -1.620541E-07 -1 -1 -5.753952E-06 -7.941086E-05 0 0.9998233 -0.01879523 0.02576823 -0.9996679 0.0003492078 -0.001743766 0.001654475 0.9999971 -0.999051 0 0.043555 -2.170578E-07 -1 -3.495047E-06 -0.291255 0 0.9566454 -3.639655E-06 -1 -1.012905E-06 -2.69172E-06 -1 -1.567896E-06 -0.5184455 0 0.8551107 -4.838812E-05 -1 -4.884978E-05 -0.6834621 0 0.729986 -1.218284E-06 -1 -2.131061E-06 -0.8813259 0 0.4725089 1.449322E-05 -1 5.524993E-05 -0.9626111 0 0.2708871 -4.349338E-06 1 -5.558678E-05 -0.9986501 0 0.0519415 -0.002996878 0.001569578 0.9999942 -0.0347492 0.999396 -0.0004443876 -3.131929E-05 1 -0.0001031464 -0.9601786 0 0.2793868 9.244018E-05 1 0.0001625078 -0.8749736 0 0.4841707 0 1 0 -0.6953067 0 0.7187132 1.760889E-06 1 9.550605E-07 -0.4903558 0 0.8715224 5.030488E-06 1 1.459686E-06 -0.2904815 0 0.9568806 2.631383E-05 -1 -2.405582E-06 -0.1034432 0 -0.9946353 3.596923E-06 1 -2.275782E-07 -0.08095999 0 -0.9967173 1.266584E-06 1 -1.619762E-08 -0.00112113 -0.9999994 4.286883E-05 -0.05127374 -0.7208031 -0.6912408 -0.05324781 -0.7207663 -0.6911299 0.04258347 0.9990928 -0.0005445755 0.01810409 0.7241447 -0.6894104 0.002356828 0.9999973 -3.006818E-05 -0.09556514 -0.9954165 0.003654141 -0.01672329 -0.009255879 -0.9998173 -1.927218E-06 -1 7.36914E-08 -0.03478961 -0.006700526 -0.9993722 0.07881698 0.7112156 -0.6985415 -0.001448169 -0.9999989 -4.935282E-05 -1.319375E-06 1 -2.577533E-08 0.02723166 0.7105187 0.7031512 0.01676772 0.7107846 0.7032098 -0.06055956 -0.7097282 0.7018678 -0.05490405 -0.7098643 0.7021953 0.002373398 0.9999972 4.636675E-05 -0.02517251 0.999683 -0.0004917707 -0.03011338 -0.01726855 0.9993973 0.01432625 -0.9998972 0.0004882308 -0.01938958 -0.01975112 0.9996169 0.01270816 -0.9999192 0.0004330873 0.005122215 -0.9999869 -2.000987E-05 3.479537E-08 1 2.559264E-10 0.01663236 -0.7094944 0.7045148 0.01688218 -0.709484 0.7045193 -0.01592378 0.7106267 0.703389 -0.01866226 0.7105756 0.7033733 0.004759567 0.9999887 3.50075E-05 -0.01536292 -0.999882 6.001509E-05 -0.004498985 0.0005205151 0.9999897 4.880686E-08 -1 -1.906635E-10 -0.001371687 0.0004354677 0.9999989 0.01961564 0.9998076 0.0001442767 -0.006263552 -0.9999804 2.446849E-05 0.002193755 -0.7096403 0.7045608 -0.009156153 0.7110168 0.7031154 -0.006677288 0.9999777 -4.911269E-05 -0.001626843 -0.7096299 0.7045728 -0.005013175 0.7110005 0.7031737 0.00335014 -0.9999944 1.308728E-05 -0.00171013 0.9999986 1.257832E-05 0.0160435 -0.7205689 -0.6931978 0.0166457 -0.7205451 -0.6932083 -0.01942637 0.7240921 -0.6894297 -0.01740626 0.7241331 -0.6894405 0.003318025 0.9999945 -2.440469E-05 -0.0006548269 -2.408501E-05 -0.9999998 0.009233697 0.9999574 -6.791556E-05 0.001177131 -0.9999993 4.598447E-06 -0.004997153 -0.9999875 -1.952132E-05 -0.004169006 1.083277E-05 -0.9999913 -0.004357291 -0.9999905 -1.702171E-05 0.004394389 -0.7208463 -0.693081 -0.007497908 0.724367 -0.6893738 -0.004362335 0.9999905 3.208578E-05 0.007034116 -0.7208218 -0.6930848 -0.008855124 0.7243577 -0.6893675 5.140818E-06 0.9999276 0.01203172 0 -0.9999956 0.00296248 0 -0.9999248 0.01226589 -1 3.658665E-06 6.309027E-05 -1 9.285714E-06 0.0001600342 1.428486E-06 0.9999944 0.00334327 0 1 0 0.03567238 0.9987656 -0.03456425 6.038162E-08 -1 -2.301822E-07 -0.01929359 -0.9992383 0.03392309 0 1 3.912323E-07 0 1 2.866125E-07 -4.184697E-08 0 -1 -2.197057E-07 1 -2.189579E-07 0 1 0 -6.298975E-07 -1 -1.101836E-06 -1.809558E-06 -1 -3.165336E-06 -0.7238931 -0.6899118 0.0006829853 -0.7219641 -0.6903283 -0.04706187 -0.6992805 -0.6909848 -0.1831578 -0.6359436 -0.6929743 -0.3396502 -0.5948922 -0.6936585 -0.4061295 -0.5946898 -0.6937758 -0.4062255 -0.4066931 -0.6930216 -0.5952494 -0.4079436 -0.6997924 -0.5864065 -0.2794003 -0.6967112 -0.6607034 -0.1965525 -0.7094015 -0.6768432 -0.0940222 -0.7162741 -0.6914558 0.002007396 -0.7207915 -0.6931491 -0.05092817 0.7211097 -0.6909465 -0.2059566 0.7094115 -0.6740305 -0.3583905 0.7095612 -0.6066953 -0.4970403 0.6916171 -0.524039 -0.614549 0.698613 -0.366428 -0.6911047 0.6913003 -0.2108988 -0.7255709 0.6877101 -0.02453243 -0.01078664 0.7244055 -0.6892897 -0.06928165 -0.7179706 -0.692617 -0.7261193 0.6872737 0.02014121 0.007113924 -0.7208611 -0.6930431 0.007141399 -0.720861 -0.6930429 0.04241609 0.7099941 0.7029291 -0.01518529 0.7056351 0.7084127 -0.2011446 -0.6996943 0.6855427 -0.07249299 -0.7067342 0.7037553 -0.007812678 0.7243763 -0.6893606 -0.008723426 0.7243715 -0.6893547 -0.7226428 -0.6905788 0.02980407 -0.7199706 -0.6878619 0.09213198 -0.6717697 -0.6876746 0.275371 -0.6673359 -0.6915487 0.2764477 -0.5753284 -0.6914771 0.4368714 -0.5776194 -0.6905663 0.4352861 -0.4429509 -0.6905898 0.5717344 -0.439238 -0.6915483 0.5734377 -0.2784588 -0.691571 0.6664761 -0.008747203 -0.7183833 0.6955925 0.02088431 -0.7077375 0.7061668 -0.1192429 0.7050514 0.6990591 -0.2099861 0.6998527 0.6827241 -0.3415263 0.6958166 0.6318221 -0.5106404 0.6908749 0.5117992 -0.5914648 0.6967036 0.4059231 -0.5982782 0.6846339 0.4163407 -0.6226245 0.6978788 0.3539831 -0.693965 0.6910669 0.202087 -0.7252383 0.6876591 0.03397624 0.002710095 -0.7096989 0.7045 0.001948431 -0.7096986 0.7045027 -0.7242818 -0.6893749 0.01334098 -0.7273444 0.6861023 -0.01528816 -0.005141284 0.7109665 0.7032071 -0.005175034 0.7109664 0.7032069 0.07666505 0.7090248 -0.7010038 0.2325436 0.6496408 -0.7238026 -0.03642622 0 -0.9993364 -0.01109007 0.7243883 -0.689303 -0.0436339 0.707685 0.7051795 -0.03308586 0 0.9994525 -0.03002829 0.7095824 0.7039823 -0.003898687 0 0.9999924 -0.006473769 0 0.999979 -0.00223581 -0.0003029393 0.9999974 0.0008076777 -0.0002233027 0.9999996 -0.01173051 -0.709313 0.7047961 0.009360761 0.7109006 0.7032303 0.0003929419 0.0001214541 0.9999999 -0.003518087 0.0001310961 0.9999939 -0.04307554 0.7233025 -0.6891865 -0.04226236 0.723645 -0.6888772 -0.004172106 -2.55934E-05 -0.9999913 0.001452845 0.0001343151 -0.999999 -0.001488169 4.788648E-05 -0.9999989 -0.006504093 -3.989876E-05 -0.9999788 -0.003543235 -0.720874 -0.6930571 -0.00953642 0.7243944 -0.6893199 0.001325918 0.7243678 -0.6894124 -0.01075799 0.9999421 7.912702E-05 -0.0005659442 -7.35845E-06 -0.9999998 -0.7260873 0.6804587 -0.09885968 0 0 -1 0 0 -1 0 0 -1 0 0 -1 -0.7240807 -0.6896634 0.008461121 -0.7221773 -0.6902193 -0.04535551 -0.6999703 -0.6909388 -0.1806796 -0.6644657 -0.6900721 -0.2868551 -0.4839469 -0.699283 -0.5261165 -0.3577151 -0.7004688 -0.6175624 -0.3464837 -0.6996437 -0.6248582 -0.2004252 -0.7091869 -0.6759317 -0.09530544 -0.7164664 -0.6910809 0.001442413 -0.7207979 -0.6931438 -0.05624212 0.7206395 -0.691025 -0.1973302 0.7092404 -0.6767856 -0.3702995 0.7090917 -0.6000561 -0.4927281 0.6913006 -0.5285097 -0.6178075 0.6986794 -0.3607783 -0.694001 0.6910664 -0.2019654 -0.7251974 0.6878685 -0.03042567 -0.6923287 0.6912872 -0.206889 -0.7248561 0.6880296 -0.03462728 -0.07231716 -0.7176293 -0.6926605 -0.726799 0.6868452 0.002619303 -0.08174106 0.7063155 0.7031621 -0.06867091 0.7059186 0.7049562 -0.2025526 -0.6996454 0.6851779 -0.07449417 -0.7063352 0.7039468 -0.7227506 -0.6905153 0.02863893 -0.7008597 -0.6909304 0.177231 -0.6958814 -0.6909407 0.1958319 -0.6342633 -0.6942556 0.3401752 -0.5754862 -0.6911721 0.4371463 -0.5119234 -0.6935495 0.5068764 -0.4924827 -0.6933735 0.5260171 -0.3729339 -0.6943948 0.6154156 -0.3619533 -0.6942438 0.6221057 -0.01467283 -0.7160268 0.6979186 0.01781888 -0.7078583 0.7061297 -0.2087335 0.6998634 0.683097 -0.2074496 0.6998476 0.6835043 -0.3523623 0.6954526 0.626248 -0.5029026 0.6907047 0.5196306 -0.6377885 0.6975595 0.3265526 -0.6922359 0.6912886 0.2071946 -0.7250068 0.6877882 0.036228 -0.7242633 -0.6894277 0.01149911 -0.7272886 0.686189 -0.01399869 -0.7250077 0.6877077 0.03770888 -0.7272863 0.6862084 -0.01313959 0.04287488 0.9990801 0.0008376044 0.0212934 0.7105262 -0.7033486 -0.02256627 0 -0.9997454 -0.03437281 -0.9994082 0.00131432 0.1224463 0.992474 -0.001562158 -0.009455715 0.7243946 -0.6893207 -0.05127234 -0.721061 -0.6909719 -0.05324788 -0.7207389 -0.6911585 -0.03692973 -0.01285475 -0.9992352 -0.02337151 -0.01740326 -0.9995754 -0.0316362 0.7059686 0.7075362 0.01442593 0.6728318 0.7396548 0.02386641 0.6664707 0.7451491 -0.02604021 0 0.9996609 -0.04357678 -0.999049 -0.001485073 -0.03079623 0.7092987 0.704235 -0.06043374 -0.7029465 0.7086706 -0.05486405 -0.7056245 0.7064588 -0.03521921 -0.03005666 0.9989275 -0.02913898 -0.03645837 0.9989102 -6.92867E-08 1 -5.096165E-10 -0.01514866 0.9998853 -0.0001114212 -4.257737E-05 -1 1.66328E-07 0.01990263 -0.9998019 -7.774939E-05 -0.008147744 -0.7093901 0.704769 0.008784371 0.7109137 0.7032244 -0.005620652 0.9999842 -4.134094E-05 -0.006178368 -0.9999809 2.413572E-05 -0.003821813 0.9999927 2.811015E-05 -0.01703944 0.9998548 0.0001253282 0.01852624 -0.9998284 7.237255E-05 0.006146901 -0.9999811 2.40128E-05 -0.0009045063 -0.7208959 -0.6930428 -0.00598434 0.7244017 -0.6893522 0.003039276 0.7243654 -0.6894096 0.002350671 -0.9999973 9.182867E-06 -0.004728726 -6.206055E-05 -0.9999889 -0.7269506 0.6866853 -0.002482749  
			<SubMeshes>: 1
				<SubMesh>: 0 930 148 35 95 148 95 150 40 3 55 40 55 100 176 59 76 176 76 180 127 131 125 127 125 50 99 56 52 99 52 122 136 134 60 136 60 9 178 9 60 178 60 179 147 96 111 147 111 149 5 6 22 22 30 5 22 7 30 7 31 30 61 73 77 61 77 71 71 77 79 71 79 69 69 79 81 69 81 67 67 81 83 67 83 65 14 64 123 14 123 49 137 135 76 137 76 59 160 158 95 160 95 35 50 125 86 50 86 17 17 86 84 17 84 18 18 84 82 193 194 19 19 194 80 19 80 20 187 16 74 187 74 192 63 85 126 63 126 124 20 80 78 20 78 21 65 83 85 65 85 63 190 90 93 190 93 191 21 78 74 21 74 16 10 72 70 195 196 11 11 196 68 11 68 12 12 68 66 12 66 13 189 62 8 189 8 188 13 66 64 13 64 14 34 36 107 34 107 98 87 92 91 87 91 88 161 159 111 161 111 96 8 62 72 8 72 10 162 157 41 162 41 112 26 94 109 26 109 42 97 110 93 97 93 90 89 24 34 89 34 98 29 27 28 29 28 197 198 197 28 198 28 4 199 30 31 31 33 199 33 48 199 48 32 199 97 108 114 97 114 110 47 42 109 47 109 113 108 106 116 108 116 114 106 104 118 106 118 116 104 102 120 104 120 118 177 75 15 177 15 175 54 53 58 54 58 57 43 44 119 43 119 121 44 45 117 44 117 119 200 46 115 45 201 117 46 47 113 46 113 115 102 99 122 102 122 120 36 37 105 36 105 107 202 38 103 202 103 203 38 39 101 38 101 103 39 40 100 39 100 101 1 43 121 1 121 51 291 204 205 291 205 292 292 205 206 292 206 293 293 206 207 293 207 294 294 207 208 294 208 209 210 295 296 210 296 211 297 212 213 297 213 298 299 214 215 299 215 300 216 301 302 216 302 217 217 302 303 217 303 218 218 303 304 218 304 219 219 304 305 219 305 220 220 305 306 220 306 221 221 306 307 308 222 309 223 132 301 223 301 216 298 213 224 298 224 310 225 311 309 225 309 222 171 172 226 171 226 227 141 142 312 228 229 313 230 314 315 230 315 231 173 174 232 173 232 233 234 316 317 234 317 235 318 236 237 318 237 319 238 320 321 238 321 239 322 240 241 322 241 323 242 324 314 242 314 230 243 325 326 243 326 244 245 312 327 313 246 328 328 246 247 328 247 329 329 247 248 329 248 330 330 248 249 250 331 251 251 331 332 251 332 252 252 332 333 252 333 253 153 154 254 153 254 255 256 334 316 256 316 234 257 335 336 337 253 333 155 156 258 155 258 259 140 1 51 140 51 338 138 260 261 138 261 339 310 224 130 310 130 129 124 126 340 124 340 262 49 123 341 49 341 128 133 342 131 133 131 127 15 75 342 15 342 133 343 263 260 343 260 138 344 345 214 344 214 299 346 347 135 346 135 137 128 341 134 128 134 136 145 140 338 145 338 146 231 315 144 231 144 143 264 348 349 264 349 350 56 265 351 56 351 52 3 139 352 3 352 55 266 353 348 266 348 264 41 145 146 41 146 112 354 355 325 354 325 243 356 147 149 356 149 357 139 148 150 139 150 352 165 168 156 165 156 155 164 167 154 164 154 153 358 25 152 358 152 359 267 268 269 267 269 270 23 360 361 23 361 151 244 326 362 244 362 271 353 266 272 353 272 363 364 166 157 364 157 162 273 274 159 273 159 161 163 365 158 163 158 160 151 361 365 151 365 163 270 269 274 270 274 273 359 152 166 359 166 364 271 362 167 271 167 164 363 272 168 363 168 165 183 186 275 276 174 173 182 185 172 182 172 171 366 367 170 366 170 2 0 169 368 0 368 369 277 278 279 277 279 280 300 215 281 300 281 370 371 282 283 371 283 372 284 177 175 284 175 184 181 178 179 181 179 373 285 176 180 285 180 374 278 285 374 278 374 279 169 181 373 169 373 368 367 284 184 367 184 170 370 281 185 370 185 182 372 283 186 372 186 183 335 257 286 335 286 375 334 256 204 334 204 291 89 189 188 89 188 24 61 190 191 61 191 73 26 187 192 26 192 94 287 288 92 287 92 87 289 54 57 289 57 290  
		</Mesh>
		<Materials>: 1
			<Material>: 0
				<AlbedoColor>: 1 1 1 1
				<EmissiveColor>: 0 0 0 0
				<Glossiness>: 0
				<Metallic>: 0
				<SpecularHighlight>: 1
				<GlossyReflection>: 1
				<AlbedoMap>: BLD_Structures2_A
				<MetallicMap>: BLD_Structures2_MS
				<NormalMap>: BLD_Structures2_N
				<EmissionMap>: null
				<DetailAlbedoMap>: DET_Concrete1_A
				<DetailNormalMap>: DET_Concrete1_N
		</Materials>
		<Children>: 0
	</Frame>
</Hierarchy>
