<Hierarchy>:
	<Frame>: 0 5 Pavement1_Side_A
		<Transform>: 0 0 0 0 0 0 1 1 1 0 0 0 1  
		<TransformMatrix>: 1 0 0 0 0 1 0 0 0 0 1 0 0 0 0 1  
		<BoxCollider>: 1 -5.000004 0.4500012 5 10.00001 0.9000024 10  
		<Mesh>: 186 Pavement1_SIde_A
			<Bounds>: -5.000004 0.4500012 5 5.000004 0.4500012 5
			<Positions>: 186 -7.629395E-06 2.384186E-06 10 -10.00001 2.384186E-06 10 -7.629395E-06 2.264977E-06 9.7 -10.00001 2.264977E-06 9.7 0 3.576279E-07 9.8 0 0 0 -10 0 0 -10 3.576279E-07 9.8 0 0.8000004 9.8 0 0.8 -3.49691E-08 -10 0.8 -3.49691E-08 -10 0.8000004 9.8 -7.629395E-06 0.8753814 10 -7.629395E-06 0.9000024 9.975379 -10.00001 0.9000024 9.975379 -10.00001 0.8753814 10 -7.629395E-06 0.9000024 9.724621 -7.629395E-06 0.8753814 9.7 -10.00001 0.8753814 9.7 -10.00001 0.9000024 9.724621 -5 0.8 -3.49691E-08 -5 0 0 -5 0.8000004 9.8 0 0.8000002 4.9 0 2.384186E-07 4.9 -10 0.8000002 4.9 -10 2.384186E-07 4.9 -5 0.8000002 4.9 -5.99614 2.384186E-06 10 -5.99614 2.264977E-06 9.7 -5.99614 0.9000024 9.975379 -5.99614 0.8753814 10 -5.99614 0.8753814 9.7 -5.99614 0.9000024 9.724621 -7.991197 2.384186E-06 10 -7.991197 2.264977E-06 9.7 -7.991197 0.8486708 10 -7.991197 0.8732919 9.724621 -7.991197 0.8732919 9.975379 -7.991197 0.8486708 9.7 -1.978531 0.9000024 9.975379 -1.978531 0.8753814 9.7 -1.978531 2.384186E-06 10 -1.978531 2.264977E-06 9.7 -1.978531 0.8753814 10 -1.978531 0.9000024 9.724621 -3.994407 2.384186E-06 10 -3.994407 2.264977E-06 9.7 -3.994407 0.8534735 10 -3.994407 0.8780946 9.724621 -3.994407 0.8780946 9.975379 -3.994407 0.8534735 9.7 -4.037724 2.384186E-06 10 -4.037724 2.264977E-06 9.7 -4.037724 0.8753814 10 -4.037724 0.9000024 9.724621 -4.037724 0.9000024 9.975379 -4.037724 0.8753814 9.7 -5.964483 0.8753814 9.7 -5.964483 0.9000024 9.975379 -5.964483 0.9000024 9.724621 -5.964483 0.8753814 10 -5.964483 2.264977E-06 9.7 -5.964483 2.384186E-06 10 -1.998303 0.8780946 9.975379 -1.998303 0.8534735 9.7 -1.998303 2.384186E-06 10 -1.998303 2.264977E-06 9.7 -1.998303 0.8534735 10 -1.998303 0.8780946 9.724621 -1.055928 0.857869 9.975379 -1.055928 0.833248 9.7 -1.055928 2.384186E-06 10 -1.055928 2.264977E-06 9.7 -1.055928 0.833248 10 -1.055928 0.857869 9.724621 -8.995602 2.384186E-06 10 -8.995602 2.264977E-06 9.7 -8.995602 0.8620261 10 -8.995602 0.8866471 9.724621 -8.995602 0.8866471 9.975379 -8.995602 0.8620261 9.7 -9.497805 2.384186E-06 10 -9.497805 2.264977E-06 9.7 -9.497805 0.8413371 10 -9.497805 0.8659581 9.724621 -9.497805 0.8659581 9.975379 -9.497805 0.8413371 9.7 -7.629395E-06 0.8753814 9.7 0 0.8000002 4.9 0 0.8 -3.49691E-08 -5 0.8 -3.49691E-08 -7.629395E-06 0.8753814 10 -7.629395E-06 0.9000024 9.975379 -1.055928 0.833248 9.7 -7.629395E-06 0.9000024 9.724621 -7.629395E-06 0.9000024 9.724621 -1.055928 0.833248 10 -7.629395E-06 0.8753814 10 -10 0.8000002 4.9 -5 0.8000002 4.9 -5 0.8 -3.49691E-08 -10 0.8 -3.49691E-08 0 0.8 -3.49691E-08 0 0 0 -10 0.8000004 9.8 -5 0.8000002 4.9 -10 0.8000002 4.9 -5 0.8000004 9.8 0 0.8000002 4.9 -5 0.8000002 4.9 -10 0.8 -3.49691E-08 -10 0 0 0 0.8000004 9.8 -5.99614 0.9000024 9.724621 -5.99614 0.9000024 9.975379 -8.995602 0.8620261 9.7 -7.991197 0.8732919 9.724621 -7.991197 0.8486708 9.7 -1.998303 0.8534735 10 -1.978531 0.8753814 10 -1.998303 0.8534735 9.7 -1.978531 0.8753814 9.7 -4.037724 0.8753814 9.7 -3.994407 0.8534735 9.7 -4.037724 0.8753814 10 -3.994407 0.8534735 10 -5.964483 0.8753814 9.7 -5.964483 0.8753814 10 -5.964483 0.9000024 9.724621 -5.964483 0.9000024 9.975379 -7.991197 0.8732919 9.975379 -7.629395E-06 2.384186E-06 10 -7.629395E-06 2.264977E-06 9.7 -10.00001 0.9000024 9.975379 -10.00001 0.9000024 9.724621 -9.497805 0.8659581 9.975379 -9.497805 0.8413371 9.7 -8.995602 0.8866471 9.975379 -10.00001 2.264977E-06 9.7 -10.00001 0.8753814 9.7 -10.00001 0.9000024 9.975379 -10.00001 0.8753814 10 -10.00001 0.8753814 9.7 -10.00001 2.384186E-06 10 -1.055928 0.833248 9.7 -7.629395E-06 0.8753814 9.7 -5.99614 0.8753814 9.7 -7.991197 0.8486708 10 -5.99614 0.8753814 10 -7.991197 0.8486708 9.7 -8.995602 0.8620261 10 -1.055928 0.857869 9.975379 -1.055928 0.857869 9.724621 -1.978531 0.9000024 9.724621 -1.978531 0.9000024 9.975379 -1.998303 0.8780946 9.975379 -1.998303 0.8780946 9.724621 -3.994407 0.8780946 9.724621 -3.994407 0.8780946 9.975379 -5.964483 0.9000024 9.724621 -4.037724 0.9000024 9.724621 -4.037724 0.8753814 9.7 -5.964483 0.9000024 9.975379 -4.037724 0.8753814 10 -4.037724 0.9000024 9.975379 -4.037724 0.9000024 9.724621 -4.037724 0.9000024 9.975379 -1.978531 0.9000024 9.975379 -1.978531 0.9000024 9.724621 -4.037724 0.9000024 9.975379 -4.037724 0.9000024 9.724621 -5.964483 0.8753814 9.7 -5.964483 0.8753814 10 -7.991197 0.8732919 9.724621 -7.629395E-06 0.9000024 9.975379 -7.629395E-06 0.9000024 9.724621 -1.978531 0.8753814 9.7 -1.978531 0.9000024 9.724621 -1.978531 0.9000024 9.975379 -1.978531 0.8753814 10 -9.497805 0.8659581 9.724621 -9.497805 0.8413371 10 -8.995602 0.8866471 9.724621 -10.00001 0.9000024 9.724621 -10.00001 0.8753814 10  
			<Colors>: 0  
			<TextureCoords0>: 186 0.3334732 0.3771328 0.5570406 0.3066967 0.3334732 0.3058413 0.5570406 0.3314713 0.0002503395 0.3326912 0.3313192 0.3326912 0.6691463 0.3326913 1.000217 0.3326914 0.0004937815 0.907343 0.3313191 0.3056651 0.6691463 0.3056651 1.000217 0.3056652 0.6282971 0.3765353 0.6303304 0.3745021 0.8892069 0.350162 0.6293314 0.3066967 0.6303304 0.3537938 0.3334732 0.332934 0.6293314 0.3314713 0.8892069 0.3351681 0.5002325 0.3056651 0.5002325 0.3326912 0.0004937815 0.907343 0.1657847 0.3056651 0.1657847 0.3326912 0.8346817 0.3056651 0.8346817 0.3326913 0.4633267 0.907343 0.6666985 0.3771329 0.6666985 0.3058413 0.6666985 0.350162 0.6666985 0.3523317 0.6666985 0.3329339 0.6666985 0.3351681 0.7775705 0.3771329 0.7775705 0.3058413 0.7775705 0.3523318 0.7775705 0.3351681 0.7775705 0.350162 0.7775705 0.3329339 0.4434264 0.3501619 0.4434264 0.3329339 0.4434265 0.3771329 0.4434265 0.3058413 0.4434265 0.3523316 0.4434265 0.3351681 0.5554555 0.3771329 0.5554554 0.3058413 0.5554554 0.3523316 0.5554554 0.3351681 0.5554554 0.3501619 0.5554554 0.3329339 0.5578628 0.3771329 0.5578627 0.3058413 0.5578627 0.3523316 0.5578627 0.3351681 0.5578627 0.3501619 0.5578627 0.3329339 0.6649392 0.3329339 0.6649392 0.350162 0.6649392 0.3351681 0.6649392 0.3523317 0.6649392 0.3058413 0.6649392 0.3771329 0.4445252 0.3501619 0.4445252 0.3329339 0.4445253 0.377133 0.4445253 0.3058413 0.4445253 0.3523316 0.4445253 0.3351681 0.3921543 0.3501619 0.3921543 0.3329339 0.3921543 0.3771329 0.3921543 0.3058413 0.3921543 0.3523316 0.3921543 0.3351681 0.8333887 0.3771329 0.8333887 0.3058413 0.8333887 0.3523318 0.8333887 0.3351681 0.8333887 0.350162 0.8333887 0.3329339 0.8612978 0.3771329 0.8612978 0.3058413 0.8612978 0.3523318 0.8612978 0.3351681 0.8612978 0.350162 0.8612978 0.3329339 0.6282971 0.3517606 0.0004937815 0.907343 0.0004937815 0.4450638 0.4633267 0.4450638 0.3334732 0.3523316 0.3334732 0.3501619 0.3921543 0.3329339 0.3334732 0.3351681 0.3334732 0.3351681 0.3921543 0.3523316 0.3334732 0.3523316 0.4633267 0.907343 0.0004937815 0.907343 0.0004937815 0.4450638 0.4633267 0.4450638 0.3313191 0.3056651 0.3313192 0.3326912 0.4633267 0.907343 0.0004937815 0.4450638 0.4633267 0.4450638 0.4633267 0.907343 0.0004937815 0.4450638 0.4633267 0.4450638 0.6691463 0.3056651 0.6691463 0.3326913 0.0002503395 0.3056651 0.6666985 0.3351681 0.6666985 0.350162 0.8333887 0.3329339 0.7775705 0.3351681 0.7775705 0.3329339 0.4445253 0.3523316 0.4434265 0.3523316 0.4445252 0.3329339 0.4434264 0.3329339 0.5578627 0.3329339 0.5554554 0.3329339 0.5578627 0.3523316 0.5554554 0.3523316 0.6649392 0.3329339 0.6649392 0.3523317 0.6649392 0.3351681 0.6649392 0.350162 0.7775705 0.350162 0.5560064 0.3765352 0.5560064 0.3517606 0.6313646 0.3087299 0.6313646 0.3294381 0.8612978 0.350162 0.8612978 0.3329339 0.8333887 0.350162 0.8892069 0.3058413 0.8892069 0.3329338 0.8892069 0.350162 0.8892069 0.3523318 0.8892069 0.3329338 0.8892069 0.3771329 0.3921543 0.3329339 0.3334732 0.332934 0.6666985 0.3329339 0.7775705 0.3523318 0.6666985 0.3523317 0.7775705 0.3329339 0.8333887 0.3523318 0.3921543 0.3501619 0.3921543 0.3351681 0.4434265 0.3351681 0.4434264 0.3501619 0.4445252 0.3501619 0.4445253 0.3351681 0.5554554 0.3351681 0.5554554 0.3501619 0.6649392 0.3351681 0.5578627 0.3351681 0.5578627 0.3329339 0.6649392 0.350162 0.5578627 0.3523316 0.5578627 0.3501619 0.5578627 0.3351681 0.5578627 0.3501619 0.4434264 0.3501619 0.4434265 0.3351681 0.5578627 0.3501619 0.5578627 0.3351681 0.6649392 0.3329339 0.6649392 0.3523317 0.7775705 0.3351681 0.3334732 0.3501619 0.3334732 0.3351681 0.4434264 0.3329339 0.4434265 0.3351681 0.4434264 0.3501619 0.4434265 0.3523316 0.8612978 0.3351681 0.8612978 0.3523318 0.8333887 0.3351681 0.8892069 0.3351681 0.8892069 0.3523318  
			<TextureCoords1>: 186 0.6718798 0.9688904 0.738878 0.9760575 0.00390625 0.9041341 0.738878 0.9960938 0.00390625 0.1236918 0.6584226 0.1236918 0.6717801 0.181028 0.6584226 0.06635559 0.003906263 0.1849343 0.6584226 0.0702619 0.6717798 0.1275981 0.6584224 0.01292568 0.8012485 0.9760575 0.8028929 0.9777019 0.6746719 0.976534 0.6804137 0.9760575 0.8028929 0.9944494 0.003906441 0.8456818 0.6804137 0.9960938 0.6748631 0.9932894 0.3378431 0.1275981 0.3378434 0.181028 0.3378432 0.1849343 0.3311645 0.0702619 0.3311644 0.1236918 0.3311644 0.01292568 0.3311647 0.06635565 0.3378432 0.5121925 0.2715617 0.9688104 0.4042901 0.9041358 0.2715708 0.9080442 0.2715741 0.9103701 0.4042903 0.8456854 0.404295 0.8433603 0.1382885 0.968711 0.5375609 0.9040412 0.1382634 0.911953 0.5375189 0.8450049 0.1382614 0.9096259 0.5375122 0.84733 0.1351018 0.9772497 0.1350649 0.9952027 0.5397885 0.9688643 0.1360197 0.9041345 0.5398 0.9104217 0.1347839 0.992937 0.4052036 0.9688373 0.2706271 0.9041352 0.2804704 0.9727967 0.2808624 0.9920353 0.2807175 0.975288 0.2706273 0.8471457 0.4023117 0.9688367 0.2735195 0.9041352 0.2838208 0.9735157 0.2839231 0.991564 0.2839949 0.9757657 0.2735197 0.8456829 0.4021764 0.8456835 0.4056085 0.9754126 0.4055327 0.9921508 0.2736881 0.9103684 0.4021763 0.9041358 0.2736765 0.9688109 0.1369124 0.9767924 0.1371696 0.996069 0.5384684 0.968864 0.13734 0.9041345 0.5384797 0.9118841 0.1367786 0.9935003 0.07613079 0.9762796 0.07441417 0.8484954 0.6013839 0.9688765 0.074414 0.9041343 0.07615791 0.973864 0.07588083 0.9937955 0.07113466 0.9687521 0.6046791 0.9039835 0.07116728 0.9112756 0.607441 0.9929534 0.07116347 0.90895 0.6046296 0.8463798 0.03770145 0.9687616 0.6382383 0.9039546 0.03756084 0.9123918 0.641022 0.993754 0.6410383 0.9769177 0.6409891 0.9960938 0.8012486 0.9960938 0.003906256 0.5121925 0.00390625 0.8394507 0.3378431 0.8394507 0.004022779 0.9736155 0.003948083 0.9759691 0.07587513 0.9960938 0.00390625 0.9929059 0.003933637 0.8433569 0.6013949 0.9132469 0.6718914 0.910448 0.6717801 0.5121925 0.3378432 0.5121925 0.3378431 0.8394507 0.6717801 0.8394507 0.00390625 0.127598 0.003906497 0.181028 0.6717801 0.1849343 0.3378432 0.5121925 0.6717801 0.5121925 0.3378432 0.1849343 0.003906256 0.5121925 0.3378432 0.5121925 0.00390625 0.01292568 0.003906493 0.06635565 0.003906267 0.0702619 0.4076458 0.9921604 0.4077216 0.9754221 0.6074321 0.9952694 0.5408289 0.9927644 0.5408004 0.9950739 0.1371546 0.9743798 0.1354073 0.9751542 0.1373402 0.8471451 0.1360199 0.8456822 0.2837409 0.9936962 0.2807104 0.994342 0.4023233 0.9103942 0.4052149 0.9118574 0.4055189 0.9944695 0.4056031 0.9732118 0.4021796 0.8433569 0.2736858 0.9080421 0.5409047 0.9760261 0.7427843 0.9760575 0.7427843 0.9960938 0.6787694 0.9777019 0.6787694 0.9944494 0.03756968 0.9100574 0.6381899 0.8477334 0.6076511 0.9763831 0.6717974 0.9039258 0.671747 0.8454296 0.003933639 0.9080545 0.00390625 0.9103743 0.6747852 0.9955996 0.004130902 0.9688904 0.07441417 0.8484954 0.003906441 0.8456818 0.4042903 0.8456854 0.1382634 0.911953 0.2715741 0.9103701 0.5375122 0.84733 0.07116728 0.9112756 0.07613079 0.9762796 0.07588083 0.9937955 0.1347839 0.992937 0.1351018 0.9772497 0.1369124 0.9767924 0.1367786 0.9935003 0.2808624 0.9920353 0.2807175 0.975288 0.4055327 0.9921508 0.2839231 0.991564 0.2837409 0.9936962 0.4056085 0.9754126 0.2838208 0.9735157 0.2839949 0.9757657 0.2839231 0.991564 0.2839949 0.9757657 0.1351018 0.9772497 0.1347839 0.992937 0.2839949 0.9757657 0.2839231 0.991564 0.4021764 0.8456835 0.2736881 0.9103684 0.5408289 0.9927644 0.003948083 0.9759691 0.00390625 0.9929059 0.1350649 0.9952027 0.1347839 0.992937 0.1351018 0.9772497 0.1354073 0.9751542 0.641022 0.993754 0.03756084 0.9123918 0.607441 0.9929534 0.6748631 0.9932894 0.00390625 0.9103743  
			<Normals>: 186 0 0 1 -1 0 0 0 0 -1 -1 0 0 1 0 0 1 0 0 0 0 -1 -1 0 0 0 1 0 1 0 0 0 0 -1 -1 0 0 1 0 0 1 0 0 0.06763104 0.9977105 0 -1 0 0 1 0 0 0 0 -1 -1 0 0 0.06763104 0.9977105 0 0 0 -1 0 0 -1 0 1 0 1 0 0 1 0 0 -1 0 0 -1 0 0 0 1 0 0 0 1 0 0 -1 -0.004699954 0.7070989 0.7070989 0 0 1 0 0 -1 -0.004699954 0.7070989 -0.7070989 0 0 1 0 0 -1 0 0 1 -3.051952E-05 0.7071068 -0.7071068 -3.051952E-05 0.7071068 0.7071068 -3.051952E-05 0.7071068 -0.7071068 0.04559594 0.99896 0 -0.6167363 0.556613 -0.556613 0 0 1 0 0 -1 0 0 1 0.04559594 0.99896 0 0 0 1 0 0 -1 0.1511318 0.6989847 0.6989847 0.18687 0.6946509 -0.6946509 0.18687 0.6946509 0.6946509 0 0 -1 0 0 1 0 0 -1 0.3367222 0.6658146 0.6658146 0.3367222 0.6658146 -0.6658146 0.3367222 0.6658146 0.6658146 0 0 -1 0 0 -1 0 1 0 0 1 0 0 0 1 0 0 -1 0 0 1 -0.3745031 0.6556476 0.6556476 -0.2558724 0.6835676 -0.6835676 0 0 1 0 0 -1 0 0 1 -0.3745031 0.6556476 -0.6556476 0.002044803 0.7071053 0.7071053 0 0 -1 0 0 1 0 0 -1 0.001983765 0.7071053 0.7071053 0.002044803 0.7071053 -0.7071053 0 0 1 0 0 -1 -0.009949301 0.7070718 0.7070718 -0.009735686 0.7070733 -0.7070733 -0.009735686 0.7070733 0.7070733 0 0 -1 0 0 1 0 0 -1 0 0 1 0.01324508 0.9999123 0 0.01324508 0.9999123 0 0.00912535 0.7070773 -0.7070773 1 0 0 0 1 0 0 1 0 0 1 0 -0.02819978 0.7068256 0.7068256 -0.02819978 0.7068256 0.7068256 0.001983765 0.7071053 -0.7071053 -0.02819978 0.7068256 -0.7068256 -0.02819978 0.7068256 -0.7068256 0 0 1 0 0 1 0 1 0 0 1 0 0 1 0 0 1 0 0 0 -1 0 0 -1 0 1 0 0 1 0 0 1 0 0 1 0 0 1 0 0 1 0 -1 0 0 -1 0 0 1 0 0 -0.006683609 0.9999777 0 -0.006683609 0.9999777 0 -0.009949301 0.7070718 -0.7070718 -3.051952E-05 0.7071068 -0.7071068 -3.051952E-05 0.7071068 -0.7071068 -0.2558724 0.6835676 0.6835676 -0.6167363 0.556613 0.556613 0 0 -1 0 0 -1 0.3367222 0.6658146 -0.6658146 0.1511318 0.6989847 -0.6989847 0 0 1 0 0 1 0 0.7071068 -0.7071068 0 0.7071068 0.7071068 0 0.7071068 -0.7071068 0 0.7071068 0.7071068 -3.051851E-05 1 0 1 0 0 1 0 0 -1 0 0 -1 0 0 0.009583103 0.7070743 0.7070743 0 0 -1 -0.01391679 0.9999032 0 0 0 -1 0 0 -1 0.04785348 0.7062967 0.7062967 0.04785348 0.7062967 0.7062967 0.04785348 0.7062967 -0.7062967 0 0 1 0.001983765 0.7071053 -0.7071053 -0.02819978 0.7068256 -0.7068256 -0.004730473 0.7070988 -0.7070988 -3.051952E-05 0.7071068 0.7071068 -0.004730473 0.7070988 0.7070988 0 0 -1 0 0 1 0.002868816 0.9999959 0 0.002868816 0.9999959 0 -0.6167363 0.556613 -0.556613 -0.6167363 0.556613 0.556613 -0.4062121 0.9137789 0 -0.4062121 0.9137789 0 0.2319726 0.9727223 0 0.2319726 0.9727223 0 0 0.7071068 -0.7071068 0 0.7071068 -0.7071068 0 0.7071068 -0.7071068 0 0.7071068 0.7071068 0 0.7071068 0.7071068 0 0.7071068 0.7071068 0.4513106 0.8923669 0 0.4513106 0.8923669 0 -0.7423753 0.6699842 0 -0.7423753 0.6699842 0 0 1 0 0 1 0 0 0.7071068 -0.7071068 0 0.7071068 0.7071068 -3.051851E-05 1 0 -0.03985834 0.9992054 0 -0.03985834 0.9992054 0 0.03225905 0.7067388 -0.7067388 0.03225905 0.7067388 -0.7067388 0.03225905 0.7067388 0.7067388 0.03225905 0.7067388 0.7067388 0.009583103 0.7070743 -0.7070743 0.00912535 0.7070773 0.7070773 -0.01391679 0.9999032 0 0.04785348 0.7062967 -0.7062967 0 0 1  
			<Tangents>: 186 -0.9997374 -0.0229168 0 0 1 0 -1 0 0 0 1 0 0 -2.432843E-08 -1 0 -4.865685E-08 -1 -1 3.564102E-08 0 0 4.433194E-07 1 -1 0 0 0 -4.865685E-08 -1 -1 0 0 0 4.087281E-07 1 0 1 -9.200967E-07 0 1 -1.646587E-05 -0.9977104 0.06763104 0 0 1 2.490324E-07 0 1 3.885346E-05 -0.9998232 -0.01880583 0 0 1 1.386013E-07 -0.9977104 0.06763104 6.738627E-07 -1 -1.782007E-08 0 -1 1.782102E-08 0 -1 0 0 0 -4.865685E-08 -1 0 -4.740359E-08 -1 0 5.59305E-07 1 0 5.766007E-07 1 -1 0 0 -0.999952 -0.009803251 0 -1 -9.283974E-07 0 -0.9999455 -0.009911367 0.003264915 -0.9999132 -0.01317555 0 -0.9999914 -0.00414112 0 -0.9999455 -0.0099117 -0.003265249 -0.999997 0.002441912 0 -0.9999785 -0.006560577 0 -0.9999987 0.001594931 0 -0.9999552 -0.00671545 -0.00667229 -0.9999951 -0.002247735 0.002204574 -0.9999869 -0.003635993 -0.003592832 -0.99896 0.04559594 0 -0.7869803 -0.4204736 0.4515131 -1 -0.0002275549 0 -0.9997171 0.02378351 0 -0.9999076 0.01359477 0 -0.99896 0.04559594 0 -0.9999999 0.0003007458 0 -1 0 0 -0.9884989 0.1107315 0.102998 -0.98236 0.1371456 -0.1271218 -0.98236 0.1371423 0.1271251 -0.9999269 0.01209144 0 -1 7.779628E-07 0 -0.9999999 0.0003213569 0 -0.9415663 0.2444182 0.2317598 -0.9415792 0.2432225 -0.2329621 -0.9415792 0.2432261 0.2329585 -0.9999753 0.007023468 0 -1 -2.259994E-08 0 -1 0 -4.89313E-07 -1 0 -4.073459E-07 -1 2.912255E-07 0 -1 -7.164316E-07 0 -1 0 0 -0.92721 -0.2689134 -0.2607051 -0.9667047 -0.1833805 0.1784755 -1 7.557808E-07 0 -1 -0.0001046871 0 -0.999939 -0.01104781 0 -0.92721 -0.2689179 0.2607006 -0.9999979 0.001446743 0.001445045 -0.9999396 -0.01098735 0 -0.9999396 0.01099532 0 -0.9999291 -0.01190332 0 -0.999998 0.00137199 0.001433477 -0.9999979 0.001446833 -0.001444956 -0.999989 -0.00470098 0 -0.999988 0.004905058 0 -0.9999294 -0.01163421 -0.002435925 -0.9999468 -0.009303547 0.004464712 -0.9999471 -0.009236685 -0.004531578 -1 3.601085E-05 0 -0.9999371 0.01121692 0 -0.9999761 -0.006910574 0 -0.9998012 0.01994137 0 -0.9999123 0.01324508 9.473611E-07 -0.9999123 0.01324508 6.998716E-07 -0.9999166 0.01291454 9.884838E-06 0 1 -7.812461E-08 -1 0 0 -1 0 0 -1 0 0 -0.999205 -0.03986747 2.814931E-06 -0.999205 -0.03986747 2.814931E-06 -0.999998 0.001601602 -0.001203865 -0.999205 -0.03986747 -2.814931E-06 -0.999205 -0.03986685 -2.193354E-06 -0.9999282 0.01198438 0 -0.9992049 -0.03987028 0 -1 0 0 -1 0 0 -1 0 0 -1 0 0 -1 -3.564119E-08 0 -1 0 0 -1 0 0 -1 0 0 -1 0 0 -1 0 0 -1 0 0 -1 0 0 0 4.087289E-07 1 0 4.087289E-07 1 0 -2.683496E-08 -1 -0.9999776 -0.006683608 0 -0.9999776 -0.006683608 -3.914445E-08 -0.9999442 -0.009539638 0.004530711 -0.9999967 -0.001823811 -0.00178065 -0.9999558 0.00662647 0.006669629 -0.9667047 -0.1833805 -0.1784755 -0.7869803 -0.4204736 -0.4515131 -0.9999378 -0.01115569 0 -0.9992799 0.03794286 0 -0.9415663 0.2444179 -0.2317602 -0.9884989 0.1107315 -0.102998 -0.9999775 0.006708411 0 -0.9999231 0.01239993 0 -1 0 0 -1 3.510372E-07 -3.510372E-07 -1 0 0 -1 0 0 -1 -3.051851E-05 -3.323355E-07 0 1 -1.733042E-07 0 1 0 0 1 1.772678E-05 0 1 1.070933E-05 -0.999908 0.01356258 -1.065271E-05 -0.9999969 0.002487479 0 -0.9999031 -0.01391679 0 -0.9997311 0.02318693 0 -0.9977099 0.06763843 0 -0.9977114 0.06761612 -1.850641E-05 -0.9983202 0.05694146 0.0106974 -0.9977113 0.06761742 1.981133E-05 -1 0 0 -0.9999679 -0.004091246 -0.006896626 -0.9995139 -0.02934242 0.01053455 -0.9999845 -0.005415498 0.001274372 -0.9999993 0.0007758946 -0.0008190556 -0.9999454 -0.009932636 0.003243027 -0.9999739 -0.007228731 0 -0.9999577 -0.009198235 0 -0.9999959 0.002868816 0 -0.9999959 0.002868816 0 -0.7868742 -0.4165544 0.4553147 -0.7868745 -0.4165661 -0.4553033 -0.9137788 -0.4062122 0 -0.9137788 -0.4062122 0 -0.9727224 0.2319726 0 -0.9727224 0.2319726 0 -1 -2.036729E-07 -2.03673E-07 -0.9999766 0.004842486 0.004842486 -0.9999643 0.005977304 0.005977304 -1 2.665307E-07 -2.665307E-07 -0.9999643 0.005977647 -0.005977646 -0.9999765 0.004845847 -0.004845846 -0.8923669 0.4513106 0 -0.8923669 0.4513106 -8.926712E-08 -0.6699843 -0.7423753 0 -0.6699843 -0.7423753 0 -1 0 -8.004948E-08 -1 0 0 -1 -1.129997E-08 -1.129997E-08 -1 1.456128E-07 -1.456128E-07 -1 -3.051851E-05 -2.91264E-07 -0.9992054 -0.03985834 0 -0.9992054 -0.03985834 0 -0.9993343 0.03486154 -0.01075302 -0.9992546 0.03780705 -0.007803871 -0.9992548 0.03779829 0.007812651 -0.9993343 0.03486154 0.01075302 -0.9999099 0.01342556 -0.0001263901 -0.9998589 0.01642276 -0.003518852 -0.9999031 -0.01391679 0 -0.9977114 0.06761654 1.892628E-05 -0.9989304 0.04623875 0  
			<BiTangents>: 186 -0.0229168 0.9997374 0 0 0 1 0 -1 0 0 0 1 0 1 -2.432843E-08 0 1 -4.865685E-08 3.564102E-08 1 0 0 1 -4.433194E-07 0 0 -1 0 1 -4.865685E-08 0 1 0 0 1 -4.087281E-07 0 -9.200967E-07 -1 0 -1.646587E-05 -1 0 0 -1 0 -2.490324E-07 1 0 3.885346E-05 -1 0.01880583 -0.9998232 0 0 -1.386013E-07 1 -6.723198E-07 4.557403E-08 -1 -1.782007E-08 1 0 1.782102E-08 1 0 0 0 -1 0 1 -4.865685E-08 0 1 -4.740359E-08 0 1 -5.59305E-07 0 1 -5.766007E-07 0 0 -1 -0.009803251 0.999952 0 9.283974E-07 -1 0 -0.009316936 0.7070451 -0.7071071 -0.01317555 0.9999132 0 0.00414112 -0.9999914 0 0.009317407 -0.7070451 -0.707107 0.002441912 0.999997 0 0.006560577 -0.9999785 0 0.001594931 0.9999987 0 0.009466561 -0.7070749 -0.7070753 -0.003148258 0.7071033 -0.7071034 0.00511155 -0.7070974 -0.7070976 0 0 -1 -0.01727698 -0.716508 -0.6973649 -0.0002275549 1 0 -0.02378351 -0.9997171 0 0.01359477 0.9999076 0 0 0 -1 0.0003007458 0.9999999 0 0 -1 0 0.005405641 0.7065119 -0.7076806 -0.006962991 -0.7061524 -0.7080256 0.006958509 0.7061531 -0.708025 -0.01209144 -0.9999269 0 7.779628E-07 1 0 -0.0003213569 -0.9999999 0 0.00842816 0.7049473 -0.7092097 -0.006831556 -0.7053607 -0.7088156 0.006836289 0.7053595 -0.7088168 -0.007023468 -0.9999753 0 2.259994E-08 -1 0 4.89313E-07 0 -1 4.073459E-07 0 -1 2.912255E-07 1 0 7.164316E-07 -1 0 0 1 0 -0.005381736 0.7055579 -0.7086319 0.003352899 -0.706475 -0.7077301 7.557808E-07 1 0 0.0001046871 -1 0 -0.01104781 0.999939 0 0.005387597 -0.7055562 -0.7086335 1.200936E-06 0.7071068 -0.7071068 0.01098735 -0.9999396 0 0.01099532 0.9999396 0 0.01190332 -0.9999291 0 -4.347809E-05 0.7071068 -0.7071067 -1.327129E-06 -0.7071068 -0.7071068 -0.00470098 0.999989 0 -0.004905058 -0.999988 0 -0.006503851 0.7070461 -0.7071376 0.00342141 -0.7070791 -0.7071262 -0.003326856 0.7070799 -0.7071258 -3.601085E-05 -1 0 0.01121692 0.9999371 0 0.006910574 -0.9999761 0 0.01994137 0.9998012 0 -9.472781E-07 1.254788E-08 -1 -6.998102E-07 9.269859E-09 -1 -0.009138568 -0.7070183 -0.7071362 0 -7.812461E-08 -1 0 0 -1 0 0 -1 0 0 -1 -0.02818133 0.7062635 -0.7073879 -0.02818133 0.7062635 -0.7073879 -0.000281242 -0.7071064 -0.7071071 0.02818133 -0.7062635 -0.7073879 0.02818046 -0.7062636 -0.7073879 0.01198438 0.9999282 0 -0.03987028 0.9992049 0 0 0 -1 0 0 -1 0 0 -1 0 0 -1 -3.564119E-08 1 0 0 1 0 0 0 -1 0 0 -1 0 0 -1 0 0 -1 0 0 -1 0 0 -1 0 1 -4.087289E-07 0 1 -4.087289E-07 0 1 -2.683496E-08 0 0 -1 3.914358E-08 2.616262E-10 -1 0.003541671 -0.7070774 -0.7071273 0.002548739 -0.7071044 -0.7071046 -0.009401763 -0.7070758 -0.7070754 -0.003352899 0.706475 -0.7077301 0.01727698 0.716508 -0.6973649 0.01115569 -0.9999378 0 -0.03794286 -0.9992799 0 -0.008427674 -0.7049474 -0.7092096 -0.005405641 -0.7065119 -0.7076806 0.006708411 0.9999775 0 0.01239993 0.9999231 0 0 -0.7071068 -0.7071068 4.964416E-07 0.7071068 -0.7071068 0 -0.7071068 -0.7071068 0 0.7071068 -0.7071068 3.323355E-07 1.014238E-11 -1 0 -1.733042E-07 -1 0 0 -1 0 -1.772678E-05 1 0 -1.070933E-05 1 0.009597286 0.7070091 -0.7071393 -0.002487479 -0.9999969 0 0 0 -1 -0.02318693 -0.9997311 0 -0.06763843 -0.9977099 0 0.04777011 0.7046794 -0.707916 0.03266202 0.7056222 -0.7078351 -0.04777195 -0.7046793 -0.707916 0 1 0 0.007769583 -0.7070963 -0.7070746 0.01329388 -0.7067791 -0.7073094 0.002928186 -0.707094 -0.7071136 0.0011278 0.7071064 -0.7071063 -0.009316497 0.7070449 -0.7071072 0.007228731 -0.9999739 0 -0.009198235 0.9999577 0 0 0 -1 0 0 -1 -0.02157449 -0.7187936 -0.6948887 0.02156165 0.7187868 -0.6948961 0 0 -1 0 0 -1 0 0 -1 0 0 -1 2.88037E-07 -0.7071068 -0.7071068 -0.006848309 -0.7070902 -0.7070902 -0.008453184 -0.7070815 -0.7070815 3.769313E-07 0.7071068 -0.7071068 0.008453669 0.7070815 -0.7070815 0.006853063 0.7070902 -0.7070902 0 0 -1 7.965902E-08 -4.02872E-08 -1 0 0 -1 0 0 -1 8.004948E-08 0 -1 0 0 -1 1.598057E-08 -0.7071068 -0.7071068 2.059275E-07 0.7071068 -0.7071068 2.91264E-07 8.888943E-12 -1 0 0 -1 0 0 -1 -0.01703843 -0.7066151 -0.7073929 -0.02120441 -0.7064637 -0.7074316 0.02119201 0.7064642 -0.7074314 0.01703843 0.7066151 -0.7073929 -0.009403505 -0.7070118 -0.7071393 0.01410026 0.7069455 -0.7071275 0 0 -1 -0.04777071 -0.7046794 -0.707916 0.04623875 0.9989304 0  
			<SubMeshes>: 1
				<SubMesh>: 0 414 86 85 19 86 19 14 15 18 3 15 3 1 73 71 17 73 17 2 12 88 16 12 16 13 23 24 5 23 5 9 20 21 6 20 6 10 25 26 7 25 7 11 27 89 90 27 90 91 70 74 92 70 92 93 94 75 95 145 96 146 97 72 0 97 0 98 99 100 101 99 101 102 103 104 21 103 21 20 105 22 106 105 106 107 108 8 109 108 109 110 111 112 26 111 26 25 113 4 24 113 24 23 29 32 58 29 58 62 36 34 28 36 28 31 39 37 33 39 33 147 38 148 149 38 149 30 59 60 114 59 114 115 77 81 150 77 150 35 80 78 148 80 148 38 116 79 117 116 117 118 151 76 34 151 34 36 35 150 32 35 32 29 152 153 45 152 45 40 68 66 42 68 42 44 65 69 154 65 154 41 64 119 120 64 120 155 67 121 122 67 122 43 53 57 51 53 51 47 56 54 48 56 48 50 123 55 49 123 49 124 125 52 46 125 46 126 156 157 158 156 158 159 61 63 52 61 52 125 127 160 161 127 161 162 163 128 164 163 164 165 62 58 57 62 57 53 159 158 166 159 166 167 168 169 157 168 157 156 170 171 60 170 60 59 31 28 63 31 63 61 147 33 129 147 129 172 30 149 173 30 173 130 115 114 174 115 174 131 47 51 121 47 121 67 50 48 119 50 119 64 124 49 69 124 69 65 126 46 66 126 66 68 132 133 88 132 88 12 134 135 18 134 18 15 175 176 153 175 153 152 44 42 72 44 72 97 177 178 75 177 75 94 179 180 74 179 74 70 43 122 71 43 71 73 84 82 76 84 76 151 87 181 79 87 79 116 136 182 78 136 78 80 83 137 81 83 81 77 131 174 183 131 183 138 139 140 137 139 137 83 141 142 182 141 182 136 143 184 181 143 181 87 185 144 82 185 82 84 138 183 85 138 85 86  
		</Mesh>
		<Materials>: 1
			<Material>: 0
				<AlbedoColor>: 1 1 1 1
				<EmissiveColor>: 0 0 0 0
				<Glossiness>: 0
				<Metallic>: 0
				<SpecularHighlight>: 1
				<GlossyReflection>: 1
				<AlbedoMap>: BLD_Structures2_A
				<MetallicMap>: BLD_Structures2_MS
				<NormalMap>: BLD_Structures2_N
				<EmissionMap>: null
				<DetailAlbedoMap>: DET_Concrete1_A
				<DetailNormalMap>: DET_Concrete1_N
		</Materials>
		<Children>: 0
	</Frame>
</Hierarchy>
