<Hierarchy>:
	<Frame>: 0 5 Pavement2_Mid_A
		<Transform>: 0 0 0 0 0 0 1 1 1 0 0 0 1  
		<TransformMatrix>: 1 0 0 0 0 1 0 0 0 0 1 0 0 0 0 1  
		<BoxCollider>: 1 -5.000003 0.4500003 -9.536743E-07 10.00002 0.9000003 6  
		<Mesh>: 318 Pavement2_Mid_A
			<Bounds>: -5.000003 0.4500003 -9.536743E-07 5.000008 0.4500002 3
			<Positions>: 318 -9.999994 4.768372E-07 -3.000001 4.768372E-06 4.768372E-07 -3.000001 -9.999994 3.576279E-07 -2.700001 4.768372E-06 3.576279E-07 -2.700001 -9.999994 0.8753794 -3.000001 -9.999994 0.9000005 -2.97538 4.768372E-06 0.9000005 -2.97538 4.768372E-06 0.8753794 -3.000001 -9.999994 0.9000005 -2.724622 -9.999994 0.8753794 -2.700001 4.768372E-06 0.8753794 -2.700001 4.768372E-06 0.9000005 -2.724622 -4.003863 4.768372E-07 -3.000001 -4.003863 3.576279E-07 -2.700001 -4.003863 0.9000005 -2.97538 -4.003863 0.8753794 -3.000001 -4.003863 0.8753794 -2.700001 -4.003863 0.9000005 -2.724622 -2.008806 4.768372E-07 -3.000001 -2.008806 3.576279E-07 -2.700001 -2.008806 0.8486689 -3.000001 -2.008806 0.8732899 -2.724622 -2.008806 0.8732899 -2.97538 -2.008806 0.8486689 -2.700001 -8.021471 0.9000005 -2.97538 -8.021471 0.8753794 -2.700001 -8.021471 4.768372E-07 -3.000001 -8.021471 3.576279E-07 -2.700001 -8.021471 0.8753794 -3.000001 -8.021471 0.9000005 -2.724622 -6.005595 4.768372E-07 -3.000001 -6.005595 3.576279E-07 -2.700001 -6.005595 0.8534716 -3.000001 -6.005595 0.8780926 -2.724622 -6.005595 0.8780926 -2.97538 -6.005595 0.8534716 -2.700001 -5.962278 4.768372E-07 -3.000001 -5.962278 3.576279E-07 -2.700001 -5.962278 0.8753794 -3.000001 -5.962278 0.9000005 -2.724622 -5.962278 0.9000005 -2.97538 -5.962278 0.8753794 -2.700001 -4.035519 0.8753794 -2.700001 -4.035519 0.9000005 -2.97538 -4.035519 0.9000005 -2.724622 -4.035519 0.8753794 -3.000001 -4.035519 3.576279E-07 -2.700001 -4.035519 4.768372E-07 -3.000001 -8.001698 0.8780926 -2.97538 -8.001698 0.8534716 -2.700001 -8.001698 4.768372E-07 -3.000001 -8.001698 3.576279E-07 -2.700001 -8.001698 0.8534716 -3.000001 -8.001698 0.8780926 -2.724622 -8.944075 0.8578671 -2.97538 -8.944075 0.8332461 -2.700001 -8.944075 4.768372E-07 -3.000001 -8.944075 3.576279E-07 -2.700001 -8.944075 0.8332461 -3.000001 -8.944075 0.8578671 -2.724622 -1.004401 4.768372E-07 -3.000001 -1.004401 3.576279E-07 -2.700001 -1.004401 0.8620242 -3.000001 -1.004401 0.8866452 -2.724622 -1.004401 0.8866452 -2.97538 -1.004401 0.8620242 -2.700001 -0.5021982 4.768372E-07 -3.000001 -0.5021982 3.576279E-07 -2.700001 -0.5021982 0.8413352 -3.000001 -0.5021982 0.8659562 -2.724622 -0.5021982 0.8659562 -2.97538 -0.5021982 0.8413352 -2.700001 -1.144409E-05 4.768372E-07 2.999999 -10.00001 4.768372E-07 2.999999 -1.144409E-05 3.576279E-07 2.699999 -10.00001 3.576279E-07 2.699999 -1.144409E-05 0.8753794 2.999999 -1.144409E-05 0.9000005 2.975378 -10.00001 0.9000005 2.975378 -10.00001 0.8753794 2.999999 -1.144409E-05 0.9000005 2.72462 -1.144409E-05 0.8753794 2.699999 -10.00001 0.8753794 2.699999 -10.00001 0.9000005 2.72462 -5.996143 4.768372E-07 2.999999 -5.996143 3.576279E-07 2.699999 -5.996143 0.9000005 2.975378 -5.996143 0.8753794 2.999999 -5.996143 0.8753794 2.699999 -5.996143 0.9000005 2.72462 -7.9912 4.768372E-07 2.999999 -7.9912 3.576279E-07 2.699999 -7.9912 0.8486689 2.999999 -7.9912 0.8732899 2.72462 -7.9912 0.8732899 2.975378 -7.9912 0.8486689 2.699999 -1.978535 0.9000005 2.975378 -1.978535 0.8753794 2.699999 -1.978535 4.768372E-07 2.999999 -1.978535 3.576279E-07 2.699999 -1.978535 0.8753794 2.999999 -1.978535 0.9000005 2.72462 -3.994411 4.768372E-07 2.999999 -3.994411 3.576279E-07 2.699999 -3.994411 0.8534716 2.999999 -3.994411 0.8780926 2.72462 -3.994411 0.8780926 2.975378 -3.994411 0.8534716 2.699999 -4.037727 4.768372E-07 2.999999 -4.037727 3.576279E-07 2.699999 -4.037727 0.8753794 2.999999 -4.037727 0.9000005 2.72462 -4.037727 0.9000005 2.975378 -4.037727 0.8753794 2.699999 -5.964487 0.8753794 2.699999 -5.964487 0.9000005 2.975378 -5.964487 0.9000005 2.72462 -5.964487 0.8753794 2.999999 -5.964487 3.576279E-07 2.699999 -5.964487 4.768372E-07 2.999999 -1.998307 0.8780926 2.975378 -1.998307 0.8534716 2.699999 -1.998307 4.768372E-07 2.999999 -1.998307 3.576279E-07 2.699999 -1.998307 0.8534716 2.999999 -1.998307 0.8780926 2.72462 -1.055931 0.8578671 2.975378 -1.055931 0.8332461 2.699999 -1.055931 4.768372E-07 2.999999 -1.055931 3.576279E-07 2.699999 -1.055931 0.8332461 2.999999 -1.055931 0.8578671 2.72462 -8.995605 4.768372E-07 2.999999 -8.995605 3.576279E-07 2.699999 -8.995605 0.8620242 2.999999 -8.995605 0.8866452 2.72462 -8.995605 0.8866452 2.975378 -8.995605 0.8620242 2.699999 -9.497808 4.768372E-07 2.999999 -9.497808 3.576279E-07 2.699999 -9.497808 0.8413352 2.999999 -9.497808 0.8659562 2.72462 -9.497808 0.8659562 2.975378 -9.497808 0.8413352 2.699999 0 3.576279E-07 -2.8 -10 3.576279E-07 -2.8 0 0.8000004 -2.8 -10 0.8000004 -2.8 0 1.192093E-07 2.8 -10 1.192093E-07 2.8 0 0.8000002 2.8 -5 0.8000002 2.8 -5 0.8000004 -2.8 -10 0.8000002 2.8 -9.999994 0.8753794 -2.700001 -9.999994 0.8753794 -3.000001 -9.999994 0.9000005 -2.97538 -8.944075 0.8332461 -2.700001 -9.999994 0.9000005 -2.724622 -9.999994 0.9000005 -2.724622 -4.003863 0.9000005 -2.724622 -4.003863 0.9000005 -2.97538 -8.944075 0.8578671 -2.97538 -8.021471 0.9000005 -2.97538 -8.001698 0.8534716 -2.700001 -8.021471 0.8753794 -2.700001 -5.962278 0.8753794 -2.700001 -6.005595 0.8534716 -2.700001 -8.001698 0.8780926 -2.97538 -6.005595 0.8780926 -2.97538 -4.035519 0.9000005 -2.724622 -5.962278 0.9000005 -2.724622 -4.035519 0.9000005 -2.97538 -5.962278 0.9000005 -2.97538 -2.008806 0.8732899 -2.724622 -2.008806 0.8732899 -2.97538 -6.005595 0.8780926 -2.724622 -8.001698 0.8780926 -2.724622 -9.999994 4.768372E-07 -3.000001 -9.999994 3.576279E-07 -2.700001 4.768372E-06 0.9000005 -2.97538 4.768372E-06 0.9000005 -2.724622 -9.999994 0.9000005 -2.97538 -8.021471 0.9000005 -2.724622 -8.944075 0.8578671 -2.724622 -0.5021982 0.8659562 -2.724622 -0.5021982 0.8659562 -2.97538 -1.004401 0.8866452 -2.724622 -1.004401 0.8866452 -2.97538 4.768372E-06 3.576279E-07 -2.700001 4.768372E-06 0.8753794 -2.700001 4.768372E-06 0.9000005 -2.97538 4.768372E-06 0.8753794 -3.000001 4.768372E-06 0.9000005 -2.724622 4.768372E-06 4.768372E-07 -3.000001 -1.144409E-05 0.8753794 2.699999 -1.144409E-05 0.8753794 2.999999 -1.144409E-05 0.9000005 2.975378 -1.055931 0.8332461 2.699999 -1.144409E-05 0.9000005 2.72462 -1.144409E-05 0.9000005 2.72462 -5.996143 0.9000005 2.72462 -5.996143 0.9000005 2.975378 -1.055931 0.8578671 2.975378 -1.978535 0.9000005 2.975378 -1.998307 0.8534716 2.699999 -1.978535 0.8753794 2.699999 -4.037727 0.8753794 2.699999 -3.994411 0.8534716 2.699999 -1.998307 0.8780926 2.975378 -3.994411 0.8780926 2.975378 -5.964487 0.9000005 2.72462 -4.037727 0.9000005 2.72462 -5.964487 0.9000005 2.975378 -4.037727 0.9000005 2.975378 -7.9912 0.8732899 2.72462 -7.9912 0.8732899 2.975378 -3.994411 0.8780926 2.72462 -1.998307 0.8780926 2.72462 -1.144409E-05 4.768372E-07 2.999999 -1.144409E-05 3.576279E-07 2.699999 -10.00001 0.9000005 2.975378 -10.00001 0.9000005 2.72462 -1.144409E-05 0.9000005 2.975378 -1.978535 0.9000005 2.72462 -1.055931 0.8578671 2.72462 -9.497808 0.8659562 2.72462 -9.497808 0.8659562 2.975378 -8.995605 0.8866452 2.72462 -8.995605 0.8866452 2.975378 -10.00001 3.576279E-07 2.699999 -10.00001 0.8753794 2.699999 -10.00001 0.9000005 2.975378 -10.00001 0.8753794 2.999999 -10.00001 0.9000005 2.72462 -10.00001 4.768372E-07 2.999999 0 0.8000002 2.8 0 0.8000004 -2.8 -5 0.8000002 2.8 -5 0.8000004 -2.8 -10 0.8000002 2.8 -10 0.8000004 -2.8 -8.944075 0.8332461 -2.700001 -9.999994 0.8753794 -2.700001 -8.944075 0.8332461 -3.000001 -9.999994 0.8753794 -3.000001 -4.003863 0.8753794 -2.700001 -2.008806 0.8486689 -3.000001 -4.003863 0.8753794 -3.000001 -2.008806 0.8486689 -2.700001 -1.004401 0.8620242 -2.700001 -1.004401 0.8620242 -3.000001 -8.944075 0.8578671 -2.724622 -8.021471 0.9000005 -2.724622 -8.001698 0.8534716 -3.000001 -8.021471 0.8753794 -3.000001 -5.962278 0.8753794 -3.000001 -6.005595 0.8534716 -3.000001 -8.001698 0.8780926 -2.724622 -6.005595 0.8780926 -2.724622 -4.035519 0.8753794 -2.700001 -5.962278 0.8753794 -2.700001 -4.035519 0.8753794 -3.000001 -5.962278 0.8753794 -3.000001 -5.962278 0.9000005 -2.97538 -5.962278 0.9000005 -2.724622 -8.021471 0.9000005 -2.97538 -8.021471 0.9000005 -2.724622 -5.962278 0.9000005 -2.97538 -5.962278 0.9000005 -2.724622 -6.005595 0.8534716 -2.700001 -8.001698 0.8534716 -2.700001 -9.999994 0.9000005 -2.724622 -8.021471 0.8753794 -2.700001 -8.021471 0.9000005 -2.97538 -8.021471 0.8753794 -3.000001 -0.5021982 0.8413352 -3.000001 -0.5021982 0.8413352 -2.700001 4.768372E-06 0.8753794 -2.700001 4.768372E-06 0.8753794 -3.000001 -1.055931 0.8332461 2.699999 -1.144409E-05 0.8753794 2.699999 -1.055931 0.8332461 2.999999 -1.144409E-05 0.8753794 2.999999 -5.996143 0.8753794 2.699999 -7.9912 0.8486689 2.999999 -5.996143 0.8753794 2.999999 -7.9912 0.8486689 2.699999 -8.995605 0.8620242 2.699999 -8.995605 0.8620242 2.999999 -1.055931 0.8578671 2.72462 -1.978535 0.9000005 2.72462 -1.998307 0.8534716 2.999999 -1.978535 0.8753794 2.999999 -4.037727 0.8753794 2.999999 -3.994411 0.8534716 2.999999 -1.998307 0.8780926 2.72462 -3.994411 0.8780926 2.72462 -5.964487 0.8753794 2.699999 -4.037727 0.8753794 2.699999 -5.964487 0.8753794 2.999999 -4.037727 0.8753794 2.999999 -4.037727 0.9000005 2.975378 -4.037727 0.9000005 2.72462 -1.978535 0.9000005 2.975378 -1.978535 0.9000005 2.72462 -4.037727 0.9000005 2.975378 -4.037727 0.9000005 2.72462 -3.994411 0.8534716 2.699999 -1.998307 0.8534716 2.699999 -1.144409E-05 0.9000005 2.72462 -1.978535 0.8753794 2.699999 -1.978535 0.9000005 2.975378 -1.978535 0.8753794 2.999999 -9.497808 0.8413352 2.999999 -9.497808 0.8413352 2.699999 -10.00001 0.8753794 2.699999 -10.00001 0.8753794 2.999999  
			<Colors>: 0  
			<TextureCoords0>: 318 0.3334732 0.3771328 0.5570406 0.3066967 0.3334732 0.3058413 0.5570406 0.3314713 0.6282971 0.3765353 0.6303304 0.3745021 0.8892069 0.350162 0.6293314 0.3066967 0.6303304 0.3537938 0.3334732 0.332934 0.6293314 0.3314713 0.8892069 0.3351681 0.6666985 0.3771329 0.6666985 0.3058413 0.6666985 0.350162 0.6666985 0.3523317 0.6666985 0.3329339 0.6666985 0.3351681 0.7775705 0.3771329 0.7775705 0.3058413 0.7775705 0.3523318 0.7775705 0.3351681 0.7775705 0.350162 0.7775705 0.3329339 0.4434264 0.3501619 0.4434264 0.3329339 0.4434265 0.3771329 0.4434265 0.3058413 0.4434265 0.3523316 0.4434265 0.3351681 0.5554555 0.3771329 0.5554554 0.3058413 0.5554554 0.3523316 0.5554554 0.3351681 0.5554554 0.3501619 0.5554554 0.3329339 0.5578628 0.3771329 0.5578627 0.3058413 0.5578627 0.3523316 0.5578627 0.3351681 0.5578627 0.3501619 0.5578627 0.3329339 0.6649392 0.3329339 0.6649392 0.350162 0.6649392 0.3351681 0.6649392 0.3523317 0.6649392 0.3058413 0.6649392 0.3771329 0.4445252 0.3501619 0.4445252 0.3329339 0.4445253 0.377133 0.4445253 0.3058413 0.4445253 0.3523316 0.4445253 0.3351681 0.3921543 0.3501619 0.3921543 0.3329339 0.3921543 0.3771329 0.3921543 0.3058413 0.3921543 0.3523316 0.3921543 0.3351681 0.8333887 0.3771329 0.8333887 0.3058413 0.8333887 0.3523318 0.8333887 0.3351681 0.8333887 0.350162 0.8333887 0.3329339 0.8612978 0.3771329 0.8612978 0.3058413 0.8612978 0.3523318 0.8612978 0.3351681 0.8612978 0.350162 0.8612978 0.3329339 0.3334732 0.3771328 0.5570406 0.3066967 0.3334732 0.3058413 0.5570406 0.3314713 0.6282971 0.3765353 0.6303304 0.3745021 0.8892069 0.350162 0.6293314 0.3066967 0.6303304 0.3537938 0.3334732 0.332934 0.6293314 0.3314713 0.8892069 0.3351681 0.6666985 0.3771329 0.6666985 0.3058413 0.6666985 0.350162 0.6666985 0.3523317 0.6666985 0.3329339 0.6666985 0.3351681 0.7775705 0.3771329 0.7775705 0.3058413 0.7775705 0.3523318 0.7775705 0.3351681 0.7775705 0.350162 0.7775705 0.3329339 0.4434264 0.3501619 0.4434264 0.3329339 0.4434265 0.3771329 0.4434265 0.3058413 0.4434265 0.3523316 0.4434265 0.3351681 0.5554555 0.3771329 0.5554554 0.3058413 0.5554554 0.3523316 0.5554554 0.3351681 0.5554554 0.3501619 0.5554554 0.3329339 0.5578628 0.3771329 0.5578627 0.3058413 0.5578627 0.3523316 0.5578627 0.3351681 0.5578627 0.3501619 0.5578627 0.3329339 0.6649392 0.3329339 0.6649392 0.350162 0.6649392 0.3351681 0.6649392 0.3523317 0.6649392 0.3058413 0.6649392 0.3771329 0.4445252 0.3501619 0.4445252 0.3329339 0.4445253 0.377133 0.4445253 0.3058413 0.4445253 0.3523316 0.4445253 0.3351681 0.3921543 0.3501619 0.3921543 0.3329339 0.3921543 0.3771329 0.3921543 0.3058413 0.3921543 0.3523316 0.3921543 0.3351681 0.8333887 0.3771329 0.8333887 0.3058413 0.8333887 0.3523318 0.8333887 0.3351681 0.8333887 0.350162 0.8333887 0.3329339 0.8612978 0.3771329 0.8612978 0.3058413 0.8612978 0.3523318 0.8612978 0.3351681 0.8612978 0.350162 0.8612978 0.3329339 0.2227204 0.3057905 0.2227204 0.33186 0.2227204 0.33186 0.5323592 0.468312 0.5560445 0.3057905 0.5560445 0.33186 0.5560445 0.3318601 0.5323592 0.9764723 0.5323592 0.468312 0.5323592 0.9764723 0.6282971 0.3517606 0.3334732 0.3523316 0.3334732 0.3501619 0.3921543 0.3329339 0.3334732 0.3351681 0.3334732 0.3351681 0.6666985 0.3351681 0.6666985 0.350162 0.3921543 0.3501619 0.4434264 0.3501619 0.4445252 0.3329339 0.4434264 0.3329339 0.5578627 0.3329339 0.5554554 0.3329339 0.4445252 0.3501619 0.5554554 0.3501619 0.6649392 0.3351681 0.5578627 0.3351681 0.6649392 0.350162 0.5578627 0.3501619 0.7775705 0.3351681 0.7775705 0.350162 0.5554554 0.3351681 0.4445253 0.3351681 0.5560064 0.3765352 0.5560064 0.3517606 0.6313646 0.3087299 0.6313646 0.3294381 0.3334732 0.3501619 0.4434265 0.3351681 0.3921543 0.3351681 0.8612978 0.3351681 0.8612978 0.350162 0.8333887 0.3351681 0.8333887 0.350162 0.8892069 0.3058413 0.8892069 0.3329338 0.8892069 0.350162 0.8892069 0.3523318 0.8892069 0.3351681 0.8892069 0.3771329 0.6282971 0.3517606 0.3334732 0.3523316 0.3334732 0.3501619 0.3921543 0.3329339 0.3334732 0.3351681 0.3334732 0.3351681 0.6666985 0.3351681 0.6666985 0.350162 0.3921543 0.3501619 0.4434264 0.3501619 0.4445252 0.3329339 0.4434264 0.3329339 0.5578627 0.3329339 0.5554554 0.3329339 0.4445252 0.3501619 0.5554554 0.3501619 0.6649392 0.3351681 0.5578627 0.3351681 0.6649392 0.350162 0.5578627 0.3501619 0.7775705 0.3351681 0.7775705 0.350162 0.5554554 0.3351681 0.4445253 0.3351681 0.5560064 0.3765352 0.5560064 0.3517606 0.6313646 0.3087299 0.6313646 0.3294381 0.3334732 0.3501619 0.4434265 0.3351681 0.3921543 0.3351681 0.8612978 0.3351681 0.8612978 0.350162 0.8333887 0.3351681 0.8333887 0.350162 0.8892069 0.3058413 0.8892069 0.3329338 0.8892069 0.350162 0.8892069 0.3523318 0.8892069 0.3351681 0.8892069 0.3771329 0.0934468 0.9764723 0.0934468 0.468312 0.0934468 0.9764723 0.0934468 0.468312 0.5560444 0.3057905 0.2227203 0.3057905 0.3921543 0.3329339 0.3334732 0.332934 0.3921543 0.3523316 0.3334732 0.3523316 0.6666985 0.3329339 0.7775705 0.3523318 0.6666985 0.3523317 0.7775705 0.3329339 0.8333887 0.3329339 0.8333887 0.3523318 0.3921543 0.3351681 0.4434265 0.3351681 0.4445253 0.3523316 0.4434265 0.3523316 0.5578627 0.3523316 0.5554554 0.3523316 0.4445253 0.3351681 0.5554554 0.3351681 0.6649392 0.3329339 0.5578627 0.3329339 0.6649392 0.3523317 0.5578627 0.3523316 0.5578627 0.3501619 0.5578627 0.3351681 0.4434264 0.3501619 0.4434265 0.3351681 0.5578627 0.3501619 0.5578627 0.3351681 0.5554554 0.3329339 0.4445252 0.3329339 0.3334732 0.3351681 0.4434264 0.3329339 0.4434264 0.3501619 0.4434265 0.3523316 0.8612978 0.3523318 0.8612978 0.3329339 0.8892069 0.3329338 0.8892069 0.3523318 0.3921543 0.3329339 0.3334732 0.332934 0.3921543 0.3523316 0.3334732 0.3523316 0.6666985 0.3329339 0.7775705 0.3523318 0.6666985 0.3523317 0.7775705 0.3329339 0.8333887 0.3329339 0.8333887 0.3523318 0.3921543 0.3351681 0.4434265 0.3351681 0.4445253 0.3523316 0.4434265 0.3523316 0.5578627 0.3523316 0.5554554 0.3523316 0.4445253 0.3351681 0.5554554 0.3351681 0.6649392 0.3329339 0.5578627 0.3329339 0.6649392 0.3523317 0.5578627 0.3523316 0.5578627 0.3501619 0.5578627 0.3351681 0.4434264 0.3501619 0.4434265 0.3351681 0.5578627 0.3501619 0.5578627 0.3351681 0.5554554 0.3329339 0.4445252 0.3329339 0.3334732 0.3351681 0.4434264 0.3329339 0.4434264 0.3501619 0.4434265 0.3523316 0.8612978 0.3523318 0.8612978 0.3329339 0.8892069 0.3329338 0.8892069 0.3523318  
			<TextureCoords1>: 318 0.8374668 0.9406384 0.8421748 0.9406384 0.003906402 0.7765526 0.8421748 0.9156128 0.9232116 0.9406383 0.9211577 0.9385845 0.00390625 0.9683625 0.9151976 0.9406384 0.9211577 0.9176666 0.00390625 0.7035364 0.9151975 0.9156128 0.003906251 0.9474446 0.3371972 0.9395241 0.5040483 0.7765514 0.3370253 0.8639793 0.3370376 0.8668776 0.5040288 0.7035527 0.5040328 0.70065 0.1713591 0.9399157 0.6705243 0.7763718 0.1711157 0.8692881 0.6705377 0.7026253 0.1711051 0.8663918 0.6705359 0.7055324 0.6744473 0.9683657 0.6729226 0.9449756 0.6690094 0.9381559 0.1689369 0.7765522 0.6734325 0.865285 0.6744473 0.9474478 0.5030066 0.9389133 0.3370827 0.7765522 0.500677 0.8678201 0.5054738 0.9474468 0.500754 0.8649545 0.3370826 0.7053634 0.4993225 0.9390306 0.3406958 0.7765522 0.4970053 0.8663331 0.5014245 0.9474468 0.4970945 0.8635217 0.3406956 0.703536 0.5013897 0.703552 0.3406973 0.9683638 0.3406973 0.9474459 0.33967 0.8668707 0.5014083 0.7765521 0.339826 0.9395182 0.6713393 0.8639136 0.6704609 0.9449756 0.667433 0.9380618 0.1705861 0.7765522 0.6716247 0.8668661 0.6719856 0.9474478 0.7491174 0.8654858 0.09198149 0.7070506 0.7480801 0.9397173 0.09198164 0.7765524 0.749099 0.8683842 0.7514896 0.947448 0.08778737 0.9402174 0.7542317 0.776462 0.08761425 0.8686895 0.7542202 0.7017417 0.08760097 0.8657954 0.7542158 0.7046392 0.04618042 0.9403533 0.7962005 0.77643 0.04579609 0.8702029 0.04589538 0.9474447 0.04589538 0.9683626 0.7961887 0.7060447 0.8374668 0.8585955 0.9172514 0.886681 0.003906402 0.6967258 0.9172514 0.9117066 0.9941804 0.886681 0.9962342 0.8887348 0.8396429 0.9722735 0.8442286 0.886681 0.9962343 0.9096527 0.00390625 0.6237096 0.8442287 0.9117066 0.839643 0.9931914 0.3371972 0.8574812 0.5040483 0.6967246 0.3370252 0.7819364 0.3370375 0.7848347 0.5040289 0.623726 0.5040329 0.6208233 0.171359 0.8578728 0.6705244 0.6965451 0.1711157 0.7872453 0.6705377 0.6227984 0.171105 0.784349 0.6705359 0.6257056 0.1691019 0.9722725 0.1706267 0.9956625 0.6690093 0.856113 0.168937 0.6967254 0.6734325 0.7832421 0.1691019 0.9931903 0.5030065 0.8568705 0.3370828 0.6967254 0.5006769 0.7857772 0.3380755 0.9931907 0.5007539 0.7829115 0.3370826 0.6255366 0.4993224 0.8569877 0.3406959 0.6967254 0.4970052 0.7842902 0.3421248 0.9931907 0.4970945 0.7814789 0.3406957 0.6237092 0.5013897 0.6237252 0.5028519 0.9722732 0.502852 0.9931911 0.3396699 0.7848278 0.5014085 0.6967253 0.3398259 0.8574753 0.6713393 0.7818707 0.1730884 0.9956625 0.6674329 0.8560189 0.1705862 0.6967254 0.6716246 0.7848232 0.1715637 0.9931903 0.7491173 0.7834429 0.09198152 0.6272238 0.7480801 0.8576744 0.09198168 0.6967256 0.7490989 0.7863412 0.09205958 0.9931903 0.08778734 0.8581746 0.7542317 0.6966352 0.08761422 0.7866467 0.7542202 0.6219149 0.08760093 0.7837525 0.7542159 0.6248125 0.0461804 0.8583105 0.7962005 0.6966032 0.04579606 0.7881601 0.7976539 0.9931915 0.7976538 0.9722736 0.7961887 0.6262178 0.4710496 0.07520831 0.00390625 0.1458493 0.4710496 0.008473575 0.8380908 0.616899 0.00390625 0.07520837 0.4710496 0.1458493 0.003906252 0.008473575 0.4209985 0.1497557 0.4209985 0.616899 0.8380908 0.1497557 0.9232115 0.9156128 0.8382519 0.8664129 0.8382686 0.8634747 0.7514078 0.9445446 0.8396429 0.9474483 0.003940206 0.7006323 0.3380566 0.9474459 0.3380566 0.9683638 0.7514896 0.9683659 0.6733286 0.8625017 0.170586 0.7053634 0.1689367 0.7035361 0.5023514 0.9446942 0.5064007 0.9446942 0.6719856 0.9683657 0.5054738 0.9683647 0.5013914 0.7006476 0.340696 0.700632 0.3396607 0.8639688 0.5014245 0.9683647 0.1716171 0.947445 0.1716171 0.9683629 0.3370825 0.7024591 0.1705859 0.7024591 0.9962343 0.9406384 0.9962342 0.9156128 0.9172514 0.9385845 0.9172514 0.9176666 0.8396429 0.9683662 0.1688979 0.700632 0.09194265 0.7041466 0.7961789 0.7031327 0.04579845 0.8672978 0.08782389 0.9474447 0.08782389 0.9683626 0.8379544 0.7765132 0.8382223 0.7035835 0.003931728 0.86493 0.00390625 0.867817 0.8381913 0.7006725 0.004403051 0.9406384 0.9941804 0.9117065 0.8382519 0.78437 0.8382685 0.7814319 0.09214144 0.9960938 0.003906316 0.9931903 0.003940206 0.6208055 0.5054927 0.9931911 0.5054926 0.9722732 0.09205952 0.9722725 0.6733286 0.7804588 0.170586 0.6255366 0.1689368 0.6237093 0.3411978 0.9959434 0.3371485 0.9959434 0.1715636 0.9722725 0.3380754 0.9722729 0.5013914 0.6208208 0.3406961 0.6208053 0.3396607 0.781926 0.3421247 0.9722728 0.6719321 0.9931915 0.671932 0.9722736 0.3370827 0.6226323 0.1705861 0.6226323 0.9211577 0.8866809 0.9211577 0.9117064 0.8421748 0.8887348 0.8421748 0.9096527 0.00390625 0.9722725 0.168898 0.6208053 0.09194268 0.6243198 0.796179 0.6233059 0.04579842 0.785255 0.7557254 0.9931915 0.7557253 0.9722736 0.8379544 0.6966863 0.8382223 0.6237568 0.003931728 0.7828872 0.00390625 0.7857742 0.8381913 0.6208458 0.004403057 0.8585955 0.00390625 0.1497556 0.003906267 0.616899 0.4209985 0.1497557 0.4209985 0.616899 0.4710497 0.07911462 0.003906285 0.07911462 0.09198149 0.7070506 0.00390625 0.7035364 0.749099 0.8683842 0.8382519 0.8664129 0.5040288 0.7035527 0.1711157 0.8692881 0.3370376 0.8668776 0.6705359 0.7055324 0.7542158 0.7046392 0.08761425 0.8686895 0.7514896 0.947448 0.6744473 0.9474478 0.6716247 0.8668661 0.6734325 0.865285 0.4970053 0.8663331 0.500677 0.8678201 0.6719856 0.9474478 0.5054738 0.9474468 0.5013897 0.703552 0.3406956 0.703536 0.33967 0.8668707 0.4970053 0.8663331 0.4970945 0.8635217 0.5014245 0.9474468 0.6744473 0.9683657 0.6744473 0.9474478 0.5014245 0.9683647 0.5014245 0.9474468 0.3370826 0.7053634 0.170586 0.7053634 0.8396429 0.9474483 0.1689367 0.7035361 0.6733286 0.8625017 0.6734325 0.865285 0.04579609 0.8702029 0.7961887 0.7060447 0.8382223 0.7035835 0.00390625 0.867817 0.09198152 0.6272238 0.00390625 0.6237096 0.7490989 0.7863412 0.8382519 0.78437 0.5040289 0.623726 0.1711157 0.7872453 0.3370375 0.7848347 0.6705359 0.6257056 0.7542159 0.6248125 0.08761422 0.7866467 0.09205958 0.9931903 0.1691019 0.9931903 0.6716246 0.7848232 0.6734325 0.7832421 0.4970052 0.7842902 0.5006769 0.7857772 0.1715637 0.9931903 0.3380755 0.9931907 0.5013897 0.6237252 0.3406957 0.6237092 0.3396699 0.7848278 0.4970052 0.7842902 0.4970945 0.7814789 0.3421248 0.9931907 0.1691019 0.9722725 0.1691019 0.9931903 0.3421247 0.9722728 0.3421248 0.9931907 0.3370826 0.6255366 0.170586 0.6255366 0.003906316 0.9931903 0.1689368 0.6237093 0.6733286 0.7804588 0.6734325 0.7832421 0.04579606 0.7881601 0.7961887 0.6262178 0.8382223 0.6237568 0.00390625 0.7857742  
			<Normals>: 318 0 0 -1 1 0 0 0 0 1 1 0 0 -1 0 0 -1 0 0 -0.06763104 0.9977105 0 1 0 0 -1 0 0 0 0 1 1 0 0 -0.06763104 0.9977105 0 0 0 -1 0 0 1 0.004699954 0.7070989 -0.7070989 0 0 -1 0 0 1 0.004699954 0.7070989 0.7070989 0 0 -1 0 0 1 0 0 -1 3.051952E-05 0.7071068 0.7071068 3.051952E-05 0.7071068 -0.7071068 3.051952E-05 0.7071068 0.7071068 -0.04559594 0.99896 0 0.6167363 0.556613 0.556613 0 0 -1 0 0 1 0 0 -1 -0.04559594 0.99896 0 0 0 -1 0 0 1 -0.1511318 0.6989847 -0.6989847 -0.18687 0.6946509 0.6946509 -0.18687 0.6946509 -0.6946509 0 0 1 0 0 -1 0 0 1 -0.3367222 0.6658146 -0.6658146 -0.3367222 0.6658146 0.6658146 -0.3367222 0.6658146 -0.6658146 0 0 1 0 0 1 0 1 0 0 1 0 0 0 -1 0 0 1 0 0 -1 0.3745031 0.6556476 -0.6556476 0.2558724 0.6835676 0.6835676 0 0 -1 0 0 1 0 0 -1 0.3745031 0.6556476 0.6556476 -0.002044803 0.7071053 -0.7071053 0 0 1 0 0 -1 0 0 1 -0.001983765 0.7071053 -0.7071053 -0.002044803 0.7071053 0.7071053 0 0 -1 0 0 1 0.009949301 0.7070718 -0.7070718 0.009735686 0.7070733 0.7070733 0.009735686 0.7070733 -0.7070733 0 0 1 0 0 -1 0 0 1 0 0 -1 -0.01324508 0.9999123 0 -0.01324508 0.9999123 0 -0.00912535 0.7070773 0.7070773 0 0 1 -1 0 0 0 0 -1 -1 0 0 1 0 0 1 0 0 0.06763104 0.9977105 0 -1 0 0 1 0 0 0 0 -1 -1 0 0 0.06763104 0.9977105 0 0 0 1 0 0 -1 -0.004699954 0.7070989 0.7070989 0 0 1 0 0 -1 -0.004699954 0.7070989 -0.7070989 0 0 1 0 0 -1 0 0 1 -3.051952E-05 0.7071068 -0.7071068 -3.051952E-05 0.7071068 0.7071068 -3.051952E-05 0.7071068 -0.7071068 0.04559594 0.99896 0 -0.6167363 0.556613 -0.556613 0 0 1 0 0 -1 0 0 1 0.04559594 0.99896 0 0 0 1 0 0 -1 0.1511318 0.6989847 0.6989847 0.18687 0.6946509 -0.6946509 0.18687 0.6946509 0.6946509 0 0 -1 0 0 1 0 0 -1 0.3367222 0.6658146 0.6658146 0.3367222 0.6658146 -0.6658146 0.3367222 0.6658146 0.6658146 0 0 -1 0 0 -1 0 1 0 0 1 0 0 0 1 0 0 -1 0 0 1 -0.3745031 0.6556476 0.6556476 -0.2558724 0.6835676 -0.6835676 0 0 1 0 0 -1 0 0 1 -0.3745031 0.6556476 -0.6556476 0.002044803 0.7071053 0.7071053 0 0 -1 0 0 1 0 0 -1 0.001983765 0.7071053 0.7071053 0.002044803 0.7071053 -0.7071053 0 0 1 0 0 -1 -0.009949301 0.7070718 0.7070718 -0.009735686 0.7070733 -0.7070733 -0.009735686 0.7070733 0.7070733 0 0 -1 0 0 1 0 0 -1 0 0 1 0.01324508 0.9999123 0 0.01324508 0.9999123 0 0.00912535 0.7070773 -0.7070773 1 0 0 -1 0 0 1 0 0 0 1 0 1 0 0 -1 0 0 1 0 0 0 1 0 0 1 0 0 1 0 -1 0 0 0.02819978 0.7068256 -0.7068256 0.02819978 0.7068256 -0.7068256 -0.001983765 0.7071053 0.7071053 0.02819978 0.7068256 0.7068256 0.02819978 0.7068256 0.7068256 0.006683609 0.9999777 0 0.006683609 0.9999777 0 -0.002868816 0.9999959 0 0.6167363 0.556613 -0.556613 0 0 1 0 0 1 -0.3367222 0.6658146 0.6658146 -0.1511318 0.6989847 0.6989847 0.4061866 0.9137901 0 -0.2319726 0.9727223 0 0 0.7071068 0.7071068 0 0.7071068 0.7071068 0 0.7071068 -0.7071068 -0.4513106 0.8923669 0 3.051851E-05 1 0 3.051851E-05 1 0 -0.18687 0.6946509 0.6946509 0.3745031 0.6556476 0.6556476 -1 0 0 -1 0 0 1 0 0 1 0 0 0.03985834 0.9992054 0 -0.03225905 0.7067388 0.7067388 -0.002044803 0.7071053 0.7071053 -0.009583103 0.7070743 0.7070743 -0.009583103 0.7070743 -0.7070743 0.01391679 0.9999032 0 0.01391679 0.9999032 0 0 0 1 0 0 1 -0.04785348 0.7062967 -0.7062967 -0.04785348 0.7062967 -0.7062967 -0.04785348 0.7062967 0.7062967 0 0 -1 1 0 0 -0.02819978 0.7068256 0.7068256 -0.02819978 0.7068256 0.7068256 0.001983765 0.7071053 -0.7071053 -0.02819978 0.7068256 -0.7068256 -0.02819978 0.7068256 -0.7068256 -0.006683609 0.9999777 0 -0.006683609 0.9999777 0 0.002868816 0.9999959 0 -0.6167363 0.556613 0.556613 0 0 -1 0 0 -1 0.3367222 0.6658146 -0.6658146 0.1511318 0.6989847 -0.6989847 -0.4062121 0.9137789 0 0.2319726 0.9727223 0 0 0.7071068 -0.7071068 0 0.7071068 -0.7071068 0 0.7071068 0.7071068 0.4513106 0.8923669 0 -3.051851E-05 1 0 -3.051851E-05 1 0 0.18687 0.6946509 -0.6946509 -0.3745031 0.6556476 -0.6556476 1 0 0 1 0 0 -1 0 0 -1 0 0 -0.03985834 0.9992054 0 0.03225905 0.7067388 -0.7067388 0.002044803 0.7071053 -0.7071053 0.009583103 0.7070743 -0.7070743 0.009583103 0.7070743 0.7070743 -0.01391679 0.9999032 0 -0.01391679 0.9999032 0 0 0 -1 0 0 -1 0.04785348 0.7062967 0.7062967 0.04785348 0.7062967 0.7062967 0.04785348 0.7062967 -0.7062967 0 0 1 0 1 0 0 1 0 0 1 0 0 1 0 -1 0 0 -1 0 0 -0.001983765 0.7071053 0.7071053 0.02819978 0.7068256 0.7068256 0 0 -1 0 0 -1 0.004730473 0.7070988 0.7070988 3.051952E-05 0.7071068 -0.7071068 0.004730473 0.7070988 -0.7070988 0 0 1 0.009949301 0.7070718 0.7070718 0 0 -1 -0.002868816 0.9999959 0 0.6167363 0.556613 0.556613 0.2558724 0.6835676 -0.6835676 0.6167363 0.556613 -0.556613 0 0 -1 0 0 -1 0.4061866 0.9137901 0 -0.2319726 0.9727223 0 0 0.7071068 0.7071068 0 0.7071068 0.7071068 0 0.7071068 -0.7071068 0 0.7071068 -0.7071068 0 0.7071068 -0.7071068 -0.4513106 0.8923669 0 0.7423465 0.6700162 0 0.7423465 0.6700162 0 0 1 0 0 1 0 -0.1511318 0.6989847 0.6989847 0.2558724 0.6835676 0.6835676 0.03985834 0.9992054 0 -0.03225905 0.7067388 0.7067388 -0.03225905 0.7067388 -0.7067388 -0.03225905 0.7067388 -0.7067388 -0.00912535 0.7070773 -0.7070773 0 0 1 -0.04785348 0.7062967 0.7062967 0 0 -1 0.001983765 0.7071053 -0.7071053 -0.02819978 0.7068256 -0.7068256 0 0 1 0 0 1 -0.004730473 0.7070988 -0.7070988 -3.051952E-05 0.7071068 0.7071068 -0.004730473 0.7070988 0.7070988 0 0 -1 -0.009949301 0.7070718 -0.7070718 0 0 1 0.002868816 0.9999959 0 -0.6167363 0.556613 -0.556613 -0.2558724 0.6835676 0.6835676 -0.6167363 0.556613 0.556613 0 0 1 0 0 1 -0.4062121 0.9137789 0 0.2319726 0.9727223 0 0 0.7071068 -0.7071068 0 0.7071068 -0.7071068 0 0.7071068 0.7071068 0 0.7071068 0.7071068 0 0.7071068 0.7071068 0.4513106 0.8923669 0 -0.7423753 0.6699842 0 -0.7423753 0.6699842 0 0 1 0 0 1 0 0.1511318 0.6989847 -0.6989847 -0.2558724 0.6835676 -0.6835676 -0.03985834 0.9992054 0 0.03225905 0.7067388 -0.7067388 0.03225905 0.7067388 0.7067388 0.03225905 0.7067388 0.7067388 0.00912535 0.7070773 0.7070773 0 0 -1 0.04785348 0.7062967 -0.7062967 0 0 1  
			<Tangents>: 318 0.9997374 -0.02291681 0 0 1 0 1 0 0 0 1 0 0 1 9.200967E-07 0 1 1.646587E-05 0.9977104 0.06763104 0 0 1 -2.490324E-07 0 1 -3.885346E-05 0.9998232 -0.01880584 0 0 1 -1.386013E-07 0.9977104 0.06763104 -5.826936E-07 0.999952 -0.009803251 0 1 -9.283974E-07 0 0.9999455 -0.009911367 -0.003264915 0.9999132 -0.01317555 0 0.9999914 -0.00414112 0 0.9999455 -0.0099117 0.003265249 0.999997 0.002441912 0 0.9999785 -0.006560577 0 0.9999987 0.001594933 0 0.9999951 -0.00224796 0.002204798 0.9999951 -0.002247734 -0.002204573 0.9999887 -0.003377669 0.003334508 0.99896 0.04559594 0 0.6699976 -0.7423633 -5.019903E-06 1 -0.000227558 0 0.9997171 0.02378352 0 0.999895 0.01448941 0 0.99896 0.04559594 0 0.9999999 0.0003007458 0 1 0 0 0.9884772 0.1129352 -0.1007896 0.9823523 0.1378735 0.1263918 0.9823508 0.1380013 -0.1262636 0.9999374 0.01119136 0 1 7.779628E-07 0 0.9999999 0.0003213569 0 0.9415905 0.2418768 -0.2343135 0.9415715 0.2439661 0.2322146 0.9415874 0.242293 -0.2338957 0.9999789 0.00649529 0 1 -2.090603E-08 0 1 0 5.089992E-07 1 0 4.67063E-07 1 2.959594E-07 0 1 -7.164316E-07 0 1 0 0 0.9271996 -0.2701039 0.2595087 0.8026499 -0.5443169 0.2438697 1 7.557562E-07 0 1 -0.0001046885 0 0.9999444 -0.01054344 0 0.927205 -0.2695222 -0.2600934 0.9999979 0.001470314 -0.001421475 0.9999596 -0.008985987 0 0.9999396 0.01099532 0 0.9999291 -0.01190332 0 0.9999675 0.006930748 0.004125365 0.9999956 -5.084043E-05 0.002942622 0.999989 -0.00470098 0 0.999988 0.004905059 0 0.9999294 -0.01163421 0.002435927 0.9999471 -0.009236683 -0.00453158 0.9999471 -0.009236683 0.00453158 0.9999999 -0.0003571128 0 0.9999371 0.01121692 0 0.9999761 -0.006910574 0 0.9998012 0.01994137 0 0.9999123 0.01324508 -9.916517E-07 0.9999123 0.01324508 -6.998716E-07 0.9999557 0.008072738 0.004832423 -0.9997374 -0.02291681 0 0 1 0 -1 0 0 0 1 0 0 1 -9.200967E-07 0 1 -1.646587E-05 -0.9977104 0.06763104 0 0 1 2.490324E-07 0 1 3.885346E-05 -0.9998232 -0.01880584 0 0 1 1.386013E-07 -0.9977104 0.06763104 5.826936E-07 -0.999952 -0.009803251 0 -1 -9.283974E-07 0 -0.9999455 -0.009911367 0.003264915 -0.9999132 -0.01317555 0 -0.9999914 -0.00414112 0 -0.9999455 -0.0099117 -0.003265249 -0.999997 0.002441912 0 -0.9999785 -0.006560577 0 -0.9999987 0.001594933 0 -0.9999951 -0.00224796 -0.002204798 -0.9999951 -0.002247734 0.002204573 -0.9999887 -0.003377669 -0.003334508 -0.99896 0.04559594 0 -0.6699949 -0.7423657 -5.268395E-07 -1 -0.0002275549 0 -0.9997171 0.02378351 0 -0.999895 0.01448942 0 -0.99896 0.04559594 0 -0.9999999 0.0003007455 0 -1 0 0 -0.9884772 0.1129352 0.1007896 -0.9823523 0.1378735 -0.1263918 -0.9823508 0.1380013 0.1262636 -0.9999374 0.01119142 0 -1 7.779628E-07 0 -0.9999999 0.0003213565 0 -0.9415905 0.2418768 0.2343135 -0.9415715 0.2439661 -0.2322146 -0.9415874 0.242293 0.2338957 -0.9999789 0.006495305 0 -1 -2.090603E-08 0 -1 0 -5.089992E-07 -1 0 -4.67063E-07 -1 2.959594E-07 0 -1 -7.164316E-07 0 -1 0 0 -0.9271996 -0.2701039 -0.2595086 -0.8026448 -0.5443214 -0.243876 -1 7.557808E-07 0 -1 -0.0001046871 0 -0.9999444 -0.01054361 0 -0.927205 -0.2695223 0.2600934 -0.9999979 0.001470315 0.001421474 -0.9999596 -0.008985984 0 -0.9999396 0.01099532 0 -0.9999291 -0.01190332 0 -0.9999675 0.006930748 -0.004125366 -0.9999956 -5.083913E-05 -0.002942621 -0.999989 -0.00470098 0 -0.999988 0.004905059 0 -0.9999294 -0.01163421 -0.002435927 -0.9999471 -0.009236683 0.00453158 -0.9999471 -0.009236683 -0.00453158 -0.9999999 -0.0003571128 0 -0.9999371 0.01121692 0 -0.9999761 -0.006910574 0 -0.9998012 0.01994137 0 -0.9999123 0.01324508 9.916517E-07 -0.9999123 0.01324508 6.998716E-07 -0.9999557 0.008072738 -0.004832423 0 -4.257474E-08 1 0 -4.257474E-08 1 0 -7.208028E-08 1 -1 0 0 0 -3.39694E-07 1 0 -3.39694E-07 1 0 -3.691994E-07 1 -1 0 0 -1 0 0 -1 0 0 0 1 7.812461E-08 0.999205 -0.03986748 -2.821678E-06 0.999205 -0.03986748 -2.821678E-06 0.9996002 -0.01854206 0.0213464 0.999205 -0.03986748 2.821678E-06 0.999205 -0.03986685 2.2001E-06 0.9999776 -0.006683608 0 0.9999776 -0.006683608 3.914445E-08 0.9999959 0.002868816 0 0.7867703 -0.4133511 0.4584029 0.9999468 -0.01031365 0 0.9992566 0.03855154 0 0.8923683 0.451308 -1.088749E-05 0.9350324 0.3305167 -0.1283475 0.9137902 -0.4061866 0 0.9727224 0.2319726 0 1 0 0 1 0 0 1 3.453628E-07 3.453628E-07 0.8923669 0.4513106 4.6593E-08 1 -3.051851E-05 3.058843E-07 1 -3.051851E-05 3.323355E-07 0.9823847 0.132137 0.132137 0.9272256 -0.2648137 -0.2648137 0 1 1.733042E-07 0 1 0 0 1 -1.772678E-05 0 1 -1.070933E-05 0.9992054 -0.03985834 0 0.9989594 0.04560888 -1.143346E-05 0.999477 0.02426572 -0.02137543 0.999908 0.01356324 -1.130874E-05 0.999908 0.01356258 1.065271E-05 0.9999031 -0.01391679 0 0.9999031 -0.01391679 0 0.9997311 0.02318693 0 0.9977099 0.06763823 0 0.9977114 0.06761612 1.850641E-05 0.9983202 0.05694146 -0.0106974 0.9977113 0.06761742 -1.981133E-05 1 0 0 0 1 -7.812461E-08 -0.999205 -0.03986747 2.81718E-06 -0.999205 -0.03986747 2.81718E-06 -0.9996002 -0.01854205 -0.0213464 -0.999205 -0.03986747 -2.81718E-06 -0.999205 -0.03986685 -2.195603E-06 -0.9999776 -0.006683608 0 -0.9999776 -0.006683608 -3.914445E-08 -0.9999959 0.002868816 0 -0.7867703 -0.4133512 -0.4584029 -0.9999468 -0.01031382 0 -0.9992566 0.03855158 0 -0.8923678 0.4513089 1.19887E-05 -0.9350319 0.3305177 0.1283487 -0.9137788 -0.4062122 0 -0.9727224 0.2319726 0 -1 0 0 -1 0 0 -1 3.453628E-07 -3.453628E-07 -0.8923669 0.4513106 -4.6593E-08 -1 -3.051851E-05 -3.058843E-07 -1 -3.051851E-05 -3.323355E-07 -0.9823847 0.132137 -0.132137 -0.9272256 -0.2648137 0.2648137 0 1 -1.733042E-07 0 1 0 0 1 1.772678E-05 0 1 1.070933E-05 -0.9992054 -0.03985834 0 -0.9989594 0.04560887 1.143051E-05 -0.999477 0.02426572 0.02137543 -0.999908 0.01356324 1.130874E-05 -0.999908 0.01356258 -1.065271E-05 -0.9999031 -0.01391679 0 -0.9999031 -0.01391679 0 -0.9997311 0.02318693 0 -0.9977099 0.06763823 0 -0.9977114 0.06761612 -1.850641E-05 -0.9983202 0.05694146 0.0106974 -0.9977113 0.06761742 1.981133E-05 -1 0 0 -1 0 0 -1 0 0 -1 0 0 -1 0 0 0 -3.691994E-07 1 0 -7.208027E-08 1 0.9999778 -0.003090445 0.005895854 0.9995139 -0.02934243 -0.01053455 0.9999389 0.01105592 0 0.9992049 -0.0398703 0 0.9999845 -0.005415498 -0.001274372 0.9999993 0.0007758956 0.0008190566 0.9999454 -0.009932636 -0.003243027 0.9999775 -0.006712102 0 0.9999505 -0.007213783 -0.006856653 0.9999577 -0.009198232 0 0.9999959 0.002868816 0 0.7869174 -0.4180522 -0.4538649 0.9666819 -0.1863664 0.1754811 0.7871021 -0.4267827 0.445339 0.9999745 0.007134314 0 0.9999278 0.01202127 0 0.9137902 -0.4061866 0 0.9727224 0.2319726 0 1 -1.045301E-08 1.045301E-08 0.9999894 0.003247679 -0.003247679 1 1.618714E-07 1.618714E-07 0.9999873 0.003567216 0.003567216 0.9999843 0.003961396 0.003961396 0.8923669 0.4513106 0 0.6700162 -0.7423465 0 0.6700162 -0.7423465 0 1 0 4.178721E-08 1 0 0 0.988482 0.112517 0.1012089 0.9666831 -0.1862483 -0.1755997 0.9992054 -0.03985834 0 0.9991081 0.04207813 0.003526107 0.9991773 0.04019236 -0.005415032 0.9994271 0.03005586 -0.01556294 0.9998589 0.01642276 0.003518852 0.9999948 0.003240192 0 0.9977113 0.06761797 -2.036581E-05 0.9989304 0.04623875 0 -0.9999778 -0.003090444 -0.005895853 -0.9995139 -0.02934243 0.01053455 -0.9999389 0.01105593 0 -0.9992049 -0.03987029 0 -0.9999845 -0.005415498 0.001274372 -0.9999993 0.0007758956 -0.0008190566 -0.9999454 -0.009932636 0.003243027 -0.9999775 -0.006712102 0 -0.9999505 -0.007213783 0.006856653 -0.9999577 -0.009198232 0 -0.9999959 0.002868816 0 -0.7869174 -0.4180523 0.4538648 -0.9666819 -0.1863665 -0.175481 -0.7871021 -0.4267827 -0.445339 -0.9999745 0.007134335 0 -0.9999278 0.01202133 0 -0.9137788 -0.4062122 0 -0.9727224 0.2319726 0 -1 -1.045301E-08 -1.045301E-08 -0.9999894 0.003247687 0.003247687 -1 1.618714E-07 -1.618714E-07 -0.9999873 0.003567227 -0.003567226 -0.9999843 0.003961409 -0.003961409 -0.8923669 0.4513106 0 -0.6699843 -0.7423753 0 -0.6699843 -0.7423753 0 -1 0 -4.178721E-08 -1 0 0 -0.988482 0.112517 -0.1012089 -0.9666831 -0.1862483 0.1755996 -0.9992054 -0.03985834 0 -0.9991081 0.04207814 -0.003526089 -0.9991773 0.04019234 0.005415054 -0.9994271 0.03005586 0.01556293 -0.9998589 0.01642276 -0.003518852 -0.9999948 0.003240192 0 -0.9977113 0.06761797 2.036581E-05 -0.9989304 0.04623875 0  
			<BiTangents>: 318 0.02291681 0.9997374 0 0 0 -1 0 -1 0 0 0 -1 0 -9.200967E-07 1 0 -1.646587E-05 1 0 0 1 0 -2.490324E-07 -1 0 3.885346E-05 1 -0.01880584 -0.9998232 0 0 -1.386013E-07 -1 5.813594E-07 3.940817E-08 1 0.009803251 0.999952 0 -9.283974E-07 -1 0 0.009316936 0.7070451 0.7071071 0.01317555 0.9999132 0 -0.00414112 -0.9999914 0 -0.009317407 -0.7070451 0.707107 -0.002441912 0.999997 0 -0.006560577 -0.9999785 0 -0.001594933 0.9999987 0 -0.003148576 -0.7071033 0.7071034 0.003148257 0.7071033 0.7071034 -0.004746226 -0.7070987 0.7070989 0 0 1 -0.4132063 -0.3729325 0.8307719 0.000227558 1 0 0.02378352 -0.9997171 0 -0.01448941 0.999895 0 0 0 1 -0.0003007458 0.9999999 0 0 -1 0 -0.008489589 0.7061629 0.7079985 0.007975765 -0.7060107 0.7081563 -0.008153575 0.7059857 0.7081791 0.01119136 -0.9999374 0 -7.779628E-07 1 0 0.0003213569 -0.9999999 0 -0.005035711 0.7058233 0.70837 0.007824352 -0.7051039 0.7090608 -0.005591042 0.7056805 0.7085081 0.00649529 -0.9999789 0 -2.090603E-08 -1 0 -5.089992E-07 0 1 -4.67063E-07 0 1 -2.959594E-07 1 0 -7.164316E-07 -1 0 0 1 0 0.006946699 0.705103 0.7090709 -0.5387788 -0.4862659 0.6879411 -7.557562E-07 1 0 -0.0001046885 -1 0 0.01054344 0.9999444 0 -0.006181989 -0.7053255 0.7088566 -3.453474E-05 0.7071067 0.7071068 -0.008985987 -0.9999596 0 -0.01099532 0.9999396 0 -0.01190332 -0.9999291 0 -0.007817837 0.7070742 0.7070962 -0.002116694 -0.7071083 0.7071022 0.00470098 0.999989 0 0.004905059 -0.999988 0 0.006503849 0.7070461 0.7071376 -0.003326853 -0.7070799 0.7071258 0.003326853 0.7070799 0.7071258 -0.0003571128 -0.9999999 0 -0.01121692 0.9999371 0 -0.006910574 -0.9999761 0 -0.01994137 0.9998012 0 9.915649E-07 1.313451E-08 1 6.998102E-07 9.269859E-09 1 0.002291153 -0.7070901 0.7071198 -0.02291681 0.9997374 0 0 0 1 0 -1 0 0 0 1 0 -9.200967E-07 -1 0 -1.646587E-05 -1 0 0 -1 0 -2.490324E-07 1 0 3.885346E-05 -1 0.01880584 -0.9998232 0 0 -1.386013E-07 1 -5.813594E-07 3.940817E-08 -1 -0.009803251 0.999952 0 9.283974E-07 -1 0 -0.009316936 0.7070451 -0.7071071 -0.01317555 0.9999132 0 0.00414112 -0.9999914 0 0.009317407 -0.7070451 -0.707107 0.002441912 0.999997 0 0.006560577 -0.9999785 0 0.001594933 0.9999987 0 0.003148576 -0.7071033 -0.7071034 -0.003148257 0.7071033 -0.7071034 0.004746226 -0.7070987 -0.7070989 0 0 -1 0.4132108 -0.3729276 -0.8307719 -0.0002275549 1 0 -0.02378351 -0.9997171 0 0.01448942 0.999895 0 0 0 -1 0.0003007455 0.9999999 0 0 -1 0 0.008489636 0.7061629 -0.7079985 -0.007975806 -0.7060107 -0.7081563 0.008153617 0.7059857 -0.7081792 -0.01119142 -0.9999374 0 7.779628E-07 1 0 -0.0003213565 -0.9999999 0 0.005035731 0.7058233 -0.70837 -0.007824372 -0.7051039 -0.7090608 0.005591062 0.7056805 -0.7085081 -0.006495305 -0.9999789 0 2.090603E-08 -1 0 5.089992E-07 0 -1 4.67063E-07 0 -1 2.959594E-07 1 0 7.164316E-07 -1 0 0 1 0 -0.006946777 0.705103 -0.7090709 0.5387862 -0.4862609 -0.6879388 7.557808E-07 1 0 0.0001046871 -1 0 -0.01054361 0.9999444 0 0.006182048 -0.7053255 -0.7088566 3.453614E-05 0.7071067 -0.7071068 0.008985984 -0.9999596 0 0.01099532 0.9999396 0 0.01190332 -0.9999291 0 0.007817838 0.7070742 -0.7070962 0.002116692 -0.7071083 -0.7071022 -0.00470098 0.999989 0 -0.004905059 -0.999988 0 -0.006503849 0.7070461 -0.7071376 0.003326853 -0.7070799 -0.7071258 -0.003326853 0.7070799 -0.7071258 0.0003571128 -0.9999999 0 0.01121692 0.9999371 0 0.006910574 -0.9999761 0 0.01994137 0.9998012 0 -9.915649E-07 1.313451E-08 -1 -6.998102E-07 9.269859E-09 -1 -0.002291153 -0.7070901 -0.7071198 0 -1 -4.257474E-08 0 1 4.257474E-08 0 -1 -7.208028E-08 0 0 -1 0 -1 -3.39694E-07 0 1 3.39694E-07 0 -1 -3.691994E-07 0 0 -1 0 0 -1 0 0 -1 0 -7.812461E-08 1 0.02818134 0.7062635 0.7073879 0.02818134 0.7062635 0.7073879 -0.02820534 -0.706865 0.7067859 -0.02818134 -0.7062635 0.7073879 -0.02818047 -0.7062636 0.7073879 0 0 1 -3.914358E-08 2.616262E-10 1 0 0 1 -0.0250764 0.7206404 0.6928554 -0.01031365 -0.9999468 0 0.03855154 -0.9992566 0 0.3004947 -0.5941481 0.7461172 0.3207391 -0.634176 0.7035249 0 0 1 0 0 1 0 -0.7071068 0.7071068 0 -0.7071068 0.7071068 -4.884168E-07 0.7071068 0.7071068 -4.157805E-08 -2.102791E-08 1 -3.058843E-07 9.335132E-12 1 -3.323355E-07 1.014238E-11 1 0 -0.7071068 0.7071068 0 -0.7071068 0.7071068 0 -1.733042E-07 1 0 0 1 0 -1.772678E-05 -1 0 -1.070933E-05 -1 0 0 1 0.03224164 -0.706003 0.7074746 0.0322731 -0.7066918 0.7067851 0.009598213 -0.7070091 0.7071393 -0.009597286 0.7070091 0.7071393 0 0 1 0 0 1 0.02318693 -0.9997311 0 0.06763823 -0.9977099 0 -0.04777011 0.7046794 0.707916 -0.03266202 0.7056222 0.7078351 0.04777195 -0.7046793 0.707916 0 1 0 0 -7.812461E-08 -1 -0.02818134 0.7062635 -0.7073879 -0.02818134 0.7062635 -0.7073879 0.02820534 -0.706865 -0.7067859 0.02818134 -0.7062635 -0.7073879 0.02818046 -0.7062636 -0.7073879 0 0 -1 3.914358E-08 2.616262E-10 -1 0 0 -1 0.02507636 0.7206404 -0.6928554 0.01031382 -0.9999468 0 -0.03855158 -0.9992566 0 -0.300496 -0.5941474 -0.7461172 -0.3207406 -0.6341754 -0.7035247 0 0 -1 0 0 -1 0 -0.7071068 -0.7071068 0 -0.7071068 -0.7071068 4.884168E-07 0.7071068 -0.7071068 4.157805E-08 -2.102791E-08 -1 3.058843E-07 9.335132E-12 -1 3.323355E-07 1.014238E-11 -1 0 -0.7071068 -0.7071068 0 -0.7071068 -0.7071068 0 -1.733042E-07 -1 0 0 -1 0 -1.772678E-05 1 0 -1.070933E-05 1 0 0 -1 -0.03224164 -0.706003 -0.7074746 -0.0322731 -0.7066918 -0.7067851 -0.009598213 -0.7070091 -0.7071393 0.009597286 0.7070091 -0.7071393 0 0 -1 0 0 -1 -0.02318693 -0.9997311 0 -0.06763823 -0.9977099 0 0.04777011 0.7046794 -0.707916 0.03266202 0.7056222 -0.7078351 -0.04777195 -0.7046793 -0.707916 0 1 0 0 0 -1 0 0 -1 0 0 -1 0 0 -1 0 1 3.691994E-07 0 1 7.208027E-08 -0.00635426 -0.7071014 0.7070836 -0.01329389 -0.7067791 0.7073094 -0.01105592 0.9999389 0 0.0398703 0.9992049 0 -0.002928186 -0.707094 0.7071136 -0.001127801 0.7071064 0.7071063 0.009316497 0.7070449 0.7071072 -0.006712102 -0.9999775 0 -0.0002525163 -0.707105 0.7071086 0.009198232 0.9999577 0 0 0 1 0.01993382 -0.7179235 0.6958365 0.007440847 0.7056932 0.7084785 -0.01032868 0.7127681 0.7013237 -0.007134314 0.9999745 0 -0.01202127 0.9999278 0 0 0 1 0 0 1 -1.478279E-08 -0.7071068 0.7071068 0.004592912 -0.7070993 0.7070993 -2.289207E-07 0.7071068 0.7071068 -0.005044806 0.7070978 0.7070978 -0.005602261 0.7070957 0.7070957 0 0 1 0 0 1 0 0 1 -4.178721E-08 0 1 0 0 1 0.007904165 -0.7062297 0.7079387 -0.007278982 -0.7057244 0.7084491 0 0 1 0.02724621 -0.7062222 0.7074658 -0.02457849 0.706332 0.7074539 -0.01024271 0.7068359 0.7073035 -0.01410026 0.7069455 0.7071275 0.003240192 -0.9999948 0 0.04777273 -0.7046792 0.707916 -0.04623875 0.9989304 0 0.006354259 -0.7071014 -0.7070836 0.01329389 -0.7067791 -0.7073094 0.01105593 0.9999389 0 -0.03987029 0.9992049 0 0.002928186 -0.707094 -0.7071136 0.001127801 0.7071064 -0.7071063 -0.009316497 0.7070449 -0.7071072 0.006712102 -0.9999775 0 0.0002525163 -0.707105 -0.7071086 -0.009198232 0.9999577 0 0 0 -1 -0.01993371 -0.7179235 -0.6958366 -0.007440969 0.7056932 -0.7084785 0.01032868 0.7127681 -0.7013237 0.007134335 0.9999745 0 0.01202133 0.9999278 0 0 0 -1 0 0 -1 1.478279E-08 -0.7071068 -0.7071068 -0.004592923 -0.7070993 -0.7070993 2.289207E-07 0.7071068 -0.7071068 0.00504482 0.7070978 -0.7070978 0.005602279 0.7070957 -0.7070957 0 0 -1 0 0 -1 0 0 -1 4.178721E-08 0 -1 0 0 -1 -0.007904208 -0.7062297 -0.7079387 0.007279105 -0.7057244 -0.7084491 0 0 -1 -0.02724623 -0.7062222 -0.7074658 0.02457845 0.706332 -0.7074539 0.01024272 0.7068359 -0.7073035 0.01410026 0.7069455 -0.7071275 -0.003240192 -0.9999948 0 -0.04777273 -0.7046792 -0.707916 0.04623875 0.9989304 0  
			<SubMeshes>: 1
				<SubMesh>: 0 732 70 69 11 70 11 6 7 10 3 7 3 1 57 55 9 57 9 2 4 154 8 4 8 5 54 58 155 54 155 156 157 59 158 242 159 243 244 56 0 244 0 245 13 16 42 13 42 46 20 18 12 20 12 15 23 21 17 23 17 246 22 247 248 22 248 14 43 44 160 43 160 161 61 65 249 61 249 19 64 62 247 64 247 22 250 63 21 250 21 23 251 60 18 251 18 20 19 249 16 19 16 13 162 252 29 162 29 24 52 50 26 52 26 28 49 53 253 49 253 25 48 254 255 48 255 163 51 164 165 51 165 27 37 41 35 37 35 31 40 38 32 40 32 34 166 39 33 166 33 167 256 36 30 256 30 257 168 258 259 168 259 169 45 47 36 45 36 256 260 170 171 260 171 261 172 262 263 172 263 264 46 42 41 46 41 37 169 259 265 169 265 173 266 267 258 266 258 168 268 269 44 268 44 43 15 12 47 15 47 45 246 17 170 246 170 260 14 248 262 14 262 172 161 160 174 161 174 175 31 35 164 31 164 51 34 32 254 34 254 48 270 176 177 270 177 271 257 30 50 257 50 52 178 179 154 178 154 4 180 181 10 180 10 7 182 272 252 182 252 162 28 26 56 28 56 244 273 183 184 273 184 242 274 275 58 274 58 54 27 165 55 27 55 57 68 66 60 68 60 251 71 185 63 71 63 250 186 276 62 186 62 64 67 277 65 67 65 61 175 174 187 175 187 188 189 190 277 189 277 67 191 192 276 191 276 186 278 193 185 278 185 71 279 194 66 279 66 68 188 187 69 188 69 70 142 141 83 142 83 78 79 82 75 79 75 73 129 127 81 129 81 74 76 195 80 76 80 77 126 130 196 126 196 197 198 131 199 280 200 281 282 128 72 282 72 283 85 88 114 85 114 118 92 90 84 92 84 87 95 93 89 95 89 284 94 285 286 94 286 86 115 116 201 115 201 202 133 137 287 133 287 91 136 134 285 136 285 94 288 135 93 288 93 95 289 132 90 289 90 92 91 287 88 91 88 85 203 290 101 203 101 96 124 122 98 124 98 100 121 125 291 121 291 97 120 292 293 120 293 204 123 205 206 123 206 99 109 113 107 109 107 103 112 110 104 112 104 106 207 111 105 207 105 208 294 108 102 294 102 295 209 296 297 209 297 210 117 119 108 117 108 294 298 211 212 298 212 299 213 300 301 213 301 302 118 114 113 118 113 109 210 297 303 210 303 214 304 305 296 304 296 209 306 307 116 306 116 115 87 84 119 87 119 117 284 89 211 284 211 298 86 286 300 86 300 213 202 201 215 202 215 216 103 107 205 103 205 123 106 104 292 106 292 120 308 217 218 308 218 309 295 102 122 295 122 124 219 220 195 219 195 76 221 222 82 221 82 79 223 310 290 223 290 203 100 98 128 100 128 282 311 224 225 311 225 280 312 313 130 312 130 126 99 206 127 99 127 129 140 138 132 140 132 289 143 226 135 143 135 288 227 314 134 227 134 136 139 315 137 139 137 133 216 215 228 216 228 229 230 231 315 230 315 139 232 233 314 232 314 227 316 234 226 316 226 143 317 235 138 317 138 140 229 228 141 229 141 142 146 150 148 146 148 144 152 151 236 152 236 237 147 153 238 147 238 239 149 240 241 149 241 145  
		</Mesh>
		<Materials>: 1
			<Material>: 0
				<AlbedoColor>: 1 1 1 1
				<EmissiveColor>: 0 0 0 0
				<Glossiness>: 0
				<Metallic>: 0
				<SpecularHighlight>: 1
				<GlossyReflection>: 1
				<AlbedoMap>: BLD_Structures2_A
				<MetallicMap>: BLD_Structures2_MS
				<NormalMap>: BLD_Structures2_N
				<EmissionMap>: null
				<DetailAlbedoMap>: DET_Concrete1_A
				<DetailNormalMap>: DET_Concrete1_N
		</Materials>
		<Children>: 0
	</Frame>
</Hierarchy>
