<Hierarchy>:
	<Frame>: 0 5 Struct_Fence1_Column_A
		<Transform>: 0 0 0 0 0 0 1 1 1 0 0 0 1  
		<TransformMatrix>: 1 0 0 0 0 1 0 0 0 0 1 0 0 0 0 1  
		<BoxCollider>: 1 -0.001711786 2.900864 -0.0005573034 1.089001 5.850001 1.089001  
		<Mesh>: 229 Struct_Fence1_Column_A
			<Bounds>: -0.001711786 2.900864 -0.0005573034 0.5445004 2.925 0.5445004
			<Positions>: 229 0.448287 -0.02413658 0.4494425 0.448287 5.375864 0.4494425 -0.4517126 -0.02413658 0.4494425 -0.4517126 5.375864 0.4494425 0.448287 -0.02413647 -0.4505571 0.448287 5.375864 -0.4505576 -0.4517126 -0.02413647 -0.4505571 -0.4517126 5.375864 -0.4505576 0.5427867 5.645864 0.543943 -0.5462121 5.645864 0.543943 0.5427886 5.645864 -0.5450572 -0.5462121 5.645864 -0.5450577 -0.001713715 5.825864 -0.0005573258 0.448287 0.8758639 0.4494425 0.448287 1.775864 0.4494425 0.448287 2.675864 0.4494425 0.448287 3.575864 0.4494425 0.448287 4.475864 0.4494425 -0.4517126 4.475864 0.4494425 -0.4517126 3.575864 0.4494425 -0.4517126 2.675864 0.4494425 -0.4517126 1.775864 0.4494425 -0.4517126 0.875864 0.4494425 -0.4517126 4.475864 -0.4505576 -0.4517126 3.575864 -0.4505571 -0.4517126 2.675864 -0.4505571 -0.4517126 1.775864 -0.4505571 -0.4517126 0.875864 -0.4505571 0.448287 4.475864 -0.4505576 0.448287 3.575864 -0.4505571 0.448287 2.675864 -0.4505571 0.448287 1.775864 -0.4505571 0.448287 0.8758639 -0.4505571 -0.4517126 5.375864 0.4065691 -0.4517126 -0.02413657 0.40657 0.448287 5.375864 0.4065691 0.448287 -0.02413657 0.40657 -0.5462121 5.645864 0.492066 0.5427867 5.645864 0.4920669 0.448287 4.475864 0.4065691 0.448287 3.575864 0.40657 0.448287 2.675864 0.40657 0.448287 1.775864 0.40657 0.448287 0.8758639 0.40657 -0.4517126 4.475864 0.4065691 -0.4517126 3.575864 0.4065691 -0.4517126 2.675864 0.40657 -0.4517126 1.775864 0.40657 -0.4517126 0.875864 0.40657 -0.4517126 5.375864 -0.4204253 0.448287 -0.02413647 -0.4204253 -0.5462121 5.645864 -0.5085977 0.412324 -0.02413658 0.4494425 0.412324 5.375864 0.4494425 0.448287 4.475864 -0.4204253 0.448287 3.575864 -0.4204253 0.448287 2.675864 -0.4204253 0.448287 1.775864 -0.4204253 0.448287 0.8758639 -0.4204253 -0.4517126 -0.02413647 -0.4204253 0.448287 5.375864 -0.4204253 0.5427886 5.645864 -0.5085977 -0.4517126 4.475864 -0.4204253 -0.4517126 3.575864 -0.4204253 -0.4517126 2.675864 -0.4204253 -0.4517126 1.775864 -0.4204253 -0.4517126 0.875864 -0.4204253 0.412324 5.375864 -0.4505576 0.412324 -0.02413647 -0.4505571 0.4992724 5.645864 0.543943 0.4992724 5.645864 -0.5450572 0.412324 4.475864 -0.4505576 0.412324 3.575864 -0.4505571 0.412324 2.675864 -0.4505571 0.412324 1.775864 -0.4505571 0.412324 0.8758639 -0.4505571 0.412324 4.475864 0.4494425 0.412324 3.575864 0.4494425 0.412324 2.675864 0.4494425 0.412324 1.775864 0.4494425 0.412324 0.8758639 0.4494425 0.412324 -0.02413657 0.40657 0.412324 -0.02413647 -0.4204253 -0.41788 5.375864 0.4494425 -0.41788 -0.02413647 -0.4505571 -0.5052747 5.645864 0.543943 -0.41788 -0.02413658 0.4494425 -0.41788 4.475864 -0.4505576 -0.41788 3.575864 -0.4505571 -0.41788 2.675864 -0.4505571 -0.41788 1.775864 -0.4505571 -0.41788 0.875864 -0.4505571 -0.41788 5.375864 -0.4505576 -0.5052747 5.645864 -0.5450577 -0.41788 4.475864 0.4494425 -0.41788 3.575864 0.4494425 -0.41788 2.675864 0.4494425 -0.41788 1.775864 0.4494425 -0.41788 0.875864 0.4494425 -0.41788 -0.02413657 0.40657 -0.41788 -0.02413647 -0.4204253 -0.02411743 5.818458 -0.02296247 0.01794914 5.819365 0.0191041 0.03916458 5.812351 -0.002226256 0.0005197898 5.810333 -0.04753961 0.02307991 5.817668 -0.02535 -0.04479118 5.811623 -0.002568625 0.002772368 5.814332 0.03432617 -0.02234932 5.819042 0.02007971 0.5325995 5.616756 0.5337549 -0.536025 5.616756 0.5337549 -0.536025 5.616756 -0.5348696 0.5325995 5.616756 -0.5348696 -0.536025 5.616756 0.4828497 0.5325995 5.616756 0.4828497 0.5325995 5.616756 -0.499092 -0.536025 5.616756 -0.499092 0.4898978 5.616756 0.5337549 0.4898978 5.616756 -0.5348696 -0.4958543 5.616756 -0.5348696 -0.4958543 5.616756 0.5337549 0.4573622 5.401795 0.4585186 0.4573622 5.401795 0.4147802 0.4573622 5.401795 -0.4288935 0.4206744 5.401795 -0.4596333 -0.4262743 5.401795 -0.4596333 -0.4607877 5.401795 0.4585186 -0.4607877 5.401795 -0.4596333 0.4573622 5.401795 -0.4596333 -0.4607877 5.401795 0.4147802 -0.4607877 5.401795 -0.4288935 0.4206744 5.401795 0.4585186 -0.4262743 5.401795 0.4585186 -0.4517126 0.03809754 0.4494425 -0.4517126 0.03809754 -0.4505571 0.448287 0.03809743 -0.4505571 0.448287 0.03809743 0.4494425 0.448287 0.03809744 0.40657 -0.4517126 0.03809755 0.40657 0.448287 0.03809743 -0.4204253 -0.4517126 0.03809754 -0.4204253 0.412324 0.03809743 -0.4505571 0.412324 0.03809743 0.4494425 -0.41788 0.03809754 -0.4505571 -0.41788 0.03809754 0.4494425 -0.4517126 -0.02413647 -0.4204253 -0.4517126 -0.02413647 -0.4505571 0.448287 -0.02413657 0.40657 0.4992724 5.645864 0.543943 0.5427867 5.645864 0.543943 -0.5462121 5.645864 0.543943 -0.5462121 5.645864 0.492066 0.448287 5.375864 0.4065691 0.448287 5.375864 0.4494425 0.412324 5.375864 -0.4505576 0.448287 5.375864 -0.4505576 -0.4517126 1.775864 0.4494425 -0.4517126 0.875864 0.4494425 -0.4517126 2.675864 0.4494425 -0.4517126 3.575864 0.4494425 -0.4517126 4.475864 0.4494425 -0.4517126 5.375864 0.4494425 0.448287 5.375864 -0.4204253 -0.41788 -0.02413658 0.4494425 -0.4517126 -0.02413658 0.4494425 0.448287 -0.02413647 -0.4204253 -0.4517126 0.03809754 0.4494425 -0.4517126 -0.02413657 0.40657 -0.4517126 -0.02413658 0.4494425 0.448287 0.03809743 -0.4505571 0.448287 -0.02413647 -0.4505571 0.4573622 5.401795 -0.4596333 0.448287 5.375864 -0.4505576 0.448287 5.375864 -0.4505576 0.448287 4.475864 -0.4505576 0.448287 3.575864 -0.4505571 0.448287 2.675864 -0.4505571 0.448287 1.775864 -0.4505571 0.448287 0.8758639 -0.4505571 0.448287 2.675864 0.4494425 0.448287 1.775864 0.4494425 0.448287 0.8758639 0.4494425 0.448287 -0.02413658 0.4494425 0.448287 3.575864 0.4494425 0.448287 4.475864 0.4494425 0.448287 5.375864 0.4494425 -0.41788 5.375864 -0.4505576 0.412324 -0.02413647 -0.4505571 0.448287 -0.02413647 -0.4505571 -0.41788 -0.02413647 -0.4505571 0.448287 0.03809743 0.4494425 0.412324 -0.02413658 0.4494425 0.448287 -0.02413658 0.4494425 -0.4517126 0.03809754 -0.4505571 -0.4517126 -0.02413647 -0.4505571 -0.4517126 5.375864 -0.4505576 -0.536025 5.616756 0.5337549 -0.5462121 5.645864 0.543943 -0.4517126 5.375864 -0.4505576 -0.4517126 4.475864 -0.4505576 -0.4517126 3.575864 -0.4505571 -0.4517126 2.675864 -0.4505571 -0.4517126 1.775864 -0.4505571 -0.4517126 0.875864 -0.4505571 -0.5462121 5.645864 -0.5085977 -0.5052747 5.645864 0.543943 -0.5462121 5.645864 -0.5450577 -0.5462121 5.645864 -0.5450577 -0.5052747 5.645864 -0.5450577 -0.536025 5.616756 -0.5348696 0.4992724 5.645864 -0.5450572 -0.4607877 5.401795 -0.4596333 0.5427886 5.645864 -0.5450572 0.5427886 5.645864 -0.5085977 0.5427867 5.645864 0.4920669 -0.4607877 5.401795 0.4585186 0.5427867 5.645864 0.543943 0.5325995 5.616756 0.5337549 0.4573622 5.401795 0.4585186 0.5427886 5.645864 -0.5450572 0.5325995 5.616756 -0.5348696 0.412324 5.375864 0.4494425 0.448287 5.375864 0.4494425 -0.4517126 5.375864 0.4065691 -0.4517126 5.375864 0.4494425 -0.4517126 5.375864 -0.4204253 -0.4517126 5.375864 -0.4505576 -0.41788 5.375864 0.4494425 -0.4517126 5.375864 0.4494425  
			<Colors>: 0  
			<TextureCoords0>: 229 0.6845474 0.6242594 0.6746102 0.6416337 0.6450923 0.6242594 0.6450923 0.3875286 0.566182 0.6242594 0.6177145 0.6585422 0.605637 0.6242594 0.6056373 0.3875286 0.678809 0.6543435 0.678809 0.7027281 0.6304243 0.6543435 0.6304243 0.7027282 0.6546168 0.6785358 0.6845474 0.5848042 0.6845474 0.5453491 0.6845474 0.505894 0.6845474 0.4664388 0.6845474 0.4269838 0.6450923 0.4269838 0.6450923 0.4664388 0.6450923 0.505894 0.6450923 0.5453491 0.6450923 0.5848042 0.605637 0.4269838 0.605637 0.4664388 0.605637 0.505894 0.605637 0.5453491 0.605637 0.5848042 0.566182 0.4269837 0.566182 0.4664388 0.566182 0.505894 0.566182 0.5453491 0.566182 0.5848042 0.6432128 0.3875286 0.6056373 0.6618349 0.6727054 0.6416337 0.6864269 0.6242594 0.6765041 0.7027281 0.6765041 0.6543435 0.6864269 0.4269838 0.6864269 0.4664388 0.6864269 0.505894 0.6864269 0.5453491 0.6864269 0.5848042 0.6432128 0.4269838 0.6432128 0.4664388 0.6432128 0.505894 0.6432128 0.5453491 0.6432128 0.5848042 0.6069582 0.3875286 0.566182 0.6255803 0.6320442 0.7027282 0.5677585 0.6637144 0.6829708 0.3875286 0.7226816 0.4269838 0.7226816 0.4664388 0.7226816 0.505894 0.7226816 0.5453491 0.7226816 0.5848042 0.606958 0.6242594 0.7226816 0.3875286 0.6320442 0.6543435 0.606958 0.4269838 0.606958 0.4664388 0.606958 0.505894 0.606958 0.5453491 0.606958 0.5848042 0.6177145 0.66014 0.5677585 0.6242594 0.678809 0.6562768 0.6304244 0.6562768 0.5677585 0.4269837 0.5677586 0.4664388 0.5677585 0.505894 0.5677584 0.5453491 0.5677585 0.5848042 0.6829708 0.4269838 0.6829709 0.4664388 0.6829708 0.505894 0.6829708 0.5453491 0.6829708 0.5848042 0.5677585 0.6618349 0.5677585 0.6255803 0.6465755 0.3875286 0.6041538 0.6242594 0.6788089 0.7009093 0.6465755 0.6242594 0.6041539 0.4269837 0.6041538 0.4664388 0.6041538 0.505894 0.6041538 0.5453491 0.6041538 0.5848042 0.6041541 0.3875286 0.6304244 0.7009093 0.6465755 0.4269838 0.6465755 0.4664388 0.6465755 0.505894 0.6465755 0.5453491 0.6465755 0.5848042 0.6041541 0.6618349 0.6041539 0.6255803 0.6536213 0.6795313 0.6554903 0.6776623 0.6545426 0.6767197 0.6525294 0.6784366 0.6535153 0.6774343 0.6545274 0.6804498 0.6561666 0.6783365 0.6555337 0.6794528 0.6801792 0.6547961 0.6783563 0.7040983 0.630877 0.7040983 0.630877 0.6529733 0.6760946 0.7040983 0.6760946 0.6529733 0.6324664 0.6529733 0.6324665 0.7040983 0.6801792 0.6566933 0.6290542 0.6566933 0.6290542 0.7004907 0.6801791 0.7004907 0.6750134 0.6428544 0.6730702 0.6428544 0.6355854 0.6428544 0.6189351 0.6597689 0.6189351 0.6973992 0.6902981 0.6989328 0.6189351 0.6989328 0.6189351 0.6581389 0.6730703 0.7142174 0.6355853 0.7142174 0.6902982 0.659769 0.6902981 0.6973993 0.6450922 0.6215311 0.6056371 0.6215311 0.566182 0.6215311 0.6845474 0.6215311 0.6864269 0.6215311 0.6432128 0.6215311 0.7226816 0.6215311 0.606958 0.6215311 0.5677584 0.6215311 0.6829708 0.6215311 0.6041538 0.6215311 0.6465755 0.6215311 0.6056371 0.6255803 0.605637 0.6242594 0.566182 0.6618349 0.678809 0.6562768 0.678809 0.6543435 0.678809 0.7027281 0.6765041 0.7027281 0.6864269 0.3875286 0.6845474 0.3875286 0.5677585 0.3875286 0.566182 0.3875286 0.6450923 0.5453491 0.6450923 0.5848042 0.6450923 0.505894 0.6450923 0.4664388 0.6450923 0.4269838 0.6450923 0.3875286 0.6359616 0.6416337 0.6041541 0.6637144 0.6056373 0.6637144 0.7226817 0.6242594 0.6450922 0.6215311 0.6432128 0.6242594 0.6450923 0.6242594 0.7240026 0.6215311 0.7240027 0.6242594 0.6342196 0.6428543 0.6346229 0.6416337 0.7240027 0.3875286 0.7240027 0.4269838 0.7240027 0.4664388 0.7240027 0.505894 0.7240027 0.5453491 0.7240027 0.5848042 0.6845474 0.505894 0.6845474 0.5453491 0.6845474 0.5848042 0.566182 0.6637144 0.6845474 0.4664388 0.6845474 0.4269838 0.6845474 0.3875286 0.6177145 0.6970263 0.5677585 0.6242594 0.566182 0.6242594 0.6041538 0.6242594 0.6845474 0.6215311 0.6829708 0.6242594 0.6845474 0.6242594 0.6056371 0.6215311 0.605637 0.6242594 0.6177145 0.6985295 0.6801792 0.7022755 0.678809 0.7027281 0.6056373 0.3875286 0.605637 0.4269838 0.605637 0.4664388 0.605637 0.505894 0.605637 0.5453491 0.605637 0.5848042 0.6320442 0.7027282 0.6788089 0.7009093 0.6304243 0.7027282 0.6304243 0.7027282 0.6304244 0.7009093 0.6290541 0.7022755 0.6304244 0.6562768 0.6342196 0.7142173 0.6304243 0.6543435 0.6320442 0.6543435 0.6765041 0.6543435 0.6750136 0.7142174 0.678809 0.6543435 0.6783563 0.6529733 0.6902982 0.6581389 0.6304243 0.6543435 0.6290541 0.6547961 0.6915188 0.66014 0.6915188 0.6585422 0.6727055 0.715438 0.6746104 0.715438 0.6359616 0.715438 0.6346229 0.7154379 0.6915187 0.6970263 0.6915188 0.6985295  
			<TextureCoords1>: 229 0.00390625 0.4347917 0.9460173 0.4347914 0.9959247 0.3979116 0.05381371 0.3979114 0.003913592 0.8225419 0.9460244 0.8225863 0.9959249 0.7857293 0.05381397 0.7857094 0.003906404 0.2244062 0.1987254 0.2202595 0.004107673 0.02574879 0.00390625 0.8021952 0.1015342 0.1230323 0.1609249 0.4347915 0.3179434 0.4347913 0.4749619 0.4347912 0.6319804 0.4347913 0.7889988 0.4347914 0.2108323 0.3979115 0.3678508 0.3979117 0.5248691 0.3979117 0.6818876 0.3979117 0.8389061 0.3979117 0.2108325 0.7857127 0.3678509 0.7857161 0.5248693 0.7857195 0.6818878 0.7857228 0.8389062 0.785726 0.7890059 0.8225789 0.6319875 0.8225716 0.474969 0.8225642 0.3179506 0.8225569 0.1609322 0.8225493 0.05381729 0.6361709 0.2102962 0.2204999 0.9460173 0.4422714 0.00390625 0.4422715 0.1896648 0.2204926 0.1896375 0.02541822 0.7889988 0.4422712 0.6319803 0.4422711 0.4749619 0.4422709 0.3179434 0.4422711 0.1609249 0.4422712 0.2108358 0.6361743 0.3678541 0.6361777 0.5248724 0.6361809 0.6818908 0.6361842 0.8389093 0.6361874 0.05381416 0.7804523 0.3545778 0.06348151 0.003906387 0.7958342 0.2028165 0.06975585 0.0538139 0.2471674 0.7889987 0.5865527 0.6319803 0.5865526 0.4749619 0.5865526 0.3179436 0.5865526 0.1609251 0.5865529 0.995925 0.7804723 0.9460172 0.5865527 0.01048004 0.02557963 0.2108326 0.7804557 0.367851 0.7804592 0.5248694 0.7804626 0.6818879 0.7804658 0.8389063 0.7804691 0.9460241 0.8288606 0.003913285 0.8288162 0.003906398 0.2319979 0.003916968 0.03335834 0.7890056 0.8288532 0.6319872 0.8288459 0.4749687 0.8288385 0.3179503 0.8288312 0.1609319 0.8288237 0.2108324 0.2471675 0.3678508 0.2471677 0.5248692 0.2471677 0.6818876 0.2471677 0.838906 0.2471676 0.2102962 0.06975585 0.3545778 0.06975579 0.05381378 0.3920088 0.3598349 0.2145973 0.003906255 0.4072561 0.9959247 0.3920091 0.7889988 0.9736946 0.6319804 0.9736872 0.4749619 0.9736799 0.3179435 0.9736726 0.1609251 0.9736651 0.9460174 0.973702 0.00390625 0.2131724 0.2108323 0.3920089 0.3678508 0.3920091 0.5248692 0.3920091 0.6818876 0.3920091 0.8389061 0.3920091 0.2102963 0.2145973 0.354578 0.2145973 0.09766707 0.1269044 0.1049426 0.1196333 0.1012442 0.1157472 0.09314763 0.1226397 0.09724771 0.1187435 0.1011818 0.1307243 0.1077412 0.1222497 0.1050991 0.1266021 0.009286817 0.2261835 0.00929069 0.6139805 0.009286648 0.8004178 0.9905443 0.6065193 0.009290494 0.6228616 0.9905444 0.4289631 0.9905443 0.6002773 0.009286781 0.7941759 0.00928681 0.2336335 0.9905518 0.8153288 0.9905438 0.9873078 0.009286669 0.4056125 0.9508104 0.433208 0.9508104 0.4408388 0.9508103 0.5880301 0.9508173 0.827404 0.9508104 0.9751667 0.04902061 0.3994946 0.9508101 0.9811881 0.9508176 0.8210032 0.04902422 0.6347383 0.04902102 0.7819296 0.04902074 0.2457106 0.04902062 0.3934733 0.9850671 0.3979117 0.9850673 0.7857291 0.01477129 0.8225424 0.01476395 0.4347917 0.01476391 0.4422714 0.9850702 0.6361905 0.01476423 0.586553 0.9850674 0.7804721 0.01477094 0.8288167 0.985067 0.2471676 0.01476416 0.9736581 0.985067 0.3920091 0.3545779 0.2204999 0.3598349 0.2204999 0.2102963 0.06348157 0.1989102 0.03324288 0.1987042 0.02564114 0.003910365 0.6122029 0.003910171 0.6212536 0.9460173 0.4422714 0.9460173 0.4347914 0.9460241 0.8288606 0.9460244 0.8225863 0.6818909 0.6287044 0.8389094 0.6287077 0.5248726 0.6287012 0.3678542 0.6286978 0.2108359 0.6286944 0.05381739 0.628691 0.9460172 0.5865527 0.2028165 0.2145973 0.2028165 0.2204999 0.003906581 0.5865531 0.9850705 0.6287107 0.9959279 0.6361907 0.9959281 0.628711 0.01476428 0.59181 0.003906607 0.59181 0.9508103 0.5933931 0.9460173 0.5918097 0.9460173 0.5918097 0.7889987 0.5918097 0.6319802 0.5918096 0.4749619 0.5918095 0.3179436 0.5918096 0.1609251 0.5918098 0.5248692 0.2408934 0.6818876 0.2408934 0.838906 0.2408934 0.2028165 0.06348157 0.3678508 0.2408934 0.2108324 0.2408932 0.05381385 0.2408931 0.9460174 0.973702 0.3598347 0.06975579 0.3598348 0.06348157 0.003906511 0.9736576 0.9850671 0.2408934 0.9959247 0.2471677 0.9959247 0.2408934 0.01476393 0.9795607 0.00390625 0.9795602 0.9460171 0.9796045 0.009286663 0.4126209 0.00390625 0.4143982 0.9460171 0.9796045 0.7889985 0.9795972 0.6319801 0.9795899 0.4749617 0.9795825 0.3179432 0.9795752 0.1609248 0.9795676 0.01046068 0.2204999 0.1989102 0.2131147 0.004086049 0.2203305 0.9959238 0.9960938 0.9959241 0.9889516 0.9905435 0.9943162 0.9959323 0.8136935 0.0490209 0.7872926 0.9959248 0.6082966 0.9959248 0.6019357 0.9959247 0.427355 0.04902438 0.6271074 0.9959247 0.4183044 0.9905444 0.4200819 0.04902075 0.2393098 0.9959326 0.8061014 0.9905522 0.8078788 0.0538139 0.2471674 0.05381385 0.2408931 0.05381729 0.6361709 0.05381739 0.628691 0.05381416 0.7804523 0.05381397 0.7857094 0.05381378 0.3920088 0.05381371 0.3979114  
			<Normals>: 229 0.5773503 -0.5773503 0.5773503 0.6838242 -0.2545253 0.6838138 -0.5773503 -0.5773503 0.5773502 -0.6838244 -0.254526 0.6838134 0.5773503 -0.5773502 -0.5773503 0.6838227 -0.254519 -0.6838176 -0.5773503 -0.5773502 -0.5773503 -0.6838227 -0.25452 -0.6838173 0.6671216 0.3315043 0.6671235 -0.6671218 0.3315009 0.6671249 0.6671348 0.3314914 -0.6671166 -0.6671234 0.3315026 -0.6671225 -1.439829E-05 1 0 0.7071068 0 0.7071068 0.7071067 0 0.7071068 0.7071067 0 0.7071068 0.7071067 0 0.7071068 0.7071068 0 0.7071068 -0.7071068 0 0.7071068 -0.7071068 0 0.7071068 -0.7071067 0 0.7071068 -0.7071067 0 0.7071068 -0.7071067 0 0.7071068 -0.7071066 0 -0.7071068 -0.7071068 0 -0.7071067 -0.7071068 0 -0.7071068 -0.7071068 0 -0.7071068 -0.7071068 0 -0.7071068 0.7071066 0 -0.7071068 0.7071068 0 -0.7071067 0.7071068 0 -0.7071068 0.7071067 0 -0.7071068 0.7071067 0 -0.7071068 -0.9858666 -0.1675323 0 -0.7071068 -0.7071067 0 0.9858665 -0.1675328 0 0.7071068 -0.7071068 0 -0.8971873 0.4416502 0 0.8971902 0.4416445 0 1 0 0 1 0 0 1 0 0 1 0 0 1 0 0 -1 0 0 -1 0 0 -1 0 0 -1 0 0 -1 0 0 -0.9858666 -0.1675325 0 0.7071068 -0.7071068 0 -0.8971881 0.4416487 0 0 -0.7071068 0.7071067 0 -0.1675478 0.985864 1 0 0 1 0 0 1 0 0 1 0 0 1 0 0 -0.7071068 -0.7071067 0 0.9858665 -0.1675328 0 0.8971978 0.4416286 0 -1 0 0 -1 0 0 -1 0 0 -1 0 0 -1 0 0 0 -0.1675398 -0.9858654 0 -0.7071067 -0.7071068 0 0.4416431 0.8971909 0 0.441644 -0.8971904 0 0 -1 0 0 -1 0 0 -1 0 0 -1 0 0 -1 0 0 1 0 0 1 0 0 1 0 0 1 0 0 1 0 -1 0 0 -1 0 0 -0.1675484 0.9858639 0 -0.7071067 -0.7071068 0 0.4416371 0.8971938 0 -0.7071068 0.7071067 0 0 -1 0 0 -1 0 0 -1 0 0 -1 0 0 -1 0 -0.1675404 -0.9858652 0 0.441642 -0.8971913 0 0 1 0 0 1 0 0 1 0 0 1 0 0 1 0 -1 0 0 -1 0 -0.1609537 0.9737504 -0.1609479 0.1609483 0.9737515 0.1609464 0.3138701 0.9494659 0 0 0.9494661 -0.3138695 0.1609478 0.9737512 -0.160948 -0.3138762 0.9494638 0 0 0.9494652 0.3138723 -0.1609552 0.9737492 0.160953 0.6337311 -0.4436026 0.6337205 -0.6337309 -0.4436035 0.63372 -0.6337307 -0.4436037 -0.63372 0.6337128 -0.443619 -0.6337274 -0.9438612 -0.3303423 0 0.9438582 -0.3303506 0 0.9438543 -0.3303621 0 -0.9438611 -0.3303427 0 0 -0.3303531 0.9438574 0 -0.3303486 -0.9438591 0 -0.3303512 -0.9438581 0 -0.3303537 0.9438573 0.6337222 -0.4436043 0.6337281 0.9438614 -0.3303416 0 0.9438614 -0.3303417 0 0 -0.3303461 -0.9438599 0 -0.3303469 -0.9438596 -0.6337223 -0.4436049 0.6337277 -0.6337245 -0.4436013 -0.633728 0.6337244 -0.4436008 -0.6337283 -0.9438616 -0.3303411 0 -0.9438615 -0.3303415 0 0 -0.330354 0.9438571 0 -0.330355 0.9438567 -0.7071067 0 0.7071068 -0.7071068 0 -0.7071068 0.7071068 0 -0.7071067 0.7071067 0 0.7071068 1 0 0 -1 0 0 1 0 0 -1 0 0 0 0 -1 0 0 1 0 0 -1 0 0 1 -0.7071068 -0.7071067 0 -0.5773503 -0.5773502 -0.5773503 0.7071068 -0.7071068 0 0 0.4416431 0.8971909 0.6671216 0.3315043 0.6671235 -0.6671218 0.3315009 0.6671249 -0.8971873 0.4416502 0 0.9858665 -0.1675328 0 0.6838242 -0.2545253 0.6838138 0 -0.1675398 -0.9858654 0.6838227 -0.254519 -0.6838176 -0.7071067 0 0.7071068 -0.7071067 0 0.7071068 -0.7071067 0 0.7071068 -0.7071068 0 0.7071068 -0.7071068 0 0.7071068 -0.6838244 -0.254526 0.6838134 0.9858665 -0.1675328 0 0 -0.7071068 0.7071067 -0.5773503 -0.5773503 0.5773502 0.7071068 -0.7071068 0 -0.7071067 0 0.7071068 -0.7071068 -0.7071067 0 -0.5773503 -0.5773503 0.5773502 0.7071068 0 -0.7071067 0.5773503 -0.5773502 -0.5773503 0.6337244 -0.4436008 -0.6337283 0.6838227 -0.254519 -0.6838176 0.6838227 -0.254519 -0.6838176 0.7071066 0 -0.7071068 0.7071068 0 -0.7071067 0.7071068 0 -0.7071068 0.7071067 0 -0.7071068 0.7071067 0 -0.7071068 0.7071067 0 0.7071068 0.7071067 0 0.7071068 0.7071068 0 0.7071068 0.5773503 -0.5773503 0.5773503 0.7071067 0 0.7071068 0.7071068 0 0.7071068 0.6838242 -0.2545253 0.6838138 0 -0.1675404 -0.9858652 0 -0.7071067 -0.7071068 0.5773503 -0.5773502 -0.5773503 0 -0.7071067 -0.7071068 0.7071067 0 0.7071068 0 -0.7071068 0.7071067 0.5773503 -0.5773503 0.5773503 -0.7071068 0 -0.7071068 -0.5773503 -0.5773502 -0.5773503 -0.6838227 -0.25452 -0.6838173 -0.6337309 -0.4436035 0.63372 -0.6671218 0.3315009 0.6671249 -0.6838227 -0.25452 -0.6838173 -0.7071066 0 -0.7071068 -0.7071068 0 -0.7071067 -0.7071068 0 -0.7071068 -0.7071068 0 -0.7071068 -0.7071068 0 -0.7071068 -0.8971881 0.4416487 0 0 0.4416371 0.8971938 -0.6671234 0.3315026 -0.6671225 -0.6671234 0.3315026 -0.6671225 0 0.441642 -0.8971913 -0.6337307 -0.4436037 -0.63372 0 0.441644 -0.8971904 -0.6337245 -0.4436013 -0.633728 0.6671348 0.3314914 -0.6671166 0.8971978 0.4416286 0 0.8971902 0.4416445 0 -0.6337223 -0.4436049 0.6337277 0.6671216 0.3315043 0.6671235 0.6337311 -0.4436026 0.6337205 0.6337222 -0.4436043 0.6337281 0.6671348 0.3314914 -0.6671166 0.6337128 -0.443619 -0.6337274 0 -0.1675478 0.985864 0.6838242 -0.2545253 0.6838138 -0.9858666 -0.1675323 0 -0.6838244 -0.254526 0.6838134 -0.9858666 -0.1675325 0 -0.6838227 -0.25452 -0.6838173 0 -0.1675484 0.9858639 -0.6838244 -0.254526 0.6838134  
			<Tangents>: 229 0.4082484 -0.4082482 -0.8164966 -0.640861 0.238534 0.7296566 0.8164966 -0.4082483 0.4082482 0.7296467 -0.2385416 0.6408694 -0.8164966 -0.4082482 -0.4082483 0.009788156 0.9403037 -0.3401957 -0.4082483 -0.4082484 0.8164966 -0.6408657 -0.2385314 0.7296533 0.4205636 -0.9067661 0.03002413 0.5181034 -0.437004 0.7352526 0.5006151 0.4636663 0.7310253 -0.5974283 0.2968701 0.7449481 6.27031E-06 8.505244E-11 1 0.7071068 0 -0.7071068 0.7071067 0 -0.7071068 0.7071067 0 -0.7071068 0.7071067 0 -0.7071068 0.7071068 0 -0.7071068 0.7071068 0 0.7071068 0.7071068 0 0.7071068 0.7071069 0 0.7071066 0.7071069 0 0.7071066 0.7071069 0 0.7071066 -0.7071068 0 0.7071068 -0.7071067 0 0.7071069 -0.7071068 0 0.7071068 -0.7071068 0 0.7071068 -0.7071068 0 0.7071068 -0.7071069 0 -0.7071066 -0.7071068 -5.278629E-05 -0.7071068 -0.7071068 -6.797144E-07 -0.7071068 -0.7071069 0 -0.7071066 -0.7071069 0 -0.7071066 0 0 1 -0.7071068 0.7071067 0 2.241615E-09 1.319104E-08 1 2.867012E-09 2.867013E-09 -1 -3.810119E-07 -7.740039E-07 1 -3.242415E-07 6.586894E-07 1 0 0 -1 0 2.092504E-07 -1 0 6.483565E-08 -1 0 0 -1 0 0 -1 0 -6.483554E-08 1 0 -2.092503E-07 1 0 0 1 0 0 1 0 0 1 0 0 1 -0.7071068 -0.7071068 0 -3.9412E-07 -8.006358E-07 1 -1 0 0 1 0 0 0 6.579917E-08 -1 0 2.123602E-07 -1 0 0 -1 0 0 -1 0 0 -1 8.403828E-10 -8.40383E-10 1 0 0 -1 -3.363922E-07 6.834025E-07 1 0 0 1 0 -2.123607E-07 1 0 -6.579936E-08 1 0 0 1 0 0 1 -2.41977E-05 0.9858653 -0.1675398 -1 5.734443E-08 -5.734442E-08 -3.210565E-05 -0.8971908 0.4416431 5.230782E-06 0.8971904 0.441644 -1 1.177468E-06 0 -1 1.993586E-08 0 -1 3.722805E-07 0 -1 0 0 -1 1.038187E-07 0 1 -3.72282E-07 0 1 3.522252E-07 0 1 1.995367E-08 0 1 -3.26409E-08 0 1 -1.376287E-07 0 -1 0 0 -1 0 0 1 0 0 -1 0 0 -5.453837E-05 -0.8971937 0.4416371 1 -5.748571E-08 -5.748571E-08 -1 3.128285E-06 0 -1 1.219192E-06 0 -1 0 0 -1 3.272125E-08 0 -1 1.379676E-07 0 -1 7.254451E-07 -1.23284E-07 2.126755E-06 0.8971913 0.441642 1 0 0 1 -1.200375E-06 0 1 -3.731988E-07 0 1 0 0 1 -1.040746E-07 0 -1 0 0 -1 0 0 0.001188447 0.1632651 0.9865815 -0.005270149 -0.1622221 0.9867402 -1.164902E-06 3.85088E-07 1 1.101843E-06 0.3138695 0.9494661 0.0001865666 0.163044 0.9866188 -1.412865E-06 -4.670685E-07 1 -1.612485E-06 -0.3138723 0.9494652 0.0004912233 -0.1630003 0.9866259 -0.1356658 -0.8702721 -0.47352 0.5191668 0.3634101 0.7735625 -0.5191666 -0.3634103 0.7735625 0.5191609 -0.3634313 0.7735565 7.513052E-08 -2.146646E-07 1 -3.200731E-08 -9.144924E-08 1 0 0 1 2.317144E-07 -6.620586E-07 1 6.06391E-08 -0.9438574 -0.3303531 3.888555E-06 0.943859 -0.3303485 4.727225E-06 0.9438581 -0.3303512 -2.440055E-06 -0.9438572 -0.3303537 -0.5191708 0.3634185 0.7735559 0 0 1 -1.532743E-07 -4.379396E-07 1 -4.756587E-06 0.9438599 -0.3303461 -4.497794E-06 0.9438596 -0.3303469 0.1356828 -0.870277 -0.4735062 -0.135687 0.8702805 -0.4734986 0.1356708 0.8702762 -0.473511 0 0 1 1.243859E-09 -3.553992E-09 1 3.059517E-06 -0.9438571 -0.330354 6.481922E-06 -0.9438567 -0.330355 0.7071069 0 0.7071066 -0.7071068 0 0.7071068 -0.7071068 0 -0.7071067 0.7071067 8.497345E-09 -0.7071068 0 -1.824069E-10 -1 0 -8.177332E-09 1 0 7.839473E-07 -1 0 5.148069E-10 1 -1 1.364393E-07 0 1 -1.285082E-07 0 -1 1.288249E-07 0 1 -1.367751E-07 0 -0.7071068 0.7071067 0 -0.8164966 0.4082482 0.4082483 -0.7071068 -0.7071068 0 2.207625E-06 -0.8971909 0.441643 -0.5140205 -0.4433427 0.734323 0.5974307 -0.2968706 0.7449459 -2.010652E-07 -4.084525E-07 1 0 0 -1 0.640861 -0.238534 -0.7296566 -1 0 0 -0.7296482 -0.238534 -0.6408705 0.7071067 0 0.7071068 0.7071067 0 0.7071068 0.7071067 0 0.7071068 0.7071068 0 0.7071068 0.7071068 0 0.7071068 0.6408604 0.2385344 0.7296569 4.180216E-08 2.459897E-07 1 -1 0 0 -0.8164966 0.4082483 -0.4082482 1.725099E-07 1.725099E-07 -1 0.7071067 -1.373156E-08 0.7071068 6.07786E-08 -6.077862E-08 1 0.4082483 0.4082482 0.8164966 -0.7071066 3.128524E-05 -0.7071069 -0.4082482 0.4082483 -0.8164966 0.5191573 -0.3634381 0.7735557 0.6408557 -0.2385593 0.729653 -0.6408663 0.2385307 -0.729653 -0.7071068 0 -0.7071068 -0.7071067 0 -0.7071069 -0.7071068 0 -0.7071068 -0.7071067 0 -0.7071068 -0.7071067 3.520356E-07 -0.7071068 0.7071069 0 -0.7071066 0.7071069 0 -0.7071066 0.7071068 0 -0.7071068 -0.8164966 -0.4082483 0.4082483 0.7071069 5.278624E-05 -0.7071066 0.7071068 6.796652E-07 -0.7071068 0.7296468 0.2385408 -0.6408696 -3.503071E-05 0.9858652 -0.1675404 -1 0 0 -0.8164966 -0.4082482 -0.4082483 -1 0 0 0.7071069 0 -0.7071066 1 0 0 0.8164966 0.4082483 -0.4082483 -0.7071068 0 0.7071068 -0.8164966 0.4082482 0.4082483 -0.009786423 0.9403027 -0.3401986 0.1356798 -0.8702754 -0.47351 -0.4205617 -0.9067671 0.03002176 -0.7296482 0.2385361 0.6408697 -0.7071069 5.615306E-05 0.7071066 -0.7071068 0 0.7071068 -0.7071068 0 0.7071068 -0.7071068 0 0.7071068 -0.7071068 0 0.7071068 -3.95411E-07 -8.032585E-07 1 4.225229E-06 -0.8971938 0.4416369 -0.5013213 0.46262 0.7312043 0.4205621 0.9067669 0.03002255 5.494749E-05 0.8971914 0.4416419 -0.1356837 0.8702764 -0.473507 6.180004E-05 0.8971903 0.4416441 -0.5191867 -0.3633955 0.7735559 0.597429 0.2968554 0.7449533 -8.779232E-09 1.783558E-08 1 -3.460251E-07 7.029421E-07 1 0.5191703 0.3634186 0.7735562 -0.5974283 -0.2968724 0.7449471 -0.5191676 0.3634098 0.7735621 -0.1356824 -0.8702774 -0.4735056 -0.4205242 0.9067836 0.03004666 0.1356826 0.8702685 -0.4735219 -8.077627E-07 -0.9858639 -0.1675478 -0.009781625 -0.9402983 -0.3402107 0 0 1 0.6408604 0.2385344 0.7296569 -1.74448E-07 1.026562E-06 1 -0.6408812 -0.2384896 0.7296533 3.473228E-05 -0.9858639 -0.1675484 0.009801154 -0.940304 -0.3401944  
			<BiTangents>: 229 0.7071068 0.7071068 1.103654E-07 -0.3488289 -0.9371864 -1.676151E-09 -1.425423E-08 0.7071067 0.7071068 3.657488E-09 0.9371843 0.3488345 -7.127115E-09 0.7071068 -0.7071068 0.7295825 0.2259403 0.6454923 -0.7071068 0.7071068 7.595263E-08 -0.3488232 0.9371885 -1.759492E-09 0.6148781 0.2605381 -0.7443419 0.5352732 0.8361427 0.1197832 0.5516481 -0.8216611 0.1433783 0.4450009 0.8955301 4.412215E-09 1 1.439829E-05 -6.27031E-06 0 1 0 0 1 0 0 1 0 0 1 0 0 1 0 0 1 0 0 1 0 0 1 0 0 1 0 0 1 0 0 1 0 0 1 0 0 1 0 0 1 0 0 1 0 0 1 0 -3.732554E-05 1 -3.732555E-05 -4.806307E-07 1 -4.806307E-07 0 1 0 0 1 0 -0.1675323 0.9858666 0 0 0 -1 -0.1675328 -0.9858665 1.338015E-08 0.7071068 0.7071068 4.054568E-09 0.4416502 0.8971873 8.627004E-07 0.4416444 -0.8971901 7.341691E-07 0 1 0 0 1 2.092504E-07 0 1 6.483565E-08 0 1 0 0 1 0 0 1 6.483554E-08 0 1 2.092503E-07 0 1 0 0 1 0 0 1 0 -0.1675325 0.9858666 0 0 0 -1 0.4416487 0.8971881 8.923835E-07 0 -0.7071068 -0.7071068 0 0.985864 0.1675478 0 1 6.579917E-08 0 1 2.123602E-07 0 1 0 0 1 0 0 1 0 -0.7071068 0.7071068 1.188481E-09 0.1675328 0.9858665 0 0.4416287 -0.897198 7.617078E-07 0 1 0 0 1 2.123607E-07 0 1 6.579936E-08 0 1 0 0 1 0 1 2.385568E-05 -4.054079E-06 8.109726E-08 0.7071068 -0.7071068 1 -2.88049E-05 1.417924E-05 1 -4.693008E-06 -2.310144E-06 1.177468E-06 1 0 1.993586E-08 1 0 3.722805E-07 1 0 0 1 0 1.038187E-07 1 0 3.72282E-07 1 0 -3.522252E-07 1 0 -1.995367E-08 1 0 3.26409E-08 1 0 1.376287E-07 1 0 0 0 -1 0 0 -1 0 0.9858639 0.1675484 0 0.7071068 -0.7071068 1 -4.893149E-05 2.408617E-05 8.129707E-08 0.7071067 0.7071068 3.128285E-06 1 0 1.219192E-06 1 0 0 1 0 3.272125E-08 1 0 1.379676E-07 1 0 7.358461E-07 0.9858652 -0.1675404 1 -1.908106E-06 -9.392642E-07 0 1 0 1.200375E-06 1 0 3.731988E-07 1 0 0 1 0 1.040746E-07 1 0 0 0 -1 0 0 -1 0.9869612 0.1586026 -0.02743537 0.9869488 -0.1596624 -0.02097757 0.9494659 -0.3138701 1.226902E-06 1 -3.45835E-07 -1.046163E-06 0.9869629 -0.1588241 0.0260599 0.9494639 0.3138763 1.488066E-06 1 -5.061144E-07 1.530998E-06 0.9869616 0.1588816 0.0257574 0.761564 0.2141101 -0.6117002 -0.5734553 0.8192369 1.115458E-08 -0.5734556 0.8192366 2.025649E-08 -0.5734807 -0.8192191 -1.416104E-06 -0.3303423 0.9438612 2.274323E-07 -0.3303506 -0.9438583 -9.688876E-08 -0.3303621 -0.9438542 0 -0.3303427 0.9438611 7.014365E-07 1 5.723467E-08 2.003232E-08 1 -3.670247E-06 1.284578E-06 1 -4.46183E-06 1.561644E-06 1 -2.303064E-06 -8.060811E-07 -0.5734613 -0.8192327 4.293446E-09 -0.3303416 -0.9438614 0 -0.3303417 -0.9438614 -4.639872E-07 1 4.489552E-06 -1.57132E-06 1 4.245286E-06 -1.485833E-06 0.7615682 -0.2140855 0.6117035 0.7615657 -0.214079 -0.6117089 0.7615687 0.2140971 0.611699 -0.3303411 0.9438616 0 -0.3303415 0.9438615 3.765375E-09 1 2.887747E-06 1.010724E-06 1 6.118006E-06 2.141336E-06 0 1 0 0 1 0 0 1 0 -6.008531E-09 1 6.00853E-09 0 1 -1.824069E-10 0 1 8.177332E-09 0 1 7.839473E-07 0 1 -5.148069E-10 1.364393E-07 1 0 1.285082E-07 1 0 1.288249E-07 1 0 1.367751E-07 1 0 0 0 -1 1.425423E-08 0.7071068 -0.7071067 0 0 -1 1 1.980661E-06 -9.749823E-07 0.5391955 -0.8327978 -0.1253635 0.4450001 0.8955306 4.968122E-09 0.4416502 0.8971873 4.552589E-07 0.1675328 0.9858665 0 0.3488289 0.9371864 1.676151E-09 0 0.9858654 -0.1675398 5.216194E-09 0.9371881 -0.3488243 0 1 0 0 1 0 0 1 0 0 1 0 0 1 0 -0.3488297 0.9371862 8.586847E-10 -0.1675328 -0.9858665 2.495162E-07 0 -0.7071067 -0.7071068 1.425423E-08 -0.7071067 -0.7071068 0.7071068 0.7071068 2.439658E-07 9.709682E-09 1 9.709681E-09 -0.7071068 0.7071068 8.595394E-08 -0.7071068 0.7071068 5.874625E-08 2.212201E-05 1 2.212201E-05 0.7071068 0.7071068 7.595263E-08 -0.5734711 -0.8192258 -2.100068E-05 -0.3488416 -0.9371817 -2.226257E-05 0.3488221 0.937189 -7.087353E-09 0 1 0 0 1 0 0 1 0 0 1 0 2.489268E-07 1 2.489268E-07 0 1 0 0 1 0 0 1 0 -7.127115E-09 -0.7071068 -0.7071068 -3.732551E-05 1 3.732551E-05 -4.805958E-07 1 4.805958E-07 6.361632E-09 0.9371847 0.3488336 1 3.453555E-05 -5.869058E-06 0 0.7071068 -0.7071068 -7.127115E-09 0.7071068 -0.7071068 0 0.7071068 -0.7071068 0 1 0 0 0.7071068 0.7071068 7.127115E-09 0.7071068 0.7071068 0 1 0 1.425423E-08 0.7071068 -0.7071067 0.7295826 -0.2259434 -0.6454912 0.7615617 -0.214095 0.6117084 0.6148791 -0.260539 0.7443407 9.029677E-07 0.9371873 -0.3488265 3.970621E-05 1 -3.97062E-05 0 1 0 0 1 0 0 1 0 0 1 0 0.4416487 0.8971881 8.953067E-07 1 3.790849E-06 -1.866018E-06 0.5510203 0.8222462 -0.1424353 0.6148771 -0.2605377 -0.7443428 1 -4.929842E-05 -2.426712E-05 0.7615611 -0.2140905 -0.6117107 1 -5.54464E-05 -2.729362E-05 -0.5734444 0.8192446 -1.924472E-05 0.4449828 -0.8955391 -4.606719E-09 0.4416287 -0.897198 1.98792E-08 0.4416444 -0.8971901 7.834928E-07 -0.5734617 0.8192323 -6.991782E-09 0.4450037 -0.8955287 1.414022E-09 -0.5734544 -0.8192375 8.752377E-10 0.7615684 0.2140853 -0.6117035 0.6148907 0.2604935 0.744347 0.7615763 0.2140911 0.6116916 1 -7.963442E-07 -1.353389E-07 0.7295812 0.2259556 -0.6454885 -0.1675323 0.9858666 0 -0.3488297 0.9371862 8.586847E-10 -0.1675325 0.9858666 -1.041279E-06 -0.3487947 0.9371992 -3.254354E-05 1 3.42413E-05 5.81934E-06 0.7295808 -0.2259311 0.6454974  
			<SubMeshes>: 1
				<SubMesh>: 0 858 144 133 2 144 2 86 140 134 6 140 6 59 141 135 4 141 4 68 137 136 0 137 0 36 100 145 146 100 146 84 124 128 5 124 5 67 117 109 8 117 8 69 122 121 1 122 1 35 147 81 82 147 82 50 148 149 102 148 102 107 106 37 9 106 9 108 113 110 150 113 150 151 152 153 17 152 17 39 39 17 16 39 16 40 40 16 15 40 15 41 41 15 14 41 14 42 42 14 13 42 13 43 154 155 28 154 28 71 71 28 29 71 29 72 72 29 30 72 30 73 73 30 31 73 31 74 74 31 32 74 32 75 49 7 23 49 23 62 62 23 24 62 24 63 63 24 25 63 25 64 64 25 26 64 26 65 65 26 27 65 27 66 83 3 18 83 18 94 94 18 19 94 19 95 95 19 20 95 20 96 96 20 21 96 21 97 97 21 22 97 22 98 156 47 48 156 48 157 158 46 47 158 47 156 159 45 46 159 46 158 160 44 45 160 45 159 161 33 44 161 44 160 57 42 43 57 43 58 56 41 42 56 42 57 55 40 41 55 41 56 54 39 40 54 40 55 60 152 39 60 39 54 116 113 151 116 151 51 123 122 35 123 35 162 163 164 34 163 34 99 139 137 36 139 36 165 166 138 167 166 167 168 169 139 165 169 165 170 171 123 162 171 162 172 111 116 51 111 51 11 173 60 54 173 54 174 174 54 55 174 55 175 175 55 56 175 56 176 176 56 57 176 57 177 177 57 58 177 58 178 47 65 66 47 66 48 46 64 65 46 65 47 45 63 64 45 64 46 44 62 63 44 63 45 33 49 62 33 62 44 179 78 79 179 79 180 180 79 80 180 80 181 182 52 81 182 81 147 99 34 145 99 145 100 138 140 59 138 59 167 70 93 104 183 77 78 183 78 179 184 76 77 184 77 183 185 53 76 185 76 184 90 74 75 90 75 91 89 73 74 89 74 90 88 72 73 88 73 89 87 71 72 87 72 88 92 154 71 92 71 87 120 117 69 120 69 85 125 124 67 125 67 186 50 82 187 50 187 188 143 141 68 143 68 189 190 142 191 190 191 192 193 143 189 193 189 194 127 125 186 127 186 195 196 120 85 196 85 197 198 92 87 198 87 199 199 87 88 199 88 200 200 88 89 200 89 201 201 89 90 201 90 202 202 90 91 202 91 203 81 99 100 81 100 82 52 163 99 52 99 81 79 97 98 79 98 80 78 96 97 78 97 79 77 95 96 77 96 78 76 94 95 76 95 77 53 83 94 53 94 76 82 100 84 82 84 187 142 144 86 142 86 191 103 61 10 103 10 105 10 70 104 10 104 105 204 37 106 9 205 107 9 107 108 38 61 103 149 38 103 149 103 102 93 206 101 93 101 104 102 103 105 102 105 12 105 104 101 105 101 12 108 107 102 108 102 12 101 106 108 101 108 12 206 204 106 206 106 101 205 148 107 126 132 120 126 120 196 207 208 119 207 119 209 208 210 118 208 118 119 132 131 117 132 117 120 211 130 116 211 116 111 212 213 115 212 115 112 213 214 114 213 114 115 130 129 113 130 113 116 129 215 110 129 110 113 214 216 217 214 217 114 131 218 109 131 109 117 210 219 220 210 220 118 221 222 218 221 218 131 223 224 215 223 215 129 225 223 129 225 129 130 226 225 130 226 130 211 227 221 131 227 131 132 228 227 132 228 132 126 209 119 125 209 125 127 119 118 124 119 124 125 112 115 123 112 123 171 115 114 122 115 122 123 114 217 121 114 121 122 118 220 128 118 128 124 80 98 144 80 144 142 203 91 143 203 143 193 181 80 142 181 142 190 91 75 141 91 141 143 48 66 140 48 140 138 178 58 139 178 139 169 157 48 138 157 138 166 58 43 137 58 137 139 43 13 136 43 136 137 75 32 135 75 135 141 66 27 134 66 134 140 98 22 133 98 133 144  
		</Mesh>
		<Materials>: 1
			<Material>: 0
				<AlbedoColor>: 1 1 1 1
				<EmissiveColor>: 0 0 0 0
				<Glossiness>: 0
				<Metallic>: 0
				<SpecularHighlight>: 1
				<GlossyReflection>: 1
				<AlbedoMap>: BLD_Structures2_A
				<MetallicMap>: BLD_Structures2_MS
				<NormalMap>: BLD_Structures2_N
				<EmissionMap>: null
				<DetailAlbedoMap>: DET_Concrete1_A
				<DetailNormalMap>: DET_Concrete1_N
		</Materials>
		<Children>: 0
	</Frame>
</Hierarchy>
