<Hierarchy>:
	<Frame>: 0 7 Struct_FlowerBox_A
		<Transform>: 0 0 0 0 0 0 1 1 1 0 0 0 1  
		<TransformMatrix>: 1 0 0 0 0 1 0 0 0 0 1 0 0 0 0 1  
		<BoxCollider>: 1 -2.384186E-07 0.4804227 0.0001247227 6.3 0.9611385 1.818189  
		<Mesh>: 386 Struct_FlowerBox_A
			<Bounds>: -2.384186E-07 0.4804227 0.0001247227 3.15 0.4805693 0.9090945
			<Positions>: 386 3.021969 -0.0001464713 0.8896952 3.113933 -0.0001464754 0.7977315 3.113933 -0.0001465451 -0.7977315 3.021969 -0.0001465491 -0.8896952 -3.02197 -0.0001465491 -0.8896952 -3.113933 -0.0001465451 -0.7977315 -3.113933 -0.0001464754 0.7977315 -3.02197 -0.0001464713 0.8896952 3.021969 0.7623792 -0.8896952 3.113933 0.7623792 -0.7977315 -3.113933 0.7623792 -0.7977316 -3.02197 0.7623792 -0.8896952 3.021969 0.7623793 0.8896951 3.113933 0.7623793 0.7977314 -3.02197 0.7623793 0.8896951 -3.113933 0.7623793 0.7977315 -2.145767E-07 -0.0001465491 -0.8896952 -2.145767E-07 0.7623792 -0.8896952 0 -0.0001464713 0.8896952 0 0.7623793 0.8896951 3.15 0.7608847 -0.8170061 3.058036 0.7608846 -0.9089697 -3.058037 0.7608846 -0.9089697 -3.15 0.7608846 -0.8170061 -3.15 0.7608848 0.8172556 -3.058037 0.7608848 0.9092191 3.058036 0.7608849 0.9092191 3.15 0.7608849 0.8172556 2.975214 0.7919364 0.6303263 2.881342 0.7919365 0.7241992 2.881342 0.7919363 -0.7241992 2.975214 0.7919364 -0.6303264 -2.975215 0.7919364 -0.6303263 -2.881342 0.7919363 -0.7241992 -2.881342 0.7919365 0.7241992 -2.975215 0.7919364 0.6303262 -2.145767E-07 0.7608846 -0.9089697 -2.153192E-07 0.7919363 -0.7241992 -2.145767E-07 0.7608848 0.9092191 -2.153192E-07 0.7919365 0.7241992 3.058036 0.7608849 0.8172554 -2.145767E-07 0.7608848 0.8172554 -3.058037 0.7608848 0.8172554 -3.058037 0.7608846 -0.8170062 -2.145767E-07 0.7608846 -0.8170062 3.058036 0.7608846 -0.8170062 1.422501 -0.0001465491 -0.8896952 1.422501 0.7608848 0.8172554 1.422501 0.7608846 -0.8170062 1.422501 0.7623793 0.8896951 1.422501 0.7623792 -0.8896952 1.422501 0.7608846 -0.9089697 1.422501 -0.0001464713 0.8896952 1.4225 0.7919363 -0.7241992 1.422501 0.7608848 0.9092191 1.422501 0.7919365 0.7241992 -1.59108 0.7919365 0.7241992 -1.59108 0.7919363 -0.7241992 -1.59108 0.7608848 0.9092191 -1.59108 -0.0001465491 -0.8896952 -1.59108 0.7608846 -0.8170062 -1.59108 -0.0001464713 0.8896952 -1.59108 0.7608846 -0.9089697 -1.59108 0.7623792 -0.8896952 -1.59108 0.7623793 0.8896951 -1.59108 0.7608848 0.8172554 2.97823 -0.0001465491 -0.8896952 2.97823 0.7623792 -0.8896952 -2.983192 -0.0001465491 -0.8896952 -2.983192 0.7623792 -0.8896952 -3.113933 -0.000146544 -0.7724693 -3.113933 0.7623792 -0.7724693 -3.113933 -0.0001464764 0.7746029 -3.113933 0.7623793 0.7746028 -3.002421 -0.0001464713 0.8896952 -3.002421 0.7623793 0.8896951 3.006451 -0.0001464713 0.8896952 3.006451 0.7623793 0.8896951 3.113933 -0.0001464764 0.7741053 3.113933 0.7623793 0.7741053 3.113933 -0.0001465445 -0.7831159 3.113933 0.7623792 -0.783116 3.15 0.7608848 0.08335136 -3.15 0.7608847 0.08335142 2.975214 0.7919364 0.06420014 -2.975215 0.7919364 0.06420013 3.058036 0.7608848 0.0833513 -2.145767E-07 0.7608848 0.0833513 -3.058037 0.7608847 0.0833513 1.422501 0.7608848 0.0833513 -1.59108 0.7608847 0.0833513 -2.250662 0.7608848 0.9092191 -2.171215 0.7919363 -0.7241992 -2.250662 0.7608848 0.8172554 -2.250662 0.7608846 -0.8170062 -2.171215 0.7919365 0.7241992 -2.250662 0.7608846 -0.9089697 -2.250662 0.7608847 0.0833513 3.15 0.9502038 0.8172556 3.141491 0.960992 0.8082889 3.049527 0.960992 0.9002525 3.058036 0.9502038 0.9092191 3.058036 0.9502037 -0.9089697 3.049527 0.9609919 -0.9000155 3.141491 0.9609919 -0.8080518 3.15 0.9502037 -0.8170061 -3.15 0.9502037 -0.8170061 -3.141491 0.9609919 -0.8080519 -3.049528 0.9609919 -0.9000155 -3.058037 0.9502037 -0.9089697 -3.058037 0.9502038 0.9092191 -3.049528 0.960992 0.9002525 -3.141491 0.960992 0.808289 -3.15 0.9502038 0.8172556 -2.038516E-07 0.9609919 -0.9000155 -2.142243E-07 0.9502037 -0.9089697 -2.142042E-07 0.960992 0.9002525 -2.142243E-07 0.9502038 0.9092191 1.422501 0.9502038 0.9092191 1.422501 0.960992 0.9002525 1.422501 0.9502037 -0.9089697 1.422501 0.9609919 -0.9000155 -1.59108 0.960992 0.9002525 -1.59108 0.9502038 0.9092191 -1.59108 0.9502037 -0.9089697 -1.59108 0.9609919 -0.9000155 3.15 0.9502038 0.08335136 3.141491 0.9609919 0.08243253 -3.15 0.9502038 0.08335142 -3.141491 0.9609919 0.08243258 -2.250662 0.9502038 0.9092191 -2.246836 0.960992 0.9002525 -2.250662 0.9502037 -0.9089697 -2.246836 0.9609919 -0.9000155 2.990429 0.960992 0.6491054 2.978236 0.9459153 0.6360114 2.886102 0.9459154 0.7281451 2.898466 0.960992 0.7410688 2.898466 0.9609919 -0.7410514 2.886102 0.9459153 -0.7281451 2.978235 0.9459153 -0.6360114 2.990429 0.9609919 -0.649088 -2.990429 0.9609919 -0.6490877 -2.978236 0.9459153 -0.6360111 -2.886102 0.9459153 -0.7281451 -2.898466 0.9609919 -0.7410514 -2.898466 0.960992 0.7410688 -2.886102 0.9459154 0.7281451 -2.978236 0.9459153 0.6360111 -2.990429 0.9609919 0.6491051 -2.429203E-08 0.9459153 -0.7281451 -2.006306E-08 0.9609919 -0.7410514 -2.143036E-07 0.9459154 0.7281451 -2.142042E-07 0.960992 0.7410688 1.422501 0.9609919 -0.7410514 1.422501 0.9459153 -0.7281451 1.4225 0.960992 0.7410688 1.4225 0.9459154 0.7281451 -1.59108 0.9609919 -0.7410514 -1.59108 0.9459153 -0.7281451 -1.59108 0.9459154 0.7281451 -1.59108 0.960992 0.7410688 2.990429 0.9609919 0.06612069 2.978235 0.9459153 0.06477927 -2.990429 0.9609919 0.06612056 -2.978236 0.9459153 0.06477915 -2.178915 0.960992 0.7410688 -2.173356 0.9459154 0.7281451 -2.178914 0.9609919 -0.7410514 -2.173355 0.9459153 -0.7281451 2.285939 0.7608846 -0.9089697 2.192657 0.7919365 0.7241992 2.285938 0.7608849 0.8172554 2.285938 0.7608846 -0.8170062 2.192657 0.7919363 -0.7241992 2.285938 0.7608849 0.9092191 2.285938 0.7608848 0.0833513 2.285939 0.9502037 -0.9089697 2.281446 0.9609919 -0.9000155 2.285938 0.9502038 0.9092191 2.281446 0.960992 0.9002525 2.201697 0.9609919 -0.7410514 2.19517 0.9459153 -0.7281451 2.201697 0.960992 0.7410688 2.19517 0.9459154 0.7281451 2.044415 0.7608849 0.8172554 2.044415 0.7608846 -0.8170062 1.977227 0.7919363 -0.7241992 2.044415 0.7608849 0.9092191 2.044415 0.7608848 0.0833513 2.04118 0.9609919 -0.9000155 2.044415 0.9502038 0.9092191 1.979037 0.9459153 -0.7281451 1.983739 0.960992 0.7410688 2.044416 0.7608846 -0.9089697 1.977227 0.7919365 0.7241992 2.044416 0.9502037 -0.9089697 2.04118 0.960992 0.9002525 1.983739 0.9609919 -0.7410514 1.979037 0.9459154 0.7281451 -3.15 0.7608847 -0.1065986 2.975214 0.7919364 -0.08232538 1.422501 0.7608848 -0.1065987 -1.59108 0.7608847 -0.1065987 3.15 0.7608848 -0.1065986 -2.975215 0.7919364 -0.08232534 3.058036 0.7608848 -0.1065987 -2.145767E-07 0.7608848 -0.1065987 -3.058037 0.7608847 -0.1065987 -2.250662 0.7608847 -0.1065987 -3.15 0.9502038 -0.1065986 -3.141491 0.9609919 -0.1054345 3.15 0.9502038 -0.1065986 3.141491 0.9609919 -0.1054345 -2.990429 0.9609919 -0.08476819 -2.978236 0.9459153 -0.0830678 2.990429 0.9609919 -0.08476815 2.978235 0.9459153 -0.08306776 2.285938 0.7608848 -0.1065987 2.044415 0.7608848 -0.1065987 3.113933 0.7623792 -0.7977315 3.113933 -0.0001465451 -0.7977315 -3.113933 0.7623793 0.7977315 -3.113933 -0.0001464754 0.7977315 2.881342 0.7919363 -0.7241992 2.886102 0.9459153 -0.7281451 -2.975215 0.7919364 -0.6303263 -2.978236 0.9459153 -0.6360111 -2.038516E-07 0.9609919 -0.9000155 -2.006306E-08 0.9609919 -0.7410514 -2.153192E-07 0.7919363 -0.7241992 -2.429203E-08 0.9459153 -0.7281451 -3.058037 0.7608846 -0.9089697 3.15 0.7608847 -0.8170061 1.422501 0.7608846 -0.9089697 2.044416 0.7608846 -0.9089697 -2.145767E-07 0.7608848 0.9092191 -1.59108 0.7608848 0.9092191 1.422501 0.7608848 0.9092191 3.058036 0.7608849 0.9092191 -3.058037 0.7608848 0.9092191 -3.15 0.7608847 -0.1065986 3.15 0.7608848 -0.1065986 -1.59108 0.9502038 0.9092191 -1.59108 0.7608848 0.9092191 3.058036 0.7608846 -0.9089697 -2.250662 0.7608846 -0.9089697 -2.250662 0.7608848 0.9092191 -3.15 0.7608848 0.8172556 -2.145767E-07 0.7608846 -0.9089697 3.15 0.7608849 0.8172556 3.021969 0.7623792 -0.8896952 3.021969 -0.0001465491 -0.8896952 -3.113933 0.7623792 -0.7977316 -3.113933 -0.0001465451 -0.7977315 3.113933 0.7623793 0.7977314 3.113933 -0.0001464754 0.7977315 -2.153192E-07 0.7919365 0.7241992 -2.153192E-07 0.7919363 -0.7241992 -1.59108 0.7919363 -0.7241992 -2.881342 0.7919363 -0.7241992 -2.975215 0.7919364 -0.6303263 -2.975215 0.7919364 -0.08232534 -2.975215 0.7919364 0.6303262 -2.881342 0.7919365 0.7241992 -2.881342 0.7919365 0.7241992 -1.59108 0.7919365 0.7241992 -2.153192E-07 0.7919365 0.7241992 -2.881342 0.7919365 0.7241992 -2.171215 0.7919365 0.7241992 -1.59108 0.7919365 0.7241992 3.15 0.7608848 0.08335136 -3.15 0.7608847 0.08335142 -2.171215 0.7919363 -0.7241992 -2.142243E-07 0.9502037 -0.9089697 -2.145767E-07 0.7608846 -0.9089697 -1.59108 0.7608846 -0.9089697 3.15 0.7608849 0.8172556 3.15 0.9502038 0.8172556 -3.15 0.7608846 -0.8170061 -3.058037 0.9502038 0.9092191 -3.058037 0.7608848 0.9092191 -1.59108 0.960992 0.9002525 -1.59108 0.960992 0.7410688 -1.59108 0.7919365 0.7241992 -1.59108 0.9459154 0.7281451 -2.978236 0.9459153 0.6360111 -2.975215 0.7919364 0.6303262 -2.975215 0.7919364 0.06420013 3.15 0.9502038 0.8172556 3.049527 0.960992 0.9002525 3.058036 0.9502037 -0.9089697 3.15 0.9502037 -0.8170061 -3.141491 0.9609919 -0.8080519 -3.049528 0.9609919 -0.9000155 -3.049528 0.960992 0.9002525 -3.141491 0.960992 0.808289 -3.15 0.9502038 0.8172556 1.422501 0.960992 0.9002525 -2.142042E-07 0.960992 0.9002525 3.15 0.9502038 0.08335136 -1.59108 0.9609919 -0.9000155 -2.038516E-07 0.9609919 -0.9000155 -3.15 0.9502038 -0.1065986 -3.15 0.9502037 -0.8170061 2.281446 0.9609919 -0.9000155 3.049527 0.9609919 -0.9000155 3.058036 0.9502037 -0.9089697 -2.246836 0.960992 0.9002525 -2.038516E-07 0.9609919 -0.9000155 1.422501 0.9609919 -0.9000155 -1.59108 0.960992 0.9002525 -2.246836 0.9609919 -0.9000155 3.15 0.9502038 -0.1065986 -3.15 0.9502038 0.8172556 -3.15 0.9502038 0.08335142 -1.59108 0.960992 0.9002525 2.978236 0.9459153 0.6360114 2.886102 0.9459154 0.7281451 2.886102 0.9459153 -0.7281451 2.978235 0.9459153 -0.6360114 -2.978236 0.9459153 -0.6360111 -2.886102 0.9459153 -0.7281451 -2.886102 0.9459154 0.7281451 -2.978236 0.9459153 0.6360111 1.4225 0.960992 0.7410688 -2.142042E-07 0.960992 0.7410688 2.978235 0.9459153 0.06477927 -1.59108 0.9609919 -0.7410514 -2.006306E-08 0.9609919 -0.7410514 -2.990429 0.9609919 -0.08476819 -2.990429 0.9609919 -0.6490877 2.201697 0.9609919 -0.7410514 -2.178915 0.960992 0.7410688 -2.898466 0.960992 0.7410688 -2.006306E-08 0.9609919 -0.7410514 1.422501 0.9609919 -0.7410514 -2.178914 0.9609919 -0.7410514 -1.59108 0.960992 0.7410688 2.978235 0.9459153 -0.08306776 -2.990429 0.9609919 0.6491051 -2.990429 0.9609919 0.06612056 -1.59108 0.960992 0.7410688 -2.898466 0.9609919 -0.7410514 2.975214 0.7919364 0.6303263 2.978236 0.9459153 0.6360114 2.898466 0.960992 0.7410688 2.201697 0.960992 0.7410688 2.281446 0.960992 0.9002525 2.285938 0.7608849 0.9092191 1.983739 0.9609919 -0.7410514 2.04118 0.9609919 -0.9000155 2.044415 0.7608849 0.9092191 3.058036 0.7608846 -0.9089697 2.285939 0.7608846 -0.9089697 1.983739 0.960992 0.7410688 2.04118 0.960992 0.9002525 -3.15 0.9502037 -0.8170061 -3.15 0.7608846 -0.8170061 2.975214 0.7919364 -0.6303264 2.881342 0.7919363 -0.7241992 2.192657 0.7919363 -0.7241992 1.977227 0.7919363 -0.7241992 1.4225 0.7919363 -0.7241992 2.975214 0.7919364 -0.08232538 2.975214 0.7919364 0.06420014 2.975214 0.7919364 0.6303263 2.881342 0.7919365 0.7241992 2.192657 0.7919365 0.7241992 -2.153192E-07 0.7919365 0.7241992 1.977227 0.7919365 0.7241992 2.192657 0.7919365 0.7241992 1.422501 0.7919365 0.7241992 1.977227 0.7919365 0.7241992 -3.02197 0.7623792 -0.8896952 -3.02197 -0.0001465491 -0.8896952 -3.141491 0.9609919 -0.8080519 -2.990429 0.9609919 -0.6490877 2.990429 0.960992 0.6491054 3.141491 0.960992 0.8082889 3.15 0.9502038 0.8172556 2.978236 0.9459153 0.6360114 -2.153192E-07 0.7919363 -0.7241992 -2.153192E-07 0.7919365 0.7241992 -2.153192E-07 0.7919365 0.7241992 2.881342 0.7919365 0.7241992  
			<Colors>: 0  
			<TextureCoords0>: 386 0.1185798 0.5698904 0.1108407 0.5698904 0.01590176 0.5698903 0.008162718 0.5698903 0.5886438 0.5698902 0.5809056 0.5698902 0.4859666 0.5698902 0.4782276 0.5698903 0.008162718 0.5246654 0.0159018 0.5246654 0.5809056 0.5246654 0.5886438 0.5246654 0.1185797 0.5246654 0.1108407 0.5246654 0.4782276 0.5246654 0.4859666 0.5246654 0.4088192 0.5698904 0.4088192 0.5246654 0.2984036 0.5698904 0.2984036 0.5246654 0.1939836 0.65425 0.2051232 0.6055652 0.2201458 0.65425 0.3984113 0.6079592 0.3984113 0.650499 0.4132474 0.65425 0.01750341 0.6542501 0.2022599 0.650499 0.0005764622 0.604733 0.01750341 0.6047331 0.2106046 0.604733 0.1939836 0.604733 0.2033721 0.604733 0.2201458 0.604733 0.4132474 0.604733 0.3966263 0.604733 0.3003355 0.6055652 0.5905474 0.604733 0.3974459 0.6542501 0.3974459 0.6047331 0.2051232 0.650499 0.3003355 0.650499 0.3955478 0.650499 0.3955478 0.6079592 0.3003355 0.6079592 0.2051232 0.6079592 0.3241726 0.5698904 0.2560457 0.650499 0.2560457 0.6079592 0.213757 0.5246654 0.3241726 0.5246655 0.4096919 0.65425 0.213757 0.5698904 0.4096919 0.604733 0.2165907 0.65425 0.2165907 0.6047331 0.5997339 0.604733 0.3978002 0.604733 0.5909017 0.65425 0.5034972 0.5698903 0.349874 0.6079592 0.3930816 0.5698903 0.349874 0.6055652 0.5034972 0.5246654 0.3930816 0.5246654 0.349874 0.650499 0.2315985 0.5698904 0.2315985 0.5246655 0.5863363 0.5698902 0.5863363 0.5246654 0.5794023 0.5698902 0.5794023 0.5246654 0.4873429 0.5698902 0.487343 0.5246654 0.4770644 0.5698903 0.4770644 0.5246654 0.1195032 0.5698904 0.1195032 0.5246654 0.1094348 0.5698904 0.1094348 0.5246654 0.01677147 0.5698903 0.0167715 0.5246654 0.08743054 0.6542499 0.3097724 0.65425 0.08743054 0.604733 0.142532 0.6995136 0.2051232 0.6313955 0.3003355 0.6313955 0.3955478 0.6313955 0.2560457 0.6313955 0.349874 0.6313955 0.5110238 0.65425 0.361442 0.4848497 0.3704101 0.650499 0.3704101 0.6079592 0.5110238 0.6047331 0.3179222 0.65425 0.3704101 0.6313955 0.0005764622 0.6383324 0.0008823817 0.6365088 0.01750341 0.6365089 0.01750341 0.6383325 0.2106046 0.6383324 0.2106046 0.6365088 0.1939835 0.6365088 0.1939836 0.6383324 0.2033721 0.6383324 0.2033721 0.6365088 0.2201458 0.6365088 0.2201458 0.6383324 0.4132474 0.6383325 0.4132474 0.6365088 0.3966263 0.6365088 0.3966263 0.6383324 0.6000884 0.6365088 0.5905474 0.6383324 0.3974459 0.6365089 0.3974459 0.6383325 0.2165907 0.6383325 0.2165907 0.6365089 0.4096919 0.6383324 0.4096919 0.6365088 0.5997339 0.6365089 0.5909017 0.6383325 0.3978002 0.6383324 0.3978002 0.6365088 0.08743042 0.6383324 0.08743054 0.6365088 0.3097724 0.6383324 0.3097724 0.6365088 0.5110238 0.6383325 0.5110238 0.6365089 0.3179222 0.6383325 0.3179222 0.6365088 0.0008823817 0.6202374 0.0005764622 0.6176873 0.01750341 0.6176874 0.01750341 0.6202374 0.2106047 0.6202371 0.2106047 0.6176873 0.1939836 0.6176873 0.1939836 0.6202372 0.2033721 0.6202372 0.2033721 0.6176873 0.2201458 0.6176873 0.2201458 0.6202372 0.4132474 0.6202372 0.4132474 0.6176873 0.3966263 0.6176873 0.3966263 0.6202372 0.5905474 0.6176873 0.6000884 0.6202372 0.3974459 0.6176874 0.3974459 0.6202372 0.4096919 0.6202372 0.4096919 0.6176873 0.2165907 0.6202374 0.2165907 0.6176874 0.3978002 0.6202372 0.3978002 0.6176873 0.5997339 0.6176873 0.5997339 0.6202372 0.08743064 0.6202371 0.08743075 0.6176873 0.3097725 0.6202372 0.3097724 0.6176874 0.5110237 0.6202374 0.5110237 0.6176874 0.3179222 0.6202371 0.3179222 0.6176873 0.2291625 0.6055652 0.1114878 0.6047331 0.2291625 0.650499 0.2291625 0.6079592 0.3045891 0.604733 0.1114878 0.6542501 0.2291625 0.6313955 0.304589 0.6383324 0.304589 0.6365088 0.1114878 0.6383325 0.1114878 0.6365089 0.3045891 0.6202372 0.3045891 0.6176873 0.1114878 0.6202372 0.1114878 0.6176873 0.2366824 0.650499 0.2366824 0.6079592 0.3339887 0.604733 0.2366824 0.6528928 0.2366824 0.6313955 0.3339887 0.6365088 0.1408874 0.6383325 0.3339887 0.6176873 0.1408874 0.6202372 0.3339887 0.65425 0.1408874 0.6047332 0.3339887 0.6383324 0.1408874 0.6365089 0.3339888 0.6202372 0.1408874 0.6176874 0.287325 0.65425 0.1099102 0.604733 0.2560457 0.6264511 0.349874 0.6264511 0.1099102 0.65425 0.287325 0.604733 0.2051232 0.6264511 0.3003355 0.6264511 0.3955478 0.6264511 0.3704101 0.6264511 0.287325 0.6383324 0.287325 0.6365088 0.1099101 0.6383324 0.1099102 0.6365088 0.2873251 0.6202372 0.2873251 0.6176874 0.1099103 0.6202371 0.1099104 0.6176873 0.2291625 0.6264511 0.2366824 0.6264511 0.0159018 0.5246654 0.01590176 0.5698903 0.4859666 0.5246654 0.4859666 0.5698902 0.2106046 0.604733 0.2106047 0.6176873 0.2033721 0.604733 0.2033721 0.6176873 0.5905474 0.6365088 0.5905474 0.6202372 0.6000884 0.604733 0.6000884 0.6176873 0.3955478 0.6055652 0.2022599 0.6079592 0.2560457 0.6055652 0.2366823 0.6055652 0.3003355 0.6528928 0.349874 0.6528928 0.2560457 0.6528928 0.2051232 0.6528928 0.3955478 0.6528928 0.3984113 0.6264511 0.2022599 0.6264511 0.5997339 0.6383325 0.5997339 0.65425 0.2106046 0.65425 0.3704101 0.6055652 0.3704101 0.6528928 0.3966263 0.65425 0.5905474 0.65425 0.0005764622 0.6542499 0.2289957 0.5246655 0.2289957 0.5698904 0.5809056 0.5246654 0.5809056 0.5698902 0.1108407 0.5246654 0.1108407 0.5698904 0.9530929 0.8792133 0.9530929 0.4848496 0.5193988 0.4848496 0.1680915 0.4848497 0.1425316 0.5104096 0.142532 0.65962 0.142532 0.8536539 0.1680917 0.8792133 0.1680917 0.8792133 0.5193988 0.8792133 0.9530929 0.8792133 0.1680917 0.8792133 0.361442 0.8792133 0.5193988 0.8792133 0.2022599 0.6313955 0.3984113 0.6313955 0.3179222 0.604733 0.6000884 0.6383325 0.6000884 0.65425 0.3978002 0.65425 0.0008823817 0.65425 0.0008823817 0.6383325 0.2033721 0.65425 0.4132474 0.6383324 0.4132474 0.65425 0.5909017 0.6365089 0.5909017 0.6202374 0.5909017 0.604733 0.5909017 0.6176874 0.3966263 0.6176873 0.3966263 0.604733 0.3097724 0.604733 0.0008823817 0.6383325 0.01750341 0.6365089 0.2106046 0.6383324 0.1939836 0.6383324 0.2033721 0.6365088 0.2201458 0.6365088 0.4132474 0.6365088 0.3966263 0.6365088 0.3966263 0.6383325 0.2165907 0.6365089 0.3974459 0.6365089 0.08743042 0.6383324 0.3978002 0.6365088 0.6000884 0.6365088 0.287325 0.6383324 0.2033721 0.6383325 0.304589 0.6365088 0.2106046 0.6365088 0.2106046 0.6383325 0.5110238 0.6365089 0.5905474 0.6365088 0.4096919 0.6365088 0.5997339 0.6365089 0.3179222 0.6365088 0.1099101 0.6383324 0.3966263 0.6383324 0.3097724 0.6383325 0.5909017 0.6365089 0.0008823817 0.6176874 0.01750341 0.6176874 0.2106047 0.6176873 0.1939836 0.6176873 0.2033721 0.6176873 0.2201458 0.6176873 0.4132474 0.6176873 0.3966263 0.6176873 0.2165907 0.6202374 0.3974459 0.6202372 0.08743064 0.6176873 0.3978002 0.6202372 0.6000884 0.6202372 0.2873251 0.6202372 0.2033721 0.6202372 0.3045891 0.6202372 0.5110237 0.6202374 0.4132474 0.6202372 0.5905474 0.6202372 0.4096919 0.6202372 0.3179222 0.6202371 0.5997339 0.6202372 0.1099104 0.6176873 0.3966263 0.6202372 0.3097725 0.6202372 0.5909017 0.6202374 0.2201458 0.6202372 0.0008823817 0.6047331 0.0008823817 0.6176874 0.01750341 0.6202374 0.1114878 0.6202372 0.1114878 0.6365089 0.2291625 0.6528928 0.3339888 0.6202372 0.3339887 0.6365088 0.1408874 0.6542501 0.2106046 0.65425 0.304589 0.65425 0.1408874 0.6202372 0.1408874 0.6365089 0.2033721 0.6383325 0.2033721 0.65425 0.1434963 0.510409 0.1690555 0.4848496 0.3565675 0.4848496 0.415224 0.4848496 0.5662626 0.4848496 0.1434963 0.6596162 0.1434963 0.6995116 0.1434961 0.8536539 0.1690554 0.8792132 0.3565673 0.8792133 0.9530929 0.8792133 0.415224 0.8792133 0.3565673 0.8792133 0.5662626 0.8792133 0.415224 0.8792133 0.5886438 0.5246654 0.5886438 0.5698902 0.2033721 0.6365088 0.2033721 0.6202372 0.0005764622 0.6202371 0.0005764622 0.6365087 0.0005764622 0.6383324 0.0005764622 0.6176873 0.9530929 0.4848496 0.9530929 0.8792133 0.9530929 0.8792133 0.1690554 0.8792132  
			<TextureCoords1>: 386 0.7771088 0.622613 0.7933965 0.622613 0.9966042 0.5232114 0.02019406 0.7220147 0.7771089 0.7220146 0.7933965 0.7220145 0.9971113 0.7220147 0.02019405 0.6226129 0.02019391 0.6265194 0.9966041 0.4277161 0.7933964 0.6265193 0.7771087 0.6265193 0.7771087 0.5271177 0.7933964 0.5271177 0.02019392 0.5271176 0.9971112 0.6265194 0.3986515 0.7220147 0.3986513 0.6265194 0.3986515 0.622613 0.3986514 0.5271177 0.9679877 0.2594603 0.7813723 0.5232114 0.7723086 0.291048 0.00390625 0.5116942 0.003906348 0.3070269 0.01808035 0.9960938 0.7861655 0.9877276 0.7928895 0.3070269 0.9805992 0.9960836 0.02081417 0.2590088 0.8060998 0.9960938 0.8227213 0.9957216 0.004182833 0.04802805 0.02080277 0.04758662 0.7425062 0.2590089 0.7591259 0.2594603 0.3983979 0.5232112 0.3816488 0.047804 0.4037682 0.9923156 0.3816602 0.2590088 0.7813724 0.3070269 0.3983979 0.3070269 0.01542341 0.3070268 0.01542332 0.5116942 0.3983979 0.5116942 0.7813724 0.5116943 0.220504 0.7220147 0.5765454 0.3070269 0.5765454 0.5116943 0.5767987 0.5271177 0.2205039 0.6265194 0.2103459 0.2898815 0.5767989 0.622613 0.5597963 0.04790992 0.5831801 0.9905577 0.2035128 0.2590082 0.5809197 0.2590094 0.1823893 0.04768413 0.2030969 0.9942817 0.5979109 0.7220147 0.1991383 0.5116942 0.1993921 0.6226129 0.1991383 0.5232113 0.5979107 0.6265194 0.1993919 0.5271176 0.1991384 0.3070268 0.02567182 0.7220147 0.02567167 0.6265194 0.7722526 0.7220146 0.7722524 0.6265193 0.8004667 0.7220147 0.8004665 0.6265194 0.9942148 0.7220147 0.9942147 0.6265194 0.02264221 0.6226129 0.02264208 0.5271176 0.7751654 0.622613 0.7751653 0.5271177 0.7997547 0.5232112 0.7997546 0.427716 0.9947738 0.5232114 0.9947737 0.4277161 0.855231 0.2594603 0.876077 0.2318445 0.9097004 0.995921 0.7491108 0.1345896 0.7813723 0.3989376 0.3983979 0.3989376 0.0154234 0.3989376 0.5765454 0.3989377 0.1991383 0.3989376 0.1199087 0.9950964 0.6484215 0.2333251 0.1165354 0.3070267 0.1165353 0.5116943 0.6535732 0.2590092 0.6739961 0.2916034 0.1165354 0.3989376 0.7633203 0.2357508 0.007564856 0.7432818 0.01762171 0.7308086 0.7828672 0.9657074 0.9842754 0.2357509 0.02069641 0.9524152 0.01016568 0.9406819 0.9679877 0.2357509 0.783675 0.2652302 0.7955472 0.9446285 0.7839853 0.9562186 0.7692269 0.2690015 0.01784642 0.9722163 0.7839732 0.7284372 0.7955528 0.7400905 0.9679877 0.2081351 0.4015473 0.9577847 0.3899947 0.2667267 0.399492 0.7263397 0.4035342 0.968438 0.5829413 0.9666773 0.2205781 0.7259209 0.2104447 0.2659853 0.2235432 0.957884 0.5998415 0.7272907 0.202863 0.9704043 0.5908076 0.2675601 0.6008212 0.9571513 0.855231 0.2357509 0.005634378 0.8321364 0.8760769 0.2081351 0.7952684 0.8320853 0.1196748 0.971219 0.6825621 0.7277867 0.674072 0.2681696 0.6830951 0.9567722 0.02636598 0.7619153 0.9813554 0.9767979 0.02021801 0.2397189 0.03711347 0.7497154 0.03966112 0.933257 0.8057399 0.9767979 0.8220536 0.9764327 0.02809262 0.921356 0.7763952 0.9246196 0.00390625 0.02872956 0.02021829 0.02829635 0.7648817 0.9363308 0.7647557 0.7484372 0.7431023 0.2397189 0.759414 0.240162 0.7763411 0.760191 0.3816603 0.02851403 0.4015076 0.9378862 0.3816603 0.2397189 0.3994184 0.7463707 0.2235734 0.938006 0.5598078 0.02862 0.2205697 0.7459217 0.2035128 0.2397183 0.6007474 0.937234 0.182401 0.02839416 0.5809197 0.2397195 0.5997378 0.7473425 0.02406899 0.8344985 0.9098171 0.9766338 0.7761185 0.8341036 0.8743823 0.9385966 0.6738595 0.7478251 0.6538412 0.2397192 0.6744605 0.9368546 0.1094794 0.02835017 0.6846783 0.5232114 0.1070619 0.2590085 0.6846784 0.3070269 0.6846783 0.5116943 0.6562471 0.04796755 0.6920387 0.9893165 0.6846784 0.3989376 0.1014603 0.2655347 0.1160256 0.9564876 0.6918676 0.9658681 0.1127516 0.7271069 0.1266807 0.9371387 0.6565732 0.02867782 0.1233188 0.7464945 0.1067472 0.2397186 0.6544312 0.3070269 0.6544311 0.5116943 0.6292676 0.04795146 0.6544312 0.2955098 0.6544312 0.3989376 0.1323614 0.2638928 0.6613521 0.965943 0.6295058 0.02866167 0.1332259 0.2372316 0.1318469 0.2895569 0.1340414 0.2590084 0.1319457 0.2656608 0.6609323 0.9641742 0.6300961 0.02617657 0.1338147 0.2397185 0.8522885 0.2318445 0.8913503 0.9958789 0.5765454 0.4227262 0.1991383 0.422726 0.8790196 0.2594603 0.892805 0.9578839 0.7813724 0.4227261 0.3983979 0.4227261 0.01542336 0.422726 0.1165354 0.422726 0.8522884 0.2081351 0.7952654 0.8558377 0.8790196 0.2357509 0.005711456 0.8557709 0.7761546 0.8532711 0.8928979 0.9385966 0.02428102 0.852329 0.8913015 0.9765914 0.6846783 0.4227261 0.6544312 0.4227262 0.00390625 0.6265194 0.003906393 0.7220147 0.00390625 0.5271177 0.003906372 0.622613 0.7424947 0.04801917 0.7431023 0.02872956 0.9614341 0.957884 0.962146 0.9385967 0.4015473 0.9577847 0.4015076 0.9378862 0.3816488 0.047804 0.3816603 0.02851403 0.01542331 0.5232113 0.7928895 0.5116943 0.5765454 0.5232114 0.6544311 0.5232114 0.3983979 0.2955098 0.1991384 0.2955097 0.5765454 0.2955098 0.7813724 0.2955098 0.01542341 0.2955097 0.003906297 0.4227261 0.7928895 0.4227261 0.202863 0.9704043 0.2030969 0.9942817 0.9842754 0.2594603 0.1165353 0.5232114 0.1165354 0.2955096 0.9679877 0.2318445 0.3898962 0.2906235 0.7633203 0.2594603 0.02019391 0.6265194 0.02019406 0.7220147 0.7973028 0.6265194 0.797303 0.7220147 0.7967957 0.427716 0.7967958 0.5232112 0.3765085 0.05193436 0.3765085 0.2333251 0.5757681 0.2333251 0.7373546 0.2333251 0.7491108 0.2215688 0.7491108 0.1529397 0.7491108 0.06369054 0.7373545 0.0519343 0.5809197 0.2590094 0.5809197 0.2590094 0.3816602 0.2590088 0.7425062 0.2590089 0.6535732 0.2590092 0.6535732 0.2590092 0.7928895 0.3989376 0.003906325 0.3989376 0.1097358 0.04764026 0.3899947 0.2667267 0.3898962 0.2906235 0.5907379 0.2914517 0.8018336 0.9845979 0.7972778 0.9617903 0.7880024 0.2880753 0.9842753 0.208135 0.9842753 0.2318445 0.5998415 0.7272907 0.5997378 0.7473425 0.5809197 0.2590094 0.5809197 0.2397195 0.8028437 0.9385967 0.8035557 0.957884 0.8744548 0.957884 0.005932473 0.7420934 0.7821322 0.9640058 0.01917436 0.9538276 0.008598394 0.9419034 0.7832155 0.2633665 0.7685094 0.2672936 0.01890232 0.9704365 0.004962118 0.9617903 0.00390625 0.96357 0.5829242 0.9649083 0.4035169 0.9666688 0.00390625 0.8319871 0.5908174 0.2657903 0.3900021 0.2649571 0.7970085 0.8559805 0.797287 0.9457546 0.1020346 0.2637674 0.005086317 0.2633665 0.004004974 0.2651318 0.12014 0.969445 0.3900021 0.2649571 0.210452 0.2642156 0.2028456 0.968635 0.6735976 0.2663727 0.004027748 0.8559805 0.7972977 0.7389594 0.7970091 0.8319731 0.2028456 0.968635 0.0286943 0.763774 0.03920145 0.751592 0.04156629 0.9308901 0.03030954 0.9194477 0.7743453 0.9224937 0.7628105 0.9342265 0.7626773 0.7505565 0.7742841 0.762332 0.2035128 0.2372314 0.3816603 0.237232 0.02643816 0.8347056 0.1824026 0.02590871 0.3816618 0.02602857 0.8931109 0.9361683 0.9637836 0.9361683 0.6573922 0.02619284 0.6545374 0.2372323 0.7446507 0.237232 0.3816618 0.02602857 0.5598093 0.02613455 0.1087848 0.0258643 0.5809197 0.2372326 0.02657834 0.8520212 0.801204 0.9361683 0.8742142 0.9361683 0.5809197 0.2372326 0.0186714 0.02580994 0.00419456 0.2594603 0.00390625 0.240162 0.01866963 0.237232 0.1059297 0.2372317 0.6912907 0.9640785 0.6846784 0.2955098 0.1535681 0.9376197 0.1461646 0.9573666 0.6616421 0.9897633 0.00390625 0.2890279 0.1013615 0.2894309 0.1502695 0.7461371 0.1428933 0.7262831 0.7633203 0.2081351 0.7633204 0.2318445 0.00390625 0.2215689 0.01566262 0.2333251 0.1019107 0.2333251 0.1288903 0.2333251 0.1983619 0.2333251 0.003906256 0.1529397 0.00390625 0.1345896 0.00390626 0.06369048 0.01566241 0.0519343 0.01566241 0.0519343 0.1340414 0.2590084 0.1340414 0.2590084 0.1070619 0.2590085 0.2035128 0.2590082 0.2035128 0.2590082 0.7771087 0.6265193 0.7771089 0.7220146 0.7955472 0.9446285 0.7763952 0.9246196 0.02636598 0.7619153 0.007564856 0.7432818 0.005932473 0.7420934 0.0286943 0.763774 0.3765085 0.2333251 0.3765085 0.05193436 0.3765085 0.05193436 0.01566241 0.0519343  
			<Normals>: 386 0.3826815 0 0.9238803 0.9238803 0 0.3826815 0.9238803 0 -0.3826815 0.3826815 0 -0.9238803 -0.3826815 0 -0.9238803 -0.9238803 0 -0.3826815 -0.9238803 0 0.3826815 -0.3826815 0 0.9238803 0.3826815 0 -0.9238803 0.9238803 0 -0.3826815 -0.9238803 0 -0.3826815 -0.3826815 0 -0.9238803 0.3826815 0 0.9238803 0.9238803 0 0.3826815 -0.3826815 0 0.9238803 -0.9238803 0 0.3826815 0 0 -1 0 0 -1 0 0 1 0 0 1 0.9238803 0 -0.3826815 0 -1 0 -0.3826815 0 -0.9238803 0 -1 0 0 -1 0 -0.3826815 0 0.9238803 0.3826815 0 0.9238803 0 -1 0 -0.925893 0.03204521 -0.3764244 -0.3781618 0.0353716 -0.9250635 -0.3781618 0.0353716 0.9250635 -0.925893 0.03204521 0.3764244 0.925893 0.03204521 0.3764244 0.3781618 0.0353716 0.9250635 0.3781618 0.0353716 -0.9250635 0.925893 0.03204521 -0.3764244 0 -1 0 0 0.02560523 0.9996722 0 0 1 0 0.02560523 -0.9996722 0 -1 0 0 -1 0 0 -1 0 0 -1 0 0 -1 0 0 -1 0 0 0 -1 0 -1 0 0 -1 0 0 0 1 0 0 -1 0 0 -1 0 0 1 0 0.02560523 0.9996722 0 0 1 0 0.02560523 -0.9996722 0 0.02560523 -0.9996722 0 0.02560523 0.9996722 0 0 1 0 0 -1 0 -1 0 0 0 1 0 -1 0 0 0 -1 0 0 1 0 -1 0 0 0 -1 0 0 -1 0 0 -1 0 0 -1 -1 0 0 -1 0 0 -1 0 0 -1 0 0 0 0 1 0 0 1 0 0 1 0 0 1 1 0 0 1 0 0 1 0 0 1 0 0 1 0 0 -1 0 0 -0.999808 0.01959331 0 0 1 0 0 -1 0 0 -1 0 0 -1 0 0 -1 0 0 -1 0 0 0 1 0 1 0 0 -1 0 0 -1 0 0 0.02560523 -0.9996722 0 0 -1 0 -1 0 0.8511677 0.3673368 0.3749362 0.4404838 0.8880177 0.1319041 0.134529 0.8925061 0.4305051 0.3719946 0.3703771 0.8511409 0.3720627 0.370201 -0.8511877 0.1345596 0.8923541 -0.4308106 0.440515 0.8879885 -0.1319958 0.8512132 0.3672384 -0.3749293 -0.8512132 0.3672384 -0.3749293 -0.440515 0.8879885 -0.1319958 -0.1345596 0.8923541 -0.4308106 -0.3720627 0.370201 -0.8511877 -0.3719946 0.3703771 0.8511409 -0.134529 0.8925061 0.4305051 -0.4405084 0.8880057 0.1319023 -0.8511677 0.3673368 0.3749362 0 0.9051731 -0.4250429 0 0.3394975 -0.940607 0 0.9053182 0.4247341 0 0.3397967 0.9404989 0 0.3397967 0.9404989 0 0.9053182 0.4247341 0 0.3394975 -0.940607 0 0.9051731 -0.4250429 0 0.9053182 0.4247341 0 0.3397967 0.9404989 0 0.3394975 -0.940607 0 0.9051731 -0.4250429 0.9447678 0.3277405 0 0.4363034 0.8997995 0 -0.9447678 0.3277405 0 -0.4363034 0.8997995 0 0 0.3397967 0.9404989 0 0.9053182 0.4247341 0 0.3394975 -0.940607 0 0.9051731 -0.4250429 -0.2481219 0.9610834 -0.1214668 -0.8439094 0.4412427 -0.3051588 -0.3078467 0.4528128 -0.8367742 -0.1179881 0.9620028 -0.2462307 -0.1180783 0.9619612 0.2463499 -0.3078457 0.4525366 0.836924 -0.8439164 0.4411853 0.3052223 -0.2482152 0.9610593 0.1214676 0.2482152 0.9610593 0.1214676 0.8439164 0.4411853 0.3052223 0.3078457 0.4525366 0.836924 0.1180783 0.9619612 0.2463499 0.1179881 0.9620028 -0.2462307 0.3078467 0.4528128 -0.8367742 0.8439094 0.4412427 -0.3051588 0.2481219 0.9610834 -0.1214668 0 0.3586273 0.9334809 0 0.9083796 0.4181464 0 0.3589341 -0.933363 0 0.9085222 -0.4178366 0 0.9083796 0.4181464 0 0.3586273 0.9334809 0 0.9085222 -0.4178366 0 0.3589341 -0.933363 0 0.9083796 0.4181464 0 0.3586273 0.9334809 0 0.3589341 -0.933363 0 0.9085222 -0.4178366 -0.4307804 0.9024568 0 -0.9394347 0.342728 0 0.4307804 0.9024568 0 0.9394347 0.342728 0 0 0.9085222 -0.4178366 0 0.3589341 -0.933363 0 0.9083796 0.4181464 0 0.3586273 0.9334809 0 -1 0 0 0.02560523 -0.9996722 0 -1 0 0 -1 0 0 0.02560523 0.9996722 0 0 1 0 -1 0 0 0.3394975 -0.940607 0 0.9051731 -0.4250429 0 0.3397967 0.9404989 0 0.9053182 0.4247341 0 0.9083796 0.4181464 0 0.3586273 0.9334809 0 0.9085222 -0.4178366 0 0.3589341 -0.933363 0 -1 0 0 -1 0 0 0.02560523 0.9996722 0 -1 0 0 -1 0 0 0.9051731 -0.4250429 0 0.3397967 0.9404989 0 0.3586273 0.9334809 0 0.9085222 -0.4178366 0 0 -1 0 0.02560523 -0.9996722 0 0.3394975 -0.940607 0 0.9053182 0.4247341 0 0.9083796 0.4181464 0 0.3589341 -0.933363 -1 0 0 -0.999808 0.01959331 0 0 -1 0 0 -1 0 1 0 0 0.999808 0.01959331 0 0 -1 0 0 -1 0 0 -1 0 0 -1 0 -0.9447678 0.3277405 0 -0.4362788 0.8998116 0 0.9447678 0.3277405 0 0.4363034 0.8997995 0 0.4307804 0.9024568 0 0.9394347 0.342728 0 -0.4307804 0.9024568 0 -0.9394347 0.342728 0 0 -1 0 0 -1 0 0.9238803 0 -0.3826815 0.9238803 0 -0.3826815 -0.9238803 0 0.3826815 -0.9238803 0 0.3826815 -0.3781618 0.0353716 0.9250635 -0.3078457 0.4525366 0.836924 0.925893 0.03204521 0.3764244 0.8439164 0.4411853 0.3052223 0 0.9051731 -0.4250429 0 0.9083796 0.4181464 0 0.02560523 0.9996722 0 0.3586273 0.9334809 0 -1 0 0 -1 0 0 -1 0 0 -1 0 0 -1 0 0 -1 0 0 -1 0 0 -1 0 0 -1 0 0 -1 0 0 -1 0 0 0.3397967 0.9404989 0 0 1 0.3826815 0 -0.9238803 0 -1 0 0 -1 0 -0.9238803 0 0.3826815 0 0 -1 0.9238803 0 0.3826815 0.3826815 0 -0.9238803 0.3826815 0 -0.9238803 -0.9238803 0 -0.3826815 -0.9238803 0 -0.3826815 0.9238803 0 0.3826815 0.9238803 0 0.3826815 0 1 0 0 1 0 0 1 0 0 1 0 0 1 0 0 1 0 0 1 0 0 1 0 0 1 0 0 1 0 0 1 0 0 1 0 0 1 0 0 1 0 0 -1 0 0 -1 0 0 0.02560523 0.9996722 0 0.3394975 -0.940607 0 0 -1 0 0 -1 0.9238803 0 0.3826815 0.8511677 0.3673368 0.3749362 -0.9238803 0 -0.3826815 -0.3719946 0.3703771 0.8511409 -0.3826815 0 0.9238803 0 0.9053182 0.4247341 0 0.9085222 -0.4178366 0 0.02560523 -0.9996722 0 0.3589341 -0.933363 0.8439094 0.4412427 -0.3051588 0.925893 0.03204521 -0.3764244 0.999808 0.01959331 0 0.8511677 0.3673368 0.3749362 0.134529 0.8925061 0.4305051 0.3720627 0.370201 -0.8511877 0.8512132 0.3672384 -0.3749293 -0.440515 0.8879885 -0.1319958 -0.1345596 0.8923541 -0.4308106 -0.134529 0.8925061 0.4305051 -0.4405084 0.8880057 0.1319023 -0.8511677 0.3673368 0.3749362 0 0.9053182 0.4247341 0 0.9053182 0.4247341 0.9447678 0.3277405 0 0 0.9051731 -0.4250429 0 0.9051731 -0.4250429 -0.9447678 0.3277405 0 -0.8512132 0.3672384 -0.3749293 0 0.9051731 -0.4250429 0.1345596 0.8923541 -0.4308106 0.3720627 0.370201 -0.8511877 0 0.9053182 0.4247341 0 0.9051731 -0.4250429 0 0.9051731 -0.4250429 0 0.9053182 0.4247341 0 0.9051731 -0.4250429 0.9447678 0.3277405 0 -0.8511677 0.3673368 0.3749362 -0.9447678 0.3277405 0 0 0.9053182 0.4247341 -0.8439094 0.4412427 -0.3051588 -0.3078467 0.4528128 -0.8367742 -0.3078457 0.4525366 0.836924 -0.8439164 0.4411853 0.3052223 0.8439164 0.4411853 0.3052223 0.3078457 0.4525366 0.836924 0.3078467 0.4528128 -0.8367742 0.8439094 0.4412427 -0.3051588 0 0.9085222 -0.4178366 0 0.9085222 -0.4178366 -0.9394347 0.342728 0 0 0.9083796 0.4181464 0 0.9083796 0.4181464 0.4307804 0.9024568 0 0.2482152 0.9610593 0.1214676 0 0.9083796 0.4181464 0 0.9085222 -0.4178366 0.1179881 0.9620028 -0.2462307 0 0.9083796 0.4181464 0 0.9083796 0.4181464 0 0.9083796 0.4181464 0 0.9085222 -0.4178366 -0.9394347 0.342728 0 0.2481219 0.9610834 -0.1214668 0.4307804 0.9024568 0 0 0.9085222 -0.4178366 0.1180783 0.9619612 0.2463499 -0.925893 0.03204521 -0.3764244 -0.8439094 0.4412427 -0.3051588 -0.1179881 0.9620028 -0.2462307 0 0.9085222 -0.4178366 0 0.9053182 0.4247341 0 -1 0 0 0.9083796 0.4181464 0 0.9051731 -0.4250429 0 0 1 0.3826815 0 -0.9238803 0 0 -1 0 0.9085222 -0.4178366 0 0.9053182 0.4247341 -0.8512132 0.3672384 -0.3749293 -0.9238803 0 -0.3826815 0 1 0 0 1 0 0 1 0 0 1 0 0 1 0 0 1 0 0 1 0 0 1 0 0 1 0 0 1 0 0 1 0 0 1 0 0 1 0 0 1 0 0 1 0 -0.3826815 0 -0.9238803 -0.3826815 0 -0.9238803 -0.440515 0.8879885 -0.1319958 0.2482152 0.9610593 0.1214676 -0.2481219 0.9610834 -0.1214668 0.4404838 0.8880177 0.1319041 0.8511677 0.3673368 0.3749362 -0.8439094 0.4412427 -0.3051588 0 1 0 0 1 0 0 1 0 0 1 0  
			<Tangents>: 386 -0.9238803 2.66511E-08 0.3826815 -0.3826815 3.342587E-08 0.9238803 0.3826815 0 0.9238803 0.9238803 0 0.3826815 -0.9238803 0 0.3826815 0.3826815 0 -0.9238803 -0.3826815 0 -0.9238803 -0.9238803 -1.090656E-05 -0.3826815 0.9238803 0 0.3826815 0.3826815 0 0.9238803 0.3826815 0 -0.9238803 -0.9238803 0 0.3826815 -0.9238803 0 0.3826815 -0.3826815 3.594863E-09 0.9238803 -0.9238803 -1.172965E-06 -0.3826815 -0.3826815 0 -0.9238803 -1 -1.124998E-06 0 -1 -1.144171E-06 0 -1 -5.476643E-07 0 -1 -5.002242E-07 0 -0.3826815 2.468568E-07 -0.9238803 -1 0 -3.642876E-08 0.9238803 1.023343E-06 -0.3826815 -1 0 1.231921E-06 -1 0 1.296267E-06 0.9238803 0 0.3826815 -0.9238803 5.468627E-07 0.3826815 -1 0 -1.247861E-06 0.3761992 -0.01302029 -0.9264473 -0.9257309 -0.01014291 0.3780468 -0.9253421 0.01483242 -0.3788429 -0.3763428 0.008772723 -0.926439 0.3769847 -0.01351271 -0.9261209 0.9257314 -0.01025518 -0.3780426 0.9257315 -0.01028915 0.3780414 0.3769847 -0.0135117 0.9261209 -1 0 0 -1 0 0 -1 4.246523E-07 0 -1 7.905544E-07 2.024897E-08 -1 0 -1.379608E-07 -1 0 0 -1 0 1.325596E-07 -1 0 1.249627E-07 -1 0 0 -1 0 -1.291171E-08 -1 0 0 -1 0 0 -1 0 0 -1 0 0 -1 -2.114138E-07 0 -1 2.730776E-07 0 -1 0 0 -1 0 0 -1 -1.332322E-08 0 -1 7.537177E-07 1.930545E-08 -1 8.768906E-07 2.246035E-08 1 0 0 1 -8.83552E-07 0 -1 -6.970157E-07 0 -1 0 0 -1 -6.694444E-07 0 -1 0 0 -1 -5.053236E-07 0 -1 -6.21828E-07 0 -1 0 0 -1 0 0 -1 0 0 -1 -1.053518E-06 0 -1 -1.053518E-06 0 0 -7.581672E-08 -1 0 -7.581676E-08 -1 0 -7.591974E-08 -1 0 -7.591974E-08 -1 -1 0 0 -1 0 0 -1 0 0 -1 0 0 0 1.346849E-06 1 0 9.782786E-07 1 0 4.465258E-07 1 0 7.584077E-08 1 0 6.924652E-07 -1 0 6.453631E-08 1 0 0 -1 1 0 -2.357141E-06 -1 0 -7.332904E-08 -1 0 0 -1 0 1.306037E-07 -1 0 0 -1 0 0 1 0 0 1 0 5.977635E-08 -1 0 0 -1 0 0 1 -2.171955E-07 -5.563164E-09 1 3.972667E-07 0 -1 0 0 0.3442462 0.1485655 -0.9270507 -0.6260822 0.1985503 0.754055 -0.9762347 0.04488172 0.2120177 -0.9271985 0.1049457 0.3595683 -0.885529 -0.1333016 -0.4450496 -0.9737577 0.03854774 -0.2242987 -0.2139782 -0.0389369 -0.9760621 -0.3636572 -0.102369 -0.9258909 0.4465176 0.1313559 -0.8850806 -0.05865948 0.1182453 0.9912503 0.9770872 0.0471333 -0.207555 0.9272242 0.1060342 -0.3591823 0.9282216 0.1435264 0.343227 0.9773121 0.04778057 0.2063446 0.1984852 -0.04695365 0.9789786 0.3631443 -0.1036521 0.9259495 1 0 0 -1 -3.957842E-07 -1.428522E-07 -1 -2.082033E-07 4.437841E-07 -1 3.872948E-07 -1.399273E-07 -1 -2.600061E-08 9.393865E-09 -1 0 0 -1 2.231401E-07 8.053895E-08 -1 0 0 -1 0 0 1 -8.538474E-07 3.084901E-07 1 3.145308E-07 1.13525E-07 1 0 0 -9.907541E-08 2.856018E-07 -1 -7.676383E-08 3.722197E-08 -1 -1.821564E-08 -5.250969E-08 1 2.295509E-07 1.113068E-07 1 1 -5.863503E-08 2.118449E-08 1 2.997553E-07 -6.389266E-07 1 4.726407E-07 1.705923E-07 1 1.9761E-07 4.208312E-07 -0.6876485 -0.08642059 0.7208822 0.2704251 -0.1413935 -0.9523015 -0.9504939 -0.1072382 0.2916529 -0.9892377 -0.09226121 0.1135632 -0.9896563 -0.0936465 -0.1086773 -0.8866638 0.1825577 -0.4248529 -0.2974041 0.08877211 -0.9506158 -0.1148019 0.09532415 -0.9888042 -0.03037504 -0.1176085 0.9925954 0.4170915 -0.1817565 -0.8905051 0.9505448 -0.1082148 -0.2911256 0.9894333 -0.092955 -0.1112706 0.9894986 -0.09304933 0.110609 0.9505578 -0.1085978 0.2909407 0.4170648 -0.1818013 0.8905084 0.1170342 0.09472986 0.9885997 -1 0 0 1 0 0 -1 6.882198E-07 2.646618E-07 -1 2.20358E-07 4.791351E-07 -1 0 0 -1 0 0 -1 1.16734E-08 2.538203E-08 -1 5.604832E-07 2.155395E-07 1 -3.225378E-08 7.0068E-08 1 -6.325492E-08 2.430145E-08 -1 7.180834E-07 2.761462E-07 -1 1.324747E-08 2.880462E-08 -6.49563E-08 -3.100636E-08 -1 -6.582674E-09 -1.804345E-08 -1 -2.124476E-08 1.014102E-08 1 -5.384138E-07 1.47582E-06 1 1 -1.937749E-07 -4.213341E-07 1 -5.324556E-07 -2.047612E-07 1 -3.967019E-07 8.617938E-07 1 8.321189E-08 -3.196857E-08 -1 0 0 -1 -1.589044E-06 -4.070119E-08 -1 0 0 -1 0 0 -1 0 0 -1 0 0 -1 0 0 -1 -7.664859E-07 -2.766512E-07 -1 2.49317E-07 5.309466E-07 -1 0 0 -1 0 0 -1 -2.203714E-07 4.78734E-07 -1 0 0 -1 5.074071E-08 1.10328E-07 -1 -1.078242E-06 -4.14649E-07 -1 0 0 -1 0 0 -1 0 0 -1 0 0 -1 0 0 -1 2.169377E-07 4.619914E-07 -1 -6.565788E-07 2.372181E-07 -1 0 0 -1 0 0 -1 -4.735479E-07 0 -1 -1.503899E-06 -3.85203E-08 -1 -4.928827E-07 -1.778984E-07 -1 0 0 -1 0 0 -1 -1.359779E-06 -5.229169E-07 0 -5.906277E-07 1 0 0 -1 -1 0 0 -1 0 0 0 3.266518E-07 -1 0 0 1 -1 0 -6.898035E-08 -1 0 0 -1 0 1.015627E-07 -1 0 0 -2.233039E-07 -6.437116E-07 1 4.048085E-07 1.962737E-07 1 2.04984E-08 -5.909015E-08 -1 4.993319E-07 -2.421208E-07 -1 3.296728E-07 -1.573666E-07 1 1.614214E-07 -4.424643E-07 1 3.378483E-07 1.612691E-07 -1 0 0 -1 -1 0 0 -1 0 0 0.3826815 0 0.9238803 0.3826815 0 0.9238803 -0.3826815 0 -0.9238803 -0.3826815 -1.119661E-05 -0.9238803 -0.9257395 -0.01444919 -0.3778856 -0.9514363 -0.1464222 -0.2707942 -0.3761991 -0.01302257 0.9264473 -0.2704887 -0.1414091 0.9522811 -1 0 0 -1 0 0 1 0 0 1 0 0 -1 0 3.492567E-08 -1 0 -3.940143E-08 -1 0 0 -1 0 0 -1 0 0 -1 0 0 -1 0 0 -1 0 -7.285751E-08 -1 0 6.985135E-08 -1 0 9.918248E-07 -1 0 -6.062199E-07 -1 -4.650453E-07 1.680181E-07 -1 -7.058061E-07 0 -0.9238803 -4.960593E-07 -0.3826815 -1 0 0 -1 0 0 0.3826815 -1.025927E-06 0.9238803 -1 -4.563844E-07 0 0.3826815 -1.758146E-07 -0.9238803 -0.9238803 0 -0.3826815 -0.9238803 0 -0.3826815 0.3826815 0 -0.9238803 0.3826815 0 -0.9238803 -0.3826815 0 0.9238803 -0.3826815 0 0.9238803 1 0 9.116957E-07 1 0 0 1 0 2.046624E-07 1 0 4.654313E-06 1 0 9.636761E-06 1 0 7.319656E-06 1 0 -4.70416E-07 1 0 5.698172E-08 1 0 0 1 0 0 1 0 0 1 0 0 1 0 0 1 0 0 -1 0 -6.481318E-07 -1 0 1.296267E-06 1 0 0 1 5.285851E-08 1.907846E-08 1 0 0 1 2.953439E-07 0 -0.3826815 5.900024E-06 0.9238803 -0.4465609 0.1313744 0.885056 0.3826815 0 -0.9238803 0.8855136 -0.1333781 0.4450573 0.9238803 0 0.3826815 1 0 0 1 0 0 1 -1.731265E-06 -4.434397E-08 1 -2.019361E-06 -7.765655E-07 0.2704249 0.1413939 0.9523015 0.3761992 0.01302028 0.9264473 -3.21108E-08 1.638551E-06 1 -0.4465613 0.131376 0.8850555 -0.988346 0.0896244 0.1230436 -0.8855292 -0.133301 -0.4450494 -0.3722465 -0.08112364 -0.9245818 0.6260857 0.1985012 -0.754065 0.9880905 0.08808483 -0.1261674 0.9881381 0.0883593 0.1256014 0.6260657 0.1985621 0.7540655 0.4465591 0.1313684 0.8850578 -1 -8.2449E-08 1.757396E-07 -1 5.813586E-08 -1.239162E-07 -1.324524E-07 3.818167E-07 -1 1 7.464541E-08 1.589652E-07 1 1.101846E-07 2.346496E-07 1.931171E-08 5.56693E-08 1 -0.3442574 0.1485222 0.9270534 -1 -6.84764E-08 -1.458276E-07 -0.9909055 0.1211767 -0.05850225 -0.9282076 0.1483912 -0.3411901 1 -3.919387E-08 8.354151E-08 -1 0 0 -1 -8.681985E-08 -1.848919E-07 -1 1.101839E-07 -2.348563E-07 1 1.001908E-07 2.133667E-07 2.094979E-08 -6.039134E-08 -1 0.3442461 -0.1485655 0.9270507 2.332632E-09 6.724215E-09 1 1 0 0 -0.4170652 -0.1818022 0.8905081 -0.8865877 0.1826086 0.4249898 -0.9505921 -0.1092453 -0.2905858 -0.2901512 0.1031892 -0.9514012 0.4170914 -0.1817562 -0.8905051 0.8866639 0.1825575 -0.4248528 0.8865874 0.1826094 0.4249902 0.4170649 -0.1818014 0.8905084 -1 1.742519E-07 3.788843E-07 -1 2.04412E-07 4.444629E-07 -3.822306E-08 -1.047714E-07 -1 1 -1.697142E-07 3.686865E-07 1 0 0 1.054647E-06 -5.034273E-07 1 -0.03037503 -0.1176085 0.9925954 -1 0 0 1 -3.126825E-07 -6.798807E-07 0.993015 -0.1143035 0.02925587 -1 0 0 -1 0 0 1 3.052959E-07 -6.632236E-07 -1 1.661159E-07 3.611937E-07 0 0 -1 0.03036221 0.1176109 0.9925955 0 0 1 1 -5.920916E-07 -1.287413E-06 0.9930043 -0.1143869 -0.02929354 -0.3769847 -0.0135117 0.9261209 -0.4170652 -0.1818022 0.8905081 -0.993015 -0.114303 0.02925771 -1 5.371138E-08 1.167872E-07 -1 0 0 -1 0 0 -1 0 0 -1 0 0 -1 -8.340322E-07 0 -0.9238803 0 -0.3826815 -1 -5.923317E-07 0 -1 0 0 -1 0 0 -0.3442572 0.1485226 0.9270534 -0.3826815 9.081484E-08 0.9238803 -1 0 -1.898024E-08 -1 0 0 -1 0 0 -1 0 0 -1 0 0 -1 0 -1.561713E-07 -1 0 -1.48313E-07 -1 0 -1.345987E-07 -1 0 -9.49699E-08 1 0 0 1 0 0 1 0 0 1 0 0 1 0 0 1 0 0 0.9238803 0 -0.3826815 0.9238803 0 -0.3826815 0.6260856 0.1985011 -0.7540651 0.6876276 -0.08648188 -0.7208947 0.03036279 -0.1176108 -0.9925955 0.0586133 0.1181658 -0.9912625 0.3442462 0.1485655 -0.9270507 0.2704252 -0.1413934 -0.9523015 -1 0 1.05658E-07 -1 0 7.822737E-08 1 0 0 1 0 0  
			<BiTangents>: 386 2.462243E-08 1 -1.019889E-08 1.279146E-08 1 -3.088151E-08 0 1 0 0 1 0 0 1 0 0 1 0 0 1 0 -1.007636E-05 1 -4.17374E-06 0 1 0 0 1 0 0 1 0 0 1 0 0 1 0 1.375688E-09 1 -3.321223E-09 -1.08368E-06 1 -4.488721E-07 0 1 0 -1.124998E-06 1 0 -1.144171E-06 1 0 -5.476643E-07 1 0 -5.002242E-07 1 0 9.446754E-08 1 2.280661E-07 3.642876E-08 0 -1 -9.454463E-07 1 3.916144E-07 -1.231921E-06 0 -1 -1.296267E-06 0 -1 0 1 0 5.052357E-07 1 -2.092743E-07 1.247861E-06 0 -1 -0.03458935 -0.9994016 1.22396E-08 -0.003989278 -0.9993228 -0.03658025 -0.02712121 -0.9992642 0.02712178 -0.0329902 -0.9994479 0.00393738 0.02459123 -0.9993951 0.02459188 0.003885284 -0.9993216 0.03662272 0.003853814 -0.9993213 -0.03663557 0.02459161 -0.9993951 -0.02459094 0 0 -1 0 -0.9996722 0.02560523 4.246523E-07 1 0 -7.908137E-07 -0.9996722 -0.02560523 1.379608E-07 0 -1 0 0 -1 -1.325596E-07 0 -1 -1.249627E-07 0 -1 0 0 -1 1.291171E-08 0 -1 0 1 0 0 0 -1 0 0 -1 0 1 0 -2.114138E-07 1 0 2.730776E-07 1 0 0 1 0 0 -0.9996722 0.02560523 -1.332322E-08 1 0 -7.539649E-07 -0.9996722 -0.02560523 -8.771782E-07 -0.9996722 -0.02560523 0 -0.9996722 0.02560523 8.83552E-07 1 0 -6.970157E-07 1 0 0 0 -1 -6.694444E-07 1 0 0 0 -1 -5.053236E-07 1 0 -6.21828E-07 1 0 0 0 -1 0 1 0 0 1 0 -1.053518E-06 1 0 -1.053518E-06 1 0 0 1 -7.581672E-08 0 1 -7.581676E-08 0 1 -7.591974E-08 0 1 -7.591974E-08 0 1 0 0 1 0 0 1 0 0 1 0 0 1 -1.346849E-06 0 1 -9.782786E-07 0 1 -4.465258E-07 0 1 -7.584077E-08 0 1 6.924652E-07 0 1 -6.453631E-08 -0.01959331 -0.999808 0 -2.357141E-06 0 -1 7.332904E-08 0 -1 0 0 -1 -1.306037E-07 0 -1 0 0 -1 0 0 -1 0 1 0 5.977635E-08 0 -1 0 0 -1 0 0 -1 -2.172667E-07 -0.9996722 -0.02560523 -3.972667E-07 1 0 0 0 -1 -0.3962424 0.918146 -1.364472E-07 -0.6434245 0.4147318 -0.6434302 -0.1699053 0.4487966 -0.8773334 -0.04385225 0.9229341 -0.3824523 -0.2782225 0.9193377 0.2782272 -0.1835471 0.4496867 0.8741238 -0.8718715 0.4582143 0.1728579 -0.3784039 0.9244763 0.04641109 0.2757865 0.9208049 0.2757903 0.8958268 0.4444035 9.860313E-08 0.1649071 0.448868 0.8782501 0.04271467 0.9228802 0.3827107 0.00496225 0.917726 -0.397183 0.163594 0.4484972 -0.8786849 0.8755318 0.457429 -0.1555725 0.3789982 0.9242943 -0.04517091 0 0.4250429 0.9051732 -4.207753E-07 0.940607 0.3394975 -4.901969E-07 0.4247341 -0.9053182 4.117972E-07 0.9404989 -0.3397967 -2.764555E-08 0.9404989 -0.3397967 0 0.4247341 -0.9053182 2.372299E-07 0.940607 0.3394975 0 0.4250429 0.9051732 0 0.4247341 -0.9053182 9.078665E-07 0.9404989 -0.3397967 -3.343914E-07 0.940607 0.3394975 0 0.4250429 0.9051732 -0.3277405 0.9447678 3.022984E-07 -0.8997996 0.4363035 8.531214E-08 0.3277405 0.9447678 5.557946E-08 0.8997996 0.4363035 -2.551134E-07 6.234461E-08 0.9404989 -0.3397967 -7.057482E-07 0.4247341 -0.9053182 -5.024849E-07 0.940607 0.3394975 -4.649179E-07 0.4250429 0.9051732 -0.6823307 -0.2623931 -0.6823304 -0.4633435 -0.8861788 1.894336E-07 -0.04232997 -0.8851331 -0.4634087 -0.08653053 -0.2569798 -0.9625351 -0.08147349 -0.2566342 0.9630685 -0.3450484 -0.8728594 0.3450482 -0.4464929 -0.8930146 0.05629408 -0.9618782 -0.2593809 0.08667056 0.9682286 -0.2500668 1.885025E-08 0.3374016 -0.8788174 0.3374019 0.04117743 -0.8851554 0.4634697 0.08413851 -0.2568855 0.9627724 0.08349457 -0.2566955 -0.9628791 0.0408698 -0.8849673 -0.4638561 0.3374521 -0.8787794 -0.3374506 0.9616333 -0.259509 -0.08897511 0 -0.9334809 0.3586273 0 -0.4181464 0.9083797 -7.37355E-07 -0.933363 -0.3589341 -5.273785E-07 -0.4178366 -0.9085222 0 -0.4181464 0.9083797 0 -0.9334809 0.3586273 -2.793771E-08 -0.4178366 -0.9085222 -6.004987E-07 -0.933363 -0.3589341 -7.713516E-08 -0.4181464 0.9083797 -6.776242E-08 -0.9334809 0.3586273 -7.693507E-07 -0.933363 -0.3589341 -3.170491E-08 -0.4178366 -0.9085222 -0.9024568 -0.4307804 7.197718E-08 -0.342728 -0.9394347 1.920671E-08 0.9024568 -0.4307804 2.354103E-08 0.342728 -0.9394347 1.570966E-06 -4.637577E-07 -0.4178366 -0.9085222 -5.704701E-07 -0.933363 -0.3589341 -9.487154E-07 -0.4181464 0.9083797 8.914151E-08 -0.9334809 0.3586273 0 0 -1 1.589566E-06 -0.9996722 -0.02560523 0 0 -1 0 0 -1 0 -0.9996722 0.02560523 0 1 0 0 0 -1 -8.148843E-07 0.940607 0.3394975 5.865691E-07 0.4250429 0.9051732 0 0.9404989 -0.3397967 0 0.4247341 -0.9053182 5.270198E-07 -0.4181464 0.9083797 0 -0.9334809 0.3586273 -1.214367E-07 -0.4178366 -0.9085222 1.155223E-06 -0.933363 -0.3589341 0 0 -1 0 0 -1 0 -0.9996722 0.02560523 0 0 -1 0 0 -1 5.103901E-07 0.4250429 0.9051732 -6.981176E-07 0.9404989 -0.3397967 0 -0.9334809 0.3586273 0 -0.4178366 -0.9085222 -4.735479E-07 1 0 1.504392E-06 -0.9996722 -0.02560523 -5.24005E-07 0.940607 0.3394975 0 0.4247341 -0.9053182 0 -0.4181464 0.9083797 1.45686E-06 -0.933363 -0.3589341 0 1 5.906277E-07 -0.01959331 -0.999808 0 0 0 -1 0 0 -1 0 1 3.266518E-07 0.01959331 -0.999808 0 6.898035E-08 0 -1 0 0 -1 -1.015627E-07 0 -1 0 0 -1 0.3277405 0.9447678 6.813437E-07 0.8998115 0.4362787 -4.498814E-07 -0.3277405 0.9447678 -6.254463E-08 -0.8997996 0.4363035 -5.549368E-07 0.9024568 -0.4307804 -3.653059E-07 0.342728 -0.9394347 -4.7099E-07 -0.9024568 -0.4307804 -3.74365E-07 -0.342728 -0.9394347 0 0 0 -1 0 0 -1 0 1 0 0 1 0 0 1 0 -4.284737E-06 1 -1.034433E-05 -2.25471E-10 -0.9992698 0.03820902 -5.327851E-09 -0.8796427 0.4756351 0.03459021 -0.9994016 -2.125072E-06 0.4632936 -0.8862048 -1.793485E-06 0 0.4250429 0.9051732 0 -0.4181464 0.9083797 0 -0.9996722 0.02560523 0 -0.9334809 0.3586273 -3.492567E-08 0 -1 3.940143E-08 0 -1 0 0 -1 0 0 -1 0 0 -1 0 0 -1 0 0 -1 7.285751E-08 0 -1 -6.985135E-08 0 -1 -9.918248E-07 0 -1 6.062199E-07 0 -1 -4.944666E-07 0.9404989 -0.3397967 -7.058061E-07 1 0 -4.582995E-07 1 -1.898327E-07 0 0 -1 0 0 -1 3.926035E-07 1 9.478342E-07 -4.563844E-07 1 0 6.728101E-08 1 -1.624317E-07 0 1 0 0 1 0 0 1 0 0 1 0 0 1 0 0 1 0 9.116957E-07 0 -1 0 0 -1 2.046624E-07 0 -1 4.654313E-06 0 -1 9.636761E-06 0 -1 7.319656E-06 0 -1 -4.70416E-07 0 -1 5.698172E-08 0 -1 0 0 1 0 0 1 0 0 1 0 0 1 0 0 1 0 0 1 6.481318E-07 0 -1 -1.296267E-06 0 -1 0 -0.9996722 0.02560523 -5.619617E-08 0.940607 0.3394975 0 1 0 -2.953439E-07 1 0 2.25783E-06 1 -5.450916E-06 -0.2758566 0.920763 -0.2758599 0 1 0 0.2783625 0.9192557 -0.278358 0 1 0 0 0.4247341 -0.9053182 0 -0.4178366 -0.9085222 -1.731832E-06 -0.9996722 -0.02560523 -2.163532E-06 -0.933363 -0.3589341 0.4633437 -0.8861787 6.467404E-07 0.03458935 -0.9994016 1.673295E-10 0.01959331 -0.999808 1.638865E-06 -0.2758558 0.9207628 -0.2758614 -0.07123341 0.4420409 -0.8941619 -0.2782219 0.9193378 0.2782275 -0.3699576 0.9265823 0.06764971 0.6433997 0.4148177 0.6433997 0.07463811 0.4426569 0.8935794 0.07406089 0.4422956 -0.8938063 0.6434237 0.4147517 -0.6434182 0.2758595 0.9207639 -0.2758541 -1.941191E-07 0.4247341 -0.9053182 1.368759E-07 0.4247341 -0.9053182 -0.3277405 0.9447678 4.041382E-07 -1.756185E-07 0.4250429 0.9051732 -2.592317E-07 0.4250429 0.9051732 0.3277405 0.9447678 -5.892378E-08 0.396135 0.9181923 5.292324E-07 -1.611046E-07 0.4250429 0.9051732 -5.313151E-07 0.4347646 0.9005441 -1.548684E-07 0.9170231 0.3988343 9.227862E-08 0.4247341 -0.9053182 0 0.4250429 0.9051732 -2.042613E-07 0.4250429 0.9051732 2.594185E-07 0.4247341 -0.9053182 -2.357192E-07 0.4250429 0.9051732 -0.3277405 0.9447678 -6.392189E-08 0.3962424 0.918146 -6.208275E-08 0.3277405 0.9447678 -7.11732E-09 0 0.4247341 -0.9053182 -0.3374516 -0.8787792 -0.3374515 -0.345243 -0.8727055 -0.3452428 -0.04007063 -0.8850288 0.4638083 -0.4512399 -0.8914637 0.04092738 0.3374017 -0.8788175 0.3374017 0.3450482 -0.8728593 0.3450482 0.3452438 -0.8727053 -0.3452424 0.337452 -0.8787794 -0.3374507 -4.170336E-07 -0.4178366 -0.9085222 -4.892153E-07 -0.4178366 -0.9085222 -0.342728 -0.9394347 1.11526E-07 -4.058727E-07 -0.4181464 0.9083797 0 -0.4181464 0.9083797 0.9024568 -0.4307804 -1.16864E-06 0.9682286 -0.2500668 -9.002186E-10 0 -0.4181464 0.9083797 -7.483369E-07 -0.4178366 -0.9085222 -7.923836E-07 -0.2479626 -0.9687696 0 -0.4181464 0.9083797 0 -0.4181464 0.9083797 7.301172E-07 -0.4181464 0.9083797 -3.975617E-07 -0.4178366 -0.9085222 -0.342728 -0.9394347 0 0.9682529 -0.2499727 1.232123E-06 0.9024568 -0.4307804 0 -1.417041E-06 -0.4178366 -0.9085222 2.85051E-08 -0.2480855 0.9687381 -0.02459161 -0.9993951 -0.02459094 -0.3374516 -0.8787792 -0.3374515 -1.091769E-06 -0.2479628 -0.9687696 -1.285464E-07 -0.4178366 -0.9085222 0 0.4247341 -0.9053182 0 0 -1 0 -0.4181464 0.9083797 0 0.4250429 0.9051732 -8.340322E-07 1 0 0 1 0 -5.923317E-07 1 0 0 -0.4178366 -0.9085222 0 0.4247341 -0.9053182 0.3961352 0.9181922 7.209854E-08 3.475316E-08 1 -8.390205E-08 1.898024E-08 0 -1 0 0 -1 0 0 -1 0 0 -1 0 0 -1 1.561713E-07 0 -1 1.48313E-07 0 -1 1.345987E-07 0 -1 9.49699E-08 0 -1 0 0 1 0 0 1 0 0 1 0 0 1 0 0 1 0 0 1 0 1 0 0 1 0 0.6433998 0.4148177 0.6433995 0.6823178 -0.2624615 0.682317 -0.9682529 -0.2499728 6.402008E-07 -0.8958451 0.4443664 4.822595E-07 -0.3962424 0.918146 -7.303024E-08 -0.4633435 -0.8861788 1.008321E-07 -1.05658E-07 0 -1 -7.822737E-08 0 -1 0 0 1 0 0 1  
			<SubMeshes>: 2
				<SubMesh>: 0 1110 81 80 2 81 2 9 77 76 0 77 0 12 73 72 6 73 6 15 69 68 4 69 4 11 8 220 221 8 221 3 10 374 375 10 375 5 14 222 223 14 223 7 0 1 13 0 13 12 50 46 16 50 16 17 64 61 18 64 18 19 131 166 146 131 146 111 211 214 142 211 142 107 158 151 114 158 114 125 139 30 31 139 31 140 183 180 100 183 100 137 147 34 35 147 35 148 143 32 33 143 33 144 117 38 54 117 54 118 130 91 58 130 58 123 196 194 51 196 51 120 210 200 83 210 83 128 110 25 91 110 91 130 217 201 84 217 84 163 163 84 28 163 28 135 182 174 224 182 224 225 215 205 226 215 226 227 95 34 147 95 147 167 108 145 168 108 168 133 155 150 37 155 37 53 228 229 154 228 154 121 152 39 56 152 56 160 132 96 22 132 22 109 159 57 230 159 230 231 212 204 20 212 20 105 43 23 232 157 55 39 157 39 152 179 175 26 179 26 101 133 168 158 133 158 125 111 146 149 111 149 112 181 138 103 181 103 178 233 45 21 44 60 62 44 62 36 186 48 234 186 234 235 236 237 65 236 65 41 188 238 47 188 47 185 239 40 27 240 24 42 219 202 48 219 48 186 207 203 60 207 60 44 208 241 23 208 23 43 242 206 45 242 45 233 156 153 116 156 116 119 161 122 116 161 116 153 99 134 137 99 137 100 202 207 44 202 44 48 243 244 38 243 38 117 67 66 46 67 46 50 238 236 41 238 41 47 48 44 36 48 36 234 102 105 20 102 20 245 19 18 52 19 52 49 376 377 145 376 145 108 94 43 232 94 232 246 247 240 42 247 42 93 103 138 141 103 141 104 128 83 248 128 248 113 75 74 61 75 61 64 209 208 43 209 43 94 17 16 59 17 59 63 120 51 249 120 249 115 98 250 82 98 82 126 127 162 378 127 378 379 251 252 66 251 66 67 63 59 68 63 68 69 253 254 70 253 70 71 71 70 72 71 72 73 14 7 74 14 74 75 49 52 76 49 76 77 255 256 78 255 78 79 79 78 80 79 80 81 93 42 88 93 88 97 112 149 164 112 164 129 47 41 87 47 87 89 213 216 162 213 162 127 27 40 86 27 86 271 42 24 272 42 272 88 41 65 90 41 90 87 185 47 89 185 89 189 169 144 33 169 33 273 274 275 276 274 276 124 26 277 278 26 278 101 106 109 22 106 22 279 65 93 97 65 97 90 203 209 94 203 94 60 124 276 96 124 96 132 280 113 248 280 248 281 237 247 93 237 93 65 60 94 246 60 246 62 282 283 166 282 166 131 284 95 167 284 167 285 159 169 273 159 273 57 286 287 288 286 288 165 289 99 100 278 290 101 291 103 104 291 104 292 106 293 294 106 294 109 110 295 296 110 296 297 118 298 299 118 299 117 300 127 379 300 379 380 124 301 302 124 302 274 303 211 107 303 107 304 177 305 306 177 306 307 130 308 295 130 295 110 191 197 298 191 298 118 115 309 310 115 310 120 117 299 311 117 311 243 132 312 301 132 301 124 313 213 127 313 127 300 314 112 129 314 129 315 123 316 308 123 308 130 109 294 312 109 312 132 184 136 29 184 29 171 134 317 318 134 318 137 138 319 320 138 320 141 377 321 322 377 322 145 146 323 324 146 324 149 325 157 152 325 152 326 162 327 381 162 381 378 328 159 231 328 231 329 330 215 227 330 227 331 332 182 225 181 319 138 333 167 147 333 147 334 335 150 155 335 155 336 193 199 157 193 157 325 337 169 159 337 159 328 326 152 160 326 160 338 216 339 327 216 327 162 340 286 165 340 165 341 342 285 167 342 167 333 343 144 169 343 169 337 344 29 136 344 136 345 346 136 184 346 184 347 198 192 182 198 182 332 199 184 171 199 171 195 101 290 348 101 348 179 196 190 305 196 305 177 40 172 176 40 176 86 206 218 173 206 173 45 239 349 172 239 172 40 45 173 170 45 170 21 350 181 178 350 178 351 191 352 175 191 175 179 192 187 174 192 174 182 307 353 354 307 354 177 355 356 180 355 180 183 156 119 356 156 356 355 155 53 187 155 187 192 118 54 352 118 352 191 154 350 351 154 351 121 120 310 190 120 190 196 157 199 195 157 195 55 336 155 192 336 192 198 347 184 199 347 199 193 179 348 197 179 197 191 172 185 189 172 189 176 218 219 186 218 186 173 349 188 185 349 185 172 173 186 235 173 235 170 177 354 194 177 194 196 176 189 219 176 219 218 86 176 218 86 218 206 141 320 339 141 339 216 341 165 215 341 215 330 292 104 213 292 213 313 315 129 211 315 211 303 90 97 209 90 209 203 104 141 216 104 216 213 97 88 208 97 208 209 89 87 207 89 207 202 271 86 206 271 206 242 88 272 241 88 241 208 87 90 203 87 203 207 189 89 202 189 202 219 126 82 204 126 204 212 165 288 205 165 205 215 140 31 201 140 201 217 357 358 200 357 200 210 129 164 214 129 214 211  
				<SubMesh>: 1 66 257 258 259 259 92 257 92 260 257 260 261 257 261 262 257 262 85 257 85 263 257 263 264 257 265 266 267 268 269 270 359 360 361 361 362 359 362 363 359 363 382 359 382 383 359 383 364 359 383 365 364 383 366 365 383 367 366 384 368 385 369 370 371 267 372 373  
		</Mesh>
		<Materials>: 2
			<Material>: 0
				<AlbedoColor>: 1 1 1 1
				<EmissiveColor>: 0 0 0 0
				<Glossiness>: 0
				<Metallic>: 0
				<SpecularHighlight>: 1
				<GlossyReflection>: 1
				<AlbedoMap>: BLD_BrickHouse1_A
				<MetallicMap>: BLD_BrickHouse1_MS
				<NormalMap>: BLD_BrickHouse1_N
				<EmissionMap>: null
				<DetailAlbedoMap>: DET_Concrete1_A
				<DetailNormalMap>: DET_Concrete1_N
			<Material>: 1
				<AlbedoColor>: 1 1 1 1
				<EmissiveColor>: 0 0 0 0
				<Glossiness>: 0.04
				<Metallic>: 0
				<SpecularHighlight>: 1
				<GlossyReflection>: 1
				<AlbedoMap>: GR_Moss1_AS
				<MetallicMap>: null
				<NormalMap>: GR_Dirt1_N
				<EmissionMap>: null
				<DetailAlbedoMap>: null
				<DetailNormalMap>: null
		</Materials>
		<Children>: 0
	</Frame>
</Hierarchy>
