<Hierarchy>:
	<Frame>: 0 7 Struct_FlowerBox_B
		<Transform>: 0 0 0 0 0 0 1 1 1 0 0 0 1  
		<TransformMatrix>: 1 0 0 0 0 1 0 0 0 0 1 0 0 0 0 1  
		<BoxCollider>: 1 -4.5 0.4804227 0.0001246929 9.3 0.9611385 1.818189  
		<Mesh>: 481 Struct_FlowerBox_B
			<Bounds>: -4.5 0.4804227 0.0001246929 4.65 0.4805693 0.9090945
			<Positions>: 481 -9.02197 -0.0001465491 -0.8896952 -9.113934 -0.0001465451 -0.7977315 -9.113934 -0.0001464754 0.7977315 -9.02197 -0.0001464713 0.8896952 -9.113934 0.7623792 -0.7977316 -9.02197 0.7623792 -0.8896952 -9.02197 0.7623793 0.8896951 -9.113934 0.7623793 0.7977315 -6 -0.0001465491 -0.8896952 -6 0.7623792 -0.8896952 -6 -0.0001464713 0.8896952 -6 0.7623793 0.8896951 -9.058037 0.7608846 -0.9089697 -9.150001 0.7608846 -0.8170061 -9.150001 0.7608848 0.8172556 -9.058037 0.7608848 0.9092191 -8.975215 0.7919364 -0.6303263 -8.881342 0.7919363 -0.7241992 -8.881342 0.7919365 0.7241992 -8.975215 0.7919364 0.6303262 -6 0.7608846 -0.9089697 -6 0.7919363 -0.7241992 -6 0.7608848 0.9092191 -6 0.7919365 0.7241992 -6 0.7608848 0.8172554 -9.058037 0.7608848 0.8172554 -9.058037 0.7608846 -0.8170062 -6 0.7608846 -0.8170062 -4.58429 0.7608846 -0.8170062 -4.58429 0.7623792 -0.8896953 -4.58429 0.7608846 -0.9089698 -4.58429 0.7919365 0.7241992 -7.59108 0.7919365 0.7241992 -7.59108 0.7919363 -0.7241992 -7.59108 0.7608848 0.9092191 -7.59108 -0.0001465491 -0.8896952 -7.59108 0.7608846 -0.8170062 -7.59108 -0.0001464713 0.8896952 -7.59108 0.7608846 -0.9089697 -7.59108 0.7623792 -0.8896952 -7.59108 0.7623793 0.8896951 -7.59108 0.7608848 0.8172554 -8.983192 -0.0001465491 -0.8896952 -8.983192 0.7623792 -0.8896952 -9.113934 -0.000146544 -0.7724693 -9.113934 0.7623792 -0.7724693 -9.113934 -0.0001464764 0.7746029 -9.113934 0.7623793 0.7746028 -9.002421 -0.0001464713 0.8896952 -9.002421 0.7623793 0.8896951 -9.150001 0.7608847 0.08335142 -8.975215 0.7919364 0.06420013 -6 0.7608848 0.0833513 -9.058037 0.7608847 0.0833513 -7.59108 0.7608847 0.0833513 -8.250662 0.7608848 0.9092191 -8.171215 0.7919363 -0.7241992 -8.250662 0.7608848 0.8172554 -8.250662 0.7608846 -0.8170062 -8.171215 0.7919365 0.7241992 -8.250662 0.7608846 -0.9089697 -8.250662 0.7608847 0.0833513 -9.150001 0.9502037 -0.8170061 -9.141491 0.9609919 -0.8080519 -9.049528 0.9609919 -0.9000155 -9.058037 0.9502037 -0.9089697 -9.058037 0.9502038 0.9092191 -9.049528 0.960992 0.9002525 -9.141491 0.960992 0.808289 -9.150001 0.9502038 0.8172556 -6 0.9609919 -0.9000155 -6 0.9502037 -0.9089697 -6 0.960992 0.9002525 -6 0.9502038 0.9092191 -4.58429 0.9502038 0.9092191 -4.58429 0.960992 0.9002525 -4.58429 0.9609919 -0.9000155 -7.59108 0.960992 0.9002525 -7.59108 0.9502038 0.9092191 -7.59108 0.9502037 -0.9089697 -7.59108 0.9609919 -0.9000155 -9.150001 0.9502038 0.08335142 -9.141491 0.9609919 0.08243258 -8.250662 0.9502038 0.9092191 -8.246836 0.960992 0.9002525 -8.250662 0.9502037 -0.9089697 -8.246836 0.9609919 -0.9000155 -8.990429 0.9609919 -0.6490877 -8.978235 0.9459153 -0.6360111 -8.886102 0.9459153 -0.7281451 -8.898466 0.9609919 -0.7410514 -8.898466 0.960992 0.7410688 -8.886102 0.9459154 0.7281451 -8.978235 0.9459153 0.6360111 -8.990429 0.9609919 0.6491051 -6 0.9459153 -0.7281451 -6 0.9609919 -0.7410514 -6 0.9459154 0.7281451 -6 0.960992 0.7410688 -4.58429 0.9609919 -0.7410514 -4.58429 0.9459153 -0.7281451 -7.59108 0.9609919 -0.7410514 -7.59108 0.9459153 -0.7281451 -7.59108 0.9459154 0.7281451 -7.59108 0.960992 0.7410688 -8.990429 0.9609919 0.06612056 -8.978235 0.9459153 0.06477915 -8.178915 0.960992 0.7410688 -8.173355 0.9459154 0.7281451 -8.178914 0.9609919 -0.7410514 -8.173355 0.9459153 -0.7281451 -9.150001 0.7608847 -0.1065986 -7.59108 0.7608847 -0.1065987 -8.975215 0.7919364 -0.08232534 -6 0.7608848 -0.1065987 -9.058037 0.7608847 -0.1065987 -8.250662 0.7608847 -0.1065987 -9.150001 0.9502038 -0.1065986 -9.141491 0.9609919 -0.1054345 -8.990429 0.9609919 -0.08476819 -8.978235 0.9459153 -0.0830678 0.02196932 -0.0001464713 0.8896952 0.1139331 -0.0001464754 0.7977315 0.1139331 -0.0001465451 -0.7977315 0.02196932 -0.0001465491 -0.8896952 0.02196932 0.7623792 -0.8896952 0.1139331 0.7623792 -0.7977315 0.02196932 0.7623793 0.8896951 0.1139331 0.7623793 0.7977314 -3 -0.0001465491 -0.8896952 -3 0.7623792 -0.8896952 -3 -0.0001464713 0.8896952 -3 0.7623793 0.8896951 0.1499996 0.7608847 -0.8170061 0.05803585 0.7608846 -0.9089697 0.05803585 0.7608849 0.9092191 0.1499996 0.7608849 0.8172556 -0.02478552 0.7919364 0.6303263 -0.1186581 0.7919365 0.7241992 -0.1186581 0.7919363 -0.7241992 -0.02478552 0.7919364 -0.6303264 -3 0.7608846 -0.9089697 -3 0.7919363 -0.7241992 -3 0.7608848 0.9092191 -3 0.7919365 0.7241992 0.05803585 0.7608849 0.8172554 -3 0.7608848 0.8172554 -3 0.7608846 -0.8170062 0.05803585 0.7608846 -0.8170062 -1.577499 -0.0001465491 -0.8896952 -1.577499 0.7608848 0.8172554 -1.577499 0.7608846 -0.8170062 -1.577499 0.7623793 0.8896951 -1.577499 0.7623792 -0.8896952 -1.577499 0.7608846 -0.9089697 -1.577499 -0.0001464713 0.8896952 -1.577499 0.7919363 -0.7241992 -1.577499 0.7608848 0.9092191 -1.577499 0.7919365 0.7241992 -4.58429 0.7919363 -0.7241993 -4.58429 0.7608848 0.9092191 -4.58429 -0.000146538 -0.8896952 -4.58429 -0.0001464784 0.8896952 -4.58429 0.7623793 0.889695 -4.58429 0.7608848 0.8172554 -0.02177048 -0.0001465491 -0.8896952 -0.02177048 0.7623792 -0.8896952 0.00645113 -0.0001464713 0.8896952 0.00645113 0.7623793 0.8896951 0.1139331 -0.0001464764 0.7741053 0.1139331 0.7623793 0.7741053 0.1139331 -0.0001465445 -0.7831159 0.1139331 0.7623792 -0.783116 0.1499996 0.7608848 0.08335136 -0.02478552 0.7919364 0.06420014 0.05803585 0.7608848 0.0833513 -3 0.7608848 0.0833513 -1.577499 0.7608848 0.0833513 -4.58429 0.7608847 0.0833513 0.1499996 0.9502038 0.8172556 0.1414909 0.960992 0.8082889 0.04952717 0.960992 0.9002525 0.05803585 0.9502038 0.9092191 0.05803585 0.9502037 -0.9089697 0.04952717 0.9609919 -0.9000155 0.1414909 0.9609919 -0.8080518 0.1499996 0.9502037 -0.8170061 -3 0.9609919 -0.9000155 -3 0.9502037 -0.9089697 -3 0.960992 0.9002525 -3 0.9502038 0.9092191 -1.577499 0.9502038 0.9092191 -1.577499 0.960992 0.9002525 -1.577499 0.9502037 -0.9089697 -1.577499 0.9609919 -0.9000155 -4.58429 0.9502037 -0.9089698 0.1499996 0.9502038 0.08335136 0.1414909 0.9609919 0.08243253 -0.009571075 0.960992 0.6491054 -0.02176428 0.9459153 0.6360114 -0.1138983 0.9459154 0.7281451 -0.1015344 0.960992 0.7410688 -0.1015344 0.9609919 -0.7410514 -0.1138983 0.9459153 -0.7281451 -0.02176476 0.9459153 -0.6360114 -0.009571075 0.9609919 -0.649088 -3 0.9459153 -0.7281451 -3 0.9609919 -0.7410514 -3 0.9459154 0.7281451 -3 0.960992 0.7410688 -1.577499 0.9609919 -0.7410514 -1.577499 0.9459153 -0.7281451 -1.577499 0.960992 0.7410688 -1.577499 0.9459154 0.7281451 -4.58429 0.9459154 0.728145 -4.58429 0.960992 0.7410687 -0.009571075 0.9609919 0.06612069 -0.02176476 0.9459153 0.06477927 -0.7140617 0.7608846 -0.9089697 -0.8073425 0.7919365 0.7241992 -0.7140617 0.7608849 0.8172554 -0.7140617 0.7608846 -0.8170062 -0.8073425 0.7919363 -0.7241992 -0.7140617 0.7608849 0.9092191 -0.7140617 0.7608848 0.0833513 -0.7140617 0.9502037 -0.9089697 -0.7185535 0.9609919 -0.9000155 -0.7140617 0.9502038 0.9092191 -0.7185535 0.960992 0.9002525 -0.7983027 0.9609919 -0.7410514 -0.8048296 0.9459153 -0.7281451 -0.7983027 0.960992 0.7410688 -0.8048296 0.9459154 0.7281451 -0.9555845 0.7608849 0.8172554 -0.9555845 0.7608846 -0.8170062 -1.022773 0.7919363 -0.7241992 -0.9555845 0.7608849 0.9092191 -0.9555845 0.7608848 0.0833513 -0.9588199 0.9609919 -0.9000155 -0.9555845 0.9502038 0.9092191 -1.020963 0.9459153 -0.7281451 -1.016261 0.960992 0.7410688 -0.9555845 0.7608846 -0.9089697 -1.022773 0.7919365 0.7241992 -0.9555845 0.9502037 -0.9089697 -0.9588203 0.960992 0.9002525 -1.016261 0.9609919 -0.7410514 -1.020963 0.9459154 0.7281451 -0.02478552 0.7919364 -0.08232538 -1.577499 0.7608848 -0.1065987 -4.58429 0.7608847 -0.1065987 0.1499996 0.7608848 -0.1065986 0.05803585 0.7608848 -0.1065987 -3 0.7608848 -0.1065987 0.1499996 0.9502038 -0.1065986 0.1414909 0.9609919 -0.1054345 -0.009571075 0.9609919 -0.08476815 -0.02176476 0.9459153 -0.08306776 -0.7140617 0.7608848 -0.1065987 -0.9555845 0.7608848 -0.1065987 -9.113934 0.7623793 0.7977315 -9.113934 -0.0001464754 0.7977315 -8.975215 0.7919364 -0.6303263 -8.978235 0.9459153 -0.6360111 -8.881342 0.7919365 0.7241992 -8.886102 0.9459154 0.7281451 -6 0.9609919 -0.9000155 -6 0.9609919 -0.7410514 -9.058037 0.7608846 -0.9089697 -7.59108 0.7608848 0.9092191 -9.058037 0.7608848 0.9092191 -9.150001 0.7608847 -0.1065986 -7.59108 0.9502038 0.9092191 -7.59108 0.7608848 0.9092191 -6 0.7608848 0.9092191 -8.250662 0.7608846 -0.9089697 -8.250662 0.7608848 0.9092191 -9.150001 0.7608848 0.8172556 -9.113934 0.7623792 -0.7977316 -9.113934 -0.0001465451 -0.7977315 -9.150001 0.7608847 0.08335142 -6 0.7608846 -0.9089697 -7.59108 0.7608846 -0.9089697 -9.150001 0.7608846 -0.8170061 -9.150001 0.9502038 0.8172556 -9.150001 0.7608848 0.8172556 -7.59108 0.960992 0.9002525 -7.59108 0.960992 0.7410688 -7.59108 0.7919365 0.7241992 -7.59108 0.9459154 0.7281451 -9.150001 0.9502037 -0.8170061 -9.049528 0.9609919 -0.9000155 -9.058037 0.9502038 0.9092191 -9.150001 0.9502038 0.8172556 -6 0.960992 0.9002525 -7.59108 0.9609919 -0.9000155 -6 0.9609919 -0.9000155 -9.141491 0.9609919 -0.1054345 -9.141491 0.9609919 -0.8080519 -9.150001 0.9502037 -0.8170061 -8.246836 0.960992 0.9002525 -9.049528 0.960992 0.9002525 -7.59108 0.960992 0.9002525 -8.246836 0.9609919 -0.9000155 -9.141491 0.960992 0.808289 -9.141491 0.9609919 0.08243258 -7.59108 0.960992 0.9002525 -8.990429 0.9609919 -0.6490877 -8.886102 0.9459153 -0.7281451 -8.898466 0.9609919 -0.7410514 -8.898466 0.960992 0.7410688 -8.990429 0.9609919 0.6491051 -7.59108 0.9609919 -0.7410514 -6 0.9609919 -0.7410514 -8.990429 0.9609919 -0.08476819 -8.178915 0.960992 0.7410688 -8.898466 0.960992 0.7410688 -6 0.9609919 -0.7410514 -6 0.9459153 -0.7281451 -4.58429 0.9609919 -0.7410514 -8.178914 0.9609919 -0.7410514 -6 0.960992 0.7410688 -7.59108 0.960992 0.7410688 -8.990429 0.9609919 0.06612056 -7.59108 0.960992 0.7410688 -8.898466 0.9609919 -0.7410514 -9.150001 0.7608846 -0.8170061 0.1139331 0.7623792 -0.7977315 0.1139331 -0.0001465451 -0.7977315 -0.1138983 0.9459153 -0.7281451 -0.02478552 0.7919364 -0.6303264 0.1499996 0.7608847 -0.8170061 -1.577499 0.7608846 -0.9089697 -0.9555845 0.7608846 -0.9089697 -3 0.7608848 0.9092191 -1.577499 0.7608848 0.9092191 0.05803585 0.7608849 0.9092191 0.1499996 0.7608848 -0.1065986 0.1499996 0.9502037 -0.8170061 0.1499996 0.7608847 -0.8170061 0.05803585 0.7608846 -0.9089697 -3 0.7608846 -0.9089697 0.1499996 0.7608849 0.8172556 0.02196932 0.7623792 -0.8896952 0.02196932 -0.0001465491 -0.8896952 0.1139331 0.7623793 0.7977314 0.1139331 -0.0001464754 0.7977315 0.1499996 0.7608848 0.08335136 0.1499996 0.7608849 0.8172556 0.1499996 0.9502038 0.8172556 0.1499996 0.9502038 0.8172556 0.05803585 0.9502038 0.9092191 0.05803585 0.9502037 -0.9089697 0.04952717 0.9609919 -0.9000155 0.1414909 0.9609919 -0.8080518 -1.577499 0.960992 0.9002525 -3 0.960992 0.9002525 0.1414909 0.9609919 0.08243253 0.1414909 0.960992 0.8082889 -0.7185535 0.9609919 -0.9000155 0.04952717 0.9609919 -0.9000155 -3 0.9609919 -0.9000155 -1.577499 0.9609919 -0.9000155 0.1414909 0.9609919 -0.1054345 -0.009571075 0.960992 0.6491054 -0.02176428 0.9459153 0.6360114 -0.1015344 0.960992 0.7410688 -0.1138983 0.9459153 -0.7281451 -0.02176476 0.9459153 -0.6360114 -1.577499 0.960992 0.7410688 -3 0.960992 0.7410688 -0.009571075 0.9609919 0.06612069 -0.009571075 0.960992 0.6491054 -0.7983027 0.9609919 -0.7410514 -0.1015344 0.9609919 -0.7410514 -3 0.9609919 -0.7410514 -1.577499 0.9609919 -0.7410514 -0.009571075 0.9609919 -0.08476815 -0.02478552 0.7919364 0.6303263 -0.7983027 0.960992 0.7410688 0.04952717 0.960992 0.9002525 -0.7185535 0.960992 0.9002525 -0.7140617 0.7608849 0.9092191 -1.016261 0.9609919 -0.7410514 -0.9588199 0.9609919 -0.9000155 -0.9555845 0.7608849 0.9092191 -0.7140617 0.7608846 -0.9089697 -1.016261 0.960992 0.7410688 -0.9588203 0.960992 0.9002525 -0.009571075 0.9609919 -0.649088 -4.58429 0.7608848 0.9092191 -6 0.7919363 -0.7241992 -4.58429 0.9459154 0.728145 -4.58429 0.960992 0.7410687 -4.58429 0.960992 0.9002525 -4.58429 0.7608847 -0.1065987 -4.58429 0.7608848 0.9092191 -4.58429 0.7608848 0.8172554 -4.58429 -0.0001464784 0.8896952 -4.58429 0.7623793 0.889695 -4.58429 0.7608846 -0.9089698 -6 0.7608846 -0.9089697 -6 0.9502037 -0.9089697 -4.58429 0.7608847 0.0833513 -6 0.9609919 -0.9000155 -4.58429 0.9609919 -0.9000155 -4.58429 0.960992 0.7410687 -4.58429 0.9609919 -0.7410514 -3 0.9609919 -0.7410514 -3 0.9609919 -0.9000155 -4.58429 0.9609919 -0.9000155 -4.58429 0.7919365 0.7241992 -4.58429 0.9459153 -0.7281451 -4.58429 0.7919363 -0.7241993 -3 0.7919363 -0.7241992 -3 0.9459153 -0.7281451 -4.58429 0.7608846 -0.8170062 -4.58429 0.7608846 -0.9089698 -4.58429 0.960992 0.7410687 -4.58429 0.960992 0.9002525 -4.58429 0.9502038 0.9092191 -4.58429 0.7608848 0.9092191 -4.58429 -0.000146538 -0.8896952 -4.58429 0.7623792 -0.8896953 -3 0.9502037 -0.9089697 -3 0.7608846 -0.9089697 -4.58429 0.7608846 -0.9089698 -4.58429 0.9502037 -0.9089698 -4.58429 0.9609919 -0.9000155 -3 0.9609919 -0.9000155 -4.58429 0.960992 0.9002525 -4.58429 0.9609919 -0.7410514 -3 0.9609919 -0.7410514 -0.02478552 0.7919364 -0.6303264 -0.1186581 0.7919363 -0.7241992 -0.8073425 0.7919363 -0.7241992 -1.022773 0.7919363 -0.7241992 -1.577499 0.7919363 -0.7241992 -3 0.7919363 -0.7241992 -4.58429 0.7919363 -0.7241993 -4.58429 0.7919365 0.7241992 -0.02478552 0.7919364 -0.08232538 -0.02478552 0.7919364 0.06420014 -0.02478552 0.7919364 0.6303263 -0.1186581 0.7919365 0.7241992 -4.58429 0.7919365 0.7241992 -0.8073425 0.7919365 0.7241992 -0.1186581 0.7919365 0.7241992 -4.58429 0.7919365 0.7241992 -1.022773 0.7919365 0.7241992 -4.58429 0.7919365 0.7241992 -1.577499 0.7919365 0.7241992 -4.58429 0.7919365 0.7241992 -3 0.7919365 0.7241992 -6 0.7919363 -0.7241992 -7.59108 0.7919363 -0.7241992 -8.171215 0.7919363 -0.7241992 -8.881342 0.7919363 -0.7241992 -8.975215 0.7919364 -0.6303263 -8.975215 0.7919364 -0.08232534 -8.975215 0.7919364 0.06420013 -8.975215 0.7919364 0.6303262 -8.881342 0.7919365 0.7241992 -8.881342 0.7919365 0.7241992 -6 0.7919365 0.7241992 -4.58429 0.7919365 0.7241992 -8.881342 0.7919365 0.7241992 -7.59108 0.7919365 0.7241992 -8.881342 0.7919365 0.7241992 -8.171215 0.7919365 0.7241992 -7.59108 0.7919365 0.7241992 -9.02197 0.7623792 -0.8896952 -9.02197 -0.0001465491 -0.8896952 -9.141491 0.9609919 -0.8080519 -8.990429 0.9609919 -0.6490877 -8.978235 0.9459153 -0.6360111 -8.990429 0.9609919 -0.6490877 -0.009571075 0.960992 0.6491054 0.1414909 0.960992 0.8082889 -4.58429 0.7919365 0.7241992 -4.58429 0.7919363 -0.7241993  
			<Colors>: 0  
			<TextureCoords0>: 481 0.5976689 0.5699897 0.589711 0.5699897 0.4920784 0.5699897 0.4841198 0.5699898 0.589711 0.515433 0.5976689 0.515433 0.4841198 0.515433 0.4920784 0.515433 0.4127421 0.5699899 0.4127421 0.5154331 0.2991935 0.5699899 0.2991935 0.515433 0.2201931 0.654303 0.36777 0.6073074 0.36777 0.649951 0.4135046 0.654303 0.2034011 0.6051447 0.2201931 0.6051447 0.4135046 0.6051447 0.3968656 0.6051447 0.2842526 0.6049078 0.6003153 0.6051447 0.2842526 0.6523508 0.3975732 0.6051449 0.2842526 0.649951 0.3653315 0.649951 0.3653315 0.6073074 0.2842526 0.6073074 0.2465372 0.6073074 0.3256938 0.5154331 0.2465372 0.6049078 0.2165213 0.6051448 0.6003153 0.6051447 0.3980407 0.6051447 0.5913522 0.654303 0.5101064 0.5699898 0.3264377 0.6073074 0.3965579 0.5699898 0.3264377 0.6049078 0.5101064 0.515433 0.3965579 0.515433 0.3264377 0.649951 0.595296 0.5699897 0.595296 0.515433 0.5881651 0.5699897 0.5881652 0.515433 0.4934938 0.5699897 0.4934938 0.515433 0.4829236 0.5699898 0.4829236 0.515433 0.309917 0.654303 0.309917 0.6051447 0.2842526 0.630801 0.3653315 0.630801 0.3264377 0.630801 0.5113873 0.654303 0.3180757 0.6051447 0.3439254 0.649951 0.3439254 0.6073074 0.5113873 0.6051448 0.3180757 0.654303 0.3439254 0.630801 0.2034011 0.6385008 0.2034011 0.6366903 0.2201931 0.6366904 0.2201931 0.6385008 0.4135046 0.6385008 0.4135046 0.6366904 0.3968656 0.6366904 0.3968656 0.6385008 0.6003153 0.6366904 0.6003153 0.6385008 0.3975732 0.6366904 0.3975732 0.6385008 0.2165213 0.6385008 0.2165213 0.6366904 0.4098327 0.6366904 0.6003153 0.6366904 0.5913522 0.6385008 0.3980407 0.6385008 0.3980407 0.6366904 0.309917 0.6385008 0.309917 0.6366904 0.5113873 0.6385008 0.5113873 0.6366904 0.3180757 0.6385008 0.3180757 0.6366904 0.2034011 0.6205366 0.2034011 0.6180052 0.2201931 0.6180052 0.2201931 0.6205366 0.4135046 0.6205366 0.4135046 0.6180051 0.3968656 0.6180052 0.3968656 0.6205366 0.6003153 0.6180051 0.6003153 0.6205367 0.3975732 0.6180052 0.3975732 0.6205367 0.4098327 0.6205367 0.4098327 0.6180052 0.3980407 0.6205367 0.3980407 0.6180052 0.6003153 0.6180052 0.6003153 0.6205367 0.3099172 0.6205367 0.309917 0.6180052 0.5113873 0.6205367 0.5113873 0.6180052 0.3180757 0.6205366 0.3180757 0.6180052 0.2874453 0.654303 0.3264377 0.6258445 0.2874453 0.6051447 0.2842526 0.6258445 0.3653315 0.6258445 0.3439254 0.6258445 0.2874453 0.6385008 0.2874453 0.6366903 0.2874453 0.6205367 0.2874453 0.6180053 0.1142676 0.5699899 0.1063089 0.5699899 0.008676276 0.5699898 0.0007176399 0.5699898 0.0007176399 0.515433 0.008676305 0.515433 0.1142675 0.515433 0.1063089 0.515433 0.4127421 0.5699899 0.4127421 0.5154331 0.2991935 0.5699899 0.2991935 0.515433 0.1938897 0.654303 0.2031736 0.6049078 0.01721733 0.6543031 0.2007353 0.649951 0.000271991 0.6051447 0.01721733 0.6051449 0.2105288 0.6051447 0.1938897 0.6051447 0.2842526 0.6049078 0.5908849 0.6051447 0.3975732 0.6543031 0.3975732 0.6051449 0.2031736 0.649951 0.2842526 0.649951 0.2842526 0.6073074 0.2031736 0.6073074 0.3256938 0.5699899 0.2465372 0.649951 0.2465372 0.6073074 0.2121452 0.515433 0.3256938 0.5154331 0.4098327 0.654303 0.2121452 0.5699899 0.4098327 0.6051447 0.2165213 0.654303 0.2165213 0.6051448 0.4098327 0.6051447 0.3264377 0.6523508 0.3256938 0.5699899 0.3965579 0.5699898 0.3965579 0.515433 0.3264377 0.649951 0.2304929 0.5699899 0.2304929 0.5154332 0.1152172 0.5699899 0.1152171 0.515433 0.1048631 0.5699899 0.1048631 0.515433 0.009570658 0.5699898 0.009570688 0.515433 0.08722056 0.654303 0.08722056 0.6051447 0.2031736 0.630801 0.2842526 0.630801 0.2465372 0.630801 0.3264377 0.630801 0.000271991 0.6385007 0.000578225 0.6366904 0.01721733 0.6366904 0.01721733 0.6385008 0.2105288 0.6385008 0.2105288 0.6366903 0.1938894 0.6366903 0.1938897 0.6385007 0.5908849 0.6366904 0.5908849 0.6385008 0.3975732 0.6366904 0.3975732 0.6385008 0.2165213 0.6385008 0.2165213 0.6366904 0.4098327 0.6385008 0.4098327 0.6366904 0.4098327 0.6385008 0.08722056 0.6385007 0.08722056 0.6366903 0.000578225 0.6205367 0.000271991 0.6180052 0.01721733 0.6180052 0.01721733 0.6205367 0.2105288 0.6205366 0.2105288 0.6180051 0.1938897 0.6180051 0.1938897 0.6205366 0.5908849 0.6180052 0.5908849 0.6205367 0.3975732 0.6180052 0.3975732 0.6205367 0.4098327 0.6205367 0.4098327 0.6180052 0.2165213 0.6205367 0.2165213 0.6180052 0.6003153 0.6180052 0.6003153 0.6205367 0.08722078 0.6205366 0.08722078 0.6180052 0.2236445 0.6049078 0.1113042 0.6051449 0.2236445 0.649951 0.2236445 0.6073074 0.3046154 0.6051447 0.111304 0.6543031 0.2236445 0.630801 0.3046154 0.6385008 0.3046154 0.6366904 0.111304 0.6385008 0.1113042 0.6366904 0.3046154 0.6205367 0.3046154 0.6180052 0.111304 0.6205367 0.1113042 0.6180052 0.2300481 0.649951 0.2300481 0.6073074 0.334047 0.6051447 0.2300481 0.6523508 0.2300481 0.630801 0.334047 0.6366904 0.1407357 0.6385008 0.334047 0.6180052 0.1407357 0.6205367 0.334047 0.654303 0.1407357 0.6051449 0.334047 0.6385007 0.1407357 0.6366904 0.334047 0.6205367 0.1407357 0.6180052 0.1097248 0.6051447 0.2465372 0.6258445 0.3264377 0.6258445 0.1097248 0.654303 0.2031736 0.6258445 0.2842526 0.6258445 0.1097248 0.6385007 0.1097248 0.6366903 0.1097248 0.6205366 0.109725 0.6180052 0.2236445 0.6258445 0.2300481 0.6258445 0.4920784 0.515433 0.4920784 0.5699897 0.2034011 0.6051447 0.2034011 0.6180052 0.4135046 0.6051447 0.4135046 0.6180052 0.5908849 0.6366904 0.5908849 0.6205367 0.3653315 0.6049078 0.3264377 0.6523508 0.3653315 0.6523508 0.36777 0.6258445 0.6003153 0.6385008 0.6003153 0.654303 0.3975732 0.6543031 0.3439254 0.6049078 0.3439254 0.6523508 0.3968656 0.654303 0.589711 0.515433 0.589711 0.5699897 0.36777 0.630801 0.6003153 0.654303 0.3980407 0.654303 0.2034011 0.654303 0.3968656 0.6385008 0.3968656 0.654303 0.5913522 0.6366904 0.5913522 0.6205367 0.5913522 0.6051447 0.5913522 0.6180052 0.2034011 0.6385008 0.2201931 0.6366904 0.4135046 0.6385008 0.3968656 0.6385008 0.3975732 0.6366904 0.3980407 0.6366904 0.6003153 0.6366904 0.2874453 0.6366903 0.2034011 0.6366903 0.2034011 0.6385008 0.5113873 0.6366904 0.4135046 0.6366904 0.6003153 0.6366904 0.3180757 0.6366904 0.3968656 0.6366904 0.309917 0.6366904 0.5913522 0.6366904 0.2034011 0.6205367 0.2201931 0.6180052 0.2201931 0.6205367 0.4135046 0.6205366 0.3968656 0.6205366 0.3980407 0.6205367 0.6003153 0.6205367 0.2874453 0.6205367 0.5113873 0.6205367 0.4135046 0.6205366 0.5908849 0.6205367 0.5908849 0.6180052 0.4098327 0.6205367 0.3180757 0.6205366 0.3975732 0.6205367 0.6003153 0.6205367 0.3099172 0.6205367 0.5913522 0.6205367 0.2201931 0.6205366 0.2034011 0.654303 0.008676305 0.515433 0.008676276 0.5699898 0.2105288 0.6180051 0.1938897 0.6051447 0.2007353 0.6073074 0.2465372 0.6049078 0.2300481 0.6049078 0.2842526 0.6523508 0.2465372 0.6523508 0.2031736 0.6523508 0.2007353 0.6258445 0.1938897 0.6385007 0.1938897 0.654303 0.2105288 0.654303 0.5908849 0.654303 0.000271991 0.654303 0.2278163 0.5154332 0.2278163 0.5699899 0.1063089 0.515433 0.1063089 0.5699899 0.2007353 0.630801 0.000578225 0.654303 0.000578225 0.6385008 0.000578225 0.6385008 0.01721733 0.6385008 0.2105288 0.6385008 0.2105288 0.6366904 0.1938894 0.6366903 0.2165213 0.6366904 0.3975732 0.6366904 0.08722056 0.6366903 0.000271991 0.6366903 0.3046154 0.6366904 0.2105288 0.6366903 0.5908849 0.6366904 0.4098327 0.6366904 0.1097248 0.6366903 0.000578225 0.6205367 0.000578225 0.6180052 0.01721733 0.6205367 0.2105288 0.6180051 0.1938897 0.6180051 0.2165213 0.6205367 0.3975732 0.6205367 0.08722078 0.6205366 0.000271991 0.6205366 0.3046154 0.6205367 0.2105288 0.6205366 0.5908849 0.6205367 0.4098327 0.6205367 0.1097248 0.6205366 0.000578225 0.6051448 0.111304 0.6205367 0.01721733 0.6366904 0.1113042 0.6366904 0.2236445 0.6523508 0.334047 0.6205367 0.334047 0.6366904 0.1407357 0.6543031 0.3046154 0.654303 0.1407357 0.6205367 0.1407357 0.6366904 0.1938897 0.6205366 0.2165213 0.654303 0.5908849 0.6051447 0.2165213 0.6180052 0.2165213 0.6205367 0.2165213 0.6366904 0.2465372 0.6258445 0.2465372 0.6523508 0.2465372 0.649951 0.2121452 0.5699899 0.2121452 0.515433 0.4098327 0.654303 0.5908849 0.654303 0.5908849 0.6385008 0.2465372 0.630801 0.5908849 0.6366904 0.4098327 0.6366904 0.2165213 0.6205367 0.3980407 0.6205367 0.6003153 0.6205367 0.6003153 0.6366904 0.3980407 0.6366904 0.6003153 0.6051447 0.3980407 0.6180052 0.3980407 0.6051447 0.6003153 0.6051447 0.6003153 0.6180051 0.3264377 0.6073074 0.3264377 0.6049078 0.6003153 0.6205367 0.6003153 0.6366904 0.6003153 0.6385008 0.6003153 0.654303 0.5101064 0.5699898 0.5101064 0.515433 0.6003153 0.6385008 0.6003153 0.654303 0.3980407 0.654303 0.3980407 0.6385008 0.3980407 0.6366904 0.6003153 0.6366904 0.6003153 0.6366904 0.3980407 0.6205367 0.6003153 0.6205367 0.05018944 0.7017424 0.06898123 0.6829505 0.2068456 0.6829506 0.2499714 0.6829506 0.3610193 0.6829505 0.6457827 0.6829503 0.9614665 0.6829501 0.9614665 0.9728978 0.05018926 0.8114435 0.05018926 0.8407755 0.05018926 0.9541061 0.06898123 0.9728981 0.9614665 0.9728978 0.2068456 0.9728981 0.06898123 0.9728981 0.9614665 0.9728978 0.2499714 0.9728981 0.9614665 0.9728978 0.3610194 0.9728981 0.9614665 0.9728978 0.6457827 0.9728979 0.6765953 0.6829501 0.358085 0.6829501 0.2419506 0.6829501 0.09979343 0.6829501 0.08100122 0.7017425 0.0810017 0.8114463 0.0810017 0.8407772 0.0810017 0.9541057 0.09979343 0.9728978 0.09979343 0.9728978 0.6765953 0.9728977 0.9614665 0.9728978 0.09979343 0.9728978 0.358085 0.9728977 0.09979343 0.9728978 0.2419503 0.9728978 0.358085 0.9728977 0.5976689 0.515433 0.5976689 0.5699897 0.2034011 0.6366904 0.2034011 0.6205367 0.2034011 0.6180052 0.2034011 0.6205366 0.000271991 0.6205366 0.000271991 0.6366903 0.9614665 0.9728978 0.9614665 0.6829501  
			<TextureCoords1>: 481 0.9733444 0.7486595 0.9870878 0.7486594 0.1725028 0.121464 0.01764975 0.664175 0.9870877 0.6680814 0.9733443 0.6680815 0.01764964 0.5835971 0.1725027 0.04088604 0.6540056 0.7486595 0.6540055 0.6680815 0.3369885 0.6641751 0.3369884 0.5835971 0.9830318 0.9951223 0.00390625 0.5699728 0.00390633 0.3972764 0.0176498 0.9694496 0.004149501 0.383652 0.01817301 0.383271 0.007638053 0.03697979 0.0211995 0.03429633 0.3367745 0.5796907 0.3226513 0.3832709 0.3367746 0.3875583 0.6412387 0.2030501 0.3367746 0.3972764 0.01362438 0.3972763 0.01362431 0.5699728 0.3367745 0.5699728 0.4863762 0.5699728 0.504404 0.6680815 0.4863762 0.5796908 0.4914755 0.2025681 0.8095535 0.2035905 0.1545182 0.3832704 0.1726666 0.969449 0.8221388 0.7486595 0.1686413 0.5699728 0.1688553 0.664175 0.1686413 0.5796907 0.8221387 0.6680815 0.1688552 0.5835971 0.1686413 0.3972763 0.9692467 0.7486595 0.9692466 0.6680815 0.006575901 0.121464 0.006575767 0.04088604 0.1700587 0.121464 0.1700586 0.04088604 0.01971546 0.664175 0.01971535 0.5835971 0.09904928 0.1468281 0.08129735 0.0348404 0.3367746 0.4748298 0.01362437 0.4748297 0.1686413 0.4748297 0.102967 0.9694492 0.09321386 0.3832707 0.09894168 0.3972763 0.09894161 0.5699728 0.8709241 0.2037871 0.9003002 0.9959312 0.09894163 0.4748298 0.9925076 0.9733561 0.9860631 0.9343365 0.9763452 0.9440545 0.9803619 0.97658 0.01764962 0.9494438 0.9763457 0.7538157 0.9860636 0.7635337 0.1766026 0.1268223 0.6540944 0.944054 0.6612162 0.9759833 0.6540944 0.7538142 0.3407997 0.9494433 0.4904012 0.9494435 0.4904012 0.9479611 0.5044931 0.9440531 0.8222278 0.7538149 0.1726665 0.9494432 0.8302105 0.975987 0.8222276 0.9440539 0.09904922 0.1268223 0.9860633 0.8402368 0.1029669 0.9494433 0.8915232 0.7538152 0.9002826 0.9762105 0.8915228 0.9440542 0.9701 0.9175383 0.00390625 0.3673683 0.01766994 0.3669944 0.9603821 0.9272563 0.9603826 0.7706369 0.00458192 0.02122623 0.01821467 0.01732981 0.9701005 0.780355 0.3226514 0.3669942 0.6540944 0.9272559 0.641291 0.1867558 0.6540945 0.7706355 0.5044931 0.927255 0.4722529 0.3669949 0.8222276 0.9272559 0.1545181 0.3669938 0.8096058 0.1872962 0.8222278 0.7706362 0.9701002 0.8419604 0.08154295 0.01906079 0.8843458 0.7706366 0.8712026 0.1874936 0.8843454 0.927256 0.09298763 0.366994 0.07897676 0.1468282 0.1686413 0.4949023 0.09648825 0.03532249 0.3367746 0.4949023 0.01362433 0.4949023 0.09894166 0.4949023 0.07897671 0.1268224 0.9860632 0.8600892 0.9701002 0.8579053 0.09703515 0.01940513 0.9733444 0.6641752 0.9870878 0.6641752 0.3616592 0.1790491 0.01764975 0.7486595 0.01764963 0.6680815 0.3616591 0.09847111 0.9733443 0.5835972 0.9870877 0.5835972 0.3369885 0.7486595 0.3369884 0.6680815 0.6540057 0.6641752 0.6540056 0.5835972 0.1764799 0.1790491 0.9769421 0.5796908 0.9809672 0.9694497 0.9866601 0.3972765 0.3406443 0.09456456 0.02019334 0.2013596 0.9441471 0.3832711 0.9581705 0.383652 0.6537919 0.5796907 0.6396686 0.3832719 0.6578169 0.9694496 0.323879 0.2020288 0.9769421 0.3972765 0.653792 0.3972764 0.6537919 0.5699728 0.9769421 0.5699728 0.1866694 0.7486595 0.8041111 0.3972764 0.804111 0.5699728 0.8043246 0.5835972 0.1866693 0.6680815 0.1914506 0.9960902 0.8043247 0.6641752 0.7899878 0.3832713 0.8081362 0.9694499 0.1733971 0.2015444 0.4722529 0.3832715 0.4863762 0.3875583 0.5044041 0.7486595 0.4865901 0.6641751 0.4865899 0.5835971 0.4863762 0.3972763 0.02227184 0.7486595 0.02227171 0.6680815 0.9717046 0.6641752 0.9717045 0.5835972 0.1955595 0.179049 0.1955594 0.09847099 0.3601148 0.1790491 0.3601147 0.09847111 0.08140455 0.1754618 0.2808204 0.09456456 0.9769421 0.4748298 0.6537919 0.4748298 0.8041111 0.4748299 0.4863762 0.4748298 0.004660531 0.1525462 0.005107758 0.7635337 0.01482579 0.7538157 0.9809672 0.9494439 0.01772106 0.9759799 0.01482669 0.9440544 0.005108585 0.9343364 0.1772342 0.1590575 0.3370774 0.9440531 0.3425512 0.9759817 0.3370769 0.7538153 0.657817 0.9494438 0.8081361 0.9494441 0.1867576 0.7538157 0.1914506 0.9759804 0.1867585 0.9440532 0.5108371 0.9759833 0.08215883 0.1554702 0.005108065 0.8402368 0.02107092 0.780355 0.341245 0.0782901 0.01750426 0.1852899 0.03078889 0.770637 0.0307896 0.9272562 0.94465 0.3669944 0.2068273 0.07829028 0.02107156 0.9175383 0.6396686 0.3669953 0.3370774 0.927255 0.3239315 0.1857345 0.337077 0.7706366 0.1867584 0.9272552 0.7899877 0.3669946 0.1867576 0.770637 0.1734505 0.1852501 0.491528 0.1862738 0.4915348 0.1841732 0.02107116 0.8419604 0.2808816 0.0782901 0.8953526 0.5796908 0.09195483 0.2012481 0.8953527 0.3972764 0.8953526 0.5699728 0.8713721 0.3832712 0.8993777 0.9694498 0.8953527 0.4748298 0.0997347 0.9759801 0.09599163 0.9440539 0.8993776 0.9494439 0.0959907 0.7538157 0.1044188 0.9272557 0.8716376 0.3669945 0.104418 0.770637 0.09167103 0.1850658 0.8698304 0.3972764 0.8698303 0.5699728 0.8486071 0.3832712 0.8698304 0.3875584 0.8698303 0.4748299 0.1257334 0.9744909 0.8738554 0.949444 0.8487983 0.3669946 0.1140864 0.1829671 0.1253896 0.99609 0.1147125 0.2013488 0.1253897 0.9759802 0.8735134 0.9479616 0.8492951 0.3648974 0.1145805 0.1850712 0.2653367 0.09456462 0.8041111 0.4949023 0.4863762 0.4949023 0.1014628 0.1762186 0.9769421 0.4949023 0.6537919 0.4949023 0.1022171 0.1562271 0.005108165 0.8600892 0.02107123 0.8579053 0.2652582 0.0782901 0.8953527 0.4949023 0.8698303 0.4949023 0.00390625 0.5835972 0.003906364 0.6641752 0.1534127 0.03697979 0.1544692 0.02100235 0.9460459 0.2040278 0.9466017 0.1877352 0.6540944 0.944054 0.6540944 0.9272559 0.0136243 0.5796907 0.1686413 0.3875583 0.01362437 0.3875583 0.003906284 0.4949023 0.1726665 0.9494432 0.1726666 0.969449 0.3407997 0.9694491 0.09894161 0.5796908 0.09894168 0.3875583 0.1766027 0.1468281 0.00390625 0.04088604 0.003906378 0.121464 0.003906315 0.4748298 0.6612164 0.9960938 0.8302348 0.9960928 0.9962285 0.9925661 0.00390625 0.9494439 0.00390642 0.9694497 0.8222278 0.7538149 0.8222278 0.7706362 0.8095535 0.2035905 0.8096058 0.1872962 0.9872649 0.9355853 0.9797522 0.9751452 0.9775472 0.7525657 0.9872652 0.7622839 0.3407998 0.947961 0.8302126 0.9744976 0.6612163 0.9744941 0.07909971 0.1253703 0.004852462 0.1253703 0.00390625 0.1268224 0.1033712 0.947961 0.01854877 0.9479614 0.1726665 0.9479608 0.8998772 0.9747001 0.1756551 0.1253703 0.09895214 0.1253703 0.1726665 0.9479608 0.1558838 0.01902622 0.1656855 0.02858686 0.1670794 0.02659661 0.00390625 0.01902169 0.017064 0.01509368 0.1545181 0.3648966 0.3226514 0.364897 0.09726679 0.01738673 0.8717976 0.1853948 0.9479164 0.1856387 0.3226514 0.364897 0.3226514 0.3669942 0.472253 0.3648976 0.09240022 0.3648968 0.6412978 0.1846552 0.8096126 0.1851956 0.08145033 0.01696956 0.8096126 0.1851956 0.01636335 0.3648972 0.003906304 0.1468281 0.00390625 0.6680815 0.003906372 0.7486595 0.1930628 0.07862997 0.2074281 0.09456474 0.9866601 0.5699728 0.804111 0.5796908 0.8698303 0.5796908 0.653792 0.3875584 0.8041111 0.3875583 0.9769421 0.3875584 0.9866601 0.4949023 0.00390625 0.9759799 0.00390625 0.9960897 0.01772107 0.9960896 0.3425511 0.9960915 0.00390625 0.1725378 0.01764963 0.6680815 0.01764975 0.7486595 0.1930628 0.09847099 0.1930628 0.179049 0.9866601 0.4748298 0.9947105 0.9694497 0.9947105 0.9494439 0.00390625 0.7622839 0.01362425 0.7525658 0.1891565 0.152221 0.1882657 0.1507344 0.1763434 0.157571 0.8081361 0.9479617 0.6578171 0.9479614 0.0823106 0.154023 0.005662129 0.151131 0.1002118 0.9744909 0.0186249 0.9744906 0.3425513 0.9744925 0.1914507 0.9744912 0.1021489 0.1547715 0.00390625 0.1876615 0.00458956 0.1897851 0.01639602 0.1831273 0.03250787 0.9254806 0.02277185 0.9157447 0.1734572 0.1831495 0.3239383 0.1836338 0.2810233 0.07624108 0.3426287 0.07624108 0.8723273 0.3648973 0.9459565 0.3648973 0.6396687 0.364898 0.7899878 0.3648974 0.2650785 0.07624108 0.008038818 0.2040278 0.09097473 0.1829553 0.980068 0.9479615 0.898903 0.9479616 0.8953527 0.3875584 0.127451 0.9272556 0.1213812 0.9440537 0.8738554 0.9694498 0.09973463 0.9960899 0.1274502 0.770637 0.1213803 0.7538157 0.2054455 0.0762412 0.4904013 0.9694493 0.3226513 0.3832709 0.491528 0.1862738 0.5044928 0.770636 0.5044928 0.7538146 0.4863762 0.4949023 0.4863762 0.3875583 0.4863762 0.3972763 0.4865901 0.6641751 0.4865899 0.5835971 0.510837 0.9960931 0.6612164 0.9960938 0.6612162 0.9759833 0.4863762 0.4748298 0.6612163 0.9744941 0.5108371 0.974494 0.4915348 0.1841732 0.5044931 0.927255 0.3370774 0.927255 0.3370774 0.9440531 0.5044931 0.9440531 0.4914755 0.2025681 0.4722529 0.3669949 0.4722529 0.3832715 0.6396686 0.3832719 0.6396686 0.3669953 0.4863762 0.5699728 0.4863762 0.5796908 0.5044928 0.770636 0.5044928 0.7538146 0.4904012 0.9494435 0.4904013 0.9694493 0.5044041 0.7486595 0.504404 0.6680815 0.3425512 0.9759817 0.3425511 0.9960915 0.510837 0.9960931 0.5108371 0.9759833 0.5108371 0.974494 0.3425513 0.9744925 0.4904012 0.9479611 0.472253 0.3648976 0.6396687 0.364898 0.003906324 0.3510705 0.01382628 0.3609903 0.08660158 0.3609902 0.1093668 0.3609902 0.1679863 0.3609902 0.3183047 0.36099 0.4857206 0.3609899 0.4857205 0.2079341 0.003906287 0.2931618 0.003906279 0.2776781 0.00390625 0.2178541 0.013826 0.2079343 0.09195483 0.2012481 0.09195483 0.2012481 0.02019334 0.2013596 0.1147125 0.2013488 0.1147125 0.2013488 0.1733971 0.2015444 0.1733971 0.2015444 0.323879 0.2020288 0.323879 0.2020288 0.635322 0.3609899 0.8034549 0.36099 0.8647592 0.3609901 0.9398 0.3609902 0.9497198 0.3510704 0.9497198 0.2931618 0.9497198 0.2776781 0.94972 0.2178543 0.9397994 0.2079345 0.6412387 0.2030501 0.6412387 0.2030501 0.4914755 0.2025681 0.8095535 0.2035905 0.8095535 0.2035905 0.9460459 0.2040278 0.8709241 0.2037871 0.8709241 0.2037871 0.9733443 0.6680815 0.9733444 0.7486595 0.9860631 0.9343365 0.9701 0.9175383 0.1544692 0.02100235 0.1558838 0.01902622 0.02107092 0.780355 0.005107758 0.7635337 0.4857205 0.2079341 0.4857206 0.3609899  
			<Normals>: 481 -0.3826815 0 -0.9238803 -0.9238803 0 -0.3826815 -0.9238803 0 0.3826815 -0.3826815 0 0.9238803 -0.9238803 0 -0.3826815 -0.3826815 0 -0.9238803 -0.3826815 0 0.9238803 -0.9238803 0 0.3826815 0 0 -1 0 0 -1 0 0 1 0 0 1 -0.3826815 0 -0.9238803 0 -1 0 0 -1 0 -0.3826815 0 0.9238803 0.925893 0.03204521 0.3764244 0.3781618 0.0353716 0.9250635 0.3781618 0.0353716 -0.9250635 0.925893 0.03204521 -0.3764244 0 -1 0 0 0.02560523 0.9996722 0 -1 0 0 0.02560523 -0.9996722 0 -1 0 0 -1 0 0 -1 0 0 -1 0 0 -1 0 0 0 -1 0 -1 0 0 0.02560523 -0.9996722 0 0.02560523 -0.9996722 0 0.02560523 0.9996722 0 0 1 0 0 -1 0 -1 0 0 0 1 0 -1 0 0 0 -1 0 0 1 0 -1 0 0 0 -1 0 0 -1 -1 0 0 -1 0 0 -1 0 0 -1 0 0 0 0 1 0 0 1 -1 0 0 0.999808 0.01959331 0 0 -1 0 0 -1 0 0 -1 0 0 0 1 0 0.02560523 0.9996722 0 -1 0 0 -1 0 0 0.02560523 -0.9996722 0 0 -1 0 -1 0 -0.8512132 0.3672384 -0.3749293 -0.440515 0.8879885 -0.1319958 -0.1345596 0.8923541 -0.4308106 -0.3720627 0.370201 -0.8511877 -0.3719946 0.3703771 0.8511409 -0.134529 0.8925061 0.4305051 -0.4404838 0.8880177 0.1319041 -0.8511677 0.3673368 0.3749362 0 0.9051731 -0.4250429 0 0.3394975 -0.940607 0 0.9053182 0.4247341 0 0.3397967 0.9404989 0 0.3397967 0.9404989 0 0.9053182 0.4247341 0 0.9051731 -0.4250429 0 0.9053182 0.4247341 0 0.3397967 0.9404989 0 0.3394975 -0.940607 0 0.9051731 -0.4250429 -0.9447646 0.3277499 0 -0.4362668 0.8998174 0 0 0.3397967 0.9404989 0 0.9053182 0.4247341 0 0.3394975 -0.940607 0 0.9051731 -0.4250429 0.2482152 0.9610593 0.1214676 0.8439164 0.4411853 0.3052223 0.3078457 0.4525366 0.836924 0.1180783 0.9619612 0.2463499 0.1179881 0.9620028 -0.2462307 0.3078467 0.4528128 -0.8367742 0.8439094 0.4412427 -0.3051588 0.2481219 0.9610834 -0.1214668 0 0.3586273 0.9334809 0 0.9083796 0.4181464 0 0.3589341 -0.933363 0 0.9085222 -0.4178366 0 0.9083796 0.4181464 0 0.3586273 0.9334809 0 0.9083796 0.4181464 0 0.3586273 0.9334809 0 0.3589341 -0.933363 0 0.9085222 -0.4178366 0.4307804 0.9024568 0 0.9394347 0.342728 0 0 0.9085222 -0.4178366 0 0.3589341 -0.933363 0 0.9083796 0.4181464 0 0.3586273 0.9334809 -1 0 0 0 -1 0 0.999808 0.01959331 0 0 -1 0 0 -1 0 0 -1 0 -0.9447551 0.3277772 0 -0.4362668 0.8998174 0 0.4307804 0.9024568 0 0.9394347 0.342728 0 0.3826815 0 0.9238803 0.9238803 0 0.3826815 0.9238803 0 -0.3826815 0.3826815 0 -0.9238803 0.3826815 0 -0.9238803 0.9238803 0 -0.3826815 0.3826815 0 0.9238803 0.9238803 0 0.3826815 0 0 -1 0 0 -1 0 0 1 0 0 1 0.9238803 0 -0.3826815 0 -1 0 0.3826815 0 0.9238803 0 -1 0 -0.925893 0.03204521 -0.3764244 -0.3781618 0.0353716 -0.9250635 -0.3781618 0.0353716 0.9250635 -0.925893 0.03204521 0.3764244 0 -1 0 0 0.02560523 0.9996722 0 0 1 0 0.02560523 -0.9996722 0 -1 0 0 -1 0 0 -1 0 0 -1 0 0 0 -1 0 -1 0 0 -1 0 0 0 1 0 0 -1 0 0 -1 0 0 1 0 0.02560523 0.9996722 0 0 1 0 0.02560523 -0.9996722 0 0.02560523 0.9996722 0 -1 0 0 0 -1 0 0 1 0 0 1 0 -1 0 0 0 -1 0 0 -1 0 0 1 0 0 1 1 0 0 1 0 0 1 0 0 1 0 0 1 0 0 -0.999808 0.01959331 0 0 -1 0 0 -1 0 0 -1 0 0 -1 0 0.8511762 0.3673272 0.3749265 0.4405084 0.8880057 0.1319023 0.134529 0.8925061 0.4305051 0.3719946 0.3703771 0.8511409 0.3720627 0.370201 -0.8511877 0.1345596 0.8923541 -0.4308106 0.4405396 0.8879766 -0.131994 0.8512132 0.3672384 -0.3749293 0 0.9051731 -0.4250429 0 0.3394975 -0.940607 0 0.9053182 0.4247341 0 0.3397967 0.9404989 0 0.3397967 0.9404989 0 0.9053182 0.4247341 0 0.3394975 -0.940607 0 0.9051731 -0.4250429 0 0.3394975 -0.940607 0.9447773 0.3277132 0 0.4363034 0.8997995 0 -0.2481219 0.9610834 -0.1214668 -0.8439094 0.4412427 -0.3051588 -0.3078467 0.4528128 -0.8367742 -0.1179881 0.9620028 -0.2462307 -0.1180783 0.9619612 0.2463499 -0.3078457 0.4525366 0.836924 -0.8439164 0.4411853 0.3052223 -0.2482152 0.9610593 0.1214676 0 0.3586273 0.9334809 0 0.9083796 0.4181464 0 0.3589341 -0.933363 0 0.9085222 -0.4178366 0 0.9083796 0.4181464 0 0.3586273 0.9334809 0 0.9085222 -0.4178366 0 0.3589341 -0.933363 0 0.3589341 -0.933363 0 0.9085222 -0.4178366 -0.4307804 0.9024568 0 -0.9394347 0.342728 0 0 -1 0 0 0.02560523 -0.9996722 0 -1 0 0 -1 0 0 0.02560523 0.9996722 0 0 1 0 -1 0 0 0.3394975 -0.940607 0 0.9051731 -0.4250429 0 0.3397967 0.9404989 0 0.9053182 0.4247341 0 0.9083796 0.4181464 0 0.3586273 0.9334809 0 0.9085222 -0.4178366 0 0.3589341 -0.933363 0 -1 0 0 -1 0 0 0.02560523 0.9996722 0 -1 0 0 -1 0 0 0.9051731 -0.4250429 0 0.3397967 0.9404989 0 0.3586273 0.9334809 0 0.9085222 -0.4178366 0 0 -1 0 0.02560523 -0.9996722 0 0.3394975 -0.940607 0 0.9053182 0.4247341 0 0.9083796 0.4181464 0 0.3589341 -0.933363 -0.999808 0.01959331 0 0 -1 0 0 -1 0 1 0 0 0 -1 0 0 -1 0 0.9447773 0.3277132 0 0.4363034 0.8997995 0 -0.4307804 0.9024568 0 -0.9394347 0.342728 0 0 -1 0 0 -1 0 -0.9238803 0 0.3826815 -0.9238803 0 0.3826815 0.925893 0.03204521 0.3764244 0.8439164 0.4411853 0.3052223 0.3781618 0.0353716 -0.9250635 0.3078467 0.4528128 -0.8367742 0 0.9051731 -0.4250429 0 0.9083796 0.4181464 0 -1 0 0 -1 0 0 -1 0 0 -1 0 0 0.3397967 0.9404989 0 0 1 0 0 1 0 -1 0 0 -1 0 -0.9238803 0 0.3826815 -0.9238803 0 -0.3826815 -0.9238803 0 -0.3826815 0 -1 0 0 0 -1 0 0 -1 -0.9238803 0 -0.3826815 -0.8511677 0.3673368 0.3749362 -0.9238803 0 0.3826815 0 0.9053182 0.4247341 0 0.9085222 -0.4178366 0 0.02560523 -0.9996722 0 0.3589341 -0.933363 -0.8512132 0.3672384 -0.3749293 -0.1345596 0.8923541 -0.4308106 -0.3719946 0.3703771 0.8511409 -0.8511677 0.3673368 0.3749362 0 0.9053182 0.4247341 0 0.9051731 -0.4250429 0 0.9051731 -0.4250429 -0.4362668 0.8998174 0 -0.440515 0.8879885 -0.1319958 -0.8512132 0.3672384 -0.3749293 0 0.9053182 0.4247341 -0.134529 0.8925061 0.4305051 0 0.9053182 0.4247341 0 0.9051731 -0.4250429 -0.4404838 0.8880177 0.1319041 -0.4362668 0.8998174 0 0 0.9053182 0.4247341 0.2482152 0.9610593 0.1214676 0.3078457 0.4525366 0.836924 0.1180783 0.9619612 0.2463499 0.1179881 0.9620028 -0.2462307 0.2481219 0.9610834 -0.1214668 0 0.9083796 0.4181464 0 0.9083796 0.4181464 0.4307804 0.9024568 0 0 0.9085222 -0.4178366 0.1179881 0.9620028 -0.2462307 0 0.9083796 0.4181464 0 0.3586273 0.9334809 0 0.9083796 0.4181464 0 0.9083796 0.4181464 0 0.9085222 -0.4178366 0 0.9085222 -0.4178366 0.4307804 0.9024568 0 0 0.9085222 -0.4178366 0.1180783 0.9619612 0.2463499 -0.9238803 0 -0.3826815 0.9238803 0 -0.3826815 0.9238803 0 -0.3826815 -0.3078457 0.4525366 0.836924 -0.925893 0.03204521 0.3764244 0 -1 0 0 -1 0 0 -1 0 0 -1 0 0 -1 0 0 -1 0 0 -1 0 0.8512132 0.3672384 -0.3749293 0.9238803 0 -0.3826815 0.3826815 0 -0.9238803 0 0 -1 0.9238803 0 0.3826815 0.3826815 0 -0.9238803 0.3826815 0 -0.9238803 0.9238803 0 0.3826815 0.9238803 0 0.3826815 0 -1 0 0.9238803 0 0.3826815 0.8511762 0.3673272 0.3749265 0.8511762 0.3673272 0.3749265 0.3719946 0.3703771 0.8511409 0.3720627 0.370201 -0.8511877 0.1345596 0.8923541 -0.4308106 0.4405396 0.8879766 -0.131994 0 0.9053182 0.4247341 0 0.9053182 0.4247341 0.4363034 0.8997995 0 0.4405084 0.8880057 0.1319023 0 0.9051731 -0.4250429 0.1345596 0.8923541 -0.4308106 0 0.9051731 -0.4250429 0 0.9051731 -0.4250429 0.4363034 0.8997995 0 -0.2481219 0.9610834 -0.1214668 -0.8439094 0.4412427 -0.3051588 -0.1179881 0.9620028 -0.2462307 -0.3078457 0.4525366 0.836924 -0.8439164 0.4411853 0.3052223 0 0.9085222 -0.4178366 0 0.9085222 -0.4178366 -0.4307804 0.9024568 0 -0.2481219 0.9610834 -0.1214668 0 0.9083796 0.4181464 -0.1180783 0.9619612 0.2463499 0 0.9083796 0.4181464 0 0.9083796 0.4181464 -0.4307804 0.9024568 0 -0.925893 0.03204521 -0.3764244 0 0.9085222 -0.4178366 0.134529 0.8925061 0.4305051 0 0.9053182 0.4247341 0 -1 0 0 0.9083796 0.4181464 0 0.9051731 -0.4250429 0 0 1 0 0 -1 0 0.9085222 -0.4178366 0 0.9053182 0.4247341 -0.2482152 0.9610593 0.1214676 0 0 1 0 0.02560523 0.9996722 0 0.3589341 -0.933363 0 0.9085222 -0.4178366 0 0.9053182 0.4247341 0 -1 0 0 -1 0 0 -1 0 0 0 1 0 0 1 0 0 -1 0 0 -1 0 0.3394975 -0.940607 0 -1 0 0 0.9051731 -0.4250429 0 0.9051731 -0.4250429 0 0.9085222 -0.4178366 0 0.9083796 0.4181464 0 0.9083796 0.4181464 0 0.9051731 -0.4250429 0 0.9051731 -0.4250429 0 0.02560523 -0.9996722 0 0.3586273 0.9334809 0 0.02560523 0.9996722 0 0.02560523 0.9996722 0 0.3586273 0.9334809 0 -1 0 0 -1 0 0 0.9085222 -0.4178366 0 0.9053182 0.4247341 0 0.3397967 0.9404989 0 0 1 0 0 -1 0 0 -1 0 0.3394975 -0.940607 0 0 -1 0 0 -1 0 0.3394975 -0.940607 0 0.9051731 -0.4250429 0 0.9051731 -0.4250429 0 0.9053182 0.4247341 0 0.9083796 0.4181464 0 0.9083796 0.4181464 0 1 0 0 1 0 0 1 0 0 1 0 0 1 0 0 1 0 0 1 0 0 1 0 0 1 0 0 1 0 0 1 0 0 1 0 0 1 0 0 1 0 0 1 0 0 1 0 0 1 0 0 1 0 0 1 0 0 1 0 0 1 0 0 1 0 0 1 0 0 1 0 0 1 0 0 1 0 0 1 0 0 1 0 0 1 0 0 1 0 0 1 0 0 1 0 0 1 0 0 1 0 0 1 0 0 1 0 0 1 0 0 1 0 -0.3826815 0 -0.9238803 -0.3826815 0 -0.9238803 -0.440515 0.8879885 -0.1319958 0.2482152 0.9610593 0.1214676 0.8439164 0.4411853 0.3052223 0.2482152 0.9610593 0.1214676 -0.2481219 0.9610834 -0.1214668 0.4405084 0.8880057 0.1319023 0 1 0 0 1 0  
			<Tangents>: 481 -0.9238803 0 0.3826815 0.3826815 0 -0.9238803 -0.3826815 0 -0.9238803 -0.9238803 -1.205468E-05 -0.3826815 0.3826815 0 -0.9238803 -0.9238803 0 0.3826815 -0.9238803 -1.296438E-06 -0.3826815 -0.3826815 0 -0.9238803 -1 -5.604592E-07 0 -1 -5.542083E-07 0 -1 -2.565675E-07 0 -1 -2.628183E-07 0 0.9238803 5.154072E-07 -0.3826815 -1 0 1.231918E-06 -1 0 1.296264E-06 0.9238803 0 0.3826815 0.3769847 -0.01351271 -0.9261209 0.9257314 -0.01025515 -0.3780426 0.9253421 0.01483334 0.3788429 0.376339 0.008888144 0.9264394 -1 0 1.987354E-08 1 4.209788E-07 -1.078279E-08 -1 0 0 -1 5.608779E-07 1.436612E-08 -1 0 1.775188E-08 -1 0 1.325602E-07 -1 0 1.249634E-07 -1 0 2.277803E-09 -1 0 4.825548E-09 -1 -6.17312E-07 0 -1 0 4.210229E-08 -1 -5.040947E-07 -1.291169E-08 -1 4.623128E-07 1.184151E-08 1 0 0 1 -4.45E-07 0 -1 -8.377731E-07 0 -1 0 0 -1 -2.774681E-07 0 -1 0 0 -1 -7.486848E-07 0 -1 -2.774681E-07 0 -1 0 0 -1 -7.679456E-07 0 -1 -5.822104E-07 0 0 -7.581675E-08 -1 0 -7.581679E-08 -1 0 -7.591972E-08 -1 0 -7.591976E-08 -1 -1 0 0 -1 0 0 0 6.453648E-08 1 -1.617266E-08 8.252592E-07 1 -1 0 1.098064E-08 -1 0 1.306042E-07 -1 0 0 1 0 0 1 -4.653188E-07 1.19185E-08 -1 0 0 -1 0 0 1 -2.303182E-07 -5.899285E-09 1 2.000835E-07 0 -1 0 0 0.4465173 0.1313551 -0.8850808 -0.05865936 0.1182454 0.9912503 0.9768886 0.0465947 -0.2086086 0.9272242 0.1060335 -0.3591827 0.927429 0.1101007 0.3574259 0.9747919 0.04115788 0.219287 0.2445946 -0.02266018 0.9693606 0.344246 -0.1485659 0.9270507 1 0 0 1 2.662213E-08 9.608843E-09 -1 -1.477564E-07 3.149419E-07 -1 2.963921E-07 -1.070847E-07 -1 1.988727E-07 -7.185153E-08 -1 -1.618915E-08 3.450707E-08 -1 0 0 -1 0 0 1 -4.300391E-07 1.553706E-07 1 1.583967E-07 5.717084E-08 1 0 0 9.002635E-09 2.595079E-08 1 2.481217E-07 1.202991E-07 1 1 -1.288498E-08 4.655269E-09 1 3.949145E-07 -8.417579E-07 1 2.380454E-07 8.591881E-08 1 1.990524E-07 4.239029E-07 -0.03037494 -0.1176085 0.9925954 0.4170914 -0.1817562 -0.8905052 0.9505448 -0.1082145 -0.2911257 0.9902478 -0.09559739 -0.1013428 0.9903008 -0.09566975 0.1007557 0.8865862 0.1826123 0.4249913 0.295149 0.09313846 0.9509008 0.1060309 0.097691 0.9895524 1 3.301165E-07 -1.268251E-07 1 0 0 -1 4.823423E-07 1.854896E-07 -1 1.55867E-07 3.38909E-07 -1 -1.138389E-09 2.473033E-09 -1 -1.409465E-08 5.414922E-09 1 -3.251611E-08 7.063788E-08 1 -6.168426E-08 2.369803E-08 -1 3.722035E-07 1.431346E-07 -1 8.896112E-09 1.934324E-08 -2.124475E-08 1.014101E-08 1 -4.452268E-07 1.220389E-06 1 1 -2.602524E-07 -5.658792E-07 1 -3.523563E-07 -1.355022E-07 1 -4.197117E-07 9.117801E-07 1 -4.219537E-07 1.621074E-07 0 -2.646114E-07 1 -1 0 0 -9.765653E-09 4.983221E-07 1 -1 0 0 -1 0 1.015631E-07 -1 0 0 -8.935592E-08 -2.575514E-07 1 9.944764E-07 4.821612E-07 1 9.423993E-07 -4.498466E-07 1 -1.163908E-07 3.190331E-07 1 -0.9238803 2.665104E-08 0.3826815 -0.3826815 3.342587E-08 0.9238803 0.3826815 0 0.9238803 0.9238803 0 0.3826815 0.9238803 0 0.3826815 0.3826815 0 0.9238803 -0.9238803 0 0.3826815 -0.3826815 3.594859E-09 0.9238803 -1 -5.342038E-07 0 -1 -5.398763E-07 0 -1 -2.832984E-07 0 -1 -2.776258E-07 0 -0.3826815 -9.081484E-08 -0.9238803 -1 0 -3.642886E-08 -0.9238803 5.508518E-07 0.3826815 -1 0 -1.247861E-06 0.3761992 -0.01301918 -0.9264473 -0.9257309 -0.01014459 0.3780467 -0.9257309 -0.01014552 -0.3780467 -0.3769847 -0.01351265 -0.9261209 -1 0 -1.986346E-08 -1 0 0 -1 3.092905E-07 0 -1 5.611041E-07 1.437191E-08 -1 0 -1.379611E-07 -1 0 -7.086769E-09 -1 0 -2.276648E-09 -1 0 -1.291161E-08 -1 -4.782904E-07 0 -1 0 0 -1 0 0 -1 0 0 -1 -5.59445E-07 0 -1 2.750714E-07 0 -1 0 0 -1 0 0 -1 -1.75247E-07 0 -1 4.055627E-07 1.038793E-08 -1 -1.077685E-09 2.759988E-11 -1 0 0 -1 -6.305544E-07 0 -1 -5.634586E-07 0 -1 -5.527147E-07 0 -1 0 -3.358748E-08 -1 0 0 -1 -1.511113E-07 0 -1 0 0 -1 0 0 0 6.023897E-07 1 0 4.49626E-07 1 0 2.294805E-07 1 0 7.584076E-08 1 0 3.115902E-07 -1 0 0 -1 -1 0 -7.332924E-08 -1 0 0 -1 0 0 -1 0 -2.163304E-08 0.3442392 0.1485572 -0.9270545 -0.626071 0.1985655 0.7540603 -0.9737875 0.03866072 0.2241501 -0.927372 0.1087644 0.3579825 -0.9273455 0.1087389 -0.358059 -0.9764127 0.04531883 -0.2111028 -0.2352238 -0.02771791 -0.9715459 -0.346757 -0.1427095 -0.9270349 -1 0 0 -1 -1.993363E-07 -7.194735E-08 -1 -1.324496E-07 2.823154E-07 -1 2.821573E-07 -1.019418E-07 -1 -1.312898E-07 4.743424E-08 -1 0 0 -1 2.47001E-07 8.915116E-08 -1 0 0 -1 -1.832425E-08 -6.613858E-09 -4.981431E-08 1.436116E-07 -1 -4.699108E-08 2.278547E-08 -1 -0.6876484 -0.08642056 0.7208822 0.2704255 -0.1413928 -0.9523015 -0.9501429 -0.1004767 0.2951827 -0.9900966 -0.09497069 0.103389 -0.9892317 -0.09234768 -0.1135454 -0.9512167 -0.12749 -0.2809503 -0.2923804 0.09877689 -0.9511871 -0.1196518 0.09401473 -0.9883545 -1 0 0 -1 0 0 -1 4.744783E-07 1.824654E-07 -1 1.407454E-07 3.060295E-07 -1 0 0 -1 0 0 -1 7.839057E-09 1.704484E-08 -1 2.71102E-07 1.04255E-07 -1 3.611949E-07 1.389011E-07 -1 9.77484E-08 2.12539E-07 -3.064841E-08 -1.462977E-08 -1 5.478594E-08 1.50171E-07 -1 -1 0 0 -1 -8.003159E-07 -2.049899E-08 -1 0 0 -1 0 0 -1 0 0 -1 0 0 -1 0 0 -1 -4.951653E-07 -1.787222E-07 -1 2.511367E-07 5.348218E-07 -1 0 0 -1 0 0 -1 -2.212301E-07 4.805996E-07 -1 -1.426109E-07 5.478866E-08 -1 3.407393E-08 7.408858E-08 -1 -5.284489E-07 -2.032204E-07 -1 0 0 -1 0 0 -1 0 0 -1 0 0 -1 0 0 -1 2.185154E-07 4.653511E-07 -1 -3.306845E-07 1.194744E-07 -1 0 0 -1 0 0 -1 -4.770042E-07 0 -1 -5.981805E-07 -1.532157E-08 -1 -4.964778E-07 -1.79196E-07 -1 0 0 -1 0 0 -1 -6.848467E-07 -2.633647E-07 1.6478E-08 8.408401E-07 -1 -1 0 0 -1 0 0 0 1.316597E-07 -1 -1 0 -6.898055E-08 -1 0 0 2.054459E-08 -5.922881E-08 -1 5.516081E-07 -2.67469E-07 -1 3.984166E-07 1.901809E-07 -1 2.785823E-07 7.636081E-07 -1 -1 0 0 -1 0 0 -0.3826815 0 -0.9238803 -0.3826815 -1.237525E-05 -0.9238803 -0.3761991 -0.01302258 0.9264473 -0.2704886 -0.1414092 0.9522811 0.9257395 -0.01444973 0.3778856 0.951436 -0.1465128 0.2707464 -1 1.504524E-08 3.204042E-08 -1 -1.599195E-08 3.474085E-08 -1 0 3.492589E-08 -1 0 0 -1 0 6.985177E-08 -1 0 9.918225E-07 -1 -6.595275E-07 2.382834E-07 -1 -9.3509E-07 0 -1 3.301745E-07 0 -1 0 0 -1 0 0 0.3826815 -3.540486E-07 0.9238803 0.3826815 0 -0.9238803 0.3826815 0 -0.9238803 -1 0 1.296264E-06 1 0 0 1 1.487012E-07 0 0.3826815 0 -0.9238803 0.4465595 0.13137 0.8850573 0.3826815 -1.138687E-06 0.9238803 1 0 0 1 0 0 1 -9.225833E-07 -2.36307E-08 1 -1.017051E-06 -3.911173E-07 0.4465163 0.1313518 -0.8850818 0.988483 0.09049817 -0.1212911 0.8855141 -0.1333764 0.4450568 0.4465598 0.1313707 0.8850572 -1 2.935357E-08 -6.256697E-08 1 3.76256E-08 8.012763E-08 1 5.549404E-08 1.181803E-07 4.529531E-08 2.196094E-08 1 -0.05865962 0.1182453 0.9912503 -0.3442572 0.1485227 0.9270534 1 3.170005E-08 -6.756848E-08 0.9909096 0.1211695 0.05844674 -1 5.54946E-08 -1.182864E-07 1 5.045966E-08 1.074591E-07 0.05861377 -0.1181656 0.9912625 2.607066E-07 1.264008E-07 1 1 0 0 0.6876264 -0.08648142 -0.7208959 0.8866632 0.1825591 -0.4248535 0.7207848 0.08761379 -0.6875995 0.7207714 0.0875981 0.6876156 0.1975686 0.07254831 0.9776008 1 -9.178088E-08 1.993844E-07 1 0 0 1.073632E-06 -5.124894E-07 1 1 -1.604659E-07 -3.489087E-07 0.993015 -0.1143035 0.02925561 -1 -1.599195E-08 3.474085E-08 -1 -1.409465E-08 5.414922E-09 -1 -1.599195E-08 3.474085E-08 1 4.25045E-08 -9.23366E-08 -1 1.256106E-07 2.731212E-07 -1 1.115522E-07 2.425533E-07 -4.399043E-07 2.099847E-07 1 1 -2.982036E-07 -6.483983E-07 0.9930043 -0.1143869 -0.02929352 -0.3826815 9.081484E-08 0.9238803 0.3826815 0 0.9238803 0.3826815 0 0.9238803 -0.8866639 0.1825576 -0.4248529 -0.3762704 0.01093709 -0.9264453 -1 0 -3.940063E-08 -1 0 0 -1 0 0 -1 0 -1.913025E-08 -1 0 0 -1 0 -7.285772E-08 -1 0 -6.062199E-07 -0.4465184 0.1313585 -0.8850798 -0.3826815 1.971399E-06 -0.9238803 -0.9238803 -7.454435E-08 -0.3826815 -1 -2.298581E-07 0 0.3826815 -1.758146E-07 -0.9238803 -0.9238803 0 -0.3826815 -0.9238803 0 -0.3826815 -0.3826815 0 0.9238803 -0.3826815 0 0.9238803 -1 0 -6.481318E-07 -0.3826815 5.943064E-06 0.9238803 -0.4465484 0.1313767 0.885062 -0.4465488 0.131378 0.8850616 -0.8855147 -0.1333746 0.4450562 -0.8855292 -0.1333009 -0.4450493 -0.7519819 -0.191171 -0.6308541 -0.1320499 -0.08133519 -0.9879005 -1 -4.152514E-08 8.851059E-08 -1 3.690427E-08 -7.866124E-08 -3.684932E-07 1.786785E-07 -1 0.05861624 0.1181624 -0.9912627 -1 -6.896627E-08 -1.468708E-07 -0.9909055 0.1211768 -0.058502 -1 0 0 -1 -4.372625E-08 -9.311958E-08 3.060167E-08 -1.483844E-08 -1 -0.6876496 -0.08642104 0.720881 -0.4170654 -0.1818027 0.8905078 -0.9811243 -0.07467639 0.1783777 -0.8866639 0.1825576 -0.4248529 -0.4170915 -0.1817563 -0.8905051 -1 8.795597E-08 1.912469E-07 -1 1.104967E-07 2.402582E-07 -2.355171E-08 -1.12422E-08 -1 0.03036339 -0.1176106 -0.9925955 -1 -2.15945E-07 4.69118E-07 -0.9930043 -0.1143872 -0.02929244 -1 0 0 -1 0 0 0 0 -1 -0.3769847 -0.01351495 0.9261209 -1 7.978505E-08 1.734805E-07 -0.9909096 0.1211695 0.05844674 -1 0 0 -1 0 0 -1 0 0 -1 0 0 -1 -5.042951E-07 0 -1 -2.983279E-07 0 -1 0 0 -1 0 0 -0.0303744 0.1176086 -0.9925954 -1 2.771112E-07 0 -1 -1.077685E-09 2.759988E-11 -1 -2.685076E-07 -1.032573E-07 -1 2.720948E-08 5.916287E-08 -1 -1.618915E-08 3.450707E-08 -1 0 0 -1 0 4.036361E-08 -1 0 1.607975E-08 -1 1.324241E-08 0 -1 0 0 -1 0 0 -1 -2.308599E-07 0 -1 -1.882215E-07 -6.793562E-08 -1 0 0 -1 0 0 -1 -4.622877E-08 -9.844896E-08 -1 1.413532E-07 3.073511E-07 1 -9.097767E-10 1.976396E-09 1 -1.42903E-08 3.104419E-08 1 1.35532E-08 2.886295E-08 1 0 0 -1 4.634498E-07 1.187063E-08 1 5.051276E-08 -1.940614E-08 1 -9.630124E-10 2.466307E-11 1 4.217022E-07 -1.080133E-08 1 3.189379E-07 -1.225305E-07 -1 0 -4.312077E-09 -1 0 -3.762232E-08 -1 -5.309686E-09 -1.154511E-08 -1 1.446652E-08 -3.083529E-08 -1 -6.620585E-07 2.391978E-07 -1 -9.390978E-07 0 -1 -5.150929E-07 0 -1 -5.258369E-07 0 1 3.880757E-08 1.400699E-08 1 0 0 1 2.083042E-07 0 1 1.897576E-07 6.849006E-08 1 0 0 1 7.012372E-08 1.493357E-07 -1 5.581289E-08 -1.189648E-07 1 9.684901E-08 -2.103944E-07 1 -1.42903E-08 3.104419E-08 -1 0 -5.756766E-07 -1 0 -8.646854E-07 -1 0 1.130208E-06 -1 0 5.467351E-07 -1 0 6.272539E-07 -1 0 3.225386E-07 -1 0 5.261909E-07 -1 0 3.099368E-07 -1 0 -1.02853E-06 -1 0 -2.159488E-08 -1 0 3.837462E-07 -1 0 2.979555E-07 1 0 0 1 0 0 1 0 0 1 0 0 1 0 0 1 0 0 1 0 0 1 0 0 1 0 0 1 0 -1.962719E-08 1 0 -3.522016E-07 1 0 -5.239171E-08 1 0 4.985476E-06 1 0 6.587416E-06 1 0 4.581254E-06 1 0 -1.542093E-06 1 0 -4.426635E-07 1 0 -6.279476E-08 1 0 0 1 0 0 1 0 0 1 0 0 1 0 0 1 0 0 1 0 0 1 0 0 0.9238803 0 -0.3826815 0.9238803 0 -0.3826815 0.6260833 0.1984996 -0.7540674 0.6876251 -0.08648091 -0.7208973 0.4170912 -0.1817556 -0.8905054 -0.03037439 -0.1176086 0.9925954 0.03036274 -0.1176108 -0.9925955 0.05861562 0.1181627 -0.9912627 1 0 4.893695E-07 1 0 -8.420457E-08  
			<BiTangents>: 481 0 1 0 0 1 0 0 1 0 -1.113708E-05 1 -4.613104E-06 0 1 0 0 1 0 -1.197754E-06 1 -4.961231E-07 0 1 0 -5.604592E-07 1 0 -5.542083E-07 1 0 -2.565675E-07 1 0 -2.628183E-07 1 0 -4.761746E-07 1 1.972368E-07 -1.231918E-06 0 -1 -1.296264E-06 0 -1 0 1 0 0.02459123 -0.9993951 0.02459188 0.003885309 -0.9993216 0.03662271 0.02712206 -0.9992641 -0.02712143 0.03303366 -0.9994469 -0.003830391 -1.987354E-08 0 -1 4.211169E-07 -0.9996722 0.02560523 0 0 -1 -5.610619E-07 -0.9996722 -0.02560523 -1.775188E-08 0 -1 -1.325602E-07 0 -1 -1.249634E-07 0 -1 -2.277803E-09 0 -1 -4.825548E-09 0 -1 -6.17312E-07 1 0 -4.210229E-08 0 -1 5.0426E-07 -0.9996722 -0.02560523 -4.624644E-07 -0.9996722 -0.02560523 0 -0.9996722 0.02560523 4.45E-07 1 0 -8.377731E-07 1 0 0 0 -1 -2.774681E-07 1 0 0 0 -1 -7.486848E-07 1 0 -2.774681E-07 1 0 0 0 -1 -7.679456E-07 1 0 -5.822104E-07 1 0 0 1 -7.581675E-08 0 1 -7.581679E-08 0 1 -7.591972E-08 0 1 -7.591976E-08 0 1 0 0 1 0 0 1 -6.453648E-08 0.01959331 -0.999808 8.254176E-07 -1.098064E-08 0 -1 -1.306042E-07 0 -1 0 0 -1 0 1 0 -4.654714E-07 -0.9996722 0.02560523 0 0 -1 0 0 -1 -2.303937E-07 -0.9996722 -0.02560523 -2.000835E-07 1 0 0 0 -1 0.2757868 0.920805 0.2757896 0.8958268 0.4444034 -3.68181E-08 0.1660793 0.4489243 0.8780004 0.0427154 0.9228804 0.3827105 0.03867112 0.9223333 -0.3844553 0.1779963 0.4491534 -0.8755447 0.8637983 0.4592507 -0.2072229 0.3962425 0.9181459 3.351062E-07 0 0.4250429 0.9051732 -2.830314E-08 0.940607 0.3394975 -3.478798E-07 0.4247341 -0.9053182 3.151435E-07 0.9404989 -0.3397967 2.114544E-07 0.9404989 -0.3397967 -3.811596E-08 0.4247341 -0.9053182 0 0.4250429 0.9051732 0 0.4247341 -0.9053182 4.572458E-07 0.9404989 -0.3397967 -1.683984E-07 0.940607 0.3394975 0 0.4250429 0.9051732 0.3277499 0.9447646 -2.7468E-08 0.8998174 0.4362668 -2.757467E-07 1.370016E-08 0.9404989 -0.3397967 -9.297924E-07 0.4247341 -0.9053182 -2.530764E-07 0.940607 0.3394975 -4.683114E-07 0.4250429 0.9051732 0.9682286 -0.2500668 -9.058354E-08 0.3374017 -0.8788175 0.3374016 0.04117772 -0.8851555 0.4634696 0.07393743 -0.2559139 0.963868 0.0733704 -0.2557304 -0.9639599 0.3452467 -0.8727047 -0.345241 0.448 -0.8925414 -0.05163193 0.9629086 -0.2584089 -0.07766525 3.536404E-07 -0.9334809 0.3586273 0 -0.4181464 0.9083797 -5.16779E-07 -0.933363 -0.3589341 -3.730333E-07 -0.4178366 -0.9085222 2.722466E-09 -0.4181464 0.9083797 1.509903E-08 -0.9334809 0.3586273 -7.776251E-08 -0.4181464 0.9083797 -6.607984E-08 -0.9334809 0.3586273 -3.987769E-07 -0.933363 -0.3589341 -2.129089E-08 -0.4178366 -0.9085222 0.9024568 -0.4307804 2.354101E-08 0.342728 -0.9394347 1.299068E-06 -6.228568E-07 -0.4178366 -0.9085222 -3.775127E-07 -0.933363 -0.3589341 -1.003743E-06 -0.4181464 0.9083797 -4.520218E-07 -0.9334809 0.3586273 0 1 2.646114E-07 0 0 -1 0.01959331 -0.999808 4.984178E-07 0 0 -1 -1.015631E-07 0 -1 0 0 -1 0.3277772 0.9447551 2.726118E-07 0.8998174 0.4362668 -1.105198E-06 0.9024568 -0.4307804 -1.04426E-06 0.342728 -0.9394347 3.396012E-07 2.462237E-08 1 -1.019886E-08 1.279146E-08 1 -3.088151E-08 0 1 0 0 1 0 0 1 0 0 1 0 0 1 0 1.375686E-09 1 -3.32122E-09 -5.342038E-07 1 0 -5.398763E-07 1 0 -2.832984E-07 1 0 -2.776258E-07 1 0 -3.475316E-08 1 -8.390205E-08 3.642886E-08 0 -1 5.089212E-07 1 -2.108008E-07 1.247861E-06 0 -1 -0.03458893 -0.9994016 -1.019263E-06 -0.00398773 -0.9993227 -0.03658088 -0.003986868 -0.9993227 0.03658123 -0.02459125 -0.9993951 0.02459182 1.986346E-08 0 -1 0 -0.9996722 0.02560523 3.092905E-07 1 0 -5.612882E-07 -0.9996722 -0.02560523 1.379611E-07 0 -1 7.086769E-09 0 -1 2.276648E-09 0 -1 1.291161E-08 0 -1 -4.782904E-07 1 0 0 0 -1 0 0 -1 0 1 0 -5.59445E-07 1 0 2.750714E-07 1 0 0 1 0 0 -0.9996722 0.02560523 -1.75247E-07 1 0 -4.056958E-07 -0.9996722 -0.02560523 1.078039E-09 -0.9996722 0.02560523 0 0 -1 -6.305544E-07 1 0 -5.634586E-07 1 0 -5.527147E-07 1 0 3.358748E-08 0 -1 0 1 0 -1.511113E-07 1 0 0 1 0 0 1 0 0 1 -6.023897E-07 0 1 -4.49626E-07 0 1 -2.294805E-07 0 1 -7.584076E-08 0 1 3.115902E-07 -0.01959331 -0.999808 0 7.332924E-08 0 -1 0 0 -1 0 0 -1 2.163304E-08 0 -1 -0.3962304 0.9181511 -1.329838E-07 -0.6434186 0.4147501 -0.6434243 -0.1834117 0.4493752 -0.8743123 -0.04001466 0.9224918 -0.3839371 -0.03999662 0.9225655 0.3837619 -0.1688546 0.4490549 0.877404 -0.8663687 0.4590526 0.1966624 -0.3939488 0.9191136 0.005866309 0 0.4250429 0.9051732 -2.119231E-07 0.940607 0.3394975 -3.118411E-07 0.4247341 -0.9053182 3.000081E-07 0.9404989 -0.3397967 -1.395959E-07 0.9404989 -0.3397967 0 0.4247341 -0.9053182 2.625974E-07 0.940607 0.3394975 0 0.4250429 0.9051732 -1.948131E-08 0.940607 0.3394975 -0.3277132 0.9447773 1.520058E-07 -0.8997996 0.4363035 5.222393E-08 -0.6823307 -0.2623931 -0.6823303 -0.4633433 -0.8861789 -5.594029E-07 -0.04958622 -0.8859261 -0.4611683 -0.0760758 -0.2559908 -0.9636811 -0.08647644 -0.2571044 0.9625067 -0.02044083 -0.8825853 0.4697075 -0.4497986 -0.8919634 0.04563449 -0.961287 -0.2598584 0.09165658 0 -0.9334809 0.3586273 0 -0.4181464 0.9083797 -5.083535E-07 -0.933363 -0.3589341 -3.368432E-07 -0.4178366 -0.9085222 0 -0.4181464 0.9083797 0 -0.9334809 0.3586273 -1.876106E-08 -0.4178366 -0.9085222 -2.904572E-07 -0.933363 -0.3589341 -3.869822E-07 -0.933363 -0.3589341 -2.339393E-07 -0.4178366 -0.9085222 -0.9024568 -0.4307804 3.396108E-08 -0.342728 -0.9394347 -1.598526E-07 0 0 -1 8.005784E-07 -0.9996722 -0.02560523 0 0 -1 0 0 -1 0 -0.9996722 0.02560523 0 1 0 0 0 -1 -5.264317E-07 0.940607 0.3394975 5.908502E-07 0.4250429 0.9051732 0 0.9404989 -0.3397967 0 0.4247341 -0.9053182 5.290735E-07 -0.4181464 0.9083797 1.527733E-07 -0.9334809 0.3586273 -8.154846E-08 -0.4178366 -0.9085222 5.661774E-07 -0.933363 -0.3589341 0 0 -1 0 0 -1 0 -0.9996722 0.02560523 0 0 -1 0 0 -1 5.141018E-07 0.4250429 0.9051732 -3.516054E-07 0.9404989 -0.3397967 0 -0.9334809 0.3586273 0 -0.4178366 -0.9085222 -4.770042E-07 1 0 5.983767E-07 -0.9996722 -0.02560523 -5.278271E-07 0.940607 0.3394975 0 0.4247341 -0.9053182 0 -0.4181464 0.9083797 7.337411E-07 -0.933363 -0.3589341 -0.01959331 -0.999808 -8.410015E-07 0 0 -1 0 0 -1 0 1 1.316597E-07 6.898055E-08 0 -1 0 0 -1 -0.3277132 0.9447773 -6.269077E-08 -0.8997996 0.4363035 -6.130344E-07 -0.9024568 -0.4307804 -4.4148E-07 -0.342728 -0.9394347 -8.128379E-07 0 0 -1 0 0 -1 0 1 0 -4.735779E-06 1 -1.143325E-05 0.03459022 -0.9994016 -2.140594E-06 0.4632937 -0.8862048 -1.983834E-06 -5.022407E-07 -0.9992698 -0.03820923 -6.739542E-07 -0.8794854 -0.4759258 3.5397E-08 0.4250429 0.9051732 3.824486E-08 -0.4181464 0.9083797 -3.492589E-08 0 -1 0 0 -1 -6.985177E-08 0 -1 -9.918225E-07 0 -1 -7.012529E-07 0.9404989 -0.3397967 -9.3509E-07 1 0 3.301745E-07 1 0 0 0 -1 0 0 -1 1.354879E-07 1 3.270985E-07 0 1 0 0 1 0 -1.296264E-06 0 -1 0 1 0 -1.487012E-07 1 0 0 1 0 0.2758587 0.9207636 -0.2758557 4.357547E-07 1 1.052011E-06 0 0.4247341 -0.9053182 0 -0.4178366 -0.9085222 -9.228859E-07 -0.9996722 -0.02560523 -1.089663E-06 -0.933363 -0.3589341 0.2757885 0.9208055 0.2757863 0.06924706 0.4421698 0.8942543 0.278361 0.919256 -0.2783588 0.2758584 0.9207635 -0.2758563 6.911048E-08 0.4247341 -0.9053182 -8.852188E-08 0.4250429 0.9051732 -1.30561E-07 0.4250429 0.9051732 0.8998174 0.4362668 -5.033833E-08 0.8958268 0.4444035 2.472305E-07 0.3961352 0.9181922 1.041771E-08 -7.463507E-08 0.4247341 -0.9053182 -2.364485E-09 0.4344545 -0.9006938 1.306573E-07 0.4247341 -0.9053182 -1.187166E-07 0.4250429 0.9051732 0.8958451 0.4443665 -3.630174E-08 0.8998174 0.4362668 -2.897328E-07 0 0.4247341 -0.9053182 0.6823189 -0.2624616 0.6823157 0.3450499 -0.8728591 0.3450475 0.6830277 -0.2587559 0.6830217 0.6830574 -0.2586065 -0.6830485 0.9483681 -0.2665622 -0.1718791 -2.194946E-07 -0.4181464 0.9083797 0 -0.4181464 0.9083797 0.9024568 -0.4307804 -1.189677E-06 -3.840399E-07 -0.4178366 -0.9085222 -1.06334E-06 -0.2479626 -0.9687696 3.824486E-08 -0.4181464 0.9083797 1.509903E-08 -0.9334809 0.3586273 3.824486E-08 -0.4181464 0.9083797 1.016498E-07 -0.4181464 0.9083797 -3.006214E-07 -0.4178366 -0.9085222 -2.669757E-07 -0.4178366 -0.9085222 0.9024568 -0.4307804 4.874519E-07 -7.136846E-07 -0.4178366 -0.9085222 1.41271E-08 -0.2480855 0.9687381 3.475316E-08 1 -8.390205E-08 0 1 0 0 1 0 -0.3450483 -0.8728593 0.3450482 -0.03380512 -0.9994266 0.001931092 3.940063E-08 0 -1 0 0 -1 0 0 -1 1.913025E-08 0 -1 0 0 -1 7.285772E-08 0 -1 6.062199E-07 0 -1 -0.2757851 0.9208044 0.2757928 7.544181E-07 1 1.821337E-06 -6.887006E-08 1 -2.852675E-08 -2.298581E-07 1 0 6.728101E-08 1 -1.624317E-07 0 1 0 0 1 0 0 1 0 0 1 0 6.481318E-07 0 -1 2.274301E-06 1 -5.49068E-06 -0.2758508 0.9207664 -0.2758541 -0.2758501 0.9207663 -0.2758554 -0.2783592 0.9192563 -0.2783597 -0.2782218 0.9193378 0.2782275 -0.6453038 0.4088492 0.6453102 -0.8879682 0.4526391 0.08142589 -9.776739E-08 0.4247341 -0.9053182 8.688795E-08 0.4247341 -0.9053182 -0.8997996 0.4363035 4.095281E-07 -0.8958328 0.4443912 -3.325922E-08 -1.622572E-07 0.4250429 0.9051732 -2.638804E-07 0.4347646 0.9005442 0 0.4250429 0.9051732 -1.028749E-07 0.4250429 0.9051732 -0.8997996 0.4363035 -3.400943E-08 -0.6823295 -0.262393 -0.6823316 -0.3374514 -0.8787791 -0.3374521 -0.1532123 -0.2626294 -0.9526552 -0.3450483 -0.8728593 0.3450482 -0.3374017 -0.8788175 0.3374017 -2.105033E-07 -0.4178366 -0.9085222 -2.644494E-07 -0.4178366 -0.9085222 -0.9024568 -0.4307804 2.609732E-08 -0.9682528 -0.2499729 2.494838E-08 5.164339E-07 -0.4181464 0.9083797 1.098399E-06 -0.2480853 0.9687382 0 -0.4181464 0.9083797 0 -0.4181464 0.9083797 -0.9024568 -0.4307804 0 -0.02459038 -0.999395 -0.02459395 -1.90948E-07 -0.4178366 -0.9085222 -9.603599E-10 0.4344545 -0.9006938 0 0.4247341 -0.9053182 0 0 -1 0 -0.4181464 0.9083797 0 0.4250429 0.9051732 -5.042951E-07 1 0 -2.983279E-07 1 0 0 -0.4178366 -0.9085222 0 0.4247341 -0.9053182 -0.9682286 -0.2500667 -6.394242E-07 2.771112E-07 1 0 1.078039E-09 -0.9996722 0.02560523 2.876776E-07 -0.933363 -0.3589341 -6.511989E-08 -0.4178366 -0.9085222 -3.811596E-08 0.4247341 -0.9053182 0 0 -1 -4.036361E-08 0 -1 -1.607975E-08 0 -1 1.324241E-08 1 0 0 1 0 0 1 0 -2.308599E-07 1 0 -2.001064E-07 0.940607 0.3394975 0 0 -1 0 0.4250429 0.9051732 -1.087626E-07 0.4250429 0.9051732 -3.382979E-07 -0.4178366 -0.9085222 -2.175738E-09 -0.4181464 0.9083797 -3.417535E-08 -0.4181464 0.9083797 -3.188666E-08 0.4250429 0.9051732 0 0.4250429 0.9051732 -4.636018E-07 -0.9996722 -0.02560523 5.411227E-08 -0.9334809 0.3586273 -9.633283E-10 -0.9996722 0.02560523 4.218405E-07 -0.9996722 0.02560523 3.416652E-07 -0.9334809 0.3586273 4.312077E-09 0 -1 3.762232E-08 0 -1 1.270757E-08 -0.4178366 -0.9085222 3.406018E-08 0.4247341 -0.9053182 -7.03944E-07 0.9404989 -0.3397967 -9.390978E-07 1 0 -5.150929E-07 1 0 -5.258369E-07 1 0 -4.125801E-08 0.940607 0.3394975 0 1 0 -2.083042E-07 1 0 -2.017395E-07 0.940607 0.3394975 0 0.4250429 0.9051732 -1.649803E-07 0.4250429 0.9051732 1.314067E-07 0.4247341 -0.9053182 2.316151E-07 -0.4181464 0.9083797 -3.417535E-08 -0.4181464 0.9083797 5.756766E-07 0 -1 8.646854E-07 0 -1 -1.130208E-06 0 -1 -5.467351E-07 0 -1 -6.272539E-07 0 -1 -3.225386E-07 0 -1 -5.261909E-07 0 -1 -3.099368E-07 0 -1 1.02853E-06 0 -1 2.159488E-08 0 -1 -3.837462E-07 0 -1 -2.979555E-07 0 -1 0 0 1 0 0 1 0 0 1 0 0 1 0 0 1 0 0 1 0 0 1 0 0 1 0 0 1 -1.962719E-08 0 -1 -3.522016E-07 0 -1 -5.239171E-08 0 -1 4.985476E-06 0 -1 6.587416E-06 0 -1 4.581254E-06 0 -1 -1.542093E-06 0 -1 -4.426635E-07 0 -1 -6.279476E-08 0 -1 0 0 1 0 0 1 0 0 1 0 0 1 0 0 1 0 0 1 0 0 1 0 0 1 0 1 0 0 1 0 0.6434021 0.4148184 0.6433968 0.6823204 -0.2624618 0.6823143 0.337402 -0.8788176 0.337401 0.9682286 -0.2500667 -6.502241E-07 -0.9682529 -0.2499728 6.83223E-07 -0.8958328 0.4443911 6.504457E-07 4.893695E-07 0 -1 -8.420457E-08 0 -1  
			<SubMeshes>: 2
				<SubMesh>: 0 1314 47 46 2 47 2 7 43 42 0 43 0 5 4 471 472 4 472 1 6 260 261 6 261 3 40 37 10 40 10 11 84 107 91 84 91 67 118 119 87 118 87 63 101 96 70 101 70 80 92 18 19 92 19 93 88 16 17 88 17 89 83 55 34 83 34 78 117 111 50 117 50 81 66 15 55 66 55 83 120 113 262 120 262 263 59 264 265 59 265 108 64 90 109 64 109 86 266 267 99 266 99 76 97 23 32 97 32 103 85 60 12 85 12 65 102 33 21 102 21 95 26 13 268 86 109 101 86 101 80 67 91 94 67 94 68 27 36 38 27 38 20 22 269 41 22 41 24 270 14 25 114 112 36 114 36 27 115 271 13 115 13 26 104 77 72 104 72 98 272 273 274 272 274 73 28 27 20 28 20 30 473 474 90 473 90 64 58 26 268 58 268 275 276 270 25 276 25 57 81 50 277 81 277 69 49 48 37 49 37 40 116 115 26 116 26 58 9 8 35 9 35 39 39 35 42 39 42 43 278 279 44 278 44 45 45 44 46 45 46 47 6 3 48 6 48 49 57 25 53 57 53 61 68 94 105 68 105 82 25 14 280 25 280 53 24 41 54 24 54 52 110 89 17 110 17 56 71 281 282 71 282 79 62 65 12 62 12 283 41 57 61 41 61 54 112 116 58 112 58 36 79 282 60 79 60 85 66 284 285 66 285 15 269 276 57 269 57 41 36 58 275 36 275 38 286 287 107 286 107 84 288 59 108 288 108 289 102 110 56 102 56 33 93 19 51 93 51 106 290 473 64 62 291 65 292 67 68 292 68 293 74 75 294 74 294 73 79 295 296 79 296 71 117 297 298 117 298 299 83 300 301 83 301 66 73 294 302 73 302 272 85 303 295 85 295 79 69 304 305 69 305 81 78 306 300 78 300 83 65 291 303 65 303 85 307 475 308 307 308 309 310 92 93 310 93 311 312 102 95 312 95 313 314 120 263 314 263 476 315 108 265 315 265 316 317 318 100 317 100 319 320 110 102 320 102 312 321 97 103 321 103 322 311 93 106 311 106 323 324 289 108 324 108 315 325 89 110 325 110 320 323 106 120 323 120 314 81 305 297 81 297 117 54 61 116 54 116 112 61 53 115 61 115 116 53 280 271 53 271 115 52 54 112 52 112 114 106 51 113 106 113 120 299 326 111 299 111 117 82 105 119 82 119 118 172 171 123 172 123 126 168 167 121 168 121 127 125 327 328 125 328 124 121 122 128 121 128 127 153 149 129 153 129 130 163 162 131 163 131 132 203 139 140 329 330 204 231 228 181 231 181 201 190 143 157 190 157 191 244 242 154 244 154 193 257 248 174 257 174 217 217 174 137 217 137 199 230 222 139 230 139 203 211 206 142 211 142 156 187 207 210 187 210 194 254 251 133 254 133 186 213 158 144 213 144 208 227 223 135 227 135 182 229 202 184 229 184 226 331 148 134 234 151 332 234 332 333 334 160 164 334 164 146 236 335 150 236 150 233 336 145 136 259 249 151 259 151 234 337 252 148 337 148 331 212 209 189 212 189 192 180 198 201 180 201 181 249 253 147 249 147 151 166 165 149 166 149 153 335 334 146 335 146 150 151 147 141 151 141 332 183 338 339 183 339 340 132 131 155 132 155 152 184 202 205 184 205 185 193 154 341 193 341 188 179 342 173 179 173 196 197 216 477 197 477 478 343 344 165 343 165 166 152 155 167 152 167 168 345 346 169 345 169 170 170 169 171 170 171 172 150 146 176 150 176 177 255 256 216 255 216 197 136 145 175 136 175 347 146 164 178 146 178 176 233 150 177 233 177 237 135 348 349 135 349 182 350 180 181 350 181 351 352 353 354 352 354 186 191 355 356 191 356 190 196 357 358 196 358 179 225 359 360 225 360 183 239 245 355 239 355 191 188 361 362 188 362 193 254 363 357 254 357 196 232 200 138 232 138 219 364 365 200 364 200 366 202 367 368 202 368 205 369 213 208 369 208 370 371 217 199 371 199 372 373 230 203 373 203 374 375 206 211 375 211 376 241 247 213 241 213 369 370 208 214 370 214 215 377 257 217 377 217 371 378 138 200 378 200 365 366 200 232 366 232 379 246 240 230 246 230 373 247 232 219 247 219 243 182 380 381 182 381 227 244 238 359 244 359 225 145 220 224 145 224 175 252 258 221 252 221 148 336 382 220 336 220 145 148 221 218 148 218 134 383 229 226 383 226 384 239 385 223 239 223 227 240 235 222 240 222 230 183 340 386 183 386 225 387 388 228 387 228 231 212 192 388 212 388 387 211 156 235 211 235 240 191 157 385 191 385 239 210 383 384 210 384 194 193 362 238 193 238 244 213 247 243 213 243 158 376 211 240 376 240 246 379 232 247 379 247 241 227 381 245 227 245 239 220 233 237 220 237 224 258 259 234 258 234 221 382 236 233 382 233 220 221 234 333 221 333 218 225 386 242 225 242 244 224 237 259 224 259 258 175 224 258 175 258 252 389 204 257 389 257 377 186 354 363 186 363 254 185 205 256 185 256 255 177 176 253 177 253 249 347 175 252 347 252 337 176 178 250 176 250 253 237 177 249 237 249 259 196 173 251 196 251 254 204 330 248 204 248 257 29 161 8 29 8 9 73 274 390 73 390 74 100 318 391 100 391 159 392 31 23 392 23 97 393 98 72 393 72 394 395 114 27 395 27 28 396 22 24 396 24 397 11 10 398 11 398 399 195 400 401 195 401 402 397 24 52 397 52 403 402 404 405 402 405 195 406 392 97 406 97 321 403 52 114 403 114 395 407 408 409 407 409 410 208 144 411 208 411 214 412 413 414 412 414 415 147 416 417 147 417 141 253 250 416 253 416 147 418 419 189 418 189 209 420 421 143 420 143 190 130 129 422 130 422 423 424 425 426 424 426 427 427 428 429 427 429 424 190 356 430 190 430 420 431 412 415 431 415 432  
				<SubMesh>: 1 78 433 434 435 435 436 433 436 437 433 437 438 433 438 439 440 440 433 438 440 441 433 440 442 441 440 443 442 440 444 443 445 446 447 448 449 446 450 451 449 452 453 451 479 480 454 454 455 479 455 456 479 456 457 479 457 458 479 458 459 479 459 460 479 460 461 479 461 462 479 463 464 465 466 467 464 468 469 470  
		</Mesh>
		<Materials>: 2
			<Material>: 0
				<AlbedoColor>: 1 1 1 1
				<EmissiveColor>: 0 0 0 0
				<Glossiness>: 0
				<Metallic>: 0
				<SpecularHighlight>: 1
				<GlossyReflection>: 1
				<AlbedoMap>: BLD_BrickHouse1_A
				<MetallicMap>: BLD_BrickHouse1_MS
				<NormalMap>: BLD_BrickHouse1_N
				<EmissionMap>: null
				<DetailAlbedoMap>: DET_Concrete1_A
				<DetailNormalMap>: DET_Concrete1_N
			<Material>: 1
				<AlbedoColor>: 1 1 1 1
				<EmissiveColor>: 0 0 0 0
				<Glossiness>: 0.04
				<Metallic>: 0
				<SpecularHighlight>: 1
				<GlossyReflection>: 1
				<AlbedoMap>: GR_Moss1_AS
				<MetallicMap>: null
				<NormalMap>: GR_Dirt1_N
				<EmissionMap>: null
				<DetailAlbedoMap>: null
				<DetailNormalMap>: null
		</Materials>
		<Children>: 0
	</Frame>
</Hierarchy>
