<Hierarchy>:
	<Frame>: 0 7 Struct_Fence1_Column_A_DM
		<Transform>: 0 0 0 0 0 0 1 1 1 0 0 0 1  
		<TransformMatrix>: 1 0 0 0 0 1 0 0 0 0 1 0 0 0 0 1  
		<BoxCollider>: 1 -0.001712784 2.629953 -0.0005574375 0.8999996 5.308179 0.9000006  
		<Mesh>: 338 Struct_Fence1_Column_A_DM
			<Bounds>: -0.001712784 2.629953 -0.0005574375 0.4499998 2.654089 0.4500003
			<Positions>: 338 0.448287 -0.02413658 0.4494425 -0.4517126 -0.02413658 0.4494425 0.448287 -0.02413647 -0.4505571 -0.4517126 -0.02413647 -0.4505571 0.448287 0.8758639 0.4494425 0.448287 1.775864 0.4494425 0.448287 2.675864 0.4494425 0.448287 3.575864 0.4494425 -0.4517126 2.675864 0.4494425 -0.4517126 1.775864 0.4494425 -0.4517126 0.875864 0.4494425 -0.4517126 3.575864 -0.4505571 -0.4517126 2.675864 -0.4505571 -0.4517126 1.775864 -0.4505571 -0.4517126 0.875864 -0.4505571 0.448287 4.475864 -0.4505576 0.448287 3.575864 -0.4505571 0.448287 2.675864 -0.4505571 0.448287 1.775864 -0.4505571 0.448287 0.8758639 -0.4505571 -0.4517126 -0.02413657 0.40657 0.448287 -0.02413657 0.40657 0.448287 3.575864 0.40657 0.448287 2.675864 0.40657 0.448287 1.775864 0.40657 0.448287 0.8758639 0.40657 -0.4517126 2.675864 0.40657 -0.4517126 1.775864 0.40657 -0.4517126 0.875864 0.40657 0.448287 -0.02413647 -0.4204253 0.412324 -0.02413658 0.4494425 0.448287 4.475864 -0.4204253 0.448287 3.575864 -0.4204253 0.448287 2.675864 -0.4204253 0.448287 1.775864 -0.4204253 0.448287 0.8758639 -0.4204253 -0.4517126 -0.02413647 -0.4204253 -0.4517126 3.575864 -0.4204253 -0.4517126 2.675864 -0.4204253 -0.4517126 1.775864 -0.4204253 -0.4517126 0.875864 -0.4204253 0.412324 -0.02413647 -0.4505571 0.412324 4.475864 -0.4505576 0.412324 3.575864 -0.4505571 0.412324 2.675864 -0.4505571 0.412324 1.775864 -0.4505571 0.412324 0.8758639 -0.4505571 0.412324 4.475864 0.4494425 0.412324 3.575864 0.4494425 0.412324 2.675864 0.4494425 0.412324 1.775864 0.4494425 0.412324 0.8758639 0.4494425 0.412324 -0.02413657 0.40657 0.412324 -0.02413647 -0.4204253 -0.41788 -0.02413647 -0.4505571 -0.41788 -0.02413658 0.4494425 -0.41788 3.575864 -0.4505571 -0.41788 2.675864 -0.4505571 -0.41788 1.775864 -0.4505571 -0.41788 0.875864 -0.4505571 -0.41788 3.575864 0.4494425 -0.41788 2.675864 0.4494425 -0.41788 1.775864 0.4494425 -0.41788 0.875864 0.4494425 -0.41788 -0.02413657 0.40657 -0.41788 -0.02413647 -0.4204253 -0.4517126 0.03809754 0.4494425 -0.4517126 0.03809754 -0.4505571 0.448287 0.03809743 -0.4505571 0.448287 0.03809743 0.4494425 0.448287 0.03809744 0.40657 -0.4517126 0.03809755 0.40657 0.448287 0.03809743 -0.4204253 -0.4517126 0.03809754 -0.4204253 0.412324 0.03809743 -0.4505571 0.412324 0.03809743 0.4494425 -0.41788 0.03809754 -0.4505571 -0.41788 0.03809754 0.4494425 0.412324 4.885213 -0.4505576 -0.2217712 4.475864 -0.4505576 0.2246744 5.05001 -0.4505577 0.2362835 5.070174 -0.4204253 -0.2217713 4.475864 0.4494425 0.4197854 4.502847 0.4174119 0.01515952 4.888096 0.4140055 -0.1389466 4.798878 0.4494429 -0.1735305 4.631721 0.4494429 0.2991104 5.179298 -0.3491121 -0.2484588 4.389637 0.4494429 0.1895981 4.989086 -0.4505577 -0.1389466 4.798878 -0.4505577 -0.1735306 4.631721 -0.4505577 0.1895981 4.989086 -0.157902 0.412324 5.258793 -0.02844483 0.2573963 5.054925 -0.4247743 -0.1735306 4.631721 -0.4204253 -0.1389466 4.798878 -0.4204253 0.1895981 4.989086 -0.4204253 -0.2484588 4.389637 0.4065691 -0.2217713 4.475864 0.4065691 -0.1735305 4.631721 0.4065691 -0.1389466 4.798878 0.4065691 0.1895981 4.989086 0.2192677 0.2953054 4.767237 0.4305704 -0.2457452 4.398405 -0.3941059 -0.41788 4.268372 -0.251946 -0.4517126 4.244156 -0.2802028 -0.2399253 4.417209 -0.4505577 -0.4517126 3.901167 -0.4505573 -0.41788 3.854114 -0.4505573 -0.4517126 3.935189 -0.4204253 0.412324 4.753895 -0.4505576 -0.4517126 3.952069 -0.3674763 0.448287 4.775008 -0.4505576 0.448287 4.796495 -0.4204253 -0.2303332 4.096158 -0.4505575 0.448287 5.083601 -0.274361 0.2991104 5.179298 -0.03854507 0.448287 5.284042 -0.03589952 0.3615722 5.223157 -0.3250032 0.412324 5.258793 -0.1058159 -0.4517126 3.575864 0.3616065 -0.3124335 4.343846 0.4494427 -0.41788 3.671522 0.4494425 -0.41788 4.268372 0.2526956 0.448287 5.153984 -0.2794111 -0.4517126 4.244156 0.2943246 -0.4517126 3.579253 0.4483148 -0.4517126 3.454077 0.4065692 -0.4517125 3.792647 0.2814645 -0.3099206 4.345645 0.4065691 -0.2994971 4.161802 0.4494429 0.448287 4.475864 0.3293223 0.4482869 5.043487 0.2321081 0.448287 4.374159 0.4494425 0.448287 4.41046 0.4065692 0.2149816 4.850278 0.4317626 0.4197593 4.475864 0.4494425 0.4377825 4.504146 0.340154 0.412324 4.502308 0.4494425 0.280758 4.740967 0.4494427 0.448287 4.504904 0.2950599 -0.0004258603 4.879073 0.4494428 0.2991104 5.179298 0.254223 0.412324 5.258793 0.2385924 0.2002808 4.825572 0.4494427 0.4159273 5.072947 0.2369053 0.298978 5.009242 0.262264 0.4263796 5.015504 0.2553 0.4272127 4.472885 0.4215492 0.4401186 4.42518 0.4235771 0.4390773 4.481464 0.3614853 -0.4517126 3.577812 0.4114569 -0.320131 4.172966 0.4284155 -0.4266075 4.230573 0.3199085 -0.4223841 3.687647 0.4270799 -0.4433541 3.762723 0.322964 -0.4346054 4.256401 0.3133773 -0.3337049 4.328621 0.4257524 -0.4204127 3.972441 -0.3792228 -0.2631113 4.074824 -0.4382562 -0.4327629 4.25964 -0.2954453 -0.2629039 4.398433 -0.4320744 -0.2217712 4.475864 -0.4034804 -0.4325659 3.947669 -0.4243087 -0.4315611 3.922861 -0.447064 0.448287 5.06487 -0.03787212 0.448287 4.475864 -0.107758 0.448287 4.940048 -0.3473932 0.448287 4.770367 -0.07281504 0.4182324 4.894222 -0.4336084 0.4344932 5.164987 -0.2866635 0.4293241 5.082399 -0.2874259 0.4302902 5.080897 -0.2885417 0.4382444 4.924736 -0.3762015 0.412324 4.825645 -0.4505576 0.4327529 4.83159 -0.4379656 0.448287 4.787827 0.2619907 0.4314921 4.786237 0.2933443 0.448287 5.284042 0.2088385 0.448287 5.193079 0.2594172 0.3582131 5.125491 0.2454613 0.4142199 5.161012 0.2377048 0.448287 5.237518 0.2347076 -0.4517126 4.244156 -0.008201182 -0.4517125 4.008358 0.2876085 -0.4517126 4.117959 0.2435998 -0.4517126 4.181583 0.2029484 -0.4517126 -0.02413647 -0.4204253 -0.4517126 -0.02413647 -0.4505571 0.448287 -0.02413657 0.40657 -0.4517126 1.775864 0.4494425 -0.4517126 0.875864 0.4494425 -0.4517126 2.675864 0.4494425 -0.41788 -0.02413658 0.4494425 -0.4517126 -0.02413658 0.4494425 0.448287 -0.02413647 -0.4204253 -0.4517126 0.03809754 0.4494425 -0.4517126 -0.02413657 0.40657 -0.4517126 -0.02413658 0.4494425 0.448287 0.03809743 -0.4505571 0.448287 -0.02413647 -0.4505571 0.448287 4.475864 -0.4505576 0.448287 3.575864 -0.4505571 0.448287 2.675864 -0.4505571 0.448287 1.775864 -0.4505571 0.448287 0.8758639 -0.4505571 -0.4517126 3.579253 0.4483148 0.448287 2.675864 0.4494425 0.448287 1.775864 0.4494425 0.448287 0.8758639 0.4494425 0.448287 -0.02413658 0.4494425 0.448287 3.575864 0.4494425 0.412324 -0.02413647 -0.4505571 0.448287 -0.02413647 -0.4505571 -0.41788 -0.02413647 -0.4505571 0.448287 0.03809743 0.4494425 0.412324 -0.02413658 0.4494425 0.448287 -0.02413658 0.4494425 -0.4517126 0.03809754 -0.4505571 -0.4517126 -0.02413647 -0.4505571 -0.4517126 3.575864 -0.4505571 -0.4517126 2.675864 -0.4505571 -0.4517126 1.775864 -0.4505571 -0.4517126 0.875864 -0.4505571 -0.4517126 3.901167 -0.4505573 -0.1389466 4.798878 -0.4505577 -0.1735306 4.631721 -0.4505577 0.448287 5.153984 -0.2794111 0.448287 5.284042 -0.03589952 -0.4517126 4.244156 -0.2802028 -0.4327629 4.25964 -0.2954453 -0.4517126 3.935189 -0.4204253 -0.4517126 3.952069 -0.3674763 -0.4204127 3.972441 -0.3792228 0.2362835 5.070174 -0.4204253 0.2246744 5.05001 -0.4505577 0.4344932 5.164987 -0.2866635 0.448287 5.153984 -0.2794111 0.448287 5.083601 -0.274361 0.3615722 5.223157 -0.3250032 0.412324 5.258793 -0.1058159 0.448287 5.284042 -0.03589952 -0.2484588 4.389637 0.4494429 -0.3124335 4.343846 0.4494427 -0.2994971 4.161802 0.4494429 -0.41788 3.671522 0.4494425 -0.2217713 4.475864 0.4494425 -0.4517126 3.454077 0.4065692 -0.4517126 3.575864 0.3616065 -0.4517126 3.579253 0.4483148 -0.41788 3.671522 0.4494425 -0.4223841 3.687647 0.4270799 -0.4517126 3.952069 -0.3674763 -0.4517126 4.244156 -0.2802028 -0.4517126 4.244156 -0.008201182 -0.3124335 4.343846 0.4494427 -0.3337049 4.328621 0.4257524 0.448287 4.41046 0.4065692 0.448287 4.475864 0.3293223 0.448287 4.374159 0.4494425 -0.1735305 4.631721 0.4494429 -0.1389466 4.798878 0.4494429 -0.0004258603 4.879073 0.4494428 0.4197593 4.475864 0.4494425 0.4314921 4.786237 0.2933443 0.4197854 4.502847 0.4174119 0.448287 4.374159 0.4494425 0.412324 4.502308 0.4494425 0.1895981 4.989086 0.2192677 0.2149816 4.850278 0.4317626 0.01515952 4.888096 0.4140055 -0.0004258603 4.879073 0.4494428 0.2002808 4.825572 0.4494427 0.01515952 4.888096 0.4140055 0.280758 4.740967 0.4494427 0.412324 4.502308 0.4494425 0.2953054 4.767237 0.4305704 0.298978 5.009242 0.262264 0.4263796 5.015504 0.2553 0.2991104 5.179298 0.254223 0.1895981 4.989086 0.2192677 0.2149816 4.850278 0.4317626 0.2002808 4.825572 0.4494427 0.2149816 4.850278 0.4317626 0.4482869 5.043487 0.2321081 0.4159273 5.072947 0.2369053 -0.4517125 3.792647 0.2814645 -0.4346054 4.256401 0.3133773 -0.4517126 4.244156 0.2943246 -0.4517125 3.792647 0.2814645 -0.4433541 3.762723 0.322964 -0.4517125 4.008358 0.2876085 -0.2303332 4.096158 -0.4505575 -0.2399253 4.417209 -0.4505577 -0.2399253 4.417209 -0.4505577 -0.2217712 4.475864 -0.4505576 -0.4517126 3.901167 -0.4505573 -0.2631113 4.074824 -0.4382562 -0.41788 3.854114 -0.4505573 -0.4517126 3.901167 -0.4505573 -0.4315611 3.922861 -0.447064 -0.2303332 4.096158 -0.4505575 -0.4315611 3.922861 -0.447064 -0.2631113 4.074824 -0.4382562 -0.2629039 4.398433 -0.4320744 0.448287 4.504904 0.2950599 0.448287 5.193079 0.2594172 0.4482869 5.043487 0.2321081 0.412324 4.885213 -0.4505576 0.2991104 5.179298 -0.3491121 0.3615722 5.223157 -0.3250032 0.448287 4.940048 -0.3473932 0.448287 4.775008 -0.4505576 0.448287 4.787827 0.2619907 0.412324 4.753895 -0.4505576 0.448287 4.775008 -0.4505576 0.4482869 5.043487 0.2321081 0.1895981 4.989086 -0.4505577 0.2246744 5.05001 -0.4505577 0.412324 4.885213 -0.4505576 0.412324 4.825645 -0.4505576 0.4327529 4.83159 -0.4379656 0.412324 4.885213 -0.4505576 0.4182324 4.894222 -0.4336084 0.448287 4.796495 -0.4204253 0.448287 4.775008 -0.4505576 0.448287 4.940048 -0.3473932 0.4382444 4.924736 -0.3762015 0.412324 5.258793 0.2385924 0.448287 5.237518 0.2347076 0.448287 5.284042 0.2088385 0.412324 5.258793 0.2385924 0.448287 5.237518 0.2347076 0.448287 5.284042 0.2088385 -0.4517126 4.181583 0.2029484 -0.4517126 4.117959 0.2435998 -0.4517125 4.008358 0.2876085  
			<Colors>: 0  
			<TextureCoords0>: 338 0.6845474 0.6242594 0.6450923 0.6242594 0.566182 0.6242594 0.605637 0.6242594 0.6845474 0.5848042 0.6845474 0.5453491 0.6845474 0.505894 0.6845474 0.4664388 0.6450923 0.505894 0.6450923 0.5453491 0.6450923 0.5848042 0.605637 0.4664388 0.605637 0.505894 0.605637 0.5453491 0.605637 0.5848042 0.566182 0.4269837 0.566182 0.4664388 0.566182 0.505894 0.566182 0.5453491 0.566182 0.5848042 0.6056373 0.6618349 0.6864269 0.6242594 0.6864269 0.4664388 0.6864269 0.505894 0.6864269 0.5453491 0.6864269 0.5848042 0.6432128 0.505894 0.6432128 0.5453491 0.6432128 0.5848042 0.566182 0.6255803 0.5677585 0.6637144 0.7226816 0.4269838 0.7226816 0.4664388 0.7226816 0.505894 0.7226816 0.5453491 0.7226816 0.5848042 0.606958 0.6242594 0.606958 0.4664388 0.606958 0.505894 0.606958 0.5453491 0.606958 0.5848042 0.5677585 0.6242594 0.5677585 0.4269837 0.5677586 0.4664388 0.5677585 0.505894 0.5677584 0.5453491 0.5677585 0.5848042 0.6829708 0.4269838 0.6829709 0.4664388 0.6829708 0.505894 0.6829708 0.5453491 0.6829708 0.5848042 0.5677585 0.6618349 0.5677585 0.6255803 0.6041538 0.6242594 0.6465755 0.6242594 0.6041538 0.4664388 0.6041538 0.505894 0.6041538 0.5453491 0.6041538 0.5848042 0.6465755 0.4664388 0.6465755 0.505894 0.6465755 0.5453491 0.6465755 0.5848042 0.6041541 0.6618349 0.6041539 0.6255803 0.6450922 0.6215311 0.6056371 0.6215311 0.566182 0.6215311 0.6845474 0.6215311 0.6864269 0.6215311 0.6432128 0.6215311 0.7226816 0.6215311 0.606958 0.6215311 0.5677584 0.6215311 0.6829708 0.6215311 0.6041538 0.6215311 0.6465755 0.6215311 0.5677585 0.4090382 0.5955566 0.4269837 0.6248857 0.2150679 0.6039709 0.2006187 0.0004604305 0.6862649 0.7300139 0.6074414 0.02483569 0.3916823 0 0.5098863 0.000261901 0.5967757 0.5544416 0.122507 0.0005698265 0.7357737 0.6249165 0.2586412 0.5919257 0.4128231 0.5934418 0.4201511 0.4218844 0.2583719 0.3321306 0.02962726 0.9124594 0.1988699 0.6037392 0.5975758 0.6034771 0.5106863 0.6040118 0.2586135 0.03031371 0.7358131 0.03020411 0.6863043 0.03000591 0.5968152 0.02974397 0.5099254 0.1602204 0.2580251 0.6675699 0.791407 0.5857765 0.7315156 0.4869376 0.8759143 0.5064961 0.903797 0.5963525 0.4295551 0.605637 0.4521779 0.6041538 0.4542406 0.606958 0.4506865 0.5677585 0.414795 0.7420374 0.1992568 0.566182 0.4138694 0.7226816 0.4129276 0.5959319 0.4436296 0.7162784 0.4003412 0.3389835 0.1222212 0.9931415 0.0610494 0.9338514 0.2077196 0.9848774 0.09504521 0.9677846 0.4585687 0.0004847867 0.7884483 0.8925774 1 0.136839 0.8754501 0.9931418 0.2275631 0.1079136 0.9032684 0.6450429 0.4662902 0.6432127 0.4717779 0.6377283 0.4569352 0.03023204 0.7864189 0.8150256 0.6705737 0.7955402 0.5978268 0.7538857 0.339136 0.7272188 0.51674 0.7516041 0.5456818 0.01317387 0.3013223 0.7117783 0.5859116 0.7836937 0.6159869 0.6829708 0.4258245 0.6772031 0.4153619 0.8150255 0.620975 0.0002253047 0.4036074 0.1358736 0.1219519 0.1468716 0.02938157 0.6736751 0.4116529 0.7823179 0.3329763 0.1306627 0.191773 0.7963557 0.9592571 0.7316792 0.5866531 0.7375094 0.554006 0.772262 0.5984457 0.9376619 0.4750074 0.8324193 0.662878 0.9221764 0.6231667 0.8993353 0.9888048 0.9473394 0.3759278 0.09471843 0.8891652 0.01689171 0.8059843 0.7254784 0.2141917 0.6422576 0.2892483 0.5170916 0.8874207 0.6713027 0.5039584 0.5921817 0.6870496 0.9831926 0.9699588 0.9985462 0.9803341 0.7059109 0.4011624 0.7089745 0.4269838 0.71948 0.4066343 0.7074427 0.4140731 0.9237934 0.04948318 0.9837103 0.2244066 0.7989076 0.114399 0.799428 0.1133705 0.8897272 0.0476802 0.5677585 0.4116496 0.9319555 0.3194591 0.8150256 0.8084118 0.7906787 0.8053522 0.1675625 0 0.8034005 0.2516458 0.8330277 0.3219905 0.8147476 0.2830256 0.6939611 0.3935936 0.6250296 0.4371417 0.6379977 0.4474787 0.6360684 0.4426739 0.6342862 0.4398848 0.6056371 0.6255803 0.605637 0.6242594 0.566182 0.6618349 0.6450923 0.5453491 0.6450923 0.5848042 0.6450923 0.505894 0.6041541 0.6637144 0.6056373 0.6637144 0.7226817 0.6242594 0.6450922 0.6215311 0.6432128 0.6242594 0.6450923 0.6242594 0.7240026 0.6215311 0.7240027 0.6242594 0.7240027 0.4269838 0.7240027 0.4664388 0.7240027 0.505894 0.7240027 0.5453491 0.7240027 0.5848042 0.6450429 0.4662902 0.6845474 0.505894 0.6845474 0.5453491 0.6845474 0.5848042 0.566182 0.6637144 0.6845474 0.4664388 0.5677585 0.6242594 0.566182 0.6242594 0.6041538 0.6242594 0.6845474 0.6215311 0.6829708 0.6242594 0.6845474 0.6242594 0.6056371 0.6215311 0.605637 0.6242594 0.605637 0.4664388 0.605637 0.505894 0.605637 0.5453491 0.605637 0.5848042 0.605637 0.4521779 0.6243818 0.5107139 0.6246437 0.5976034 0.7164997 0.3972556 0.7058244 0.391554 0.7529513 0.3989346 0.7447566 0.4094757 0.9797284 0.9850765 0.9433395 0.9764367 0.9527427 0.9519103 0.9133838 0.2154695 0.9338514 0.2150518 0.7547464 0.1495383 0.7529514 0.1371366 0.7876626 0.1044711 0.537801 0.07140416 0.3858074 0.02969849 0.3373514 0.0002248883 0.6540028 0.4307638 0.6511983 0.4327713 0.6517652 0.440752 0.6465755 0.4622453 0.6551727 0.4269838 0.9678077 0.51674 0.6412417 0.4664388 0.91539 0.4871613 0.8849575 0.4397525 0.895987 0.4284676 0.6092793 0.4499464 0.6131052 0.4371417 0.317793 0.9035467 0.824594 0.5487878 0.8427294 0.5587174 0.6864269 0.429851 0.6898133 0.4269838 0.6845474 0.4314424 0.6572876 0.4201511 0.6588036 0.4128232 0.6648762 0.4093075 0.6832968 0.4269838 0.7906787 0.8053522 0.7300139 0.6074414 0.6845474 0.4314424 0.7077588 0.6038983 0.1602204 0.2580251 0.961914 0.6901962 0.961914 0.8254037 0.9540718 0.8286505 0.9433395 0.693773 0.02483569 0.3916823 0.6535478 0.7736838 0.7077588 0.6038983 0.6675699 0.791407 0.8228626 0.4077581 0.7529514 0.3611712 0.8849575 0.3107405 0.8849575 0.4593418 0.638344 0.8543256 0.6249165 0.8377839 0.78863 0.51674 0.8150256 0.9777862 0.8008212 1 0.9678077 0.3549857 0.9287544 0.605818 0.9433394 0.6138036 0.9433395 0.9159054 0.9307985 0.9366814 0.9433394 0.7715746 0.6249165 0.3048882 0.6613659 0.51674 0.6249164 0.7207708 0.6248418 0.6870929 1 1 0.9999999 0.8286505 0.7261765 0.130889 0.7529514 0.15956 0.741007 0.1756531 0.6249165 0.3048882 0.741007 0.1756531 0.6422576 0.2892483 0.6120681 0.7406291 0.6913154 0.4257106 0.6928779 0.3955418 0.6940751 0.4020998 0.9338514 0.05001563 0.8182214 0.2275631 0.7642347 0.2151003 0.8726314 0.04677588 0.7233422 0.4138227 0.6927651 0.4133075 0.9480271 0.2672352 0.9241063 0.2808452 0.8150256 0.9777862 0.5775226 0.4044845 0.5759849 0.4018137 0.9480272 0.3549857 0.9480271 0.3151805 0.905466 0.3154536 0.8849575 0.2821803 0.8913895 0.2745274 0.9241063 0.3356401 0.9125841 0.3549857 0.9241063 0.2355985 0.9131741 0.2486063 0.8150256 0.51674 0.837895 0.51674 0.8184819 0.5470692 0.8507555 0.2275631 0.8230497 0.2277436 0.6950952 0.391554 0.1714419 0.9290203 0.1433773 0.9550818 0.1130828 1  
			<TextureCoords1>: 338 0.00390625 0.3025749 0.9393064 0.6189935 0.008812365 0.6345588 0.9966998 0.9899593 0.1602617 0.3022244 0.3166177 0.3018746 0.4729774 0.3015245 0.6293565 0.3011501 0.4708341 0.6277292 0.6269914 0.6248175 0.7831487 0.6219054 0.3604777 0.9892148 0.5190135 0.9900236 0.6781376 0.9899971 0.8374079 0.9899669 0.7901385 0.6589993 0.6337588 0.6542006 0.477503 0.6492854 0.3212708 0.6443731 0.1650415 0.6394653 0.01135645 0.2955961 0.003922943 0.3100231 0.6293793 0.3086011 0.4729946 0.3089734 0.3166343 0.309323 0.1602784 0.3096726 0.5188355 0.8382947 0.6781136 0.8382517 0.8374059 0.8382528 0.1550684 0.1391977 0.00390625 0.1454473 0.7860397 0.4521893 0.6296878 0.4523211 0.4733157 0.4526433 0.3169563 0.4529931 0.1606007 0.4533443 0.9966996 0.9846262 0.3606171 0.9838973 0.5190261 0.9847068 0.6781365 0.9846673 0.8374073 0.9846342 0.008616306 0.6408016 0.7899758 0.6652517 0.6335646 0.660447 0.4773066 0.6555288 0.3210745 0.6506159 0.1648454 0.6457081 0.1557438 0.4836764 0.3118886 0.4807263 0.4680394 0.4778116 0.6241956 0.4748998 0.7803531 0.471988 0.01135645 0.1454473 0.1550683 0.1454473 0.1603047 0.2897168 0.9391968 0.6131233 0.6290278 0.8045424 0.4727799 0.7996306 0.3165487 0.7947266 0.1603197 0.789821 0.3145663 0.6247681 0.4707247 0.621859 0.626882 0.6189473 0.7830393 0.6160352 0.01135651 0.2897168 0.1550685 0.2897168 0.9285082 0.6191949 0.9856849 0.9899595 0.01961547 0.6348981 0.01471808 0.3025507 0.01473473 0.3099989 0.9856846 0.8382537 0.0150572 0.453671 0.9856846 0.9846264 0.01941936 0.6411409 0.9257126 0.4692775 0.01489377 0.7852541 0.9283987 0.6133246 0.861706 0.667449 0.786255 0.775388 0.05760295 0.9827417 0.05383694 0.977608 0.1926272 0.8357579 0.1498802 0.4787679 0.1066474 0.839344 0.136584 0.8341619 0.165175 0.8349115 0.03308101 0.9651638 0.2080184 0.836409 0.06935662 0.983031 0.842944 0.7630658 0.8135377 0.7680055 0.0705635 0.9341052 0.01128341 0.9109803 0.8917612 0.6944315 0.1614925 0.9802064 0.1329475 0.9795435 0.06948029 0.9779933 0.2075651 0.8437116 0.1923461 0.8430122 0.1649648 0.8421078 0.136399 0.8413374 0.07213335 0.871056 0.1051125 0.504149 0.2023447 0.9764364 0.2390057 0.9539669 0.2459926 0.9588264 0.7759809 0.7782176 0.3048653 0.9865476 0.6773464 0.8061007 0.2998697 0.9812046 0.8388233 0.6663572 0.6926273 0.814063 0.8425769 0.6600936 0.8417922 0.4524877 0.7203393 0.7748036 0.8915168 0.4269752 0.034368 0.9132431 0.9619938 0.6345588 0.927328 0.6765122 0.9537231 0.64646 0.3596613 0.846733 0.2216225 0.8374062 0.341615 0.8308333 0.2398855 0.871672 0.9189856 0.6571345 0.2466524 0.8658593 0.3140875 0.6306525 0.3810724 0.8386974 0.3221534 0.8619923 0.2203794 0.8447391 0.2524722 0.8283483 0.7859376 0.3214225 0.04719407 0.4676607 0.7681378 0.300625 0.7744808 0.3080432 0.09087715 0.5185579 0.7864563 0.2999635 0.7910994 0.3192902 0.1511264 0.4837618 0.1103428 0.5073774 0.7910458 0.3273914 0.1098084 0.8334913 0.03558506 0.8642991 0.01239319 0.8663372 0.0960105 0.5215997 0.04137725 0.4727392 0.05034246 0.4972916 0.05262415 0.4728336 0.7857965 0.3049561 0.7772144 0.304908 0.7870916 0.3156297 0.3591535 0.8379186 0.251575 0.8338023 0.2477206 0.8600088 0.3389569 0.8349771 0.3269009 0.8544005 0.2439398 0.8625252 0.2256197 0.8420296 0.6965911 0.8085442 0.7164094 0.7807356 0.2417708 0.9613882 0.7725306 0.7832086 0.1888364 0.9778857 0.2965264 0.9827042 0.3000343 0.9868771 0.8883809 0.3860358 0.7861257 0.3978704 0.8666607 0.4395468 0.8372442 0.3919289 0.8645779 0.6654376 0.9203247 0.6602244 0.9058733 0.658049 0.9055207 0.657936 0.8739607 0.6580993 0.8513538 0.6669863 0.8525875 0.6628821 0.8404958 0.3337447 0.09594224 0.4712263 0.004923381 0.8711288 0.02066895 0.4633166 0.03052541 0.481818 0.02524638 0.4711031 0.9185014 0.3389934 0.2461553 0.9137569 0.2849688 0.8639651 0.2666643 0.8726934 0.2564153 0.8795332 0.1550684 0.2955961 0.1603046 0.2955961 0.0113565 0.1391978 0.6781126 0.8306637 0.837406 0.8306646 0.5188232 0.8307076 0.003906301 0.2897168 0.00390628 0.2955961 0.004245426 0.4536952 0.9856847 0.8306656 0.9966996 0.8382537 0.9966998 0.8306656 0.015069 0.4589057 0.004257191 0.45893 0.7860277 0.4574232 0.6296954 0.4575558 0.4733269 0.4578784 0.3169681 0.4582279 0.1606124 0.458579 0.3589473 0.8313847 0.467923 0.4715718 0.6240793 0.4686599 0.7802368 0.4657481 0.003906274 0.1391978 0.3117715 0.4744868 0.1603045 0.1454472 0.1603045 0.1391978 0.004090664 0.7849148 0.9255962 0.4630376 0.9365107 0.4690761 0.9363943 0.4628363 0.01470939 0.791127 0.00390625 0.7907877 0.6288406 0.8104168 0.4725954 0.8055039 0.3163643 0.8005996 0.1601353 0.7956939 0.6853264 0.812241 0.1328272 0.9845827 0.1613839 0.9852507 0.9036887 0.4278887 0.9263244 0.3858404 0.7445082 0.824442 0.7472254 0.8202403 0.2998697 0.9812046 0.2968955 0.972869 0.2910558 0.9760517 0.894874 0.6978399 0.8892044 0.7012986 0.9203247 0.6602244 0.9189856 0.6571345 0.9069529 0.6541492 0.02042122 0.9608169 0.01096218 0.9239153 0.00390625 0.912044 0.1728222 0.5979947 0.1809732 0.6089474 0.2125177 0.6061167 0.2979687 0.6250765 0.1577753 0.5936418 0.3810724 0.8386974 0.3596613 0.846733 0.3589473 0.8313847 0.341615 0.8308333 0.3389569 0.8349771 0.2968955 0.972869 0.2459926 0.9588264 0.2461553 0.9137569 0.2216225 0.8374062 0.2256197 0.8420296 0.7744808 0.3080432 0.7859376 0.3214225 0.7681378 0.300625 0.1305885 0.5857704 0.1014886 0.5803027 0.08714002 0.5565315 0.1557187 0.4823856 0.8403811 0.3275421 0.7911711 0.3054841 0.1732706 0.4771029 0.7912145 0.2997825 0.04651279 0.5188515 0.09087715 0.5185579 0.08121943 0.5529976 0.08714002 0.5565315 0.0960105 0.5215997 0.08121943 0.5529976 0.1103428 0.5073774 0.1511264 0.4837618 0.8415249 0.2995024 0.05034246 0.4972916 0.05262415 0.4728336 0.01964477 0.4904667 0.04651279 0.5188515 0.09087715 0.5185579 0.0960105 0.5215997 0.09087715 0.5185579 0.04719407 0.4676607 0.04137725 0.4727392 0.3221534 0.8619923 0.2439398 0.8625252 0.2466524 0.8658593 0.3221534 0.8619923 0.3269009 0.8544005 0.2849688 0.8639651 0.7203393 0.7748036 0.7759809 0.7782176 0.1991218 0.9859027 0.1887375 0.9857949 0.3048653 0.9865476 0.2635411 0.9926925 0.6773464 0.8061007 0.6853264 0.812241 0.6892276 0.8088397 0.2577999 0.9960938 0.3000343 0.9868771 0.2635411 0.9926925 0.2043394 0.9830949 0.7910458 0.3273914 0.9108311 0.3346785 0.8849258 0.3392708 0.861706 0.667449 0.9173968 0.6863734 0.927328 0.6765122 0.8786332 0.6543317 0.8379619 0.4576987 0.8404958 0.3337447 0.8388233 0.6663572 0.8425769 0.6600936 0.8849258 0.3392708 0.8783381 0.7070108 0.8892044 0.7012986 0.861706 0.667449 0.8513538 0.6669863 0.848278 0.4559972 0.8580418 0.45893 0.8594578 0.4557455 0.8417922 0.4524877 0.8379619 0.4576987 0.8666607 0.4395468 0.8642538 0.4449595 0.008508733 0.4701355 0.01239548 0.464527 0.00390625 0.4628363 0.008508733 0.4701355 0.01239548 0.464527 0.9265274 0.3435068 0.2564153 0.8795332 0.2666643 0.8726934 0.2849688 0.8639651  
			<Normals>: 338 0.5773503 -0.5773503 0.5773503 -0.5773503 -0.5773503 0.5773502 0.5773503 -0.5773502 -0.5773503 -0.5773503 -0.5773502 -0.5773503 0.7071068 0 0.7071068 0.7071067 0 0.7071068 0.7071067 0 0.7071068 0.7071069 0 0.7071066 -0.709914 0.0002201745 0.7042884 -0.7071067 0 0.7071068 -0.7071067 0 0.7071068 -0.7071065 0 -0.707107 -0.7071068 0 -0.7071068 -0.7071068 0 -0.7071068 -0.7071068 0 -0.7071068 0.7071064 0 -0.7071071 0.7071068 0 -0.7071067 0.7071068 0 -0.7071068 0.7071067 0 -0.7071068 0.7071067 0 -0.7071068 -0.7071068 -0.7071067 0 0.7071068 -0.7071068 0 1 0 0 1 0 0 1 0 0 1 0 0 -1 0 0 -1 0 0 -1 0 0 0.7071068 -0.7071068 0 0 -0.7071068 0.7071067 1 0 0 1 0 0 1 0 0 1 0 0 1 0 0 -0.7071068 -0.7071067 0 -1 0 0 -1 0 0 -1 0 0 -1 0 0 0 -0.7071067 -0.7071068 0 0 -1 0 0 -1 0 0 -1 0 0 -1 0 0 -1 0 0 1 0 0 1 0 0 1 0 0 1 0 0 1 0 -1 0 0 -1 0 0 -0.7071067 -0.7071068 0 -0.7071068 0.7071067 0 0 -1 0 0 -1 0 0 -1 0 0 -1 -0.01222196 0.0001662358 0.9999254 -0.004157763 0.0001563114 0.9999914 0 0 1 0 0 1 0 -1 0 0 -1 0 -0.7071067 0 0.7071068 -0.7071068 0 -0.7071068 0.7071068 0 -0.7071067 0.7071067 0 0.7071068 1 0 0 -1 0 0 1 0 0 -1 0 0 0 0 -1 0 0 1 0 0 -1 0 0 1 0.4795893 0.2408813 -0.8437833 -0.6754929 0.2090721 -0.7071054 -0.331875 0.6240857 -0.7073726 -0.392125 0.7821737 -0.4841924 -0.6754936 0.2090724 0.7071047 0.8725769 0.2835484 0.3977558 -0.2321368 0.9292726 0.2873412 -0.6326293 0.4564428 0.6256518 -0.6949247 0.178992 0.6964493 -0.3430867 0.6679018 -0.6604535 -0.6219305 0.4485822 0.6418539 -0.5360394 0.5347526 -0.6532239 -0.632628 0.4564419 -0.6256538 -0.6739584 0.1735917 -0.7180849 -0.7079561 0.7062564 0 -0.5746314 0.8184123 0 0.4520425 0.6222385 -0.6391219 -0.968393 0.2494297 0 -0.8109567 0.5851061 0 -0.707956 0.7062564 0 -0.8122642 0.5832887 0.001062892 -0.9552894 0.2956724 0 -0.9683928 0.24943 0 -0.8109566 0.5851064 0 -0.5627397 0.762848 0.3184135 0.5949604 0.3231376 0.7359377 -0.7817028 0.6204169 0.0634314 -0.5813276 0.8129754 0.03360401 -0.8540816 0.4284253 -0.2949513 -0.5848383 0.2586558 -0.7688051 -0.6653143 0.157308 -0.7298021 -0.01530049 0.02759662 -0.9995021 -0.8477779 0.4333271 -0.3057782 0.01113436 0.02369367 -0.9996573 -0.891721 0.3315127 -0.308112 0.6639488 0.1412085 -0.7343243 0.9853142 0.1172885 -0.1240937 -0.2238624 0.01603643 -0.9744888 0.9276512 0.06994331 -0.3668395 -0.7381287 0.6746598 0 0.5041156 0.8619131 -0.05452735 0.1053874 0.8021942 -0.5876887 -0.06308756 0.9802332 -0.1875181 -0.999234 0.02025971 0.03348219 -0.5426966 0.4568208 0.704837 -0.5519956 0.1528544 0.8197172 -0.5860071 0.8103045 0.001549168 0.8356577 0.2307158 -0.498444 -0.9043612 0.3657957 0.2198277 -0.7163211 0.1053942 0.6897653 -1 0 0 -0.980996 0.01220818 0.1936433 -0.5857682 0.8104774 0.001456501 -0.4353968 0.04973491 0.8988637 0.984538 0.1336598 0.1132263 0.865597 0.09926746 0.4908031 0.7116321 0.05405122 0.70047 0.9845333 0.1337078 0.1132093 0.2201496 0.6445918 0.7321445 0.600229 0.1685118 0.7818753 0.9111782 0.2100554 0.3544446 0.5360821 0.2035403 0.8192602 0.3698058 0.2235769 0.9018076 0.9919274 0.04630121 0.1180517 -0.196724 0.6518801 0.7323605 -0.5019143 0.5100312 0.6985343 -0.292165 0.6717955 0.6806839 0.1751303 0.3710864 0.9119344 0.02718655 0.07006932 0.9971716 -0.152939 0.4662862 0.8713133 0.4897588 0.2983776 0.8192113 0.9385629 0.2634383 0.2229346 0.9386073 0.2633117 0.2228973 0.9385799 0.2633299 0.2229912 -0.9917149 0.095984 0.08537342 -0.7752023 0.04282603 0.6302598 -0.8034799 -0.002050006 0.5953285 -0.884689 0.1964597 0.4227636 -0.9345038 0.08487468 0.3456861 -0.787338 0.4582678 0.412419 -0.7873342 0.45827 0.412424 -0.6347614 0.5156067 -0.5755239 -0.3907253 0.1593784 -0.9066048 -0.6912753 0.5813591 -0.4291385 -0.6847802 0.5761753 -0.446204 -0.9552894 0.2956725 0 -0.5527437 0.6860937 -0.473022 -0.3176486 0.3882889 -0.8650613 1 0 0 1 0 0 0.937806 0.1695552 -0.3029371 1 0 0 0.7237979 0.3964517 -0.5647501 0.6007081 0.4463529 -0.6632638 0.4727542 0.392456 -0.7889751 0.5242814 0.5625857 -0.6392388 0.7556184 0.3491281 -0.5542115 0.2726921 0 -0.9621013 0.7395121 0.1554073 -0.6549584 0.9665921 0.04039114 0.2531171 0.8157192 0.1251122 0.5647559 0.4480172 0.854057 0.2643242 0.5556988 0.0650177 0.8288374 0.1644163 0.02001033 0.986188 -0.05483901 -0.02210931 0.9982503 0.7160542 0.1975784 0.6694992 -0.8894023 0.4571252 0 -0.9725755 0.005871625 0.2325128 -1 0 0 -1 0 0 -0.7071068 -0.7071067 0 -0.5773503 -0.5773502 -0.5773503 0.7071068 -0.7071068 0 -0.7071067 0 0.7071068 -0.7071067 0 0.7071068 -0.709914 0.0002201745 0.7042884 0 -0.7071068 0.7071067 -0.5773503 -0.5773503 0.5773502 0.7071068 -0.7071068 0 -0.7071067 0 0.7071068 -0.7071068 -0.7071067 0 -0.5773503 -0.5773503 0.5773502 0.7071068 0 -0.7071067 0.5773503 -0.5773502 -0.5773503 0.7071064 0 -0.7071071 0.7071068 0 -0.7071067 0.7071068 0 -0.7071068 0.7071067 0 -0.7071068 0.7071067 0 -0.7071068 -0.7163211 0.1053942 0.6897653 0.7071067 0 0.7071068 0.7071067 0 0.7071068 0.7071068 0 0.7071068 0.5773503 -0.5773503 0.5773503 0.7071069 0 0.7071066 0 -0.7071067 -0.7071068 0.5773503 -0.5773502 -0.5773503 0 -0.7071067 -0.7071068 0.7071067 0 0.7071068 0 -0.7071068 0.7071067 0.5773503 -0.5773503 0.5773503 -0.7071068 0 -0.7071068 -0.5773503 -0.5773502 -0.5773503 -0.7071065 0 -0.707107 -0.7071068 0 -0.7071068 -0.7071068 0 -0.7071068 -0.7071068 0 -0.7071068 -0.6653143 0.157308 -0.7298021 -0.632628 0.4564419 -0.6256538 -0.6739584 0.1735917 -0.7180849 0.8356577 0.2307158 -0.498444 0.5041156 0.8619131 -0.05452735 -0.8540816 0.4284253 -0.2949513 -0.6912753 0.5813591 -0.4291385 -0.8477779 0.4333271 -0.3057782 -0.891721 0.3315127 -0.308112 -0.6347614 0.5156067 -0.5755239 -0.392125 0.7821737 -0.4841924 -0.331875 0.6240857 -0.7073726 0.6007081 0.4463529 -0.6632638 0.8356577 0.2307158 -0.498444 0.9276512 0.06994331 -0.3668395 0.1053874 0.8021942 -0.5876887 -0.06308756 0.9802332 -0.1875181 0.5041156 0.8619131 -0.05452735 -0.6219305 0.4485822 0.6418539 -0.5426966 0.4568208 0.704837 -0.4353968 0.04973491 0.8988637 -0.5519956 0.1528544 0.8197172 -0.6754936 0.2090724 0.7071047 -1 0 0 -0.999234 0.02025971 0.03348219 -0.7163211 0.1053942 0.6897653 -0.5519956 0.1528544 0.8197172 -0.884689 0.1964597 0.4227636 -0.891721 0.3315127 -0.308112 -0.8540816 0.4284253 -0.2949513 -0.8894023 0.4571252 0 -0.5426966 0.4568208 0.704837 -0.7873342 0.45827 0.412424 0.9845333 0.1337078 0.1132093 0.984538 0.1336598 0.1132263 0.7116321 0.05405122 0.70047 -0.6949247 0.178992 0.6964493 -0.6326293 0.4564428 0.6256518 -0.196724 0.6518801 0.7323605 0.600229 0.1685118 0.7818753 0.8157192 0.1251122 0.5647559 0.8725769 0.2835484 0.3977558 0.7116321 0.05405122 0.70047 0.5360821 0.2035403 0.8192602 -0.5627397 0.762848 0.3184135 0.2201496 0.6445918 0.7321445 -0.2321368 0.9292726 0.2873412 -0.196724 0.6518801 0.7323605 0.1751303 0.3710864 0.9119344 -0.2321368 0.9292726 0.2873412 0.3698058 0.2235769 0.9018076 0.5360821 0.2035403 0.8192602 0.5949604 0.3231376 0.7359377 -0.152939 0.4662862 0.8713133 0.4897588 0.2983776 0.8192113 -0.5019143 0.5100312 0.6985343 -0.5627397 0.762848 0.3184135 0.2201496 0.6445918 0.7321445 0.1751303 0.3710864 0.9119344 0.2201496 0.6445918 0.7321445 0.865597 0.09926746 0.4908031 0.02718655 0.07006932 0.9971716 -0.980996 0.01220818 0.1936433 -0.787338 0.4582678 0.412419 -0.9043612 0.3657957 0.2198277 -0.980996 0.01220818 0.1936433 -0.9345038 0.08487468 0.3456861 -0.9725755 0.005871625 0.2325128 -0.2238624 0.01603643 -0.9744888 -0.5848383 0.2586558 -0.7688051 -0.5848383 0.2586558 -0.7688051 -0.6754929 0.2090721 -0.7071054 -0.6653143 0.157308 -0.7298021 -0.3907253 0.1593784 -0.9066048 -0.01530049 0.02759662 -0.9995021 -0.6653143 0.157308 -0.7298021 -0.3176486 0.3882889 -0.8650613 -0.2238624 0.01603643 -0.9744888 -0.3176486 0.3882889 -0.8650613 -0.3907253 0.1593784 -0.9066048 -0.6847802 0.5761753 -0.446204 0.9919274 0.04630121 0.1180517 0.5556988 0.0650177 0.8288374 0.865597 0.09926746 0.4908031 0.4795893 0.2408813 -0.8437833 -0.3430867 0.6679018 -0.6604535 0.1053874 0.8021942 -0.5876887 0.937806 0.1695552 -0.3029371 0.6639488 0.1412085 -0.7343243 0.9665921 0.04039114 0.2531171 0.01113436 0.02369367 -0.9996573 0.6639488 0.1412085 -0.7343243 0.865597 0.09926746 0.4908031 -0.5360394 0.5347526 -0.6532239 -0.331875 0.6240857 -0.7073726 0.4795893 0.2408813 -0.8437833 0.2726921 0 -0.9621013 0.7395121 0.1554073 -0.6549584 0.4795893 0.2408813 -0.8437833 0.7237979 0.3964517 -0.5647501 0.9853142 0.1172885 -0.1240937 0.6639488 0.1412085 -0.7343243 0.937806 0.1695552 -0.3029371 0.7556184 0.3491281 -0.5542115 -0.292165 0.6717955 0.6806839 0.7160542 0.1975784 0.6694992 0.4480172 0.854057 0.2643242 -0.292165 0.6717955 0.6806839 0.7160542 0.1975784 0.6694992 0.4480172 0.854057 0.2643242 -1 0 0 -1 0 0 -0.9725755 0.005871625 0.2325128  
			<Tangents>: 338 0.4082484 -0.4082482 -0.8164966 0.8164966 -0.4082483 0.4082482 -0.8164966 -0.4082482 -0.4082483 -0.4082483 -0.4082484 0.8164966 0.7071068 0 -0.7071068 0.7071067 0 -0.7071068 0.7071067 0 -0.7071068 0.7071065 -2.4816E-07 -0.707107 0.7042883 0.0002219684 0.709914 0.7071069 0 0.7071066 0.7071069 0 0.7071066 -0.707107 8.303215E-07 0.7071066 -0.7071068 0 0.7071068 -0.7071068 0 0.7071068 -0.7071068 0 0.7071068 -0.7071072 1.559416E-07 -0.7071064 -0.7071068 -5.278629E-05 -0.7071068 -0.7071068 -6.797144E-07 -0.7071068 -0.7071069 0 -0.7071066 -0.7071069 0 -0.7071066 -0.7071068 0.7071067 0 2.867012E-09 2.867013E-09 -1 0 2.740858E-07 -1 0 6.483565E-08 -1 0 0 -1 0 0 -1 0 -1.122489E-07 1 0 0 1 0 0 1 -0.7071068 -0.7071068 0 -1 0 0 0 -2.683973E-05 -1 0 3.307451E-07 -1 0 0 -1 0 0 -1 0 0 -1 8.403828E-10 -8.40383E-10 1 0 -8.91057E-07 1 0 0 1 0 0 1 0 0 1 -1 5.734443E-08 -5.734442E-08 -1 1.989702E-06 0 -1 -4.542128E-07 0 -1 3.722805E-07 0 -1 0 0 -1 1.038187E-07 0 1 1.064856E-07 0 1 9.993712E-07 0 1 1.995367E-08 0 1 -3.26409E-08 0 1 -1.376287E-07 0 -1 0 0 -1 0 0 -1 0 0 1 -5.748571E-08 -5.748571E-08 -1 1.007689E-06 0 -1 0 0 -1 3.272125E-08 0 -1 1.379676E-07 0 0.9999253 6.685686E-07 0.01222196 0.9999914 2.767093E-07 0.004157763 1 0 0 1 -1.040746E-07 0 -1 0 0 -1 0 0 0.7071069 0 0.7071066 -0.7071068 0 0.7071068 -0.7071068 0 -0.7071067 0.7071067 8.497345E-09 -0.7071068 0 -1.824069E-10 -1 0 -8.177332E-09 1 0 7.839473E-07 -1 0 5.148069E-10 1 -1 1.364393E-07 0 1 -1.285082E-07 0 -1 1.288249E-07 0 1 -1.367751E-07 0 -0.8774931 0.1316538 -0.461165 -0.7373665 -0.191526 0.647772 0.3336979 -0.6237173 -0.7068397 0.2182624 -0.4322098 -0.8749607 -0.6747862 0.2113374 -0.7071068 0.4425356 -0.1141197 -0.8894599 -0.06829038 0.2791114 -0.9578274 -0.5063108 0.3675479 -0.7801012 -0.6738302 0.1760609 -0.7176039 0.3032908 -0.5866985 -0.7508659 -0.5194691 0.3770018 -0.7668256 0.4637165 -0.4600765 -0.7571635 -0.7744558 -0.3728517 0.5110772 -0.7387693 -0.1583571 0.65509 0.000960517 0.0009628286 -0.999999 0.001125154 0.0007900036 -0.999999 -0.3560978 -0.5310485 -0.7688835 0.0004341856 0.001685694 -0.9999985 0.000810913 0.001123925 -0.999999 0.0009577835 0.0009600884 -0.9999991 0.0002320585 0.002145392 -0.9999977 0.000495914 0.001602251 -0.9999986 0.0004339816 0.0016849 -0.9999985 0.0008255497 0.001144211 -0.999999 -0.1878575 0.2570965 -0.9479509 0.774618 0.0137747 -0.6322793 -0.04609702 0.04395181 -0.9979696 -0.01864699 0.02797748 -0.9994346 0.2654257 -0.1286855 -0.9555047 -0.8111498 -0.1864641 0.5543167 -0.7102059 0.1679846 0.6836584 -0.9998829 -0.0004202253 0.01529472 -0.272274 0.139166 0.9521028 -0.999938 0.0002669559 -0.01113116 -0.3894158 -0.215095 0.8955945 -0.7477781 0.1253852 -0.6520019 -0.1231401 -0.01537101 -0.9922702 -0.9746208 -0.003682769 0.2238321 -0.3658004 -0.02759067 -0.9302843 0.0009535117 0.001043214 -0.999999 0.7314247 -0.3925184 0.5576264 0.9548606 0.08342102 0.2851001 0.8385978 0.1539354 0.5225491 -0.03809682 -0.699299 -0.7138134 -0.5380162 0.4553412 -0.709368 -0.8199221 0.07940767 -0.566941 0.000205328 0.002060322 -0.9999979 0.5438596 -0.4744128 0.692206 -0.2031657 0.08396769 -0.9755374 0.697754 0.1013343 0.7091337 0 -9.753217E-07 1 0.1936283 -0.002412179 0.981072 0.0002563546 0.001982366 -0.999998 -0.8998508 0.00526097 -0.436166 0.1340308 -0.1586145 -0.978201 -0.386924 0.7547637 0.5297372 0.7005836 -0.1291853 -0.7017791 0.1340274 -0.1586573 -0.9781945 -0.3398335 0.7542194 -0.5618418 0.7971359 -0.04589163 -0.6020535 0.3829291 -0.1142722 -0.9166827 0.8441658 -0.1292013 -0.5202798 0.929109 -0.0890228 -0.3589308 0.1238236 -0.1529121 -0.9804518 -0.2096908 0.7017004 -0.6809158 -0.4885647 0.4992559 -0.7155753 -0.2697833 0.6249394 -0.7325761 0.9845453 -0.06600536 -0.1622156 -0.8626135 0.5057208 -0.01201801 -0.4634752 0.7448631 -0.4799684 0.8480107 0.05523201 -0.5270932 0.2656456 -0.1391219 -0.9539798 0.2655874 -0.1391511 -0.9539918 0.2656797 -0.1391204 -0.9539706 -0.1263058 -0.6074359 -0.7842631 -0.6312839 -0.01574448 -0.775392 -0.5952786 -0.01062006 -0.8034492 -0.4363534 -0.02979489 -0.8992819 -0.35292 -0.3474365 -0.868755 -0.3557474 0.2086498 -0.9109935 -0.3557512 0.2086533 -0.9109911 -0.7155057 -0.1109661 0.6897377 -0.9128533 0.05965704 0.4039057 0.3373611 -0.2655285 -0.9031512 -0.6203484 -0.1395731 0.7718077 0.0004958591 0.001602073 -0.9999986 0.3238122 -0.3461862 -0.8805116 0.563667 -0.6562916 -0.5015584 0 -3.49322E-06 -1 0 1.669804E-06 -1 -0.2981026 -0.05390444 -0.9530106 0 1.304583E-06 -1 -0.3166468 -0.5363553 -0.7823412 0.7990998 -0.3604194 0.4811833 -0.4836999 -0.6328284 -0.6046178 -0.3557428 -0.5373346 -0.7646689 -0.3387757 -0.5158463 -0.7868505 -0.9621013 3.162838E-06 -0.2726921 -0.6703912 0.08213844 -0.7374476 0.2559773 -0.1011041 -0.9613811 0.572269 -0.03222147 -0.8194327 0.1233659 0.2337702 -0.9644337 -0.3840418 0.9042742 0.1865476 -0.8583434 0.4955249 0.1330477 -0.8558321 0.5160282 -0.03558623 0.6453824 0.1780752 -0.7428128 0 0 1 0.2325085 -0.001406229 0.9725934 0 -6.755542E-07 1 0 1.781576E-06 1 -0.7071068 0.7071067 0 -0.8164966 0.4082482 0.4082483 -0.7071068 -0.7071068 0 0.7071067 0 0.7071068 0.7071067 0 0.7071068 0.7042884 -0.0002184297 0.709914 -1 0 0 -0.8164966 0.4082483 -0.4082482 1.725099E-07 1.725099E-07 -1 0.7071067 -1.373156E-08 0.7071068 6.07786E-08 -6.077862E-08 1 0.4082483 0.4082482 0.8164966 -0.7071066 3.128524E-05 -0.7071069 -0.4082482 0.4082483 -0.8164966 -0.707107 0 -0.7071065 -0.7071067 0 -0.7071069 -0.7071068 0 -0.7071068 -0.7071067 0 -0.7071068 -0.7071067 3.520356E-07 -0.7071068 0.6824176 -0.1004116 0.724033 0.7071069 0 -0.7071066 0.7071069 0 -0.7071066 0.7071068 0 -0.7071068 -0.8164966 -0.4082483 0.4082483 0.7071067 5.225682E-05 -0.7071068 -1 0 0 -0.8164966 -0.4082482 -0.4082483 -1 0 0 0.7071069 0 -0.7071066 1 0 0 0.8164966 0.4082483 -0.4082483 -0.7071068 0 0.7071068 -0.8164966 0.4082482 0.4082483 -0.7071071 0 0.7071065 -0.7071068 0 0.7071068 -0.7071068 0 0.7071068 -0.7071068 0 0.7071068 -0.7465634 -0.1401783 0.6503792 0.5083961 -0.3646614 -0.7800996 0.6960074 -0.1766989 -0.6959534 -0.4804657 -0.1326618 -0.8669219 -0.02752697 -0.04706907 -0.9985123 -0.4048802 -0.1916199 0.8940659 -0.6175313 -0.1669092 0.7686328 0.2077432 -0.2591549 -0.9432293 0.2564933 -0.1907269 -0.9475412 0.4380392 -0.3734634 -0.8177083 -0.4981869 -0.6230422 -0.6030159 -0.3115043 -0.7803119 -0.5422899 -0.3728264 -0.5774916 -0.7262946 -0.1905425 -0.7293655 -0.6570536 -0.2296279 -0.6678302 -0.7080069 -0.07530768 -0.5828446 -0.8090865 0.01323567 -0.1870541 -0.9822605 -0.0270342 -0.04735728 -0.9985121 0.7830724 0.3562731 0.5097716 0.8399288 0.2951623 0.4554106 0.9002386 0.02404931 0.4347321 0.833847 0.1009565 0.542685 0.7373658 0.1915301 0.6477714 0 -0.6995611 -0.7145728 0.03347527 -0.0006807637 0.9994393 -0.5710396 -0.6566337 -0.4926926 -0.8001394 -0.3737782 -0.4691128 -0.465618 -0.3277941 -0.8220407 -0.2888006 0.1073649 0.9513501 -0.263642 0.1322464 0.9555123 0.0005763597 0.00112139 -0.9999992 -0.7733781 0.05559455 -0.6315026 -0.5155782 -0.1226054 -0.8480254 0.1121795 0.01523547 -0.9935712 0.1121971 0.01523176 -0.9935692 0.6984594 0.05303437 -0.7136819 0.7190825 0.1729804 0.6730513 0.7744548 0.3728549 0.5110763 0.9804589 0.1307954 0.1469453 0.7998282 -0.1264614 -0.5867559 0.5754966 -0.07702752 -0.8141686 0.4364939 -0.08707803 -0.8954834 0.7025523 -0.05477043 -0.7095213 0.8370446 -0.002374577 -0.5471295 -0.2000076 0.2480969 -0.9478633 0.2587576 0.6850805 -0.680962 0.2580585 0.3436632 -0.9029404 0.2299148 0.7568007 -0.6118757 0.3137822 0.8569108 -0.4089556 -0.3465159 0.1970221 -0.91712 0.9146698 0.08284853 -0.3956201 0.8315215 0.0400234 -0.5540489 0.7629935 0.06082059 -0.6435385 -0.7769868 0.4880798 -0.3975797 -0.615092 0.7841678 0.08211396 -0.7022967 0.2310769 -0.6733371 -0.5553653 -0.06358621 -0.829172 0.9118052 0.1307203 -0.3892603 0.9555987 0.1588821 -0.2481684 -0.6812242 0.6388057 -0.3575765 0.4942265 -0.01177229 -0.8692535 0.9939606 0.1041992 -0.0344209 -0.1719238 -0.5173095 -0.8383514 -0.515574 -0.1226107 -0.8480272 -0.3087853 -0.2052975 -0.9287113 -0.1939018 -0.02573306 -0.9806834 -0.3480617 -0.01452664 -0.9373591 -0.2325798 -0.01667239 -0.9724344 -0.9719123 0.07081631 0.2244359 -0.7920723 0.02224447 0.6100218 0.7142632 -0.2849847 -0.6392275 0.6761895 -0.2068056 -0.7071062 0.5672498 -0.5290264 -0.6311566 0.750255 -0.5155083 -0.413967 -0.9942434 0.1055985 0.0181356 -0.7385851 0.00384189 0.6741493 -0.9411522 -0.01801587 0.3375025 -0.9745065 -0.01899284 0.223554 -0.8819059 0.2141727 0.4199668 -0.9119092 0.06728148 0.4048392 0.381852 -0.2378126 -0.8931037 0.117923 0.005510204 -0.9930074 0.8232224 0.09631339 -0.5594896 0.4876076 0.05591494 -0.8712705 -0.5509816 -0.6657267 -0.5032169 -0.5514545 -0.7124238 -0.4339934 -0.6825911 -0.371412 -0.6293826 -0.1924638 -0.4723071 -0.8601649 -0.7077991 -0.1981178 -0.6780633 0.2528961 0.01057282 -0.9674357 -0.9997541 -0.01890765 -0.01158358 -0.7477317 0.114438 -0.6540651 0.4987451 -0.08348344 -0.8627188 -0.8441929 -0.3395532 0.4147793 -0.9433234 -0.2195647 0.2488621 -0.8705247 0.009663174 -0.4920299 -0.9619125 0.01981654 -0.2726386 0.6725631 -0.1301942 0.7284973 0.8713337 -0.01699544 0.4903965 0.6351917 -0.06311473 0.7697714 0.14845 -0.2293152 0.9619653 0.7459112 -0.1944128 0.6370402 0.331907 -0.1820935 0.92557 0.61427 -0.083951 0.7846175 0.8802332 -0.08939613 0.4660449 0.5981168 -0.6681508 -0.4425277 0.892326 -0.4453933 -0.07334258 -0.8901197 0.06927567 -0.4504307 -0.5498924 0.7504515 0.3666618 0.1227889 0.234073 -0.9644339 0 0.002241828 -0.9999975 0 0.002255293 -0.9999974 -0.2324939 0.003727113 -0.9725907  
			<BiTangents>: 338 0.7071068 0.7071068 1.103654E-07 -1.425423E-08 0.7071067 0.7071068 -7.127115E-09 0.7071068 -0.7071068 -0.7071068 0.7071068 7.595263E-08 0 1 0 0 1 0 0 1 0 1.754756E-07 1 -1.754757E-07 -2.48065E-08 1 -0.0003126448 0 1 0 0 1 0 5.871262E-07 1 -5.871258E-07 0 1 0 0 1 0 0 1 0 1.102674E-07 1 1.102673E-07 -3.732554E-05 1 -3.732555E-05 -4.806307E-07 1 -4.806307E-07 0 1 0 0 1 0 0 0 -1 0.7071068 0.7071068 4.054568E-09 0 1 2.740858E-07 0 1 6.483565E-08 0 1 0 0 1 0 0 1 1.122489E-07 0 1 0 0 1 0 0 0 -1 0 -0.7071068 -0.7071068 0 1 -2.683973E-05 0 1 3.307451E-07 0 1 0 0 1 0 0 1 0 -0.7071068 0.7071068 1.188481E-09 0 1 8.91057E-07 0 1 0 0 1 0 0 1 0 8.109726E-08 0.7071068 -0.7071068 1.989702E-06 1 0 -4.542128E-07 1 0 3.722805E-07 1 0 0 1 0 1.038187E-07 1 0 -1.064856E-07 1 0 -9.993712E-07 1 0 -1.995367E-08 1 0 3.26409E-08 1 0 1.376287E-07 1 0 0 0 -1 0 0 -1 0 0.7071068 -0.7071068 8.129707E-08 0.7071067 0.7071068 1.007689E-06 1 0 0 1 0 3.272125E-08 1 0 1.379676E-07 1 0 1.363209E-06 1 -0.0001662315 3.731988E-07 1 -0.0001563112 0 1 0 1.040746E-07 1 0 0 0 -1 0 0 -1 0 1 0 0 1 0 0 1 0 -6.008531E-09 1 6.00853E-09 0 1 -1.824069E-10 0 1 8.177332E-09 0 1 7.839473E-07 0 1 -5.148069E-10 1.364393E-07 1 0 1.285082E-07 1 0 1.288249E-07 1 0 1.367751E-07 1 0 1.237417E-06 0.9615839 0.2745115 1.996365E-06 0.9589612 0.2835372 0.8823291 0.4706312 0.00125985 0.893644 0.448775 0.001238892 0.2972742 0.9547907 0.001677923 0.2068132 -0.9521434 0.2250585 0.9702829 0.2419696 0.001331635 0.5860286 0.8102891 0.001419646 0.2510628 0.9679692 0.00173883 0.8889917 0.4579215 0.001280027 0.5859644 0.8103355 0.001444343 0.7054282 0.7087802 0.001354437 9.990706E-07 0.8078629 0.5893704 4.346186E-06 0.9720026 0.2349704 0.7062557 0.7079555 0.001360012 0.8184115 0.5746309 0.001374801 0.8178337 -0.575158 0.01847874 0.2494293 0.9683914 0.001740713 0.5851057 0.8109559 0.001385925 0.7062559 0.7079554 0.001356141 0.5832896 0.8122621 0.001877982 0.2956721 0.9552881 0.001677241 0.2494296 0.9683913 0.001739893 0.5851058 0.8109558 0.00141094 0.8050054 0.593266 0.001371733 0.2144505 -0.9462517 0.2421128 0.6219451 0.7830397 0.005757883 0.8134559 0.5816255 0.001104534 0.4473183 0.8943667 0.00380716 2.266007E-05 0.9478018 0.31886 0.2301404 0.9731575 -4.147298E-05 2.066336E-06 0.9996191 0.02759982 0.4551259 0.8904271 1.812159E-06 3.126493E-06 0.9997193 0.02369517 -0.2306276 -0.9186041 -0.320901 5.211676E-06 0.9820075 0.188842 -0.1182893 0.9929789 -0.0007023693 6.521785E-07 0.9998646 0.01645388 -0.0751885 0.9971694 -9.225413E-06 0.6746593 0.738128 0.001413322 -0.4592225 0.3209909 0.8282992 -0.2777313 0.5912067 0.7571921 -0.5410856 0.1242859 0.8317327 -0.008952416 0.7145421 -0.6995352 0.6449954 0.7641853 0.00133513 0.1517513 0.9850533 -0.08149602 0.8103059 0.5860055 0.001373741 0.07676537 0.8495309 0.5219237 0.3753058 0.9268996 0.001619995 0.004841678 0.989254 -0.1461271 0 1 9.753217E-07 0.0124442 0.9999226 2.490533E-06 0.8104786 0.5857666 0.001368976 0.02642157 0.9987486 -0.04246339 0.1127868 -0.9782517 0.1740765 0.3178548 0.6484425 -0.6917303 -0.05255838 -0.9901463 0.1297998 0.1128308 -0.9782383 0.1741239 0.9143563 0.125118 -0.3850949 0.06557159 -0.9846307 0.1618723 0.152051 -0.9709885 0.1845586 -4.838697E-05 0.9705042 -0.2410842 3.281985E-05 0.9706123 -0.2406485 0.02734458 -0.9871545 0.1574108 0.9577731 0.2875218 0.001348043 0.7137132 0.7004367 0.001400403 0.9175275 0.3976701 0.001346226 -3.457938E-06 0.9262494 -0.3769109 0.5051325 0.8598469 -0.07419155 0.8728118 0.477238 -0.1021935 0.2025195 -0.9528484 0.225977 0.2202998 -0.9545918 0.2005559 0.2201808 -0.9546224 0.2005405 0.2201863 -0.9546219 0.200537 0.02341783 0.7885485 -0.6145266 0.02328385 0.9989585 -0.03924054 -0.0079695 0.9999415 -0.007312681 0.1640765 0.9800591 -0.1120851 -0.04636865 0.9338545 -0.3546347 0.5035301 0.8639768 0.001250289 0.5035335 0.8639748 0.001249791 -0.2917698 -0.8496095 -0.4393565 -0.1184592 -0.9854134 -0.1221796 0.6390038 0.7691008 0.01257468 -0.3824185 -0.8053206 -0.4530064 0.2956721 0.9552881 0.001677055 0.7678671 0.6398676 0.03081327 0.762482 0.6469259 0.01039551 0 1 -3.49322E-06 0 1 1.669804E-06 -0.1779175 0.9840454 -7.070291E-06 0 1 1.304583E-06 0.6130673 -0.7450832 0.2626777 0.02427553 0.8190647 0.5731874 0.7365718 -0.6674628 0.1093413 0.773677 -0.6283063 0.08157872 0.5605996 -0.7823121 0.2715069 3.042971E-06 1 8.624809E-07 0.06080745 -0.9844297 -0.164926 0.01324011 -0.9940556 0.1080656 0.08432373 -0.9916193 0.09788148 0.8854724 -0.4646915 0.0006283849 0.7373675 0.4219725 -0.5274737 0.4860184 0.8683633 -0.0986481 0.5143386 0.8562862 0.04722034 -0.265985 0.9639772 -2.100029E-06 0.4571252 0.8894023 0 0.00603767 0.9999818 2.460672E-06 0 1 6.755542E-07 0 1 -1.781576E-06 0 0 -1 1.425423E-08 0.7071068 -0.7071067 0 0 -1 0 1 0 0 1 0 0.0003101425 1 -1.675579E-12 0 -0.7071067 -0.7071068 1.425423E-08 -0.7071067 -0.7071068 0.7071068 0.7071068 2.439658E-07 9.709682E-09 1 9.709681E-09 -0.7071068 0.7071068 8.595394E-08 -0.7071068 0.7071068 5.874625E-08 2.212201E-05 1 2.212201E-05 0.7071068 0.7071068 7.595263E-08 0 1 0 0 1 0 0 1 0 0 1 0 2.489268E-07 1 2.489268E-07 0.1455693 0.9893481 4.095247E-06 0 1 0 0 1 0 0 1 0 -7.127115E-09 -0.7071068 -0.7071068 -3.695114E-05 1 3.695116E-05 0 0.7071068 -0.7071068 -7.127115E-09 0.7071068 -0.7071068 0 0.7071068 -0.7071068 0 1 0 0 0.7071068 0.7071068 7.127115E-09 0.7071068 0.7071068 0 1 0 1.425423E-08 0.7071068 -0.7071067 0 1 0 0 1 0 0 1 0 0 1 0 7.408863E-06 0.9775501 0.210703 0.5842219 0.8115928 0.001358309 0.2476966 0.9688361 0.001733389 -0.266137 0.9639353 -8.794273E-06 -0.8631974 0.5048667 -2.399319E-06 -0.3265219 -0.8830252 -0.33712 -0.3752246 -0.7963434 -0.4743877 0.4879708 0.8631723 -0.129685 0.3728872 0.9239711 -0.08504436 0.6365529 0.7711517 -0.01120417 0.7733355 -0.004760754 -0.6339791 0.8904067 -0.04037718 -0.4533715 0.707213 -0.6835733 0.1804917 0.5151405 -0.6440467 0.5655388 0.2945068 -0.7410201 0.6034526 0.9915757 -0.129525 0.001013073 0.9979202 0.06445034 0.001173256 0.8632129 -0.5048397 0.0005724171 -7.783829E-07 0.8196606 -0.5728495 -2.897013E-07 0.8391627 -0.5438805 4.304533E-06 0.9984729 -0.05524429 0.0001959824 0.9830785 -0.1831847 -7.360152E-07 0.9589604 -0.2835402 0 0.7145728 -0.6995611 0.02027114 0.9997945 2.043062E-06 -0.4009963 0.7468094 -0.5305448 -0.2346864 0.9148363 -0.3286287 0.0229185 0.9240967 -0.381471 0.348465 0.9373218 1.546235E-06 0.4483719 0.8938471 1.716943E-06 0.4571249 0.8894016 0.001260835 0.3276686 0.8878198 -0.3231243 0.3380592 0.8803162 -0.3328054 -0.134573 0.9909037 5.536879E-07 -0.1345249 0.9909102 9.113266E-11 -0.07572436 0.9971288 -1.162648E-05 -1.252431E-06 0.9685245 -0.2489183 -2.899605E-07 0.8078609 -0.5893733 1.307477E-06 0.7469571 -0.6648723 1.758007E-06 0.9775537 -0.2106863 0.05836064 -0.989148 0.1348344 0.2192771 -0.9549962 0.1997495 1.45461E-05 0.9970349 -0.07695021 0.1094175 -0.9790637 0.1716452 0.802073 0.5970854 -0.0129614 0.9405205 -0.3393614 0.01597283 0.9378264 0.1354548 0.3195836 0.9531206 -0.04800982 0.2987578 0.9332043 -0.3577693 -0.03363071 0.908867 0.3124656 -0.2762717 0.163165 -0.9711589 0.1738612 0.1455608 -0.9782482 0.1477923 0.2527117 -0.9443956 0.210366 0.6106563 0.7378044 -0.2876518 0.6178981 0.5441064 -0.5675828 0.5048381 0.8285359 -0.2422125 0.6122854 0.6434437 -0.4594417 0.3466201 -0.7532687 0.5589641 0.236982 -0.9149051 0.3267847 0.698189 0.4200342 -0.5797443 0.08051071 -0.9949911 0.05925066 0.1063164 -0.9920851 0.06681333 -0.08993877 0.8557113 -0.5095775 0.3380566 0.8803166 -0.3328071 0.2945885 0.90777 -0.2986154 0.006989323 0.9995943 -0.02761122 0.07453641 0.9962857 -0.04311682 0.001833226 0.9998438 -0.01758078 -0.07260885 -0.9973605 0.0002671025 -0.1748874 -0.9657134 -0.1918647 0.3844376 0.9229739 0.01807837 0.2940695 0.9557825 0.001676682 0.4853706 0.8338976 -0.2627359 0.5333397 0.8419322 -0.08184769 -0.1060464 -0.9940258 -0.02582205 -0.1088529 -0.9875421 -0.1136293 -0.1154637 -0.9213616 -0.3711617 0.0149233 -0.999691 -0.01987939 -0.348341 -0.8963045 -0.2744026 -0.1255203 -0.9849222 -0.11905 0.6206973 0.7819636 0.05716433 -0.04662794 0.9989123 5.743079E-06 -0.1162049 0.9932253 -2.792294E-06 -0.1139321 0.9934886 -3.764175E-06 0.6829447 -0.7062466 0.1865542 0.7603877 -0.2153127 -0.6127405 0.7231617 -0.4674801 -0.5084285 0.2889248 -0.8649723 0.4102992 -0.241231 0.9699534 -0.03159283 -0.04175199 0.999128 4.839219E-06 0.01917563 -0.9995404 -0.02347732 0.008324952 -0.9833433 -0.181567 0.04466598 -0.9915526 0.1217722 4.997143E-08 0.7737851 0.6334482 -2.799319E-06 0.7498723 0.6615827 0.1103672 -0.9705065 -0.2143275 -0.01906552 -0.9998037 -0.005403814 -0.02794198 0.9792334 0.2008014 -0.1037869 0.9704058 0.2180389 -0.2695332 0.9158835 0.2975052 -0.08437086 0.9662598 0.243359 0.05280652 0.9707028 0.2344091 -0.1017723 0.968552 0.2270449 -0.2274054 0.9333069 0.2778938 -0.3739374 -0.7353225 0.5652183 -0.3598925 -0.7173125 0.5966072 -0.05508946 -0.2687221 0.9616411 0.3497521 0.7374902 -0.5777385 0.4299822 0.6307023 -0.6460108 -0.8855526 0.4645391 -7.052243E-10 0 0.9999975 0.002241828 0 0.9999974 0.002255293 0.006577289 0.9999758 0.002259782  
			<SubMeshes>: 2
				<SubMesh>: 0 630 77 66 1 77 1 55 73 67 3 73 3 36 74 68 2 74 2 41 70 69 0 70 0 21 65 188 189 65 189 54 190 52 53 190 53 29 22 7 6 22 6 23 23 6 5 23 5 24 24 5 4 24 4 25 42 15 16 42 16 43 43 16 17 43 17 44 44 17 18 44 18 45 45 18 19 45 19 46 110 108 11 110 11 37 37 11 12 37 12 38 38 12 13 38 13 39 39 13 14 39 14 40 61 8 9 61 9 62 62 9 10 62 10 63 191 27 28 191 28 192 193 26 27 193 27 191 60 127 8 60 8 61 34 24 25 34 25 35 33 23 24 33 24 34 32 22 23 32 23 33 194 195 20 194 20 64 72 70 21 72 21 196 197 71 198 197 198 199 200 72 196 200 196 201 202 31 32 202 32 203 203 32 33 203 33 204 204 33 34 204 34 205 205 34 35 205 35 206 27 39 40 27 40 28 26 38 39 26 39 27 207 128 26 207 26 193 208 49 50 208 50 209 209 50 51 209 51 210 211 30 52 211 52 190 64 20 188 64 188 65 71 73 36 71 36 198 212 48 49 212 49 208 58 45 46 58 46 59 57 44 45 57 45 58 56 43 44 56 44 57 29 53 213 29 213 214 76 74 41 76 41 215 216 75 217 216 217 218 219 76 215 219 215 220 221 56 57 221 57 222 222 57 58 222 58 223 223 58 59 223 59 224 52 64 65 52 65 53 30 194 64 30 64 52 50 62 63 50 63 51 49 61 62 49 62 50 48 60 61 48 61 49 53 65 54 53 54 213 75 77 55 75 55 217 51 63 77 51 77 75 224 59 76 224 76 219 210 51 75 210 75 216 59 46 74 59 74 76 28 40 73 28 73 71 206 35 72 206 72 200 192 28 71 192 71 197 35 25 70 35 70 72 25 4 69 25 69 70 46 19 68 46 68 74 40 14 67 40 67 73 63 10 66 63 66 77 175 90 78 225 109 56 225 56 221 111 42 79 111 79 91 116 228 229 116 229 166 43 56 109 109 115 43 115 79 43 79 42 43 79 115 107 243 244 245 245 246 60 60 48 245 48 243 245 48 247 243 48 47 247 246 127 60 37 38 26 26 128 37 128 249 37 37 249 129 129 110 37 129 185 110 185 253 110 185 254 253 185 186 254 186 187 254 187 184 254 258 22 32 32 167 258 167 259 258 258 260 7 258 7 22 261 247 47 47 262 261 47 263 262 47 145 263 47 140 145 47 139 140 139 47 264 264 47 48 48 212 264 212 267 264 175 111 91 175 91 90 168 116 166 168 166 169 167 306 259 166 183 307 166 307 308 31 167 32 169 167 31 31 114 169 114 168 169 111 113 15 111 15 42 313 114 31 313 31 202 166 308 314 166 314 169 78 90 318 78 318 319 169 314 306 169 306 167 229 334 183 229 183 166  
				<SubMesh>: 1 486 158 122 130 182 181 146 132 151 150 132 150 135 134 150 149 134 149 137 84 101 85 84 85 142 101 100 86 101 86 85 98 88 82 98 82 99 80 89 97 80 97 81 89 226 96 89 96 97 226 227 95 226 95 96 161 106 105 118 125 171 171 120 118 171 119 120 132 141 138 132 138 151 96 95 100 96 100 101 86 100 99 86 99 82 159 112 230 159 230 231 232 233 234 232 234 164 104 98 99 104 99 163 172 173 94 172 94 235 173 174 170 173 170 94 148 103 178 235 94 236 237 238 239 237 239 172 240 87 117 117 241 240 117 93 241 97 96 92 81 97 92 92 117 81 117 87 81 241 93 242 155 123 131 155 131 153 248 152 121 152 250 251 152 251 252 105 106 255 255 124 105 255 126 124 130 122 88 130 88 98 98 104 105 105 124 98 124 130 98 131 256 257 131 257 153 135 150 134 242 93 144 242 144 179 151 149 150 117 92 102 117 102 143 178 103 83 265 266 138 92 96 101 101 102 92 101 84 102 93 117 143 93 143 144 137 149 266 137 266 268 147 269 136 270 271 272 270 272 273 136 269 274 103 275 276 277 268 266 146 278 279 280 281 278 275 103 282 275 282 283 279 278 284 180 182 146 180 146 133 177 265 138 177 138 141 278 181 280 103 148 282 285 286 148 287 121 152 287 152 156 156 152 252 124 157 158 124 158 130 154 288 289 153 257 288 153 288 154 290 291 154 154 292 290 154 289 292 154 291 155 154 155 153 126 157 124 250 152 248 293 160 162 293 162 294 160 159 231 160 231 162 295 104 163 295 163 296 297 232 164 297 164 165 298 164 234 299 300 301 293 299 301 302 303 304 165 164 298 95 227 296 95 296 163 100 95 163 100 163 99 295 305 104 104 305 161 104 161 105 239 173 172 94 170 309 94 309 236 172 235 310 310 311 172 311 237 172 239 312 174 239 174 173 315 176 316 285 148 178 317 265 177 320 176 321 322 323 324 322 325 326 327 325 322 327 322 328 321 176 315 328 322 324 138 266 149 138 149 151 329 330 331 332 280 181 332 181 182 146 181 278 182 180 333 182 333 332 255 335 126 126 336 337 335 336 126  
		</Mesh>
		<Materials>: 2
			<Material>: 0
				<AlbedoColor>: 1 1 1 1
				<EmissiveColor>: 0 0 0 0
				<Glossiness>: 0
				<Metallic>: 0
				<SpecularHighlight>: 1
				<GlossyReflection>: 1
				<AlbedoMap>: BLD_Structures2_A
				<MetallicMap>: BLD_Structures2_MS
				<NormalMap>: BLD_Structures2_N
				<EmissionMap>: null
				<DetailAlbedoMap>: DET_Concrete1_A
				<DetailNormalMap>: DET_Concrete1_N
			<Material>: 1
				<AlbedoColor>: 1 1 1 1
				<EmissiveColor>: 0 0 0 0
				<Glossiness>: 0.04
				<Metallic>: 0
				<SpecularHighlight>: 1
				<GlossyReflection>: 1
				<AlbedoMap>: BLD_Rubble1_A
				<MetallicMap>: null
				<NormalMap>: BLD_Rubble1_N
				<EmissionMap>: null
				<DetailAlbedoMap>: @DET_Concrete1_A
				<DetailNormalMap>: @DET_Concrete1_N
		</Materials>
		<Children>: 0
	</Frame>
</Hierarchy>
