<Hierarchy>:
	<Frame>: 0 5 Villa1_Base_Mid_A
		<Transform>: 0 0 0 0 0 0 1 1 1 0 0 0 1  
		<TransformMatrix>: 1 0 0 0 0 1 0 0 0 0 1 0 0 0 0 1  
		<BoxCollider>: 1 2 0.5 0.2 4 1 1.2  
		<Mesh>: 74 Villa1_Base_Mid_A
			<Bounds>: 2 0.5 0.2 2 0.5 0.6
			<Positions>: 74 0 0.8 0.7 0 3.059797E-08 0.7 4 0.8 0.6 4 2.622683E-08 0.6 0 0.8 -0.4 0 -1.748456E-08 -0.4 4 0.8 -0.4 4 -1.748456E-08 -0.4 -1.998402E-16 0.8 0.8 4 0.8 0.8 -1.998402E-16 1 -0.4 -1.998402E-16 0.8 -0.4 4 1 -0.4 3.7 0.8 0.6 3.7 2.622683E-08 0.6 3.7 0.8 -0.4 3.7 -1.748456E-08 -0.4 4 0.8 0.6999999 4 3.675686E-08 0.7 3.8 0.8 0.6999999 3.8 3.675686E-08 0.7 0.3 0.8 0.6 0.3 2.622683E-08 0.6 0.3 0.8 -0.4 0.3 -1.748456E-08 -0.4 0.2 0.8 0.7 0.2 3.059797E-08 0.7 3.664588 2.622683E-08 0.6 3.664588 0.8 0.6 -1.998402E-16 1 0.7903716 -1.998402E-16 0.9903716 0.8 4 0.9903716 0.8 4 1 0.7903716 3.81599 3.675686E-08 0.7 3.81599 0.8 0.6999999 0.3392432 0.8 0.6 0.3392432 2.622683E-08 0.6 0.1792818 0.8 0.7 0.1792818 3.059797E-08 0.7 0.2110365 0.8 0.6889635 0.2110365 3.011555E-08 0.6889636 0.2812188 0.8 0.6187811 0.2812188 2.704779E-08 0.6187812 3.717534 2.807317E-08 0.617534 3.717534 0.8 0.617534 3.791099 0.8 0.6910986 3.791099 3.581954E-08 0.6910986 4 -1.748456E-08 -0.4 4 0.8 -0.4 -1.998402E-16 1 -0.4 4 1 -0.4 4 0.8 -0.4 -1.998402E-16 0.8 -0.4 4 0.8 -0.4 4 0.8 0.8 4 0.8 -0.4 4 1 -0.4 4 1 0.7903716 -1.998402E-16 0.8 0.8 4 0.8 0.8 4 0.9903716 0.8 0 0.8 0.7 0 3.059797E-08 0.7 4 0.8 0.6999999 4 3.675686E-08 0.7 0 0.8 -0.4 0 -1.748456E-08 -0.4 4 0.9903716 0.8 -1.998402E-16 0.9903716 0.8 -1.998402E-16 1 -0.4 -1.998402E-16 0.8 -0.4 -1.998402E-16 0.8 0.8 -1.998402E-16 0.9903716 0.8 -1.998402E-16 1 0.7903716  
			<Colors>: 0  
			<TextureCoords0>: 74 0.2109375 0.8134766 0.2109375 0.8681641 0.2041016 0.8134766 0.2041016 0.8681641 0.1367188 0.8134766 0.1367188 0.8681641 0.2016602 0.8696289 0.2016602 0.9091797 0.4003906 0.8588867 0 0.8588867 0.4003906 0.7998047 0.4003906 0.8696289 0 0.7998047 0.01513672 0.8701172 0.01513672 0.909668 0.2158203 0.8696289 0.2158203 0.9091797 0.0004882813 0.8701172 0.0004882813 0.909668 0.01025391 0.8701172 0.01025391 0.909668 0.1850586 0.8701172 0.1850586 0.909668 0.3847656 0.8696289 0.3847656 0.9091797 0.1894531 0.8701172 0.1894531 0.909668 0.0169065 0.909668 0.0169065 0.8701172 0.4003906 0.8588867 0.4003906 0.8598633 0.2177734 0.8007813 0 0.8588867 0.009473142 0.909668 0.009473143 0.8701172 0.1830973 0.8701172 0.1830973 0.909668 0.1905153 0.8701172 0.1905153 0.909668 0.1889681 0.8701172 0.1889681 0.909668 0.1858839 0.8701172 0.1858839 0.909668 0.01428056 0.909668 0.01428057 0.8701172 0.01068855 0.8701172 0.01068854 0.909668 0.1367188 0.8681641 0.1367188 0.8134766 0.4003906 0.8598633 0 0.8598633 0 0.8696289 0.4003906 0.7998047 0 0.7998047 0.2177734 0.8134766 0.1367188 0.8134766 0.1367188 0.800293 0.2172852 0.800293 0.4003906 0.8701172 0 0.8701172 0 0.8598633 0.199707 0.8701172 0.199707 0.909668 0.2109375 0.8134766 0.2109375 0.8681641 0.3999023 0.8696289 0.3999023 0.9091797 0 0.8598633 0.4003906 0.8598633 0.1367188 0.800293 0.1367188 0.8134766 0.2177734 0.8134766 0.2177734 0.8007813 0.2172852 0.800293  
			<TextureCoords1>: 74 0.987416 0.4868183 0.987416 0.6404815 0.795337 0.6443878 0.795337 0.7980511 0.776129 0.4868183 0.7761291 0.6404815 0.003906325 0.6443879 0.00390625 0.7980511 0.003906306 0.4099868 0.7722228 0.4099868 0.7722227 0.4060805 0.7722223 0.1709135 0.00390625 0.4060805 0.7225546 0.8424305 0.722555 0.9960938 0.06153001 0.6443878 0.06152993 0.798051 0.7881345 0.8424301 0.7881349 0.9960935 0.7497187 0.8424302 0.7497191 0.9960936 0.06948611 0.8424301 0.06948652 0.9960933 0.7145991 0.644388 0.714599 0.7980512 0.04232205 0.8424301 0.04232245 0.9960934 0.7157531 0.9960938 0.7157527 0.8424305 0.7722228 0.1774352 0.003906546 0.8019574 0.00390625 0.04970294 0.003906309 0.1774352 0.7527905 0.9960936 0.75279 0.8424302 0.07702392 0.8424301 0.07702433 0.9960933 0.03834249 0.8424301 0.03834289 0.9960934 0.04531999 0.8424301 0.04532039 0.9960934 0.06438438 0.8424301 0.06438479 0.9960934 0.727318 0.9960937 0.7273176 0.8424304 0.7473007 0.8424302 0.7473011 0.9960936 0.987416 0.7980511 0.987416 0.6443879 0.7722223 0.1324977 0.003906264 0.1324977 0.00390625 0.1709135 0.00390625 0.6404815 0.7722227 0.6404815 0.003906425 0.08626932 0.2344012 0.08626932 0.234401 0.04785353 0.005755657 0.04785353 0.00390625 0.8385238 0.7722226 0.8385238 0.7722229 0.8019574 0.00390625 0.8424302 0.003906646 0.9960935 0.7761291 0.6443878 0.7761291 0.7980512 0.7722228 0.6443879 0.7722227 0.7980511 0.00390627 0.1748197 0.7722228 0.1748197 0.00390625 0.09017557 0.003906426 0.1285914 0.2344012 0.1285914 0.2344012 0.09202498 0.2325518 0.09017563  
			<Normals>: 74 -1 0 0 -1 0 0 1 0 0 1 0 0 -1 0 0 -1 0 0 0 0 -1 0 0 -1 0 -0.7071068 0.7071068 0 -0.7071068 0.7071068 0 1 0 0 0 -1 0 1 0 -0.3826815 0 0.9238803 -0.3826815 0 0.9238803 0 0 -1 0 0 -1 0.7071068 0 0.7071068 0.7071068 0 0.7071068 -0.3826815 0 0.9238803 -0.3826815 0 0.9238803 0.3826815 0 0.9238803 0.3826815 0 0.9238803 0 0 -1 0 0 -1 0.3826815 0 0.9238803 0.3826815 0 0.9238803 0 0 1 0 0 1 0 0.9238803 0.3826815 0 0.3826815 0.9238803 1 0 0 0 0.9238803 0.3826815 0 0 1 0 0 1 0 0 1 0 0 1 0 0 1 0 0 1 0.7071068 0 0.7071068 0.7071068 0 0.7071068 0.7071068 0 0.7071068 0.7071068 0 0.7071068 -0.7071068 0 0.7071068 -0.7071068 0 0.7071068 -0.7071068 0 0.7071068 -0.7071068 0 0.7071068 1 0 0 1 0 0 0 0 -1 0 0 -1 0 0 -1 0 -1 0 0 -1 0 1 0 0 1 0 0 1 0 0 1 0 0 0 -0.7071068 0.7071068 0 -0.7071068 0.7071068 0 0.3826815 0.9238803 0 0 1 0 0 1 0.7071068 0 0.7071068 0.7071068 0 0.7071068 0 0 -1 0 0 -1 0 0.3826815 0.9238803 0 0.3826815 0.9238803 -1 0 0 -1 0 0 -1 0 0 -1 0 0 -1 0 0  
			<Tangents>: 74 0 0 1 0 1.749785E-08 1 0 4.346182E-09 1 0 5.489903E-08 1 0 2.621354E-08 1 0 4.371139E-08 1 -1 0 0 -1 0 0 -1 0 0 -1 0 0 -1 0 0 -1 0 0 -1 0 0 -0.9238803 0 -0.3826815 -0.9238803 -2.575825E-08 -0.3826815 -1 0 0 -1 0 0 -0.7071068 0 0.7071068 -0.7071068 0 0.7071068 -0.9238803 -2.886906E-10 -0.3826815 -0.9238803 -2.882087E-08 -0.3826815 -0.9238803 0 0.3826815 -0.9238803 0 0.3826815 -1 0 0 -1 0 0 -0.9238803 0 0.3826815 -0.9238803 0 0.3826815 -1 0 0 -1 0 0 -1 0 0 -1 0 0 0 -0.0001967977 1 -1 0 0 -1 0 0 -1 0 0 -1 0 0 -1 0 0 -1 0 0 -1 0 0 -0.7071068 4.077816E-08 0.7071068 -0.7071068 5.189291E-07 0.7071068 -0.7071068 0 0.7071068 -0.7071068 4.365257E-07 0.7071068 -0.7071068 -6.950845E-08 -0.7071068 -0.7071068 -2.827055E-10 -0.7071068 -0.7071068 -5.468284E-09 -0.7071068 -0.7071068 -7.437806E-08 -0.7071068 0 0 1 0 0 1 -1 0 0 -1 0 0 -1 0 0 -1 0 0 -1 0 0 0 0 1 0 -0.001671613 0.9999986 0 -0.001850437 0.9999983 0 0 1 -1 0 0 -1 0 0 -1 0 0 -1 0 0 -1 0 0 -0.7071068 0 0.7071068 -0.7071068 7.762046E-07 0.7071068 -1 0 0 -1 0 0 -1 0 0 -1 0 0 0 -0.000186743 1 0 0 1 0 -0.001712975 0.9999985 0 -0.001886461 0.9999982 0 0 1  
			<BiTangents>: 74 0 1 0 0 1 -1.749785E-08 0 1 -4.346182E-09 0 1 -5.489903E-08 0 1 -2.621354E-08 0 1 -4.371139E-08 0 1 0 0 1 0 0 -0.7071068 -0.7071068 0 -0.7071068 -0.7071068 0 0 -1 0 1 0 0 0 -1 0 1 0 -2.379754E-08 1 -9.857207E-09 0 1 0 0 1 0 0 1 0 0 1 0 -2.667156E-10 1 -1.104766E-10 -2.662703E-08 1 -1.102921E-08 0 1 0 0 1 0 0 1 0 0 1 0 0 1 0 0 1 0 0 1 0 0 1 0 0 0.3826815 -0.9238803 0 0.9238803 -0.3826815 0 1 0.0001967977 0 0.3826815 -0.9238803 0 1 0 0 1 0 0 1 0 0 1 0 0 1 0 0 1 0 2.883452E-08 1 -2.883452E-08 3.669383E-07 1 -3.669383E-07 0 1 0 3.086703E-07 1 -3.086703E-07 -4.91499E-08 1 -4.91499E-08 -1.99903E-10 1 -1.99903E-10 -3.866661E-09 1 -3.866661E-09 -5.259323E-08 1 -5.259323E-08 0 1 0 0 1 0 0 1 0 0 1 0 0 1 0 0 0 -1 0 0 -1 0 1 0 0 0.9999986 0.001671613 0 0.9999983 0.001850437 0 1 0 0 0.7071068 0.7071068 0 0.7071068 0.7071068 0 0.9238803 -0.3826815 0 1 0 0 1 0 0 1 0 5.488595E-07 1 -5.488595E-07 0 1 0 0 1 0 0 0.9238803 -0.3826815 0 0.9238803 -0.3826815 0 1 0.000186743 0 1 0 0 0.9999985 0.001712975 0 0.9999982 0.001886461 0 1 0  
			<SubMeshes>: 1
				<SubMesh>: 0 162 46 20 19 46 19 45 15 6 7 15 7 16 2 3 47 2 47 48 25 26 40 25 40 39 1 0 4 1 4 5 29 32 12 29 12 10 49 50 51 49 51 11 9 8 52 9 52 53 31 54 55 55 56 31 56 57 31 30 58 59 30 59 60 61 62 38 61 38 37 23 15 16 23 16 24 28 27 14 28 14 13 34 33 18 34 18 17 21 22 36 21 36 35 43 46 45 43 45 44 2 63 64 2 64 3 41 42 22 41 22 21 14 43 44 14 44 13 65 23 24 65 24 66 19 20 33 19 33 34 37 38 26 37 26 25 35 36 27 35 27 28 67 32 29 67 29 68 69 70 71 71 72 69 72 73 69 39 40 42 39 42 41  
		</Mesh>
		<Materials>: 1
			<Material>: 0
				<AlbedoColor>: 1 1 1 1
				<EmissiveColor>: 0 0 0 0
				<Glossiness>: 0.04
				<Metallic>: 0
				<SpecularHighlight>: 1
				<GlossyReflection>: 1
				<AlbedoMap>: BLD_Villa1_A
				<MetallicMap>: BLD_Villa1_MS
				<NormalMap>: BLD_Villa1_N
				<EmissionMap>: null
				<DetailAlbedoMap>: DET_Concrete1_A
				<DetailNormalMap>: DET_Concrete1_N
		</Materials>
		<Children>: 0
	</Frame>
</Hierarchy>
