<Hierarchy>:
	<Frame>: 0 5 Villa1_Deco_Column_Top_A
		<Transform>: 0 0 0 0 0 0 1 1 1 0 0 0 1  
		<TransformMatrix>: 1 0 0 0 0 1 0 0 0 0 1 0 0 0 0 1  
		<BoxCollider>: 1 -3.576279E-07 1.05067 0.09999989 1.165335 2.098661 1.183499  
		<Mesh>: 148 Villa1_Deco_Column_Top_A
			<Bounds>: -3.576279E-07 1.05067 0.09999989 0.5826676 1.04933 0.5917493
			<Positions>: 148 0.4 2.1 0.4999999 0.4 2.1 -0.3000001 -0.4 2.1 0.4999999 -0.4 2.1 -0.3000001 0.3999996 1.500001 -0.3000001 -0.4000003 1.500001 -0.3000001 -0.4000003 1.500001 0.4999999 0.3999996 1.500001 0.4999999 0.4830537 1.749163 0.6661083 0.4775641 1.844871 0.655129 0.4775641 1.844871 -0.4551292 0.4830537 1.749163 -0.4661084 -0.477565 1.844871 -0.4551292 -0.4830546 1.749163 -0.4661084 -0.477565 1.844871 0.655129 -0.4830546 1.749163 0.6661083 0.4264903 1.744747 -0.3839577 -0.4264911 1.744747 -0.3839577 0.4264903 1.744747 0.5839575 -0.4264912 1.744747 0.5839575 -0.4274678 1.695089 -0.3433026 -0.4598454 1.615101 -0.3968072 -0.4598455 1.615101 0.5955291 -0.4274679 1.695089 0.6052649 0.427467 1.695089 -0.3433026 0.4598447 1.615101 -0.3968072 0.4598447 1.615101 0.5955291 0.427467 1.695089 0.6052649 -0.4590071 1.6702 0.6185399 -0.4590071 1.6702 -0.3862265 0.4590063 1.6702 0.6185399 0.4590063 1.6702 -0.3862265 0.3999997 1.438927 -0.3000001 -0.4000002 1.438927 -0.3000001 -0.4000002 1.438927 0.4999999 0.3999997 1.438927 0.4999999 0.5826672 2.046738 0.6917492 0.5680916 2.07735 0.6680918 0.5680916 2.07735 -0.4680921 0.5826672 2.046738 -0.4917494 -0.5680923 2.07735 -0.4680921 -0.5826679 2.046738 -0.4917494 -0.5680923 2.07735 0.6680919 -0.5826679 2.046738 0.6917492 0.3999998 0.001339532 0.5 -0.4000002 0.00134144 0.5 -0.4000002 0.00134144 -0.3 0.3999998 0.001339532 -0.3 -0.4000002 1.413522 0.4999999 -0.4000002 1.413522 -0.3000001 0.3999997 1.413515 0.4999999 0.3999997 1.413515 -0.3000001 0.4818516 1.77012 0.6637041 -0.4818521 1.770128 0.6637032 -0.4818521 1.770128 -0.4637033 0.4818516 1.77012 -0.4637042 0.4828152 1.854957 0.6569586 -0.4828206 1.854965 -0.4569603 0.4828154 1.854957 -0.4569589 -0.4828204 1.854965 0.6569601 -0.4274678 1.695089 -0.3433026 -0.4274679 1.695089 0.6052649 0.4828154 1.854957 -0.4569589 -0.5826679 2.046738 -0.4917494 0.4828152 1.854957 0.6569586 -0.477565 1.844871 0.655129 -0.4818521 1.770128 -0.4637033 0.4775641 1.844871 -0.4551292 0.4598447 1.615101 0.5955291 0.3999996 1.500001 -0.3000001 0.4264903 1.744747 0.5839575 0.427467 1.695089 -0.3433026 0.4830537 1.749163 0.6661083 -0.4264912 1.744747 0.5839575 0.4264903 1.744747 0.5839575 0.4830537 1.749163 -0.4661084 0.4264903 1.744747 0.5839575 0.4264903 1.744747 -0.3839577 -0.4830546 1.749163 0.6661083 -0.4264911 1.744747 -0.3839577 -0.4264912 1.744747 0.5839575 -0.4274678 1.695089 -0.3433026 -0.4590071 1.6702 0.6185399 -0.4274678 1.695089 -0.3433026 0.427467 1.695089 -0.3433026 0.427467 1.695089 0.6052649 -0.4000003 1.500001 -0.3000001 -0.4000003 1.500001 0.4999999 0.4590063 1.6702 -0.3862265 0.4590063 1.6702 -0.3862265 0.4598447 1.615101 -0.3968072 -0.4598455 1.615101 0.5955291 0.4590063 1.6702 0.6185399 -0.4590071 1.6702 -0.3862265 -0.4598454 1.615101 -0.3968072 -0.4000002 1.438927 0.4999999 -0.4000002 1.438927 -0.3000001 0.3999997 1.438927 0.4999999 -0.5680923 2.07735 0.6680919 0.5680916 2.07735 0.6680918 -0.5680923 2.07735 0.6680919 -0.5680923 2.07735 -0.4680921 0.5826672 2.046738 -0.4917494 -0.5826679 2.046738 -0.4917494 0.5680916 2.07735 -0.4680921 0.5826672 2.046738 0.6917492 0.5826672 2.046738 -0.4917494 -0.4000002 0.00134144 0.5 0.3999997 1.413515 0.4999999 0.3999997 1.438927 -0.3000001 0.3999997 1.413515 -0.3000001 -0.4000002 0.00134144 -0.3 0.3999998 0.001339532 0.5 -0.4000002 1.413522 -0.3000001 -0.4000002 1.413522 0.4999999 0.4775641 1.844871 0.655129 -0.4830546 1.749163 -0.4661084 -0.4818521 1.770128 0.6637032 0.4830537 1.749163 -0.4661084 0.4830537 1.749163 0.6661083 0.4818516 1.77012 -0.4637042 -0.477565 1.844871 -0.4551292 -0.4828204 1.854965 0.6569601 -0.5826679 2.046738 0.6917492 -0.4264912 1.744747 0.5839575 0.4264903 1.744747 -0.3839577 -0.4264911 1.744747 -0.3839577 -0.4828206 1.854965 -0.4569603 0.4818516 1.77012 0.6637041 0.3999996 1.500001 0.4999999 -0.4830546 1.749163 0.6661083 0.4830537 1.749163 0.6661083 -0.4830546 1.749163 -0.4661084 -0.4274679 1.695089 0.6052649 -0.4590071 1.6702 -0.3862265 -0.4590071 1.6702 -0.3862265 -0.4590071 1.6702 0.6185399 -0.5680923 2.07735 -0.4680921 0.5680916 2.07735 -0.4680921 0.5680916 2.07735 0.6680918 0.3999998 0.001339532 -0.3 -0.4830546 1.749163 0.6661083 -0.4830546 1.749163 -0.4661084 0.4830537 1.749163 -0.4661084 -0.4818521 1.770128 0.6637032 -0.4818521 1.770128 -0.4637033 0.4818516 1.77012 -0.4637042 0.4818516 1.77012 0.6637041  
			<Colors>: 0  
			<TextureCoords0>: 148 0.7587891 0.9584961 0.7587891 0.9282227 0.7910156 0.9584961 0.7910156 0.9282227 0.9599609 0.746582 0.8603516 0.7490234 0.8408203 0.746582 0.8100586 0.746582 0.8061523 0.730957 0.9970703 0.7304688 0.8935547 0.7294922 0.8935547 0.7329102 0.9443359 0.7338867 0.8564453 0.7329102 0.8432617 0.7280273 0.8442383 0.730957 0.956543 0.7358398 0.8588867 0.7358398 0.8085938 0.7348633 0.9057617 0.7392578 0.8588867 0.7392578 0.8574219 0.7421875 0.9042969 0.7446289 0.8422852 0.7368164 0.8911133 0.7392578 0.9555664 0.7412109 0.8076172 0.7397461 0.8085938 0.7368164 0.902832 0.7421875 0.9423828 0.7421875 0.9951172 0.7387695 0.8920898 0.7402344 0.9599609 0.7490234 0.9394531 0.7524414 0.8408203 0.7490234 0.8100586 0.7490234 0.8037109 0.7202148 0.7529297 0.965332 0.7529297 0.9223633 0.8984375 0.7202148 0.7973633 0.9223633 0.9472656 0.7236328 0.7973633 0.965332 0.9018555 0.7236328 0.8100586 0.8051758 0.8408203 0.8051758 0.9394531 0.8085938 0.9599609 0.8051758 0.9086914 0.7529297 0.8603516 0.7519531 0.8100586 0.7495117 0.9599609 0.7495117 0.9970703 0.7329102 0.8432617 0.730957 0.9458008 0.7363281 0.8935547 0.7329102 0.9970703 0.7285156 0.9458008 0.7319336 0.9536133 0.7285156 0.8442383 0.7270508 0.9414063 0.7412109 0.9042969 0.7412109 0.8935547 0.7285156 0.8520508 0.7202148 0.8061523 0.7270508 0.9023438 0.7338867 0.8564453 0.7329102 0.9536133 0.7304688 0.9936523 0.7412109 0.8901367 0.7490234 0.9936523 0.7358398 0.9580078 0.737793 0.8061523 0.730957 0.8422852 0.7348633 0.8085938 0.7348633 0.9536133 0.7333984 0.9936523 0.7358398 0.956543 0.7358398 0.9023438 0.7368164 0.9423828 0.7392578 0.9057617 0.7392578 0.9414063 0.7412109 0.8432617 0.737793 0.8588867 0.7392578 0.8911133 0.7392578 0.9951172 0.737793 0.9394531 0.75 0.9086914 0.75 0.956543 0.7387695 0.8920898 0.7402344 0.8920898 0.7421875 0.8432617 0.7397461 0.8076172 0.737793 0.9423828 0.7421875 0.9423828 0.7446289 0.9086914 0.7524414 0.8603516 0.7514648 0.9902344 0.7490234 0.847168 0.7177734 0.8037109 0.7177734 0.9023438 0.7231445 0.8540039 0.7197266 0.8984375 0.7202148 0.8520508 0.7202148 0.9536133 0.7197266 0.9980469 0.7202148 0.953125 0.7202148 0.9086914 0.8085938 0.9902344 0.7495117 0.8901367 0.7514648 0.8901367 0.7519531 0.8603516 0.8076172 0.9902344 0.8051758 0.9394531 0.7529297 0.8408203 0.7495117 0.8061523 0.7280273 0.9458008 0.7368164 0.9023438 0.7363281 0.8935547 0.7329102 0.9970703 0.7333984 0.9536133 0.7329102 0.8564453 0.7294922 0.9023438 0.7319336 0.847168 0.7202148 0.8422852 0.7348633 0.8911133 0.7358398 0.9423828 0.7392578 0.8564453 0.7285156 0.8061523 0.730957 0.9902344 0.746582 0.8442383 0.730957 0.9970703 0.7333984 0.9458008 0.7368164 0.9042969 0.7412109 0.8574219 0.7402344 0.8574219 0.7402344 0.902832 0.7421875 0.9458008 0.7231445 0.8964844 0.7197266 0.9970703 0.7197266 0.8901367 0.8076172 0.9023438 0.7368164 0.8564453 0.7329102 0.9536133 0.7333984 0.8432617 0.730957 0.8564453 0.7329102 0.8935547 0.7329102 0.8061523 0.730957  
			<TextureCoords1>: 148 0.6771801 0.6364105 0.4848972 0.6365528 0.6773335 0.4441276 0.484832 0.4440514 0.3646485 0.7475065 0.7994726 0.9816884 0.07408196 0.9816883 0.07408151 0.7891205 0.6912022 0.3193215 0.4434874 0.7477332 0.459972 0.3726122 0.9947577 0.4482023 0.01272121 0.09520125 0.9947285 0.680882 0.4599719 0.2961324 0.4586505 0.3193215 0.4307664 0.7677156 0.9749299 0.6672406 0.00390625 0.7827441 0.2368929 0.01639313 0.9594759 0.6674739 0.8356749 0.9960938 0.01717066 0.2836335 0.01691375 0.9883001 0.9595025 0.4616038 0.3958755 0.770809 0.0380763 0.7747152 0.01691328 0.7825089 0.3604207 0.1279543 0.1677797 0.2741883 0.4091399 0.5264049 0.00390625 0.1259476 0.3499475 0.7475065 0.06309869 0.4991962 0.08878301 0.9816883 0.08878256 0.7891204 0.7151802 0.2467479 0.7180468 0.6772796 0.4440074 0.6773658 0.4346726 0.3232277 0.4440074 0.4032243 0.00390625 0.04041821 0.7181491 0.4032399 0.288786 0.04041821 0.4348238 0.78912 0.4348238 0.9816878 0.4091394 0.4991966 0.00390625 0.7475061 0.06921379 0.3066283 0.7786564 0.9816886 0.0948995 0.7891204 0.3438305 0.7475065 0.4414234 0.765756 0.45894 0.3142418 0.01065733 0.1132222 0.4589399 0.3907235 0.443047 0.7449961 0.01228046 0.09246188 0.7111779 0.744996 0.4587069 0.2936631 0.01369246 0.02835071 0.2420219 0.02834851 0.4587079 0.3701447 0.7151802 0.3232277 0.6911448 0.2936651 0.2799712 0.09520125 0.6909128 0.3907216 0.7107375 0.7477331 0.3958755 0.5319438 0.7994726 0.7891207 0.4307664 0.5347292 0.418811 0.7579296 0.7220677 0.4482023 0.7418564 0.6672448 0.7418665 0.4618445 0.9947577 0.4482023 0.7418665 0.4618445 0.9749565 0.4618409 0.7220553 0.6808826 0.9749299 0.6672406 0.7418564 0.6672448 0.170162 0.2602381 0.0237038 0.995892 0.170162 0.2602381 0.01754861 0.1221833 0.418811 0.5296003 0.04839764 0.4991962 0.04839764 0.3066283 0.4091399 0.7682621 0.8491802 0.7749172 0.8356749 0.7747154 0.03807682 0.9960938 0.02370329 0.7749171 0.003906259 0.5199518 0.01717067 0.5224986 0.06309869 0.3066283 0.7847715 0.9816885 0.3499475 0.5549387 0.4381811 0.2374353 0.7116717 0.2374353 0.2830915 0.03225696 0.4440074 0.4032243 0.4346726 0.6808826 0.4346726 0.3997074 0.7138578 0.6847889 0.4346726 0.6929501 0.7195523 0.6929501 0.4091394 0.3066287 0.3438305 0.5549387 0.7847715 0.7891208 0.7786546 0.7891209 0.4387304 0.9816886 0.00390625 0.5549382 0.06921379 0.4991962 0.09489811 0.9816883 0.6898808 0.2961324 0.01007843 0.1182771 0.2820351 0.1132222 0.4586506 0.3958012 0.4408447 0.770809 0.7128016 0.765756 0.6898809 0.3726122 0.280412 0.092462 0.4346726 0.2467479 0.00390672 0.9880651 0.9749565 0.4618409 0.00390625 0.01639539 0.691146 0.3701428 0.690913 0.3142437 0.3646485 0.5549387 0.7220553 0.6808826 0.7220677 0.4482023 0.9947285 0.680882 0.3520281 0.1221833 0.1677797 0.2741883 0.8491802 0.995892 0.00390625 0.2780946 0.009600787 0.03225696 0.4440074 0.6773658 0.4403672 0.6847889 0.43873 0.7891209 0.2826139 0.1182771 0.6912022 0.3958012 0.7133802 0.7708089 0.45894 0.3142418 0.6909128 0.3907216 0.4589399 0.3907235 0.690913 0.3142437  
			<Normals>: 148 0.05026415 0.9974703 0.05026415 0.05026415 0.9974703 -0.05026415 -0.05026423 0.9974718 0.05023371 -0.05026415 0.9974703 -0.05026415 0.6794534 -0.4375261 -0.588994 -0.6794534 -0.4375261 -0.588994 -0.6787902 -0.4355781 0.5911984 0.6787902 -0.4355781 0.5911984 0.5934499 -0.5192267 0.6149966 0.6526753 -0.1789318 0.7362053 0.6526753 -0.1789318 -0.7362053 0.5934207 -0.5192584 -0.614998 -0.6526753 -0.1789318 -0.7362053 -0.5934302 -0.5192361 -0.6150078 -0.6526753 -0.1789318 0.7362053 -0.5934207 -0.5192584 0.614998 0.182078 -0.9569318 -0.2261173 -0.182078 -0.9569318 -0.2261173 0.4484538 -0.8324809 0.3253686 -0.4484538 -0.8324809 0.3253686 -0.7206123 0.5367664 -0.4388618 -0.6477 -0.2589213 -0.7165504 -0.6893373 -0.4342883 0.5798343 -0.4361835 0.60755 0.6637973 0.7206123 0.5367664 -0.4388618 0.6477 -0.2589213 -0.7165504 0.6893373 -0.4342883 0.5798343 0.4361835 0.60755 0.6637973 -0.6583253 0.2474175 0.7109095 -0.6324201 0.5071691 -0.585512 0.6583253 0.2474175 0.7109095 0.6324201 0.5071691 -0.585512 0.7071068 0 -0.7071068 -0.7071068 0 -0.7071068 -0.7071068 0 0.7071068 0.7071068 0 0.7071068 0.7171039 0.1034898 0.6892401 0.4575839 0.8128348 0.3604393 0.4575726 0.8128452 -0.3604304 0.7171039 0.1034898 -0.6892401 -0.4575839 0.8128348 -0.3604393 -0.7171039 0.1034898 -0.6892401 -0.4575839 0.8128348 0.3604393 -0.7171039 0.1034898 0.6892401 0.7071068 0 0.7071068 -0.7071068 0 0.7071068 -0.7071068 0 -0.7071068 0.7071068 0 -0.7071068 -0.7071068 0 0.7071068 -0.7071068 0 -0.7071068 0.7071068 0 0.7071068 0.7071068 0 -0.7071068 0.7036465 0.1206722 0.7002284 -0.7036465 0.1206722 0.7002284 -0.7036465 0.1206722 -0.7002284 0.7036465 0.1206722 -0.7002284 0.6028435 -0.4351716 0.6687341 -0.6028435 -0.4351716 -0.6687341 0.6028435 -0.4351716 -0.6687341 -0.6028435 -0.4351716 0.6687341 -0.7206123 0.5367664 -0.4388618 -0.4361835 0.60755 0.6637973 0.6028435 -0.4351716 -0.6687341 -0.7171039 0.1034898 -0.6892401 0.6028435 -0.4351716 0.6687341 -0.6526753 -0.1789318 0.7362053 -0.7036465 0.1206722 -0.7002284 0.6526753 -0.1789318 -0.7362053 0.6893373 -0.4342883 0.5798343 0.6794534 -0.4375261 -0.588994 0.4484538 -0.8324809 0.3253686 0.7206123 0.5367664 -0.4388618 0.5934499 -0.5192267 0.6149966 -0.4484538 -0.8324809 0.3253686 0.4484538 -0.8324809 0.3253686 0.5934207 -0.5192584 -0.614998 0.4484538 -0.8324809 0.3253686 0.182078 -0.9569318 -0.2261173 -0.5934207 -0.5192584 0.614998 -0.182078 -0.9569318 -0.2261173 -0.4484538 -0.8324809 0.3253686 -0.7206123 0.5367664 -0.4388618 -0.6583253 0.2474175 0.7109095 -0.7206123 0.5367664 -0.4388618 0.7206123 0.5367664 -0.4388618 0.4361835 0.60755 0.6637973 -0.6794534 -0.4375261 -0.588994 -0.6787902 -0.4355781 0.5911984 0.6324201 0.5071691 -0.585512 0.6324201 0.5071691 -0.585512 0.6477 -0.2589213 -0.7165504 -0.6893373 -0.4342883 0.5798343 0.6583253 0.2474175 0.7109095 -0.6324201 0.5071691 -0.585512 -0.6477 -0.2589213 -0.7165504 -0.7071068 0 0.7071068 -0.7071068 0 -0.7071068 0.7071068 0 0.7071068 -0.4575839 0.8128348 0.3604393 0.4575839 0.8128348 0.3604393 -0.4575839 0.8128348 0.3604393 -0.4575839 0.8128348 -0.3604393 0.7171039 0.1034898 -0.6892401 -0.7171039 0.1034898 -0.6892401 0.4575726 0.8128452 -0.3604304 0.7171039 0.1034898 0.6892401 0.7171039 0.1034898 -0.6892401 -0.7071068 0 0.7071068 0.7071068 0 0.7071068 0.7071068 0 -0.7071068 0.7071068 0 -0.7071068 -0.7071068 0 -0.7071068 0.7071068 0 0.7071068 -0.7071068 0 -0.7071068 -0.7071068 0 0.7071068 0.6526753 -0.1789318 0.7362053 -0.5934302 -0.5192361 -0.6150078 -0.7036465 0.1206722 0.7002284 0.5934207 -0.5192584 -0.614998 0.5934499 -0.5192267 0.6149966 0.7036465 0.1206722 -0.7002284 -0.6526753 -0.1789318 -0.7362053 -0.6028435 -0.4351716 0.6687341 -0.7171039 0.1034898 0.6892401 -0.4484538 -0.8324809 0.3253686 0.182078 -0.9569318 -0.2261173 -0.182078 -0.9569318 -0.2261173 -0.6028435 -0.4351716 -0.6687341 0.7036465 0.1206722 0.7002284 0.6787902 -0.4355781 0.5911984 -0.5934207 -0.5192584 0.614998 0.5934499 -0.5192267 0.6149966 -0.5934302 -0.5192361 -0.6150078 -0.4361835 0.60755 0.6637973 -0.6324201 0.5071691 -0.585512 -0.6324201 0.5071691 -0.585512 -0.6583253 0.2474175 0.7109095 -0.4575839 0.8128348 -0.3604393 0.4575726 0.8128452 -0.3604304 0.4575839 0.8128348 0.3604393 0.7071068 0 -0.7071068 -0.5934207 -0.5192584 0.614998 -0.5934302 -0.5192361 -0.6150078 0.5934207 -0.5192584 -0.614998 -0.7036465 0.1206722 0.7002284 -0.7036465 0.1206722 -0.7002284 0.7036465 0.1206722 -0.7002284 0.7036465 0.1206722 0.7002284  
			<Tangents>: 148 -0.9986716 0.04962594 0.01386628 -0.9985552 0.05114888 0.01647227 -0.9986721 -0.04962875 -0.01381936 -0.998554 -0.05115192 -0.01653366 0.4952053 -0.3188817 0.8081374 0.7337186 -0.4051671 -0.5454325 -0.7343323 0.4026326 -0.5464824 -0.7343323 -0.4026326 0.5464824 0.3605451 0.8546365 0.3736356 -0.7100071 0.194649 0.6767582 0.7576377 0.154136 0.6342138 0.8048924 0.3828321 0.4534178 0.7100069 0.1946497 -0.6767582 0.8048855 -0.3828251 -0.4534361 -0.7576377 0.154146 -0.6342114 -0.3605575 0.8546174 0.3736677 0.04226566 -0.222132 0.9741001 0.9832841 -0.1771982 -0.04187089 -0.893806 -0.4176849 0.1632488 -0.1543092 -0.2864496 -0.9455873 0.6933383 0.5578814 -0.4561254 0.7618955 -0.2201133 -0.6091514 -0.490591 -0.3090765 -0.8147344 -0.8998577 -0.2944947 -0.3217592 0.6933383 -0.5578814 0.4561254 0.6653565 -0.2659796 0.6975354 -0.7244406 -0.4132445 0.551738 -0.8998577 0.2944947 0.3217592 -0.6654639 0.2501004 -0.7032834 0.4567734 -0.3663092 -0.8106637 -0.6654639 -0.2501004 0.7032834 0.7746256 -0.4140632 0.478024 0.7071068 0 0.7071068 0.7071068 0 -0.7071068 -0.7071068 0 -0.7071068 -0.7071068 2.202407E-06 0.7071068 -0.6969663 0.1064799 0.7091545 -0.8891444 0.4154324 0.1919331 -0.886621 0.4477787 -0.1157472 0.6969663 -0.1064799 0.7091545 -0.8869655 -0.4457707 0.1207503 0.6821728 -0.09844866 -0.724533 -0.8891479 -0.4156793 -0.1913809 -0.6821728 0.09844911 -0.724533 -0.7071068 3.371748E-06 0.7071068 -0.7071068 6.690855E-06 -0.7071068 0.7071068 0 -0.7071068 0.7071068 0 0.7071068 -0.7071068 0 -0.7071068 0.7071068 -1.337208E-05 -0.7071068 -0.7071068 1.019676E-05 0.7071068 0.7071068 0 0.7071068 -0.690153 -0.1183581 0.7139189 0.08553565 0.9926924 -0.08512013 0.690153 -0.1183581 -0.7139189 0.7105501 -0.1195108 0.6934232 -0.5422211 0.3914097 0.7435017 0.5422207 0.3914104 -0.7435017 0.5422207 -0.3914103 0.7435017 -0.7978595 0.3288135 -0.5052741 0.3519533 -0.2621613 -0.8985546 -0.3871274 0.5392209 -0.7479125 0.7978595 0.3288047 0.5052798 0.6969663 0.1064707 -0.7091559 -0.7978595 -0.3288046 0.5052798 -0.710007 -0.1946494 -0.6767582 0.7105501 0.1194992 -0.6934251 0.710007 -0.1946494 0.6767582 -0.490591 0.3090765 0.8147344 0.7337186 0.4051671 0.5454325 -0.1543092 0.2864496 0.9455873 0.3519532 0.2621613 0.8985546 -0.804871 -0.3828378 0.4534512 -0.893806 0.4176849 -0.1632488 -0.893806 -0.4176849 0.1632488 0.4628273 -0.4049857 0.7885287 -0.1543092 0.2864496 0.9455873 0.04226566 -0.222132 0.9741001 -0.4628272 -0.4049858 -0.7885287 0.04226569 0.222132 -0.9741001 -0.1543091 -0.2864497 -0.9455873 0.3519533 -0.2621613 -0.8985546 -0.7527335 -0.2163863 -0.6217469 0.6933383 0.5578814 -0.4561254 0.6933383 -0.5578814 0.4561254 -0.3871275 -0.5392209 0.7479125 0.4952054 0.3188817 -0.8081374 -0.4975656 -0.3192868 -0.8065261 0.4567734 0.3663092 0.8106637 0.7746256 -0.4140632 0.478024 0.7618955 0.2201133 0.6091514 -0.7244406 0.4132445 -0.551738 -0.7527335 0.2163863 0.6217469 0.4567734 -0.3663092 -0.8106637 0.6653565 0.2659795 -0.6975354 -0.7071068 0 -0.7071068 0.7071068 0 -0.7071068 -0.7071068 0 0.7071068 -0.8891665 -0.418302 -0.1854897 -0.8891665 0.418302 0.1854897 -0.1768163 0.3140899 -0.9327827 0.8891665 0.418302 -0.1854897 0.6969663 -0.1064799 0.7091545 0.6969663 0.1064799 -0.7091545 0.176807 0.3140849 0.9327861 -0.6821728 -0.0984491 0.724533 0.6821728 0.09844865 0.724533 -0.7071068 0 -0.7071068 -0.7071068 0 0.7071068 0.7071068 -2.202407E-06 0.7071068 0.7071068 -1.019676E-05 0.7071068 0.7071068 -6.690855E-06 -0.7071068 -0.7071068 0 0.7071068 0.7071068 0 -0.7071068 -0.7071068 1.337208E-05 -0.7071068 -0.7576377 -0.1541363 0.6342137 0.4628464 0.4049787 -0.7885211 -0.690153 0.1183581 -0.7139189 0.3605575 0.8546174 -0.3736677 -0.4628483 0.4049596 0.7885298 0.690153 0.1183581 0.7139189 0.7576377 -0.1541456 -0.6342115 -0.5422211 -0.3914098 -0.7435017 -0.6969663 -0.1064734 -0.7091554 -0.893806 0.4176849 -0.1632488 0.9832841 0.1771982 0.04187089 0.04226572 0.222132 -0.9741001 0.7978595 -0.3288135 -0.5052741 -0.08553565 0.9926924 -0.08512013 -0.4975656 0.3192868 0.8065261 -0.8048924 0.3828321 -0.4534178 -0.4628483 0.4049596 0.7885298 0.4628464 0.4049787 -0.7885211 -0.3871274 0.5392209 -0.7479125 0.7746256 0.4140632 -0.478024 0.7746256 0.4140632 -0.478024 -0.6654639 0.2501004 -0.7032834 0.1768163 -0.3140899 -0.9327827 0.8891723 -0.4182943 0.1854794 -0.1768163 -0.3140899 0.9327827 0.7071068 -3.371748E-06 0.7071068 -0.4628272 -0.4049858 -0.7885287 -0.3605421 0.8546309 -0.3736516 0.4628272 -0.4049858 0.7885287 -0.7105501 -0.1194992 -0.6934251 0.08553565 0.9926924 0.08512013 -0.08553565 0.9926924 0.08512013 -0.7105501 0.1195108 0.6934232  
			<BiTangents>: 148 -0.01133679 0.05089436 -0.9986397 -0.01900155 -0.04936357 -0.9986001 0.01129138 0.05086163 -0.9986418 0.01906294 -0.04936042 -0.9985991 0.5414007 0.8407647 -1.02235E-09 -1.655737E-08 0.8027518 -0.5963132 1.744374E-09 0.805083 0.5931622 -1.744374E-09 0.805083 0.5931622 0.7196002 2.854405E-09 -0.6943887 0.2643952 0.9644144 2.181015E-07 5.238713E-06 0.9717126 -0.2361663 2.567831E-09 0.7640748 -0.6451277 -0.2643957 0.9644143 2.126444E-07 2.130967E-09 0.7640935 -0.6451055 2.54867E-06 0.9717111 0.2361728 0.719618 1.222626E-08 0.6943702 0.9823753 0.1869192 -8.569014E-10 -7.036347E-10 0.2299613 -0.9731998 -1.391994E-09 -0.364026 -0.9313888 -0.880385 0.4742596 -1.831835E-08 -5.229261E-09 -0.6329693 -0.7741769 7.280562E-09 0.9404839 -0.3398384 -0.5330428 0.8460883 -2.318204E-08 3.656037E-09 0.7376692 -0.6751623 5.229261E-09 -0.6329693 -0.7741769 0.3711945 0.9285551 7.17262E-09 3.603844E-09 0.8003891 0.5994809 -3.656037E-09 0.7376692 -0.6751623 0.3518035 0.9360739 1.479944E-08 0.625622 0.7801263 3.315795E-08 -0.3518035 0.9360739 1.479944E-08 -1.056578E-08 0.7558646 0.654728 0 1 0 0 1 0 0 1 0 1.557337E-06 1 -1.557337E-06 -5.116429E-09 0.9889145 -0.1484861 -0.006271749 0.408308 -0.9128227 -0.06730851 -0.3725279 -0.9255769 -5.116429E-09 0.9889145 0.1484861 0.0625232 -0.3749506 -0.924934 0.1428365 0.9897463 4.968284E-10 0.005733911 0.4080567 -0.9129386 0.1428368 0.9897463 3.315849E-07 2.384186E-06 1 -2.384186E-06 4.731149E-06 1 4.731149E-06 0 1 0 0 1 0 0 1 0 9.455491E-06 1 -9.455491E-06 7.210199E-06 1 -7.210199E-06 0 1 0 -0.1690279 0.9856113 -1.639813E-09 0.7053831 2.784128E-10 0.7088264 0.1690279 0.9856113 1.639813E-09 7.955467E-06 0.9854722 0.169837 0.5852999 0.8108169 4.784083E-07 -0.5853003 0.8108166 1.243527E-07 0.5853003 0.8108166 4.451607E-08 7.889189E-06 0.8381571 0.5454289 0.5973666 0.8019683 2.760281E-08 0.8123277 0.5832013 1.549063E-08 5.459822E-07 0.8381606 -0.5454236 6.47874E-06 0.9889154 0.1484795 5.858419E-07 0.8381606 0.5454236 -0.2643955 0.9644144 3.198362E-09 4.101442E-07 0.9854736 0.1698288 0.2643955 0.9644144 6.527259E-09 0.5330427 0.8460883 -2.638188E-09 1.655737E-08 0.8027518 -0.5963132 0.880385 0.4742596 -5.913416E-09 -0.5973666 0.8019683 -9.869997E-09 7.042681E-09 0.7640935 0.6451056 -1.391994E-09 0.364026 0.9313888 1.391994E-09 0.364026 0.9313888 0.6585156 0.7525672 -5.213061E-09 0.880385 0.4742596 1.889645E-08 0.9823753 0.1869192 -8.569014E-10 -0.6585156 0.7525671 -2.794736E-08 -0.9823753 0.1869192 -2.581084E-08 -0.8803851 0.4742596 -5.649318E-08 0.5973666 0.8019683 2.760281E-08 -9.866037E-10 0.9444371 -0.328692 5.229261E-09 0.6329693 0.7741769 -5.229261E-09 0.6329693 0.7741769 -0.8123277 0.5832013 -2.615774E-09 -0.5414007 0.8407648 -5.456023E-08 -0.540067 0.8416221 -1.661945E-09 -0.625622 0.7801263 -8.044534E-10 -1.056578E-08 0.7558646 0.654728 -7.280562E-09 0.9404839 -0.3398384 -3.603844E-09 0.8003891 0.5994809 9.866037E-10 0.9444371 -0.328692 0.625622 0.7801264 6.712035E-08 -0.3711945 0.9285551 -4.686622E-08 0 1 0 0 1 0 0 1 0 -8.069931E-09 0.4053676 -0.9141538 -5.112073E-08 0.4053677 -0.9141538 0.8714086 0.4905579 8.984467E-10 -8.069931E-09 0.4053676 0.9141538 -1.025167E-08 0.9889145 0.148486 5.116429E-09 0.9889145 0.1484861 -0.8714164 0.490544 3.737339E-08 -0.1428368 0.9897463 3.262421E-07 -0.1428365 0.9897463 5.839669E-09 0 1 0 0 1 0 1.557337E-06 1 1.557337E-06 7.210199E-06 1 7.210199E-06 4.731149E-06 1 -4.731149E-06 0 1 0 0 1 0 9.455491E-06 1 9.455491E-06 5.019612E-06 0.9717126 0.2361665 -0.6584936 0.7525863 2.29597E-09 0.1690279 0.9856113 3.602763E-09 0.719618 -1.222626E-08 0.6943702 0.6584745 0.7526031 2.141677E-08 -0.1690279 0.9856113 -3.602763E-09 2.231141E-06 0.9717112 -0.2361725 -0.5852999 0.8108169 3.806055E-07 4.576605E-06 0.9889151 -0.1484814 1.391994E-09 -0.364026 -0.9313888 7.036347E-10 0.2299613 -0.9731998 -0.9823753 0.1869192 -6.060765E-08 7.869259E-06 0.8381571 -0.5454289 -0.7053831 2.784128E-10 0.7088264 0.540067 0.8416221 -1.661945E-09 -2.567831E-09 0.7640748 0.6451277 0.6584745 0.7526031 2.141677E-08 -0.6584936 0.7525864 -1.538963E-08 0.8123277 0.5832013 1.549063E-08 1.056578E-08 0.7558646 0.654728 1.056578E-08 0.7558646 0.654728 0.3518035 0.9360739 1.479944E-08 0.8714086 0.4905579 -5.087206E-08 -4.379444E-08 0.4053549 0.9141594 -0.8714086 0.4905579 8.984467E-10 2.384186E-06 1 2.384186E-06 -0.6585156 0.7525671 -2.794736E-08 0.719618 1.998349E-08 -0.6943702 0.6585156 0.7525671 2.794736E-08 4.101442E-07 0.9854736 -0.1698288 -0.7053831 -2.784128E-10 0.7088264 0.7053831 -2.784128E-10 0.7088264 7.955467E-06 0.9854722 -0.169837  
			<SubMeshes>: 1
				<SubMesh>: 0 342 3 0 1 18 23 27 3 42 2 3 38 40 26 6 7 9 58 56 57 43 41 17 24 20 19 60 61 62 63 39 14 64 59 8 53 15 54 65 12 66 10 55 52 67 9 1 37 38 68 4 25 21 69 5 70 71 16 72 73 74 11 17 13 75 76 77 78 79 80 28 81 29 82 27 23 31 83 84 30 71 85 22 86 87 68 88 30 21 89 90 91 92 82 22 93 94 7 34 35 87 33 95 69 96 5 4 97 32 98 36 99 100 41 43 101 102 103 104 105 106 2 37 0 50 45 44 48 46 107 32 108 51 109 49 96 110 111 49 51 112 47 95 113 48 35 114 50 144 115 14 116 117 54 118 145 146 119 120 52 58 105 56 121 62 10 12 122 57 64 123 59 2 0 3 124 23 18 40 42 3 1 38 3 91 6 26 67 58 9 122 43 57 125 24 17 126 60 19 127 63 62 115 64 14 128 53 8 117 65 54 121 10 66 120 67 52 0 37 1 129 4 68 90 69 21 85 71 70 130 73 72 125 17 11 131 76 75 132 79 78 133 81 28 92 27 82 134 83 31 88 71 30 94 86 22 25 88 68 135 89 21 26 92 91 136 93 22 6 34 7 86 33 87 109 96 69 129 97 4 123 36 98 137 41 100 138 102 101 139 105 104 42 37 2 114 45 50 113 46 48 97 108 32 110 49 109 140 111 110 108 112 51 33 113 95 34 114 35 147 115 144 141 117 116 142 145 118 143 120 119 106 105 58 127 62 121 65 122 12 36 123 64  
		</Mesh>
		<Materials>: 1
			<Material>: 0
				<AlbedoColor>: 1 1 1 1
				<EmissiveColor>: 0 0 0 0
				<Glossiness>: 0.04
				<Metallic>: 0
				<SpecularHighlight>: 1
				<GlossyReflection>: 1
				<AlbedoMap>: BLD_Villa1_A
				<MetallicMap>: BLD_Villa1_MS
				<NormalMap>: BLD_Villa1_N
				<EmissionMap>: null
				<DetailAlbedoMap>: DET_Concrete1_A
				<DetailNormalMap>: DET_Concrete1_N
		</Materials>
		<Children>: 0
	</Frame>
</Hierarchy>
