<Hierarchy>:
	<Frame>: 0 5 Villa2_Deco_Handrail1_Cap_A
		<Transform>: 0 0 0 0 0 0 1 1 1 0 0 0 1  
		<TransformMatrix>: 1 0 0 0 0 1 0 0 0 0 1 0 0 0 0 1  
		<BoxCollider>: 1 0 0.6324386 -8.940697E-08 0.2400019 1.264877 0.4  
		<Mesh>: 84 Villa2_Deco_Handrail1_Cap_A
			<Bounds>: 0 0.6324386 -8.940697E-08 0.1200009 0.6324384 0.2
			<Positions>: 84 0.1111525 2.384186E-07 0.1999999 0.1200009 2.384186E-07 0.1915777 0.1200009 2.384186E-07 -0.1864288 0.110659 2.384186E-07 -0.2 -0.1200009 2.384186E-07 0.1864287 -0.110659 2.384186E-07 0.1999999 -0.110659 2.384186E-07 -0.2 -0.1200009 2.384186E-07 -0.1864288 -7.450582E-10 1.263307 -0.01556984 0.006598096 1.264877 0.002574347 0.0002467502 1.263448 0.01515837 -0.008142786 1.263993 -1.150884E-07 0.1200009 1.192475 0.1915776 0.1150793 1.202816 0.183375 0.1062309 1.202816 0.1917973 0.1111525 1.192475 0.1999999 0.110659 1.192475 -0.2000001 0.1057374 1.202816 -0.1917975 0.1150793 1.202816 -0.1782263 0.1200009 1.192475 -0.1864289 -0.110659 1.192475 0.1999999 -0.1057374 1.202816 0.1917973 -0.1150793 1.202816 0.1782261 -0.1200009 1.192475 0.1864287 -0.1200009 1.192475 -0.1864289 -0.1150793 1.202816 -0.1782263 -0.1057374 1.202816 -0.1917975 -0.110659 1.192475 -0.2000001 0.110659 2.384186E-07 -0.2 -0.110659 2.384186E-07 -0.2 0.1200009 2.384186E-07 0.1915777 0.1200009 2.384186E-07 -0.1864288 -0.1200009 2.384186E-07 -0.1864288 -0.1200009 2.384186E-07 0.1864287 0.1111525 2.384186E-07 0.1999999 0.1200009 2.384186E-07 0.1915777 0.1200009 1.192475 0.1915776 -0.110659 2.384186E-07 0.1999999 -0.110659 1.192475 -0.2000001 -0.110659 2.384186E-07 -0.2 0.110659 1.192475 -0.2000001 0.1200009 1.192475 -0.1864289 0.1200009 2.384186E-07 -0.1864288 0.110659 2.384186E-07 -0.2 -0.110659 1.192475 0.1999999 -0.110659 2.384186E-07 0.1999999 0.1062309 1.202816 0.1917973 0.1111525 1.192475 0.1999999 0.1200009 1.192475 0.1915776 0.1150793 1.202816 0.183375 0.1150793 1.202816 -0.1782263 0.1200009 1.192475 -0.1864289 0.110659 1.192475 -0.2000001 0.1057374 1.202816 -0.1917975 -0.1057374 1.202816 -0.1917975 -0.110659 1.192475 -0.2000001 -0.1200009 1.192475 -0.1864289 -0.1150793 1.202816 -0.1782263 -0.1150793 1.202816 0.1782261 -0.1200009 1.192475 0.1864287 -0.110659 1.192475 0.1999999 -0.1057374 1.202816 0.1917973 0.1150793 1.202816 0.183375 0.1200009 1.192475 0.1915776 -0.1057374 1.202816 0.1917973 -0.110659 1.192475 0.1999999 0.1057374 1.202816 -0.1917975 0.110659 1.192475 -0.2000001 -0.110659 1.192475 -0.2000001 -0.1057374 1.202816 -0.1917975 -0.1200009 1.192475 0.1864287 -0.1200009 2.384186E-07 0.1864287 -0.1200009 1.192475 -0.1864289 -0.1200009 2.384186E-07 -0.1864288 0.1111525 2.384186E-07 0.1999999 0.1111525 1.192475 0.1999999 0.1200009 1.192475 -0.1864289 0.1150793 1.202816 -0.1782263 0.1111525 1.192475 0.1999999 0.1062309 1.202816 0.1917973 -0.1150793 1.202816 -0.1782263 -0.1200009 1.192475 -0.1864289 -0.1200009 1.192475 0.1864287 -0.1150793 1.202816 0.1782261  
			<Colors>: 0  
			<TextureCoords0>: 84 0.4099709 0.9707465 0.411133 0.9697291 0.463288 0.969729 0.4651605 0.9708031 0.4118434 0.9973246 0.4099709 0.9962504 0.4651605 0.9962504 0.463288 0.9973246 0.439714 0.9835268 0.4372105 0.9827681 0.4354743 0.9834985 0.4375657 0.984463 0.4416482 0.7120973 0.4122647 0.9702949 0.4111027 0.9713123 0.4427977 0.7120974 0.4999109 0.7120974 0.4640288 0.971369 0.4621563 0.970295 0.4141406 0.7120974 0.4562487 0.7120974 0.4111027 0.9956845 0.4129751 0.9967586 0.4578028 0.7120974 0.4849358 0.7120974 0.4621563 0.9967586 0.4640288 0.9956845 0.4864899 0.7120974 0.4999109 0.7988741 0.4864899 0.798874 0.4416482 0.798874 0.4141406 0.798874 0.4849358 0.798874 0.4578028 0.798874 0.4427977 0.798874 0.4416482 0.798874 0.4416482 0.7120973 0.4562487 0.798874 0.4864899 0.7120974 0.4864899 0.798874 0.4999109 0.7120974 0.5004774 0.7120974 0.5004774 0.7988741 0.4999109 0.7988741 0.4562487 0.7120974 0.4562487 0.798874 0.4111027 0.9713123 0.4097666 0.970513 0.4109286 0.9694956 0.4122647 0.970295 0.4621563 0.970295 0.4634556 0.9694368 0.4653281 0.9705109 0.4640288 0.971369 0.4640288 0.9956845 0.4653282 0.9965427 0.4634557 0.9976168 0.4621563 0.9967586 0.4129751 0.9967586 0.4116757 0.9976168 0.4098033 0.9965427 0.4111027 0.9956845 0.4122647 0.9702949 0.411133 0.9692445 0.4111027 0.9956845 0.4096521 0.9962504 0.4640288 0.971369 0.4654793 0.9708031 0.4654793 0.9962504 0.4640288 0.9956845 0.4578028 0.7120974 0.4578028 0.798874 0.4849358 0.7120974 0.4849358 0.798874 0.4427977 0.798874 0.4427977 0.7120974 0.4632881 0.9692445 0.4621563 0.9702949 0.4096521 0.9707465 0.4111027 0.9713123 0.4621564 0.9967586 0.463288 0.9978091 0.4118433 0.9978091 0.4129751 0.9967586  
			<TextureCoords1>: 84 0.003906321 0.01371515 0.009288016 0.008061171 0.2508286 0.008061111 0.2595004 0.01403046 0.01257804 0.1614188 0.00390625 0.1554495 0.2595003 0.1554495 0.2508285 0.1614188 0.3794369 0.08229822 0.3907185 0.07806045 0.3986045 0.08208966 0.389156 0.08738726 0.7727602 0.7420352 0.5094166 0.003627121 0.5150077 0.009392738 0.03061456 0.5956656 0.7658805 0.442407 0.2634066 0.009695709 0.2722308 0.003627121 0.7509728 0.9846398 0.01284553 0.1840893 0.5144698 0.155113 0.5056548 0.1611272 0.01454445 0.1941446 0.01372385 0.4281486 0.2729904 0.1614188 0.2641006 0.155391 0.7658805 0.5838258 0.00390625 0.4424071 0.00390625 0.5838259 0.003906309 0.7420352 0.00390625 0.9857564 0.7646338 0.4275312 0.7612113 0.1756611 0.7799246 0.5954193 0.7799218 0.5877322 0.02953399 0.5880593 0.7609519 0.165325 0.01259652 0.4385007 0.7646382 0.4385007 0.7521166 0.9948493 0.7509728 0.9846398 0.00390625 0.9857564 0.003922952 0.9960938 0.01270777 0.7381289 0.7799246 0.7381288 0.02184157 0.5964964 0.03061456 0.5956656 0.02953399 0.5880593 0.02020869 0.588564 0.7588001 0.9808447 0.7509728 0.9846398 0.7521166 0.9948493 0.7602453 0.9911766 0.00390625 0.4344598 0.01259652 0.4385007 0.01372385 0.4281486 0.006102704 0.4235795 0.007161745 0.198411 0.01454445 0.1941446 0.01284553 0.1840893 0.00503842 0.188272 0.7800282 0.7482948 0.7727602 0.7420352 0.00390625 0.7335141 0.01270777 0.7381289 0.7743145 0.4455518 0.7658805 0.442407 0.7658805 0.5838258 0.7743145 0.580681 0.01454445 0.1941446 0.7612113 0.1756611 0.01372385 0.4281486 0.7646338 0.4275312 0.7799246 0.5954193 0.03061456 0.5956656 0.7509728 0.9846398 0.7588001 0.9808447 0.03061456 0.5956656 0.02184157 0.5964964 0.006102704 0.4235795 0.01372385 0.4281486 0.01454445 0.1941446 0.007161745 0.198411  
			<Normals>: 84 0 -1 0 0 -1 0 0 -1 0 0 -1 0 0 -1 0 0 -1 0 0 -1 0 0 -1 0 -0.002258382 0.9833725 -0.1815861 0.2108904 0.9774815 0.007416261 -0.02618552 0.981896 0.1876019 -0.2678657 0.963456 -0.0007324573 0.9861786 0.1656856 0 0.2781802 0.9473996 0.1582713 0.1128588 0.9586282 0.2613331 0.6894502 0 0.7243332 0 0 -1 0.1343136 0.9592389 -0.2486373 0.3130929 0.9401027 -0.1348323 0.9861786 0.1656856 0 -0.8237088 0 0.5670131 -0.1343136 0.9592389 0.2486373 -0.3130929 0.9401027 0.1348323 -0.9861786 0.1656856 0 -0.9861786 0.1656856 0 -0.3130929 0.9401027 -0.1348323 -0.1343136 0.9592389 -0.2486373 0 0 -1 0 0 -1 0 0 -1 1 0 0 1 0 0 -1 0 0 -1 0 0 0.6894502 0 0.7243332 0.6894502 0 0.7243332 0.6894502 0 0.7243332 -0.8237088 0 0.5670131 -0.8237088 0 -0.5670131 -0.8237088 0 -0.5670131 0.8237088 0 -0.5670131 0.8237088 0 -0.5670131 0.8237088 0 -0.5670131 0.8237088 0 -0.5670131 0 0 1 0 0 1 0.5117773 0.6700807 0.5376577 0.5117773 0.6700807 0.5376577 0.5117773 0.6700807 0.5376577 0.5117773 0.6700807 0.5376577 0.6301681 0.6439935 -0.4337747 0.6301681 0.6439935 -0.4337747 0.6301681 0.6439935 -0.4337747 0.6301681 0.6439935 -0.4337747 -0.6301681 0.6439935 -0.4337747 -0.6301681 0.6439935 -0.4337747 -0.6301681 0.6439935 -0.4337747 -0.6301681 0.6439935 -0.4337747 -0.6301681 0.6439935 0.4337747 -0.6301681 0.6439935 0.4337747 -0.6301681 0.6439935 0.4337747 -0.6301681 0.6439935 0.4337747 0.9029502 0.4297452 0 0.9861786 0.1656856 0 0 0.6214554 0.7834495 0 0.6214554 0.7834495 0 0.6214554 -0.7834495 0 0.6214554 -0.7834495 0 0.6214554 -0.7834495 0 0.6214554 -0.7834495 -0.8237088 0 0.5670131 -0.8237088 0 0.5670131 -0.8237088 0 -0.5670131 -0.8237088 0 -0.5670131 0 0 1 0 0 1 0.9861786 0.1656856 0 0.9029502 0.4297452 0 0 0.6214554 0.7834495 0 0.6214554 0.7834495 -0.9029502 0.4297452 0 -0.9861786 0.1656856 0 -0.9861786 0.1656856 0 -0.9029502 0.4297452 0  
			<Tangents>: 84 -7.887475E-07 0 -1 -9.367621E-08 0 -1 -7.621121E-09 0 -1 1.055626E-06 0 -1 -7.592783E-08 0 -1 -1.054545E-06 0 -1 8.265664E-07 0 -1 1.714669E-08 0 -1 -0.0002450242 -0.1815871 -0.9833748 0.001527237 0.007257403 -0.9999725 0.00287327 0.1877394 -0.9822147 0.0002512867 -0.000690375 -0.9999997 1.433014E-07 -8.529459E-07 1 0.03532293 0.1545736 -0.9873496 -0.006210879 0.2636889 -0.9645877 -0.724333 3.53788E-06 0.6894503 1 4.323581E-07 0 0.008610535 -0.2520311 -0.9676808 -0.03144648 -0.1316305 -0.9908 1.781083E-07 -1.06012E-06 1 -0.5670131 0 -0.8237088 0.008614183 0.2520316 -0.9676807 -0.03117474 0.1317205 -0.9907966 -0.0008513657 -0.005067424 -0.9999868 0.0008513512 0.005067338 -0.9999868 0.03109669 -0.1317463 -0.9907956 -0.008594505 -0.2520291 -0.9676815 1 0 0 1 3.700917E-06 0 1 3.268559E-06 0 0 0 1 0 -2.117276E-07 1 0 6.797894E-07 -1 0 0 -1 -0.724333 2.3072E-08 0.6894503 -0.7243331 0 0.6894501 -0.7243331 3.33065E-05 0.6894501 -0.5670131 0 -0.8237088 0.5670131 0 -0.8237088 0.5670131 1.231929E-05 -0.8237088 0.5670131 0 0.8237088 0.5670131 0 0.8237088 0.5670131 0 0.8237088 0.5670131 0 0.8237088 -1 0 0 -1 0 0 -0.08791021 0.6633853 -0.743096 -0.08456536 0.6620771 -0.7446494 0.1116319 0.5686525 -0.8149679 0.1116312 0.5686529 -0.8149677 -0.2969837 -0.3162687 -0.9009855 -0.2836106 -0.3291494 -0.9006807 -0.1164897 -0.4739217 -0.8728278 -0.1164894 -0.4739219 -0.8728277 0.1164906 -0.473921 -0.8728281 0.1164906 -0.473921 -0.8728281 0.2841221 -0.3286605 -0.900698 0.2971668 -0.3160909 -0.9009875 -0.2968945 0.3163553 -0.9009845 -0.2833557 0.3293929 -0.9006719 -0.11649 0.4739215 -0.8728279 -0.1164899 0.4739215 -0.8728279 -5.28375E-08 1.110184E-07 -1 -1.820304E-08 1.083465E-07 -1 -3.909329E-07 0.7834495 -0.6214554 -3.762744E-07 0.7834495 -0.6214554 1.967764E-06 -0.7834495 -0.6214554 2.019853E-06 -0.7834495 -0.6214554 3.875253E-07 -0.7834495 -0.6214554 2.972638E-07 -0.7834495 -0.6214554 -0.5670131 0 -0.8237087 -0.5670131 0 -0.8237087 0.5670131 7.106809E-09 -0.8237087 0.5670131 8.080287E-07 -0.8237087 -1 1.759437E-08 0 -1 2.697938E-06 0 0.007558617 -0.04498971 -0.9989588 0.005299339 -0.01113459 -0.9999239 0.007875851 0.7834252 -0.6214362 0.006109306 0.7834349 -0.6214438 -0.00514697 -0.01081445 -0.9999283 -0.007360484 -0.0438104 -0.9990128 0.007657392 0.04557763 -0.9989315 0.005373619 0.01129067 -0.9999218  
			<BiTangents>: 84 1 0 -7.887475E-07 1 0 -9.367621E-08 1 0 -7.621121E-09 1 0 1.055626E-06 1 0 -7.592783E-08 1 0 -1.054545E-06 1 0 8.265664E-07 1 0 1.714669E-08 0.9999974 0.002176343 -0.0006510429 0.9775085 -0.2108959 -3.767048E-05 0.999653 0.02518077 0.007737305 0.9634562 0.2678658 5.717583E-05 -0.1656856 0.9861786 8.649E-07 0.9598792 -0.2802517 -0.009534374 0.9935916 -0.1072391 -0.03571353 2.562604E-06 1 -2.439192E-06 -4.323581E-07 1 0 0.9909015 -0.1278318 0.04211077 0.9492018 -0.3144524 0.01164964 -0.1656856 0.9861786 1.074978E-06 0 1 0 0.9909015 0.1278309 0.04211433 0.9492107 0.3144147 0.01193328 0.1656834 0.9861656 -0.005138445 0.1656834 0.9861656 0.005138357 0.9492133 0.3144039 -0.01201476 0.9909016 0.1278359 -0.04209511 0 1 0 -3.700917E-06 1 0 -3.268559E-06 1 0 0 1 0 0 1 2.117276E-07 0 1 6.797894E-07 0 1 0 1.671181E-08 1 -1.590699E-08 0 1 0 2.412501E-05 1 -2.296318E-05 0 1 0 0 1 0 -6.985199E-06 1 1.014751E-05 0 1 0 0 1 0 0 1 0 0 1 0 0 1 0 0 1 0 0.8546085 -0.3330341 -0.3984125 0.854946 -0.3356275 -0.3955016 0.8518347 -0.4771019 -0.216221 0.8518348 -0.4771014 -0.2162218 0.7174181 -0.6965963 0.008046883 0.7228092 -0.6906034 0.02477611 0.7676706 -0.6005586 0.2236317 0.7676707 -0.6005584 0.223632 0.7676705 0.6005591 -0.2236307 0.7676705 0.6005591 -0.2236308 0.7226083 0.6908361 -0.0241386 0.7173423 0.696677 -0.007816958 0.7174551 0.696557 0.008158941 0.7229092 0.6904873 0.02509374 0.7676706 0.6005587 0.2236314 0.7676706 0.6005587 0.2236315 0.4297452 -0.9029502 -1.229508E-07 0.1656856 -0.9861786 -1.09865E-07 1 3.062762E-07 -2.429474E-07 1 2.94792E-07 -2.338378E-07 1 1.541644E-06 1.222877E-06 1 1.582453E-06 1.255249E-06 1 3.036065E-07 2.408297E-07 1 2.328912E-07 1.847362E-07 0 1 0 0 1 0 -4.029654E-09 1 5.853941E-09 -4.581629E-07 1 6.655804E-07 1.759437E-08 1 0 2.697938E-06 1 0 0.1655131 -0.9851519 0.04562025 0.4297125 -0.9028816 0.01233135 0.999969 -0.006170332 0.004894491 0.9999813 -0.004786333 0.003796662 0.4297144 0.9028854 -0.01197679 0.165522 0.9852051 -0.04442441 0.1655085 0.9851249 0.04621641 0.4297116 0.9028796 0.0125042  
			<SubMeshes>: 1
				<SubMesh>: 0 156 7 6 3 3 2 7 2 4 7 2 1 4 1 5 4 1 0 5 16 28 29 16 29 27 26 25 11 26 11 8 18 17 8 18 8 9 14 10 21 12 30 31 12 31 19 22 11 25 22 21 10 22 10 11 8 11 10 8 10 9 18 9 13 26 8 17 24 32 33 24 33 23 34 35 36 34 36 15 20 70 71 20 71 37 72 38 39 72 39 73 40 41 42 40 42 43 44 45 74 44 74 75 46 47 48 46 48 49 50 51 52 50 52 53 54 55 56 54 56 57 58 59 60 58 60 61 62 63 76 62 76 77 64 65 78 64 78 79 66 67 68 66 68 69 80 81 82 80 82 83 9 10 14 9 14 13  
		</Mesh>
		<Materials>: 1
			<Material>: 0
				<AlbedoColor>: 1 1 1 1
				<EmissiveColor>: 0 0 0 0
				<Glossiness>: 0.04
				<Metallic>: 0
				<SpecularHighlight>: 1
				<GlossyReflection>: 1
				<AlbedoMap>: BLD_Villa2_A
				<MetallicMap>: BLD_Villa2_MS
				<NormalMap>: BLD_Villa2_N
				<EmissionMap>: null
				<DetailAlbedoMap>: DET_Concrete1_A
				<DetailNormalMap>: DET_Concrete1_N
		</Materials>
		<Children>: 0
	</Frame>
</Hierarchy>
