<Hierarchy>:
	<Frame>: 0 5 Villa1_Roof_Mid_B
		<Transform>: 0 0 0 0 0 0 1 1 1 0 0 0 1  
		<TransformMatrix>: 1 0 0 0 0 1 0 0 0 0 1 0 0 0 0 1  
		<BoxCollider>: 1 5.999999 -0.2999969 2 12 0.4000044 4  
		<Mesh>: 536 Villa1_Roof_Mid_B
			<Bounds>: 5.999999 -0.2999969 2 6 0.2000022 2
			<Positions>: 536 6.912879 -0.2997533 2.914824 6.912879 -0.2997534 1.10516 8.436229 -0.2997534 0.9964583 6.814391 -0.2997534 0.9964584 6.814391 -0.2997533 3.023528 8.356456 -0.2997533 2.914823 8.356456 -0.2997534 1.10516 6.912879 -0.1997548 2.914824 6.912879 -0.1997549 1.10516 8.436229 -0.1997548 3.023527 1.987562 -0.2997534 0.9964583 8.356456 -0.1997548 2.914823 8.356456 -0.1997549 1.10516 9.918152 -0.2997533 2.914823 9.918152 -0.2997534 1.10516 8.436229 -0.2997533 3.023527 8.516005 -0.2997534 1.10516 8.516006 -0.2997533 2.914823 10.01664 -0.2997533 3.023527 10.01664 -0.2997534 0.9964582 9.918152 -0.1997548 2.914823 9.918152 -0.1997549 1.10516 8.436229 -0.1997549 0.9964583 8.516005 -0.1997549 1.10516 8.516006 -0.1997548 2.914823 10.01664 -0.1996949 3.023527 10.01664 -0.1996919 0.9964582 3.710605 -0.2997533 2.914824 3.710605 -0.2997534 1.10516 5.233954 -0.2997534 0.9964582 3.612117 -0.2997534 0.9964583 3.612117 -0.2997533 3.023528 5.154181 -0.2997533 2.914823 5.154181 -0.2997534 1.10516 3.710605 -0.1997548 2.914824 3.710605 -0.1997549 1.10516 5.233954 -0.1997548 3.023527 3.612117 -0.1997549 0.9964583 3.612117 -0.1997548 3.023528 5.154181 -0.1997548 2.914823 5.154181 -0.1997549 1.10516 6.715878 -0.2997533 2.914823 6.715878 -0.2997534 1.10516 5.233954 -0.2997533 3.023527 5.313731 -0.2997534 1.10516 5.313731 -0.2997533 2.914823 2.08605 -0.2997534 1.10516 2.08605 -0.2997533 2.914824 6.715878 -0.1997548 2.914823 6.715878 -0.1997549 1.10516 5.233954 -0.1997549 0.9964582 5.313731 -0.1997549 1.10516 5.313731 -0.1997548 2.914823 6.814366 -0.1996949 3.023527 6.814366 -0.1996919 0.9964581 1.987562 -0.2997533 3.023528 3.529626 -0.2997533 2.914823 3.529626 -0.2997534 1.10516 2.08605 -0.1997548 2.914824 2.08605 -0.1997549 1.10516 1.987562 -0.1997549 0.9964583 1.987562 -0.1997548 3.023528 3.529626 -0.1997548 2.914823 3.529626 -0.1997549 1.10516 5.999997 -0.3999939 3 5.999997 -0.3999939 4 7.999997 -0.3999939 4 7.999997 -0.3999939 3 3.999998 -0.3999958 3 3.999998 -0.3999958 4 5.999997 -0.09999466 4 7.999997 -0.09999466 4 9.999997 -0.3999939 4 1.999998 -0.3999958 3 1.999998 -0.3999958 4 3.999998 -0.09999657 4 7.999997 -0.09999466 3 5.999997 -0.09999466 3 9.999997 -0.09999466 4 12 -0.3999939 4 12 -0.3999939 2 9.999998 -0.3999939 2 9.999998 -0.3999939 3 1.999998 -0.3999958 2 -1.907349E-06 -0.3999958 2 -1.907349E-06 -0.3999958 4 1.999998 -0.09999657 4 3.999998 -0.09999657 3 12 -0.09999466 4 12 -0.09999466 2 12 -0.3999939 6.357237E-09 9.999997 -0.3999939 6.357237E-09 9.999998 -0.3999939 1 -1.907349E-06 -0.09999657 4 1.999998 -0.3999958 1 1.999998 -0.3999958 6.357267E-09 -1.907349E-06 -0.3999958 6.357267E-09 -1.907349E-06 -0.09999657 2 1.999998 -0.09999657 3 9.999998 -0.09999466 3 9.999998 -0.09999466 2 12 -0.09999466 1.589271E-09 9.999997 -0.09999466 1.589271E-09 7.999997 -0.3999939 6.357237E-09 7.999997 -0.3999939 1 1.999998 -0.09999657 2 3.999998 -0.3999958 1 3.999998 -0.3999958 6.357267E-09 1.999998 -0.09999657 1.589301E-09 -1.907349E-06 -0.09999657 1.589301E-09 9.999998 -0.09999466 1 7.999997 -0.09999466 1.589271E-09 5.999997 -0.3999939 6.357237E-09 5.999997 -0.3999939 1 1.999998 -0.09999657 1 3.999998 -0.09999657 1.589301E-09 7.999997 -0.09999466 1 5.999997 -0.09999466 1.589271E-09 3.999998 -0.09999657 1 5.999997 -0.09999466 1 4 -0.4999989 3.818142 4 -0.4818565 3.8 4 -0.4818566 0.1999998 4 -0.4999991 0.1818572 0.1999998 -0.4818565 3.8 0.1818573 -0.4999989 3.818142 0.1999998 -0.4818566 0.1999997 0.1818573 -0.4999991 0.1818573 4 -0.4999991 0.02980971 4 -0.4701895 0 4 -0.4701893 4 4 -0.4999989 3.97019 0.02980971 -0.4999991 0.02980959 0 -0.4701895 0 0.02980947 -0.4999989 3.970191 0 -0.4701893 4 0.1999998 -0.3896922 3.8 0 -0.3896922 4 0 -0.3896924 0 0.1999998 -0.3896924 0.1999997 8 -0.4818546 3.8 8 -0.4999972 0.1818572 8 -0.499997 3.97019 4 -0.3896903 3.8 4 -0.3896903 4 4 -0.3896905 0 4 -0.3896905 0.1999998 11.81814 -0.499997 3.818142 11.8 -0.4818546 3.8 11.8 -0.4818547 0.1999998 11.81814 -0.4999972 0.1818572 8 -0.499997 3.818142 8 -0.4818547 0.1999998 11.97019 -0.4999972 0.02980966 12 -0.4701875 7.472842E-09 12 -0.4701874 4 11.97019 -0.499997 3.97019 8 -0.4999972 0.02980959 8 -0.4701875 0 8 -0.4701874 4 8 -0.3896903 3.8 8 -0.3896903 4 8 -0.3896905 0 11.8 -0.3896884 3.8 12 -0.3896886 6.193451E-09 8 -0.3896905 0.1999998 11.8 -0.3896886 0.1999997 12 -0.3896884 4 6.912879 -0.2997534 1.10516 6.814391 -0.2997534 0.9964584 2.08605 -0.2997533 2.914824 2.08605 -0.1997548 2.914824 6.912879 -0.2997533 2.914824 6.912879 -0.2997534 1.10516 6.912879 -0.1997548 2.914824 6.912879 -0.2997533 2.914824 8.356456 -0.2997534 1.10516 6.912879 -0.1997549 1.10516 6.912879 -0.2997534 1.10516 8.356456 -0.2997533 2.914823 8.356456 -0.1997548 2.914823 8.356456 -0.1997549 1.10516 8.356456 -0.2997534 1.10516 10.01664 -0.2997533 3.023527 9.918152 -0.2997533 2.914823 9.918152 -0.1997549 1.10516 10.01664 -0.1996919 0.9964582 9.918152 -0.2997533 2.914823 9.918152 -0.1997548 2.914823 9.918152 -0.1997549 1.10516 9.918152 -0.2997534 1.10516 9.918152 -0.2997534 1.10516 9.918152 -0.1997549 1.10516 8.516005 -0.1997549 1.10516 8.516006 -0.2997533 2.914823 9.918152 -0.1997548 2.914823 9.918152 -0.2997533 2.914823 8.516005 -0.2997534 1.10516 8.516005 -0.1997549 1.10516 8.516006 -0.1997548 2.914823 8.516006 -0.2997533 2.914823 6.814391 -0.2997533 3.023528 6.912879 -0.2997533 2.914824 8.356456 -0.2997533 2.914823 8.436229 -0.2997533 3.023527 8.436229 -0.2997533 3.023527 8.356456 -0.2997533 2.914823 8.356456 -0.2997534 1.10516 8.436229 -0.2997534 0.9964583 8.356456 -0.1997548 2.914823 8.436229 -0.1997549 0.9964583 8.356456 -0.1997549 1.10516 8.436229 -0.2997534 0.9964583 8.516005 -0.2997534 1.10516 8.516006 -0.2997533 2.914823 8.436229 -0.2997533 3.023527 10.01664 -0.2997534 0.9964582 9.918152 -0.2997534 1.10516 8.516005 -0.2997534 1.10516 8.436229 -0.2997534 0.9964583 8.516005 -0.1997549 1.10516 8.436229 -0.1997549 0.9964583 8.436229 -0.1997548 3.023527 8.516006 -0.1997548 2.914823 8.516006 -0.1997548 2.914823 8.436229 -0.1997548 3.023527 10.01664 -0.1996949 3.023527 9.918152 -0.1997548 2.914823 3.710605 -0.2997534 1.10516 3.612117 -0.2997534 0.9964583 3.710605 -0.1997548 2.914824 3.612117 -0.1997548 3.023528 3.710605 -0.2997533 2.914824 3.710605 -0.1997548 2.914824 5.154181 -0.1997548 2.914823 3.710605 -0.2997534 1.10516 3.710605 -0.1997549 1.10516 3.710605 -0.1997548 2.914824 3.710605 -0.2997533 2.914824 5.154181 -0.2997534 1.10516 3.710605 -0.1997549 1.10516 3.710605 -0.2997534 1.10516 5.154181 -0.2997533 2.914823 5.154181 -0.1997548 2.914823 5.154181 -0.1997549 1.10516 5.154181 -0.2997534 1.10516 2.08605 -0.1997549 1.10516 2.08605 -0.1997548 2.914824 6.715878 -0.1997549 1.10516 6.814366 -0.1996919 0.9964581 6.715878 -0.1997548 2.914823 6.715878 -0.1997549 1.10516 6.715878 -0.2997534 1.10516 6.715878 -0.1997549 1.10516 5.313731 -0.1997549 1.10516 6.715878 -0.1997548 2.914823 6.715878 -0.2997533 2.914823 5.313731 -0.2997534 1.10516 5.313731 -0.1997549 1.10516 5.313731 -0.1997548 2.914823 5.313731 -0.2997533 2.914823 3.612117 -0.2997533 3.023528 3.710605 -0.2997533 2.914824 5.154181 -0.2997533 2.914823 5.233954 -0.2997533 3.023527 5.154181 -0.2997533 2.914823 5.154181 -0.2997534 1.10516 5.233954 -0.2997534 0.9964582 5.154181 -0.1997548 2.914823 5.233954 -0.1997548 3.023527 5.233954 -0.1997549 0.9964582 5.154181 -0.1997549 1.10516 5.154181 -0.1997549 1.10516 5.233954 -0.1997549 0.9964582 3.612117 -0.1997549 0.9964583 3.710605 -0.1997549 1.10516 5.233954 -0.2997534 0.9964582 5.313731 -0.2997534 1.10516 5.313731 -0.2997533 2.914823 5.233954 -0.2997533 3.023527 2.08605 -0.2997534 1.10516 2.08605 -0.2997533 2.914824 5.313731 -0.1997549 1.10516 5.233954 -0.1997549 0.9964582 5.233954 -0.1997548 3.023527 5.313731 -0.1997548 2.914823 5.313731 -0.1997548 2.914823 5.233954 -0.1997548 3.023527 6.814366 -0.1996949 3.023527 6.715878 -0.1997548 2.914823 6.912879 -0.1997549 1.10516 6.814366 -0.1996919 0.9964581 6.912879 -0.1997548 2.914824 6.912879 -0.1997548 2.914824 6.814366 -0.1996949 3.023527 8.436229 -0.1997548 3.023527 8.356456 -0.1997548 2.914823 8.356456 -0.1997549 1.10516 8.436229 -0.1997549 0.9964583 6.912879 -0.1997549 1.10516 5.233954 -0.2997533 3.023527 5.313731 -0.2997533 2.914823 6.715878 -0.2997533 2.914823 6.814391 -0.2997533 3.023528 6.715878 -0.2997533 2.914823 6.715878 -0.2997534 1.10516 6.814391 -0.2997534 0.9964584 6.715878 -0.2997534 1.10516 5.313731 -0.2997534 1.10516 5.233954 -0.2997534 0.9964582 2.08605 -0.1997549 1.10516 2.08605 -0.2997534 1.10516 3.529626 -0.2997533 2.914823 3.529626 -0.1997548 2.914823 3.529626 -0.1997549 1.10516 3.529626 -0.2997534 1.10516 5.999997 -0.3999939 4 7.999997 -0.3999939 4 3.999998 -0.3999958 3 3.999998 -0.3999958 4 3.999998 -0.3999958 4 5.999997 -0.09999466 4 7.999997 -0.09999466 4 7.999997 -0.09999466 4 7.999997 -0.3999939 4 1.999998 -0.3999958 4 3.999998 -0.3999958 4 3.999998 -0.09999657 4 5.999997 -0.09999466 3 3.999998 -0.09999657 4 5.999997 -0.09999466 4 12 -0.3999939 4 12 -0.09999466 4 12 -0.3999939 4 12 -0.3999939 2 -1.907349E-06 -0.3999958 4 -1.907349E-06 -0.3999958 2 -1.907349E-06 -0.3999958 4 -1.907349E-06 -0.09999657 4 3.999998 -0.09999657 3 1.999998 -0.09999657 4 3.999998 -0.09999657 4 12 -0.09999466 4 12 -0.09999466 2 12 -0.09999466 1.589271E-09 12 -0.3999939 6.357237E-09 -1.907349E-06 -0.09999657 4 1.999998 -0.09999657 3 -1.907349E-06 -0.09999657 2 1.999998 -0.3999958 6.357267E-09 -1.907349E-06 -0.3999958 6.357267E-09 -1.907349E-06 -0.09999657 1.589301E-09 -1.907349E-06 -0.3999958 6.357267E-09 12 -0.09999466 1.589271E-09 7.999997 -0.3999939 6.357237E-09 -1.907349E-06 -0.09999657 1.589301E-09 1.999998 -0.09999657 1.589301E-09 3.999998 -0.3999958 1 3.999998 -0.3999958 6.357267E-09 3.999998 -0.3999958 6.357267E-09 7.999997 -0.09999466 1.589271E-09 7.999997 -0.3999939 6.357237E-09 5.999997 -0.3999939 6.357237E-09 3.999998 -0.09999657 1.589301E-09 3.999998 -0.3999958 6.357267E-09 3.999998 -0.09999657 1.589301E-09 7.999997 -0.09999466 1.589271E-09 5.999997 -0.09999466 1.589271E-09 9.999998 -0.09999466 2 9.999998 -0.3999939 2 9.999998 -0.3999939 3 9.999998 -0.09999466 3 3.999998 -0.3999958 3 1.999998 -0.3999958 3 1.999998 -0.09999657 3 3.999998 -0.09999657 3 1.999998 -0.09999657 2 1.999998 -0.3999958 2 1.999998 -0.3999958 1 1.999998 -0.09999657 1 5.999997 -0.3999939 1 7.999997 -0.3999939 1 7.999997 -0.09999466 1 5.999997 -0.09999466 1 3.999998 -0.09999657 1 3.999998 -0.3999958 1 1.999998 -0.09999657 1 1.999998 -0.3999958 1 1.999998 -0.09999657 3 1.999998 -0.3999958 3 5.999997 -0.3999939 3 5.999997 -0.09999466 3 7.999997 -0.3999939 3 7.999997 -0.09999466 3 9.999998 -0.09999466 1 0.1818573 -0.4999989 3.818142 0.02980947 -0.4999989 3.970191 0.02980971 -0.4999991 0.02980959 0.1818573 -0.4999991 0.1818573 0.1818573 -0.4999991 0.1818573 4 -0.4999991 0.1818572 0.1818573 -0.4999989 3.818142 0.1818573 -0.4999991 0.1818573 0.1999998 -0.4818566 0.1999997 4 -0.4999989 3.818142 0.1818573 -0.4999989 3.818142 0.1999998 -0.4818565 3.8 0.02980971 -0.4999991 0.02980959 0 -0.4701895 0 4 -0.4999991 0.02980971 0.02980947 -0.4999989 3.970191 0.02980971 -0.4999991 0.02980959 4 -0.4999989 3.97019 0 -0.4701893 4 0.02980947 -0.4999989 3.970191 11.8 -0.4818547 0.1999998 11.81814 -0.4999972 0.1818572 11.81814 -0.499997 3.818142 11.8 -0.3896886 0.1999997 11.97019 -0.4999972 0.02980966 12 -0.4701874 4 11.97019 -0.499997 3.97019 12 -0.4701875 7.472842E-09 11.97019 -0.4999972 0.02980966 12 -0.3896886 6.193451E-09 12 -0.3896884 4 0 -0.3896922 4 0.1999998 -0.3896924 0.1999997 0.1999998 -0.3896922 3.8 0 -0.3896924 0 4 -0.4701893 4 8 -0.4701874 4 8 -0.3896903 4 4 -0.3896903 4 4 -0.4999989 3.97019 4 -0.4999989 3.818142 4 -0.4999991 0.1818572 4 -0.4999991 0.02980971 8 -0.4999972 0.02980959 4 -0.4818566 0.1999998 8 -0.4818547 0.1999998 8 -0.3896905 0.1999998 4 -0.3896905 0.1999998 4 -0.4999991 0.1818572 8 -0.4999972 0.1818572 8 -0.499997 3.818142 4 -0.4999989 3.818142 4 -0.4818565 3.8 4 -0.4999991 0.02980971 4 -0.4701895 0 8 -0.4701875 0 8 -0.4999972 0.02980959 8 -0.499997 3.97019 4 -0.4999989 3.97019 4 -0.3896903 3.8 4 -0.3896905 0 8 -0.3896905 0 8 -0.499997 3.97019 8 -0.499997 3.818142 8 -0.4999972 0.1818572 8 -0.4999972 0.02980959 8 -0.4999972 0.1818572 11.81814 -0.4999972 0.1818572 11.8 -0.4818546 3.8 11.81814 -0.499997 3.818142 8 -0.499997 3.818142 8 -0.4818546 3.8 11.97019 -0.499997 3.97019 8 -0.499997 3.97019 8 -0.3896903 3.8 11.8 -0.3896884 3.8 9.999998 -0.3999939 1 12 -0.3999939 6.357237E-09 -1.907349E-06 -0.09999657 2 1.999998 -0.09999657 2 1.999998 -0.09999657 4 7.999997 -0.3999939 3 9.999997 -0.3999939 4 7.999997 -0.3999939 4 9.999998 -0.09999466 3 7.999997 -0.09999466 3 7.999997 -0.09999466 4 9.999997 -0.09999466 4 9.999997 -0.3999939 6.357237E-09 7.999997 -0.3999939 1 7.999997 -0.3999939 6.357237E-09 9.999997 -0.09999466 1.589271E-09 9.999998 -0.3999939 1 9.999998 -0.09999466 1 9.999998 -0.09999466 3 9.999998 -0.3999939 3 9.999997 -0.09999466 4 2.08605 -0.1997548 2.914824 1.987562 -0.1997548 3.023528 3.529626 -0.1997548 2.914823 3.612117 -0.2997534 0.9964583 3.529626 -0.2997534 1.10516 2.08605 -0.2997534 1.10516 1.987562 -0.2997534 0.9964583 1.987562 -0.2997533 3.023528 2.08605 -0.2997533 2.914824 3.529626 -0.2997533 2.914823 3.612117 -0.2997533 3.023528 3.529626 -0.2997533 2.914823 3.529626 -0.2997534 1.10516 3.612117 -0.2997534 0.9964583 3.529626 -0.1997548 2.914823 3.612117 -0.1997548 3.023528 3.612117 -0.1997549 0.9964583 3.529626 -0.1997549 1.10516 3.529626 -0.1997549 1.10516 3.612117 -0.1997549 0.9964583 1.987562 -0.1997549 0.9964583 2.08605 -0.1997549 1.10516 6.814366 -0.1996949 3.023527 6.814366 -0.1996919 0.9964581 6.814391 -0.2997533 3.023528 6.814391 -0.2997534 0.9964584 9.999998 -0.09999466 2 12 -0.09999466 2 1.999998 -0.09999657 1 1.999998 -0.09999657 1.589301E-09 3.999998 -0.09999657 1 5.999997 -0.09999466 1 5.999997 -0.09999466 1.589271E-09 3.999998 -0.09999657 1.589301E-09 11.81814 -0.499997 3.818142 11.97019 -0.499997 3.97019 11.97019 -0.4999972 0.02980966 11.81814 -0.4999972 0.1818572 7.999997 -0.09999466 1 9.999998 -0.09999466 1 7.999997 -0.09999466 1.589271E-09 9.999997 -0.09999466 1.589271E-09 3.612117 -0.1997548 3.023528 3.612117 -0.2997533 3.023528  
			<Colors>: 0  
			<TextureCoords0>: 536 0.3701172 0.9248047 0.5097656 0.9248047 0.3623047 0.9428711 0.5170898 0.9155273 0.3623047 0.9155273 0.3696289 0.9248047 0.3696289 0.9345703 0.5083008 0.9345703 0.5097656 0.9345703 0.5244141 0.9174805 0.5170898 0.9155273 0.3696289 0.9345703 0.3696289 0.9248047 0.3710938 0.9248047 0.5097656 0.9345703 0.5170898 0.9155273 0.5102539 0.9345703 0.5102539 0.9248047 0.3618164 0.9155273 0.5170898 0.9428711 0.3701172 0.9248047 0.5097656 0.9248047 0.5170898 0.9155273 0.5102539 0.9248047 0.5102539 0.9345703 0.3623047 0.9155273 0.5170898 0.9155273 0.3701172 0.9248047 0.5097656 0.9248047 0.3623047 0.9428711 0.5170898 0.9155273 0.3623047 0.9155273 0.3696289 0.9248047 0.3696289 0.9345703 0.3701172 0.9345703 0.5097656 0.9345703 0.3623047 0.9428711 0.5170898 0.9428711 0.3623047 0.9428711 0.3696289 0.9345703 0.3696289 0.9248047 0.3701172 0.9345703 0.5097656 0.9345703 0.3623047 0.9155273 0.5102539 0.9345703 0.5102539 0.9248047 0.5097656 0.9248047 0.3701172 0.9248047 0.3701172 0.9248047 0.5097656 0.9248047 0.5170898 0.9155273 0.5102539 0.9248047 0.5102539 0.9345703 0.3623047 0.9155273 0.5170898 0.9155273 0.3623047 0.9155273 0.3696289 0.9248047 0.3696289 0.9345703 0.3701172 0.9345703 0.5097656 0.9345703 0.5170898 0.9428711 0.3623047 0.9428711 0.3696289 0.9345703 0.3696289 0.9248047 0.201416 0.7047119 0.201416 0.7602539 0.09033203 0.7602539 0.09033203 0.7047119 0.3125 0.7047119 0.3125 0.7602539 0.2001953 0.8691406 0.2666015 0.8691406 0.2001953 0.8593751 0.201416 0.7047119 0.201416 0.7602539 0.1337891 0.8691406 0.6005859 0.09960938 0.7993164 0.09960938 0.2001953 0.8691406 0.09033203 0.7602539 0.09033203 0.6491699 0.201416 0.6491699 0.201416 0.7047119 0.201416 0.6491699 0.3125 0.6491699 0.3125 0.7602539 0.2001953 0.8691406 0.7993164 0.1000977 0.2666015 0.8691406 0.2001953 0.859375 0.1337891 0.8691406 0.2001953 0.8593751 0.1010742 0.4624023 0.1337891 0.8691406 0.201416 0.5936279 0.201416 0.5380859 0.3125 0.5380859 0.2001953 0.859375 0.7993164 0.09960938 0.7993164 0.09960938 0.7993164 0.1987305 0.1337891 0.859375 0.2001953 0.8691406 0.2666016 0.8593751 0.09033203 0.5936279 0.600586 0.0009765625 0.09033203 0.5936279 0.09033203 0.5380859 0.2001953 0.8691406 0.2666016 0.8691406 0.7993164 0.1000977 0.2666016 0.8691406 0.201416 0.5380859 0.201416 0.5936279 0.7993164 0.1000977 0.1337891 0.8691406 0.6005859 0.1000977 0.2001953 0.8691406 0.6005859 0.1000977 0.7993164 0.1000977 0.3701172 0.9331055 0.3706055 0.9350586 0.5136719 0.9350586 0.515625 0.9331055 0.3710938 0.9350586 0.515625 0.9331055 0.3706055 0.9350586 0.3701172 0.9331055 0.5214844 0.9277344 0.5234375 0.925293 0.3632813 0.925293 0.3642578 0.9277344 0.3642578 0.9277344 0.5234375 0.925293 0.5214844 0.9277344 0.3632813 0.925293 0.3710938 0.9382756 0.3632813 0.9227525 0.5234375 0.9227526 0.5136719 0.9382756 0.3706055 0.9350586 0.515625 0.9331055 0.3642578 0.9277344 0.3706055 0.9382756 0.3632813 0.9227525 0.5234375 0.9227525 0.5136719 0.9382756 0.3710938 0.9331055 0.3730469 0.9350586 0.5136719 0.9350586 0.5166016 0.9331055 0.3701172 0.9331055 0.3706055 0.9350586 0.5219727 0.9277344 0.5234375 0.925293 0.3632813 0.925293 0.3647461 0.9277344 0.3642578 0.9277344 0.3632813 0.925293 0.5234375 0.925293 0.3706055 0.9382756 0.5234375 0.9227525 0.3632813 0.9227526 0.3730469 0.9382756 0.5234375 0.9227525 0.3706055 0.9382756 0.5136719 0.9382756 0.3632813 0.9227525 0.5083008 0.9345703 0.5170898 0.9428711 0.5083008 0.9248047 0.5083008 0.9345703 0.5083008 0.9248047 0.5097656 0.9248047 0.3701172 0.9345703 0.3701172 0.9248047 0.3696289 0.9345703 0.5083008 0.9248047 0.5083008 0.9345703 0.515625 0.9345703 0.515625 0.9248047 0.3740234 0.9248047 0.3740234 0.9345703 0.3623047 0.9428711 0.3701172 0.9345703 0.3710938 0.9248047 0.3618164 0.9155273 0.3701172 0.9345703 0.3701172 0.9248047 0.5097656 0.9248047 0.5097656 0.9345703 0.3710938 0.9345703 0.3710938 0.9248047 0.5102539 0.9248047 0.5102539 0.9248047 0.3710938 0.9345703 0.3710938 0.9248047 0.515625 0.9248047 0.515625 0.9345703 0.3740234 0.9345703 0.3740234 0.9248047 0.5170898 0.9155273 0.5083008 0.9248047 0.3696289 0.9248047 0.3623047 0.9155273 0.5244141 0.9423828 0.515625 0.9345703 0.3740234 0.9345703 0.3652344 0.9423828 0.515625 0.9248047 0.3652344 0.9174805 0.3740234 0.9248047 0.5244141 0.9174805 0.515625 0.9248047 0.3740234 0.9248047 0.3652344 0.9174805 0.3618164 0.9428711 0.3710938 0.9345703 0.5102539 0.9345703 0.5170898 0.9428711 0.515625 0.9345703 0.5244141 0.9423828 0.3652344 0.9423828 0.3740234 0.9345703 0.5102539 0.9345703 0.5170898 0.9428711 0.3618164 0.9428711 0.3710938 0.9345703 0.5083008 0.9345703 0.5170898 0.9428711 0.5083008 0.9345703 0.5170898 0.9428711 0.5083008 0.9248047 0.5083008 0.9345703 0.3696289 0.9345703 0.5097656 0.9248047 0.5097656 0.9345703 0.3701172 0.9345703 0.3701172 0.9248047 0.3696289 0.9345703 0.5083008 0.9248047 0.5083008 0.9345703 0.515625 0.9345703 0.515625 0.9248047 0.3740234 0.9248047 0.3740234 0.9345703 0.5097656 0.9345703 0.3701172 0.9345703 0.3710938 0.9248047 0.3618164 0.9155273 0.3701172 0.9248047 0.5097656 0.9248047 0.3710938 0.9345703 0.3710938 0.9248047 0.5102539 0.9248047 0.3710938 0.9345703 0.3710938 0.9248047 0.515625 0.9248047 0.515625 0.9345703 0.3740234 0.9345703 0.3740234 0.9248047 0.5170898 0.9155273 0.5083008 0.9248047 0.3696289 0.9248047 0.5244141 0.9423828 0.515625 0.9345703 0.3740234 0.9345703 0.3652344 0.9423828 0.515625 0.9248047 0.5244141 0.9174805 0.3652344 0.9174805 0.3740234 0.9248047 0.3696289 0.9248047 0.3623047 0.9155273 0.5170898 0.9155273 0.5083008 0.9248047 0.5244141 0.9174805 0.515625 0.9248047 0.3740234 0.9248047 0.3652344 0.9174805 0.5097656 0.9248047 0.3701172 0.9248047 0.515625 0.9345703 0.5244141 0.9423828 0.3652344 0.9423828 0.3740234 0.9345703 0.5102539 0.9345703 0.5170898 0.9428711 0.3618164 0.9428711 0.3710938 0.9345703 0.5097656 0.9345703 0.5170898 0.9428711 0.3701172 0.9345703 0.5083008 0.9345703 0.5170898 0.9428711 0.3623047 0.9428711 0.3696289 0.9345703 0.3696289 0.9248047 0.3623047 0.9155273 0.5083008 0.9248047 0.5170898 0.9155273 0.5102539 0.9248047 0.3710938 0.9248047 0.3623047 0.9428711 0.3701172 0.9345703 0.5097656 0.9345703 0.3618164 0.9428711 0.3710938 0.9345703 0.5102539 0.9345703 0.5170898 0.9428711 0.5083008 0.9248047 0.5083008 0.9345703 0.515625 0.9345703 0.515625 0.9248047 0.3740234 0.9248047 0.3740234 0.9345703 0.2001953 0.859375 0.2666016 0.8593751 0.09033203 0.7047119 0.09033203 0.7602539 0.1337891 0.859375 0.7993164 0.0004882813 0.6005859 0.0004882813 0.1337891 0.8691406 0.1337891 0.859375 0.2001953 0.859375 0.2666016 0.8593751 0.2666015 0.8691406 0.6005859 0.1000977 0.7993164 0.1992188 0.6005859 0.1992188 0.2666016 0.8593751 0.2666016 0.859375 0.2666016 0.8691406 0.2001953 0.8691406 0.1337891 0.859375 0.2001953 0.8691406 0.1337891 0.8691406 0.1337891 0.859375 0.6005859 0.09960938 0.7993164 0.0004882813 0.6005859 0.0004882813 0.6005859 0.0004882813 0.600586 0.1987305 0.1337891 0.8691406 0.1337891 0.859375 0.7993164 0.1992188 0.6005859 0.1000977 0.7993164 0.0009765625 0.2001954 0.859375 0.2666016 0.8593751 0.2666016 0.859375 0.2666016 0.8691406 0.600586 0.0009765625 0.09033203 0.5380859 0.6005859 0.0009765625 0.7993163 0.0009765625 0.3125 0.5936279 0.3125 0.5380859 0.1337891 0.859375 0.1337891 0.8691406 0.1337891 0.859375 0.2001953 0.8593751 0.600586 0.0009765625 0.2666016 0.8593751 0.2666016 0.8691406 0.600586 0.0009765625 0.7993164 0.0009765625 0.05126953 0.4501953 0.05126953 0.4624023 0.0004882813 0.4624023 0.0004882813 0.4501953 0.300293 0.4624023 0.3999023 0.4624023 0.3999023 0.4501953 0.300293 0.4501953 0.05126953 0.4501953 0.05126953 0.4624023 0.1010742 0.4624023 0.1010742 0.4501953 0.2001953 0.4624023 0.1010742 0.4624023 0.1010742 0.4501953 0.2001953 0.4501953 0.300293 0.4501953 0.300293 0.4624023 0.3999023 0.4501953 0.3999023 0.4624023 0.0004882813 0.4501953 0.0004882813 0.4624023 0.2001953 0.4624023 0.2001953 0.4501953 0.1010742 0.4624023 0.1010742 0.4501953 0.1010742 0.4501953 0.3701172 0.9331055 0.3642578 0.9277344 0.5214844 0.9277344 0.515625 0.9331055 0.3701172 0.9331055 0.515625 0.9331055 0.3701172 0.9331055 0.515625 0.9331055 0.5136719 0.9350586 0.3701172 0.9331055 0.515625 0.9331055 0.5136719 0.9350586 0.3642578 0.9277344 0.3632813 0.925293 0.5214844 0.9277344 0.3642578 0.9277344 0.5214844 0.9277344 0.3642578 0.9277344 0.5234375 0.925293 0.5214844 0.9277344 0.515625 0.9350586 0.5166016 0.9331055 0.3710938 0.9331055 0.515625 0.9382756 0.5219727 0.9277344 0.3632813 0.925293 0.3647461 0.9277344 0.5234375 0.925293 0.5214844 0.9277344 0.5234375 0.9227525 0.3632813 0.9227525 0.5234375 0.9227525 0.3706055 0.9382756 0.5136719 0.9382756 0.3632813 0.9227526 0.5234375 0.925293 0.3632813 0.925293 0.3632813 0.9227525 0.5234375 0.9227525 0.5214844 0.9277344 0.515625 0.9331055 0.3701172 0.9331055 0.3642578 0.9277344 0.5214844 0.9277344 0.3706055 0.9350586 0.5136719 0.9350586 0.5136719 0.9382756 0.3706055 0.9382756 0.3701172 0.9331055 0.515625 0.9331055 0.3701172 0.9331055 0.515625 0.9331055 0.5136719 0.9350586 0.3642578 0.9277344 0.3632813 0.925293 0.5234375 0.925293 0.5214844 0.9277344 0.3642578 0.9277344 0.5214844 0.9277344 0.5136719 0.9382756 0.3632813 0.9227526 0.5234375 0.9227525 0.5214844 0.9277344 0.515625 0.9331055 0.3701172 0.9331055 0.3642578 0.9277344 0.3701172 0.9331055 0.515625 0.9331055 0.3706055 0.9350586 0.3701172 0.9331055 0.515625 0.9331055 0.5136719 0.9350586 0.3642578 0.9277344 0.5214844 0.9277344 0.5136719 0.9382756 0.3706055 0.9382756 0.201416 0.5936279 0.09033203 0.5380859 0.6005859 0.1992188 0.7993164 0.1992188 0.6005859 0.1992188 0.3125 0.7047119 0.201416 0.7602539 0.3125 0.7602539 0.6005859 0.1000977 0.7993164 0.1000977 0.7993164 0.1992188 0.6005859 0.1992188 0.201416 0.5380859 0.3125 0.5936279 0.3125 0.5380859 0.7993163 0.0009765625 0.0004882813 0.4624023 0.0004882813 0.4501953 0.0004882813 0.4501953 0.0004882813 0.4624023 0.7993164 0.0004882813 0.5083008 0.9345703 0.5170898 0.9428711 0.3696289 0.9345703 0.3623047 0.9428711 0.3696289 0.9345703 0.5083008 0.9345703 0.5170898 0.9428711 0.5170898 0.9155273 0.5083008 0.9248047 0.3696289 0.9248047 0.5244141 0.9423828 0.515625 0.9345703 0.3740234 0.9345703 0.3652344 0.9423828 0.515625 0.9248047 0.5244141 0.9174805 0.3652344 0.9174805 0.3740234 0.9248047 0.3696289 0.9248047 0.3623047 0.9155273 0.5170898 0.9155273 0.5083008 0.9248047 0.3623047 0.9428711 0.5170898 0.9155273 0.3618164 0.9155273 0.5170898 0.9428711 0.7993164 0.1992188 0.6005859 0.1992188 0.7993164 0.1000977 0.7993164 0.0009765625 0.6005859 0.1000977 0.7993164 0.1000977 0.7993163 0.0009765625 0.6005859 0.0009765625 0.3701172 0.9331055 0.3642578 0.9277344 0.5214844 0.9277344 0.515625 0.9331055 0.6005859 0.1000977 0.7993164 0.1000977 0.6005859 0.0009765625 0.7993164 0.0009765625 0.3623047 0.9428711 0.3623047 0.9155273  
			<TextureCoords1>: 536 0.267781 0.04802674 0.267781 0.14498 0.3493949 0.1508036 0.2625045 0.1508038 0.2625045 0.04220289 0.7515749 0.9147439 0.345121 0.1449799 0.8289148 0.9093865 0.7476686 0.9093865 0.08857698 0.1547103 0.00390625 0.1508036 0.7515748 0.9093865 0.7280554 0.8167495 0.4287891 0.04802692 0.428789 0.1449801 0.3493947 0.04220307 0.6507154 0.8035796 0.3536687 0.04802692 0.4340656 0.04220307 0.4340656 0.1508039 0.009182777 0.1605341 0.009182861 0.2574872 0.08857716 0.2633108 0.08430315 0.2574871 0.8266951 0.8908591 0.00390625 0.1547102 0.00390636 0.263311 0.09621856 0.0480268 0.09621865 0.14498 0.1778324 0.1508036 0.09094214 0.1508037 0.09094203 0.04220295 0.7515749 0.8869528 0.1735585 0.1449799 0.3417532 0.160534 0.3417533 0.2574872 0.2601395 0.1547103 0.3470299 0.2633109 0.3470297 0.1547102 0.2644133 0.1605341 0.7280554 0.8352769 0.7476686 0.8591617 0.6507155 0.8591617 0.1778323 0.04220307 0.7515748 0.9054802 0.7258358 0.7943159 0.9658757 0.9456586 0.8689225 0.9456586 0.1807452 0.160534 0.1807453 0.2574873 0.2601396 0.2633108 0.2558655 0.2574871 0.7258358 0.7889584 0.1754686 0.1547101 0.1754687 0.263311 0.003906279 0.04220283 0.6507155 0.8313707 0.7280554 0.8128433 0.8689226 0.9403012 0.9658757 0.9403012 0.4340657 0.2633108 0.4340656 0.1547101 0.6507154 0.8260132 0.7280554 0.8074858 0.3253578 0.8353679 0.3253578 0.7817926 0.4325083 0.7817926 0.4325083 0.8353678 0.2182074 0.8353679 0.2182073 0.7817927 0.3253575 0.5026697 0.4325079 0.5026697 0.5396584 0.5187422 0.1110568 0.835368 0.1110568 0.7817928 0.2182071 0.5026698 0.2182073 0.6171606 0.3253578 0.6171606 0.5396582 0.5026697 0.6468092 0.7817926 0.6468091 0.8889432 0.5396587 0.8889431 0.5396588 0.8353678 0.1110568 0.8889431 0.003906319 0.8889431 0.003906424 0.7817926 0.1110567 0.5026698 0.4325082 0.6171606 0.6468086 0.5026697 0.7578659 0.9695436 0.8650163 0.9856162 0.1110568 0.5387211 0.8689227 0.9856162 0.00390625 0.5026698 0.1110568 0.9425185 0.1110568 0.9960937 0.00390625 0.9960938 0.7578659 0.9495649 0.5396587 0.6171606 0.1110567 0.6171607 0.1110567 0.6707359 0.8650162 0.9695436 0.1110567 0.5226486 0.2182072 0.5387212 0.4325082 0.9425183 0.5396587 0.6707358 0.2182073 0.9425184 0.2182073 0.9960936 0.5396583 0.5226487 0.6468087 0.5226488 0.1110568 0.7243111 0.2182071 0.5226487 0.3253577 0.9960936 0.3253577 0.9425184 0.5396587 0.7243109 0.432508 0.5226486 0.2182073 0.7243112 0.3253575 0.5226488 0.4325082 0.7243111 0.3253578 0.7243111 0.216609 0.2958041 0.422765 0.282374 0.208464 0.2721551 0.2166119 0.4906144 0.6516874 0.9338065 0.01205368 0.295802 0.004878216 0.2721553 0.0120523 0.4906172 0.216612 0.4987604 0.4325081 0.5574192 0.218207 0.5469403 0.2166091 0.2876582 0.00390625 0.4987634 0.6507154 0.9434 0.003907588 0.2876559 0.8650163 0.9434 0.6516874 0.9288688 0.8650163 0.9390874 0.6507154 0.9390874 0.8445582 0.9288688 0.2084642 0.2823743 0.4309119 0.4906144 0.4309091 0.2876557 0.422765 0.2774362 0.218207 0.5426276 0.4325081 0.5531065 0.208464 0.2672173 0.6354687 0.2958013 0.8445582 0.923588 0.6263508 0.2721552 0.6354674 0.4906158 0.4309091 0.2958018 0.4227648 0.2721553 0.6436134 0.4987618 0.8650163 0.9938352 0.6468088 0.5469409 0.6436147 0.2876552 0.2182072 0.5596791 0.2182072 0.5574205 0.4325079 0.5469416 0.2084642 0.2774366 0.4325079 0.542629 0.2182072 0.5531079 0.8445582 0.9186502 0.003906267 0.5531071 0.4227648 0.2672176 0.6263508 0.2672173 0.6468088 0.5426282 0.267781 0.14498 0.2625045 0.1508038 0.7280554 0.8313707 0.7280554 0.8260132 0.8289148 0.9147439 0.7476686 0.9147439 0.6507155 0.9093865 0.6507154 0.9147439 0.7280554 0.822107 0.6507154 0.8167495 0.6507155 0.822107 0.7476686 0.8684254 0.7476685 0.863068 0.6507154 0.863068 0.6507155 0.8684254 0.4340656 0.04220307 0.4287891 0.04802692 0.009182861 0.2574872 0.00390636 0.263311 0.7476686 0.849898 0.7476685 0.8445406 0.6507154 0.8445406 0.6507155 0.849898 0.7258358 0.8035796 0.7258358 0.7982221 0.6507155 0.7982221 0.8266951 0.8962165 0.7515749 0.8908591 0.7515748 0.8962165 0.7476686 0.9054802 0.7476686 0.9001228 0.6507155 0.9001228 0.6507154 0.9054802 0.2625045 0.04220289 0.267781 0.04802674 0.3451208 0.04802692 0.3493947 0.04220307 0.3493947 0.04220307 0.3451208 0.04802692 0.345121 0.1449799 0.3493949 0.1508036 0.09285085 0.1605341 0.08857716 0.2633108 0.09285101 0.2574871 0.3493949 0.1508036 0.3536688 0.1449799 0.3536687 0.04802692 0.3493947 0.04220307 0.4340656 0.1508039 0.428789 0.1449801 0.3536688 0.1449799 0.3493949 0.1508036 0.08430315 0.2574871 0.08857716 0.2633108 0.08857698 0.1547103 0.08430293 0.1605341 0.08430293 0.1605341 0.08857698 0.1547103 0.00390625 0.1547102 0.009182777 0.1605341 0.09621865 0.14498 0.09094214 0.1508037 0.3417532 0.160534 0.3470297 0.1547102 0.8289148 0.8869528 0.8289148 0.8815954 0.7515748 0.8815954 0.9658757 0.9960938 0.9658757 0.9907363 0.8689227 0.9907363 0.8689226 0.9960938 0.7280554 0.8406343 0.6507154 0.8352769 0.6507155 0.8406343 0.7476686 0.8869528 0.7476685 0.8815954 0.6507154 0.8815954 0.6507155 0.8869528 0.4287891 0.2574871 0.428789 0.160534 0.1807453 0.2574873 0.1754687 0.263311 0.7476685 0.8538043 0.6507154 0.8538043 0.8266951 0.9054802 0.8266951 0.9001228 0.7515749 0.9001228 0.6507155 0.7889584 0.6507154 0.7943159 0.7476686 0.8962165 0.7476686 0.8908591 0.6507155 0.8908591 0.6507154 0.8962165 0.09094203 0.04220295 0.09621856 0.0480268 0.1735584 0.04802692 0.1778323 0.04220307 0.1735584 0.04802692 0.1735585 0.1449799 0.1778324 0.1508036 0.2644133 0.1605341 0.2601395 0.1547103 0.2601396 0.2633108 0.2644135 0.2574871 0.2644135 0.2574871 0.2601396 0.2633108 0.3470299 0.2633109 0.3417533 0.2574872 0.1778324 0.1508036 0.1821065 0.1449799 0.1821063 0.04802692 0.1778323 0.04220307 0.009182764 0.1449799 0.009182801 0.04802668 0.2558655 0.2574871 0.2601396 0.2633108 0.2601395 0.1547103 0.2558654 0.1605341 0.2558654 0.1605341 0.2601395 0.1547103 0.1754686 0.1547101 0.1807452 0.160534 0.1701908 0.2574872 0.1754687 0.263311 0.1701908 0.1605339 0.1701908 0.1605339 0.1754686 0.1547101 0.08857698 0.1547103 0.09285085 0.1605341 0.09285101 0.2574871 0.08857716 0.2633108 0.1701908 0.2574872 0.1778323 0.04220307 0.1821063 0.04802692 0.2572266 0.0480268 0.2625045 0.04220289 0.2572266 0.0480268 0.2572266 0.1449801 0.2625045 0.1508038 0.2572266 0.1449801 0.1821065 0.1449799 0.1778324 0.1508036 0.6507154 0.8074858 0.6507155 0.8128433 0.7476686 0.8776891 0.7476685 0.8723317 0.6507154 0.8723317 0.6507155 0.8776891 0.3253575 0.5187422 0.4325079 0.5187422 0.2182074 0.8353679 0.2182073 0.7817927 0.2182072 0.5187423 0.3253578 0.5635854 0.2182073 0.5635854 0.4325079 0.5026697 0.4325079 0.5187422 0.1110568 0.5187423 0.2182072 0.5187423 0.2182071 0.5026698 0.3253578 0.6171606 0.4325082 0.5635853 0.3253578 0.5635854 0.6468087 0.5187422 0.6507154 0.9695436 0.6507155 0.9856162 0.757866 0.9856162 0.003906328 0.5187423 0.757866 0.9656374 0.8650163 0.9656374 0.8650162 0.9495649 0.4325082 0.6171606 0.5396587 0.5635854 0.4325082 0.5635853 0.003906382 0.5635854 0.003906318 0.6707358 0.00390625 0.5226486 0.003906338 0.5387212 0.6468092 0.5635854 0.5396587 0.6171606 0.6468092 0.6707358 0.5396584 0.5387213 0.6468087 0.5387213 0.6507154 0.9495648 0.6507155 0.9656374 0.00390625 0.7778863 0.4325082 0.9960935 0.646809 0.7778862 0.5396587 0.7778862 0.2182073 0.9425184 0.2182073 0.9960936 0.432508 0.5387211 0.2182071 0.5226487 0.2182072 0.5387212 0.3253576 0.5387213 0.4325082 0.7778863 0.432508 0.5387211 0.432508 0.5226486 0.2182073 0.7778864 0.3253578 0.7778863 0.9224978 0.9695436 0.9224978 0.9856162 0.976073 0.9856162 0.976073 0.9695436 0.3253577 0.0382964 0.4325081 0.03829646 0.4325081 0.02222395 0.3253577 0.02222389 0.9224978 0.9495649 0.9224978 0.9656374 0.976073 0.9656374 0.976073 0.9495649 0.2182072 0.01831758 0.3253576 0.0183174 0.3253576 0.00224489 0.2182071 0.002245069 0.1110567 0.002245009 0.1110568 0.01831752 0.00390625 0.002245009 0.003906335 0.01831758 0.8689226 0.9495649 0.8689227 0.9656374 0.2182073 0.03829634 0.2182073 0.02222383 0.1110568 0.03829658 0.1110567 0.02222407 0.8689226 0.9695436 0.01205368 0.295802 0.003907588 0.2876559 0.00390625 0.4987634 0.0120523 0.4906172 0.00390625 0.2735299 0.2084639 0.2735297 0.6507154 0.9351811 0.8455303 0.9351811 0.8445582 0.9338065 0.422765 0.2837486 0.6273229 0.2837488 0.6263509 0.2823742 0.6452119 0.5596785 0.6468089 0.5574199 0.432508 0.5596778 0.8634192 0.9456586 0.6523125 0.9456586 0.218207 0.549199 0.003906262 0.546941 0.005503308 0.5491996 0.6516874 0.923588 0.6507154 0.9249626 0.8455302 0.9249626 0.6516874 0.9186502 0.8634193 0.9960938 0.6507154 0.9938352 0.6523125 0.9960938 0.00390625 0.5574198 0.005503284 0.5596784 0.8650163 0.9895225 0.6507154 0.9895225 0.00390625 0.5426284 0.004878214 0.2672176 0.6263509 0.2774365 0.6468089 0.5531073 0.218207 0.5469403 0.4325079 0.5469416 0.4325079 0.542629 0.218207 0.5426276 0.2166091 0.2876582 0.216609 0.2958041 0.2166119 0.4906144 0.216612 0.4987604 0.4309119 0.4987603 0.208464 0.2721551 0.4227648 0.2721553 0.4227648 0.2672176 0.208464 0.2672173 0.2084639 0.2735297 0.4227647 0.2735299 0.2084641 0.2837489 0.422765 0.2837486 0.422765 0.282374 0.432508 0.5596778 0.4325081 0.5574192 0.2182072 0.5574205 0.2182072 0.5596791 0.4325078 0.5492002 0.218207 0.549199 0.422765 0.2774362 0.4325081 0.5531065 0.2182072 0.5531079 0.4309091 0.2876557 0.4309091 0.2958018 0.4309119 0.4906144 0.4309119 0.4987603 0.4227647 0.2735299 0.6273228 0.2735298 0.0048782 0.2823741 0.00390625 0.2837487 0.2084641 0.2837489 0.2084642 0.2823743 0.6452118 0.5491996 0.4325078 0.5492002 0.2084642 0.2774366 0.004878208 0.2774363 0.5396587 0.9425182 0.6468089 0.9960936 0.6468092 0.6707358 0.5396587 0.6707358 0.5396587 0.5635854 0.4325083 0.8353678 0.5396587 0.7817926 0.4325083 0.7817926 0.1110567 0.6171607 0.2182073 0.6171606 0.2182073 0.5635854 0.1110568 0.5635854 0.5396586 0.9960935 0.4325082 0.9425183 0.4325082 0.9960935 0.1110568 0.7778864 0.4325081 0.01831746 0.4325081 0.002244949 0.00390625 0.02222383 0.003906297 0.03829634 0.1110568 0.5635854 0.428789 0.160534 0.4340656 0.1547101 0.3514492 0.160534 0.09094214 0.1508037 0.08652269 0.14498 0.009182764 0.1449799 0.00390625 0.1508036 0.003906279 0.04220283 0.009182801 0.04802668 0.08652259 0.04802686 0.09094203 0.04220295 0.08652259 0.04802686 0.08652269 0.14498 0.09094214 0.1508037 0.3514492 0.160534 0.3470297 0.1547102 0.3470299 0.2633109 0.3514493 0.2574872 0.3514493 0.2574872 0.3470299 0.2633109 0.4340657 0.2633108 0.4287891 0.2574871 0.1754686 0.1547101 0.1754687 0.263311 0.2625045 0.04220289 0.2625045 0.1508038 0.1110567 0.6707359 0.003906318 0.6707358 0.5396587 0.7243109 0.5396587 0.7778862 0.4325082 0.7243111 0.3253578 0.7243111 0.3253578 0.7778863 0.4325082 0.7778863 0.6354687 0.2958013 0.6436147 0.2876552 0.6436134 0.4987618 0.6354674 0.4906158 0.2182073 0.7243112 0.1110568 0.7243111 0.2182073 0.7778864 0.1110568 0.7778864 0.3470297 0.1547102 0.09094203 0.04220295  
			<Normals>: 536 0 -1 0 0 -1 0 0 -1 0 0 -1 0 0 -1 0 -0.7071068 0 -0.7071068 0 -1 0 0.7071068 0 -0.7071068 0.7071068 0 0.7071068 0 1 -0.0001525972 0 -1 0 -0.7071068 0 -0.7071068 -0.7071068 0 0.7071068 0 -1 0 0 -1 0 0 -1 0 0.7071068 0 0.7071068 0 -1 0 0 -1 0 0 -1 0 -0.0003051851 1 -0.000122074 -0.0003051851 1 0.000122074 0 1 0.0001525925 0 1 0.000122074 0.7071068 0 -0.7071068 -0.000274675 1 -0.0001220778 -0.0002746666 1 0.0001525925 0 -1 0 0 -1 0 0 -1 0 0 -1 0 0 -1 0 -0.7071068 0 -0.7071068 0 -1 0 0 1 0 0 1 0 0 1 -6.103702E-05 0 1 0 0 1 0 0 1 0 -0.7071068 0 0.7071068 -0.7071068 0 -0.7071068 -0.7071068 0 0.7071068 0 -1 0 0.7071068 0 0.7071068 0.7071068 0 -0.7071068 0.7071068 0 0.7071068 0.7071068 0 -0.7071068 -0.0003051851 1 -0.000122074 -0.0003051851 1 0.000122074 0 1 6.103702E-05 0 1 0.000122074 0.7071068 0 -0.7071068 0 1 -0.0001220778 0 1 0.0001525925 0 -1 0 -0.7071068 0 -0.7071068 -0.7071068 0 0.7071068 0.7071068 0 -0.7071068 0.7071068 0 0.7071068 0 1 0 0 1 0 -0.7071068 0 -0.7071068 -0.7071068 0 0.7071068 0 -1 0 0 -1 0 0 -1 0 0 -1 0 0 -1 0 0 -1 0 0 0 1 0 0 1 0 0 1 0 -1 0 0 -1 0 0 0 1 0 1 0 0 1 0 0 0 1 0 -1 0 0 -1 0 0 -1 0 0 -1 0 0 -1 0 0 -1 0 0 -1 0 0 0 1 0 1 0 0 0 1 1 0 0 1 0 0 0 0 -1 -1 0 0 0 0 1 0 -1 0 0 -1 0 0 -1 0 -1 0 0 0 1 0 0 1 0 0 1 0 1 0 0 0 0 -1 0 0 -1 0 -1 0 0 1 0 0 -1 0 0 -1 0 0 0 -1 0 0 -1 0 1 0 0 0 -1 0 -1 0 0 -1 0 0 1 0 0 0 -1 0 1 0 0 0 -1 0 1 0 0 1 0 0 -0.9238803 -0.3826815 0 -0.3826815 -0.9238803 0 -0.3826815 0.9238803 0 -0.9238803 0.3826815 0.8958509 -0.4443547 0 0 -0.9760649 -0.2174798 0 -0.4443547 0.8958509 0 -0.9760649 0.2174798 0 -0.9238803 -0.3826815 0 -0.3826815 -0.9238803 0 -0.3826815 0.9238803 0 -0.9238803 0.3826815 0 -0.8334187 -0.5526419 -0.9576362 -0.2879806 0 0 -0.8334187 0.5526419 -0.9576362 -0.2879806 0 1 0 0 -1 0 0 -1 0 0 1 0 0 0 -0.3826815 -0.9238803 0 -0.9238803 0.3826815 0 -0.9238803 0.3826815 0 0 -1 0 0 1 0 0 -1 0 0 1 -0.2174798 -0.9760649 0 -0.8958631 -0.4443302 0 0 -0.4443547 0.8958509 -0.2174798 -0.9760649 0 0 -0.9238803 -0.3826815 0 -0.3826815 0.9238803 0.5526631 -0.8334047 0 0.9576446 -0.2879526 0 0 -0.2879806 0.9576362 0.5526631 -0.8334047 0 0 -0.9238803 -0.3826815 0 -0.3826815 -0.9238803 0 -0.3826815 0.9238803 0 0 -1 0 0 1 0 0 -1 -1 0 0 0 0 -1 0 0 1 0 0 1 0 0 1 0 -1 0 0 -1 0 0.7071068 0 -0.7071068 0.7071068 0 -0.7071068 0.7071068 0 -0.7071068 0.7071068 0 0.7071068 0.7071068 0 -0.7071068 0.7071068 0 -0.7071068 -0.7071068 0 0.7071068 0.7071068 0 0.7071068 0.7071068 0 0.7071068 -0.7071068 0 -0.7071068 -0.7071068 0 -0.7071068 -0.7071068 0 0.7071068 -0.7071068 0 0.7071068 0 -1 0 0 -1 0 -0.0003051851 1 0.000122074 -0.0002746666 1 0.0001525925 -0.7071068 0 -0.7071068 -0.7071068 0 -0.7071068 -0.7071068 0 0.7071068 -0.7071068 0 0.7071068 -0.7071068 0 0.7071068 -0.7071068 0 0.7071068 0.7071068 0 0.7071068 0.7071068 0 -0.7071068 -0.7071068 0 -0.7071068 -0.7071068 0 -0.7071068 0.7071068 0 0.7071068 0.7071068 0 0.7071068 0.7071068 0 -0.7071068 0.7071068 0 -0.7071068 0 -1 0 0 -1 0 0 -1 0 0 -1 0 0 -1 0 0 -1 0 0 -1 0 0 -1 0 0 1 -0.000122074 0 1 0.0001525925 0 1 0.000122074 0 -1 0 0 -1 0 0 -1 0 0 -1 0 0 -1 0 0 -1 0 0 -1 0 0 -1 0 0 1 0.000122074 0 1 0.0001525925 0 1 -0.0001525972 0 1 -0.000122074 0 1 -0.000122074 0 1 -0.0001525972 -0.000274675 1 -0.0001220778 -0.0003051851 1 -0.000122074 0 -1 0 0 -1 0 0 1 0 0 1 0 0.7071068 0 -0.7071068 0.7071068 0 -0.7071068 -0.7071068 0 -0.7071068 0.7071068 0 0.7071068 0.7071068 0 0.7071068 0.7071068 0 -0.7071068 0.7071068 0 -0.7071068 -0.7071068 0 0.7071068 0.7071068 0 0.7071068 0.7071068 0 0.7071068 -0.7071068 0 -0.7071068 -0.7071068 0 -0.7071068 -0.7071068 0 0.7071068 -0.7071068 0 0.7071068 0 1 0 0 1 0 -0.0003051851 1 0.000122074 0 1 0.0001525925 -0.7071068 0 -0.7071068 -0.7071068 0 0.7071068 -0.7071068 0 0.7071068 -0.7071068 0 0.7071068 0.7071068 0 0.7071068 -0.7071068 0 -0.7071068 -0.7071068 0 -0.7071068 0.7071068 0 0.7071068 0.7071068 0 0.7071068 0.7071068 0 -0.7071068 0.7071068 0 -0.7071068 0 -1 0 0 -1 0 0 -1 0 0 -1 0 0 -1 0 0 -1 0 0 -1 0 0 1 0 0 1 -6.103702E-05 0 1 6.103702E-05 0 1 0 0 1 0 0 1 6.103702E-05 0 1 0 0 1 0 0 -1 0 0 -1 0 0 -1 0 0 -1 0 0 -1 0 0 -1 0 0 1 0.000122074 0 1 6.103702E-05 0 1 -6.103702E-05 0 1 -0.000122074 0 1 -0.000122074 0 1 -6.103702E-05 0 1 -0.0001220778 -0.0003051851 1 -0.000122074 0.0003051851 1 0.000122074 0 1 0.0001525925 0.0003051944 1 -0.0001220778 0.0003051944 1 -0.0001220778 0 1 -0.0001220778 0 1 -0.0001525972 0 1 -0.000122074 0 1 0.000122074 0 1 0.0001525925 0.0003051851 1 0.000122074 0 -1 0 0 -1 0 0 -1 0 0 -1 0 0 -1 0 0 -1 0 0 -1 0 0 -1 0 0 -1 0 0 -1 0 0.7071068 0 0.7071068 0.7071068 0 0.7071068 -0.7071068 0 -0.7071068 -0.7071068 0 -0.7071068 -0.7071068 0 0.7071068 -0.7071068 0 0.7071068 0 0 1 0 0 1 0 -1 0 0 -1 0 0 0 1 0 1 0 0 1 0 0 0 1 0 0 1 0 0 1 0 0 1 0 0 1 0 1 0 0 1 0 0 1 0 0 0 1 1 0 0 1 0 0 1 0 0 0 0 1 -1 0 0 -1 0 0 -1 0 0 0 1 0 0 1 0 0 1 0 0 1 0 0 1 0 0 0 -1 0 0 -1 0 1 0 0 1 0 0 1 0 0 0 -1 0 0 -1 -1 0 0 -1 0 0 0 1 0 0 -1 0 0 1 0 0 1 0 0 -1 0 0 -1 0 0 0 -1 0 0 -1 0 0 -1 0 0 -1 0 1 0 0 0 -1 0 0 -1 0 1 0 0 1 0 -1 0 0 -1 0 0 -1 0 0 -1 0 0 0 0 -1 0 0 -1 0 0 -1 0 0 -1 1 0 0 1 0 0 1 0 0 1 0 0 0 0 1 0 0 1 0 0 1 0 0 1 0 0 1 0 0 1 0 0 1 0 0 1 1 0 0 1 0 0 0 0 -1 0 0 -1 0 0 -1 0 0 -1 -1 0 0 0.2174798 -0.9760649 0 -0.5526419 -0.8334187 0 -0.5526419 -0.8334187 0 0.2174798 -0.9760649 0 0 -0.9760649 0.2174798 0 -0.9238803 0.3826815 0.2174798 -0.9760649 0 0.2174798 -0.9760649 0 0.8958509 -0.4443547 0 0 -0.9238803 -0.3826815 0 -0.9760649 -0.2174798 0 -0.4443547 -0.8958509 0 -0.8334187 -0.5526419 0 -0.2879806 -0.9576362 0 -0.9238803 -0.3826815 -0.5526419 -0.8334187 0 -0.5526419 -0.8334187 0 0 -0.9238803 0.3826815 0 -0.2879806 0.9576362 0 -0.8334187 0.5526419 -0.8958631 -0.4443302 0 -0.2174798 -0.9760649 0 -0.2174798 -0.9760649 0 -1 0 0 0.5526631 -0.8334047 0 0.9576446 -0.2879526 0 0.5526631 -0.8334047 0 0 -0.2879806 -0.9576362 0 -0.8334187 -0.5526419 1 0 0 1 0 0 0 0 1 0 0 1 0 0 -1 0 0 -1 0 -0.3826815 0.9238803 0 -0.3826815 0.9238803 0 0 1 0 0 1 0 -0.9238803 0.3826815 0 -0.9238803 -0.3826815 0 -0.9238803 0.3826815 0 -0.9238803 -0.3826815 0 -0.9238803 -0.3826815 0 -0.3826815 0.9238803 0 -0.3826815 0.9238803 0 0 1 0 0 1 0 -0.9238803 0.3826815 0 -0.9238803 0.3826815 0 -0.9238803 -0.3826815 0 -0.9238803 -0.3826815 0 -0.3826815 -0.9238803 0 -0.9238803 -0.3826815 0 -0.3826815 -0.9238803 0 -0.3826815 -0.9238803 0 -0.9238803 -0.3826815 0 -0.9238803 0.3826815 0 -0.9238803 0.3826815 0 0 -1 0 0 -1 0 0 -1 0 -0.9238803 0.3826815 0 -0.9238803 -0.3826815 0 -0.9238803 0.3826815 0 -0.9238803 -0.3826815 0 -0.9238803 0.3826815 0 -0.9760649 0.2174798 0 -0.4443547 -0.8958509 0 -0.9760649 -0.2174798 0 -0.9238803 -0.3826815 0 -0.3826815 -0.9238803 0 -0.8334187 0.5526419 0 -0.9238803 0.3826815 0 0 -1 0 0 -1 0 -1 0 0 -1 0 0 1 0 0 1 0 0 1 0 0 -1 0 0 -1 0 0 -1 0 0 1 0 0 1 0 0 1 0 0 1 0 0 -1 0 0 -1 0 0 -1 0 0 1 0 0 0 1 0 0 1 0 0 -1 0 0 -1 0 1 0 0 1 0 0 1 0 0 1 0 0 -1 0 0 -1 0 0 -1 0 0 -1 0 0 -1 0 0 -1 0 0 -1 0 0 -1 0 0 -1 0 0 -1 0 0 -1 0 0 1 0 0 1 0 0 1 0 0 1 0 0 1 0 0 1 0 0 1 0 0 1 0 0 1 -0.0001220778 0 1 0.0001525925 0 -1 0 0 -1 0 0 1 0 0 1 0 0 1 0 0 1 0 0 1 0 0 1 0 0 1 0 0 1 0 0 -0.9760649 -0.2174798 0 -0.8334187 0.5526419 0 -0.8334187 -0.5526419 0 -0.9760649 0.2174798 0 1 0 0 1 0 0 1 0 0 1 0 0 1 0 0 -1 0  
			<Tangents>: 536 0 0 -1 0 0 -1 -1 0 1.574541E-07 0 0 -1 0 0 -1 -0.7071068 0 0.7071068 -1 0 1.651582E-07 -0.7071068 -1.459806E-08 -0.7071068 0.7071068 -5.822472E-08 -0.7071068 0 0.0001525972 1 0 0 -1 -0.7071068 -6.427401E-10 0.7071068 -0.7071068 -1.459806E-08 -0.7071068 -1 0 1.51406E-07 0 0 -1 -1 0 1.683821E-07 -0.7071068 0 0.7071068 -1 0 1.700383E-07 -1 0 1.508586E-07 0 0 -1 3.769937E-08 -0.000122074 -1 -3.726774E-08 0.000122074 -1 -1 -9.938614E-13 7.038551E-09 -1 0 0 -0.7071068 -1.502941E-08 -0.7071068 3.393957E-08 -0.0001220778 -1 -4.189125E-08 0.0001525925 -1 0 0 -1 0 0 -1 -1 0 8.181619E-08 0 0 -1 0 0 -1 -0.7071068 0 0.7071068 -1 0 8.257911E-08 0 0 -1 0 0 -1 -1 9.987631E-12 1.636324E-07 0 0 -1 0 0 -1 -1 0 1.651582E-07 -0.7071068 0 -0.7071068 0.7071068 -6.905122E-08 -0.7071068 -0.7071068 -4.657976E-08 -0.7071068 -1 0 1.470052E-07 -0.7071068 0 0.7071068 -0.7071068 0 -0.7071068 0.7071068 -6.986966E-08 -0.7071068 -0.7071068 -6.986966E-08 -0.7071068 -1.980803E-07 -0.0001220741 -1 -3.007652E-07 0.000122074 -1 -1 -5.138773E-12 8.440123E-08 -1 -1.037863E-11 8.501915E-08 -0.7071068 0 -0.7071068 -2.352348E-07 -0.0001220778 -1 -2.613288E-07 0.0001525925 -1 0 0 -1 -0.7071068 0 0.7071068 -0.7071068 -1.285481E-09 -0.7071068 -0.7071068 -6.986966E-08 -0.7071068 0.7071068 -6.986966E-08 -0.7071068 0 0 -1 0 0 -1 -0.7071068 0 0.7071068 -0.7071068 0 -0.7071068 -1 0 0 -1 0 0 -1 0 0 -1 0 0 -1 0 0 -1 0 0 1 6.24612E-08 0 1 0 0 1 -5.011535E-07 0 -1 0 0 -1 0 0 1 1.249278E-07 0 -1 0 0 -1 0 0 1 -4.143745E-07 0 -1 0 0 -1 0 0 -1 0 0 -1 0 0 -1 0 0 -1 0 0 -1 0 0 1 -4.143745E-07 0 -1 0 0 1 0 0 0 5.179684E-07 1 0 1.084745E-07 1 -1 -6.26442E-07 0 0 0 -1 1 -8.287465E-07 0 -1 0 0 -1 0 0 -1 0 0 0 4.143747E-07 -1 -1 0 0 -1 0 0 -1 0 0 0 0 1 -1 -5.179683E-07 0 -1 -1.084744E-07 0 -1 0 0 -1 0 0 -1 0 0 -1 0 0 -1 -5.179683E-07 0 -1 0 0 -1 0 0 -1 0 0 -1 0 0 -1 0 0 1 0 0 -1 -1.035933E-06 0 -1 0 0 -1 -9.94807E-07 0 -1 0 0 -1 0 0 -1 -4.100492E-08 9.899522E-08 -1 1.027264E-08 -4.255043E-09 1 5.545615E-09 2.297055E-09 1 -5.519265E-09 -1.332476E-08 -1.620019E-08 -3.266074E-08 -1 -1 1.325518E-08 -5.949018E-08 1 -1.034819E-09 -5.132848E-10 1 6.222131E-09 2.792537E-08 1 5.078402E-09 -1.226042E-08 1 -2.867966E-08 1.187944E-08 -1 0 0 -1 4.246313E-08 1.025156E-07 1 -1.382948E-08 2.085573E-08 5.284205E-09 -1.757183E-08 -1 -1 -2.434991E-08 -3.67212E-08 1.232836E-08 -4.09961E-08 -1 0 -3.311369E-08 -1 0 -4.404289E-08 -1 0 6.866371E-09 -1 0 -4.940075E-08 -1 -1 8.265534E-08 -3.423677E-08 1 6.983048E-08 1.685867E-07 -1 -6.983048E-08 -1.685867E-07 -1 3.619179E-09 0 -1 -8.159046E-10 0 1 -5.434532E-08 0 1 -5.587577E-11 0 2.603002E-07 -5.799821E-08 -1 1.977181E-08 -3.986412E-08 -1 1 -4.68299E-09 -2.32283E-09 1.358754E-08 -3.027475E-09 -1 -1 -7.030305E-08 1.697276E-07 1 -4.778161E-09 -1.979167E-09 -2.090161E-08 -1.386067E-08 -1 -1.232727E-08 -4.099682E-08 -1 -1 0 0 1.49595E-07 9.92023E-08 -1 1 -6.935395E-10 1.674362E-09 1 -6.595453E-10 2.731909E-10 -1 -2.761477E-08 -1.143835E-08 -1 4.802655E-07 0 -1 -6.369518E-08 0 1 -6.961857E-10 0 0 -4.953564E-08 -1 1 -5.434532E-08 0 1 -3.61958E-09 0 1 -5.587576E-11 0 -1 -8.159048E-10 0 -1 0 7.60464E-08 -1 0 7.35026E-08 -0.7071068 0 -0.7071068 -0.7071068 0 -0.7071068 -0.7071068 -1.395532E-08 -0.7071068 0.7071068 -5.863395E-08 -0.7071068 -0.7071068 -6.946043E-08 -0.7071068 -0.7071068 -6.986966E-08 -0.7071068 -0.7071068 -1.395532E-08 -0.7071068 -0.7071068 -6.427403E-10 0.7071068 -0.7071068 0 0.7071068 -0.7071068 5.863395E-08 0.7071068 -0.7071068 5.822472E-08 0.7071068 0.7071068 6.946043E-08 0.7071068 0.7071068 6.986966E-08 0.7071068 0 0 -1 0 0 -1 -0.9999999 -0.0003051851 4.075003E-08 -0.9999999 -0.0002746666 3.960167E-08 0.7071068 -5.863396E-08 -0.7071068 0.7071068 -5.822472E-08 -0.7071068 -0.7071068 -6.946043E-08 -0.7071068 -0.7071068 -6.986967E-08 -0.7071068 -0.7071068 0 -0.7071068 -0.7071068 0 -0.7071068 -0.7071068 0 0.7071068 -0.7071068 -1.434819E-08 -0.7071068 -0.7071068 -6.812194E-10 0.7071068 -0.7071068 0 0.7071068 0.7071068 -4.739827E-08 -0.7071068 0.7071068 -4.65798E-08 -0.7071068 -0.7071068 -6.905115E-08 -0.7071068 -0.7071068 -6.986963E-08 -0.7071068 -1 0 1.634664E-07 -1 0 1.651582E-07 -1 0 1.475263E-07 -1 0 1.470052E-07 0 0 1 0 0 1 0 0 1 0 0 1 0 0.000122074 1 0 -0.0001525925 1 0 -0.000122074 1 -4.884146E-07 0 -1 -5.2699E-07 0 -1 -7.78138E-09 0 -1 0 0 -1 -1 0 7.219111E-09 -1 0 0 -1 0 7.320369E-08 -1 0 7.54293E-08 -7.781484E-09 0.000122074 -1 0 0.0001525925 -1 -4.884149E-07 -0.0001525972 -1 -5.2699E-07 -0.000122074 -1 -1 1.8485E-11 1.469329E-07 -1 2.30206E-11 1.450732E-07 -0.9999999 -0.000274675 2.012902E-07 -0.9999999 -0.0003051851 2.072922E-07 -1 0 7.375451E-08 -1 0 7.35026E-08 -1 0 1.47509E-07 -1 0 1.470052E-07 -0.7071068 0 -0.7071068 -0.7071068 0 -0.7071068 -0.7071068 0 0.7071068 0.7071068 -6.905119E-08 -0.7071068 0.7071068 -6.986966E-08 -0.7071068 -0.7071068 -4.739824E-08 -0.7071068 -0.7071068 -4.657977E-08 -0.7071068 -0.7071068 0 -0.7071068 -0.7071068 0 0.7071068 -0.7071068 0 0.7071068 -0.7071068 6.90512E-08 0.7071068 -0.7071068 6.986966E-08 0.7071068 0.7071068 4.739824E-08 0.7071068 0.7071068 4.657977E-08 0.7071068 0 0 -1 0 0 -1 -0.9999999 -0.0003051851 4.317643E-08 -1 -1.150994E-11 8.151372E-08 0.7071068 -6.986969E-08 -0.7071068 -0.7071068 -4.739823E-08 -0.7071068 -0.7071068 0 -0.7071068 -0.7071068 0 -0.7071068 -0.7071068 0 0.7071068 -0.7071068 0 0.7071068 -0.7071068 0 0.7071068 0.7071068 -6.90512E-08 -0.7071068 0.7071068 -6.986966E-08 -0.7071068 -0.7071068 -4.739824E-08 -0.7071068 -0.7071068 -4.657977E-08 -0.7071068 -1 0 1.634664E-07 -1 0 1.651582E-07 -1 0 1.475263E-07 0 0 1 0 0 1 0 0 1 0 0 1 0 0 1 0 6.103702E-05 1 0 -6.103702E-05 1 0 0 1 -1 0 7.376313E-08 -1 -4.48638E-12 7.35026E-08 -1 0 8.173318E-08 -1 0 8.257911E-08 0 0 -1 0 0 -1 0 0 -1 0 0 -1 0 0 -1 0 0 -1 0 0.000122074 -1 0 6.103702E-05 -1 0 -6.103702E-05 -1 0 -0.000122074 -1 -1 1.848499E-11 1.469328E-07 -1 9.207954E-12 1.485444E-07 -1 2.05338E-11 1.677596E-07 -0.9999999 -0.0003051851 2.072934E-07 -1.938873E-07 0.0001220741 -1 -2.352348E-07 0.0001525925 -1 -3.724488E-08 -0.0001220778 -1 -0.9999999 0.0003051944 -1.712133E-07 -1 -1.794579E-11 -1.424941E-07 -1 2.119872E-11 1.393917E-07 -1 2.016153E-11 1.65157E-07 -1 1.685146E-11 -1.426489E-07 -1 2.243155E-11 -1.529305E-07 -0.9999999 0.0003051851 2.024147E-07 -1 0 1.423291E-07 -1 0 1.700382E-07 -1 0 -1.416982E-07 -2.43295E-07 0 -1 -2.63495E-07 0 -1 -5.081521E-09 0 -1 -1 0 6.244106E-08 -1 0 8.501915E-08 -1 0 -1.438966E-07 -1 0 -1.508561E-07 -0.7071068 -2.791064E-08 0.7071068 -0.7071068 -2.919612E-08 0.7071068 -0.7071068 6.90512E-08 0.7071068 -0.7071068 6.986966E-08 0.7071068 0.7071068 4.739824E-08 0.7071068 0.7071068 4.657977E-08 0.7071068 1 -2.431727E-08 0 1 -8.677952E-08 0 -1 0 0 -1 0 0 1 3.814932E-08 0 -1 0 0 -1 0 0 1 -8.287465E-07 0 1 -9.15525E-07 0 1 -5.011535E-07 0 1 -8.677952E-08 0 1 0 0 -1 0 0 -1 0 0 -1 0 0 1 -8.677952E-08 0 0 1.035933E-06 1 0 1.144406E-06 1 0 6.264422E-07 1 1 -9.15525E-07 0 0 5.120011E-07 -1 0 8.677948E-08 -1 0 0 -1 -1 0 0 -1 0 0 -1 0 0 -1 0 0 -1 0 0 -1 -1.035933E-06 0 -1 -1.144406E-06 0 -1 0 0 -1 0 0 -1 0 0 -1 -6.26442E-07 0 -1 -1.084744E-07 0 0 1.035933E-06 -1 0 1.144406E-06 -1 -1 0 0 -1 0 0 1 0 0 1 0 0 -1 0 0 -1 0 0 -1 -1.144406E-06 0 -1 -1.035933E-06 0 -1 -1.144406E-06 0 -1 -1.103281E-06 0 -1 0 0 -1 -1.062149E-06 0 -1 -9.536748E-07 0 -1 0 0 -1 0 0 0 0 -1 0 0 -1 0 0 -1 0 0 -1 -1 -4.780031E-07 0 -1 0 0 -1 0 0 -1 -4.780034E-07 0 0 0 -1 0 0 -1 0 0 -1 0 0 -1 -1 -4.79175E-07 0 -1 0 0 -1 0 0 -1 -4.791747E-07 0 -1 -4.780034E-07 0 -1 -4.780031E-07 0 -1 0 0 -1 0 0 0 0 -1 0 0 -1 -1 -4.79175E-07 0 -1 -4.791747E-07 0 -1 0 0 -1 0 0 0 0 -1 4.708958E-08 1.049217E-08 -1 6.292817E-08 -4.172782E-08 -1 2.486292E-08 -1.648666E-08 -1 -1.043857E-08 -2.325844E-09 -1 1 -3.313794E-09 -1.487254E-08 1 5.497247E-09 1.32716E-08 -1.043857E-08 -2.325844E-09 -1 -1.054299E-08 -2.349109E-09 -1 -1.977263E-08 -3.986304E-08 -1 -1 2.207706E-08 -5.329904E-08 -1 9.481783E-11 -4.255492E-10 -1 0 0 1 -6.594258E-11 9.944556E-11 1 0 0 1 -1.061578E-08 2.562891E-08 2.079151E-08 -1.37869E-08 -1 6.292816E-08 -4.172781E-08 -1 -1 2.79719E-10 6.753053E-10 -1 -2.469629E-08 -7.426674E-09 -1 5.531792E-08 8.342291E-08 4.183937E-08 -8.435695E-08 -1 2.603001E-07 -5.799821E-08 -1 1.243553E-08 -2.770794E-09 -1 0 -4.139212E-08 -1 -2.059156E-08 -1.365506E-08 -1 -2.389161E-08 -7.945638E-08 -1 -2.090161E-08 -1.386067E-08 -1 1 -3.321361E-08 9.988007E-09 1 -7.779082E-09 1.173135E-08 0 -4.555498E-08 -1 0 -1.111745E-07 -1 -1 -6.369518E-08 0 1 -3.619581E-09 0 -1 5.587293E-11 0 1 -6.961855E-10 0 -1 -2.115559E-08 -8.76288E-09 -1 -4.070067E-07 -1.685867E-07 -1 -4.654366E-07 0 -1 4.131518E-07 0 -1 -4.930683E-08 -1.19038E-07 -1 -9.090382E-08 2.194626E-07 1 5.95301E-08 1.437193E-07 1 8.036715E-08 -1.940247E-07 1 7.010533E-08 -1.692503E-07 1 -9.067389E-08 -3.755814E-08 1 4.070067E-07 1.685867E-07 1 4.628002E-07 0 1 -4.802857E-07 0 1 6.983048E-08 1.685867E-07 1 6.983048E-08 1.685867E-07 -1 -9.090382E-08 2.194626E-07 -1 -6.991799E-08 1.68798E-07 -1 -4.070067E-07 1.685867E-07 1 6.989989E-08 -1.687543E-07 1 4.070067E-07 -1.685867E-07 1 -2.493558E-08 1.03286E-08 1 8.036715E-08 -1.940247E-07 -1 -6.983048E-08 -1.685867E-07 -1 -6.983048E-08 -1.685867E-07 -1 -4.628002E-07 0 1 4.639246E-07 0 1 -5.3117E-07 0 -1 -2.147384E-08 -5.184274E-08 -1 2.207706E-08 -5.329904E-08 1 5.219142E-09 1.260019E-08 1 -5.307891E-09 1.281446E-08 1 1.379816E-09 3.331189E-09 1 -2.473421E-09 -1.110089E-08 -1 9.659017E-09 -4.791011E-09 -1 1.325518E-08 -5.949018E-08 -1 9.650768E-11 -2.329915E-10 -1 0 0 -1 0 0 -1 0 0 -1 -6.520052E-11 0 -1 -4.223374E-09 0 -1 0 0 -1 0 0 1 0 0 1 0 0 -1 0 0 -1 0 0 -1 0 0 -1 0 0 -1 0 0 -1 0 0 -1 0 0 -1 0 0 -1 0 0 -1 0 0 -1 0 0 1 0 0 -1 0 0 -1 0 0 -1 0 0 -1 0 0 -1 0 0 -1 0 4.575744E-09 -1 0 0 -1 0 1.651582E-07 -1 0 7.553051E-08 -1 0 8.257911E-08 -1 0 2.287812E-09 -1 0 0 -1 0 1.497653E-07 -1 0 1.651582E-07 -1 0 4.706298E-09 0 0 1 0 0 1 0 0 1 0 0 1 0 0 1 0 0 1 0 0 1 0 0 1 -1 0 2.353094E-09 -1 0 0 -1 0 7.488274E-08 -1 0 8.257911E-08 -1.803341E-08 -0.0001220778 -1 -1 -2.076189E-11 1.355099E-07 -1 0 -1.508561E-07 0 0 -1 -1 0 0 -1 0 0 -1 0 0 -1 0 0 1 0 0 1 0 0 1 0 0 1 0 0 -1 2.07482E-10 -9.311941E-10 -1 0 0 1 -2.065959E-09 3.115596E-09 1 8.284483E-10 3.718136E-09 1 0 0 1 0 0 1 0 0 -1 0 0 -1 0 1.510609E-07 -1 0 0  
			<BiTangents>: 536 -1 0 0 -1 0 0 1.574541E-07 0 1 -1 0 0 -1 0 0 0 -1 0 1.651582E-07 0 1 1.032239E-08 -1 1.032239E-08 -4.117109E-08 -1 4.117109E-08 1 0 0 -1 0 0 4.544859E-10 -1 -4.544859E-10 -1.032239E-08 1 -1.032239E-08 1.51406E-07 0 1 -1 0 0 1.683821E-07 0 1 0 1 0 1.700383E-07 0 1 1.508586E-07 0 1 -1 0 0 1 0.0003051851 4.441958E-10 1 0.0003051851 -1.256591E-11 -7.038551E-09 0.0001525925 -1 0 0.000122074 -1 1.06274E-08 -1 1.06274E-08 1 0.000274675 4.078692E-10 1 0.0002746666 2.082249E-11 -1 0 0 -1 0 0 8.181619E-08 0 1 -1 0 0 -1 0 0 0 -1 0 8.257911E-08 0 1 1 0 0 1 0 0 -1.636324E-07 -6.103702E-05 -1 1 0 0 1 0 0 -1.651582E-07 0 -1 0 1 0 4.882659E-08 1 -4.882659E-08 -3.293687E-08 1 -3.293687E-08 1.470052E-07 0 1 0 1 0 0 -1 0 -4.940531E-08 -1 4.940531E-08 4.940531E-08 -1 4.940531E-08 1 0.0003051851 -2.353355E-07 1 0.0003051851 -2.635101E-07 -8.440123E-08 6.103702E-05 -1 -8.501915E-08 0.000122074 -1 0 -1 0 1 -2.871694E-11 -2.352348E-07 1 3.987682E-11 -2.613288E-07 -1 0 0 0 -1 0 -9.089722E-10 1 -9.089722E-10 4.940531E-08 -1 4.940531E-08 -4.940531E-08 -1 4.940531E-08 1 0 0 1 0 0 0 -1 0 0 1 0 0 0 -1 0 0 -1 0 0 -1 0 0 -1 0 0 -1 0 0 -1 6.24612E-08 -1 0 0 -1 0 -5.011535E-07 -1 0 0 0 -1 0 0 -1 1.249278E-07 -1 0 0 0 1 0 0 1 -4.143745E-07 -1 0 0 0 -1 0 0 -1 0 0 -1 0 0 -1 0 0 -1 0 0 -1 0 0 -1 -4.143745E-07 -1 0 0 0 -1 0 -1 0 0 1 -5.179684E-07 0 1 -1.084745E-07 6.26442E-07 -1 0 0 1 0 -8.287465E-07 -1 0 0 0 -1 0 0 -1 0 0 -1 0 1 4.143747E-07 0 0 1 0 0 1 0 0 1 0 1 0 5.179683E-07 -1 0 1.084744E-07 -1 0 0 0 -1 0 0 -1 0 0 -1 0 0 -1 5.179683E-07 -1 0 0 -1 0 0 0 -1 0 -1 0 0 0 -1 0 0 -1 0 0 -1 1.035933E-06 -1 0 0 0 -1 9.94807E-07 -1 0 0 0 -1 0 0 -1 1.071516E-07 -0.3826815 0.9238803 -1.111902E-08 -0.9238803 0.3826815 6.002525E-09 -0.9238803 -0.3826815 -1.44226E-08 -0.3826815 -0.9238803 -0.4443547 -0.895851 3.645778E-08 -6.094901E-08 -0.2174798 0.9760649 -1.155124E-09 -0.895851 -0.4443547 2.861016E-08 -0.2174798 -0.9760649 -1.327057E-08 0.3826815 -0.9238803 3.104262E-08 0.9238803 -0.3826815 0 0.9238803 0.3826815 1.10962E-07 0.3826815 0.9238803 2.502431E-08 0.552642 -0.8334188 -0.2879806 0.9576362 -1.834917E-08 -4.406092E-08 0.552642 0.8334188 -0.2879806 0.9576362 -4.280967E-08 0 -1 3.311369E-08 0 1 -4.404289E-08 0 1 6.866371E-09 0 -1 4.940075E-08 -8.946542E-08 -0.9238803 0.3826815 1.824768E-07 -0.3826815 -0.9238803 -1.824768E-07 0.3826815 0.9238803 -3.619179E-09 -1 0 -8.159046E-10 1 0 5.434532E-08 1 0 -5.587577E-11 -1 0 0.9760649 -0.2174798 2.666833E-07 0.4443302 -0.8958631 4.4498E-08 -5.227422E-09 -0.895851 -0.4443547 0.9760649 -0.2174798 1.392073E-08 1.837117E-07 -0.3826815 0.9238803 -5.17184E-09 -0.9238803 -0.3826815 0.8334047 0.5526631 -2.507978E-08 0.2879526 0.9576446 -4.281005E-08 0 0.9576362 0.2879806 0.8334047 0.5526631 1.794987E-07 1.812315E-09 0.3826815 -0.9238803 7.138861E-10 0.9238803 -0.3826815 -2.988999E-08 0.9238803 0.3826815 -4.802655E-07 -1 0 -6.369518E-08 1 0 6.961857E-10 1 0 0 -1 4.953564E-08 5.434532E-08 1 0 -3.61958E-09 -1 0 -5.587576E-11 -1 0 -8.159048E-10 1 0 7.60464E-08 0 1 7.35026E-08 0 1 0 -1 0 0 -1 0 9.867904E-09 -1 9.867904E-09 -4.146046E-08 -1 4.146046E-08 4.911594E-08 -1 4.911594E-08 4.940531E-08 -1 4.940531E-08 -9.867904E-09 1 -9.867904E-09 -4.54486E-10 1 4.54486E-10 0 1 0 4.146046E-08 1 -4.146046E-08 4.117109E-08 1 -4.117109E-08 -4.911594E-08 1 -4.911594E-08 -4.940531E-08 1 -4.940531E-08 -1 0 0 -1 0 0 -7.800521E-08 0.000122074 -1 -8.151375E-08 0.0001525925 -1 4.146047E-08 1 -4.146047E-08 4.11711E-08 1 -4.11711E-08 -4.911594E-08 1 -4.911594E-08 -4.940532E-08 1 -4.940532E-08 0 1 0 0 1 0 0 1 0 1.01457E-08 -1 1.01457E-08 4.816949E-10 -1 -4.816949E-10 0 -1 0 -3.351564E-08 -1 3.351564E-08 -3.293689E-08 -1 3.293689E-08 4.882654E-08 -1 4.882654E-08 4.940529E-08 -1 4.940529E-08 1.634664E-07 0 1 1.651582E-07 0 1 1.475263E-07 0 1 1.470052E-07 0 1 -1 0 0 -1 0 0 -1 0 0 -1 0 0 1 0 0 1 0 0 1 0 0 -1 0 4.884146E-07 -1 0 5.2699E-07 -1 0 7.78138E-09 -1 0 0 7.219111E-09 0 1 0 0 1 7.320369E-08 0 1 7.54293E-08 0 1 1 9.499171E-13 -7.781484E-09 1 0 0 1 -7.453075E-11 -4.884149E-07 1 -6.43318E-11 -5.2699E-07 -1.469329E-07 -0.000122074 -1 -1.450732E-07 -0.0001525972 -1 -1.677585E-07 -0.0001220778 -1 -1.70037E-07 -0.0001220741 -1 7.375451E-08 0 1 7.35026E-08 0 1 -1.47509E-07 0 -1 -1.470052E-07 0 -1 0 -1 0 0 -1 0 0 -1 0 -4.882656E-08 -1 4.882656E-08 -4.940531E-08 -1 4.940531E-08 3.351562E-08 -1 3.351562E-08 3.293687E-08 -1 3.293687E-08 0 1 0 0 1 0 0 1 0 4.882657E-08 1 -4.882657E-08 4.940531E-08 1 -4.940531E-08 -3.351562E-08 1 -3.351562E-08 -3.293687E-08 1 -3.293687E-08 1 0 0 1 0 0 -8.043161E-08 0.000122074 -1 -8.151372E-08 0.0001525925 -1 4.940533E-08 1 -4.940533E-08 -3.351561E-08 1 -3.351561E-08 0 1 0 0 1 0 0 1 0 0 -1 0 0 -1 0 -4.882657E-08 -1 4.882657E-08 -4.940531E-08 -1 4.940531E-08 3.351562E-08 -1 3.351562E-08 3.293687E-08 -1 3.293687E-08 1.634664E-07 0 1 1.651582E-07 0 1 1.475263E-07 0 1 -1 0 0 -1 0 0 -1 0 0 -1 0 0 1 0 0 1 0 0 1 0 0 1 0 0 -7.376313E-08 0 -1 -7.35026E-08 6.103702E-05 -1 -8.173318E-08 0 -1 -8.257911E-08 0 -1 -1 0 0 -1 0 0 -1 0 0 -1 0 0 -1 0 0 -1 0 0 1 0 0 1 0 0 1 0 0 1 0 0 -1.469328E-07 -0.000122074 -1 -1.485444E-07 -6.103702E-05 -1 -1.677596E-07 -0.0001220778 -1 -1.700382E-07 -0.0001220741 -1 1 -0.0003051851 -2.311425E-07 1 3.589508E-11 -2.352348E-07 1 -0.0003051944 1.256609E-11 1.339558E-07 -0.0001220778 -1 1.424941E-07 -0.0001220778 -1 -1.393917E-07 -0.0001525972 -1 -1.65157E-07 -0.000122074 -1 1.426489E-07 0.000122074 -1 1.529305E-07 0.0001525925 -1 -1.651595E-07 0.0001220741 -1 1.423291E-07 0 1 1.700382E-07 0 1 -1.416982E-07 0 1 -1 0 2.43295E-07 -1 0 2.63495E-07 -1 0 5.081521E-09 6.244106E-08 0 1 8.501915E-08 0 1 -1.438966E-07 0 1 -1.508561E-07 0 1 -1.97358E-08 1 1.97358E-08 -2.064478E-08 1 2.064478E-08 4.882657E-08 1 -4.882657E-08 4.940531E-08 1 -4.940531E-08 -3.351562E-08 1 -3.351562E-08 -3.293687E-08 1 -3.293687E-08 -2.431727E-08 -1 0 -8.677952E-08 -1 0 0 0 -1 0 0 -1 3.814932E-08 -1 0 0 0 1 0 0 1 -8.287465E-07 -1 0 -9.15525E-07 -1 0 -5.011535E-07 -1 0 -8.677952E-08 -1 0 0 -1 0 0 0 -1 0 0 -1 0 0 -1 -8.677952E-08 -1 0 0 1 -1.035933E-06 0 1 -1.144406E-06 0 1 -6.264422E-07 -9.15525E-07 -1 0 0 1 5.120011E-07 0 1 8.677948E-08 0 1 0 0 0 1 0 0 1 0 0 1 0 0 1 0 0 1 1.035933E-06 -1 0 1.144406E-06 -1 0 0 0 -1 0 0 -1 0 0 -1 6.26442E-07 -1 0 1.084744E-07 -1 0 0 1 1.035933E-06 0 1 1.144406E-06 0 0 -1 0 0 -1 0 0 -1 0 0 -1 0 0 -1 0 0 -1 1.144406E-06 -1 0 1.035933E-06 -1 0 1.144406E-06 -1 0 1.103281E-06 -1 0 0 0 -1 1.062149E-06 -1 0 9.536748E-07 -1 0 0 0 -1 0 0 -1 0 1 0 0 1 0 0 1 0 0 1 0 -4.780031E-07 1 0 0 1 0 0 1 0 -4.780034E-07 1 0 0 1 0 0 1 0 0 1 0 0 1 0 -4.79175E-07 1 0 0 1 0 0 1 0 -4.791747E-07 1 0 -4.780034E-07 1 0 -4.780031E-07 1 0 0 1 0 0 1 0 0 1 0 0 1 0 -4.79175E-07 1 0 -4.791747E-07 1 0 0 1 0 0 1 0 0 1 0 -0.9760649 -0.2174798 -4.824432E-08 -0.8334188 0.552642 -7.550606E-08 -0.8334188 0.552642 -2.983245E-08 -0.9760649 -0.2174798 1.069455E-08 -1.523725E-08 -0.2174798 -0.9760649 1.436507E-08 -0.3826815 -0.9238803 -0.9760649 -0.2174798 1.069455E-08 -0.9760649 -0.2174798 1.080152E-08 -0.4443547 -0.895851 4.44974E-08 -5.769041E-08 -0.3826815 0.9238803 -4.359846E-10 -0.2174798 0.9760649 0 -0.895851 0.4443547 1.193224E-10 0.552642 -0.8334188 0 0.9576362 -0.2879806 2.774051E-08 0.3826815 -0.9238803 -0.8334188 0.552642 -2.494725E-08 -0.8334188 0.552642 -7.550605E-08 7.309446E-10 0.3826815 0.9238803 -2.57888E-08 0.9576362 0.2879806 1.000972E-07 0.552642 0.8334188 0.4443302 -0.8958631 9.416277E-08 0.9760649 -0.2174798 2.666833E-07 0.9760649 -0.2174798 1.274048E-08 0 -1 4.139212E-08 0.8334047 0.5526631 -2.470775E-08 0.2879526 0.9576446 -8.297063E-08 0.8334047 0.5526631 -2.507978E-08 3.468291E-08 0.9576362 -0.2879806 1.407617E-08 0.552642 -0.8334188 0 1 -4.555498E-08 0 1 -1.111745E-07 -6.369518E-08 1 0 -3.619581E-09 -1 0 -5.587293E-11 -1 0 6.961855E-10 1 0 -2.289862E-08 0.9238803 0.3826815 -4.405405E-07 0.9238803 0.3826815 -4.654366E-07 1 0 4.131518E-07 1 0 -1.288457E-07 0.3826815 0.9238803 2.375444E-07 -0.3826815 0.9238803 1.555605E-07 -0.3826815 -0.9238803 -2.100106E-07 0.3826815 -0.9238803 -1.83195E-07 0.3826815 -0.9238803 -9.814463E-08 -0.9238803 -0.3826815 4.405405E-07 -0.9238803 -0.3826815 4.628002E-07 -1 0 -4.802857E-07 -1 0 1.824768E-07 -0.3826815 -0.9238803 1.824768E-07 -0.3826815 -0.9238803 2.375444E-07 -0.3826815 0.9238803 1.827055E-07 -0.3826815 0.9238803 4.405405E-07 -0.9238803 0.3826815 -1.826582E-07 0.3826815 -0.9238803 -4.405405E-07 0.9238803 -0.3826815 2.699006E-08 0.9238803 -0.3826815 -2.100106E-07 0.3826815 -0.9238803 -1.824768E-07 0.3826815 0.9238803 -1.824768E-07 0.3826815 0.9238803 4.628002E-07 -1 0 -4.639246E-07 1 0 5.3117E-07 1 0 -5.611413E-08 0.3826815 0.9238803 -5.769042E-08 -0.3826815 0.9238803 1.363834E-08 -0.3826815 -0.9238803 1.387026E-08 0.3826815 -0.9238803 3.60565E-09 -0.3826815 -0.9238803 -1.137311E-08 -0.2174798 -0.9760649 -1.078195E-08 -0.895851 0.4443547 -6.094901E-08 -0.2174798 0.9760649 -2.52188E-10 -0.3826815 0.9238803 0 -0.9238803 0.3826815 0 0.552642 0.8334188 0 0.3826815 0.9238803 6.520052E-11 -1 0 4.223374E-09 -1 0 0 0 -1 0 0 -1 0 0 -1 0 0 -1 0 0 -1 0 0 -1 0 0 -1 0 0 -1 0 0 -1 0 0 -1 0 0 -1 0 0 -1 0 0 -1 0 0 -1 0 0 -1 0 0 -1 0 1 0 0 1 0 0 1 0 0 1 0 0 0 1 -4.575744E-09 0 -1 0 0 -1 -1.651582E-07 0 -1 7.553051E-08 0 1 8.257911E-08 0 1 2.287812E-09 0 1 0 0 1 1.497653E-07 0 1 1.651582E-07 0 1 4.706298E-09 0 1 -1 0 0 -1 0 0 -1 0 0 -1 0 0 1 0 0 1 0 0 1 0 0 1 0 0 -2.353094E-09 0 -1 0 0 -1 -7.488274E-08 0 -1 -8.257911E-08 0 -1 1 -2.201479E-12 -1.803341E-08 -1.355099E-07 0.0001525925 -1 -1.508561E-07 0 1 -1 0 0 0 0 -1 0 0 -1 0 0 -1 0 0 -1 0 0 -1 0 0 -1 0 0 -1 0 0 -1 -9.54029E-10 -0.2174798 0.9760649 0 0.552642 0.8334188 3.738332E-09 0.552642 -0.8334188 3.809312E-09 -0.2174798 -0.9760649 0 0 -1 0 0 -1 0 0 -1 0 0 -1 -1.510609E-07 0 -1 0 0 1  
			<SubMeshes>: 1
				<SubMesh>: 0 936 3 1 0 3 0 4 2 6 168 2 168 169 46 59 58 46 58 47 170 171 62 170 62 56 172 7 11 172 11 5 173 8 174 173 174 175 176 12 177 176 177 178 179 180 181 179 181 182 15 17 13 15 13 18 183 184 14 183 14 19 20 25 26 20 26 21 185 186 22 185 22 23 187 188 189 187 189 190 191 192 193 191 193 16 194 24 195 194 195 196 197 198 199 197 199 200 201 202 203 201 203 204 205 206 207 205 207 208 209 9 210 209 210 211 212 213 214 212 214 215 216 217 218 216 218 219 220 221 222 220 222 223 224 225 226 224 226 227 30 28 27 30 27 31 29 33 228 29 228 229 35 37 38 35 38 34 230 231 36 230 36 39 232 233 234 232 234 32 235 236 237 235 237 238 239 40 240 239 240 241 242 243 244 242 244 245 246 60 61 246 61 247 48 53 54 48 54 49 248 249 50 248 50 51 41 250 251 41 251 42 252 253 254 252 254 44 45 52 255 45 255 256 257 258 259 257 259 260 261 262 263 261 263 43 264 265 266 264 266 267 268 269 270 268 270 271 272 273 274 272 274 275 276 277 278 276 278 279 10 280 281 10 281 55 282 283 284 282 284 285 286 287 288 286 288 289 290 291 514 290 514 292 293 294 295 293 295 296 297 298 515 297 515 299 300 301 302 300 302 516 303 304 305 303 305 517 306 307 308 306 308 309 57 63 310 57 310 311 312 313 314 312 314 315 64 67 66 64 66 65 68 64 65 68 65 69 70 316 317 70 317 71 73 318 319 73 319 74 75 320 316 75 316 70 76 77 321 76 321 322 323 324 72 323 72 78 79 82 81 79 81 80 73 85 84 73 84 83 86 325 326 86 326 327 328 87 329 328 329 330 78 72 331 78 331 88 332 333 334 332 334 89 93 335 325 93 325 86 94 96 95 97 336 337 97 337 338 339 98 340 339 340 341 342 343 100 342 100 99 89 334 90 89 90 101 344 345 91 344 91 102 346 347 105 346 105 348 106 94 95 106 95 107 108 349 350 108 350 109 351 352 336 351 336 97 110 518 519 110 519 353 102 91 103 102 103 111 104 113 112 104 112 354 355 114 356 113 357 358 113 358 112 115 359 349 115 349 108 360 361 362 360 362 117 520 118 363 520 363 521 117 362 364 117 364 365 119 116 366 119 366 367 522 523 524 522 524 525 368 369 370 368 370 371 372 373 374 372 374 375 376 377 378 376 378 379 380 381 382 380 382 383 384 385 380 384 380 383 386 387 385 386 385 384 388 389 377 388 377 376 390 372 375 390 375 391 392 390 391 392 391 393 394 92 369 394 369 368 133 135 137 133 137 138 120 131 134 120 134 125 127 132 128 127 128 123 395 396 397 395 397 398 126 399 400 126 400 122 124 401 402 124 402 403 121 404 405 121 405 406 407 408 129 407 129 409 410 135 133 410 133 411 412 130 413 412 413 414 124 403 139 124 139 136 159 155 167 159 167 161 150 153 156 150 156 147 152 149 166 152 166 165 415 416 417 415 417 148 415 148 163 415 163 418 419 154 420 419 420 421 157 158 422 157 422 423 422 158 162 422 162 164 420 154 424 420 424 425 413 130 144 413 144 426 126 122 146 126 146 427 121 406 428 121 428 143 129 408 429 129 429 145 430 431 432 430 432 433 151 142 434 151 434 435 436 437 438 436 438 141 439 440 441 439 441 442 439 443 444 439 444 440 140 445 446 140 446 447 448 449 450 448 450 451 452 431 430 452 430 453 140 447 454 140 454 160 450 449 455 450 455 456 526 527 457 526 457 458 459 460 528 459 528 529 152 461 462 152 462 149 463 464 465 463 465 466 467 155 159 467 159 468 463 466 469 463 469 470 80 81 471 80 471 472 74 85 73 83 84 96 83 96 94 473 474 114 473 114 355 475 347 346 476 82 477 476 477 478 479 480 481 479 481 482 472 471 483 471 484 485 471 485 483 530 531 486 530 486 532 381 487 488 381 488 382 489 490 392 489 392 393 477 82 79 491 342 99 110 353 533 492 493 534 492 534 494 495 496 497 495 497 498 499 500 501 499 501 535 502 503 504 502 504 505 506 507 508 506 508 509 510 511 512 510 512 513  
		</Mesh>
		<Materials>: 1
			<Material>: 0
				<AlbedoColor>: 1 1 1 1
				<EmissiveColor>: 0 0 0 0
				<Glossiness>: 0.04
				<Metallic>: 0
				<SpecularHighlight>: 1
				<GlossyReflection>: 1
				<AlbedoMap>: BLD_Villa1_A
				<MetallicMap>: BLD_Villa1_MS
				<NormalMap>: BLD_Villa1_N
				<EmissionMap>: null
				<DetailAlbedoMap>: DET_Concrete1_A
				<DetailNormalMap>: DET_Concrete1_N
		</Materials>
		<Children>: 0
	</Frame>
</Hierarchy>
