<Hierarchy>:
	<Frame>: 0 5 Villa1_Wall_Int_A
		<Transform>: 0 0 0 0 0 0 1 1 1 0 0 0 1  
		<TransformMatrix>: 1 0 0 0 0 1 0 0 0 0 1 0 0 0 0 1  
		<BoxCollider>: 1 2 3.5 0 4 7.000001 0.6000006  
		<Mesh>: 56 Villa1_Wall_Int_A
			<Bounds>: 2 3.5 0 2 3.5 0.2000003
			<Positions>: 56 0 9.44932E-07 0.2 0 7.000001 0.2000003 4 9.44932E-07 0.2 4 7.000001 0.2000003 0 0.200001 0.2 4 0.200001 0.2 0 6.700001 0.2000003 4 6.700001 0.2000003 0 5.530001 0.2000002 4 5.530001 0.2000002 0 -8.742278E-09 -0.2 0 7 -0.2000003 4 -8.742278E-09 -0.2 4 7 -0.2000003 0 0.2 -0.2 4 0.2 -0.2 0 6.7 -0.2000003 4 6.7 -0.2000003 0 5.53 -0.2000002 4 5.53 -0.2000002 0 0.200001 0.2 0 5.530001 0.2000002 0 0.2 -0.2 4 6.700001 0.2000003 0 0.2 -0.2 0 -8.742278E-09 -0.2 0 0.200001 0.2 0 -8.742278E-09 -0.2 4 -8.742278E-09 -0.2 0 9.44932E-07 0.2 0 5.53 -0.2000002 4 7 -0.2000003 4 7.000001 0.2000003 4 -8.742278E-09 -0.2 4 0.2 -0.2 4 0.200001 0.2 4 9.44932E-07 0.2 4 0.2 -0.2 4 5.53 -0.2000002 4 5.530001 0.2000002 4 0.200001 0.2 4 6.7 -0.2000003 4 6.700001 0.2000003 4 7.000001 0.2000003 0 7.000001 0.2000003 0 7 -0.2000003 4 7 -0.2000003 4 6.7 -0.2000003 0 7 -0.2000003 0 6.7 -0.2000003 0 6.700001 0.2000003 0 7.000001 0.2000003 0 6.7 -0.2000003 0 6.700001 0.2000003 4 9.44932E-07 0.2 0 9.44932E-07 0.2  
			<Colors>: 0  
			<TextureCoords0>: 56 0.4672852 0.7998047 0.5185547 0.1362305 0.5 0.008789063 0.4780273 0.4511719 0.5991211 0.7890625 0.4003906 0.7890625 0.5991211 0.4648438 0.4003906 0.4648438 0.5991211 0.5234375 0.4003906 0.5234375 0.5991211 0.7998047 0.5322266 0.1362305 0.3999023 0.7998047 0.4960938 0.4511719 0.5991211 0.7895508 0.3999023 0.7895508 0.5996094 0.465332 0.4960938 0.4648438 0.3100586 0.8588867 0.4003906 0.5234375 0.01953125 0.8369141 0.3100586 0.8369141 0.01953125 0.8588867 0.4780273 0.4648438 0.4853516 0.7900391 0.4853516 0.7998047 0.4672852 0.7900391 0.4853516 0.152832 0.4853516 0.008789063 0.5 0.152832 0.5991211 0.5234375 0.5322266 0.001464844 0.5185547 0.001464844 0.4853516 0.7998047 0.4853516 0.7900391 0.4672852 0.7900391 0.4672852 0.7998047 0.01953125 0.8369141 0.3100586 0.8369141 0.3100586 0.8588867 0.01953125 0.8588867 0.3740234 0.8369141 0.3740234 0.8588867 0.4003906 0.4506836 0.5996094 0.4506836 0.5996094 0.4506836 0.4003906 0.4506836 0.4003906 0.465332 0.4960938 0.4511719 0.4960938 0.4648438 0.4780273 0.4648438 0.4780273 0.4511719 0.3740234 0.8588867 0.3740234 0.8369141 0.3999023 0.7998047 0.5991211 0.7998047  
			<TextureCoords1>: 56 0.7035332 0.9561151 0.403693 0.01707357 0.4036931 0.06095856 0.7035331 0.5085368 0.6835436 0.5046304 0.6835436 0.1048437 0.03389024 0.5046304 0.03389024 0.1048437 0.1508278 0.5046305 0.1508278 0.1048437 0.00390625 0.9522085 0.403693 0.05705231 0.003906404 0.5524217 0.703533 0.5485155 0.02389558 0.9522085 0.02389573 0.5524218 0.6735492 0.9522085 0.6735491 0.5485155 0.150828 0.9960938 0.5566116 0.552422 0.6835439 0.9561151 0.1508279 0.956115 0.683544 0.9960938 0.6735491 0.5085368 0.683544 0.9960938 0.7035334 0.9960938 0.6835439 0.9561151 0.00390625 0.1009372 0.4036931 0.1009372 0.003906258 0.06095856 0.5566114 0.9522088 0.00390625 0.05705231 0.003906256 0.01707357 0.00390625 0.5485154 0.0238956 0.5485154 0.02389573 0.5085368 0.00390639 0.5085368 0.0238956 0.5485154 0.5566114 0.5485154 0.5566115 0.5085368 0.02389573 0.5085368 0.6735491 0.5485155 0.6735491 0.5085368 0.00390626 0.1048436 0.00390625 0.5046303 0.7035331 0.9522085 0.7035333 0.5524217 0.6735493 0.5524217 0.003906331 0.9960938 0.03389031 0.9960937 0.03389025 0.956115 0.00390625 0.956115 0.03389031 0.9960937 0.03389025 0.956115 0.703533 0.1048435 0.7035329 0.5046303  
			<Normals>: 56 -1 0 0 0 1 0 0 -1 0 1 0 0 0 0 1 0 0 1 0 0 1 0 0 1 0 0 1 0 0 1 0 0 -1 0 1 0 0 0 -1 1 0 0 0 0 -1 0 0 -1 0 0 -1 1 0 0 -1 0 0 0 0 -1 -1 0 0 -1 0 0 -1 0 0 1 0 0 -1 0 0 -1 0 0 -1 0 0 0 -1 0 0 -1 0 0 -1 0 0 0 -1 0 1 0 0 1 0 1 0 0 1 0 0 1 0 0 1 0 0 1 0 0 1 0 0 1 0 0 1 0 0 1 0 0 1 0 0 0 0 1 0 0 1 0 0 -1 0 0 -1 0 0 -1 -1 0 0 -1 0 0 -1 0 0 -1 0 0 -1 0 0 -1 0 0 0 0 1 0 0 1  
			<Tangents>: 56 0 -2.384186E-06 -1 0 0 -1 0 0 1 0 -2.384182E-06 -1 -1 0 0 -1 0 0 -1 0 0 -1 0 0 -1 0 0 -1 0 0 -1 0 0 0 0 -1 -1 0 0 0 -2.384182E-06 -1 -1 0 0 -1 0 0 -1 0 0 0 -2.384182E-06 -1 0 1 2.17893E-08 -1 0 0 0 1 -4.059855E-08 0 1 2.903199E-08 0 1 -4.473144E-08 0 -2.384182E-06 -1 0 -2.384186E-06 -1 0 -2.384186E-06 -1 0 -2.384186E-06 -1 0 0 1 0 0 1 0 0 1 -1 0 0 0 0 -1 0 0 -1 0 -2.384186E-06 -1 0 -2.384186E-06 -1 0 -2.384186E-06 -1 0 -2.384186E-06 -1 0 1 4.059854E-08 0 1 -2.903206E-08 0 1 -2.178921E-08 0 1 4.473144E-08 0 1 -5.094414E-08 0 1 -2.957637E-08 -1 0 0 -1 0 0 -1 0 0 -1 0 0 -1 0 0 0 -2.384182E-06 -1 0 -2.384182E-06 -1 0 -2.384182E-06 -1 0 -2.384182E-06 -1 0 1 2.957641E-08 0 1 5.094414E-08 -1 0 0 -1 0 0  
			<BiTangents>: 56 0 1 -2.384186E-06 1 0 0 1 0 0 0 1 -2.384182E-06 0 1 0 0 1 0 0 1 0 0 1 0 0 1 0 0 1 0 0 1 0 1 0 0 0 1 0 0 1 -2.384182E-06 0 1 0 0 1 0 0 1 0 0 1 -2.384182E-06 0 -2.17893E-08 1 0 1 0 0 4.059855E-08 1 0 -2.903199E-08 1 0 4.473144E-08 1 0 1 -2.384182E-06 0 1 -2.384186E-06 0 1 -2.384186E-06 0 1 -2.384186E-06 1 0 0 1 0 0 1 0 0 0 1 0 1 0 0 1 0 0 0 1 -2.384186E-06 0 1 -2.384186E-06 0 1 -2.384186E-06 0 1 -2.384186E-06 0 4.059854E-08 -1 0 -2.903206E-08 -1 0 -2.178921E-08 -1 0 4.473144E-08 -1 0 -5.094414E-08 -1 0 -2.957637E-08 -1 0 1 0 0 1 0 0 1 0 0 1 0 0 1 0 0 1 -2.384182E-06 0 1 -2.384182E-06 0 1 -2.384182E-06 0 1 -2.384182E-06 0 -2.957641E-08 1 0 -5.094414E-08 1 0 1 0 0 1 0  
			<SubMeshes>: 1
				<SubMesh>: 0 108 5 9 8 5 8 4 14 15 12 14 12 10 8 9 7 8 7 6 20 21 18 20 18 22 17 13 3 17 3 23 24 25 0 24 0 26 27 28 2 27 2 29 15 14 30 15 30 19 31 11 1 31 1 32 33 34 35 33 35 36 37 38 39 37 39 40 38 41 42 38 42 39 7 43 44 7 44 6 45 46 47 45 47 16 48 49 50 48 50 51 30 16 47 30 47 19 52 18 21 52 21 53 54 5 4 54 4 55  
		</Mesh>
		<Materials>: 1
			<Material>: 0
				<AlbedoColor>: 1 1 1 1
				<EmissiveColor>: 0 0 0 0
				<Glossiness>: 0.04
				<Metallic>: 0
				<SpecularHighlight>: 1
				<GlossyReflection>: 1
				<AlbedoMap>: BLD_Villa1_A
				<MetallicMap>: BLD_Villa1_MS
				<NormalMap>: BLD_Villa1_N
				<EmissionMap>: null
				<DetailAlbedoMap>: DET_Concrete1_A
				<DetailNormalMap>: DET_Concrete1_N
		</Materials>
		<Children>: 0
	</Frame>
</Hierarchy>
