<Hierarchy>:
	<Frame>: 0 4 Villa2_Deco_WindowGlass_A
		<Transform>: 0 0 0 0 0 0 1 1 1 0 0 0 1  
		<TransformMatrix>: 1 0 0 0 0 1 0 0 0 0 1 0 0 0 0 1  
		<BoxCollider>: 1 0 0.0203321 0.001668165 1.655884 3.319551 0.1240569  
		<Mesh>: 48 Villa2_Deco_WindowGlass_A
			<Bounds>: 0 0.0203321 0.001668165 0.8279419 1.659775 0.06202845
			<Positions>: 48 0.8279419 -1.639443 0.06369661 0.8279419 0.4997379 0.06369651 0.8279419 -1.639443 0.03378949 0.8279419 0.4997379 0.0337894 -0.8279419 -1.639443 0.06369661 -0.8279419 0.4997379 0.06369651 -0.8279419 -1.639443 0.03378949 -0.8279419 0.4997379 0.0337894 0.8279419 -0.6184118 -0.03045307 0.8279419 1.680107 -0.03045317 0.8279419 -0.6184118 -0.06036018 0.8279419 1.680107 -0.06036028 -0.8279419 -0.6184118 -0.03045307 -0.8279419 1.680107 -0.03045317 -0.8279419 -0.6184118 -0.06036018 -0.8279419 1.680107 -0.06036028 0.8279419 0.4997379 0.0337894 0.8279419 -1.639443 0.03378949 -0.8279419 0.4997379 0.0337894 -0.8279419 -1.639443 0.03378949 -0.8279419 0.4997379 0.06369651 -0.8279419 -1.639443 0.06369661 0.8279419 -1.639443 0.06369661 0.8279419 0.4997379 0.06369651 0.8279419 -1.639443 0.06369661 -0.8279419 -1.639443 0.06369661 -0.8279419 -1.639443 0.03378949 0.8279419 -1.639443 0.03378949 -0.8279419 0.4997379 0.06369651 0.8279419 0.4997379 0.06369651 0.8279419 0.4997379 0.0337894 -0.8279419 0.4997379 0.0337894 0.8279419 1.680107 -0.06036028 0.8279419 -0.6184118 -0.06036018 -0.8279419 1.680107 -0.06036028 -0.8279419 -0.6184118 -0.06036018 -0.8279419 1.680107 -0.03045317 -0.8279419 -0.6184118 -0.03045307 0.8279419 -0.6184118 -0.03045307 0.8279419 1.680107 -0.03045317 0.8279419 -0.6184118 -0.03045307 -0.8279419 -0.6184118 -0.03045307 -0.8279419 -0.6184118 -0.06036018 0.8279419 -0.6184118 -0.06036018 -0.8279419 1.680107 -0.03045317 0.8279419 1.680107 -0.03045317 0.8279419 1.680107 -0.06036028 -0.8279419 1.680107 -0.06036028  
			<Colors>: 0  
			<TextureCoords0>: 48 0.002792288 0.9881371 0.002792288 -0.2687535 0.002792288 0.9881371 0.002792288 -0.2687535 0.9757174 0.9881371 0.9757174 -0.2687535 0.9757174 0.9881371 0.9757174 -0.2687535 0.002792299 1.620568 0.002792299 0.2700588 0.002792299 1.620568 0.002792299 0.2700588 0.9757173 1.620568 0.9757173 0.2700588 0.9757173 1.620568 0.9757173 0.2700588 0.002792288 -0.2687535 0.002792288 0.9881371 0.9757174 -0.2687535 0.9757174 0.9881371 0.9757174 -0.2687535 0.9757174 0.9881371 0.002792288 0.9881371 0.002792288 -0.2687535 0.002792288 0.9881371 0.9757174 0.9881371 0.9757174 0.9881371 0.002792288 0.9881371 0.9757174 -0.2687535 0.002792288 -0.2687535 0.002792288 -0.2687535 0.9757174 -0.2687535 0.002792299 0.2700588 0.002792299 1.620568 0.9757173 0.2700588 0.9757173 1.620568 0.9757173 0.2700588 0.9757173 1.620568 0.002792299 1.620568 0.002792299 0.2700588 0.002792299 1.620568 0.9757173 1.620568 0.9757173 1.620568 0.002792299 1.620568 0.9757173 0.2700588 0.002792299 0.2700588 0.002792299 0.2700588 0.9757173 0.2700588  
			<TextureCoords1>: 48 0.5138295 0.9895097 0.9847683 0.9895097 0.5138295 0.9960938 0.9847682 0.9960938 0.4748449 0.231634 0.003906254 0.231634 0.5138294 0.9856035 0.9847682 0.9856035 0.003906254 0.9895097 0.5099232 0.9895097 0.00390625 0.9960938 0.5099232 0.9960938 0.509923 0.2421243 0.003906254 0.2421243 0.00390625 0.9856035 0.5099231 0.9856035 0.9847682 0.6210622 0.5138295 0.6210622 0.00390625 0.238218 0.4748448 0.238218 0.5138294 0.6171559 0.9847682 0.6171559 0.9847682 0.2526146 0.5138295 0.2526146 0.3684474 0.2106534 0.003906254 0.2106534 0.00390625 0.2172374 0.3684474 0.2172374 0.3684476 0.2211437 0.003906254 0.2211437 0.00390625 0.2277277 0.3684476 0.2277277 0.5099232 0.6210622 0.003906312 0.6210622 0.00390625 0.2487083 0.509923 0.2487082 0.00390625 0.6171559 0.5099231 0.6171559 0.5099232 0.2526146 0.003906312 0.2526146 0.3684474 0.2001631 0.003906254 0.2001631 0.00390625 0.2067472 0.3684474 0.2067472 0.3684474 0.1896728 0.003906254 0.1896728 0.00390625 0.1962569 0.3684474 0.1962569  
			<Normals>: 48 0.7071068 -0.7071068 0 0.7071068 0.7071068 0 0.7071068 -0.7071068 0 0.7071068 0.7071068 0 -0.7071068 -0.7071068 0 -0.7071068 0.7071068 0 0 0 -1 0 0 -1 0.7071068 -0.7071068 0 0.7071068 0.7071068 0 0.7071068 -0.7071068 0 0.7071068 0.7071068 0 -0.7071068 -0.7071068 0 -0.7071068 0.7071068 0 0 0 -1 0 0 -1 0 0 -1 0 0 -1 -0.7071068 0.7071068 0 -0.7071068 -0.7071068 0 0 0 1 0 0 1 0 0 1 0 0 1 0.7071068 -0.7071068 0 -0.7071068 -0.7071068 0 -0.7071068 -0.7071068 0 0.7071068 -0.7071068 0 -0.7071068 0.7071068 0 0.7071068 0.7071068 0 0.7071068 0.7071068 0 -0.7071068 0.7071068 0 0 0 -1 0 0 -1 -0.7071068 0.7071068 0 -0.7071068 -0.7071068 0 0 0 1 0 0 1 0 0 1 0 0 1 0.7071068 -0.7071068 0 -0.7071068 -0.7071068 0 -0.7071068 -0.7071068 0 0.7071068 -0.7071068 0 -0.7071068 0.7071068 0 0.7071068 0.7071068 0 0.7071068 0.7071068 0 -0.7071068 0.7071068 0  
			<Tangents>: 48 0 0 1 0 0 1 0 0 1 0 0 1 0 0 1 0 0 1 -1 0 0 -1 0 0 0 0 1 0 0 1 0 0 1 0 0 1 0 0 1 0 0 1 -1 0 0 -1 0 0 -1 0 0 -1 0 0 0 0 1 0 0 1 -1 0 0 -1 0 0 -1 0 0 -1 0 0 0 0 1 0 0 1 0 0 1 0 0 1 0 0 1 0 0 1 0 0 1 0 0 1 -1 0 0 -1 0 0 0 0 1 0 0 1 -1 0 0 -1 0 0 -1 0 0 -1 0 0 0 0 1 0 0 1 0 0 1 0 0 1 0 0 1 0 0 1 0 0 1 0 0 1  
			<BiTangents>: 48 0.7071068 0.7071068 0 0.7071068 -0.7071068 0 0.7071068 0.7071068 0 0.7071068 -0.7071068 0 0.7071068 -0.7071068 0 0.7071068 0.7071068 0 0 1 0 0 1 0 0.7071068 0.7071068 0 0.7071068 -0.7071068 0 0.7071068 0.7071068 0 0.7071068 -0.7071068 0 0.7071068 -0.7071068 0 0.7071068 0.7071068 0 0 1 0 0 1 0 0 1 0 0 1 0 0.7071068 0.7071068 0 0.7071068 -0.7071068 0 0 1 0 0 1 0 0 1 0 0 1 0 0.7071068 0.7071068 0 0.7071068 -0.7071068 0 0.7071068 -0.7071068 0 0.7071068 0.7071068 0 0.7071068 0.7071068 0 0.7071068 -0.7071068 0 0.7071068 -0.7071068 0 0.7071068 0.7071068 0 0 1 0 0 1 0 0.7071068 0.7071068 0 0.7071068 -0.7071068 0 0 1 0 0 1 0 0 1 0 0 1 0 0.7071068 0.7071068 0 0.7071068 -0.7071068 0 0.7071068 -0.7071068 0 0.7071068 0.7071068 0 0.7071068 0.7071068 0 0.7071068 -0.7071068 0 0.7071068 -0.7071068 0 0.7071068 0.7071068 0  
			<SubMeshes>: 1
				<SubMesh>: 0 72 1 0 2 1 2 3 16 17 6 16 6 7 18 19 4 18 4 5 20 21 22 20 22 23 24 25 26 24 26 27 28 29 30 28 30 31 9 8 10 9 10 11 32 33 14 32 14 15 34 35 12 34 12 13 36 37 38 36 38 39 40 41 42 40 42 43 44 45 46 44 46 47  
		</Mesh>
		<Materials>: 1
			<Material>: 0
				<AlbedoColor>: 1 1 1 0.3921569
				<EmissiveColor>: 0 0 0 1
				<Glossiness>: 1
				<Metallic>: 0
				<SpecularHighlight>: 1
				<GlossyReflection>: 1
				<AlbedoMap>: BLD_WindowGlass1_A
				<MetallicMap>: BLD_WindowGlass1_MS
				<NormalMap>: BLD_WindowGlass1_N
				<EmissionMap>: null
				<DetailAlbedoMap>: DET_Concrete1_A
				<DetailNormalMap>: null
		</Materials>
		<Children>: 0
	</Frame>
</Hierarchy>
