<Hierarchy>:
	<Frame>: 0 5 Villa1_Wall_Mid_A
		<Transform>: 0 0 0 0 0 0 1 1 1 0 0 0 1  
		<TransformMatrix>: 1 0 0 0 0 1 0 0 0 0 1 0 0 0 0 1  
		<BoxCollider>: 1 2.000004 3.5 -0.008426666 4.000008 7 0.5742189  
		<Mesh>: 611 Villa1_Wall_Mid_A
			<Bounds>: 2.000003 3.5 0.01907144 2.000004 3.5 0.4088163
			<Positions>: 611 2.8148 4.038602 0.06029789 1.178136 4.038602 0.06029789 2.913113 2.485166 0.06029795 1.079824 2.485166 0.06029795 1.079824 4.139035 0.06029789 2.913113 4.139035 0.06029789 2.8148 2.566517 0.06029795 1.178136 2.566517 0.06029795 2.8148 4.038602 -0.03970214 1.178136 4.038602 -0.03970214 2.913113 2.485166 -0.03969897 1.079824 2.485166 -0.03969897 1.079824 4.139035 -0.03970214 2.913113 4.139035 -0.03970214 2.8148 2.566517 -0.03970207 1.178136 2.566517 -0.03970207 2.8148 0.9739755 -0.03970198 1.178136 0.9739755 -0.03970198 2.913113 2.485166 -0.03970205 1.079824 2.485166 -0.03970205 1.178136 2.403815 -0.03970204 2.8148 2.403815 -0.03970204 2.913113 0.8735422 -0.03970198 1.079824 0.8735422 -0.03970198 2.8148 0.9739755 -0.139702 1.178136 0.9739755 -0.139702 2.913113 2.485166 -0.139699 1.079824 2.485166 -0.139699 1.178136 2.403815 -0.1397021 2.8148 2.403815 -0.1397021 2.913113 0.8735422 -0.1396989 1.079824 0.8735422 -0.139702 0.2000003 5.59 0.1999997 0.2000003 9.536743E-07 0.1999999 -3.890991E-07 5.59 0.1999997 -3.890991E-07 9.536743E-07 0.1999999 0.1648729 9.536743E-07 0.3 0.1829671 9.536743E-07 0.2851663 0.1829671 5.59 0.2851661 0.1648729 5.59 0.2999998 0.01703287 9.536743E-07 0.2851663 0.03512705 9.536743E-07 0.3 0.03512705 5.59 0.2999998 0.01703288 5.59 0.2851661 3.192699 4.274652 -0.3507977 3.192699 4.287309 -0.363455 3.192699 4.323365 -0.363455 3.192699 4.336022 -0.3507977 0.8122563 4.287309 -0.363455 0.8122563 4.274652 -0.3507977 0.8122563 4.336022 -0.3507977 0.8122563 4.323365 -0.363455 3.192699 4.380046 -0.3507977 3.192699 4.392704 -0.363455 3.192699 4.428759 -0.363455 3.192699 4.441416 -0.3507977 0.8122563 4.392704 -0.363455 0.8122563 4.380046 -0.3507977 0.8122563 4.441416 -0.3507977 0.8122563 4.428759 -0.363455 3.192699 4.274652 0.3469205 3.192699 4.287309 0.3595778 3.192699 4.323364 0.3595778 3.192699 4.336021 0.3469205 0.8122562 4.287309 0.3595778 0.8122562 4.274652 0.3469205 0.8122562 4.336021 0.3469205 0.8122562 4.323364 0.3595778 3.192699 4.380046 0.3469205 3.192699 4.392703 0.3595778 3.192699 4.428759 0.3595778 3.192699 4.441416 0.3469205 0.8122562 4.392703 0.3595778 0.8122562 4.380046 0.3469205 0.8122562 4.441416 0.3469205 0.8122562 4.428759 0.3595778 2.971249 4.117316 0.2202395 3.156697 4.432609 0.3275541 3.156697 4.432609 -0.003127708 3.156697 4.303356 0.3275541 1.999999 4.117316 0.2202395 1.028751 4.117316 0.2202395 0.8433033 4.432609 0.3275541 0.8433033 4.432609 -0.003127708 0.8433033 4.303356 0.3275541 0.8433033 4.303356 -0.003127701 2 4.303356 0.3275541 2 4.432609 0.3275541 0 8.742278E-09 0.2 0 7 0.1999997 4 8.742278E-09 0.2 4 7 0.1999997 1.1 8.742278E-09 0.2 2.9 8.742278E-09 0.2 2.9 7 0.1999997 1.1 7 0.1999997 0 0.8000001 0.2 4 0.8000001 0.2 2.9 0.8000001 0.2 1.1 0.8000001 0.2 1.1 4.1 0.1999998 0 4.1 0.1999998 4 4.1 0.1999998 2.9 4.1 0.1999998 0 -8.742278E-09 -0.2 0 7 -0.2000003 4 -8.742278E-09 -0.2 4 7 -0.2000003 1.1 -8.742278E-09 -0.2 2.9 -8.742278E-09 -0.2 2.9 7 -0.2000003 1.1 7 -0.2000003 0 0.8000001 -0.2 4 0.8000001 -0.2 2.9 0.8000001 -0.2 1.1 0.8000001 -0.2 1.1 4.1 -0.2000002 0 4.1 -0.2000002 4 4.1 -0.2000002 2.9 4.1 -0.2000002 -2.384186E-07 6.999999 0.1730058 -1.223297E-07 5.526035 0.1730058 4 5.526035 0.1730068 4.000007 6.999999 0.1730068 -1.592562E-07 6.707801 0.3278868 4.000006 6.707801 0.3278877 -1.223297E-07 6.707801 0.1730058 4.000006 6.707801 0.1730068 -2.384186E-07 6.999999 0.4278868 4.000007 6.999999 0.4278877 -1.83098E-07 6.742151 0.4278868 4.000006 6.742151 0.4278877 -1.592562E-07 5.617712 0.3278868 -1.373989E-07 5.526035 0.2362106 4 5.526035 0.2362115 4.000001 5.617711 0.3278877 2.966617 0.7829974 0.3102549 2.966617 0.7829973 -0.3897448 1.055418 0.7829973 -0.3897448 1.055418 0.7829974 0.3102549 4.000002 5.935729 0.3278877 -1.592562E-07 5.935729 0.3278868 -1.592562E-07 6.022936 0.3278868 4.000002 6.022936 0.3278877 4.000002 6.009855 0.3778877 4.000002 5.94881 0.3778877 -2.384186E-07 5.94881 0.3778868 -2.384186E-07 6.009855 0.3778868 -2.33294E-07 6.9871 0.1730058 4.000007 6.9871 0.1730068 -2.359765E-07 6.988616 0.4278868 4.000007 6.988616 0.4278877 -1.335478E-07 6.736037 0.1730058 4.000006 6.736037 0.1730068 -1.884438E-07 6.767068 0.4278868 4.000006 6.767068 0.4278877 -1.592562E-07 6.678991 0.3278868 4.000006 6.678991 0.3278877 4.000002 6.038123 0.3278877 -1.592562E-07 6.038123 0.3278868 4.000002 5.913959 0.3278877 -1.592562E-07 5.913959 0.3278868 4.000001 5.630883 0.3278877 -1.592562E-07 5.630883 0.3278868 4 5.540728 0.2509044 -1.409019E-07 5.540728 0.2509034 2.966617 0.8750821 0.3102549 2.966617 0.8869976 0.2983394 2.966617 0.8869976 -0.3778294 2.966617 0.8750821 -0.3897448 1.055418 0.8750821 -0.3897448 1.055418 0.8869976 -0.3778294 1.055418 0.8869976 0.2983394 1.055418 0.8750821 0.3102549 3.156697 4.316411 0.3275541 0.8433033 4.316411 0.3275541 0.8433033 4.316411 -0.003127701 2 4.316411 0.3275541 0 0.2000001 0.2 4 0.2000001 0.2 2.9 0.2000001 0.2 1.1 0.2000001 0.2 0 0.2 -0.2 4 0.2 -0.2 2.9 0.2 -0.2 1.1 0.2 -0.2 0 -1.619286E-08 -0.3 4 -1.619286E-08 -0.3 1.1 -1.619286E-08 -0.3 2.9 -1.619286E-08 -0.3 0 0.1822654 -0.3 0 0.2 -0.2822654 4 0.2 -0.2822654 4 0.1822654 -0.3 2.9 0.2 -0.2822654 2.9 0.1822654 -0.3 1.1 0.1822654 -0.3 1.1 0.2 -0.2822654 1.1 6.7 0.1999997 0 6.7 0.1999997 4 6.7 0.1999997 2.9 6.7 0.1999997 1.1 6.7 -0.2000003 0 6.7 -0.2000003 4 6.7 -0.2000003 2.9 6.7 -0.2000003 1.1 7 -0.3000003 2.9 7 -0.3000003 0 7 -0.3000003 4 7 -0.3000003 0 5.53 0.1999998 4 5.53 0.1999998 2.9 5.53 0.1999998 0 5.53 -0.2000002 4 5.53 -0.2000002 2.9 5.53 -0.2000002 1.1 5.53 0.1999998 1.1 5.53 -0.2000002 1.1 6.810154 -0.3000003 1.1 6.79282 -0.2928205 0 6.79282 -0.2928205 0 6.810154 -0.3000003 4 6.810154 -0.3000003 4 6.79282 -0.2928205 2.9 6.79282 -0.2928205 2.9 6.810154 -0.3000003 2.971249 4.117316 -0.2264949 2.971249 4.117316 -0.003127693 3.156697 4.432609 -0.3338095 3.156697 4.303356 -0.3338094 3.156697 4.303356 -0.003127701 1.999999 4.117316 -0.2264949 1.999999 4.117316 -0.003127693 1.028751 4.117316 -0.2264949 1.028751 4.117316 -0.003127693 0.8433033 4.432609 -0.3338095 0.8433033 4.303356 -0.3338094 2 4.303356 -0.3338094 2 4.432609 -0.3338095 3.156697 4.316411 -0.3338094 3.156697 4.316411 -0.003127701 0.8433033 4.316411 -0.3338094 2 4.316411 -0.3338094 2.957096 4.117316 0.2202395 3.139842 4.303356 0.3275541 3.139842 4.432609 0.3275541 3.139842 4.316411 0.3275541 2.957096 4.117316 -0.2264949 2.957096 4.117316 -0.003127693 3.139842 4.303356 -0.3338094 3.139842 4.432609 -0.3338095 3.139842 4.316411 -0.3338094 0.8717158 4.303356 0.3275541 0.8717158 4.432609 0.3275541 1.052609 4.117316 0.2202395 0.8717158 4.316411 0.3275541 0.8717158 4.303356 -0.3338094 0.8717158 4.432609 -0.3338095 1.052609 4.117316 -0.2264949 1.052609 4.117316 -0.003127693 0.8717158 4.316411 -0.3338094 2.913113 4.139035 0.06029789 2.8148 4.038602 0.06029789 2.913113 2.485166 0.06029795 2.8148 2.566517 0.06029795 1.079824 2.485166 0.06029795 1.178136 2.566517 0.06029795 1.178136 4.038602 0.06029789 1.079824 4.139035 0.06029789 2.8148 4.038602 -0.03970214 2.913113 4.139035 -0.03970214 2.8148 2.566517 -0.03970207 2.913113 2.485166 -0.03969897 1.178136 2.566517 -0.03970207 1.079824 2.485166 -0.03969897 1.079824 4.139035 -0.03970214 1.178136 4.038602 -0.03970214 2.8148 4.038602 0.06029789 2.8148 4.038602 -0.03970214 2.8148 2.566517 -0.03970207 2.8148 2.566517 0.06029795 1.178136 4.038602 0.06029789 1.178136 4.038602 -0.03970214 2.8148 4.038602 -0.03970214 2.8148 4.038602 0.06029789 1.178136 2.566517 0.06029795 1.178136 2.566517 -0.03970207 1.178136 4.038602 -0.03970214 1.178136 4.038602 0.06029789 2.8148 2.566517 0.06029795 2.8148 2.566517 -0.03970207 1.178136 2.566517 -0.03970207 1.178136 2.566517 0.06029795 1.079824 2.485166 0.06029795 1.079824 2.485166 -0.03969897 2.913113 2.485166 -0.03969897 2.913113 2.485166 0.06029795 2.913113 2.485166 -0.03970205 2.8148 2.403815 -0.03970204 2.913113 0.8735422 -0.03970198 2.8148 0.9739755 -0.03970198 1.079824 0.8735422 -0.03970198 1.178136 0.9739755 -0.03970198 1.178136 2.403815 -0.03970204 1.079824 2.485166 -0.03970205 2.8148 2.403815 -0.1397021 2.913113 2.485166 -0.139699 2.8148 0.9739755 -0.139702 2.913113 0.8735422 -0.1396989 1.178136 0.9739755 -0.139702 1.079824 0.8735422 -0.139702 1.079824 2.485166 -0.139699 1.178136 2.403815 -0.1397021 2.8148 0.9739755 -0.03970198 2.8148 0.9739755 -0.139702 1.178136 0.9739755 -0.139702 1.178136 0.9739755 -0.03970198 1.178136 0.9739755 -0.03970198 1.178136 0.9739755 -0.139702 1.178136 2.403815 -0.1397021 1.178136 2.403815 -0.03970204 2.8148 2.403815 -0.03970204 2.8148 2.403815 -0.1397021 2.8148 0.9739755 -0.139702 2.8148 0.9739755 -0.03970198 1.178136 2.403815 -0.03970204 1.178136 2.403815 -0.1397021 2.8148 2.403815 -0.1397021 2.8148 2.403815 -0.03970204 1.079824 2.485166 -0.03970205 2.913113 2.485166 -0.03970205 2.913113 2.485166 -0.139699 1.079824 2.485166 -0.139699 0.01703287 9.536743E-07 0.2851663 -3.890991E-07 9.536743E-07 0.1999999 0.03512705 9.536743E-07 0.3 0.1648729 9.536743E-07 0.3 0.1648729 9.536743E-07 0.3 0.1829671 9.536743E-07 0.2851663 0.1648729 5.59 0.2999998 0.03512705 5.59 0.2999998 0.03512705 9.536743E-07 0.3 0.2000003 9.536743E-07 0.1999999 3.192699 4.323365 -0.363455 3.192699 4.287309 -0.363455 3.192699 4.336022 -0.3507977 3.192699 4.323365 -0.363455 0.8122563 4.323365 -0.363455 3.192699 4.274652 -0.3507977 0.8122563 4.287309 -0.363455 3.192699 4.287309 -0.363455 3.192699 4.428759 -0.363455 3.192699 4.392704 -0.363455 3.192699 4.441416 -0.3507977 3.192699 4.428759 -0.363455 0.8122563 4.428759 -0.363455 3.192699 4.380046 -0.3507977 0.8122563 4.392704 -0.363455 3.192699 4.392704 -0.363455 0.8122563 4.274652 -0.3507977 0.8122563 4.287309 -0.363455 0.8122563 4.323365 -0.363455 0.8122563 4.336022 -0.3507977 0.8122562 4.323364 0.3595778 0.8122562 4.287309 0.3595778 3.192699 4.287309 0.3595778 3.192699 4.323364 0.3595778 0.8122563 4.274652 -0.3507977 3.192699 4.274652 -0.3507977 3.192699 4.274652 0.3469205 0.8122562 4.274652 0.3469205 0.8122562 4.336021 0.3469205 0.8122562 4.323364 0.3595778 3.192699 4.323364 0.3595778 3.192699 4.336021 0.3469205 3.192699 4.274652 0.3469205 3.192699 4.287309 0.3595778 0.8122562 4.287309 0.3595778 0.8122562 4.274652 0.3469205 3.192699 4.336022 -0.3507977 0.8122563 4.336022 -0.3507977 0.8122562 4.336021 0.3469205 3.192699 4.336021 0.3469205 0.8122563 4.380046 -0.3507977 0.8122563 4.392704 -0.363455 0.8122563 4.428759 -0.363455 0.8122563 4.441416 -0.3507977 0.8122562 4.428759 0.3595778 0.8122562 4.392703 0.3595778 3.192699 4.392703 0.3595778 3.192699 4.428759 0.3595778 0.8122563 4.380046 -0.3507977 3.192699 4.380046 -0.3507977 3.192699 4.380046 0.3469205 0.8122562 4.380046 0.3469205 0.8122562 4.441416 0.3469205 0.8122562 4.428759 0.3595778 3.192699 4.428759 0.3595778 3.192699 4.441416 0.3469205 3.192699 4.380046 0.3469205 3.192699 4.392703 0.3595778 0.8122562 4.392703 0.3595778 0.8122562 4.380046 0.3469205 3.192699 4.441416 -0.3507977 0.8122563 4.441416 -0.3507977 0.8122562 4.441416 0.3469205 3.192699 4.441416 0.3469205 0 4.1 0.1999998 0 4.1 -0.2000002 4 6.7 -0.2000003 4 7 -0.2000003 0 0.2000001 0.2 0 0.2 -0.2 0 8.742278E-09 0.2 4 0.2000001 0.2 4 0.2 -0.2 4 0.8000001 -0.2 4 0.8000001 0.2 1.1 8.742278E-09 0.2 2.9 8.742278E-09 0.2 1.1 7 0.1999997 0 7 0.1999997 4 8.742278E-09 0.2 0 8.742278E-09 0.2 0 -8.742278E-09 -0.2 4 7 0.1999997 4 7 -0.2000003 0 0.8000001 -0.2 0 0.8000001 0.2 4 4.1 -0.2000002 4 4.1 0.1999998 2.9 4.1 0.1999998 2.9 4.1 -0.2000002 2.9 0.8000001 -0.2 2.9 0.8000001 0.2 2.9 0.8000001 0.2 2.9 0.8000001 -0.2 1.1 0.8000001 -0.2 1.1 0.8000001 0.2 1.1 0.8000001 0.2 1.1 0.8000001 -0.2 1.1 4.1 -0.2000002 1.1 4.1 0.1999998 1.1 4.1 0.1999998 1.1 4.1 -0.2000002 2.9 4.1 -0.2000002 2.9 4.1 0.1999998 -1.592562E-07 6.707801 0.3278868 -1.83098E-07 6.742151 0.4278868 4.000006 6.707801 0.3278877 4 5.526035 0.2362115 -1.373989E-07 5.526035 0.2362106 -1.223297E-07 5.526035 0.1730058 4 5.526035 0.1730068 4.000007 6.988616 0.4278877 4.000007 6.999999 0.4278877 -2.384186E-07 6.999999 0.4278868 -2.359765E-07 6.988616 0.4278868 4 5.540728 0.2509044 4.000001 5.617711 0.3278877 -1.592562E-07 5.617712 0.3278868 -1.409019E-07 5.540728 0.2509034 4.000006 6.678991 0.3278877 4.000006 6.707801 0.3278877 -1.592562E-07 6.707801 0.3278868 -1.592562E-07 6.678991 0.3278868 1.055418 0.8869976 -0.3778294 1.055418 0.8869976 0.2983394 2.966617 0.8869976 0.2983394 2.966617 0.8869976 -0.3778294 2.966617 0.7829974 0.3102549 1.055418 0.7829974 0.3102549 1.055418 0.7829973 -0.3897448 2.966617 0.7829973 -0.3897448 2.966617 0.8750821 -0.3897448 2.966617 0.7829973 -0.3897448 1.055418 0.7829973 -0.3897448 1.055418 0.8750821 -0.3897448 4.000002 5.913959 0.3278877 4.000002 5.935729 0.3278877 -1.592562E-07 5.935729 0.3278868 -1.592562E-07 5.913959 0.3278868 -1.592562E-07 6.022936 0.3278868 4.000002 6.022936 0.3278877 4.000002 6.009855 0.3778877 -2.384186E-07 6.009855 0.3778868 -2.384186E-07 5.94881 0.3778868 -2.384186E-07 6.009855 0.3778868 4.000002 5.935729 0.3278877 4.000002 5.94881 0.3778877 -2.384186E-07 5.94881 0.3778868 -1.592562E-07 5.935729 0.3278868 4.000002 6.009855 0.3778877 4.000002 5.94881 0.3778877 4.000006 6.767068 0.4278877 -1.884438E-07 6.767068 0.4278868 4.000007 6.999999 0.1730068 -2.384186E-07 6.999999 0.1730058 -2.384186E-07 6.999999 0.4278868 4.000007 6.999999 0.4278877 4.000006 6.742151 0.4278877 4.000006 6.742151 0.4278877 -1.83098E-07 6.742151 0.4278868 4.000002 6.038123 0.3278877 -1.592562E-07 6.038123 0.3278868 4.000002 6.022936 0.3278877 -1.592562E-07 6.022936 0.3278868 4.000001 5.630883 0.3278877 -1.592562E-07 5.630883 0.3278868 4.000001 5.617711 0.3278877 -1.592562E-07 5.617712 0.3278868 4 5.526035 0.2362115 -1.373989E-07 5.526035 0.2362106 2.966617 0.8750821 -0.3897448 1.055418 0.8750821 -0.3897448 1.055418 0.8750821 0.3102549 2.966617 0.8750821 0.3102549 1.055418 0.8750821 0.3102549 1.055418 0.7829974 0.3102549 2.966617 0.7829974 0.3102549 2.966617 0.8750821 0.3102549 4 8.742278E-09 0.2 4 -8.742278E-09 -0.2 0 -8.742278E-09 -0.2 0 0.2 -0.2 4 -8.742278E-09 -0.2 4 0.2 -0.2 1.1 0.2 -0.2 0 0.2 -0.2822654 0 0.2 -0.2 2.9 0.2 -0.2 0 -1.619286E-08 -0.3 1.1 -1.619286E-08 -0.3 2.9 -1.619286E-08 -0.3 4 -1.619286E-08 -0.3 4 0.1822654 -0.3 4 -1.619286E-08 -0.3 4 0.2 -0.2 4 0.2 -0.2822654 1.1 0.2 -0.2822654 2.9 0.2 -0.2822654 0 0.1822654 -0.3 0 0.2 -0.2822654 4 0.2 -0.2822654 0 -1.619286E-08 -0.3 2.9 7 0.1999997 4 5.53 0.1999998 4 6.7 -0.2000003 4 5.53 -0.2000002 0 5.53 -0.2000002 0 7 0.1999997 0 7 -0.2000003 0 6.7 -0.2000003 0 6.7 0.1999997 4 7 0.1999997 4 6.7 0.1999997 1.1 5.53 0.1999998 0 5.53 0.1999998 0 6.7 -0.2000003 0 7 -0.2000003 0 6.810154 -0.3000003 0 7 -0.3000003 0 6.79282 -0.2928205 4 6.79282 -0.2928205 4 7 -0.3000003 4 6.810154 -0.3000003 4 7 -0.3000003 2.9 7 -0.3000003 1.1 7 -0.3000003 0 7 -0.3000003 0 5.53 0.1999998 2.9 5.53 0.1999998 4 5.53 0.1999998 2.971249 4.117316 -0.2264949 2.971249 4.117316 -0.003127693 1.052609 4.117316 0.2202395 1.028751 4.117316 -0.003127693 1.028751 4.117316 0.2202395 2.957096 4.117316 -0.2264949 1.028751 4.117316 -0.2264949 1.052609 4.117316 -0.2264949 2.957096 4.117316 0.2202395 2.971249 4.117316 0.2202395 1.999999 4.117316 0.2202395 3.156697 4.432609 -0.3338095 3.156697 4.316411 -0.3338094 3.156697 4.303356 -0.3338094 2.971249 4.117316 -0.2264949 1.999999 4.117316 -0.2264949 3.156697 4.432609 0.3275541 3.156697 4.316411 0.3275541 3.156697 4.303356 0.3275541 2.971249 4.117316 0.2202395 0.8433033 4.432609 -0.3338095 0.8433033 4.316411 -0.3338094 0.8433033 4.303356 -0.3338094 1.028751 4.117316 -0.2264949 0.8433033 4.432609 0.3275541 0.8433033 4.316411 0.3275541 0.8433033 4.303356 0.3275541 1.028751 4.117316 0.2202395 1.1 7 0.1999997 1.1 7 -0.2000003 1.1 -8.742278E-09 -0.2 1.1 8.742278E-09 0.2 1.1 -1.619286E-08 -0.3 0 6.7 -0.2000003 1.1 6.7 -0.2000003 2.9 6.7 -0.2000003 4 6.7 -0.2000003 1.1 7 -0.3000003  
			<Colors>: 0  
			<TextureCoords0>: 611 0.3701172 0.9248047 0.5097656 0.9248047 0.3623047 0.9155273 0.3652344 0.9423828 0.5170898 0.9155273 0.3623047 0.9155273 0.3696289 0.9248047 0.3740234 0.9345703 0.3701172 0.9345703 0.5097656 0.9345703 0.3623047 0.9428711 0.3652344 0.9174805 0.5170898 0.9428711 0.3623047 0.9428711 0.3696289 0.9345703 0.3740234 0.9248047 0.3710938 0.9248047 0.5097656 0.9345703 0.3652344 0.9174805 0.5244141 0.9174805 0.515625 0.9248047 0.3740234 0.9248047 0.3618164 0.9155273 0.5170898 0.9428711 0.3710938 0.9345703 0.5097656 0.9248047 0.3652344 0.9423828 0.5244141 0.9423828 0.515625 0.9345703 0.3740234 0.9345703 0.3618164 0.9428711 0.5170898 0.9155273 0.3959961 0.7763672 0.02685547 0.7133789 0.3959961 0.7890625 0.1533203 0.7890625 0.1533203 0.78125 0.02734375 0.7114258 0.3959961 0.7797852 0.3959961 0.78125 0.1533203 0.7866211 0.1533203 0.7851563 0.3959961 0.7851563 0.3959961 0.7866211 0.2836914 0.9946289 0.2841797 0.9936523 0.2841797 0.9921875 0.2836914 0.9912109 0.3222656 0.9936523 0.3222656 0.9946289 0.3222656 0.9912109 0.3222656 0.9916992 0.2836914 0.9946289 0.2841797 0.9936523 0.2841797 0.9921875 0.2836914 0.9912109 0.3222656 0.9936523 0.3222656 0.9946289 0.3222656 0.9912109 0.3222656 0.9916992 0.2456055 0.9946289 0.2446289 0.9936523 0.2446289 0.9921875 0.2456055 0.9912109 0.2446289 0.9936523 0.2456055 0.9946289 0.2456055 0.9912109 0.2446289 0.9921875 0.2456055 0.9946289 0.2446289 0.9936523 0.2446289 0.9921875 0.2456055 0.9912109 0.2446289 0.9936523 0.2456055 0.9946289 0.2456055 0.9912109 0.2446289 0.9921875 0.1552734 0.4931641 0.4467773 0.800293 0.4716797 0.800293 0.4467773 0.8100586 0.4204102 0.9814453 0.2592773 0.4931641 0.4467773 0.800293 0.4716797 0.800293 0.4467773 0.8100586 0.4716797 0.8100586 0.4204102 0.9716797 0.4204102 0.965332 0.3007813 0.7988281 0.2500442 0.2793813 0.1005859 0.7988281 0.3271484 0.8422852 0.2456055 0.7988281 0.1557617 0.7988281 0.4248047 0.9604492 0.250565 0.2741836 0.3007813 0.7587891 0.1005859 0.7587891 0.1557617 0.7587891 0.2456055 0.7587891 0.2456055 0.59375 0.3007813 0.59375 0.1005859 0.59375 0.1557617 0.59375 0.02783203 0.859375 0.4624023 0.9482422 0.3642578 0.9482422 0.4394531 0.9350586 0.5229492 0.9482422 0.4248047 0.9482422 0.4248047 0.9482422 0.5229492 0.9482422 0.5991211 0.7597656 0.4003906 0.7597656 0.4555664 0.7597656 0.5444336 0.7597656 0.5444336 0.5952148 0.203125 0.859375 0.4003906 0.5952148 0.4555664 0.5952148 0.2856445 0.4956055 0.1245117 0.4956055 0.1245117 0.4956055 0.2856445 0.4956055 0.3007813 0.465332 0.09960938 0.465332 0.253418 0.4956055 0.253418 0.4956055 0.2856445 0.4677734 0.2856445 0.4677734 0.3007813 0.4628906 0.09960938 0.4628906 0.1347656 0.4785156 0.1245117 0.4882813 0.1245117 0.4882813 0.1347656 0.4785156 0.0078125 0.9375 0.07861328 0.9375 0.07861328 0.9375 0.0078125 0.9375 0.1694336 0.4785156 0.1694336 0.4785156 0.1787109 0.4785156 0.1787109 0.4785156 0.09960938 0.4995117 0.09960938 0.5029297 0.3007813 0.5029297 0.3007813 0.4995117 0.2841797 0.4956055 0.2841797 0.4956055 0.2841797 0.4677734 0.2841797 0.4677734 0.2568359 0.4956055 0.2568359 0.4956055 0.2602539 0.4677734 0.2602539 0.4677734 0.2504883 0.4785156 0.2504883 0.4785156 0.1806641 0.4785156 0.1806641 0.4785156 0.1669922 0.4785156 0.1669922 0.4785156 0.1362305 0.4785156 0.1362305 0.4785156 0.1259766 0.4868164 0.1259766 0.4868164 0.0078125 0.9301758 0.0004882813 0.9448242 0.0004882813 0.9150391 0.07861328 0.9301758 0.07861328 0.9301758 0.0703125 0.9150391 0.0703125 0.9448242 0.0078125 0.9301758 0.4467773 0.8085938 0.4467773 0.8085938 0.4716797 0.8085938 0.4204102 0.9710386 0.3007813 0.7890625 0.1005859 0.7890625 0.1557617 0.7890625 0.2456055 0.7890625 0.5991211 0.7890625 0.4003906 0.7890625 0.4555664 0.7890625 0.5444336 0.7890625 0.4125977 0.9487305 0.4125977 0.9487305 0.5444336 0.7998047 0.4550781 0.7998047 0.4370117 0.9487305 0.4394531 0.9462891 0.4394531 0.9462891 0.4370117 0.9487305 0.4550781 0.7910156 0.4550781 0.7910156 0.5444336 0.7910156 0.5449219 0.7910156 0.2487654 0.2742283 0.2482446 0.279426 0.3144531 0.8422852 0.2497046 0.2648549 0.5444336 0.4648438 0.5991211 0.4648438 0.3989258 0.9350586 0.4555664 0.4648438 0.5449219 0.4506836 0.4550781 0.4506836 0.5996094 0.4506836 0.4394531 0.9487305 0.2641602 0.8422852 0.1005859 0.5224609 0.1557617 0.5224609 0.2641602 0.859375 0.2641602 0.859375 0.4555664 0.5234375 0.2456055 0.5224609 0.5444336 0.5234375 0.5449219 0.4599286 0.5449219 0.4607998 0.411616 0.9477488 0.5996094 0.4599286 0.4139611 0.9487305 0.411616 0.9477488 0.4550781 0.4607998 0.4550781 0.4599286 0.487793 0.8237305 0.4716797 0.8237305 0.4960938 0.800293 0.4960938 0.8100586 0.4716797 0.8100586 0.4204102 0.9814453 0.2075195 0.480957 0.487793 0.8237305 0.4716797 0.8237305 0.4960938 0.800293 0.4960938 0.8100586 0.4204102 0.9716797 0.4204102 0.965332 0.4960938 0.8085938 0.4716797 0.8085938 0.4960938 0.8085938 0.4204102 0.9710386 0.3713312 0.9814453 0.3621891 0.9716797 0.3621891 0.965332 0.3621891 0.9710386 0.1557617 0.4692383 0.1557617 0.480957 0.3621891 0.9716797 0.3621891 0.965332 0.3621891 0.9710386 0.4775646 0.9716797 0.4775647 0.965332 0.4685152 0.9814453 0.4775646 0.9710386 0.4775646 0.9716797 0.4775646 0.965332 0.2578125 0.4692383 0.2578125 0.480957 0.4775646 0.9710386 0.5170898 0.9155273 0.5083008 0.9248047 0.5244141 0.9423828 0.515625 0.9345703 0.3623047 0.9428711 0.3696289 0.9345703 0.5083008 0.9345703 0.5170898 0.9428711 0.5083008 0.9345703 0.5170898 0.9428711 0.515625 0.9248047 0.5244141 0.9174805 0.3696289 0.9248047 0.3623047 0.9155273 0.5170898 0.9155273 0.5083008 0.9248047 0.5083008 0.9248047 0.5083008 0.9345703 0.3696289 0.9345703 0.3696289 0.9248047 0.5097656 0.9248047 0.5097656 0.9345703 0.3701172 0.9345703 0.3701172 0.9248047 0.3696289 0.9345703 0.3696289 0.9248047 0.5083008 0.9248047 0.5083008 0.9345703 0.515625 0.9345703 0.515625 0.9248047 0.3740234 0.9248047 0.3740234 0.9345703 0.3652344 0.9423828 0.3652344 0.9516602 0.5244141 0.9516602 0.5244141 0.9423828 0.5170898 0.9155273 0.5102539 0.9248047 0.3623047 0.9428711 0.3701172 0.9345703 0.3618164 0.9428711 0.3710938 0.9345703 0.5102539 0.9345703 0.5170898 0.9428711 0.5102539 0.9345703 0.5170898 0.9428711 0.3701172 0.9248047 0.3623047 0.9155273 0.3710938 0.9248047 0.3618164 0.9155273 0.5170898 0.9155273 0.5102539 0.9248047 0.3701172 0.9345703 0.3701172 0.9248047 0.5097656 0.9248047 0.5097656 0.9345703 0.3710938 0.9345703 0.3710938 0.9248047 0.5102539 0.9248047 0.5102539 0.9345703 0.5102539 0.9248047 0.5102539 0.9345703 0.3710938 0.9345703 0.3710938 0.9248047 0.515625 0.9248047 0.515625 0.9345703 0.3740234 0.9345703 0.3740234 0.9248047 0.5244141 0.9516602 0.3652344 0.9516602 0.3652344 0.9423828 0.5244141 0.9423828 0.03125 0.7114258 0.03173828 0.7133789 0.03076172 0.7109375 0.02783203 0.7109375 0.1533203 0.78125 0.1533203 0.7797852 0.3959961 0.78125 0.3959961 0.7851563 0.1533203 0.7851563 0.1533203 0.7763672 0.2001953 0.9916992 0.2001953 0.9936523 0.2001953 0.9912109 0.2001953 0.9916992 0.3222656 0.9916992 0.2001953 0.9946289 0.3222656 0.9936523 0.2001953 0.9936523 0.2001953 0.9916992 0.2001953 0.9936523 0.2001953 0.9912109 0.2001953 0.9916992 0.3222656 0.9916992 0.2001953 0.9946289 0.3222656 0.9936523 0.2001953 0.9936523 0.2836914 0.9946289 0.2841797 0.9936523 0.2841797 0.9921875 0.2836914 0.9912109 0.3222656 0.9916992 0.3222656 0.9936523 0.2001953 0.9936523 0.2001953 0.9916992 0.1894531 0.5058594 0.1025391 0.5058594 0.1025391 0.5170898 0.1894531 0.5170898 0.3222656 0.9912109 0.3222656 0.9916992 0.2001953 0.9916992 0.2001953 0.9912109 0.2001953 0.9946289 0.2001953 0.9936523 0.3222656 0.9936523 0.3222656 0.9946289 0.1025391 0.5058594 0.1894531 0.5058594 0.1894531 0.5170898 0.1025391 0.5170898 0.2836914 0.9946289 0.2841797 0.9936523 0.2841797 0.9921875 0.2836914 0.9912109 0.3222656 0.9916992 0.3222656 0.9936523 0.2001953 0.9936523 0.2001953 0.9916992 0.1894531 0.5058594 0.1025391 0.5058594 0.1025391 0.5170898 0.1894531 0.5170898 0.3222656 0.9912109 0.3222656 0.9916992 0.2001953 0.9916992 0.2001953 0.9912109 0.2001953 0.9946289 0.2001953 0.9936523 0.3222656 0.9936523 0.3222656 0.9946289 0.1025391 0.5058594 0.1894531 0.5058594 0.1894531 0.5170898 0.1025391 0.5170898 0.203125 0.8422852 0.5991211 0.5952148 0.3144531 0.859375 0.3271484 0.859375 0.03613281 0.8422852 0.03613281 0.859375 0.02783203 0.8422852 0.03613281 0.8422852 0.03613281 0.859375 0.06201172 0.859375 0.06201172 0.8422852 0.5229492 0.9604492 0.4248047 0.9604492 0.5229492 0.9604492 0.4624023 0.9604492 0.3642578 0.9604492 0.4624023 0.9604492 0.4624023 0.9482422 0.3642578 0.9604492 0.3642578 0.9482422 0.06201172 0.859375 0.06201172 0.8422852 0.203125 0.859375 0.203125 0.8422852 0.2392578 0.597168 0.2392578 0.6254883 0.004394531 0.6254883 0.004394531 0.597168 0.004394531 0.6254883 0.004394531 0.597168 0.1323242 0.597168 0.1323242 0.6254883 0.004394531 0.6254883 0.004394531 0.597168 0.2392578 0.597168 0.2392578 0.6254883 0.2392578 0.6254883 0.2392578 0.597168 0.3671875 0.597168 0.3671875 0.6254883 0.253418 0.4785156 0.2573242 0.4677734 0.253418 0.4785156 0.314696 0.2589467 0.3127083 0.2787148 0.3127083 0.2787147 0.314696 0.2589467 0.09960938 0.4507557 0.09960938 0.4501953 0.3007813 0.4501953 0.3007813 0.4507557 0.09960938 0.5222449 0.09960938 0.5185547 0.3007813 0.5185547 0.3007813 0.5222449 0.09960938 0.4667287 0.09960938 0.465332 0.3007813 0.465332 0.3007813 0.4667287 0.07763672 0.9291992 0.008789063 0.9291992 0.008789063 0.9291992 0.07763672 0.9291992 0.003417969 0.9482422 0.08105469 0.9482422 0.08105469 0.9140625 0.003417969 0.9140625 0.0004882813 0.9140625 0.0004882813 0.9106445 0.0703125 0.9106445 0.0703125 0.9140625 0.09960938 0.5039994 0.09960938 0.5029297 0.3007813 0.5029297 0.3007813 0.5039994 0.3007813 0.4985352 0.09960938 0.4985352 0.09960938 0.4995117 0.3007813 0.4995117 0.1708984 0.4731445 0.1772461 0.4731445 0.09960938 0.5029297 0.09960938 0.5029297 0.3007813 0.5029297 0.3007813 0.5029297 0.1772461 0.4731445 0.1708984 0.4731445 0.09960938 0.4616638 0.3007813 0.4616638 0.05273438 0.4223633 0.3154297 0.4223633 0.3154297 0.4394531 0.05273438 0.4394531 0.2573242 0.4677734 0.09960938 0.4628906 0.3007813 0.4628906 0.09960938 0.4977989 0.3007813 0.4977989 0.09960938 0.4985352 0.3007813 0.4985352 0.09960938 0.5179075 0.3007813 0.5179076 0.09960938 0.5185547 0.3007813 0.5185547 0.09960938 0.5229492 0.3007813 0.5229492 0.0004882813 0.9140625 0.0703125 0.9140625 0.0703125 0.9462891 0.0004882813 0.9462891 0.0703125 0.9462891 0.0703125 0.9492188 0.0004882813 0.9492188 0.0004882813 0.9462891 0.02783203 0.8422852 0.02783203 0.859375 0.4125977 0.9350586 0.4394531 0.9350586 0.4125977 0.9350586 0.4394531 0.9350586 0.5449219 0.7949219 0.5996094 0.7905273 0.5996094 0.7949219 0.4550781 0.7949219 0.4624023 0.9448242 0.5229492 0.9448242 0.4248047 0.9448242 0.3642578 0.9448242 0.3999023 0.7910156 0.3999023 0.7998047 0.4003906 0.7949219 0.4003906 0.7910156 0.5444336 0.7900391 0.4550781 0.7900391 0.5996094 0.7910156 0.5996094 0.7900391 0.3999023 0.7900391 0.5996094 0.7998047 0.2515042 0.2648102 0.2641602 0.8422852 0.4003906 0.4648438 0.4003906 0.5234375 0.5991211 0.5234375 0.3271484 0.8422852 0.3271484 0.859375 0.3144531 0.859375 0.3144531 0.8422852 0.2520251 0.2596126 0.2502255 0.2596573 0.2414769 0.2744097 0.2409561 0.2796073 0.3989258 0.9350586 0.4394531 0.9350586 0.4139611 0.9487305 0.4394531 0.9487305 0.5996094 0.4607998 0.4003906 0.4607998 0.4003906 0.4506836 0.4003906 0.4599286 0.3642578 0.9448242 0.4248047 0.9448242 0.5229492 0.9448242 0.4624023 0.9448242 0.3007813 0.5224609 0.2424162 0.2650362 0.242937 0.2598386 0.1552734 0.4692383 0.1552734 0.480957 0.2578125 0.4931641 0.2592773 0.480957 0.4545898 0.8237305 0.3713312 0.9814453 0.2592773 0.4692383 0.4685152 0.9814453 0.1557617 0.4931641 0.4545898 0.8237305 0.2075195 0.4931641 0.3613281 0.965332 0.3613281 0.9710386 0.3613281 0.9716797 0.3706055 0.9814453 0.2075195 0.4692383 0.3613281 0.965332 0.3613281 0.9710386 0.3613281 0.9716797 0.3706055 0.9814453 0.4790039 0.965332 0.4790039 0.9710386 0.4790039 0.9716797 0.4697266 0.9814453 0.4790039 0.965332 0.4790039 0.9710386 0.4790039 0.9716797 0.4697266 0.9814453 0.5229492 0.9604492 0.5229492 0.9482422 0.5229492 0.9482422 0.5229492 0.9604492 0.5229492 0.9448242 0.5996094 0.465332 0.5449219 0.465332 0.4550781 0.465332 0.4003906 0.465332 0.5229492 0.9448242  
			<TextureCoords1>: 611 0.7726786 0.04336977 0.6266906 0.04336977 0.7814487 0.1819339 0.617922 0.1819349 0.6179212 0.03441125 0.7814479 0.03441125 0.7726794 0.1746775 0.6266913 0.1746784 0.6266907 0.1947997 0.7726787 0.1947997 0.617922 0.3333648 0.7814487 0.3333638 0.7814479 0.1858411 0.6179212 0.1858411 0.6266913 0.3261083 0.7726794 0.3261074 0.9401125 0.1767448 0.7941245 0.176744 0.9488819 0.04194808 0.785355 0.04194808 0.7941242 0.04920447 0.9401125 0.04920453 0.9488819 0.1857033 0.7853552 0.1857025 0.7941245 0.3244056 0.9401125 0.3244063 0.785355 0.1896096 0.9488819 0.1896096 0.9401126 0.196866 0.7941243 0.196866 0.7853552 0.333364 0.9488819 0.3333648 0.5025274 0.177679 0.9483058 0.5605207 0.00390627 0.1639385 0.5025272 0.1639385 0.5025271 0.1386249 0.9467865 0.552924 0.5025274 0.1699318 0.003906257 0.1386249 0.5025272 0.1561913 0.5025271 0.150198 0.00390625 0.150198 0.003906275 0.1561913 0.9938308 0.6166314 0.9949598 0.6155024 0.9949598 0.6122863 0.9938307 0.6111573 0.8445365 0.5958065 0.6179212 0.5367839 0.4324778 0.133122 0.8445365 0.5925904 0.9938308 0.607251 0.9949598 0.606122 0.9949598 0.6029059 0.9938307 0.6017769 0.8445364 0.5473008 0.6179212 0.4674487 0.2162389 0.133122 0.8445364 0.5440847 0.9315952 0.6166315 0.9304662 0.6155025 0.9304661 0.6122863 0.9315951 0.6111574 0.9949598 0.6342633 0.9938308 0.6353923 0.9938307 0.6299182 0.9949598 0.6310472 0.9315952 0.607251 0.9304662 0.606122 0.9304661 0.6029059 0.9315951 0.601777 0.9949598 0.6248829 0.9938308 0.6260118 0.9938307 0.6205378 0.9949598 0.6216668 0.6096524 0.09487039 0.9276862 0.3647501 0.9571826 0.3647501 0.9276862 0.3762793 0.323321 0.06538343 0.4363841 0.09487039 0.8443478 0.003081739 0.8148514 0.003081739 0.8443478 0.01461095 0.8148514 0.01461089 0.323321 0.04622597 0.323321 0.03469676 0.6282977 0.9960937 0.003906257 0.9960936 0.6282977 0.6392986 0.6282976 0.5907929 0.6282979 0.8979751 0.6282977 0.7374172 0.7303227 0.6913421 0.003906325 0.897975 0.5569388 0.9960938 0.5569387 0.6392987 0.5569387 0.7374173 0.5569389 0.8979751 0.2625827 0.897975 0.2625827 0.9960937 0.2625827 0.6392987 0.2625826 0.7374173 0.6282975 0.5779667 0.9889992 0.7270217 0.9889992 0.7755274 0.6282976 0.6264724 0.7303228 0.7755274 0.8908805 0.7755276 0.7303228 0.7270216 0.8908805 0.7270217 0.05742555 0.5383805 0.0574255 0.1815855 0.05742548 0.2797042 0.05742553 0.4402619 0.3517817 0.4402618 0.2625827 0.5779663 0.3517817 0.1815854 0.3517817 0.2797041 0.8341601 0.4294596 0.965636 0.4294596 0.7923041 0.3997102 0.9237799 0.3997102 0.6322042 0.93403 0.9889998 0.93403 0.8602238 0.4294596 0.8977162 0.3997102 0.8341601 0.4067246 0.9237799 0.3769751 0.6322041 0.9245985 0.9889997 0.9245985 0.9574585 0.4156444 0.965636 0.4238219 0.7923041 0.3940724 0.8004815 0.385895 0.930466 0.5737036 0.9929051 0.5737036 0.9304661 0.5868866 0.9929051 0.5868866 0.8288483 0.385895 0.9290916 0.4156444 0.9213129 0.4156444 0.8366271 0.385895 0.6322044 0.9379362 0.9889994 0.8234239 0.6322042 0.8234239 0.9889998 0.9379363 0.8353107 0.4294596 0.9226293 0.3997102 0.8351755 0.4067245 0.9227646 0.3769751 0.8577052 0.4294596 0.9002348 0.3997102 0.8549373 0.4067245 0.9030027 0.3769751 0.8627936 0.4156444 0.8951464 0.385895 0.8379817 0.385895 0.9199583 0.4156444 0.8269064 0.385895 0.9310336 0.4156444 0.8016564 0.385895 0.9562835 0.4156445 0.7936147 0.3927618 0.9643253 0.4225113 0.930466 0.5654898 0.4363843 0.02914768 0.4363843 0.08946109 0.9929051 0.5654898 0.930466 0.5786728 0.6068609 0.08946109 0.6068609 0.02914768 0.9929051 0.5786728 0.9276862 0.3751149 0.8443478 0.01344651 0.8148514 0.01344645 0.323321 0.04506153 0.6104581 0.9960937 0.610458 0.6392986 0.610458 0.7374173 0.6104581 0.8979751 0.00390625 0.5383806 0.00390625 0.1815856 0.003906269 0.2797042 0.003906281 0.4402619 0.6282976 0.5868865 0.003906255 0.6353923 0.8908805 0.6874356 0.7303228 0.6874359 0.6120397 0.5868866 0.6104578 0.5853047 0.021746 0.6338104 0.02016407 0.6353923 0.7303228 0.6650342 0.7303228 0.671178 0.8908805 0.6711778 0.8908805 0.6650342 0.03066592 0.897975 0.03066585 0.9960936 0.601538 0.5907929 0.03066593 0.7374173 0.5836985 0.4402617 0.5836985 0.5383803 0.601538 0.6264724 0.5836985 0.279704 0.6140149 0.4402616 0.614015 0.279704 0.614015 0.5383801 0.6282976 0.6353923 0.1350284 0.5422869 0.1350284 0.6392986 0.1350285 0.7374173 0.1350285 0.5779665 0.4971755 0.6264724 0.4793359 0.279704 0.1350285 0.897975 0.4793359 0.4402617 0.5970809 0.4402617 0.5954074 0.4402616 0.0223866 0.5862461 0.5970809 0.5383803 0.6113636 0.6353923 0.6098174 0.6347519 0.5954074 0.279704 0.5970809 0.279704 0.9771066 0.3997102 0.9571826 0.3997102 0.986679 0.3647501 0.986679 0.3762793 0.9571826 0.3762793 0.1070823 0.06538343 0.5230182 0.1147946 0.7949273 0.03804183 0.8148514 0.03804183 0.785355 0.003081739 0.785355 0.01461089 0.1070822 0.04622597 0.1070822 0.03469682 0.986679 0.3751149 0.9571826 0.3751149 0.785355 0.01344651 0.1070822 0.04506159 0.4086929 0.06538326 0.4249936 0.04622573 0.4249936 0.03469652 0.4249936 0.04506129 0.6083901 0.1347185 0.6083901 0.1147945 0.005409689 0.04622591 0.005409782 0.0346967 0.005409757 0.04506147 0.2226796 0.04622573 0.2226795 0.03469652 0.238815 0.0653832 0.2226796 0.04506129 0.2077238 0.04622597 0.2077238 0.0346967 0.4385122 0.1347185 0.4385122 0.1147944 0.2077238 0.04506147 0.7814479 0.03441125 0.7726786 0.04336977 0.7814487 0.1819339 0.7726794 0.1746775 0.617922 0.1819349 0.6266913 0.1746784 0.6266906 0.04336977 0.6179212 0.03441125 0.6266907 0.1947997 0.6179212 0.1858411 0.6266913 0.3261083 0.617922 0.3333648 0.7726794 0.3261074 0.7814487 0.3333638 0.7814479 0.1858411 0.7726787 0.1947997 0.7923041 0.364149 0.7923042 0.3730689 0.9236123 0.3730689 0.9236122 0.364149 0.4363841 0.001992345 0.4363842 0.01091224 0.5823726 0.01091224 0.5823725 0.001992345 0.8341601 0.4770488 0.8341601 0.4859686 0.9654683 0.4859686 0.9654683 0.4770488 0.8341601 0.4898749 0.8341602 0.4987948 0.9801486 0.4987948 0.9801485 0.4898749 0.2201452 0.009044826 0.2201453 0.01796442 0.3836723 0.01796442 0.3836722 0.009044826 0.9488819 0.04194808 0.9401125 0.04920453 0.9488819 0.1857033 0.9401125 0.1767448 0.7853552 0.1857025 0.7941245 0.176744 0.7941242 0.04920447 0.785355 0.04194808 0.7941243 0.196866 0.785355 0.1896096 0.7941245 0.3244056 0.7853552 0.333364 0.9401125 0.3244063 0.9488819 0.3333648 0.9488819 0.1896096 0.9401126 0.196866 0.4363841 0.01481849 0.4363842 0.02373832 0.5823726 0.02373832 0.5823725 0.01481849 0.7923042 0.3513228 0.7923041 0.3602427 0.919844 0.3602427 0.9198441 0.3513228 0.7923041 0.3384967 0.7923042 0.3474166 0.9198441 0.3474166 0.919844 0.3384967 0.8484432 0.6448702 0.8484432 0.65379 0.9944316 0.65379 0.9944317 0.6448702 0.3836723 0.02187067 0.2201452 0.02187067 0.2201452 0.03079027 0.3836723 0.03079027 0.9319854 0.552924 0.930466 0.5605207 0.9335994 0.5516008 0.9451725 0.5516008 0.003906635 0.1678448 0.003906255 0.1699318 0.5025277 0.1678448 0.00390625 0.1541043 0.5025271 0.1541043 0.00390625 0.1776789 0.6322039 0.5925904 0.6322039 0.5958065 0.2201452 0.1331219 0.2201452 0.1347185 0.4324778 0.1347187 0.8302538 0.5367839 0.6179212 0.5383806 0.8302538 0.5383806 0.6322038 0.5440847 0.6322038 0.5473008 0.003906252 0.1331219 0.00390625 0.1347185 0.2162389 0.1347187 0.8302538 0.4674487 0.6179212 0.4690454 0.8302538 0.4690454 0.9315952 0.6353922 0.9304661 0.6342633 0.9304661 0.6310471 0.9315951 0.6299181 0.6322041 0.6434516 0.6322042 0.6466677 0.8445367 0.6466677 0.8445367 0.6434516 0.6179212 0.5367839 0.8302538 0.5367839 0.8302539 0.4745483 0.6179212 0.4745483 0.4324779 0.07088637 0.4324779 0.06928974 0.2201452 0.06928968 0.2201452 0.07088631 0.8302539 0.4745483 0.8302538 0.4729517 0.6179212 0.4729517 0.6179212 0.4745483 0.2201452 0.1331219 0.4324778 0.133122 0.4324779 0.07088637 0.2201452 0.07088631 0.9315952 0.6260118 0.9304661 0.6248828 0.9304661 0.6216667 0.9315951 0.6205378 0.6322042 0.6505739 0.6322041 0.65379 0.8445368 0.65379 0.8445369 0.6505739 0.6179212 0.4674487 0.8302538 0.4674487 0.8302539 0.4052131 0.6179212 0.4052132 0.2162389 0.07088637 0.2162389 0.06928974 0.00390625 0.06928968 0.003906268 0.07088631 0.8302539 0.4052131 0.8302538 0.4036165 0.6179212 0.4036165 0.6179212 0.4052132 0.003906252 0.1331219 0.2162389 0.133122 0.2162389 0.07088637 0.003906268 0.07088631 0.2625826 0.5422868 0.3517817 0.5383804 0.601538 0.6264724 0.6282976 0.6264724 0.6104577 0.5422872 0.6104578 0.5779667 0.6282973 0.5422872 0.02174603 0.5907929 0.021746 0.6264724 0.07526524 0.6264725 0.07526527 0.590793 0.7303227 0.7398479 0.8908805 0.7398481 0.8908805 0.6913421 0.9889991 0.6913422 0.9889991 0.7398479 0.6322041 0.7398479 0.6322042 0.7755274 0.6322041 0.6913422 0.6322042 0.7270217 0.5569385 0.5779669 0.5569384 0.5422874 0.3696212 0.6264724 0.3696212 0.5907928 0.6322039 0.5997127 0.6322041 0.6353923 0.9265599 0.6353923 0.9265597 0.5997127 0.8341601 0.502701 0.8341603 0.5383806 0.994718 0.5383806 0.9947178 0.502701 0.6322038 0.5512071 0.6322038 0.5868866 0.9265597 0.5868866 0.9265597 0.5512071 0.8341601 0.4333659 0.8341603 0.4690454 0.994718 0.4690454 0.9947178 0.4333659 0.8602238 0.4156444 0.8571599 0.4067245 0.8977162 0.385895 0.9889993 0.7999183 0.6322042 0.7999183 0.6322042 0.8055561 0.9889993 0.8055561 0.9889998 0.9474679 0.9889998 0.9464526 0.6322041 0.9464526 0.6322041 0.9474679 0.9889993 0.7980649 0.9889992 0.7883537 0.6322041 0.7883537 0.6322042 0.7980649 0.9889996 0.8298999 0.9889996 0.8273301 0.6322041 0.8273301 0.6322042 0.8298999 0.9315289 0.5776099 0.9918423 0.5776099 0.9315289 0.564427 0.9918423 0.564427 0.7883978 0.3372711 0.6179212 0.3372712 0.6179212 0.3997102 0.7883978 0.3997102 0.003906315 0.0104565 0.00390625 0.01867038 0.1743829 0.01867032 0.1743829 0.0104565 0.9889996 0.8942674 0.9889995 0.8923255 0.6322045 0.8923255 0.6322045 0.8942674 0.9889995 0.9425464 0.6322041 0.9425463 0.9889994 0.8179787 0.6322041 0.8179787 0.9279249 0.4111845 0.9224797 0.4111845 0.9889994 0.8140724 0.9889994 0.8094624 0.6322041 0.8094624 0.6322042 0.8140725 0.8354603 0.3814351 0.8300151 0.3814351 0.9889998 0.9672298 0.6322043 0.9672298 0.6322041 0.9960937 0.9889999 0.9960938 0.989 0.9733587 0.6322041 0.9733586 0.9007802 0.3769751 0.9889998 0.9694524 0.6322044 0.9694523 0.9889996 0.8870646 0.6322044 0.8870646 0.9889996 0.8884192 0.6322045 0.8884192 0.9889997 0.9195174 0.6322044 0.9195174 0.9889994 0.9206923 0.6322041 0.9206923 0.9889993 0.7999183 0.6322042 0.7999183 0.4363841 0.09096414 0.6068608 0.09096414 0.6068609 0.02764457 0.4363843 0.02764457 0.003906315 0.02257663 0.00390625 0.03079045 0.1743829 0.03079045 0.1743829 0.02257663 0.003906279 0.5907929 0.00390625 0.6264724 0.6282975 0.5779667 0.6104578 0.5779667 0.00390625 0.6264724 0.021746 0.6264724 0.8908804 0.6576962 0.9889992 0.6650343 0.9889991 0.6576962 0.7303228 0.6576962 0.6322042 0.7844473 0.7303228 0.7844473 0.8908805 0.7844474 0.9889993 0.7844473 0.6322041 0.6711777 0.6322042 0.6874355 0.6322041 0.6576962 0.6322042 0.6650342 0.8908806 0.6689407 0.7303228 0.6689408 0.9889991 0.6711777 0.9889991 0.6689405 0.6322042 0.6689405 0.9889992 0.6874355 0.003906326 0.7374172 0.4971755 0.5907929 0.5836985 0.1815854 0.4793359 0.1815854 0.4793359 0.5383803 0.00390625 0.5422872 0.003906385 0.5779667 0.030666 0.5779666 0.03066587 0.5422871 0.00390625 0.6392987 0.03066581 0.6392987 0.1350285 0.897975 0.1350284 0.9960936 0.030666 0.5779666 0.003906385 0.5779667 0.02084047 0.5868865 0.00390643 0.5868866 0.5954074 0.5383801 0.5954074 0.1815853 0.614015 0.1815853 0.5970809 0.1815853 0.6322042 0.7359416 0.7303229 0.7359415 0.8908805 0.7359415 0.9889992 0.7359416 0.1350284 0.9960936 0.1350285 0.7374173 0.1350284 0.6392986 0.6096525 0.1347185 0.6096525 0.1147945 0.4385122 0.09487039 0.4363841 0.1147945 0.8347754 0.03804183 0.02171043 0.06538337 0.4363842 0.1347185 0.1915884 0.06538337 0.60839 0.09487039 0.9372585 0.3997102 0.5230182 0.09487045 0.003906342 0.0346967 0.003906312 0.04506147 0.00390625 0.04622591 0.02044802 0.06538337 0.5230182 0.1347187 0.426497 0.03469652 0.426497 0.04506129 0.426497 0.04622573 0.4099553 0.06538326 0.2102581 0.0346967 0.2102581 0.04506147 0.2102581 0.04622591 0.1937164 0.06538337 0.2201452 0.03469652 0.2201452 0.04506129 0.2201452 0.04622573 0.236687 0.0653832 0.8908805 0.6913421 0.8908805 0.7270217 0.7303228 0.7755274 0.7303227 0.7398479 0.7303228 0.7844473 0.5836985 0.5383803 0.5836985 0.4402617 0.5836985 0.279704 0.5836985 0.1815854 0.8908805 0.7359415  
			<Normals>: 611 -0.301503 -0.301503 0.9045396 0.301503 -0.301503 0.9045396 0 -0.7071068 0.7071068 0 -0.7071068 0.7071068 0 0 1 0 0 1 -0.301503 0.301503 0.9045396 0.301503 0.301503 0.9045396 -0.301503 -0.301503 -0.9045396 0.301503 -0.301503 -0.9045396 0 -0.7071068 -0.7071068 0 -0.7071068 -0.7071068 0 0 -1 0 0 -1 -0.3014947 0.3014947 -0.9045451 0.3014947 0.3014947 -0.9045451 -0.301503 0.301503 0.9045396 0.301503 0.301503 0.9045396 0 0.7071068 0.7071068 0 0.7071068 0.7071068 0.301503 -0.301503 0.9045396 -0.301503 -0.301503 0.9045396 0 0 1 0 0 1 -0.3014947 0.3014947 -0.9045451 0.301503 0.301503 -0.9045396 0 0.7071068 -0.7071068 0 0.7071068 -0.7071068 0.3014947 -0.3014947 -0.9045451 -0.3014947 -0.3014947 -0.9045451 0 0 -1 0 0 -1 0.9805807 0 0.1961161 0 -1 0 -0.9805807 0 0.1961161 -0.9805807 0 0.1961161 0.3366264 0 0.9416383 0 -1 0 0.8573259 0 0.514774 0.3366264 0 0.9416383 -0.8573259 0 0.514774 -0.3366264 0 0.9416383 -0.3366264 0 0.9416383 -0.8573259 0 0.514774 1 0 0 1 0 0 1 0 0 1 0 0 0 -0.3826815 -0.9238803 0 -0.9238803 -0.3826815 0 0.9238803 -0.3826815 0 0.3826815 -0.9238803 1 0 0 1 0 0 1 0 0 1 0 0 0 -0.3826815 -0.9238803 0 -0.9238803 -0.3826815 0 0.9238803 -0.3826815 0 0.3826815 -0.9238803 1 0 0 1 0 0 1 0 0 1 0 0 -1 0 0 -1 0 0 -1 0 0 -1 0 0 1 0 0 1 0 0 1 0 0 1 0 0 -1 0 0 -1 0 0 -1 0 0 -1 0 0 0.2917922 -0.8612767 0.4160045 0.7071068 0 0.7071068 1 0 0 0.6743889 -0.3539344 0.6480201 0 -0.865935 0.5001566 -0.2917922 -0.8612767 0.4160045 -0.7071068 0 0.7071068 -1 0 0 -0.6743889 -0.3539344 0.6480201 -0.9241837 -0.3819483 0 0 -0.2586161 0.9659802 0 0 1 0 0 1 0 0 1 0 0 1 1 0 0 0 0 1 0 0 1 0 1 0 0 0 1 0 0 1 0 0 1 0 0 1 0 0 1 0 0 1 0 0 1 0 0 1 0 0 1 -1 0 0 0 1 0 0 -1 0 1 0 0 0 -1 0 0 -1 0 0 1 0 0 1 0 0 0 -1 0 0 -1 0 0 -1 0 0 -1 0 0 -1 -1 0 0 0 0 -1 0 0 -1 -1 0 0 -1 0 0 1 0 0 1 0 0 0 -0.5809899 0.8139108 0 -0.5809899 0.8139108 -1 0 0 1 0 0 -1 0 0 1 0 0 0 -0.5809899 0.8139108 0 -0.5809899 0.8139108 -1 0 0 -1 0 0 1 0 0 1 0 0 1 0 0 1 0 0 -1 0 0 -1 0 0 1 0 0 -1 0 0 -1 0 0 1 0 0 0 0.6111139 0.7915426 0 -0.6111139 0.7915426 0 -0.6111139 0.7915426 0 0.6111139 0.7915426 -1 0 0 1 0 0 -1 0 0 1 0 0 -1 0 0 1 0 0 -1 0 0 1 0 0 -1 0 0 1 0 0 1 0 0 -1 0 0 1 0 0 -1 0 0 1 0 0 -1 0 0 1 0 0 -1 0 0 1 0 0 0 0.9238803 0.3826815 0 0.9238803 -0.3826815 1 0 0 -1 0 0 0 0.9238803 -0.3826815 0 0.9238803 0.3826815 -1 0 0 0.7071068 0 0.7071068 -0.7071068 0 0.7071068 -1 0 0 0 0 1 0 0 1 0 0 1 0 0 1 0 0 1 0 0 -1 0 0 -1 0 0 -1 0 0 -1 -1 0 0 1 0 0 0 0 -1 0 0 -1 -1 0 0 -1 0 0 1 0 0 1 0 0 0 0.9238803 -0.3826815 0 0.3826815 -0.9238803 0 0.3826815 -0.9238803 0 0.9238803 -0.3826815 0 0 1 0 0 1 1 0 0 0 0 1 0 0 -1 0 0 -1 1 0 0 0 0 -1 0 0 -1 0 0 -1 0 0 -1 1 0 0 -1 0 0 0 0 1 0 0 1 -1 0 0 1 0 0 0 0 -1 0 0 1 0 0 -1 0 -0.1950772 -0.9807879 0 -0.5555732 -0.8314676 -1 0 0 0 -0.1950772 -0.9807879 1 0 0 1 0 0 0 -0.5555732 -0.8314676 0 -0.1950772 -0.9807879 0.2917922 -0.8612767 -0.4160045 0.3834145 -0.9235764 0 0.7071068 0 -0.7071068 0.6743889 -0.3539344 -0.6480201 0.9241837 -0.3819483 0 0 -0.865935 -0.5001566 0 -1 0 -0.2917922 -0.8612767 -0.4160045 -0.3834145 -0.9235764 0 -0.7071068 0 -0.7071068 -0.6743889 -0.3539344 -0.6480201 0 -0.2586161 -0.9659802 0 0 -1 0.7071068 0 -0.7071068 1 0 0 -0.7071068 0 -0.7071068 0 0 -1 0 -0.865935 0.5001566 0 -0.2586161 0.9659802 0 0 1 0 0 1 0 -0.865935 -0.5001566 0 -1 0 0 -0.2586161 -0.9659802 0 0 -1 0 0 -1 0 -0.2586161 0.9659802 0 0 1 0 -0.865935 0.5001566 0 0 1 0 -0.2586161 -0.9659802 0 0 -1 0 -0.865935 -0.5001566 0 -1 0 0 0 -1 0 0 1 -0.301503 -0.301503 0.9045396 0 -0.7071068 0.7071068 -0.301503 0.301503 0.9045396 0 -0.7071068 0.7071068 0.301503 0.301503 0.9045396 0.301503 -0.301503 0.9045396 0 0 1 -0.301503 -0.301503 -0.9045396 0 0 -1 -0.3014947 0.3014947 -0.9045451 0 -0.7071068 -0.7071068 0.3014947 0.3014947 -0.9045451 0 -0.7071068 -0.7071068 0 0 -1 0.301503 -0.301503 -0.9045396 -0.301503 -0.301503 0.9045396 -0.301503 -0.301503 -0.9045396 -0.3014947 0.3014947 -0.9045451 -0.301503 0.301503 0.9045396 0.301503 -0.301503 0.9045396 0.301503 -0.301503 -0.9045396 -0.301503 -0.301503 -0.9045396 -0.301503 -0.301503 0.9045396 0.301503 0.301503 0.9045396 0.3014947 0.3014947 -0.9045451 0.301503 -0.301503 -0.9045396 0.301503 -0.301503 0.9045396 -0.301503 0.301503 0.9045396 -0.3014947 0.3014947 -0.9045451 0.3014947 0.3014947 -0.9045451 0.301503 0.301503 0.9045396 0 -0.7071068 0.7071068 0 -0.7071068 -0.7071068 0 -0.7071068 -0.7071068 0 -0.7071068 0.7071068 0 0.7071068 0.7071068 -0.301503 -0.301503 0.9045396 0 0 1 -0.301503 0.301503 0.9045396 0 0 1 0.301503 0.301503 0.9045396 0.301503 -0.301503 0.9045396 0 0.7071068 0.7071068 -0.3014947 -0.3014947 -0.9045451 0 0.7071068 -0.7071068 -0.3014947 0.3014947 -0.9045451 0 0 -1 0.301503 0.301503 -0.9045396 0 0 -1 0 0.7071068 -0.7071068 0.3014947 -0.3014947 -0.9045451 -0.301503 0.301503 0.9045396 -0.3014947 0.3014947 -0.9045451 0.301503 0.301503 -0.9045396 0.301503 0.301503 0.9045396 0.301503 0.301503 0.9045396 0.301503 0.301503 -0.9045396 0.3014947 -0.3014947 -0.9045451 0.301503 -0.301503 0.9045396 -0.301503 -0.301503 0.9045396 -0.3014947 -0.3014947 -0.9045451 -0.3014947 0.3014947 -0.9045451 -0.301503 0.301503 0.9045396 0.301503 -0.301503 0.9045396 0.3014947 -0.3014947 -0.9045451 -0.3014947 -0.3014947 -0.9045451 -0.301503 -0.301503 0.9045396 0 0.7071068 0.7071068 0 0.7071068 0.7071068 0 0.7071068 -0.7071068 0 0.7071068 -0.7071068 0 -1 0 0 -1 0 0 -1 0 0 -1 0 0.3366264 0 0.9416383 0.8573259 0 0.514774 0.3366264 0 0.9416383 -0.3366264 0 0.9416383 -0.3366264 0 0.9416383 0.9805807 0 0.1961161 0 0.3826815 -0.9238803 0 -0.3826815 -0.9238803 0 0.9238803 -0.3826815 0 0.3826815 -0.9238803 0 0.3826815 -0.9238803 0 -0.9238803 -0.3826815 0 -0.3826815 -0.9238803 0 -0.3826815 -0.9238803 0 0.3826815 -0.9238803 0 -0.3826815 -0.9238803 0 0.9238803 -0.3826815 0 0.3826815 -0.9238803 0 0.3826815 -0.9238803 0 -0.9238803 -0.3826815 0 -0.3826815 -0.9238803 0 -0.3826815 -0.9238803 -1 0 0 -1 0 0 -1 0 0 -1 0 0 0 0.3826815 0.9238803 0 -0.3826815 0.9238803 0 -0.3826815 0.9238803 0 0.3826815 0.9238803 0 -0.9238803 -0.3826815 0 -0.9238803 -0.3826815 0 -0.9238803 0.3826815 0 -0.9238803 0.3826815 0 0.9238803 0.3826815 0 0.3826815 0.9238803 0 0.3826815 0.9238803 0 0.9238803 0.3826815 0 -0.9238803 0.3826815 0 -0.3826815 0.9238803 0 -0.3826815 0.9238803 0 -0.9238803 0.3826815 0 0.9238803 -0.3826815 0 0.9238803 -0.3826815 0 0.9238803 0.3826815 0 0.9238803 0.3826815 -1 0 0 -1 0 0 -1 0 0 -1 0 0 0 0.3826815 0.9238803 0 -0.3826815 0.9238803 0 -0.3826815 0.9238803 0 0.3826815 0.9238803 0 -0.9238803 -0.3826815 0 -0.9238803 -0.3826815 0 -0.9238803 0.3826815 0 -0.9238803 0.3826815 0 0.9238803 0.3826815 0 0.3826815 0.9238803 0 0.3826815 0.9238803 0 0.9238803 0.3826815 0 -0.9238803 0.3826815 0 -0.3826815 0.9238803 0 -0.3826815 0.9238803 0 -0.9238803 0.3826815 0 0.9238803 -0.3826815 0 0.9238803 -0.3826815 0 0.9238803 0.3826815 0 0.9238803 0.3826815 -1 0 0 0 0 -1 1 0 0 1 0 0 -1 0 0 -1 0 0 -1 0 0 1 0 0 1 0 0 1 0 0 1 0 0 0 -1 0 0 -1 0 0 1 0 0 1 0 0 -1 0 0 -1 0 0 -1 0 0 1 0 0 1 0 -1 0 0 -1 0 0 1 0 0 1 0 0 -1 0 0 -1 0 0 -1 0 0 -1 0 0 0 1 0 0 1 0 0 1 0 0 1 0 1 0 0 1 0 0 1 0 0 1 0 0 0 -1 0 0 -1 0 0 -1 0 0 -1 0 -1 0 0 -1 0 0 1 0 0 0 -0.9238803 0.3826815 0 -0.9238803 0.3826815 0 -1 0 0 -1 0 0 0 1 0 0.7071068 0.7071068 0 0.7071068 0.7071068 0 0 1 0 -0.7071068 0.7071068 0 -0.3826815 0.9238803 0 -0.3826815 0.9238803 0 -0.7071068 0.7071068 0 0 1 0 -0.5809899 0.8139108 0 -0.5809899 0.8139108 0 0 1 -1 0 0 -1 0 0 1 0 0 1 0 0 0 -0.7071068 0.7071068 0 -0.7071068 0.7071068 0 -0.7071068 -0.7071068 0 -0.7071068 -0.7071068 0 0.3826815 -0.9238803 0 -0.7071068 -0.7071068 0 -0.7071068 -0.7071068 0 0.3826815 -0.9238803 0 0 1 0 -0.6111139 0.7915426 0 -0.6111139 0.7915426 0 0 1 0 0.6111139 0.7915426 0 0.6111139 0.7915426 0 0.6111139 0.7915426 0 0.6111139 0.7915426 -1 0 0 -1 0 0 0 -0.6111139 0.7915426 0 -0.6111139 0.7915426 0 -0.6111139 0.7915426 0 -0.6111139 0.7915426 1 0 0 1 0 0 0 0 1 0 0 1 0 1 0 0 1 0 0 0.7071068 0.7071068 0 0.7071068 0.7071068 1 0 0 0 -0.5809899 0.8139108 0 -0.5809899 0.8139108 0 0 1 0 0 1 0 0.6111139 0.7915426 0 0.6111139 0.7915426 0 0 1 0 0 1 0 -0.3826815 0.9238803 0 -0.3826815 0.9238803 0 -0.9238803 0.3826815 0 -0.9238803 0.3826815 0 0.3826815 -0.9238803 0 0.3826815 -0.9238803 0 0.3826815 0.9238803 0 0.3826815 0.9238803 0 0.3826815 0.9238803 0 -0.7071068 0.7071068 0 -0.7071068 0.7071068 0 0.3826815 0.9238803 1 0 0 1 0 0 -1 0 0 -1 0 0 1 0 0 1 0 0 0 1 0 0 0.9238803 -0.3826815 0 1 0 0 1 0 0 -1 0 0 -1 0 0 -1 0 0 -1 0 0 0.3826815 -0.9238803 0 0 -1 0 1 0 0 0.9238803 -0.3826815 0 0.9238803 -0.3826815 0 0.9238803 -0.3826815 0 0.3826815 -0.9238803 0 0.9238803 -0.3826815 0 0.9238803 -0.3826815 0 0 -1 0 0 1 1 0 0 0 0 -1 0 0 -1 0 0 -1 -1 0 0 -1 0 0 -1 0 0 -1 0 0 0 0 1 0 0 1 0 0 1 0 0 1 -1 0 0 -1 0 0 -1 0 0 -1 0 0 0 -0.5555732 -0.8314676 0 -0.5555732 -0.8314676 0 0 -1 0 -0.1950772 -0.9807879 0 1 0 0 1 0 0 1 0 0 1 0 0 0 1 0 0 1 0 0 1 0.2917922 -0.8612767 -0.4160045 0.3834145 -0.9235764 0 0 -0.865935 0.5001566 -0.3834145 -0.9235764 0 -0.2917922 -0.8612767 0.4160045 0 -0.865935 -0.5001566 -0.2917922 -0.8612767 -0.4160045 0 -0.865935 -0.5001566 0 -0.865935 0.5001566 0.2917922 -0.8612767 0.4160045 0 -0.865935 0.5001566 0.7071068 0 -0.7071068 0.7071068 0 -0.7071068 0.6743889 -0.3539344 -0.6480201 0.2917922 -0.8612767 -0.4160045 0 -0.865935 -0.5001566 0.7071068 0 0.7071068 0.7071068 0 0.7071068 0.6743889 -0.3539344 0.6480201 0.2917922 -0.8612767 0.4160045 -0.7071068 0 -0.7071068 -0.7071068 0 -0.7071068 -0.6743889 -0.3539344 -0.6480201 -0.2917922 -0.8612767 -0.4160045 -0.7071068 0 0.7071068 -0.7071068 0 0.7071068 -0.6743889 -0.3539344 0.6480201 -0.2917922 -0.8612767 0.4160045 0 1 0 0 1 0 0 -1 0 0 -1 0 0 -1 0 0 -0.7071068 -0.7071068 0 -0.7071068 -0.7071068 0 -0.7071068 -0.7071068 0 -0.7071068 -0.7071068 0 1 0  
			<Tangents>: 611 -0.9534652 0.09534074 -0.2860319 -0.9534652 -0.09534074 0.2860319 0 0.7071068 0.7071068 1 0 0 -1 0 0 -1 0 0 0.09534073 0.9534652 -0.2860319 0.9534652 -0.09534074 -0.2860319 -0.9534652 0.09534074 0.2860319 -0.9534652 -0.09534074 -0.2860319 0 0.7071068 -0.7071068 1 0 0 -1 0 0 -1 0 0 0.09533522 0.9534678 0.2860249 0.9534678 -0.0953352 0.2860249 0.09534072 0.9534652 -0.2860319 -0.9534652 0.09534074 0.2860319 -1 0 0 -1 0 0 -0.9534652 -0.09534074 0.2860319 -0.9534652 0.09534074 -0.2860319 0 1 0 -1 0 0 0.09533521 0.9534678 0.2860249 -0.9534652 0.09534074 -0.2860319 -1 0 0 -1 0 0 -0.9534678 -0.0953352 -0.2860249 -0.9534678 0.0953352 0.2860249 0 1 0 -1 0 0 8.71473E-09 1 -4.357365E-08 -1 0 0 -8.194481E-09 1 -4.09724E-08 -8.71473E-09 1 -4.357365E-08 1.35195E-08 1 -4.833088E-09 -1 0 0 1.963846E-08 1 -3.270669E-08 1.35195E-08 1 -4.833088E-09 -1.955046E-08 1 -3.256014E-08 -1.35195E-08 1 -4.833088E-09 -1.35195E-08 1 -4.833088E-09 -1.873479E-08 1 -3.12017E-08 0 6.596701E-07 -1 0 6.594959E-07 -1 0 6.65177E-07 -1 0 6.834236E-07 -1 -1 0 0 -1 0 0 -1 0 0 -1 0 0 0 6.596701E-07 -1 0 6.594959E-07 -1 0 6.651771E-07 -1 0 6.834236E-07 -1 -1 0 0 -1 0 0 -1 0 0 -1 0 0 0 6.834236E-07 -1 0 6.65177E-07 -1 0 6.594959E-07 -1 0 6.596702E-07 -1 0 6.65177E-07 -1 0 6.834237E-07 -1 0 6.596702E-07 -1 0 6.594959E-07 -1 0 6.834236E-07 -1 0 6.65177E-07 -1 0 6.594959E-07 -1 0 6.596703E-07 -1 0 6.65177E-07 -1 0 6.834237E-07 -1 0 6.596703E-07 -1 0 6.594959E-07 -1 -0.9564818 -0.2627482 0.1269098 0.7071068 0 -0.7071068 0 0 -1 0.5737976 -0.3011419 -0.7616231 -1 1.404379E-08 2.431441E-08 -0.9564818 0.2627482 -0.1269098 -0.7071068 0 -0.7071068 0 0 -1 -0.5737976 -0.3011419 -0.7616231 0 0 -1 -1 3.164276E-08 8.471524E-09 -1 0 0 -1 0 0 -0.03152055 0.9995031 0 -1 0 0 0 1 -4.967059E-08 -1 0 0 -1 0 0 -1 0 0 -0.02964509 0.9995605 0 -1 0 0 -1 0 0 -1 0 0 -1 0 0 -1 0 0 -1 0 0 -1 0 0 -1 0 0 0 1 -1.270199E-07 1 0 0 -1 0 0 0 1 -2.705991E-08 -1 0 0 -1 0 0 -1 0 0 -1 0 0 -1 0 0 -1 0 0 -1 0 0 -1 0 0 -1 0 0 0 1 -4.410628E-08 -1 0 0 -1 0 0 0 1 0 0 1 0 0 1 0.0001761569 0 1 0 -1 -1.127418E-07 -8.047788E-08 -1 -1.127418E-07 -8.047788E-08 0 1 0.0001611199 0 0.9999999 0.0005388055 0 1 0 0 1 0 -1 -1.127418E-07 -8.047788E-08 -1 -1.127418E-07 -8.047788E-08 0 0.9999958 0.002890591 0 0.9999996 0.0008550879 0 0.9903889 0.1383109 0 0.9999958 0.002890589 0 -1.418065E-08 -1 0 -1.702991E-07 -1 0 -1.702991E-07 -1 0 -1.418065E-08 -1 0 1 0 0 1 0 0 1 0 0 1 0 -1 1.153284E-07 -8.903981E-08 -1 -1.153284E-07 -8.903981E-08 -1 -1.153284E-07 -8.903982E-08 -1 1.153284E-07 -8.90398E-08 0 1 0 0 1 0 0 1 0 0 1 0 0 0.9999996 0.0009319501 0 1 0 0 1 0 0 1 0 0 1 0 0 1 0 0 1 0 0 1 0 0 1 0 0 1 0 0 1 0 0 1 0 0 0.9999992 0.001276762 0 0.9999894 0.004588198 0 0 -1 -1 0 0 -1 0 0 0 -1.466082E-07 -1 0 -1.46361E-07 -1 -1 0 0 -1 0 0 0 0 -1 0.7071068 0 -0.7071068 -0.7071068 0 -0.7071068 0 0 -1 -1 0 0 -1 0 0 -1 0 0 -1 0 0 -1 0 0 -1 0 0 -1 0 0 -1 0 0 -1 0 0 0 1 0 0 1 0 -1 0 0 -1 0 0 0 1 -0.0002193466 0 0.9999647 -0.008408347 0 0.9999647 -0.008408347 0 1 -0.0002193466 -1 0 0 -1 0 0 -1 0 0 -0.9999946 0.001250546 0.003019102 -0.03059395 0.9995319 0 -0.03253032 0.9994708 0 0 1 -5.478866E-08 -0.03059433 0.9995319 0 -1 0 0 -1 0 0 0 1 -4.967059E-08 -1 0 0 -1 0 0 -1 0 0 -1 0 0 0 1 0 0 1 -4.586597E-08 -1 0 0 -1 0 0 0 1 -4.586597E-08 0 1 -4.586597E-08 -1 0 0 -1 0 0 -1 0 0 -1 1.670762E-10 -3.323122E-11 -1 1.063842E-09 -7.108423E-10 0 1 -7.137687E-08 -1 0 0 0 1 -6.495706E-07 0 1 -1.143079E-07 -1 0 0 -1 0 0 -0.1334857 0.3940068 -0.9093626 0 0 -1 -0.7071068 0 -0.7071068 -0.5737976 0.3011419 -0.7616231 0 0 -1 -1 6.988051E-09 -1.209861E-08 -1 0 0 0.1334857 0.3940068 -0.9093626 0 0 -1 0.7071068 0 -0.7071068 0.5737976 0.3011419 -0.7616231 -1 1.575574E-08 -4.218189E-09 -1 0 0 -0.7071068 0 -0.7071068 0 0 -1 0.7071068 0 -0.7071068 -1 0 0 -1 -3.53338E-10 -6.11744E-10 -1 -7.601862E-08 -2.0352E-08 -1 0 0 -1 3.28757E-09 0 -1 0 0 -1 0 0 -1 0 0 -1 0 0 -1 0 0 -1 -7.369139E-08 -1.972895E-08 -1 0 0 -1 -5.909184E-10 -1.023074E-09 -1 3.287324E-09 0 -1 -7.369139E-08 1.972895E-08 -1 0 0 -1 0 0 -1 0 0 -1 3.287324E-09 0 0 1 0 -0.09534075 0.9534652 0.2860318 1 0 0 0.9534652 0.09534074 0.2860319 0 0.7071068 0.7071068 -0.09534073 0.9534652 -0.2860319 0.09534075 0.9534652 0.2860318 0 1 0 -0.09534015 0.9534652 -0.2860321 0 1 0 0.9534678 0.0953352 -0.2860249 1 0 0 -0.09533579 0.9534678 0.2860247 0 0.7071068 -0.7071068 0 1 0 0.09534072 0.9534652 -0.2860319 -0.09534075 0.9534652 0.2860318 -0.09534073 0.9534652 -0.2860319 0.09533521 0.9534678 0.2860249 0.09534073 0.9534652 -0.2860319 -0.9534652 -0.09534074 0.2860319 -0.9534652 -0.09534074 -0.2860319 -0.9534652 0.09534074 0.2860319 -0.9534652 0.09534074 -0.2860319 -0.09534073 0.9534652 -0.2860319 -0.09533521 0.9534678 0.2860249 0.09534073 0.9534652 -0.2860319 0.09534075 0.9534652 0.2860318 0.9534652 0.09534074 0.2860319 0.9534678 0.0953352 -0.2860249 0.9534678 -0.0953352 0.2860249 0.9534652 -0.09534074 -0.2860319 1 0 0 1 0 0 1 0 0 1 0 0 0 0.7071068 -0.7071068 -0.09534075 0.9534652 0.2860318 -1 0 0 -0.9534652 -0.09534074 -0.2860319 0 1 0 -0.09534073 0.9534652 -0.2860319 0.09534075 0.9534652 0.2860318 0 0.7071068 -0.7071068 -0.09533518 0.9534678 -0.2860249 0 0.7071068 0.7071068 -0.9534678 -0.09533572 0.2860247 -1 0 0 -0.09534016 0.9534652 0.2860321 0 1 0 0 0.7071068 0.7071068 0.09533519 0.9534678 -0.2860249 -0.9534652 -0.09534074 -0.2860319 -0.9534678 -0.0953352 0.2860249 -0.9534652 0.09534074 -0.2860319 -0.9534652 0.09534074 0.2860319 -0.09534073 0.9534652 -0.2860319 -0.09534075 0.9534652 0.2860318 0.09533519 0.9534678 -0.2860249 0.09534075 0.9534652 0.2860318 -0.09534075 0.9534652 0.2860318 -0.09533519 0.9534678 -0.2860249 0.09533521 0.9534678 0.2860249 0.09534073 0.9534652 -0.2860319 -0.9534652 -0.09534074 0.2860319 -0.9534678 -0.0953352 -0.2860249 -0.9534678 0.0953352 0.2860249 -0.9534652 0.09534074 -0.2860319 -1 0 0 -1 0 0 -1 0 0 -1 0 0 -1 0 0 -1 0 0 -1 0 0 -1 0 0 1.35195E-08 1 -4.833088E-09 1.882309E-08 1 -3.134875E-08 1.35195E-08 1 -4.833088E-09 -1.322483E-08 1 -4.727748E-09 -1.35195E-08 1 -4.833088E-09 8.207169E-09 1 -4.103585E-08 -1 0 0 -1 0 0 -1 0 0 -1 0 0 -1 0 0 -1 0 0 -1 0 0 -1 0 0 -1 0 0 -1 0 0 -1 0 0 -1 0 0 -1 0 0 -1 0 0 -1 0 0 -1 0 0 0 6.596702E-07 -1 0 6.594959E-07 -1 0 6.65177E-07 -1 0 6.834237E-07 -1 -1 0 0 -1 0 0 -1 0 0 -1 0 0 -1 0 0 -1 0 0 -1 0 0 -1 0 0 -1 0 0 -1 0 0 -1 0 0 -1 0 0 -1 0 0 -1 0 0 -1 0 0 -1 0 0 -1 0 0 -1 0 0 -1 0 0 -1 0 0 0 6.596702E-07 -1 0 6.594959E-07 -1 0 6.651771E-07 -1 0 6.834237E-07 -1 -1 0 0 -1 0 0 -1 0 0 -1 0 0 -1 0 0 -1 0 0 -1 0 0 -1 0 0 -1 0 0 -1 0 0 -1 0 0 -1 0 0 -1 0 0 -1 0 0 -1 0 0 -1 0 0 -1 0 0 -1 0 0 -1 0 0 -1 0 0 0 1 -4.410628E-08 -1 0 0 0 1 -6.069858E-08 0 1 -7.899285E-08 0 1 -4.223894E-08 0 1 -7.610913E-08 0 1 -7.450579E-08 0 1 -4.866303E-08 0 1 -6.845539E-08 0 1 -3.581532E-08 0 1 -3.496063E-08 -1 0 0 -1 0 0 -1 0 0 1 0 0 -1 0 0 1 0 0 1 0 0 -1 0 0 -1 0 0 0 1 -5.355229E-08 0 1 -4.923015E-08 0 1 -4.362217E-08 0 1 -4.410628E-08 0 1 -4.515504E-08 0 1 -4.515504E-08 0 1 -4.515504E-08 0 1 -4.515504E-08 -1 0 0 -1 0 0 -1 0 0 -1 0 0 0 1 -3.681754E-08 0 1 -3.612403E-08 0 1 -4.446153E-08 0 1 -4.515504E-08 1 0 0 1 0 0 1 0 0 1 0 0 0 0.9992694 0.03821733 0 0.9999504 0.009958322 0 0.9985324 0.05415683 1 0 0 1 0 0 1 0 0 1 0 0 -1 0 0 -1 1.192091E-07 -1.192091E-07 -1 1.192091E-07 -1.192091E-07 -1 0 0 -1 -3.24332E-08 -3.243321E-08 -1 1.745831E-08 7.231439E-09 -1 2.018277E-07 8.359931E-08 -1 7.099704E-08 7.099703E-08 -1 0 0 -1 -1.127418E-07 -8.047788E-08 -1 -1.127418E-07 -8.047788E-08 -1 0 0 0 0 -1 0 0 -1 0 0 -1 0 0 -1 -1 0 0 -1 0 0 -1 0 0 -1 0 0 -1 0 0 -1 0 0 -1 0 0 -1 0 0 -1 -1.408507E-07 0 -1 -1.153284E-07 -8.903982E-08 -1 -2.100096E-07 -1.621388E-07 -1 2.230335E-07 0 -1 1.153284E-07 -8.90398E-08 -1 1.153284E-07 -8.903981E-08 -1 1.153284E-07 -8.903981E-08 -1 1.153284E-07 -8.903982E-08 0 1 0 0 1 0 1 0 0 1 0 0 1 0 0 1 0 0 0 1 0 0 1 0 -1 0 0 -1 0 0 -1 0 -2.384181E-07 -1 0 -2.384181E-07 -1 1.192091E-07 -1.192091E-07 -1 1.192091E-07 -1.192091E-07 0 0.9999784 0.006573068 -1 -1.127418E-07 -8.047788E-08 -1 -1.127418E-07 -8.047788E-08 -1 0 0 -1 0 0 -1 1.153284E-07 -8.903981E-08 -1 1.153284E-07 -8.903981E-08 -1 -1.147001E-07 0 -1 2.641236E-07 0 -1 1.466222E-07 6.073257E-08 -1 1.745831E-08 7.231439E-09 -1 1.062032E-08 2.563991E-08 -1 -6.683573E-08 -1.613566E-07 -1 0 0 -1 0 0 -1 0 0 -1 0 0 -1 0 0 -1 0 0 -1 0 0 -1 0 0 0 1 -9.649746E-08 0 1 -1.490116E-07 0 1 -2.537126E-08 0 1 -7.832623E-05 0 1 -2.537126E-08 0 1 -7.832623E-05 -0.9999943 0 0.003361442 -0.9999999 0.00014035 0.0003388368 -1 0 0 -1 0 0 1 0 0 1 0 0 -1 0 0 -1 0 0 -1 0 0 -1 0 0 -1 0 0 -1 0 0 -1 0 0 -1 0 0 -1 0 0 -1 0 0 -1 0 0 -1 0 0 -0.02964249 0.9995606 0 0 1 -4.586597E-08 -1 0 0 -1 0 0 -1 0 0 0 1 -7.00189E-08 0 1 -9.934117E-08 0 1 -5.659737E-08 0 1 -5.068745E-08 -0.03155524 0.999502 0 -0.03253488 0.9994706 0 -0.03082844 0.9995247 0 -0.03277979 0.9994626 0 0 1 -4.967059E-08 0 1 -2.122311E-08 0 1 -2.32435E-07 0 1 0 -1 1.051945E-08 -7.028926E-09 -1 0 0 -1 0 0 -1 0 0 -1 0 0 -1 0 0 1 0 0 1 0 0 -1 0 0 -0.03082674 0.9995248 0 -0.03276902 0.999463 0 -0.9564818 -0.2627482 -0.1269098 -0.9235764 -0.3834146 0 -1 0 0 -0.9235764 0.3834146 0 -0.1334857 -0.3940068 -0.9093626 -1 0 0 -0.9564818 0.2627482 0.1269098 -1 -5.909182E-10 1.023073E-09 -1 0 0 0.1334857 -0.3940068 -0.9093626 -1 0 0 -0.7071068 0 -0.7071068 -0.7071068 0 -0.7071068 -0.7383763 -0.3232626 -0.591863 -0.9564818 -0.2627482 -0.1269098 -1 0 0 -0.7071068 0 0.7071068 -0.7071068 -1.865731E-07 0.7071068 -0.7383763 -0.3232653 0.5918615 -0.9564818 -0.2627482 0.1269098 -0.7071068 0 0.7071068 -0.7071068 -1.383896E-07 0.7071068 -0.7383763 0.323261 0.5918639 -0.9564818 0.2627482 0.1269098 -0.7071068 0 -0.7071068 -0.7071068 -1.383896E-07 -0.7071068 -0.7383763 0.323261 -0.5918639 -0.9564818 0.2627482 -0.1269098 1 0 0 1 0 0 1 0 0 1 0 0 -1 0 0 -1 8.990501E-10 -8.990502E-10 -1 0 0 -1 0 0 -1 0 0 -1 0 0  
			<BiTangents>: 611 -6.818328E-09 0.9486865 0.3162182 6.818328E-09 0.9486865 0.3162182 1 0 0 0 0.7071068 0.7071068 0 1 0 0 1 0 0.9486865 1.355767E-08 0.3162182 -6.818328E-09 0.9486865 -0.3162182 6.818328E-09 -0.9486865 0.3162182 -6.818328E-09 -0.9486865 0.3162182 -1 0 0 0 -0.7071068 0.7071068 0 -1 0 0 -1 0 -0.9486897 2.047754E-08 0.3162086 1.986476E-09 -0.9486897 -0.3162086 0.9486865 2.029702E-08 0.3162182 -6.818328E-09 0.9486865 -0.3162182 0 0.7071068 -0.7071068 0 0.7071068 -0.7071068 6.818328E-09 0.9486865 0.3162182 -6.818328E-09 0.9486865 0.3162182 1 0 0 0 1 0 -0.9486897 1.373815E-08 0.3162086 6.818328E-09 -0.9486865 -0.3162182 0 -0.7071068 -0.7071068 0 -0.7071068 -0.7071068 -1.986476E-09 -0.9486897 0.3162086 1.986476E-09 -0.9486897 0.3162086 -1 0 0 0 -1 0 0.1961161 -4.443658E-08 -0.9805807 0 0 1 0.1961161 4.178382E-08 0.9805807 0.1961161 4.443658E-08 0.9805807 0.9416383 -1.435742E-08 -0.3366264 0 0 1 0.514774 -3.814966E-08 -0.8573259 0.9416383 -1.435742E-08 -0.3366264 0.514774 3.797873E-08 0.8573259 0.9416383 1.435742E-08 0.3366264 0.9416383 1.435742E-08 0.3366264 0.514774 3.639421E-08 0.8573259 0 1 6.596701E-07 0 1 6.594959E-07 0 1 6.65177E-07 0 1 6.834236E-07 0 0.9238803 -0.3826815 0 0.3826815 -0.9238803 0 0.3826815 0.9238803 0 0.9238803 0.3826815 0 1 6.596701E-07 0 1 6.594959E-07 0 1 6.651771E-07 0 1 6.834236E-07 0 0.9238803 -0.3826815 0 0.3826815 -0.9238803 0 0.3826815 0.9238803 0 0.9238803 0.3826815 0 1 6.834236E-07 0 1 6.65177E-07 0 1 6.594959E-07 0 1 6.596702E-07 0 1 6.65177E-07 0 1 6.834237E-07 0 1 6.596702E-07 0 1 6.594959E-07 0 1 6.834236E-07 0 1 6.65177E-07 0 1 6.594959E-07 0 1 6.596703E-07 0 1 6.65177E-07 0 1 6.834237E-07 0 1 6.596703E-07 0 1 6.594959E-07 -1.145914E-08 -0.434932 -0.9004633 0 1 0 0 1 0 0.4647106 0.8854626 -1.129798E-08 2.80788E-08 0.5001566 0.865935 1.145914E-08 -0.434932 -0.9004633 0 1 0 0 1 0 -0.4647106 0.8854626 -1.129798E-08 -0.3819483 0.9241837 0 3.275715E-08 0.9659802 0.2586161 0 1 0 0 1 0 0.9995031 0.03152055 0 0 1 0 0 4.967059E-08 1 0 1 0 0 1 0 0 0 -1 0.9995605 0.02964509 0 0 1 0 0 1 0 0 1 0 0 1 0 0 1 0 0 1 0 0 1 0 0 1 0 0 1.270199E-07 1 0 0 -1 0 0 -1 0 2.705991E-08 1 0 0 -1 0 0 -1 0 0 -1 0 0 -1 0 1 0 0 1 0 0 1 0 0 1 0 0 1 0 0 4.410628E-08 1 0 1 0 0 1 0 0 0 1 0 0 1 0 -0.0001761569 1 0 0 1 -1.385186E-07 0.8139107 0.5809898 -1.385186E-07 0.8139107 0.5809898 0 -0.0001611199 1 0 -0.0005388055 0.9999999 0 0 1 0 0 1 -1.385186E-07 0.8139107 0.5809898 -1.385186E-07 0.8139107 0.5809898 0 -0.002890591 0.9999958 0 -0.0008550879 0.9999996 0 -0.1383109 0.9903889 0 -0.002890589 0.9999958 0 1 -1.418065E-08 0 1 -1.702991E-07 0 1 -1.702991E-07 0 1 -1.418065E-08 0 0 1 0 0 1 0 0 1 0 0 1 1.457008E-07 0.7915426 -0.6111139 -1.457008E-07 0.7915426 0.6111139 -1.457008E-07 0.7915426 0.6111139 1.457008E-07 0.7915426 -0.6111139 0 0 1 0 0 1 0 0 1 0 0 1 0 -0.0009319501 0.9999996 0 0 1 0 0 1 0 0 1 0 0 1 0 0 1 0 0 1 0 0 1 0 0 1 0 0 1 0 0 1 0 0 1 0 -0.001276762 0.9999992 0 -0.004588198 0.9999894 0 1 0 0 0.3826815 -0.9238803 0 -0.3826815 -0.9238803 0 1 -1.466082E-07 0 1 -1.46361E-07 0 -0.3826815 -0.9238803 0 0.3826815 -0.9238803 0 1 0 0 1 0 0 1 0 0 1 0 0 1 0 0 1 0 0 1 0 0 1 0 0 1 0 0 1 0 0 1 0 0 1 0 0 1 0 0 0 1 0 0 1 0 1 0 0 1 0 0 0.0002193466 1 0 0.008408347 0.9999647 0 0.008408347 0.9999647 0 0.0002193466 1 0 -0.3826815 -0.9238803 0 0.9238803 0.3826815 0 0.9238803 0.3826815 -0.00326785 -0.3826795 -0.9238754 0.9995319 0.03059395 0 0.9994708 0.03253032 0 0 5.478866E-08 1 0.9995319 0.03059433 0 0 1 0 0 1 0 0 4.967059E-08 1 0 1 0 0 1 0 0 1 0 0 1 0 0 0 1 0 4.586597E-08 1 0 1 0 0 1 0 0 4.586597E-08 1 0 4.586597E-08 1 0 1 0 0 1 0 0 1 0 1.703489E-10 0.9807879 -0.1950772 1.279476E-09 0.8314676 -0.5555732 0 7.137687E-08 1 0 0.9807879 -0.1950772 0 6.495706E-07 1 0 1.143079E-07 1 0 0.8314676 -0.5555732 0 0.9807879 -0.1950772 0.9471213 0.3208755 6.621465E-09 0.9235764 0.3834145 0 0 1 0 0.4647106 0.8854626 1.129798E-08 0.3819483 0.9241837 0 1.397173E-08 0.5001566 -0.865935 0 0 -1 -0.9471213 0.3208755 6.621465E-09 -0.9235764 0.3834145 0 0 1 0 -0.4647106 0.8854626 1.129798E-08 1.631062E-08 0.9659802 -0.2586161 0 1 0 0 1 0 0 1 0 0 1 0 0 1 0 -7.06455E-10 0.5001566 0.865935 -7.869583E-08 0.9659802 0.2586161 0 1 0 3.28757E-09 1 0 0 0.5001566 -0.865935 0 0 -1 0 0.9659802 -0.2586161 0 1 0 0 1 0 -7.628665E-08 0.9659802 0.2586161 0 1 0 -1.181467E-09 0.5001566 0.865935 3.287324E-09 1 0 -7.628665E-08 0.9659802 -0.2586161 0 1 0 0 0.5001566 -0.865935 0 0 -1 3.287324E-09 1 0 1 0 0 0.9486865 1.564585E-08 0.3162182 0 0.7071068 0.7071068 6.818328E-09 0.9486865 -0.3162182 1 0 0 0.9486865 -1.355767E-08 -0.3162182 0.9486865 -1.564585E-08 -0.3162182 1 0 0 -0.9486865 5.931395E-07 0.316218 -1 0 0 -1.986476E-09 -0.9486897 -0.3162086 0 -0.7071068 0.7071068 -0.9486896 -5.933218E-07 -0.3162088 -1 0 0 -1 0 0 -0.9486865 -2.029702E-08 -0.3162182 0.9486865 1.564585E-08 0.3162182 -0.9486865 1.355767E-08 0.3162182 -0.9486897 1.373815E-08 0.3162086 0.9486865 1.355767E-08 0.3162182 6.818328E-09 0.9486865 0.3162182 -6.818328E-09 -0.9486865 0.3162182 6.818328E-09 -0.9486865 0.3162182 -6.818328E-09 0.9486865 0.3162182 0.9486865 -1.355767E-08 -0.3162182 -0.9486897 -1.373815E-08 -0.3162086 -0.9486865 -1.355767E-08 -0.3162182 0.9486865 -1.564585E-08 -0.3162182 6.818328E-09 0.9486865 -0.3162182 -1.986476E-09 -0.9486897 -0.3162086 1.986476E-09 -0.9486897 -0.3162086 -6.818328E-09 0.9486865 -0.3162182 0 0.7071068 0.7071068 0 -0.7071068 0.7071068 0 -0.7071068 0.7071068 0 0.7071068 0.7071068 1 0 0 0.9486865 1.564585E-08 0.3162182 0 1 0 6.818328E-09 0.9486865 -0.3162182 1 0 0 0.9486865 -1.355767E-08 -0.3162182 0.9486865 -1.564585E-08 -0.3162182 1 0 0 -0.9486897 2.220464E-08 0.3162086 -1 0 0 5.23682E-07 -0.9486896 -0.3162087 0 -1 0 -0.9486865 5.796608E-07 -0.316218 -1 0 0 -1 0 0 -0.9486897 -1.546525E-08 -0.3162086 6.818328E-09 0.9486865 -0.3162182 -1.986476E-09 -0.9486897 -0.3162086 6.818328E-09 -0.9486865 -0.3162182 -6.818328E-09 0.9486865 -0.3162182 0.9486865 -1.355767E-08 -0.3162182 -0.9486865 -1.564585E-08 -0.3162182 -0.9486897 -1.546525E-08 -0.3162086 0.9486865 -1.564585E-08 -0.3162182 0.9486865 1.564585E-08 0.3162182 -0.9486897 1.546525E-08 0.3162086 -0.9486897 1.373815E-08 0.3162086 0.9486865 1.355767E-08 0.3162182 6.818328E-09 0.9486865 0.3162182 -1.986476E-09 -0.9486897 0.3162086 1.986476E-09 -0.9486897 0.3162086 -6.818328E-09 0.9486865 0.3162182 0 0.7071068 -0.7071068 0 0.7071068 -0.7071068 0 -0.7071068 -0.7071068 0 -0.7071068 -0.7071068 0 0 1 0 0 1 0 0 1 0 0 1 0.9416383 -1.435742E-08 -0.3366264 0.514774 -3.656573E-08 -0.8573259 0.9416383 -1.435742E-08 -0.3366264 0.9416383 1.40445E-08 0.3366264 0.9416383 1.435742E-08 0.3366264 0.1961161 -4.184852E-08 -0.9805807 0 0.9238803 0.3826815 0 0.9238803 -0.3826815 0 0.3826815 0.9238803 0 0.9238803 0.3826815 0 0.9238803 0.3826815 0 0.3826815 -0.9238803 0 0.9238803 -0.3826815 0 0.9238803 -0.3826815 0 0.9238803 0.3826815 0 0.9238803 -0.3826815 0 0.3826815 0.9238803 0 0.9238803 0.3826815 0 0.9238803 0.3826815 0 0.3826815 -0.9238803 0 0.9238803 -0.3826815 0 0.9238803 -0.3826815 0 1 6.596702E-07 0 1 6.594959E-07 0 1 6.65177E-07 0 1 6.834237E-07 0 0.9238803 -0.3826815 0 0.9238803 0.3826815 0 0.9238803 0.3826815 0 0.9238803 -0.3826815 0 0.3826815 -0.9238803 0 0.3826815 -0.9238803 0 -0.3826815 -0.9238803 0 -0.3826815 -0.9238803 0 0.3826815 -0.9238803 0 0.9238803 -0.3826815 0 0.9238803 -0.3826815 0 0.3826815 -0.9238803 0 0.3826815 0.9238803 0 0.9238803 0.3826815 0 0.9238803 0.3826815 0 0.3826815 0.9238803 0 -0.3826815 -0.9238803 0 -0.3826815 -0.9238803 0 0.3826815 -0.9238803 0 0.3826815 -0.9238803 0 1 6.596702E-07 0 1 6.594959E-07 0 1 6.651771E-07 0 1 6.834237E-07 0 0.9238803 -0.3826815 0 0.9238803 0.3826815 0 0.9238803 0.3826815 0 0.9238803 -0.3826815 0 0.3826815 -0.9238803 0 0.3826815 -0.9238803 0 -0.3826815 -0.9238803 0 -0.3826815 -0.9238803 0 0.3826815 -0.9238803 0 0.9238803 -0.3826815 0 0.9238803 -0.3826815 0 0.3826815 -0.9238803 0 0.3826815 0.9238803 0 0.9238803 0.3826815 0 0.9238803 0.3826815 0 0.3826815 0.9238803 0 -0.3826815 -0.9238803 0 -0.3826815 -0.9238803 0 0.3826815 -0.9238803 0 0.3826815 -0.9238803 0 4.410628E-08 1 0 1 0 0 6.069858E-08 1 0 7.899285E-08 1 0 4.223894E-08 1 0 7.610913E-08 1 0 7.450579E-08 1 0 4.866303E-08 1 0 6.845539E-08 1 0 3.581532E-08 1 0 3.496063E-08 1 0 0 -1 0 0 -1 0 0 -1 0 0 -1 0 0 -1 0 0 -1 0 0 -1 0 0 -1 0 0 -1 0 5.355229E-08 1 0 4.923015E-08 1 0 4.362217E-08 1 0 4.410628E-08 1 0 4.515504E-08 1 0 4.515504E-08 1 0 4.515504E-08 1 0 4.515504E-08 1 0 0 -1 0 0 -1 0 0 -1 0 0 -1 0 -3.681754E-08 -1 0 -3.612403E-08 -1 0 -4.446153E-08 -1 0 -4.515504E-08 -1 0 0 -1 0 0 -1 0 0 -1 0 0 -1 0 -0.03821733 0.9992694 0 -0.009958322 0.9999504 0 -0.05415683 0.9985324 0 0.3826815 0.9238803 0 0.3826815 0.9238803 0 0 1 0 0 1 0 1 0 1.685871E-07 0.7071068 -0.7071068 1.685871E-07 0.7071068 -0.7071068 0 1 0 -4.586748E-08 0.7071068 0.7071068 1.889672E-08 0.9238803 0.3826815 2.184566E-07 0.9238803 0.3826815 1.00405E-07 0.7071068 0.7071068 0 1 0 -1.385186E-07 0.8139107 0.5809898 -1.385186E-07 0.8139107 0.5809898 0 1 0 0 1 0 0 1 0 0 1 0 0 1 0 0 -0.7071068 -0.7071068 0 -0.7071068 -0.7071068 0 0.7071068 -0.7071068 0 0.7071068 -0.7071068 0 -0.9238803 -0.3826815 0 -0.7071068 0.7071068 0 -0.7071068 0.7071068 0 -0.9238803 -0.3826815 -1.408507E-07 1 0 -1.457008E-07 0.7915426 0.6111139 -2.653168E-07 0.7915426 0.6111139 2.230335E-07 1 0 1.457008E-07 0.7915426 -0.6111139 1.457008E-07 0.7915426 -0.6111139 1.457008E-07 0.7915426 -0.6111139 1.457008E-07 0.7915426 -0.6111139 0 0 1 0 0 1 0 0.7915426 0.6111139 0 0.7915426 0.6111139 0 0.7915426 0.6111139 0 0.7915426 0.6111139 0 0 1 0 0 1 0 1 0 0 1 0 2.384181E-07 0 -1 2.384181E-07 0 -1 1.685871E-07 0.7071068 -0.7071068 1.685871E-07 0.7071068 -0.7071068 0 -0.006573068 0.9999784 -1.385186E-07 0.8139107 0.5809898 -1.385186E-07 0.8139107 0.5809898 0 1 0 0 1 0 1.457008E-07 0.7915426 -0.6111139 1.457008E-07 0.7915426 -0.6111139 -1.147001E-07 1 0 2.641236E-07 1 0 1.587026E-07 0.9238803 0.3826815 1.889672E-08 0.9238803 0.3826815 2.775241E-08 0.3826815 0.9238803 -1.74651E-07 0.3826815 0.9238803 0 -0.9238803 -0.3826815 0 -0.9238803 -0.3826815 0 0.9238803 -0.3826815 0 0.9238803 -0.3826815 0 0.9238803 -0.3826815 0 0.7071068 0.7071068 0 0.7071068 0.7071068 0 0.9238803 -0.3826815 0 9.649746E-08 1 0 1.490116E-07 1 0 2.537126E-08 1 0 7.832623E-05 1 0 2.537126E-08 1 0 7.832623E-05 1 -0.003361442 0 -0.9999943 -0.000366754 -0.3826815 -0.9238803 0 0 -1 0 0 -1 0 0 -1 0 0 -1 0 0 -1 0 0 -1 0 0.9238803 0.3826815 0 1 0 0 0 -1 0 -0.3826815 -0.9238803 0 0.3826815 0.9238803 0 0.3826815 0.9238803 0 0.9238803 0.3826815 0 0.3826815 0.9238803 0 0.3826815 0.9238803 0 1 0 0.9995606 0.02964249 0 0 4.586597E-08 1 0 1 0 0 1 0 0 1 0 0 7.00189E-08 1 0 9.934117E-08 1 0 5.659737E-08 1 0 5.068745E-08 1 0.999502 0.03155524 0 0.9994706 0.03253488 0 0.9995247 0.03082844 0 0.9994626 0.03277979 0 0 4.967059E-08 1 0 2.122311E-08 1 0 2.32435E-07 1 0 0 1 1.265167E-08 0.8314676 -0.5555732 0 0.8314676 -0.5555732 0 1 0 0 0.9807879 -0.1950772 0 0 -1 0 0 -1 0 0 -1 0 0 -1 0 1 0 0.9995248 0.03082674 0 0.999463 0.03276902 0 1.145914E-08 0.434932 -0.9004633 0 0 -1 0 -0.5001566 -0.865935 0 0 -1 -0.9471213 0.3208755 -6.621465E-09 0 0.5001566 -0.865935 -1.145914E-08 0.434932 -0.9004633 -1.181467E-09 0.5001566 -0.865935 0 -0.5001566 -0.865935 0.9471213 0.3208755 -6.621465E-09 0 -0.5001566 -0.865935 0 1 0 0 1 0 -7.56994E-09 0.8776284 -0.4793414 1.145914E-08 0.434932 -0.9004633 0 0.5001566 -0.865935 0 1 0 -1.319271E-07 1 1.319271E-07 -2.311724E-06 0.8776274 0.4793433 1.145914E-08 0.434932 0.9004633 0 1 0 -9.78562E-08 1 9.78562E-08 -1.332435E-06 0.877629 -0.4793404 -1.145914E-08 0.434932 -0.9004633 0 1 0 -9.78562E-08 1 -9.78562E-08 -1.332435E-06 0.877629 0.4793404 -1.145914E-08 0.434932 0.9004633 0 0 -1 0 0 -1 0 0 -1 0 0 -1 0 0 -1 1.271449E-09 0.7071068 -0.7071068 0 0.7071068 -0.7071068 0 0.7071068 -0.7071068 0 0.7071068 -0.7071068 0 0 -1  
			<SubMeshes>: 1
				<SubMesh>: 0 1386 4 1 0 4 0 5 261 262 6 261 6 2 263 264 7 263 7 3 265 266 267 265 267 268 9 12 13 9 13 8 269 270 10 269 10 14 271 272 11 271 11 15 273 274 275 273 275 276 277 278 279 277 279 280 281 282 283 281 283 284 285 286 287 285 287 288 289 290 291 289 291 292 293 294 295 293 295 296 19 20 21 19 21 18 297 298 16 297 16 22 299 300 17 299 17 23 301 302 303 301 303 304 28 27 26 28 26 29 305 306 30 305 30 24 307 308 31 307 31 25 309 310 311 309 311 312 313 314 315 313 315 316 317 318 319 317 319 320 321 322 323 321 323 324 325 326 327 325 327 328 329 330 331 329 331 332 34 35 40 34 40 43 42 41 36 42 36 39 333 334 33 33 37 333 37 335 333 37 336 335 337 338 38 337 38 339 340 43 40 340 40 341 38 338 342 38 342 32 61 60 44 44 45 61 45 62 61 45 46 62 46 63 62 46 47 63 51 343 344 51 344 48 50 345 346 50 346 347 348 49 349 348 349 350 69 68 52 52 53 69 53 70 69 53 54 70 54 71 70 54 55 71 59 351 352 59 352 56 58 353 354 58 354 355 356 57 357 356 357 358 359 65 64 64 360 359 64 67 360 67 361 360 67 66 361 66 362 361 363 364 365 363 365 366 367 368 369 367 369 370 371 372 373 371 373 374 375 376 377 375 377 378 379 380 381 379 381 382 383 73 72 72 384 383 72 75 384 75 385 384 75 74 385 74 386 385 387 388 389 387 389 390 391 392 393 391 393 394 395 396 397 395 397 398 399 400 401 399 401 402 403 404 405 403 405 406 176 85 84 176 84 175 78 240 239 78 239 228 255 252 86 255 86 177 83 235 241 83 241 176 246 177 86 246 86 244 244 86 80 244 80 243 252 254 80 252 80 86 180 93 90 180 90 179 178 88 92 178 92 181 107 204 223 223 222 107 222 209 107 180 181 92 180 92 93 198 95 89 198 89 199 211 212 103 211 103 102 101 96 99 101 99 100 103 98 97 103 97 102 184 114 113 184 113 183 182 112 115 182 115 185 210 213 117 210 117 407 196 195 189 196 189 188 218 206 207 218 207 225 221 208 206 221 206 218 112 408 116 112 116 115 114 119 118 114 118 113 200 409 410 200 410 91 411 412 104 411 104 413 414 415 416 414 416 417 418 108 109 418 109 419 94 110 111 94 111 420 601 602 105 601 105 421 419 109 106 419 106 422 423 424 603 423 603 604 425 426 110 425 110 94 407 117 427 407 427 428 417 416 429 417 429 430 431 432 433 431 433 434 435 436 437 435 437 438 439 440 441 439 441 442 443 444 445 443 445 446 212 216 100 212 100 103 125 131 130 125 130 124 152 126 447 447 448 152 448 154 152 126 121 133 133 165 126 165 132 126 132 163 126 163 161 126 161 141 126 141 142 126 142 159 126 159 156 126 156 447 126 123 129 151 123 151 149 164 134 122 122 127 164 127 135 164 127 162 135 127 160 162 127 140 160 127 143 140 127 158 143 127 157 158 127 449 157 120 148 150 120 150 128 450 451 452 450 452 453 454 455 456 454 456 457 458 459 460 458 460 461 462 463 464 462 464 465 172 167 168 172 168 171 170 138 139 139 173 170 173 466 170 173 467 466 136 137 169 169 166 136 169 468 166 169 469 468 470 471 472 470 472 473 474 475 476 474 476 477 478 479 480 478 480 481 482 147 144 482 144 483 145 484 485 145 485 146 141 486 487 141 487 142 488 489 490 488 490 491 143 492 493 143 493 140 151 155 153 151 153 149 152 154 150 152 150 148 494 454 457 494 457 495 496 497 498 496 498 499 500 449 127 127 153 500 153 155 500 501 494 495 501 495 502 503 462 465 503 465 504 505 503 504 505 504 506 507 478 481 507 481 508 509 507 508 509 508 510 511 458 461 511 461 512 168 513 514 168 514 171 172 515 516 172 516 167 517 518 519 517 519 520 245 87 177 245 177 246 176 241 236 176 236 85 253 255 177 253 177 87 85 236 233 85 233 234 83 176 175 83 175 82 521 522 415 521 415 414 428 427 412 428 412 411 115 114 184 115 184 185 190 186 523 523 524 190 524 191 190 525 187 193 193 526 525 193 192 526 98 99 181 98 181 180 96 178 181 96 181 99 98 180 179 98 179 97 527 197 528 527 528 529 530 194 197 530 197 527 424 531 532 424 532 603 109 533 534 109 534 106 108 605 533 108 533 109 189 195 535 189 535 536 537 538 194 537 194 530 196 539 540 196 540 195 539 196 541 539 541 542 543 535 195 543 195 540 544 541 196 544 196 188 545 95 198 545 198 201 546 214 409 546 409 200 215 205 547 215 547 548 549 203 202 549 202 217 550 551 552 550 552 553 554 545 201 554 201 555 556 198 199 556 199 557 217 202 205 217 205 215 220 558 559 559 560 220 559 561 560 606 562 219 606 219 607 608 224 563 608 563 609 225 207 564 225 564 565 426 566 567 426 567 110 602 568 569 602 569 105 110 567 610 110 610 111 116 217 215 116 215 119 100 216 570 100 570 101 408 549 217 408 217 116 119 215 548 119 548 118 430 429 214 430 214 546 201 198 556 201 556 571 553 552 213 553 213 210 555 201 571 555 571 572 565 563 224 565 224 225 218 219 562 218 562 221 225 224 219 225 219 218 607 219 224 607 224 608 230 227 226 230 226 229 247 573 574 247 574 248 240 230 229 240 229 239 78 77 174 78 174 240 260 242 237 260 237 256 575 81 576 575 576 259 85 234 577 85 577 84 251 249 237 251 237 242 249 578 231 249 231 237 240 174 79 240 79 230 258 259 576 258 576 579 256 237 231 256 231 580 250 251 242 250 242 238 581 248 574 581 574 76 257 238 242 257 242 260 230 79 582 230 582 227 583 232 248 583 248 581 584 585 251 584 251 250 586 587 578 586 578 249 585 586 249 585 249 251 588 247 248 588 248 232 589 245 246 589 246 590 591 244 243 591 243 592 590 246 244 590 244 591 593 257 260 593 260 594 595 256 580 595 580 596 588 232 259 588 259 258 583 575 259 583 259 232 594 260 256 594 256 595 597 598 255 597 255 253 599 600 254 599 254 252 598 599 252 598 252 255  
		</Mesh>
		<Materials>: 1
			<Material>: 0
				<AlbedoColor>: 1 1 1 1
				<EmissiveColor>: 0 0 0 0
				<Glossiness>: 0.04
				<Metallic>: 0
				<SpecularHighlight>: 1
				<GlossyReflection>: 1
				<AlbedoMap>: BLD_Villa1_A
				<MetallicMap>: BLD_Villa1_MS
				<NormalMap>: BLD_Villa1_N
				<EmissionMap>: null
				<DetailAlbedoMap>: DET_Concrete1_A
				<DetailNormalMap>: DET_Concrete1_N
		</Materials>
		<Children>: 0
	</Frame>
</Hierarchy>
