<Hierarchy>:
	<Frame>: 0 5 Villa1_Roof_Mid_A
		<Transform>: 0 0 0 0 0 0 1 1 1 0 0 0 1  
		<TransformMatrix>: 1 0 0 0 0 1 0 0 0 0 1 0 0 0 0 1  
		<BoxCollider>: 1 2 -0.2999994 2 4 0.3999993 4  
		<Mesh>: 129 Villa1_Roof_Mid_A
			<Bounds>: 2 -0.2999994 2 2 0.1999996 2
			<Positions>: 129 0.2292881 -0.3000001 3.912133 3.941421 -0.3000003 0.2000002 0.08786678 -0.3000001 3.770711 3.799999 -0.3000003 0.05857891 0.2292881 -0.4265994 3.912133 0.2127414 -0.45 3.895586 3.924874 -0.4500002 0.1834535 3.941421 -0.4265996 0.2000002 0.1044135 -0.45 3.787258 0.08786678 -0.4265994 3.770711 3.799999 -0.4265996 0.05857891 3.816546 -0.4500002 0.07512563 3.818143 -0.4999989 3.818142 3.800001 -0.4818565 3.8 3.800001 -0.4818566 0.1999997 3.818144 -0.4999991 0.1818572 0.1999998 -0.4818565 3.8 0.1818573 -0.4999989 3.818142 0.1999998 -0.4818566 0.1999997 0.1818573 -0.4999991 0.1818573 3.970191 -0.4999991 0.02980965 4 -0.4701895 0 4 -0.4701893 4 3.970191 -0.4999989 3.97019 0.02980971 -0.4999991 0.02980959 0 -0.4701895 0 0.02980947 -0.4999989 3.970191 0 -0.4701893 4 4 -0.3999998 4 4 -0.09999981 4 4 -0.4 1.748456E-08 4 -0.09999999 4.371139E-09 0 -0.3999998 4 0 -0.09999981 4 0 -0.4 1.748456E-08 0 -0.09999999 4.371139E-09 0.1999998 -0.3896922 3.8 0 -0.3896922 4 0 -0.3896924 0 3.800001 -0.3896903 3.8 4 -0.3896905 0 0.1999998 -0.3896924 0.1999997 3.800001 -0.3896905 0.1999997 4 -0.3896903 4 2 -0.09999999 4.371139E-09 2 -0.4 1.748456E-08 2 -0.09999981 4 2 -0.3999998 4 4 -0.0999999 2 4 -0.3999999 2 0 -0.0999999 2 0 -0.3999999 2 2 -0.0999999 2 2 -0.3999999 2 0.1044135 -0.45 3.787258 3.816546 -0.4500002 0.07512563 0.2292881 -0.4265994 3.912133 3.941421 -0.4265996 0.2000002 0 -0.4701893 4 0 -0.3896922 4 0.1818573 -0.4999989 3.818142 0.02980947 -0.4999989 3.970191 0.02980971 -0.4999991 0.02980959 0.1818573 -0.4999991 0.1818573 3.800001 -0.4818566 0.1999997 3.818144 -0.4999991 0.1818572 3.818143 -0.4999989 3.818142 0.1818573 -0.4999991 0.1818573 3.818144 -0.4999991 0.1818572 0.1818573 -0.4999989 3.818142 0.1818573 -0.4999991 0.1818573 0.1999998 -0.4818566 0.1999997 3.800001 -0.4818565 3.8 3.818143 -0.4999989 3.818142 0.1818573 -0.4999989 3.818142 0.1999998 -0.4818565 3.8 3.800001 -0.3896905 0.1999997 3.970191 -0.4999991 0.02980965 4 -0.4701893 4 3.970191 -0.4999989 3.97019 0.02980971 -0.4999991 0.02980959 0 -0.4701895 0 4 -0.4701895 0 3.970191 -0.4999991 0.02980965 0.02980947 -0.4999989 3.970191 0.02980971 -0.4999991 0.02980959 3.970191 -0.4999989 3.97019 0.02980947 -0.4999989 3.970191 0 -0.3999999 2 0 -0.4 1.748456E-08 2 -0.4 1.748456E-08 4 -0.0999999 2 4 -0.09999999 4.371139E-09 2 -0.09999999 4.371139E-09 3.800001 -0.3896903 3.8 0 -0.3896924 0 0.1999998 -0.3896924 0.1999997 0.1999998 -0.3896922 3.8 4 -0.3896905 0 4 -0.3896903 4 0 -0.0999999 2 0 -0.09999999 4.371139E-09 4 -0.3999999 2 4 -0.4 1.748456E-08 0 -0.09999981 4 0 -0.3999998 4 4 -0.09999999 4.371139E-09 4 -0.4 1.748456E-08 4 -0.3999998 4 2 -0.3999998 4 0 -0.09999981 4 2 -0.09999981 4 2 -0.0999999 2 0 -0.0999999 2 2 -0.09999981 4 4 -0.09999981 4 0 -0.3999998 4 0 -0.09999999 4.371139E-09 0 -0.4 1.748456E-08 4 -0.09999981 4 4 -0.3999998 4 3.970191 -0.4999989 3.97019 3.818143 -0.4999989 3.818142 3.970191 -0.4999991 0.02980965 3.818144 -0.4999991 0.1818572 2 -0.0999999 2 2 -0.09999999 4.371139E-09 4 -0.0999999 2 2 -0.0999999 2  
			<Colors>: 0  
			<TextureCoords0>: 129 0.5258789 0.9155273 0.3613281 0.9155273 0.5258789 0.9414063 0.3613281 0.9414063 0.5258789 0.9208984 0.5258789 0.925293 0.3613281 0.925293 0.3613281 0.9208984 0.5258789 0.9316406 0.5258789 0.9360352 0.3613281 0.9360352 0.3613281 0.9316406 0.3701172 0.9331055 0.3730469 0.9350586 0.5136719 0.9350586 0.5166016 0.9331055 0.3710938 0.9350586 0.515625 0.9331055 0.3706055 0.9350586 0.3701172 0.9331055 0.5219727 0.9277344 0.5234375 0.925293 0.3632813 0.925293 0.3642578 0.9277344 0.3642578 0.9277344 0.5234375 0.925293 0.5214844 0.9277344 0.3632813 0.925293 0.2666016 0.859375 0.2666016 0.8691406 0.1337891 0.8691406 0.1337891 0.859375 0.1337891 0.8691406 0.1337891 0.859375 0.2666016 0.859375 0.2666016 0.8691406 0.5136719 0.9382756 0.3632813 0.9227525 0.5234375 0.9227526 0.3730469 0.9382756 0.5234375 0.9227525 0.3706055 0.9382756 0.5136719 0.9382756 0.3632813 0.9227525 0.2001953 0.8691406 0.2001953 0.859375 0.2001953 0.8691406 0.2001953 0.859375 0.2001953 0.859375 0.2001953 0.8691406 0.2001953 0.859375 0.2001953 0.8691406 0.7993164 0.1992188 0.201416 0.6491699 0.5258789 0.9316406 0.3613281 0.9316406 0.5258789 0.9208984 0.3613281 0.9208984 0.5234375 0.925293 0.5234375 0.9227525 0.3701172 0.9331055 0.3642578 0.9277344 0.5214844 0.9277344 0.515625 0.9331055 0.515625 0.9350586 0.5166016 0.9331055 0.3710938 0.9331055 0.3701172 0.9331055 0.515625 0.9331055 0.3701172 0.9331055 0.515625 0.9331055 0.5136719 0.9350586 0.3706055 0.9350586 0.3701172 0.9331055 0.515625 0.9331055 0.5136719 0.9350586 0.515625 0.9382756 0.5219727 0.9277344 0.3632813 0.925293 0.3647461 0.9277344 0.3642578 0.9277344 0.3632813 0.925293 0.5234375 0.925293 0.5214844 0.9277344 0.3642578 0.9277344 0.5214844 0.9277344 0.3642578 0.9277344 0.5214844 0.9277344 0.3125 0.6491699 0.3125 0.5380859 0.201416 0.5380859 0.6005859 0.1992188 0.6005859 0.0009765625 0.7993164 0.0009765625 0.3706055 0.9382756 0.3632813 0.9227526 0.5136719 0.9382756 0.3710938 0.9382756 0.5234375 0.9227525 0.3632813 0.9227525 0.6005859 0.1992188 0.6005859 0.0009765625 0.09033203 0.6491699 0.09033203 0.5380859 0.1337891 0.8691406 0.1337891 0.859375 0.1337891 0.8691406 0.1337891 0.859375 0.09033203 0.7602539 0.201416 0.7602539 0.7993164 0.1992188 0.6005859 0.1992188 0.6005859 0.0009765625 0.7993164 0.0009765625 0.7993164 0.0004882813 0.6005859 0.0004882813 0.3125 0.7602539 0.2666016 0.859375 0.2666016 0.8691406 0.2666016 0.859375 0.2666016 0.8691406 0.3647461 0.9277344 0.3710938 0.9331055 0.5214844 0.9277344 0.515625 0.9331055 0.7993164 0.1992188 0.7993164 0.0009765625 0.6005859 0.1987305 0.7993164 0.1987305  
			<TextureCoords1>: 129 0.6074836 0.9960938 0.00390625 0.9960938 0.6074834 0.933947 0.00390625 0.933947 0.003906696 0.9562135 0.00390625 0.9600184 0.6074834 0.9600184 0.6074839 0.9562135 0.003906428 0.977632 0.6074836 0.9485025 0.003906403 0.9485025 0.6074836 0.977632 0.4851895 0.2688638 0.8836909 0.1921684 0.8836911 0.2270736 0.9032639 0.2688639 0.4697896 0.2096209 0.4851851 0.6869338 0.4697896 0.2270736 0.9032595 0.6869339 0.9207453 0.2513825 0.9275942 0.9251938 0.9275941 0.7535932 0.4677083 0.2513825 0.9207407 0.7044152 0.4677037 0.7175765 0.4677037 0.7044153 0.927594 0.7175765 0.9275941 0.7968382 0.9275939 0.7623464 0.9275941 0.9120324 0.9275941 0.8775406 0.9275941 0.8736343 0.9275939 0.8391426 0.9275941 0.8352363 0.9275939 0.8007445 0.8836911 0.23393 0.9275941 0.7083215 0.4677037 0.7083216 0.8836909 0.1815718 0.4677037 0.7263297 0.4697896 0.2164773 0.8836911 0.216477 0.9275941 0.744338 0.6976489 0.8007445 0.6976491 0.8352363 0.6976489 0.7623464 0.6976491 0.7968382 0.6976489 0.8775406 0.6976489 0.9120324 0.6976489 0.8391426 0.6976491 0.8736343 0.2338518 0.2362989 0.2338519 0.7000955 0.6074836 0.9523073 0.003906447 0.9523073 0.607484 0.9815383 0.003906587 0.9815383 0.4677037 0.7535932 0.4677037 0.7443382 0.4851851 0.6869338 0.4677037 0.7044153 0.9207407 0.7044152 0.9032595 0.6869339 0.4697896 0.1921684 0.4677037 0.1951182 0.8857768 0.1951182 0.4677037 0.2300235 0.885777 0.2300235 0.4677037 0.2125707 0.8857769 0.2125708 0.883691 0.2096209 0.4697895 0.2445263 0.4677037 0.2474762 0.8857771 0.2474762 0.8836911 0.2445264 0.4697896 0.1815718 0.9241669 0.9300408 0.4677037 0.9251938 0.4711311 0.9300407 0.9241668 0.7404318 0.9275941 0.7355849 0.4677037 0.7355849 0.471131 0.7404318 0.9241667 0.7224234 0.471131 0.7224234 0.9241668 0.7584401 0.471131 0.7584401 0.233852 0.9300406 0.4637975 0.9300404 0.4637972 0.7000954 0.233852 0.006353796 0.003906618 0.006353617 0.003906434 0.2362987 0.4697896 0.2339298 0.9275941 0.7263299 0.883691 0.1990245 0.4697896 0.1990245 0.9275942 0.9159387 0.4677037 0.9159386 0.2338517 0.4662439 0.00390625 0.4662437 0.2338517 0.4701505 0.4637971 0.4701504 0.4677037 0.7623464 0.4677038 0.7968382 0.4677037 0.8007445 0.4677038 0.8352363 0.00390625 0.4701507 0.00390644 0.7000957 0.4637971 0.4662441 0.4637972 0.236299 0.2338518 0.2362989 0.2338517 0.4662439 0.4637972 0.236299 0.4637974 0.006354034 0.00390663 0.9300408 0.4677037 0.8391426 0.4677038 0.8736343 0.4677037 0.8775406 0.4677037 0.9120324 0.4677083 0.2513825 0.4851895 0.2688638 0.9207453 0.2513825 0.9032639 0.2688639 0.2338518 0.2362989 0.003906434 0.2362987 0.233852 0.006353796 0.2338518 0.2362989  
			<Normals>: 129 0.7071068 0 0.7071068 0.7071068 0 0.7071068 -0.7071068 0 -0.7071068 -0.7071068 0 -0.7071068 0.6532841 -0.3826745 0.6532841 0.270586 -0.9238867 0.270586 0.270586 -0.9238867 0.270586 0.6532841 -0.3826745 0.6532841 -0.270586 -0.9238867 -0.270586 -0.6532841 -0.3826745 -0.6532841 -0.6532841 -0.3826745 -0.6532841 -0.270586 -0.9238867 -0.270586 0 -0.9760649 -0.2174798 -0.8958509 -0.4443547 0 0 -0.4443547 0.8958509 -0.2174798 -0.9760649 0 0.8958509 -0.4443547 0 0 -0.9760649 -0.2174798 0 -0.4443547 0.8958509 0 -0.9760649 0.2174798 0.5526419 -0.8334187 0 0.9576362 -0.2879806 0 0 -0.2879806 0.9576362 0 -0.8334187 0.5526419 0 -0.8334187 -0.5526419 -0.9576362 -0.2879806 0 0 -0.8334187 0.5526419 -0.9576362 -0.2879806 0 0 0 1 0 0 1 1 0 0 1 0 0 -1 0 0 -1 0 0 0 0 -1 0 0 -1 0 0 -1 -1 0 0 -1 0 0 -1 0 0 0 0 -1 0 0 1 0 0 1 0 0 1 0 0 -1 0 0 -1 0 0 1 0 0 1 1 0 0 1 0 0 -1 0 0 -1 0 0 0 1 0 0 -1 0 -0.270586 -0.9238867 -0.270586 -0.270586 -0.9238867 -0.270586 0.6532841 -0.3826745 0.6532841 0.6532841 -0.3826745 0.6532841 0 -0.2879806 0.9576362 0 0 1 0.2174798 -0.9760649 0 -0.5526419 -0.8334187 0 -0.5526419 -0.8334187 0 0.2174798 -0.9760649 0 -0.8958509 -0.4443547 0 -0.2174798 -0.9760649 0 -0.2174798 -0.9760649 0 0 -0.9760649 0.2174798 0 -0.9760649 0.2174798 0.2174798 -0.9760649 0 0.2174798 -0.9760649 0 0.8958509 -0.4443547 0 0 -0.4443547 -0.8958509 0 -0.9760649 -0.2174798 0 -0.9760649 -0.2174798 0 -0.4443547 -0.8958509 -1 0 0 0.5526419 -0.8334187 0 0.9576362 -0.2879806 0 0.5526419 -0.8334187 0 0 -0.8334187 -0.5526419 0 -0.2879806 -0.9576362 0 -0.2879806 -0.9576362 0 -0.8334187 -0.5526419 -0.5526419 -0.8334187 0 -0.5526419 -0.8334187 0 0 -0.8334187 0.5526419 0 -0.8334187 0.5526419 0 -1 0 0 -1 0 0 -1 0 0 1 0 0 1 0 0 1 0 0 0 -1 0 0 -1 1 0 0 1 0 0 1 0 0 1 0 0 0 1 0 0 1 0 0 -1 0 0 -1 0 0 0 1 0 0 1 0 0 -1 0 0 -1 0 -1 0 0 -1 0 0 1 0 0 1 0 0 1 0 0 1 0 0 1 0 0 1 0 0 -1 0 -1 0 0 -1 0 0 1 0 0 1 0 0 0.5526419 -0.8334187 0 -0.2174798 -0.9760649 0 0 -0.8334187 -0.5526419 0 -0.9760649 0.2174798 0 1 0 0 1 0 0 1 0 0 1 0  
			<Tangents>: 129 -0.7071068 3.406143E-08 0.7071068 -0.7071068 3.406143E-08 0.7071068 -0.7071068 3.406143E-08 0.7071068 -0.7071068 3.406143E-08 0.7071068 -0.7071068 1.771989E-08 0.7071068 -0.7071068 -6.365659E-09 0.7071068 -0.7071068 -6.365659E-09 0.7071068 -0.7071068 1.771989E-08 0.7071068 -0.7071068 1.634113E-08 0.7071068 -0.7071068 4.042708E-08 0.7071068 -0.7071068 4.042708E-08 0.7071068 -0.7071068 1.634113E-08 0.7071068 -1 -2.506312E-08 1.124851E-07 1.977263E-08 -3.986304E-08 -1 1 0 0 1.063115E-08 -2.368753E-09 -1 -1.620019E-08 -3.266074E-08 -1 -1 1.391809E-08 -6.246538E-08 1 -4.628428E-09 -2.295766E-09 1 3.105443E-09 1.393745E-08 -2.090115E-08 -1.385961E-08 -1 -1.232836E-08 -4.09961E-08 -1 -1 0 0 -1 5.57364E-08 8.405402E-08 1 -6.967051E-09 1.050675E-08 5.284205E-09 -1.757183E-08 -1 -1 -2.547557E-08 -3.841877E-08 1.232836E-08 -4.09961E-08 -1 1 0 0 1 0 0 0 4.470348E-08 1 0 4.470348E-08 1 0 -4.470348E-08 -1 0 -4.470348E-08 -1 -1 0 0 -1 0 0 -1 -7.26446E-11 0 0 -4.404289E-08 -1 0 6.866371E-09 -1 0 -4.953564E-08 -1 1 -5.434532E-08 0 1 -3.820667E-09 0 1 -6.225521E-11 0 -1 -8.159046E-10 0 -1 0 0 -1 0 0 1 0 0 1 0 0 0 4.470348E-08 1 0 4.470348E-08 1 0 -4.470348E-08 -1 0 -4.470348E-08 -1 -1 0 0 -1 0 0 -0.7071068 1.634113E-08 0.7071068 -0.7071068 1.634113E-08 0.7071068 -0.7071068 1.771989E-08 0.7071068 -0.7071068 1.771989E-08 0.7071068 -1 -2.460694E-08 -7.399806E-09 -1 -6.369518E-08 0 4.708958E-08 1.049217E-08 -1 6.292817E-08 -4.172782E-08 -1 2.486292E-08 -1.648666E-08 -1 -1.043857E-08 -2.325844E-09 -1 2.391634E-08 -4.821704E-08 -1 7.290397E-08 -1.624394E-08 -1 1.101612E-08 -2.454529E-09 -1 1 -3.479522E-09 -1.561634E-08 1 -2.626538E-11 -1.178809E-10 -1.043857E-08 -2.325844E-09 -1 -1.054299E-08 -2.349109E-09 -1 -1.977263E-08 -3.986304E-08 -1 -1 1.013196E-08 -5.025598E-09 -1 1.391809E-08 -6.246538E-08 -1 1.050623E-10 -4.71527E-10 -1 0 0 0 -4.139212E-08 -1 -2.059111E-08 -1.365402E-08 -1 -2.389371E-08 -7.945493E-08 -1 -2.090116E-08 -1.385961E-08 -1 1 -3.322069E-11 5.009889E-11 1 0 0 1 -3.276412E-08 9.852835E-09 1 -6.967051E-09 1.050675E-08 2.079151E-08 -1.37869E-08 -1 6.292816E-08 -4.172781E-08 -1 -1 2.657655E-10 4.007911E-10 -1 5.57364E-08 8.405402E-08 -1 0 0 -1 0 0 -1 0 0 -1 0 0 -1 0 0 -1 0 0 -1 -4.458005E-09 0 1 -6.961855E-10 0 0 -4.940075E-08 -1 0 -3.311369E-08 -1 0 -4.555498E-08 -1 0 -1.111745E-07 -1 1 0 0 1 0 0 -1 0 0 -1 0 0 1 0 0 1 0 0 -1 0 0 -1 0 0 -1 0 0 -1 0 0 -1 0 0 -1 0 0 -1 0 0 -1 0 0 -1 0 0 -1 0 0 -1 0 0 0 -4.470348E-08 -1 0 -4.470348E-08 -1 0 4.470348E-08 1 0 4.470348E-08 1 2.048557E-08 1.358402E-08 -1 7.290396E-08 -1.624394E-08 -1 1 6.751818E-09 -1.018217E-08 1 -3.479522E-09 -1.561634E-08 1 0 0 1 0 0 -1 0 0 -1 0 0  
			<BiTangents>: 129 2.408507E-08 1 -2.408507E-08 2.408507E-08 1 -2.408507E-08 -2.408507E-08 -1 2.408507E-08 -2.408507E-08 -1 2.408507E-08 0.2705917 0.9238833 0.2705917 0.6532865 0.3826663 0.6532865 0.6532865 0.3826663 0.6532865 0.2705917 0.9238833 0.2705917 0.6532865 -0.3826663 0.6532865 0.2705917 -0.9238833 0.2705917 0.2705917 -0.9238833 0.2705917 0.6532865 -0.3826663 0.6532865 1.152434E-07 -0.2174798 0.9760649 0.4443547 -0.895851 4.44974E-08 0 -0.895851 -0.4443547 0.9760649 -0.2174798 1.089184E-08 -0.4443547 -0.895851 3.645778E-08 -6.399717E-08 -0.2174798 0.9760649 -5.166516E-09 -0.895851 -0.4443547 1.427923E-08 -0.2174798 -0.9760649 0.8334188 0.552642 -2.507882E-08 0.2879806 0.9576362 -4.280967E-08 0 0.9576362 0.2879806 1.008545E-07 0.552642 0.8334188 1.260681E-08 0.552642 -0.8334188 -0.2879806 0.9576362 -1.834917E-08 -4.609779E-08 0.552642 0.8334188 -0.2879806 0.9576362 -4.280967E-08 0 -1 0 0 -1 0 0 1 -4.470348E-08 0 1 -4.470348E-08 0 1 -4.470348E-08 0 1 -4.470348E-08 0 -1 0 0 -1 0 7.26446E-11 -1 0 0 1 -4.404289E-08 0 1 6.866371E-09 0 -1 4.953564E-08 5.434532E-08 1 0 -3.820667E-09 -1 0 -6.225521E-11 -1 0 -8.159046E-10 1 0 0 -1 0 0 -1 0 0 -1 0 0 -1 0 0 1 -4.470348E-08 0 1 -4.470348E-08 0 1 -4.470348E-08 0 1 -4.470348E-08 0 0 -1 0 0 -1 0.6532865 -0.3826663 0.6532865 0.6532865 -0.3826663 0.6532865 0.2705917 0.9238833 0.2705917 0.2705917 0.9238833 0.2705917 -2.56955E-08 0.9576362 0.2879806 -6.369518E-08 1 0 -0.9760649 -0.2174798 -4.824432E-08 -0.8334188 0.552642 -7.550606E-08 -0.8334188 0.552642 -2.983245E-08 -0.9760649 -0.2174798 1.069455E-08 0.4443547 -0.895851 5.382262E-08 0.9760649 -0.2174798 7.469173E-08 0.9760649 -0.2174798 1.128625E-08 -1.599929E-08 -0.2174798 -0.9760649 -1.207716E-10 -0.2174798 -0.9760649 -0.9760649 -0.2174798 1.069455E-08 -0.9760649 -0.2174798 1.080152E-08 -0.4443547 -0.895851 4.44974E-08 -1.130988E-08 -0.895851 0.4443547 -6.399717E-08 -0.2174798 0.9760649 -4.830899E-10 -0.2174798 0.9760649 0 -0.895851 0.4443547 0 -1 4.139212E-08 0.8334188 0.552642 -2.47068E-08 0.2879806 0.9576362 -8.296984E-08 0.8334188 0.552642 -2.507882E-08 6.011251E-11 0.552642 -0.8334188 0 0.9576362 -0.2879806 3.421354E-08 0.9576362 -0.2879806 1.260681E-08 0.552642 -0.8334188 -0.8334188 0.552642 -2.494725E-08 -0.8334188 0.552642 -7.550605E-08 4.809E-10 0.552642 0.8334188 1.008545E-07 0.552642 0.8334188 0 0 -1 0 0 -1 0 0 -1 0 0 -1 0 0 -1 0 0 -1 4.458005E-09 -1 0 6.961855E-10 1 0 0 -1 4.940075E-08 0 -1 3.311369E-08 0 1 -4.555498E-08 0 1 -1.111745E-07 0 0 -1 0 0 -1 0 0 -1 0 0 -1 0 -1 0 0 -1 0 0 -1 0 0 -1 0 0 0 -1 0 0 -1 0 0 -1 0 0 -1 0 0 -1 0 0 -1 0 0 1 0 0 1 0 0 -1 0 1 -4.470348E-08 0 1 -4.470348E-08 0 1 -4.470348E-08 0 1 -4.470348E-08 0.8334188 0.552642 2.458016E-08 0.9760649 -0.2174798 7.469172E-08 -1.221735E-08 0.552642 -0.8334188 -1.599929E-08 -0.2174798 -0.9760649 0 0 -1 0 0 -1 0 0 1 0 0 1  
			<SubMeshes>: 1
				<SubMesh>: 0 246 5 8 11 5 11 6 3 10 9 3 9 2 6 7 4 6 4 5 54 9 10 54 10 55 0 56 57 0 57 1 25 27 37 25 37 38 58 22 43 58 43 59 12 23 26 12 26 17 15 20 121 15 121 122 19 24 123 19 123 124 18 14 42 18 42 41 60 61 62 60 62 63 64 65 66 64 66 13 18 67 68 18 68 14 16 69 70 16 70 71 72 73 74 72 74 75 64 13 39 64 39 76 77 21 78 77 78 79 80 81 82 80 82 83 84 27 25 84 25 85 86 22 58 86 58 87 48 49 30 48 30 31 44 45 34 44 34 35 50 51 32 50 32 33 46 47 28 46 28 29 53 88 89 53 89 90 52 91 92 52 92 93 72 75 36 72 36 94 82 81 95 82 95 40 16 71 96 16 96 97 78 21 98 78 98 99 100 125 126 100 126 101 102 53 90 102 90 103 104 105 47 104 47 46 106 107 45 106 45 44 108 109 53 108 53 102 110 111 112 110 112 113 114 115 127 114 127 128 109 116 88 109 88 53 117 118 51 117 51 50 119 120 49 119 49 48  
		</Mesh>
		<Materials>: 1
			<Material>: 0
				<AlbedoColor>: 1 1 1 1
				<EmissiveColor>: 0 0 0 0
				<Glossiness>: 0.04
				<Metallic>: 0
				<SpecularHighlight>: 1
				<GlossyReflection>: 1
				<AlbedoMap>: BLD_Villa1_A
				<MetallicMap>: BLD_Villa1_MS
				<NormalMap>: BLD_Villa1_N
				<EmissionMap>: null
				<DetailAlbedoMap>: DET_Concrete1_A
				<DetailNormalMap>: DET_Concrete1_N
		</Materials>
		<Children>: 0
	</Frame>
</Hierarchy>
