<Hierarchy>:
	<Frame>: 0 5 Villa2_Top_Mid_A
		<Transform>: 0 0 0 0 0 0 1 1 1 0 0 0 1  
		<TransformMatrix>: 1 0 0 0 0 1 0 0 0 0 1 0 0 0 0 1  
		<BoxCollider>: 1 2 1.150001 0.0450049 4.000001 2.300001 2.09001  
		<Mesh>: 398 Villa2_Top_Mid_A
			<Bounds>: 2 1.150001 0.0450049 2 1.150001 1.045005
			<Positions>: 398 1.103433 1.899683 -0.2004974 1.103429 0.999683 -0.2004974 1.103433 1.319683 0.5452467 1.103433 1.452232 0.6469546 1.103433 1.553939 0.7795029 1.103433 1.617875 0.9338586 0.8034294 1.899683 -0.2004974 0.8034294 0.999683 -0.2004974 0.8034294 1.617875 0.9338586 0.8034294 1.553939 0.7795029 0.8034294 1.452232 0.6469546 0.8034294 1.319683 0.5452467 0.8034294 0.9996822 0.4795027 1.103429 0.9996822 0.4795027 1.103433 1.86551 1.008995 1.103433 1.899683 0.9640353 1.103433 1.635054 1.064339 1.103433 1.673856 1.09001 0.8034294 1.899683 0.9640353 0.8034294 1.86551 1.008995 0.8034294 1.673856 1.09001 0.8034294 1.635054 1.064339 0.8034294 1.339989 0.5008031 0.8034294 1.047303 0.440671 1.103429 1.047303 0.440671 1.103432 1.852062 -0.1528766 1.103429 1.047304 -0.1528766 1.103433 1.339989 0.5008031 1.103433 1.486195 0.6129912 1.103433 1.595536 0.7554872 1.103433 1.66427 0.9214271 0.8034294 1.852062 -0.1528766 0.8034294 1.047304 -0.1528766 0.8034294 1.66427 0.9214271 0.8034294 1.595536 0.7554872 0.8034294 1.486195 0.6129912 1.103432 1.678835 1.036205 0.8034294 1.678835 1.036205 1.103432 1.84367 0.9590329 0.8034294 1.84367 0.9590329 0.8034294 1.339987 -0.1528766 1.10343 1.339987 -0.1528766 1.10343 1.339987 -0.2004974 0.8034294 1.339987 -0.2004974 1.103431 1.486193 -0.1528766 0.8034294 1.486193 -0.1528766 0.8034294 1.486193 -0.2004974 1.103431 1.486193 -0.2004974 0.8034294 1.848794 0.2567815 1.103433 1.899683 0.2567815 0.8034294 1.899683 0.2567815 1.103432 1.848794 0.2567815 1.103432 1.84458 0.7568136 0.8034294 1.84458 0.7568136 0.8034294 1.899683 0.7568136 1.103433 1.899683 0.7568136 2.098804 1.899683 -0.2004974 2.0988 0.999683 -0.2004974 2.098804 1.319683 0.5452467 2.098804 1.452232 0.6469546 2.098804 1.553939 0.7795029 2.098804 1.617875 0.9338586 1.798801 1.899683 -0.2004974 1.798801 0.999683 -0.2004974 1.798801 1.617875 0.9338586 1.798801 1.553939 0.7795029 1.798801 1.452232 0.6469546 1.798801 1.319683 0.5452467 1.798801 0.9996822 0.4795027 2.0988 0.9996822 0.4795027 2.098804 1.86551 1.008995 2.098804 1.899683 0.9640353 2.098804 1.635054 1.064339 2.098804 1.673856 1.09001 1.798801 1.899683 0.9640353 1.798801 1.86551 1.008995 1.798801 1.673856 1.09001 1.798801 1.635054 1.064339 1.798801 1.339989 0.5008031 1.798801 1.047303 0.440671 2.0988 1.047303 0.440671 2.098804 1.852062 -0.1528766 2.0988 1.047304 -0.1528766 2.098804 1.339989 0.5008031 2.098804 1.486195 0.6129912 2.098804 1.595536 0.7554872 2.098804 1.66427 0.9214271 1.798801 1.852062 -0.1528766 1.798801 1.047304 -0.1528766 1.798801 1.66427 0.9214271 1.798801 1.595536 0.7554872 1.798801 1.486195 0.6129912 2.098804 1.678835 1.036205 1.798801 1.678835 1.036205 2.098804 1.84367 0.9590329 1.798801 1.84367 0.9590329 1.798801 1.339987 -0.1528766 2.098802 1.339987 -0.1528766 2.098801 1.339987 -0.2004974 1.798801 1.339987 -0.2004974 2.098802 1.486193 -0.1528766 1.798801 1.486193 -0.1528766 1.798801 1.486193 -0.2004974 2.098802 1.486193 -0.2004974 1.798801 1.848794 0.2567815 2.098804 1.899683 0.2567815 1.798801 1.899683 0.2567815 2.098804 1.848794 0.2567815 2.098804 1.84458 0.7568136 1.798801 1.84458 0.7568136 1.798801 1.899683 0.7568136 2.098804 1.899683 0.7568136 3.102234 1.899683 -0.2004974 3.10223 0.999683 -0.2004974 3.102234 1.319683 0.5452467 3.102234 1.452232 0.6469546 3.102234 1.553939 0.7795029 3.102234 1.617875 0.9338586 2.802231 1.899683 -0.2004974 2.802231 0.999683 -0.2004974 2.802231 1.617875 0.9338586 2.802231 1.553939 0.7795029 2.802231 1.452232 0.6469546 2.802231 1.319683 0.5452467 2.802231 0.9996822 0.4795027 3.10223 0.9996822 0.4795027 3.102234 1.86551 1.008995 3.102234 1.899683 0.9640353 3.102234 1.635054 1.064339 3.102234 1.673856 1.09001 2.802231 1.899683 0.9640353 2.802231 1.86551 1.008995 2.802231 1.673856 1.09001 2.802231 1.635054 1.064339 2.802231 1.339989 0.5008031 2.802231 1.047303 0.440671 3.102231 1.047303 0.440671 3.102234 1.852062 -0.1528766 3.102231 1.047304 -0.1528766 3.102234 1.339989 0.5008031 3.102234 1.486195 0.6129912 3.102234 1.595536 0.7554872 3.102234 1.66427 0.9214271 2.802231 1.852062 -0.1528766 2.802231 1.047304 -0.1528766 2.802231 1.66427 0.9214271 2.802231 1.595536 0.7554872 2.802231 1.486195 0.6129912 3.102234 1.678835 1.036205 2.802231 1.678835 1.036205 3.102234 1.84367 0.9590329 2.802231 1.84367 0.9590329 2.802231 1.339987 -0.1528766 3.102232 1.339987 -0.1528766 3.102232 1.339987 -0.2004974 2.802231 1.339987 -0.2004974 3.102232 1.486193 -0.1528766 2.802231 1.486193 -0.1528766 2.802231 1.486193 -0.2004974 3.102232 1.486193 -0.2004974 2.802231 1.848794 0.2567815 3.102234 1.899683 0.2567815 2.802231 1.899683 0.2567815 3.102234 1.848794 0.2567815 3.102234 1.84458 0.7568136 2.802231 1.84458 0.7568136 2.802231 1.899683 0.7568136 3.102234 1.899683 0.7568136 4 2.300001 0.8 4 1.9 -1 4 2.300001 -1 0 2.300001 0.8 0 1.9 -1 0 2.300001 -1 4 2.300001 0.4999999 4 1.9 0.4999999 0 2.300001 0.4999999 0 1.9 0.4999999 4 1.7 -1 0 1.7 -1 4 1.9 0.7650054 4 1.934994 0.8 0 1.934994 0.8 0 1.9 0.7650054 4 1.7 0.4650053 4 1.734994 0.4999999 0 1.734994 0.4999999 0 1.7 0.4650053 4 1.7 0.2000004 0 1.7 0.2000004 4 0 0.2000004 0 0 0.2000004 3 0 0.2000004 1 0 0.2000004 4 1.7 -0.1999998 0 1.7 -0.1999998 4 0 -0.1999998 0 0 -0.1999998 3 0 -0.1999998 1 0 -0.1999998 4 0.2000004 0.2000004 0 0.2000004 0.2000004 3 0.2000004 0.2000004 1 0.2000004 0.2000004 4 0.2000004 -0.1999998 0 0.2000004 -0.1999998 3 0.2000004 -0.1999998 1 0.2000004 -0.1999998 4 0.3000003 0.2999998 4 1.7 0.2999998 1 1.7 0.2999998 0 1.7 0.2999998 3 1.7 0.2999998 4 0.3000003 -0.3000002 4 1.7 -0.3000002 1 1.7 -0.3000002 0 1.7 -0.3000002 3 1.7 -0.3000002 0 0.3000003 0.2999998 3 0.3000003 0.2999998 1 0.3000003 0.2999998 0 0.3000003 -0.3000002 3 0.3000003 -0.3000002 1 0.3000003 -0.3000002 4 2.276196 0.8 0 2.276196 0.8 1.103429 0.999683 -0.2004974 1.103433 1.673856 1.09001 0.8034294 1.673856 1.09001 1.103433 1.86551 1.008995 0.8034294 1.86551 1.008995 1.103429 0.9996822 0.4795027 1.103433 1.86551 1.008995 1.103433 1.673856 1.09001 0.8034294 0.9996822 0.4795027 0.8034294 1.319683 0.5452467 0.8034294 0.999683 -0.2004974 1.103433 1.899683 -0.2004974 1.103433 1.452232 0.6469546 1.103433 1.319683 0.5452467 1.103433 1.553939 0.7795029 1.103433 1.617875 0.9338586 0.8034294 1.339987 -0.2004974 0.8034294 1.553939 0.7795029 0.8034294 1.617875 0.9338586 0.8034294 1.452232 0.6469546 1.103433 1.899683 0.9640353 0.8034294 1.673856 1.09001 0.8034294 1.86551 1.008995 0.8034294 1.899683 0.9640353 0.8034294 1.899683 0.2567815 0.8034294 1.899683 -0.2004974 1.103431 1.486193 -0.2004974 1.10343 1.339987 -0.2004974 0.8034294 1.486193 -0.2004974 1.103433 1.899683 -0.2004974 0.8034294 1.899683 -0.2004974 0.8034294 0.999683 -0.2004974 1.103429 0.999683 -0.2004974 1.103433 1.899683 0.2567815 1.103433 1.899683 0.7568136 0.8034294 1.899683 0.7568136 1.103433 1.635054 1.064339 0.8034294 1.635054 1.064339 2.0988 0.999683 -0.2004974 2.098804 1.673856 1.09001 1.798801 1.673856 1.09001 2.098804 1.86551 1.008995 1.798801 1.86551 1.008995 2.0988 0.9996822 0.4795027 2.098804 1.86551 1.008995 2.098804 1.673856 1.09001 1.798801 0.9996822 0.4795027 1.798801 1.319683 0.5452467 1.798801 0.999683 -0.2004974 2.098804 1.899683 -0.2004974 2.098804 1.452232 0.6469546 2.098804 1.319683 0.5452467 2.098804 1.553939 0.7795029 2.098804 1.617875 0.9338586 1.798801 1.339987 -0.2004974 1.798801 1.553939 0.7795029 1.798801 1.617875 0.9338586 1.798801 1.452232 0.6469546 2.098804 1.899683 0.9640353 1.798801 1.673856 1.09001 1.798801 1.86551 1.008995 1.798801 1.899683 0.9640353 1.798801 1.899683 0.2567815 1.798801 1.899683 -0.2004974 2.098802 1.486193 -0.2004974 2.098801 1.339987 -0.2004974 1.798801 1.486193 -0.2004974 2.098804 1.899683 -0.2004974 1.798801 1.899683 -0.2004974 1.798801 0.999683 -0.2004974 2.0988 0.999683 -0.2004974 2.098804 1.899683 0.2567815 2.098804 1.899683 0.7568136 1.798801 1.899683 0.7568136 2.098804 1.635054 1.064339 1.798801 1.635054 1.064339 3.10223 0.999683 -0.2004974 3.102234 1.673856 1.09001 2.802231 1.673856 1.09001 3.102234 1.86551 1.008995 2.802231 1.86551 1.008995 3.10223 0.9996822 0.4795027 3.102234 1.86551 1.008995 3.102234 1.673856 1.09001 2.802231 0.9996822 0.4795027 2.802231 1.319683 0.5452467 2.802231 0.999683 -0.2004974 3.102234 1.899683 -0.2004974 3.102234 1.452232 0.6469546 3.102234 1.319683 0.5452467 3.102234 1.553939 0.7795029 3.102234 1.617875 0.9338586 2.802231 1.339987 -0.2004974 2.802231 1.553939 0.7795029 2.802231 1.617875 0.9338586 2.802231 1.452232 0.6469546 3.102234 1.899683 0.9640353 2.802231 1.673856 1.09001 2.802231 1.86551 1.008995 2.802231 1.899683 0.9640353 2.802231 1.899683 0.2567815 2.802231 1.899683 -0.2004974 3.102232 1.486193 -0.2004974 3.102232 1.339987 -0.2004974 2.802231 1.486193 -0.2004974 3.102234 1.899683 -0.2004974 2.802231 1.899683 -0.2004974 2.802231 0.999683 -0.2004974 3.10223 0.999683 -0.2004974 3.102234 1.899683 0.2567815 3.102234 1.899683 0.7568136 2.802231 1.899683 0.7568136 3.102234 1.635054 1.064339 2.802231 1.635054 1.064339 0 2.300001 0.8 0 2.300001 0.4999999 0 2.276196 0.8 0 1.934994 0.8 0 1.9 0.7650054 0 1.9 0.4999999 0 1.9 0.4999999 4 1.9 0.4999999 4 1.9 0.7650054 0 1.9 0.7650054 4 1.934994 0.8 4 1.9 0.7650054 4 1.9 0.4999999 4 2.300001 0.4999999 4 2.276196 0.8 4 2.300001 0.8 4 0.2000004 0.2000004 0 0.2000004 0.2000004 0 0 0.2000004 1 0 0.2000004 3 0 0.2000004 4 0 0.2000004 0 0 -0.1999998 0 0.2000004 -0.1999998 1 0 -0.1999998 3 0 -0.1999998 4 0.2000004 -0.1999998 4 0 -0.1999998 4 0.3000003 0.2999998 4 1.7 -0.3000002 4 0.3000003 -0.3000002 4 1.7 0.2999998 0 1.7 -0.3000002 0 0.3000003 -0.3000002 0 0.3000003 0.2999998 0 1.7 0.2999998 4 0 -0.1999998 4 0 0.2000004 0 0 0.2000004 0 0 -0.1999998 0 2.300001 0.8 4 2.300001 0.8 4 1.734994 0.4999999 4 1.7 0.4650053 4 1.7 -1 4 1.9 -1 0 1.9 -1 0 1.7 -1 0 1.7 0.4650053 0 1.734994 0.4999999 0 2.300001 -1 4 2.300001 -1 4 2.300001 -1 0 2.300001 -1 4 1.7 0.4650053 0 1.7 0.4650053 0 1.7 -1 4 1.7 -1  
			<Colors>: 0  
			<TextureCoords0>: 398 0.2275391 0.6391602 0.1132813 0.6518555 0.2338867 0.6577148 0.2407227 0.6577148 0.246582 0.6577148 0.253418 0.6577148 0.2275391 0.6264648 0.1005859 0.6518555 0.253418 0.6450195 0.246582 0.6450195 0.2407227 0.6450195 0.2338867 0.6450195 0.2250977 0.6450195 0.1953125 0.65625 0.2568359 0.6391602 0.2543945 0.6391602 0.2578125 0.6577148 0.2646484 0.6391602 0.2543945 0.6264648 0.2568359 0.6264648 0.2646484 0.6264648 0.2578125 0.6450195 0.144043 0.6401367 0.1416016 0.6523438 0.1943359 0.6542969 0.1708984 0.6206055 0.1708984 0.6542969 0.1962891 0.6420898 0.2001953 0.6357422 0.2060547 0.6318359 0.2124023 0.628418 0.1191406 0.6186523 0.1191406 0.6523438 0.1601563 0.6264648 0.1533203 0.6298828 0.1479492 0.6337891 0.2163086 0.6279297 0.1645508 0.6259766 0.2133789 0.6210938 0.1616211 0.6196289 0.1191406 0.6401367 0.1708984 0.6420898 0.1132813 0.6381836 0.1005859 0.6381836 0.1708984 0.6357422 0.1191406 0.6337891 0.1005859 0.6333008 0.1694336 0.6357422 0.1347656 0.6191406 0.237793 0.6391602 0.237793 0.6264648 0.1870117 0.6210938 0.206543 0.6210938 0.1533203 0.6196289 0.1533203 0.6171875 0.206543 0.6186523 0.2275391 0.6391602 0.1132813 0.6518555 0.2338867 0.6577148 0.2407227 0.6577148 0.246582 0.6577148 0.253418 0.6577148 0.2275391 0.6264648 0.1005859 0.6518555 0.253418 0.6450195 0.246582 0.6450195 0.2407227 0.6450195 0.2338867 0.6450195 0.2250977 0.6450195 0.1953125 0.65625 0.2568359 0.6391602 0.2543945 0.6391602 0.2578125 0.6577148 0.2646484 0.6391602 0.2543945 0.6264648 0.2568359 0.6264648 0.2646484 0.6264648 0.2578125 0.6450195 0.144043 0.6401367 0.1416016 0.6523438 0.1943359 0.6542969 0.1708984 0.6206055 0.1708984 0.6542969 0.1962891 0.6420898 0.2001953 0.6357422 0.2060547 0.6318359 0.2124023 0.628418 0.1191406 0.6186523 0.1191406 0.6523438 0.1601563 0.6264648 0.1533203 0.6298828 0.1479492 0.6337891 0.2163086 0.6279297 0.1645508 0.6259766 0.2133789 0.6210938 0.1616211 0.6196289 0.1191406 0.6401367 0.1708984 0.6420898 0.1132813 0.6381836 0.1005859 0.6381836 0.1708984 0.6357422 0.1191406 0.6337891 0.1005859 0.6333008 0.1694336 0.6357422 0.1347656 0.6191406 0.237793 0.6391602 0.237793 0.6264648 0.1870117 0.6210938 0.206543 0.6210938 0.1533203 0.6196289 0.1533203 0.6171875 0.206543 0.6186523 0.2275391 0.6391602 0.1132813 0.6518555 0.2338867 0.6577148 0.2407227 0.6577148 0.246582 0.6577148 0.253418 0.6577148 0.2275391 0.6264648 0.1005859 0.6518555 0.253418 0.6450195 0.246582 0.6450195 0.2407227 0.6450195 0.2338867 0.6450195 0.2250977 0.6450195 0.1953125 0.65625 0.2568359 0.6391602 0.2543945 0.6391602 0.2578125 0.6577148 0.2646484 0.6391602 0.2543945 0.6264648 0.2568359 0.6264648 0.2646484 0.6264648 0.2578125 0.6450195 0.144043 0.6401367 0.1416016 0.6523438 0.1943359 0.6542969 0.1708984 0.6206055 0.1708984 0.6542969 0.1962891 0.6420898 0.2001953 0.6357422 0.2060547 0.6318359 0.2124023 0.628418 0.1191406 0.6186523 0.1191406 0.6523438 0.1601563 0.6264648 0.1533203 0.6298828 0.1479492 0.6337891 0.2163086 0.6279297 0.1645508 0.6259766 0.2133789 0.6210938 0.1616211 0.6196289 0.1191406 0.6401367 0.1708984 0.6420898 0.1132813 0.6381836 0.1005859 0.6381836 0.1708984 0.6357422 0.1191406 0.6337891 0.1005859 0.6333008 0.1694336 0.6357422 0.1347656 0.6191406 0.237793 0.6391602 0.237793 0.6264648 0.1870117 0.6210938 0.206543 0.6210938 0.1533203 0.6196289 0.1533203 0.6171875 0.206543 0.6186523 0.001220703 0.7990723 0.2004395 0.02001953 0.2004395 0.0002441406 0.4257813 0.03173828 0.3991699 0.02001953 0.3991699 0.0002441406 0.001220703 0.7844238 0.0004882813 0.03076172 0.4394531 0.03173828 0.4394531 0.05029297 0.2004395 0.0300293 0.3991699 0.0300293 0.0004882813 0.05029297 0.0002441406 0.01831055 0.4257813 0.04882813 0.4272461 0.05029297 0.0002441406 0.0300293 0.0002441406 0.02807617 0.1999512 0.02807617 0.1999512 0.0300293 0.453125 0.03173828 0.453125 0.03173828 0.0004882813 0.1147461 0.1999512 0.1147461 0.05053711 0.1147461 0.1499023 0.1147461 0.472168 0.03173828 0.472168 0.03173828 0.472168 0.1103516 0.472168 0.1103516 0.2504883 0.002685547 0.3498535 0.002685547 0.0004882813 0.1047363 0.1999512 0.1047363 0.05053711 0.1047363 0.1499023 0.1047363 0.472168 0.1010742 0.472168 0.1010742 0.25 0.1049805 0.3500977 0.1049805 0.4487305 0.09667969 0.4487305 0.03173828 0.1499023 0.0300293 0.1999512 0.0300293 0.05053711 0.0300293 0.4765625 0.09667969 0.4765625 0.03173828 0.3500977 0.03027344 0.4001465 0.03027344 0.25 0.03027344 0.1999512 0.09985352 0.05053711 0.09985352 0.1499023 0.09985352 0.4001465 0.1000977 0.25 0.1000977 0.3500977 0.1000977 0.0002441406 0.001194179 0.4257813 0.03320313 0.1694336 0.65625 0.2587891 0.6577148 0.2587891 0.6450195 0.2568359 0.6391602 0.2568359 0.6264648 0.2250977 0.6577148 0.2158203 0.6206055 0.21875 0.6279297 0.1435547 0.6538086 0.1459961 0.640625 0.1171875 0.6538086 0.1694336 0.6186523 0.2016602 0.637207 0.1977539 0.6425781 0.2070313 0.6333008 0.2124023 0.6308594 0.1171875 0.6401367 0.1542969 0.6308594 0.1601563 0.628418 0.1494141 0.6352539 0.2138672 0.6186523 0.1660156 0.6264648 0.1635742 0.6186523 0.1616211 0.6171875 0.1347656 0.6171875 0.1171875 0.6171875 0.1132813 0.6333008 0.1694336 0.6420898 0.1171875 0.6337891 0.1132813 0.6171875 0.1005859 0.6171875 0.2041016 0.6450195 0.2041016 0.6577148 0.1870117 0.6186523 0.25 0.6391602 0.25 0.6264648 0.2172852 0.6293945 0.1655273 0.6274414 0.1694336 0.65625 0.2587891 0.6577148 0.2587891 0.6450195 0.2568359 0.6391602 0.2568359 0.6264648 0.2250977 0.6577148 0.2158203 0.6206055 0.21875 0.6279297 0.1435547 0.6538086 0.1459961 0.640625 0.1171875 0.6538086 0.1694336 0.6186523 0.2016602 0.637207 0.1977539 0.6425781 0.2070313 0.6333008 0.2124023 0.6308594 0.1171875 0.6401367 0.1542969 0.6308594 0.1601563 0.628418 0.1494141 0.6352539 0.2138672 0.6186523 0.1660156 0.6264648 0.1635742 0.6186523 0.1616211 0.6171875 0.1347656 0.6171875 0.1171875 0.6171875 0.1132813 0.6333008 0.1694336 0.6420898 0.1171875 0.6337891 0.1132813 0.6171875 0.1005859 0.6171875 0.2041016 0.6450195 0.2041016 0.6577148 0.1870117 0.6186523 0.25 0.6391602 0.25 0.6264648 0.2172852 0.6293945 0.1655273 0.6274414 0.1694336 0.65625 0.2587891 0.6577148 0.2587891 0.6450195 0.2568359 0.6391602 0.2568359 0.6264648 0.2250977 0.6577148 0.2158203 0.6206055 0.21875 0.6279297 0.1435547 0.6538086 0.1459961 0.640625 0.1171875 0.6538086 0.1694336 0.6186523 0.2016602 0.637207 0.1977539 0.6425781 0.2070313 0.6333008 0.2124023 0.6308594 0.1171875 0.6401367 0.1542969 0.6308594 0.1601563 0.628418 0.1494141 0.6352539 0.2138672 0.6186523 0.1660156 0.6264648 0.1635742 0.6186523 0.1616211 0.6171875 0.1347656 0.6171875 0.1171875 0.6171875 0.1132813 0.6333008 0.1694336 0.6420898 0.1171875 0.6337891 0.1132813 0.6171875 0.1005859 0.6171875 0.2041016 0.6450195 0.2041016 0.6577148 0.1870117 0.6186523 0.25 0.6391602 0.25 0.6264648 0.2172852 0.6293945 0.1655273 0.6274414 0.199707 0.7990723 0.199707 0.7844238 0.1999512 0.001194179 0.1999512 0.01831055 0.2001953 0.05029297 0.2001953 0.03076172 0.1999512 0.02001953 0.0002441406 0.02001953 0.0002441406 0.02001953 0.1999512 0.02001953 0.4257813 0.04882813 0.4272461 0.05029297 0.4394531 0.05029297 0.4394531 0.03173828 0.4257813 0.03320313 0.4257813 0.03173828 0.453125 0.1010742 0.453125 0.1010742 0.453125 0.1103516 0.3498535 0.01782227 0.2504883 0.01782227 0.453125 0.1103516 0.4001465 0.1152344 0.4001465 0.1049805 0.3500977 0.1152344 0.25 0.1152344 0.2001953 0.1049805 0.2001953 0.1152344 0.0004882813 0.09985352 0.2001953 0.03027344 0.2001953 0.1000977 0.0004882813 0.0300293 0.4765625 0.03173828 0.4765625 0.09667969 0.4487305 0.09667969 0.4487305 0.03173828 0.2006836 0.002685547 0.2006836 0.01782227 0.3994141 0.01782227 0.3994141 0.002685547 0.1999512 0 0.0002441406 0 0.4394531 0.05810547 0.440918 0.05957031 0.5078125 0.05957031 0.5078125 0.05029297 0.5078125 0.05029297 0.5078125 0.05957031 0.440918 0.05957031 0.4394531 0.05810547 0.5078125 0.03173828 0.5078125 0.03173828 0.001220703 0.7110123 0.199707 0.7110123 0.2011719 0.03076172 0.3994141 0.03076172 0.3994141 0.09033203 0.2011719 0.09033203  
			<TextureCoords1>: 398 0.7058192 0.6586891 0.8587747 0.6586896 0.6189838 0.7362039 0.6393786 0.7362038 0.6597734 0.7362038 0.6801682 0.7362037 0.7058192 0.6953108 0.8587747 0.6953108 0.680168 0.699582 0.6597733 0.6995821 0.6393785 0.6995822 0.6189837 0.6995822 0.5791049 0.6995824 0.5706218 0.5410124 0.9521635 0.7108042 0.8479748 0.6586891 0.6962335 0.7362037 0.9521635 0.7362039 0.8479748 0.6953108 0.9155418 0.7108042 0.9155418 0.7362039 0.6962333 0.699582 0.581705 0.6132411 0.5743647 0.6489695 0.575362 0.5351993 0.6478169 0.4369616 0.6478169 0.5351992 0.5680217 0.4994708 0.5543267 0.4816233 0.5369321 0.468276 0.5166757 0.4598855 0.5019097 0.5507318 0.5019098 0.6489694 0.633051 0.5736557 0.6127946 0.5820463 0.5954 0.5953935 0.5026646 0.4581076 0.6470621 0.5718778 0.5120851 0.437986 0.6376416 0.5517563 0.5019098 0.6132413 0.6478169 0.4994711 0.9003161 0.6586894 0.900316 0.6953108 0.647817 0.4816236 0.5019097 0.5953938 0.9181635 0.6953108 0.65363 0.4816235 0.551917 0.5511308 0.7616396 0.6586891 0.7616397 0.6953108 0.5978096 0.4373605 0.5367702 0.4378749 0.6129565 0.5516452 0.6129565 0.5449187 0.5367702 0.4311485 0.6490521 0.3906206 0.4960966 0.3500931 0.6189838 0.6953108 0.6393786 0.6953107 0.6597734 0.6953107 0.6801682 0.6953106 0.6490521 0.4272422 0.4960966 0.3867143 0.680168 0.658689 0.6597732 0.658689 0.6393785 0.6586891 0.6189837 0.6586891 0.5791049 0.6586893 0.7320616 0.5410124 0.475589 0.1297053 0.7912077 0.3906206 0.6962335 0.6953106 0.475589 0.155105 0.7912077 0.4272422 0.4389673 0.1297053 0.4389673 0.155105 0.6962333 0.6586889 0.7431449 0.6132411 0.7358045 0.6489695 0.7368018 0.5351993 0.8092567 0.4369616 0.8092567 0.5351992 0.7294614 0.4994708 0.7157665 0.4816233 0.6983719 0.468276 0.6781154 0.4598855 0.6633495 0.5507318 0.6633496 0.6489694 0.7944909 0.5736557 0.7742344 0.5820463 0.7568398 0.5953935 0.6641044 0.4581076 0.8085019 0.5718778 0.6735249 0.437986 0.7990814 0.5517563 0.6633496 0.6132413 0.8092567 0.4994711 0.5376379 0.3500929 0.5376379 0.3867143 0.8092567 0.4816236 0.6633496 0.5953938 0.5554854 0.3867142 0.8150698 0.4816235 0.7133569 0.5511308 0.7048726 0.3906205 0.7048726 0.4272422 0.7592494 0.4373605 0.6982099 0.4378749 0.7743963 0.5516452 0.7743963 0.5449187 0.6982099 0.4311485 0.4960966 0.3906205 0.8020077 0.390621 0.8287064 0.7362039 0.8491012 0.7362038 0.869496 0.7362038 0.8898908 0.7362037 0.4960966 0.4272422 0.8020077 0.4272422 0.8898906 0.699582 0.8694959 0.6995821 0.8491011 0.6995822 0.8287063 0.6995822 0.7888275 0.6995824 0.8935013 0.5410124 0.9926913 0.7108042 0.6382522 0.3906205 0.905956 0.7362037 0.9926913 0.7362039 0.6382522 0.4272422 0.9560697 0.7108042 0.9560697 0.7362039 0.9059559 0.699582 0.9045847 0.6132411 0.8972443 0.6489695 0.8982416 0.5351993 0.9706964 0.4369616 0.9706964 0.5351992 0.8909012 0.4994708 0.8772063 0.4816233 0.8598117 0.468276 0.8395552 0.4598855 0.8247893 0.5507318 0.8247895 0.6489694 0.9559307 0.5736557 0.9356743 0.5820463 0.9182796 0.5953935 0.8255442 0.4581076 0.9699417 0.5718778 0.8349646 0.437986 0.9605213 0.5517563 0.8247895 0.6132413 0.9706965 0.4994711 0.843549 0.3906208 0.843549 0.4272422 0.9706965 0.4816236 0.8247894 0.5953938 0.8613965 0.4272422 0.9765096 0.4816235 0.8747966 0.5511308 0.551917 0.3906205 0.5519171 0.4272422 0.9206892 0.4373605 0.8596498 0.4378749 0.9358361 0.5516452 0.9358361 0.5449187 0.8596497 0.4311485 0.003906315 0.6992171 0.003906569 0.9716796 0.00390625 0.922851 0.223634 0.004713118 0.4921903 0.9716796 0.4921899 0.922851 0.003906305 0.7358384 0.9843805 0.9660038 0.1870127 0.004713118 0.1870127 0.05354172 0.003906785 0.9960938 0.4921905 0.9960938 0.9843805 0.9336544 0.4921903 0.4727862 0.223634 0.04926986 0.2193622 0.05354172 0.9843805 0.9960938 0.9843809 0.9900525 0.4960971 0.9900525 0.4960967 0.9960938 0.435061 0.01692057 0.2275404 0.09406942 0.4921903 0.6953108 0.003906515 0.6953108 0.3701192 0.6953107 0.1259774 0.6953108 0.435061 0.06574899 0.2275406 0.1428978 0.2275405 0.06574899 0.4350611 0.1428978 0.3701191 0.2078399 0.1259773 0.2078397 0.4921902 0.6708965 0.003906421 0.6708965 0.3701192 0.6708965 0.1259774 0.6708965 0.2519547 0.06574893 0.4106469 0.1428979 0.1259774 0.399909 0.3701192 0.399909 0.2641616 0.004713476 0.435061 0.004713535 0.1259772 0.4827339 0.00390625 0.4827339 0.3701191 0.4827338 0.264162 0.07795608 0.4350611 0.07795614 0.3701191 0.2117462 0.4921901 0.2117462 0.1259772 0.2117463 0.003906324 0.6536332 0.3701192 0.6536331 0.1259772 0.6536332 0.4921902 0.3826455 0.1259772 0.3826455 0.3701192 0.3826455 0.49219 0.4311354 0.223634 0.007619023 0.6536301 0.5410123 0.7019129 0.7362036 0.7019128 0.699582 0.8548685 0.6586891 0.8548685 0.6953108 0.5791051 0.7362036 0.5059862 0.43532 0.4960966 0.4587153 0.5791049 0.6547827 0.5871303 0.6157198 0.4960967 0.6547825 0.65363 0.4311485 0.5501808 0.4857693 0.5625964 0.5019495 0.5340005 0.4733537 0.5151581 0.4655489 0.4960967 0.6132413 0.6157262 0.587124 0.6345686 0.5793192 0.5995459 0.5995395 0.5114744 0.4311485 0.6536301 0.5724856 0.6437406 0.5490902 0.6382523 0.5449187 0.551917 0.5449187 0.4960966 0.5449187 0.9181635 0.6586894 0.65363 0.499471 0.4960966 0.5953938 0.9686385 0.6586891 0.9686385 0.6953108 0.4960966 0.6995827 0.4960967 0.7362039 0.5978096 0.4311485 0.822679 0.6586891 0.822679 0.6953108 0.4992303 0.463452 0.6504964 0.5772222 0.8150699 0.5410123 0.7019129 0.6953105 0.7019128 0.6586889 0.7981014 0.3906205 0.7981014 0.4272422 0.579105 0.6953105 0.6674259 0.43532 0.6575364 0.4587153 0.7405447 0.6547827 0.7485701 0.6157198 0.6575365 0.6547825 0.8150698 0.4311485 0.7116206 0.4857693 0.7240362 0.5019495 0.6954402 0.4733537 0.6765979 0.4655489 0.6575365 0.6132413 0.7771661 0.587124 0.7960084 0.5793192 0.7609857 0.5995395 0.6729142 0.4311485 0.81507 0.5724856 0.8051804 0.5490902 0.7996921 0.5449187 0.7133568 0.5449187 0.6575364 0.5449187 0.5554854 0.3500928 0.8150698 0.499471 0.6575364 0.5953938 0.6059604 0.3500926 0.6059604 0.3867142 0.4960966 0.6586896 0.4960967 0.6953108 0.7592493 0.4311485 0.765912 0.3906206 0.765912 0.4272422 0.6606701 0.463452 0.8119363 0.5772222 0.9765097 0.5410123 0.9116355 0.7362036 0.9116354 0.699582 0.6451459 0.3906205 0.6451459 0.4272422 0.7888277 0.7362036 0.8288657 0.43532 0.8189762 0.4587153 0.9019845 0.6547827 0.9100099 0.6157198 0.8189763 0.6547825 0.9765096 0.4311485 0.8730603 0.4857693 0.8854759 0.5019495 0.85688 0.4733537 0.8380377 0.4655489 0.8189763 0.6132413 0.9386058 0.587124 0.9574482 0.5793192 0.9224256 0.5995395 0.834354 0.4311485 0.9765098 0.5724856 0.9666202 0.5490902 0.9611319 0.5449187 0.8747966 0.5449187 0.8189762 0.5449187 0.8613965 0.3906208 0.9765096 0.499471 0.8189763 0.5953938 0.9118716 0.3906205 0.9118716 0.4272422 0.7058192 0.6995827 0.7058193 0.7362039 0.9206891 0.4311485 0.6129564 0.3906205 0.6129565 0.4272422 0.8221099 0.463452 0.9733761 0.5772222 0.4921903 0.6992171 0.4921903 0.7358384 0.003906284 0.4311354 0.003906581 0.4727862 0.4960967 0.9336544 0.4960967 0.9660038 0.4960969 0.9699101 0.9843807 0.9699101 0.49219 0.4788275 0.003906253 0.4788275 0.00390635 0.126419 0.008178189 0.1306909 0.04052767 0.1306908 0.04052755 0.08186215 0.00390625 0.08476812 0.003906349 0.08186221 0.2519546 0.01692051 0.4106467 0.09406942 0.435061 0.09406942 0.1259772 0.1590112 0.370119 0.1590115 0.2275403 0.01692057 0.4921903 0.4243233 0.4921902 0.399909 0.3701191 0.4243232 0.1259774 0.4243233 0.003906406 0.399909 0.003906499 0.4243232 0.4921902 0.6536331 0.00390625 0.2117463 0.003906311 0.3826455 0.4921901 0.4827338 0.2275406 0.155105 0.3984398 0.155105 0.3984396 0.08186239 0.2275403 0.08186239 0.49219 0.2078398 0.4921899 0.1590114 0.00390625 0.1590114 0.003906396 0.2078398 0.00390625 0.4282295 0.49219 0.4282295 0.04052766 0.1508331 0.04479977 0.1551049 0.2236341 0.155105 0.2236341 0.1306908 0.003906391 0.05354166 0.003906519 0.0779559 0.182741 0.0779559 0.1870129 0.07368404 0.00390625 0.004713118 0.2236339 0.08186221 0.00390625 0.9189447 0.4921903 0.9189447 0.9843807 0.7401102 0.4960966 0.7401102 0.4960966 0.9189447 0.9843807 0.9189447  
			<Normals>: 398 0.5773503 0.5773503 -0.5773503 0.5773299 -0.5773605 -0.5773605 0.7611851 -0.2695171 0.5898795 0.7377093 -0.4773808 0.4773808 0.7377065 -0.584684 0.3375407 0.7377015 -0.6521267 0.1747204 -0.5773503 0.5773503 -0.5773503 -0.5773503 -0.5773503 -0.5773503 -0.7377015 -0.6521267 0.1747204 -0.7377065 -0.584684 0.3375407 -0.7377093 -0.4773808 0.4773808 -0.7611714 -0.2695122 0.5898994 -0.588748 -0.6264394 0.5108323 0.588748 -0.6264394 0.5108323 0.6534886 0.4643272 0.5977901 0.6418197 0.7267242 0.2448254 0.6245862 -0.6622475 0.4139085 0.6146032 -0.0726671 0.7854822 -0.6418197 0.7267242 0.2448254 -0.6534674 0.4643427 0.5978011 -0.6146032 -0.0726671 0.7854822 -0.6245862 -0.6622475 0.4139085 -1 0 0 -1 0 0 1 0 0 1 0 0 1 0 0 1 0 0 1 0 0 1 0 0 1 0 0 -1 0 0 -1 0 0 -1 0 0 -1 0 0 -1 0 0 1 0 0 -1 0 0 1 0 0 -1 0 0 -1 0 0 1 0 0 0.7071068 0 -0.7071068 -0.7071068 0 -0.7071068 1 0 0 -1 0 0 -0.7071068 0 -0.7071068 0.7071068 0 -0.7071068 -1 0 0 0.7071068 0.7071068 0 -0.7071068 0.7071068 0 1 0 0 1 0 0 -1 0 0 -0.7071068 0.7071068 0 0.7071068 0.7071068 0 0.5773503 0.5773503 -0.5773503 0.5773299 -0.5773605 -0.5773605 0.7611851 -0.2695171 0.5898795 0.7377093 -0.4773808 0.4773808 0.7377065 -0.584684 0.3375407 0.7377015 -0.6521267 0.1747204 -0.5773503 0.5773503 -0.5773503 -0.5773503 -0.5773503 -0.5773503 -0.7377015 -0.6521267 0.1747204 -0.7377065 -0.584684 0.3375407 -0.7377093 -0.4773808 0.4773808 -0.7611714 -0.2695122 0.5898994 -0.588748 -0.6264394 0.5108323 0.588748 -0.6264394 0.5108323 0.6534793 0.4643511 0.5977815 0.6418197 0.7267242 0.2448254 0.6245862 -0.6622475 0.4139085 0.6146032 -0.0726671 0.7854822 -0.6418197 0.7267242 0.2448254 -0.6534793 0.4643511 0.5977815 -0.6146032 -0.0726671 0.7854822 -0.6245862 -0.6622475 0.4139085 -1 0 0 -1 0 0 1 0 0 1 0 0 1 0 0 1 0 0 1 0 0 1 0 0 1 0 0 -1 0 0 -1 0 0 -1 0 0 -1 0 0 -1 0 0 1 0 0 -1 0 0 1 0 0 -1 0 0 -1 0 0 1 0 0 0.7071068 0 -0.7071068 -0.7071068 0 -0.7071068 1 0 0 -1 0 0 -0.7071068 0 -0.7071068 0.7071068 0 -0.7071068 -1 0 0 0.7071068 0.7071068 0 -0.7071068 0.7071068 0 1 0 0 1 0 0 -1 0 0 -0.7071068 0.7071068 0 0.7071068 0.7071068 0 0.5773503 0.5773503 -0.5773503 0.5773299 -0.5773605 -0.5773605 0.7611851 -0.2695171 0.5898795 0.7377093 -0.4773808 0.4773808 0.7377065 -0.584684 0.3375407 0.7377015 -0.6521267 0.1747204 -0.5773503 0.5773503 -0.5773503 -0.5773503 -0.5773503 -0.5773503 -0.7377015 -0.6521267 0.1747204 -0.7377065 -0.584684 0.3375407 -0.7377093 -0.4773808 0.4773808 -0.7611714 -0.2695122 0.5898994 -0.588748 -0.6264394 0.5108323 0.588748 -0.6264394 0.5108323 0.6534793 0.4643511 0.5977815 0.6418197 0.7267242 0.2448254 0.6245862 -0.6622475 0.4139085 0.6146032 -0.0726671 0.7854822 -0.6418197 0.7267242 0.2448254 -0.6534793 0.4643511 0.5977815 -0.6146032 -0.0726671 0.7854822 -0.6245862 -0.6622475 0.4139085 -1 0 0 -1 0 0 1 0 0 1 0 0 1 0 0 1 0 0 1 0 0 1 0 0 1 0 0 -1 0 0 -1 0 0 -1 0 0 -1 0 0 -1 0 0 1 0 0 -1 0 0 1 0 0 -1 0 0 -1 0 0 1 0 0 0.7071068 0 -0.7071068 -0.7071068 0 -0.7071068 1 0 0 -1 0 0 -0.7071068 0 -0.7071068 0.7071068 0 -0.7071068 -1 0 0 0.7071068 0.7071068 0 -0.7071068 0.7071068 0 1 0 0 1 0 0 -1 0 0 -0.7071068 0.7071068 0 0.7071068 0.7071068 0 0 0.7071068 0.7071068 0 0 -1 0 0 -1 -1 0 0 0 0 -1 0 0 -1 0 1 0 0 -1 0 -1 0 0 -1 0 0 0 0 -1 0 0 -1 0 -0.9238803 0.3826815 0 -0.3826815 0.9238803 -1 0 0 -1 0 0 0 -0.9238803 0.3826815 0 -0.3826815 0.9238803 0 -0.3826815 0.9238803 0 -0.9238803 0.3826815 1 0 0 -1 0 0 0 -0.7071068 0.7071068 0 -0.7071068 0.7071068 0 -0.7071068 0.7071068 0 -0.7071068 0.7071068 1 0 0 -1 0 0 1 0 0 -1 0 0 0 -0.7071068 -0.7071068 0 -0.7071068 -0.7071068 0 -0.3826815 0.9238803 0 -0.3826815 0.9238803 0 -0.3826815 0.9238803 0 -0.3826815 0.9238803 1 0 0 -1 0 0 0 -0.3826815 -0.9238803 0 -0.3826815 -0.9238803 1 0 0 1 0 0 0 0 1 0 0 1 0 0 1 1 0 0 1 0 0 0 0 -1 0 0 -1 0 0 -1 0 -0.3826815 0.9238803 0 -0.3826815 0.9238803 0 -0.3826815 0.9238803 0 -0.3826815 -0.9238803 0 -0.3826815 -0.9238803 0 -0.3826815 -0.9238803 0 0 1 -1 0 0 0.5773299 -0.5773605 -0.5773605 0.6146032 -0.0726671 0.7854822 -0.6146032 -0.0726671 0.7854822 0.6534886 0.4643272 0.5977901 -0.6534674 0.4643427 0.5978011 0.588748 -0.6264394 0.5108323 0.6534886 0.4643272 0.5977901 0.6146032 -0.0726671 0.7854822 -0.588748 -0.6264394 0.5108323 -0.7611714 -0.2695122 0.5898994 -0.5773503 -0.5773503 -0.5773503 0.5773503 0.5773503 -0.5773503 0.7377093 -0.4773808 0.4773808 0.7611851 -0.2695171 0.5898795 0.7377065 -0.584684 0.3375407 0.7377015 -0.6521267 0.1747204 -0.7071068 0 -0.7071068 -0.7377065 -0.584684 0.3375407 -0.7377015 -0.6521267 0.1747204 -0.7377093 -0.4773808 0.4773808 0.6418197 0.7267242 0.2448254 -0.6146032 -0.0726671 0.7854822 -0.6534674 0.4643427 0.5978011 -0.6418197 0.7267242 0.2448254 -0.7071068 0.7071068 0 -0.5773503 0.5773503 -0.5773503 0.7071068 0 -0.7071068 0.7071068 0 -0.7071068 -0.7071068 0 -0.7071068 0.5773503 0.5773503 -0.5773503 -0.5773503 0.5773503 -0.5773503 -0.5773503 -0.5773503 -0.5773503 0.5773299 -0.5773605 -0.5773605 0.7071068 0.7071068 0 0.7071068 0.7071068 0 -0.7071068 0.7071068 0 0.6245862 -0.6622475 0.4139085 -0.6245862 -0.6622475 0.4139085 0.5773299 -0.5773605 -0.5773605 0.6146032 -0.0726671 0.7854822 -0.6146032 -0.0726671 0.7854822 0.6534793 0.4643511 0.5977815 -0.6534793 0.4643511 0.5977815 0.588748 -0.6264394 0.5108323 0.6534793 0.4643511 0.5977815 0.6146032 -0.0726671 0.7854822 -0.588748 -0.6264394 0.5108323 -0.7611714 -0.2695122 0.5898994 -0.5773503 -0.5773503 -0.5773503 0.5773503 0.5773503 -0.5773503 0.7377093 -0.4773808 0.4773808 0.7611851 -0.2695171 0.5898795 0.7377065 -0.584684 0.3375407 0.7377015 -0.6521267 0.1747204 -0.7071068 0 -0.7071068 -0.7377065 -0.584684 0.3375407 -0.7377015 -0.6521267 0.1747204 -0.7377093 -0.4773808 0.4773808 0.6418197 0.7267242 0.2448254 -0.6146032 -0.0726671 0.7854822 -0.6534793 0.4643511 0.5977815 -0.6418197 0.7267242 0.2448254 -0.7071068 0.7071068 0 -0.5773503 0.5773503 -0.5773503 0.7071068 0 -0.7071068 0.7071068 0 -0.7071068 -0.7071068 0 -0.7071068 0.5773503 0.5773503 -0.5773503 -0.5773503 0.5773503 -0.5773503 -0.5773503 -0.5773503 -0.5773503 0.5773299 -0.5773605 -0.5773605 0.7071068 0.7071068 0 0.7071068 0.7071068 0 -0.7071068 0.7071068 0 0.6245862 -0.6622475 0.4139085 -0.6245862 -0.6622475 0.4139085 0.5773299 -0.5773605 -0.5773605 0.6146032 -0.0726671 0.7854822 -0.6146032 -0.0726671 0.7854822 0.6534793 0.4643511 0.5977815 -0.6534793 0.4643511 0.5977815 0.588748 -0.6264394 0.5108323 0.6534793 0.4643511 0.5977815 0.6146032 -0.0726671 0.7854822 -0.588748 -0.6264394 0.5108323 -0.7611714 -0.2695122 0.5898994 -0.5773503 -0.5773503 -0.5773503 0.5773503 0.5773503 -0.5773503 0.7377093 -0.4773808 0.4773808 0.7611851 -0.2695171 0.5898795 0.7377065 -0.584684 0.3375407 0.7377015 -0.6521267 0.1747204 -0.7071068 0 -0.7071068 -0.7377065 -0.584684 0.3375407 -0.7377015 -0.6521267 0.1747204 -0.7377093 -0.4773808 0.4773808 0.6418197 0.7267242 0.2448254 -0.6146032 -0.0726671 0.7854822 -0.6534793 0.4643511 0.5977815 -0.6418197 0.7267242 0.2448254 -0.7071068 0.7071068 0 -0.5773503 0.5773503 -0.5773503 0.7071068 0 -0.7071068 0.7071068 0 -0.7071068 -0.7071068 0 -0.7071068 0.5773503 0.5773503 -0.5773503 -0.5773503 0.5773503 -0.5773503 -0.5773503 -0.5773503 -0.5773503 0.5773299 -0.5773605 -0.5773605 0.7071068 0.7071068 0 0.7071068 0.7071068 0 -0.7071068 0.7071068 0 0.6245862 -0.6622475 0.4139085 -0.6245862 -0.6622475 0.4139085 0 0.7071068 0.7071068 0 1 0 0 0 1 0 -0.3826815 0.9238803 0 -0.9238803 0.3826815 0 -1 0 0 0 1 0 0 1 0 -0.9238803 0.3826815 0 -0.9238803 0.3826815 1 0 0 1 0 0 1 0 0 1 0 0 1 0 0 1 0 0 1 0 0 -1 0 0 -1 0 0 0 -0.7071068 0.7071068 0 -0.7071068 0.7071068 1 0 0 0 -0.7071068 -0.7071068 0 -0.3826815 -0.9238803 0 -0.7071068 -0.7071068 0 -0.7071068 -0.7071068 0 -0.3826815 -0.9238803 0 -0.7071068 -0.7071068 0 -0.3826815 0.9238803 0 0 -1 0 -0.3826815 -0.9238803 0 0 1 -1 0 0 -1 0 0 -1 0 0 -1 0 0 0 -0.7071068 -0.7071068 0 -0.7071068 0.7071068 0 -0.7071068 0.7071068 0 -0.7071068 -0.7071068 0 0.7071068 0.7071068 0 0.7071068 0.7071068 1 0 0 1 0 0 1 0 0 1 0 0 -1 0 0 -1 0 0 -1 0 0 -1 0 0 -1 0 0 1 0 0 0 1 0 0 1 0 0 -0.9238803 0.3826815 0 -0.9238803 0.3826815 0 -1 0 0 -1 0  
			<Tangents>: 398 0.4082483 0.4082483 0.8164966 0.816511 0.4082339 0.4082339 0.01418868 0.9162604 0.4003319 0.005043056 0.7109836 0.7031904 -0.005026995 0.4951993 0.8687649 0.01426261 0.2737922 0.9616831 -0.4082483 0.4082483 0.8164966 0.8164966 -0.4082483 -0.4082483 -0.01426261 0.2737922 0.9616831 0.005026995 0.4951993 0.8687649 -0.005043056 0.7109836 0.7031904 -0.0141782 0.9162631 0.400326 0.1560568 0.5319904 0.8322455 -0.3571413 0.3653413 0.859637 0.1298769 -0.8468193 0.5157801 -0.04727996 -0.2811513 0.9584981 -0.139227 0.4270878 0.8934271 -0.2468985 -0.9634383 0.1040563 0.04727996 -0.2811513 0.9584981 -0.1298796 -0.8468132 0.5157893 0.2468985 -0.9634383 0.1040563 0.139227 0.4270878 0.8934271 0 -0.00932839 0.9999565 0 -0.02450814 0.9996997 0 -0.0008833045 0.9999996 0 0.01469278 0.9998921 0 0.001031126 0.9999995 0 -0.009142501 0.9999582 0 0.003568946 0.9999936 0 0.04131237 0.9991463 0 -0.01413329 0.9999001 0 -0.01767812 0.9998437 0 0.02476781 0.9996932 0 -0.04272995 0.9990867 0 -0.00232955 0.9999973 0 0.01827091 0.999833 0 -0.05274807 0.9986079 0 0.03103186 0.9995184 0 0.03408114 0.9994191 0 -0.0112994 0.9999362 0 0.001117447 0.9999994 0 2.318142E-06 1 0.7071068 0 0.7071068 0.7071068 0 -0.7071068 0 0.004957469 0.9999877 0 2.288491E-06 1 0.7071068 0 -0.7071068 0.7071068 -3.540209E-06 0.7071068 0 0.02127717 0.9997736 0 0 1 0 0 1 0 0.002281094 0.9999974 0 -0.006893759 0.9999762 0 2.193163E-05 1 -0.0005758505 -0.0005758505 0.9999996 0.002866558 -0.002866558 0.9999918 0.4082483 0.4082483 0.8164966 0.816511 0.4082339 0.4082339 0.01418868 0.9162604 0.4003319 0.005043056 0.7109836 0.7031904 -0.005026995 0.4951993 0.8687649 0.01426261 0.2737922 0.9616831 -0.4082483 0.4082483 0.8164966 0.8164966 -0.4082483 -0.4082483 -0.01426261 0.2737922 0.9616831 0.005026995 0.4951993 0.8687649 -0.005043056 0.7109836 0.7031904 -0.0141782 0.9162631 0.400326 0.1560568 0.5319904 0.8322455 -0.3571416 0.3653409 0.859637 0.1298926 -0.8468069 0.5157964 -0.04727996 -0.2811513 0.9584981 -0.139227 0.4270878 0.8934271 -0.2468985 -0.9634383 0.1040563 0.04727996 -0.2811513 0.9584981 -0.1298926 -0.8468069 0.5157964 0.2468985 -0.9634383 0.1040563 0.139227 0.4270878 0.8934271 0 -0.00932839 0.9999565 0 -0.02450814 0.9996997 0 -0.0008833045 0.9999996 0 0.01469278 0.9998921 0 0.001031126 0.9999995 0 -0.009142501 0.9999582 0 0.003568946 0.9999936 0 0.04131237 0.9991463 0 -0.01413329 0.9999001 0 -0.01767812 0.9998437 0 0.02476781 0.9996932 0 -0.04272995 0.9990867 0 -0.00232955 0.9999973 0 0.01827091 0.999833 0 -0.05274807 0.9986079 0 0.03103186 0.9995184 0 0.03408114 0.9994191 0 -0.0112994 0.9999362 0 0.001117447 0.9999994 0 2.318142E-06 1 0.7071068 0 0.7071068 0.7071068 0 -0.7071068 0 0.004957469 0.9999877 0 2.288491E-06 1 0.7071068 0 -0.7071068 0.7071068 -3.540208E-06 0.7071068 0 0.02127717 0.9997736 0 0 1 0 0 1 0 0.002281094 0.9999974 0 -0.006893759 0.9999762 0 2.193163E-05 1 -0.0005758505 -0.0005758505 0.9999996 0.002866639 -0.002866639 0.9999918 0.4082483 0.4082483 0.8164966 0.816511 0.4082339 0.4082339 0.01418868 0.9162604 0.4003319 0.005043056 0.7109836 0.7031904 -0.005026995 0.4951993 0.8687649 0.01426261 0.2737922 0.9616831 -0.4082483 0.4082483 0.8164966 0.8164966 -0.4082483 -0.4082483 -0.01426261 0.2737922 0.9616831 0.005026995 0.4951993 0.8687649 -0.005043056 0.7109836 0.7031904 -0.0141782 0.9162631 0.400326 0.1560568 0.5319904 0.8322455 -0.3571416 0.3653409 0.859637 0.1298926 -0.8468069 0.5157964 -0.04727996 -0.2811513 0.9584981 -0.139227 0.4270878 0.8934271 -0.2468985 -0.9634383 0.1040563 0.04727996 -0.2811513 0.9584981 -0.1298926 -0.8468069 0.5157964 0.2468985 -0.9634383 0.1040563 0.139227 0.4270878 0.8934271 0 -0.00932839 0.9999565 0 -0.02450814 0.9996997 0 -0.0008833045 0.9999996 0 0.01469278 0.9998921 0 0.001031126 0.9999995 0 -0.009142501 0.9999582 0 0.003568946 0.9999936 0 0.04131237 0.9991463 0 -0.01413329 0.9999001 0 -0.01767812 0.9998437 0 0.02476781 0.9996932 0 -0.04272995 0.9990867 0 -0.00232955 0.9999973 0 0.01827091 0.999833 0 -0.05274807 0.9986079 0 0.03103186 0.9995184 0 0.03408114 0.9994191 0 -0.0112994 0.9999362 0 0.001117447 0.9999994 0 2.318142E-06 1 0.7071068 0 0.7071068 0.7071068 0 -0.7071068 0 0.004957469 0.9999877 0 2.288491E-06 1 0.7071068 0 -0.7071068 0.7071068 -3.540209E-06 0.7071068 0 0.02127717 0.9997736 0 0 1 0 0 1 0 0.002281094 0.9999974 0 -0.006893759 0.9999762 0 2.193163E-05 1 -0.0005758505 -0.0005758505 0.9999996 0.002866639 -0.002866639 0.9999918 -1 0 0 -1 0 0 -1 0 0 0 0 -1 -1 0 0 -1 0 0 -1 0 0 -1 0 0 0 -0.002155483 -0.9999977 0 0 -1 -1 0 0 -1 0 0 -1 0 0 -1 0 0 0 -0.03867641 -0.9992518 0 -0.01321528 -0.9999127 -1 0 0 -1 0 0 -1 0 0 -1 0 0 0 -0.0004238897 -0.9999999 0 0 -1 -1 0 0 -1 0 0 -1 0 0 -1 0 0 0 0 -1 0 0.0004238897 -0.9999999 0 0 -1 0 0 -1 -1 0 0 -1 0 0 -1 0 0 -1 0 0 -1 0 0 -1 0 0 0 0.004184433 -0.9999912 0 0.004548214 -0.9999896 -1 0 0 -1 0 0 0 -0.04783893 -0.9988551 0 0 -1 -1 0 0 -1 0 0 -1 0 0 0 0.05255794 -0.9986179 0 0.002091901 -0.9999978 -1 0 0 -1 0 0 -1 0 0 -1 0 0 -1 0 0 -1 0 0 -1 0 0 -1 0 0 -1 0 0 -1 0 0 0 -0.0251362 -0.999684 0.4109639 -0.4055412 0.8164833 -0.2469194 0.927987 0.2790536 0.2469194 0.927987 0.2790536 -0.1298858 -0.7092488 0.6928895 0.1298813 -0.7092515 0.6928875 -0.1560514 0.5319942 0.832244 -0.5867059 -0.1882722 0.7876101 -0.7855992 0.03373302 0.6178156 0.4212649 0.3015659 0.8553327 0.6145824 -0.009241741 0.7887985 -0.4580348 -0.3563484 0.8143832 0.4100114 0.4064826 0.816494 -0.3749663 0.2982916 0.877737 -0.6121812 0.001646429 0.7907158 -0.3003204 0.1635775 0.9397074 -0.1003138 0.1500464 0.9835768 -0.7071068 -3.540209E-06 0.7071068 0.3603317 0.08181138 0.9292297 0.1625812 0.07958224 0.9834806 0.4070854 0.249557 0.8786369 -0.1810707 -0.166615 0.9692538 0.7308003 0.322419 0.6016452 0.4698032 -0.3704367 0.8012875 0.1612324 -0.1842409 0.9695666 0.004027011 0.004027011 0.9999838 -0.4852199 0.3260914 0.8113113 0.7071068 0 0.7071068 0.7071059 0.001567115 0.7071059 -0.7069593 -0.02042253 0.7069593 0.8164966 -0.4082483 0.4082483 0.8164966 0.4082483 -0.4082483 -0.4082476 -0.4082489 0.8164966 0.4082441 -0.4082669 0.8164894 -0.00354618 0.00354618 0.9999874 0 0 1 0 0 1 -0.3651676 0.2208354 0.9043696 0.2712955 0.3130011 0.9101808 0.4109643 -0.4055408 0.8164833 -0.2469194 0.927987 0.2790536 0.2469194 0.927987 0.2790536 -0.1298693 -0.7092404 0.6929011 0.1298693 -0.7092404 0.6929011 -0.1560514 0.5319942 0.832244 -0.586692 -0.1882877 0.7876168 -0.7855992 0.03373271 0.6178156 0.4212649 0.3015659 0.8553327 0.6145824 -0.009241741 0.7887985 -0.4580348 -0.3563484 0.8143832 0.4100119 0.4064821 0.816494 -0.3749675 0.2982898 0.8777372 -0.6121812 0.001646392 0.7907158 -0.300321 0.1635768 0.9397073 -0.1003141 0.1500461 0.9835768 -0.7071068 -3.540209E-06 0.7071068 0.3603317 0.08181138 0.9292297 0.1625812 0.07958224 0.9834806 0.4070854 0.249557 0.8786369 -0.1810711 -0.1666147 0.9692537 0.7308003 0.322419 0.6016452 0.4697875 -0.3704249 0.8013022 0.1612324 -0.1842409 0.9695666 0.004027011 0.004027011 0.9999838 -0.4852199 0.3260914 0.8113113 0.7071068 0 0.7071068 0.7071059 0.001567107 0.7071059 -0.7069593 -0.02042253 0.7069593 0.8164966 -0.4082483 0.4082483 0.8164966 0.4082483 -0.4082483 -0.4082476 -0.4082489 0.8164966 0.4082441 -0.4082669 0.8164894 -0.003546192 0.003546193 0.9999874 0 0 1 0 0 1 -0.3651682 0.2208347 0.9043695 0.2712955 0.3130011 0.9101808 0.4109643 -0.4055408 0.8164833 -0.2469194 0.927987 0.2790536 0.2469194 0.927987 0.2790536 -0.1298693 -0.7092404 0.6929011 0.1298693 -0.7092404 0.6929011 -0.1560514 0.5319942 0.832244 -0.586692 -0.1882877 0.7876168 -0.7855992 0.03373271 0.6178156 0.4212649 0.3015659 0.8553327 0.6145824 -0.009241741 0.7887985 -0.4580348 -0.3563484 0.8143832 0.4100119 0.4064821 0.816494 -0.3749663 0.2982917 0.877737 -0.6121812 0.001646429 0.7907158 -0.300321 0.1635768 0.9397073 -0.1003141 0.1500461 0.9835768 -0.7071068 -3.540209E-06 0.7071068 0.3603317 0.08181138 0.9292297 0.1625812 0.07958224 0.9834806 0.4070854 0.249557 0.8786369 -0.1810711 -0.1666147 0.9692537 0.7308003 0.322419 0.6016452 0.4697875 -0.3704249 0.8013022 0.1612324 -0.1842409 0.9695666 0.004027011 0.004027011 0.9999838 -0.4852199 0.3260914 0.8113113 0.7071068 0 0.7071068 0.7071059 0.001567115 0.7071059 -0.7069593 -0.02042253 0.7069593 0.8164966 -0.4082483 0.4082483 0.8164966 0.4082483 -0.4082483 -0.4082476 -0.4082489 0.8164966 0.4082441 -0.4082669 0.8164894 -0.003546192 0.003546193 0.9999874 0 0 1 0 0 1 -0.3651682 0.2208347 0.9043695 0.2712955 0.3130011 0.9101808 -1 0 0 -1 0 0 -1 0 0 -1 0 0 -1 0 0 -1 0 0 -1 0 0 -1 0 0 -1 0 0 -1 0 0 0 -0.01671476 -0.9998603 0 0 -1 0 -0.001311861 -0.9999992 0 -0.00284936 -0.9999959 0 -0.0251362 -0.999684 0 0 -1 0 -0.004548233 -0.9999896 0 -0.004184451 -0.9999912 0 0 -1 -1 0 0 -1 0 0 0 0 -1 -1 0 0 -1 0 0 -1 0 0 -1 0 0 -1 0 0 -1 0 0 -1 0 0 -1 0 0 -1 0 0 -1 0 0 0 0 -1 0 0.04783846 -0.9988551 0 -0.05255844 -0.9986178 0 -0.002091901 -0.9999978 -1 0 0 -1 0 0 -1 0 0 -1 0 0 -1 0 0 -1 0 0 0 -0.0002043077 -1 0 0 -1 0 -0.002271881 -0.9999974 0 -0.0007087151 -0.9999998 0 -1.269291E-05 -1 0 0 -1 0 -0.009572227 -0.9999542 0 -0.001454974 -0.9999989 0 0 -1 0 0 -1 -1 0 0 -1 0 0 -1 0 0 -1 0 0 -1 0 0 -1 0 0  
			<BiTangents>: 398 -0.7071068 0.7071068 0 0 0.7071068 -0.7071068 -0.6483795 -0.2963571 0.7012678 -0.6750996 -0.5163427 0.5269067 -0.6751028 -0.6425903 0.3623725 -0.6749763 -0.7069432 0.211278 -0.7071068 -0.7071068 0 0 0.7071068 -0.7071068 -0.6749763 0.7069432 -0.211278 -0.6751028 0.6425903 -0.3623725 -0.6750996 0.5163427 -0.5269067 -0.6483958 0.296353 -0.7012544 -0.7931092 0.5697017 -0.2154482 0.7251386 0.6885489 0.008633433 -0.7457109 0.2594173 0.6136921 -0.7653967 0.6267582 0.1460889 -0.7684451 -0.6156495 0.1745504 -0.7492023 0.2578877 0.6100737 -0.7653967 -0.6267582 -0.1460889 -0.7457289 -0.2594093 -0.6136735 -0.7492023 -0.2578877 -0.6100737 -0.7684451 0.6156495 -0.1745504 0 0.9999565 0.00932839 0 0.9996997 0.02450814 0 0.9999996 0.0008833045 0 0.9998921 -0.01469278 0 0.9999995 -0.001031126 0 0.9999582 0.009142501 0 0.9999936 -0.003568946 0 0.9991463 -0.04131237 0 0.9999001 0.01413329 0 0.9998437 0.01767812 0 0.9996932 -0.02476781 0 0.9990867 0.04272995 0 0.9999973 0.00232955 0 0.999833 -0.01827091 0 0.9986079 0.05274807 0 0.9995184 -0.03103186 0 0.9994191 -0.03408114 0 0.9999362 0.0112994 0 0.9999994 -0.001117447 0 1 -2.318142E-06 0 1 0 0 1 0 0 0.9999877 -0.004957469 0 1 -2.288491E-06 0 1 0 2.503306E-06 1 2.503306E-06 0 0.9997736 -0.02127717 -0.7071068 0.7071068 0 -0.7071068 -0.7071068 0 0 0.9999974 -0.002281094 0 0.9999762 0.006893759 0 1 -2.193163E-05 0.7071065 0.7071065 0.0008143756 -0.707101 0.707101 0.004053926 -0.7071068 0.7071068 0 0 0.7071068 -0.7071068 -0.6483795 -0.2963571 0.7012678 -0.6750996 -0.5163427 0.5269067 -0.6751028 -0.6425903 0.3623725 -0.6749763 -0.7069432 0.211278 -0.7071068 -0.7071068 0 0 0.7071068 -0.7071068 -0.6749763 0.7069432 -0.211278 -0.6751028 0.6425903 -0.3623725 -0.6750996 0.5163427 -0.5269067 -0.6483958 0.296353 -0.7012544 -0.7931092 0.5697017 -0.2154482 0.7251384 0.688549 0.00863385 -0.7457162 0.2594149 0.6136866 -0.7653967 0.6267582 0.1460889 -0.7684451 -0.6156495 0.1745504 -0.7492023 0.2578877 0.6100737 -0.7653967 -0.6267582 -0.1460889 -0.7457162 -0.2594149 -0.6136866 -0.7492023 -0.2578877 -0.6100737 -0.7684451 0.6156495 -0.1745504 0 0.9999565 0.00932839 0 0.9996997 0.02450814 0 0.9999996 0.0008833045 0 0.9998921 -0.01469278 0 0.9999995 -0.001031126 0 0.9999582 0.009142501 0 0.9999936 -0.003568946 0 0.9991463 -0.04131237 0 0.9999001 0.01413329 0 0.9998437 0.01767812 0 0.9996932 -0.02476781 0 0.9990867 0.04272995 0 0.9999973 0.00232955 0 0.999833 -0.01827091 0 0.9986079 0.05274807 0 0.9995184 -0.03103186 0 0.9994191 -0.03408114 0 0.9999362 0.0112994 0 0.9999994 -0.001117447 0 1 -2.318142E-06 0 1 0 0 1 0 0 0.9999877 -0.004957469 0 1 -2.288491E-06 0 1 0 2.503305E-06 1 2.503305E-06 0 0.9997736 -0.02127717 -0.7071068 0.7071068 0 -0.7071068 -0.7071068 0 0 0.9999974 -0.002281094 0 0.9999762 0.006893759 0 1 -2.193163E-05 0.7071065 0.7071065 0.0008143756 -0.707101 0.707101 0.00405404 -0.7071068 0.7071068 0 0 0.7071068 -0.7071068 -0.6483795 -0.2963571 0.7012678 -0.6750996 -0.5163427 0.5269067 -0.6751028 -0.6425903 0.3623725 -0.6749763 -0.7069432 0.211278 -0.7071068 -0.7071068 0 0 0.7071068 -0.7071068 -0.6749763 0.7069432 -0.211278 -0.6751028 0.6425903 -0.3623725 -0.6750996 0.5163427 -0.5269067 -0.6483958 0.296353 -0.7012544 -0.7931092 0.5697017 -0.2154482 0.7251384 0.688549 0.00863385 -0.7457162 0.2594149 0.6136866 -0.7653967 0.6267582 0.1460889 -0.7684451 -0.6156495 0.1745504 -0.7492023 0.2578877 0.6100737 -0.7653967 -0.6267582 -0.1460889 -0.7457162 -0.2594149 -0.6136866 -0.7492023 -0.2578877 -0.6100737 -0.7684451 0.6156495 -0.1745504 0 0.9999565 0.00932839 0 0.9996997 0.02450814 0 0.9999996 0.0008833045 0 0.9998921 -0.01469278 0 0.9999995 -0.001031126 0 0.9999582 0.009142501 0 0.9999936 -0.003568946 0 0.9991463 -0.04131237 0 0.9999001 0.01413329 0 0.9998437 0.01767812 0 0.9996932 -0.02476781 0 0.9990867 0.04272995 0 0.9999973 0.00232955 0 0.999833 -0.01827091 0 0.9986079 0.05274807 0 0.9995184 -0.03103186 0 0.9994191 -0.03408114 0 0.9999362 0.0112994 0 0.9999994 -0.001117447 0 1 -2.318142E-06 0 1 0 0 1 0 0 0.9999877 -0.004957469 0 1 -2.288491E-06 0 1 0 2.503306E-06 1 2.503306E-06 0 0.9997736 -0.02127717 -0.7071068 0.7071068 0 -0.7071068 -0.7071068 0 0 0.9999974 -0.002281094 0 0.9999762 0.006893759 0 1 -2.193163E-05 0.7071065 0.7071065 0.0008143756 -0.707101 0.707101 0.00405404 0 0.7071068 -0.7071068 0 1 0 0 1 0 0 1 0 0 1 0 0 1 0 0 0 -1 0 0 -1 0 0.9999977 -0.002155483 0 1 0 0 1 0 0 1 0 0 -0.3826815 -0.9238803 0 0.9238803 0.3826815 0 0.9992518 -0.03867641 0 0.9999127 -0.01321528 0 0.3826815 0.9238803 0 0.9238803 0.3826815 0 0.9238803 0.3826815 0 0.3826815 0.9238803 0 0.9999999 -0.0004238897 0 1 0 0 0.7071068 0.7071068 0 0.7071068 0.7071068 0 0.7071068 0.7071068 0 0.7071068 0.7071068 0 1 0 0 0.9999999 0.0004238897 0 1 0 0 1 0 0 0.7071068 -0.7071068 0 0.7071068 -0.7071068 0 0.9238803 0.3826815 0 0.9238803 0.3826815 0 0.9238803 0.3826815 0 0.9238803 0.3826815 0 0.9999912 0.004184433 0 0.9999896 0.004548214 0 0.9238803 -0.3826815 0 0.9238803 -0.3826815 0 0.9988551 -0.04783893 0 1 0 0 1 0 0 1 0 0 1 0 0 0.9986179 0.05255794 0 0.9999978 0.002091901 0 1 0 0 1 0 0 1 0 0 0.9238803 0.3826815 0 0.9238803 0.3826815 0 0.9238803 0.3826815 0 0.9238803 -0.3826815 0 0.9238803 -0.3826815 0 0.9238803 -0.3826815 0 1 0 0 0.999684 -0.0251362 0.7055486 0.7086545 -0.003143184 -0.7491954 -0.365458 0.5524009 -0.7491954 0.365458 -0.5524009 -0.7457093 0.5304398 0.4031765 -0.7457286 -0.5304226 -0.4031633 -0.7931103 -0.5696981 0.2154538 -0.4782561 0.8654212 -0.1493898 0.07139156 0.9967856 0.0363548 -0.6898636 0.718771 0.08635061 -0.2071391 0.9629526 0.172672 -0.6759222 0.7346309 -0.05870868 -0.7060859 0.7081233 0.002037373 0.5614135 0.8265166 -0.04105078 0.2140826 0.9629942 0.1637401 0.6046459 0.7945987 0.05492035 0.6676328 0.743113 -0.04527214 -2.503306E-06 1 2.503306E-06 -0.5709204 0.8071255 0.1503274 -0.6552585 0.7539214 0.0473156 -0.5385782 0.8425134 0.01023419 -0.7451718 0.6664168 -0.02465166 -0.2969742 0.9438037 -0.1450546 0.5935195 0.8044642 0.02391862 0.7497144 0.6617607 0.001077947 0.7070953 0.7070953 -0.005695054 0.6566797 0.7485526 0.09187286 0 1 0 -0.001108118 0.9999987 -0.001108118 -0.01444091 0.9997914 0.01444091 0 0.7071068 0.7071068 0 0.7071068 0.7071068 -0.7071071 0.7071064 7.570807E-07 -0.7071258 -0.7070878 -7.382073E-07 -0.7070979 0.7070979 -0.005015056 -0.7071068 0.7071068 0 -0.7071068 -0.7071068 0 0.6903222 0.7160028 0.1039006 -0.7323188 0.6807779 -0.01583138 0.7055484 0.7086548 -0.003143734 -0.7491954 -0.365458 0.5524009 -0.7491954 0.365458 -0.5524009 -0.7457203 0.53043 0.403169 -0.7457203 -0.53043 -0.403169 -0.7931103 -0.5696981 0.2154538 -0.4782856 0.865405 -0.149389 0.07139131 0.9967856 0.03635499 -0.6898636 0.718771 0.08635061 -0.2071391 0.9629526 0.172672 -0.6759222 0.7346309 -0.05870868 -0.7060856 0.7081236 0.002037958 0.5614128 0.8265172 -0.04104888 0.2140826 0.9629942 0.1637401 0.6046457 0.7945989 0.05492121 0.6676328 0.743113 -0.04527177 -2.503306E-06 1 2.503306E-06 -0.5709204 0.8071255 0.1503274 -0.6552585 0.7539214 0.0473156 -0.5385782 0.8425134 0.01023419 -0.7451717 0.6664169 -0.02465221 -0.2969742 0.9438037 -0.1450546 0.5935187 0.8044646 0.02391863 0.7497144 0.6617607 0.001077947 0.7070953 0.7070953 -0.005695054 0.6566797 0.7485526 0.09187286 0 1 0 -0.001108112 0.9999987 -0.001108112 -0.01444091 0.9997914 0.01444091 0 0.7071068 0.7071068 0 0.7071068 0.7071068 -0.7071071 0.7071064 7.570807E-07 -0.7071258 -0.7070878 -7.382073E-07 -0.7070979 0.7070979 -0.005015073 -0.7071068 0.7071068 0 -0.7071068 -0.7071068 0 0.6903219 0.716003 0.1039015 -0.7323188 0.6807779 -0.01583138 0.7055484 0.7086548 -0.003143734 -0.7491954 -0.365458 0.5524009 -0.7491954 0.365458 -0.5524009 -0.7457203 0.53043 0.403169 -0.7457203 -0.53043 -0.403169 -0.7931103 -0.5696981 0.2154538 -0.4782856 0.865405 -0.149389 0.07139131 0.9967856 0.03635499 -0.6898636 0.718771 0.08635061 -0.2071391 0.9629526 0.172672 -0.6759222 0.7346309 -0.05870868 -0.7060856 0.7081236 0.002037958 0.5614136 0.8265166 -0.04105086 0.2140826 0.9629942 0.1637401 0.6046457 0.7945989 0.05492121 0.6676328 0.743113 -0.04527177 -2.503306E-06 1 2.503306E-06 -0.5709204 0.8071255 0.1503274 -0.6552585 0.7539214 0.0473156 -0.5385782 0.8425134 0.01023419 -0.7451717 0.6664169 -0.02465221 -0.2969742 0.9438037 -0.1450546 0.5935187 0.8044646 0.02391863 0.7497144 0.6617607 0.001077947 0.7070953 0.7070953 -0.005695054 0.6566797 0.7485526 0.09187286 0 1 0 -0.001108117 0.9999987 -0.001108117 -0.01444091 0.9997914 0.01444091 0 0.7071068 0.7071068 0 0.7071068 0.7071068 -0.7071071 0.7071064 7.570807E-07 -0.7071258 -0.7070878 -7.382073E-07 -0.7070979 0.7070979 -0.005015073 -0.7071068 0.7071068 0 -0.7071068 -0.7071068 0 0.6903219 0.716003 0.1039015 -0.7323188 0.6807779 -0.01583138 0 0.7071068 -0.7071068 0 0 -1 0 1 0 0 0.9238803 0.3826815 0 -0.3826815 -0.9238803 0 0 -1 0 1 0 0 1 0 0 0.3826815 0.9238803 0 0.3826815 0.9238803 0 0.9998603 -0.01671476 0 1 0 0 0.9999992 -0.001311861 0 0.9999959 -0.00284936 0 0.999684 -0.0251362 0 1 0 0 0.9999896 -0.004548233 0 0.9999912 -0.004184451 0 1 0 0 -0.7071068 -0.7071068 0 -0.7071068 -0.7071068 0 1 0 0 0.7071068 -0.7071068 0 0.9238803 -0.3826815 0 0.7071068 -0.7071068 0 0.7071068 -0.7071068 0 0.9238803 -0.3826815 0 0.7071068 -0.7071068 0 0.9238803 0.3826815 0 1 0 0 0.9238803 -0.3826815 0 1 0 0 1 0 0 0.9988551 0.04783846 0 0.9986178 -0.05255844 0 0.9999978 -0.002091901 0 0.7071068 -0.7071068 0 -0.7071068 -0.7071068 0 -0.7071068 -0.7071068 0 0.7071068 -0.7071068 0 0.7071068 -0.7071068 0 0.7071068 -0.7071068 0 1 -0.0002043077 0 1 0 0 0.9999974 -0.002271881 0 0.9999998 -0.0007087151 0 1 -1.269291E-05 0 1 0 0 0.9999542 -0.009572227 0 0.9999989 -0.001454974 0 1 0 0 1 0 0 0 -1 0 0 -1 0 0.3826815 0.9238803 0 0.3826815 0.9238803 0 0 1 0 0 1  
			<SubMeshes>: 1
				<SubMesh>: 0 1266 50 49 0 50 0 6 8 5 16 8 16 21 42 1 7 42 7 43 24 13 226 24 226 26 3 10 11 3 11 2 4 9 10 4 10 3 5 8 9 5 9 4 19 20 17 19 17 14 16 227 228 16 228 21 229 15 18 229 18 230 2 11 12 2 12 231 38 232 233 38 233 36 23 234 235 23 235 22 32 236 234 32 234 23 44 47 237 44 237 25 28 238 239 28 239 27 29 240 238 29 238 28 30 241 240 30 240 29 40 242 236 40 236 32 34 243 244 34 244 33 35 245 243 35 243 34 22 235 245 22 245 35 27 239 13 27 13 24 38 246 232 52 55 246 52 246 38 37 247 248 37 248 39 40 32 23 40 23 22 39 248 249 48 250 251 48 251 31 252 42 43 252 43 46 45 40 22 45 22 35 26 226 253 26 253 41 45 254 242 45 242 40 27 24 26 27 26 41 31 251 254 31 254 45 255 252 46 255 46 256 41 253 47 41 47 44 31 45 35 31 35 48 28 27 41 28 41 44 12 257 258 12 258 231 51 28 44 51 44 25 25 237 259 25 259 51 39 249 54 39 54 53 18 15 260 18 260 261 51 259 55 51 55 52 53 34 33 52 29 28 52 28 51 48 35 34 48 34 53 53 54 250 53 250 48 261 260 49 261 49 50 52 30 29 36 233 262 37 263 247 36 262 241 36 241 30 38 36 30 38 30 52 33 244 263 33 263 37 53 33 37 53 37 39 106 105 56 106 56 62 64 61 72 64 72 77 98 57 63 98 63 99 80 69 264 80 264 82 59 66 67 59 67 58 60 65 66 60 66 59 61 64 65 61 65 60 75 76 73 75 73 70 72 265 266 72 266 77 267 71 74 267 74 268 58 67 68 58 68 269 94 270 271 94 271 92 79 272 273 79 273 78 88 274 272 88 272 79 100 103 275 100 275 81 84 276 277 84 277 83 85 278 276 85 276 84 86 279 278 86 278 85 96 280 274 96 274 88 90 281 282 90 282 89 91 283 281 91 281 90 78 273 283 78 283 91 83 277 69 83 69 80 94 284 270 108 111 284 108 284 94 93 285 286 93 286 95 96 88 79 96 79 78 95 286 287 104 288 289 104 289 87 290 98 99 290 99 102 101 96 78 101 78 91 82 264 291 82 291 97 101 292 280 101 280 96 83 80 82 83 82 97 87 289 292 87 292 101 293 290 102 293 102 294 97 291 103 97 103 100 87 101 91 87 91 104 84 83 97 84 97 100 68 295 296 68 296 269 107 84 100 107 100 81 81 275 297 81 297 107 95 287 110 95 110 109 74 71 298 74 298 299 107 297 111 107 111 108 109 90 89 108 85 84 108 84 107 104 91 90 104 90 109 109 110 288 109 288 104 299 298 105 299 105 106 108 86 85 92 271 300 93 301 285 92 300 279 92 279 86 94 92 86 94 86 108 89 282 301 89 301 93 109 89 93 109 93 95 162 161 112 162 112 118 120 117 128 120 128 133 154 113 119 154 119 155 136 125 302 136 302 138 115 122 123 115 123 114 116 121 122 116 122 115 117 120 121 117 121 116 131 132 129 131 129 126 128 303 304 128 304 133 305 127 130 305 130 306 114 123 124 114 124 307 150 308 309 150 309 148 135 310 311 135 311 134 144 312 310 144 310 135 156 159 313 156 313 137 140 314 315 140 315 139 141 316 314 141 314 140 142 317 316 142 316 141 152 318 312 152 312 144 146 319 320 146 320 145 147 321 319 147 319 146 134 311 321 134 321 147 139 315 125 139 125 136 150 322 308 164 167 322 164 322 150 149 323 324 149 324 151 152 144 135 152 135 134 151 324 325 160 326 327 160 327 143 328 154 155 328 155 158 157 152 134 157 134 147 138 302 329 138 329 153 157 330 318 157 318 152 139 136 138 139 138 153 143 327 330 143 330 157 331 328 158 331 158 332 153 329 159 153 159 156 143 157 147 143 147 160 140 139 153 140 153 156 124 333 334 124 334 307 163 140 156 163 156 137 137 313 335 137 335 163 151 325 166 151 166 165 130 127 336 130 336 337 163 335 167 163 167 164 165 146 145 164 141 140 164 140 163 160 147 146 160 146 165 165 166 326 165 326 160 337 336 161 337 161 162 164 142 141 148 309 338 149 339 323 148 338 317 148 317 142 150 148 142 150 142 164 145 320 339 145 339 149 165 145 149 165 149 151 170 169 172 170 172 173 176 177 183 183 182 176 182 225 176 225 171 176 340 168 174 340 174 341 342 343 181 342 181 224 180 344 345 180 345 175 346 186 185 346 185 347 169 178 179 169 179 172 348 181 343 348 343 349 184 185 186 184 186 187 350 351 352 352 353 350 353 354 350 353 355 354 202 192 190 202 190 200 203 193 192 203 192 202 201 191 193 201 193 203 203 220 218 203 218 201 188 209 208 188 208 356 356 204 194 356 194 188 357 205 197 357 197 358 359 199 198 359 198 360 189 195 205 189 205 357 361 196 204 361 204 356 362 363 207 362 207 364 364 207 206 364 206 365 365 206 366 365 366 367 200 368 219 200 219 202 204 213 214 204 214 194 222 217 369 222 369 370 223 215 217 223 217 222 221 216 215 221 215 223 211 218 220 211 220 210 210 220 219 210 219 212 212 219 368 212 368 371 207 223 222 207 222 206 195 372 373 195 373 205 202 219 220 202 220 203 357 374 375 357 375 189 206 222 370 206 370 366 363 221 223 363 223 207 360 198 376 360 376 377 378 379 199 378 199 359 380 342 224 380 224 381 382 383 384 384 385 382 385 352 382 386 387 388 388 389 386 389 177 386 390 386 177 390 177 176 353 352 385 353 385 391 341 174 392 341 392 393 394 395 396 394 396 397  
		</Mesh>
		<Materials>: 1
			<Material>: 0
				<AlbedoColor>: 1 1 1 1
				<EmissiveColor>: 0 0 0 0
				<Glossiness>: 0.04
				<Metallic>: 0
				<SpecularHighlight>: 1
				<GlossyReflection>: 1
				<AlbedoMap>: BLD_Villa2_A
				<MetallicMap>: BLD_Villa2_MS
				<NormalMap>: BLD_Villa2_N
				<EmissionMap>: null
				<DetailAlbedoMap>: DET_Concrete1_A
				<DetailNormalMap>: DET_Concrete1_N
		</Materials>
		<Children>: 0
	</Frame>
</Hierarchy>
