<Hierarchy>:
	<Frame>: 0 5 Villa1_Base_Cor_A
		<Transform>: 0 0 0 0 0 0 1 1 1 0 0 0 1  
		<TransformMatrix>: 1 0 0 0 0 1 0 0 0 0 1 0 0 0 0 1  
		<Mesh>: 136 Villa1_Base_Cor_A
			<Bounds>: 2.400001 0.4999999 -1.6 2.400001 0.5000001 2.4
			<Positions>: 136 4.600001 0.7999998 -4 4.600001 -1.748456E-07 -4 3.600001 0.8 -0.4000001 3.600001 -1.748456E-08 -0.4000001 3.600001 0.7999998 -4 3.600001 -1.748456E-07 -4 4.800001 0.7999998 -4 3.600001 0.9999998 -4 4.600001 0.7999998 -3.7 4.600001 -1.617321E-07 -3.7 4.700001 0.7999998 -4 4.700001 -1.686867E-07 -4 4.700001 0.7999998 -3.8 4.700001 -1.599444E-07 -3.8 4.600001 0.8 0.3 4.600001 1.311342E-08 0.3 4.700001 0.8 0.4 4.700001 1.748456E-08 0.4000001 0 0.8 0.7 0 3.059797E-08 0.7 0 -1.748456E-08 -0.4 -1.998402E-16 0.8 0.8 -1.998402E-16 1 -0.4 -1.998402E-16 0.8 -0.4 4.3 0.8 0.6 4.3 2.622683E-08 0.6 4.4 0.8 0.6999999 4.4 3.675686E-08 0.7 0.3 0.8 0.6 0.3 2.622683E-08 0.6 0.2 0.8 0.7 0.2 3.059797E-08 0.7 4.700001 0.8 0.693327 4.693328 0.8 0.7 4.693328 3.080346E-08 0.7 4.700001 3.030629E-08 0.6933271 1.610827 0.8 0.6 1.610827 2.622683E-08 0.6 0.3255579 0.8 0.6 0.3255579 2.622683E-08 0.6 0.1806476 0.8 0.7 0.1806476 3.059797E-08 0.7 0.2793815 0.8 0.6206185 0.2793815 2.71281E-08 0.6206186 0.2067169 0.8 0.6932831 0.2067169 3.030437E-08 0.6932831 4.396552 3.639375E-08 0.6965517 4.396552 0.8 0.6965517 4.307352 2.700094E-08 0.6073514 4.307352 0.8 0.6073514 4.608078 0.8 0.3080769 4.608078 1.346647E-08 0.308077 4.688906 0.8 0.388905 4.688906 1.699958E-08 0.388905 4.700001 0.8 0.4146571 4.700001 1.812524E-08 0.4146572 4.600001 0.7999998 -3.651088 4.600001 -1.595941E-07 -3.651088 4.600001 0.7999998 -3.686079 4.600001 -1.611236E-07 -3.686079 4.604978 -1.616432E-07 -3.704976 4.604978 0.7999998 -3.704976 4.690663 0.7999998 -3.790662 4.690663 -1.601113E-07 -3.790662 4.700001 0.7999998 -3.803186 4.700001 -1.600836E-07 -3.803186 4.700001 0.7999998 -3.977471 4.700001 -1.677019E-07 -3.977471 0.01771306 0.8 0.7 0.01771306 3.059797E-08 0.7 4.782452 0.8 0.8 4.800001 0.8 0.7824503 3.582451 1 -0.4000001 3.600001 1 -0.4175497 3.600001 0.8 -0.4175497 3.582451 0.8000001 -0.4000001 4.800001 0.9893034 -4 4.791393 0.9999998 -4 -1.998402E-16 1 0.7913921 -1.94289E-16 0.9893036 0.8 4.800001 0.9893035 0.7824503 4.791393 0.9999999 0.7738425 4.773844 0.9999999 0.7913922 4.782452 0.9893035 0.8 -1.94289E-16 0.9893036 0.8 -1.998402E-16 0.8 0.8 4.700001 0.7999998 -4 4.700001 -1.686867E-07 -4 -1.998402E-16 1 0.7913921 -1.998402E-16 1 -0.4 -1.998402E-16 0.8 -0.4 -1.998402E-16 1 -0.4 3.582451 1 -0.4000001 -1.998402E-16 0.8 -0.4 4.782452 0.8 0.8 -1.998402E-16 0.8 0.8 -1.998402E-16 0.8 -0.4 3.582451 0.8000001 -0.4000001 -1.998402E-16 0.8 -0.4 0 -1.748456E-08 -0.4 3.600001 0.7999998 -4 3.600001 0.9999998 -4 4.791393 0.9999998 -4 3.600001 1 -0.4175497 3.600001 0.9999998 -4 3.600001 0.7999998 -4 4.800001 0.7999998 -4 3.600001 0.8 -0.4175497 3.600001 0.7999998 -4 3.600001 0.8 -0.4000001 3.600001 0.7999998 -4 3.600001 -1.748456E-07 -4 3.600001 -1.748456E-08 -0.4000001 4.693328 3.080346E-08 0.7 4.693328 0.8 0.7 0 0.8 0.7 0 3.059797E-08 0.7 3.582451 1 -0.4000001 3.600001 1 -0.4175497 3.600001 0.8 -0.4175497 3.582451 0.8000001 -0.4000001 4.782452 0.8 0.8 3.582451 0.8000001 -0.4000001 4.782452 0.9893035 0.8 4.782452 0.8 0.8 4.800001 0.8 0.7824503 3.582451 1 -0.4000001 4.773844 0.9999999 0.7913922 4.782452 0.9893035 0.8 4.800001 0.9893035 0.7824503 -1.998402E-16 1 0.7913921 4.773844 0.9999999 0.7913922 4.791393 0.9999999 0.7738425 4.800001 0.9893034 -4 4.791393 0.9999998 -4 4.800001 0.7999998 -4  
			<Colors>: 0  
			<TextureCoords0>: 136 0.1655273 0.8139648 0.1655273 0.8554688 0.2675781 0.8564453 0.2675781 0.8027344 0.2167969 0.8139648 0.2167969 0.8554688 0.1547852 0.8139648 0.2670898 0.8010254 0.01464844 0.8706055 0.01464844 0.9091797 0 0.8706055 0 0.9091797 0.008300781 0.8706055 0.008300781 0.9091797 0.1811523 0.8706055 0.1811523 0.9091797 0.1875 0.8706055 0.1875 0.9091797 0.159668 0.8227539 0.159668 0.8574219 0.02539063 0.8027344 0.1552734 0.8227539 0.2080078 0.8134766 0.2080078 0.8227539 0.2138672 0.8706055 0.2138672 0.9091797 0.2084961 0.8706055 0.2084961 0.9091797 0.3857422 0.8706055 0.3857422 0.9091797 0.3916016 0.8706055 0.3916016 0.9091797 0.1999129 0.8706055 0.2004723 0.8706055 0.2004723 0.9091797 0.1999129 0.9091797 0.3307914 0.8706055 0.3307914 0.9091797 0.3846708 0.8706055 0.3846708 0.9091797 0.3924047 0.8706055 0.3924048 0.9091797 0.3869503 0.8706055 0.3869503 0.9091797 0.391208 0.8706055 0.391208 0.9091797 0.2086813 0.9091797 0.2086813 0.8706055 0.2134723 0.9091797 0.2134723 0.8706055 0.181665 0.8706055 0.181665 0.9091797 0.1867957 0.8706055 0.1867957 0.9091797 0.1881202 0.8706055 0.1881203 0.9091797 0.01668445 0.8706055 0.01668445 0.9091797 0.01522791 0.8706055 0.01522791 0.9091797 0.01433257 0.9091797 0.01433257 0.8706055 0.008893576 0.8706055 0.008893576 0.9091797 0.00816856 0.8706055 0.00816856 0.9091797 0.0009350277 0.8706055 0.0009350278 0.9091797 0.3991672 0.8706055 0.3991672 0.9091797 0.2661151 0.8696289 0.1732244 0.2291773 0.1992218 0.8010254 0.06787046 0.8010254 0.06787046 0.8115234 0.1992218 0.8115234 0.1547852 0.8041992 0.2670898 0.8594412 0.1557617 0.8134766 0.1552734 0.8139648 0.001463027 0.8603856 0.001939401 0.8594412 0.2656353 0.8594412 0.2661151 0.8603855 0.0004882813 0.8603855 0.0004882813 0.8696289 0.1601563 0.8139648 0.1601563 0.8554688 0.0004882813 0.8594412 0.0004882813 0.8010254 0.02539063 0.8564453 0.0004882813 0.8010254 0.1992218 0.8010254 0.0004882813 0.8115234 0.1749293 0.2095285 0.1732181 0.2292496 0.1732181 0.2292496 0.1749272 0.2095526 0.2080078 0.8227539 0.2080078 0.8574219 0.2167969 0.8139648 0.2167969 0.8041992 0.1557617 0.8041992 0.06787045 0.8010254 0.2670898 0.8010254 0.2670898 0.8115234 0.1749356 0.2094561 0.1732264 0.2291532 0.1749356 0.2094561 0.2675781 0.8564453 0.02539063 0.8564453 0.02539063 0.8027344 0.2675781 0.8027344 0.2004723 0.9091797 0.2004723 0.8706055 0.3999023 0.8706055 0.3999023 0.9091797 0.1992218 0.8010254 0.2001953 0.8010254 0.2001953 0.8115234 0.1992218 0.8115234 0.1732114 0.229327 0.1732131 0.2293074 0.0004882813 0.8603855 0.0004882813 0.8696289 0.001463048 0.8696289 0.06689169 0.8001649 0.0009608177 0.8585808 0.0004882813 0.8603855 0.001463027 0.8603856 0.0004882813 0.8594412 0.2656353 0.8594412 0.001939401 0.8594412 0.2670898 0.8603855 0.2670898 0.8594412 0.2670898 0.8696289  
			<TextureCoords1>: 136 0.1406896 0.003122866 0.1406896 0.08489341 0.00390625 0.1988254 0.00390625 0.2805959 0.2429028 0.003122926 0.2429027 0.08489341 0.00390625 0.08489341 0.003906251 0.6034677 0.4581604 0.3948436 0.4581604 0.4766141 0.4930581 0.3948435 0.4930582 0.476614 0.4726155 0.3948435 0.4726156 0.476614 0.0493078 0.3948437 0.04930782 0.4766142 0.03485269 0.3948437 0.03485271 0.4766142 0.4882145 0.1988254 0.4882145 0.2805958 0.3718737 0.2805958 0.9944516 0.9960938 0.8717958 0.9756511 0.8717959 0.9960938 0.4476564 0.2845023 0.4476566 0.3662729 0.4621116 0.2845023 0.4621117 0.3662729 0.03880398 0.2845023 0.03880414 0.3662729 0.02434886 0.2845023 0.02434901 0.3662729 0.004870834 0.3948437 0.003906257 0.3948437 0.00390625 0.4766142 0.004870827 0.4766142 0.1727877 0.2845021 0.1727879 0.3662727 0.04141635 0.2845023 0.04141651 0.3662729 0.0223708 0.2845024 0.02237096 0.3662729 0.03582356 0.2845023 0.03582371 0.3662729 0.02531981 0.2845023 0.02531997 0.3662729 0.4616133 0.3662729 0.4616131 0.2845023 0.4487192 0.3662729 0.4487191 0.2845024 0.04814028 0.3948437 0.0481403 0.4766142 0.03645649 0.3948437 0.03645651 0.4766142 0.03335454 0.3948437 0.03335455 0.4766142 0.453161 0.3948436 0.453161 0.4766141 0.4567375 0.3948436 0.4567375 0.4766141 0.4588797 0.4766141 0.4588797 0.3948436 0.4712656 0.3948435 0.4712657 0.476614 0.4729412 0.3948435 0.4729412 0.476614 0.4907554 0.3948435 0.4907554 0.476614 0.00571674 0.2845024 0.005716895 0.3662729 0.4927358 0.3909318 0.5005213 0.4808115 0.3718741 0.6052614 0.3700804 0.6034675 0.8653527 0.9960938 0.00390625 0.1092423 0.00390625 0.06554413 0.00390625 0.4816917 0.9935718 0.9756511 0.9944516 0.9767444 0.006443279 0.9767445 0.4918562 0.4816916 0.49365 0.4834855 0.4927358 0.3715825 0.00390625 0.3715879 0.00390625 0.3909372 0.1304683 0.003122866 0.1304682 0.08489341 0.49365 0.9714348 0.3718741 0.9714348 0.3718737 0.1988254 0.37008 0.08879966 0.003906257 0.08879966 0.37008 0.1092423 0.4987275 0.4826053 0.4987275 0.9714348 0.6213832 0.9714348 0.6213833 0.6052611 0.37578 0.1988254 0.37578 0.2805959 0.126562 0.08489341 0.126562 0.0644508 0.004786083 0.0644508 0.8653527 0.9756511 0.4991793 0.9756511 0.4991793 0.9960938 0.9893507 0.4808115 0.6231771 0.6034673 0.9893507 0.6034673 0.3718736 0.1131486 0.003906251 0.1131486 0.00390625 0.1949191 0.3718736 0.194919 0.4920937 0.3662728 0.4920935 0.2845023 0.00390625 0.2845024 0.003906405 0.3662729 0.8678896 0.9756511 0.8653527 0.9756511 0.8653527 0.9960938 0.8678896 0.9960938 0.4987275 0.4826053 0.6213833 0.6052611 0.003906463 0.9767444 0.00390625 0.9960938 0.006443066 0.9960938 0.3718741 0.6052614 0.49365 0.4834855 0.4948213 0.4823143 0.4930275 0.4805204 0.003906615 0.3701845 0.4918559 0.3701792 0.007323112 0.9753411 0.4952727 0.9767444 0.4952731 0.9753411 0.4952725 0.9960938  
			<Normals>: 136 0 0 -1 0 0 -1 0 0 -1 0 0 -1 0 0 -1 0 0 -1 0 0 -1 0 1 0 0.9238803 0 0.3826815 0.9238803 0 0.3826815 1 0 0 1 0 0 0.9238803 0 0.3826815 0.9238803 0 0.3826815 0.9238803 0 -0.3826815 0.9238803 0 -0.3826815 0.9238803 0 -0.3826815 0.9238803 0 -0.3826815 -1 0 0 -1 0 0 0 0 -1 -1 0 0 -1 0 0 -1 0 0 -0.3826815 0 0.9238803 -0.3826815 0 0.9238803 -0.3826447 0 0.9238956 -0.3826447 0 0.9238956 0.3826815 0 0.9238803 0.3826815 0 0.9238803 0.3826815 0 0.9238803 0.3826815 0 0.9238803 0.9238803 0 0.3826815 0.3826815 0 0.9238803 0.3826815 0 0.9238803 0.9238803 0 0.3826815 0 0 1 0 0 1 0 0 1 0 0 1 0 0 1 0 0 1 0.7071068 0 0.7071068 0.7071068 0 0.7071068 0.7071068 0 0.7071068 0.7071068 0 0.7071068 -0.7070915 0 0.707122 -0.7070915 0 0.707122 -0.7071068 0 0.7071068 -0.7071068 0 0.7071068 0.7071068 0 -0.7071068 0.7071068 0 -0.7071068 0.7071068 0 -0.7071068 0.7071068 0 -0.7071068 1 0 0 1 0 0 1 0 0 1 0 0 1 0 0 1 0 0 0.7071068 0 0.7071068 0.7071068 0 0.7071068 0.7071068 0 0.7071068 0.7071068 0 0.7071068 1 0 0 1 0 0 1 0 0 1 0 0 0 0 1 0 0 1 0.3826815 0 0.9238803 0 -1 0 0 1 0 0 1 0 -0.9238803 0 -0.3826815 -0.3826815 0 -0.9238803 0 0 -1 0.4318766 0.9019327 0 -1 0 0 -1 0 0 0.851616 0.3675768 0.3736807 0.436917 0.8894906 0.133828 0.133828 0.8894906 0.436917 0.3736807 0.3675768 0.851616 0 0.3323507 0.9431558 0 0 1 0 0 -1 0 0 -1 0 0.9019327 0.4318766 0 1 0 0 0 -1 0 0 -1 -0.3826815 0 -0.9238803 0 0 -1 0 -1 0 0 -1 0 0 -1 0 0 -1 0 -1 0 0 -1 0 0 0 0 -1 0 0 -1 0 0 -1 -0.9238803 0 -0.3826815 -1 0 0 -1 0 0 0 -1 0 0 -1 0 0 -1 0 -1 0 0 -1 0 0 -1 0 0 -1 0 0 0.3826815 0 0.9238803 0.3826815 0 0.9238803 0 0 1 0 0 1 -0.3826815 0 -0.9238803 -0.9238803 0 -0.3826815 -0.9238803 0 -0.3826815 -0.3826815 0 -0.9238803 0 -1 0 0 -1 0 0.3736807 0.3675768 0.851616 0.3826815 0 0.9238803 0.9238803 0 0.3826815 0 1 0 0.133828 0.8894906 0.436917 0.3736807 0.3675768 0.851616 0.851616 0.3675768 0.3736807 0 0.9019327 0.4318766 0.133828 0.8894906 0.436917 0.436917 0.8894906 0.133828 0.9431558 0.3323507 0 0.4318766 0.9019327 0 1 0 0  
			<Tangents>: 136 -1 5.204704E-08 0 -1 0 0 1 -1.655684E-08 0 1 -1.425198E-08 0 -1 0 0 -1 0 0 -0.9999999 0.0003502816 0 7.211216E-08 0 -1 -0.3826815 0 0.9238803 -0.3826815 -4.800028E-09 0.9238803 0 0 1 0 0 1 -0.3826815 -1.175641E-10 0.9238803 -0.3826815 -1.118747E-08 0.9238803 0.3826815 1.200161E-08 0.9238803 0.3826815 6.634753E-09 0.9238803 0.3826815 0 0.9238803 0.3826815 0 0.9238803 0 0 -1 0 -1.749785E-08 -1 1 0 0 0 0.0001331132 -1 0 1.42497E-05 -1 0 0 -1 -0.9238803 0 -0.3826815 -0.9238803 -2.690028E-10 -0.3826815 -0.9238955 1.638705E-07 -0.3826447 -0.9238955 -7.755584E-07 -0.3826447 -0.9238803 0 0.3826815 -0.9238803 0 0.3826815 -0.9238803 0 0.3826815 -0.9238803 0 0.3826815 -0.3826815 4.716546E-08 0.9238803 -0.9238803 0 0.3826815 -0.9238803 0 0.3826815 -0.3826815 2.210292E-07 0.9238803 -1 0 0 -1 0 0 -1 0 0 -1 0 0 -1 0 0 -1 0 0 -0.7071068 0 0.7071068 -0.7071068 4.15069E-07 0.7071068 -0.7071068 4.318191E-08 0.7071068 -0.7071068 5.309405E-07 0.7071068 -0.707122 -6.981436E-08 -0.7070915 -0.707122 1.10282E-07 -0.7070915 -0.7071068 9.513594E-07 -0.7071068 -0.7071068 -4.690038E-11 -0.7071068 0.7071068 -4.740665E-07 0.7071068 0.7071068 -4.283287E-08 0.7071068 0.7071068 -4.170745E-07 0.7071068 0.7071068 0 0.7071068 0 0 1 0 1.598406E-07 1 0 4.593832E-08 1 0 7.869419E-08 1 0 0 1 0 3.071216E-06 1 -0.7071068 3.299238E-08 0.7071068 -0.7071068 4.648785E-07 0.7071068 -0.7071068 4.000002E-07 0.7071068 -0.7071068 -1.26283E-08 0.7071068 0 0 1 0 0 1 0 0 1 0 0 1 -1 0 0 -1 0 0 0.9238803 -2.630059E-08 -0.3826815 1 0 0 1 0 6.80953E-08 6.994053E-08 0 -1 0.3826815 -3.601755E-08 -0.9238803 0.9238803 6.393863E-10 -0.3826815 -0.6269457 0.779063 0 6.151437E-08 -2.945521E-08 -1 0 0 -1 0 0.0001451494 -1 0.3434972 0.147132 -0.9275569 0.05903095 0.1201053 -0.9910046 0.9910046 -0.1201193 -0.0590024 0.9275574 -0.148084 -0.3430866 1 -6.468689E-09 2.279448E-09 1 0 0 -1 5.96047E-07 0 -1 4.718712E-08 0 1 -8.760198E-09 1.829483E-08 1 0 0 1 -2.30486E-09 0 1 1.604723E-08 0 0.9238803 0 -0.3826815 1 1.663795E-08 0 1 0 0 1 0 0 1 0 0 1 0 0 0 -2.621354E-08 -1 0 -4.371139E-08 -1 -1 4.967055E-08 0 -1 4.970774E-08 0 -0.9999881 0.004882467 0 0.3826815 -3.665694E-08 -0.9238803 0 -4.991386E-08 -1 0 -4.932314E-08 -1 1 0 0 1 0 0 1 0 0 0 4.736568E-08 1 0 3.311369E-08 1 0 3.541856E-08 1 0 4.967054E-08 1 -0.9238803 4.920859E-08 0.3826815 -0.9238803 2.199435E-07 0.3826815 -1 0 0 -1 0 0 0.9238803 -4.086309E-07 -0.3826815 0.3826815 0 -0.9238803 0.3826815 -4.790286E-06 -0.9238803 0.9238803 -5.198932E-06 -0.3826815 1 0 0 1 0 0 0.8854879 0.1320018 -0.4455184 0.9238803 1.104535E-06 -0.3826815 0.3826815 -5.376295E-08 -0.9238803 -9.769667E-06 0 -1 0.07374357 0.4307222 -0.8994667 0.8854898 0.1319955 -0.4455165 0.3521744 0.126776 -0.9273085 1 -9.5362E-09 1.991543E-08 0.9910046 -0.1201193 -0.05900241 0.05900252 0.1201192 -0.9910046 2.728235E-08 -7.742275E-08 -1 4.664418E-08 -2.233485E-08 -1 0 -8.775863E-08 -1  
			<BiTangents>: 136 5.204704E-08 1 0 0 1 0 -1.655684E-08 -1 0 -1.425198E-08 -1 0 0 1 0 0 1 0 0.0003502816 0.9999999 0 -1 0 -7.211216E-08 0 1 0 -1.836882E-09 1 4.434651E-09 0 1 0 0 1 0 -4.498962E-11 1 1.086152E-10 -4.28124E-09 1 1.033589E-08 -4.592796E-09 1 -1.108805E-08 -2.538997E-09 1 -6.129718E-09 0 1 0 0 1 0 0 1 0 0 1 -1.749785E-08 0 -1 0 0 1 0.0001331132 0 1 1.42497E-05 0 1 0 0 1 0 -2.485264E-10 1 -1.029424E-10 1.513992E-07 1 6.270418E-08 -7.165349E-07 1 -2.967633E-07 0 1 0 0 1 0 0 1 0 0 1 0 1.804935E-08 1 -4.357524E-08 0 1 0 0 1 0 8.45838E-08 1 -2.042046E-07 0 1 0 0 1 0 0 1 0 0 1 0 0 1 0 0 1 0 0 1 0 2.934981E-07 1 -2.934981E-07 3.053422E-08 1 -3.053422E-08 3.754317E-07 1 -3.754317E-07 -4.936727E-08 1 -4.936514E-08 7.798287E-08 1 7.797951E-08 6.727127E-07 1 6.727127E-07 -3.316358E-11 1 -3.316358E-11 3.352157E-07 1 3.352157E-07 3.028742E-08 1 3.028742E-08 2.949163E-07 1 2.949163E-07 0 1 0 0 1 0 0 1 -1.598406E-07 0 1 -4.593832E-08 0 1 -7.869419E-08 0 1 0 0 1 -3.071216E-06 2.332913E-08 1 -2.332913E-08 3.287188E-07 1 -3.287188E-07 2.828428E-07 1 -2.828428E-07 -8.929556E-09 1 8.929556E-09 0 1 0 0 1 0 0 1 0 0 1 0 0 1 0 0 1 0 2.42986E-08 1 -1.006475E-08 0 0 1 6.80953E-08 0 -1 -1 0 -6.994053E-08 1.378325E-08 1 -3.327591E-08 -5.907164E-10 1 2.446813E-10 0.779063 0.6269457 0 -0.9019327 0.4318766 -6.820284E-08 0 1 0 0 1 0.0001451494 -0.3959288 0.9182807 -0.0009616572 -0.8975627 0.4408868 -3.144154E-05 8.042007E-08 0.440883 -0.8975646 2.817896E-08 0.9181277 -0.3962848 6.858558E-09 0.9431559 -0.3323508 0 1 0 5.96047E-07 1 0 4.718712E-08 1 0 2.028403E-08 0.4318766 -0.9019327 0 0 -1 -2.30486E-09 -1 0 -1.604723E-08 1 0 0 1 0 -1.663795E-08 1 0 0 0 1 0 0 1 0 0 1 0 0 1 0 1 -2.621354E-08 0 1 -4.371139E-08 4.967055E-08 1 0 4.970774E-08 1 0 0.004882467 0.9999881 0 1.402793E-08 1 -3.386662E-08 0 1 -4.991386E-08 0 1 -4.932314E-08 0 0 1 0 0 1 0 0 1 0 -1 4.736568E-08 0 -1 3.311369E-08 0 -1 3.541856E-08 0 -1 4.967054E-08 4.546285E-08 1 -1.883122E-08 2.032015E-07 1 -8.416833E-08 0 1 0 0 1 0 3.775261E-07 1 -1.563755E-07 0 1 0 1.833154E-06 1 -4.425651E-06 4.803191E-06 1 -1.989535E-06 0 0 1 0 0 1 -0.2761771 0.9205774 -0.2761583 -1.020458E-06 1 4.226851E-07 2.057409E-08 1 -4.967054E-08 -1 0 9.769667E-06 -0.9882571 0.1525936 -0.007951535 -0.2761711 0.9205783 -0.2761614 -0.3882309 0.9213116 -0.02148666 2.208084E-08 0.4318766 -0.9019327 6.391033E-08 0.440883 -0.8975646 -0.8975646 0.440883 -5.165776E-08 -0.3323508 0.9431559 -8.208904E-08 -0.9019327 0.4318766 -5.171582E-08 0 1 -8.775863E-08  
			<SubMeshes>: 1
				<SubMesh>: 0 306 63 13 12 63 12 62 0 1 5 0 5 4 22 23 21 21 79 22 79 78 22 84 85 70 84 70 83 58 59 9 58 9 8 66 67 11 66 11 10 0 86 87 0 87 1 50 51 15 50 15 14 46 27 26 46 26 47 88 82 72 88 72 89 36 37 25 36 25 24 42 43 29 42 29 28 90 2 3 90 3 20 40 41 31 40 31 30 91 92 75 91 75 93 81 77 7 81 7 73 94 95 96 94 96 97 19 18 98 19 98 99 6 100 101 101 102 6 102 76 6 103 104 105 103 105 74 106 71 107 106 107 108 109 110 111 109 111 112 54 55 17 54 17 16 28 29 39 28 39 38 38 39 37 38 37 36 32 33 34 32 34 35 26 27 113 26 113 114 68 69 41 68 41 40 44 45 43 44 43 42 30 31 45 30 45 44 48 46 47 48 47 49 25 48 49 25 49 24 52 53 51 52 51 50 16 17 53 16 53 52 32 35 55 32 55 54 14 15 57 14 57 56 56 57 59 56 59 58 9 60 61 9 61 8 60 63 62 60 62 61 12 13 65 12 65 64 64 65 67 64 67 66 115 116 69 115 69 68 117 118 119 117 119 120 71 121 122 71 122 107 80 123 124 80 124 125 73 126 127 73 127 81 127 128 129 127 129 81 130 84 83 130 83 131 132 80 133 132 133 134 80 125 135 80 135 133  
		</Mesh>
		<Materials>: 1
			<Material>: 0
				<AlbedoColor>: 1 1 1 1
				<EmissiveColor>: 0 0 0 0
				<Glossiness>: 0.04
				<Metallic>: 0
				<SpecularHighlight>: 1
				<GlossyReflection>: 1
				<AlbedoMap>: BLD_Villa1_A
				<MetallicMap>: BLD_Villa1_MS
				<NormalMap>: BLD_Villa1_N
				<EmissionMap>: null
				<DetailAlbedoMap>: DET_Concrete1_A
				<DetailNormalMap>: DET_Concrete1_N
		</Materials>
		<Children>: 2
			<Frame>: 1 0 Villa1_Base_Cor_A_bb
				<Transform>: 2.400001 0.4999999 -1.6 0 0 0 1 1 1 0 0 0 1  
				<TransformMatrix>: 1 0 0 0 0 1 0 0 0 0 1 0 2.400001 0.4999999 -1.6 1  
				<BoxCollider>: 1 1.788094 0 0.05133355 1.222444 1 4.730185  
				<Children>: 0
			</Frame>
			<Frame>: 2 0 Villa1_Base_Cor_A_bb1
				<Transform>: 2.400001 0.4999999 1.96 0 90 0 1 1 1 0 0.7071068 0 0.7071068  
				<TransformMatrix>: -1.192093E-07 0 -1 0 0 1 0 0 1 0 -1.192093E-07 0 2.400001 0.4999999 1.96 1  
				<BoxCollider>: 1 1.788094 0 0.004278183 1.222443 1 4.824295  
				<Children>: 0
			</Frame>
	</Frame>
</Hierarchy>
