<Hierarchy>:
	<Frame>: 0 4 Villa1_Deco_WindowGlass_C
		<Transform>: 0 0 0 0 0 0 1 1 1 0 0 0 1  
		<TransformMatrix>: 1 0 0 0 0 1 0 0 0 0 1 0 0 0 0 1  
		<BoxCollider>: 1 0 0 0 1.582176 1.582176 0.04276772  
		<Mesh>: 56 Villa1_Deco_WindowGlass_C
			<Bounds>: 0 0 0 0.7910881 0.7910881 0.02138386
			<Positions>: 56 1.203539E-08 0.7910881 -0.02138386 1.203539E-08 0.7910881 0.02138354 -0.395544 0.6851024 -0.02138384 -0.395544 0.6851025 0.02138356 -0.6851024 0.395544 -0.02138378 -0.6851024 0.3955441 0.02138362 -0.7910881 -4.683114E-08 -0.0213837 -0.7910881 7.448926E-08 0.0213837 -0.6851024 -0.3955441 -0.02138362 -0.6851024 -0.395544 0.02138378 -0.3955441 -0.6851024 -0.02138356 -0.3955441 -0.6851022 0.02138384 -1.074156E-07 -0.7910881 -0.02138354 -1.074156E-07 -0.791088 0.02138386 0.3955439 -0.6851025 -0.02138356 0.3955439 -0.6851023 0.02138384 0.6851022 -0.3955443 -0.02138362 0.6851022 -0.3955441 0.02138378 0.7910881 -3.800382E-07 -0.0213837 0.7910881 -2.587178E-07 0.0213837 0.6851026 0.3955437 -0.02138378 0.6851026 0.3955438 0.02138362 0.3955445 0.6851022 -0.02138384 0.3955445 0.6851023 0.02138356 -0.6851024 0.395544 -0.02138378 -0.6851024 0.3955441 0.02138362 -0.3955441 -0.6851024 -0.02138356 -0.3955441 -0.6851022 0.02138384 0.6851022 -0.3955443 -0.02138362 0.6851022 -0.3955441 0.02138378 -0.6851024 0.3955441 0.02138362 -0.7910881 7.448926E-08 0.0213837 -0.6851024 -0.395544 0.02138378 -0.395544 0.6851025 0.02138356 -0.3955441 -0.6851022 0.02138384 -1.074156E-07 -0.791088 0.02138386 1.203539E-08 0.7910881 0.02138354 0.3955439 -0.6851023 0.02138384 0.6851022 -0.3955441 0.02138378 0.6851026 0.3955438 0.02138362 0.7910881 -2.587178E-07 0.0213837 0.3955445 0.6851023 0.02138356 0.3955445 0.6851022 -0.02138384 0.3955445 0.6851023 0.02138356 -0.6851024 -0.3955441 -0.02138362 -0.7910881 -4.683114E-08 -0.0213837 -0.6851024 0.395544 -0.02138378 -0.3955441 -0.6851024 -0.02138356 -0.395544 0.6851024 -0.02138384 -1.074156E-07 -0.7910881 -0.02138354 1.203539E-08 0.7910881 -0.02138386 0.3955439 -0.6851025 -0.02138356 0.3955445 0.6851022 -0.02138384 0.6851022 -0.3955443 -0.02138362 0.6851026 0.3955437 -0.02138378 0.7910881 -3.800382E-07 -0.0213837  
			<Colors>: 0  
			<TextureCoords0>: 56 0.5068388 -0.029037 0.5068388 -0.029037 0.7563814 0.03782809 0.7563814 0.03782809 0.939062 0.2205075 0.939062 0.2205075 1.005929 0.4700524 1.005929 0.4700524 0.939062 0.7195976 0.939062 0.7195976 0.756384 0.902277 0.756384 0.902277 0.5068388 0.9691417 0.5068388 0.9691417 0.2572959 0.902277 0.2572959 0.902277 0.07461542 0.7195976 0.07461542 0.7195976 0.007748127 0.4700524 0.007748127 0.4700524 0.07461274 0.2205075 0.07461274 0.2205075 0.2572936 0.03782809 0.2572936 0.03782809 0.939062 0.2205075 0.939062 0.2205075 0.756384 0.902277 0.756384 0.902277 0.07461542 0.7195976 0.07461542 0.7195976 0.939062 0.2205075 1.005929 0.4700524 0.939062 0.7195976 0.7563814 0.03782809 0.756384 0.902277 0.5068388 0.9691417 0.5068388 -0.029037 0.2572959 0.902277 0.07461542 0.7195976 0.07461274 0.2205075 0.007748127 0.4700524 0.2572936 0.03782809 0.2572936 0.03782809 0.2572936 0.03782809 0.939062 0.7195976 1.005929 0.4700524 0.939062 0.2205075 0.756384 0.902277 0.7563814 0.03782809 0.5068388 0.9691417 0.5068388 -0.029037 0.2572959 0.902277 0.2572936 0.03782809 0.07461542 0.7195976 0.07461274 0.2205075 0.007748127 0.4700524  
			<TextureCoords1>: 56 0.6304737 0.9960938 0.6304737 0.9823513 0.7620574 0.9960937 0.7620574 0.9823512 0.8936411 0.9960938 0.8936411 0.9823513 0.7620572 0.9647025 0.7620572 0.978445 0.6304734 0.9647025 0.6304735 0.9784449 0.4988898 0.9647025 0.4988898 0.978445 0.6304735 0.9607962 0.6304735 0.9470538 0.7620571 0.9607961 0.7620571 0.9470537 0.8936408 0.9607958 0.8936408 0.9470534 0.7620571 0.9294042 0.7620571 0.9431466 0.6304734 0.9294045 0.6304734 0.9431469 0.4988898 0.9960938 0.06969812 0.5708084 0.8936409 0.9647025 0.8936409 0.978445 0.4988898 0.9607962 0.4988898 0.9470537 0.8936407 0.9294039 0.8936407 0.9431463 0.06969846 0.9303019 0.1836533 0.9960938 0.315237 0.9960938 0.003906616 0.8163471 0.4291917 0.9303019 0.4949835 0.8163471 0.00390625 0.6847633 0.4949831 0.6847634 0.4291913 0.5708086 0.1836529 0.5050167 0.3152366 0.5050167 0.4988898 0.9823513 0.4988898 0.9294047 0.4988898 0.9431471 0.4291914 0.4353185 0.4949833 0.3213637 0.4949832 0.1897801 0.3152367 0.5011104 0.4291914 0.07582504 0.183653 0.5011104 0.3152365 0.01003325 0.06969825 0.4353186 0.1836526 0.01003343 0.00390638 0.3213638 0.06969793 0.07582539 0.00390625 0.1897802  
			<Normals>: 56 0 1 0 0 1 0 -0.4999893 0.8660316 0 -0.4999893 0.8660316 0 -0.8660316 0.4999893 0 -0.8660316 0.4999893 0 -1 0 0 -1 0 0 -0.8660316 -0.4999893 0 -0.8660316 -0.4999893 0 -0.4999893 -0.8660316 0 -0.4999893 -0.8660316 0 0 -1 0 0 -1 0 0.4999893 -0.8660316 0 0.4999893 -0.8660316 0 0.8660316 -0.4999893 0 0.8660316 -0.4999893 0 1 0 0 1 0 0 0.8660316 0.4999893 0 0.8660316 0.4999893 0 0.4999893 0.8660316 0 0 0 1 -0.8660316 0.4999893 0 -0.8660316 0.4999893 0 -0.4999893 -0.8660316 0 -0.4999893 -0.8660316 0 0.8660316 -0.4999893 0 0.8660316 -0.4999893 0 0 0 1 0 0 1 0 0 1 0 0 1 0 0 1 0 0 1 0 0 1 0 0 1 0 0 1 0 0 1 0 0 1 0.4999893 0.8660316 0 0.4999893 0.8660316 0 0.4999893 0.8660316 0 0 0 -1 0 0 -1 0 0 -1 0 0 -1 0 0 -1 0 0 -1 0 0 -1 0 0 -1 0 0 -1 0 0 -1 0 0 -1 0 0 -1  
			<Tangents>: 56 1 0 0 1 0 0 0 0 1 0 0 1 0 0 1 0 0 1 0 1 0 0 1 0 0 0 1 0 0 1 0 0 1 0 0 1 1 0 0 1 0 0 0 0 1 0 0 1 0 0 1 0 0 1 0 1 0 0 1 0 0 0 1 0 0 1 0 0 1 -1 1.159242E-06 0 0 0 1 0 0 1 0 0 1 0 0 1 0 0 1 0 0 1 -1 -1.782097E-06 0 -1 -3.178282E-06 0 -1 3.907407E-07 0 -1 -1.047181E-07 0 -1 2.177652E-06 0 -1 -1.862674E-07 0 -1 2.225406E-08 0 -1 -1.46927E-06 0 -1 -3.57522E-07 0 -1 2.219078E-06 0 -1 3.740667E-06 0 0 0 1 0 0 1 0 0 1 -1 1.14906E-06 0 -1 -2.897091E-06 0 -1 -7.782773E-07 0 -1 2.207369E-06 0 -1 -4.807445E-07 0 -1 -2.287011E-07 0 -1 -2.871072E-08 0 -1 -1.316549E-06 0 -1 1.551364E-06 0 -1 1.11009E-08 0 -1 1.984245E-06 0 -1 3.459475E-06 0  
			<BiTangents>: 56 0 0 1 0 0 1 0.8660316 0.4999893 0 0.8660316 0.4999893 0 0.4999893 0.8660316 0 0.4999893 0.8660316 0 0 0 1 0 0 1 -0.4999893 0.8660316 0 -0.4999893 0.8660316 0 0.8660316 -0.4999893 0 0.8660316 -0.4999893 0 0 0 1 0 0 1 0.8660316 0.4999893 0 0.8660316 0.4999893 0 0.4999893 0.8660316 0 0.4999893 0.8660316 0 0 0 1 0 0 1 -0.4999893 0.8660316 0 -0.4999893 0.8660316 0 0.8660316 -0.4999893 0 1.159242E-06 1 0 0.4999893 0.8660316 0 0.4999893 0.8660316 0 0.8660316 -0.4999893 0 0.8660316 -0.4999893 0 0.4999893 0.8660316 0 0.4999893 0.8660316 0 -1.782097E-06 1 0 -3.178282E-06 1 0 3.907407E-07 1 0 -1.047181E-07 1 0 2.177652E-06 1 0 -1.862674E-07 1 0 2.225406E-08 1 0 -1.46927E-06 1 0 -3.57522E-07 1 0 2.219078E-06 1 0 3.740667E-06 1 0 0.8660316 -0.4999893 0 0.8660316 -0.4999893 0 0.8660316 -0.4999893 0 1.14906E-06 1 0 -2.897091E-06 1 0 -7.782773E-07 1 0 2.207369E-06 1 0 -4.807445E-07 1 0 -2.287011E-07 1 0 -2.871072E-08 1 0 -1.316549E-06 1 0 1.551364E-06 1 0 1.11009E-08 1 0 1.984245E-06 1 0 3.459475E-06 1 0  
			<SubMeshes>: 1
				<SubMesh>: 0 132 0 2 3 0 3 1 2 4 5 2 5 3 24 6 7 24 7 25 6 8 9 6 9 7 8 10 11 8 11 9 26 12 13 26 13 27 12 14 15 12 15 13 14 16 17 14 17 15 28 18 19 28 19 29 18 20 21 18 21 19 30 31 32 32 33 30 32 34 33 34 35 33 35 36 33 35 37 36 37 23 36 37 38 23 38 39 23 38 40 39 22 0 1 22 1 41 20 42 43 20 43 21 44 45 46 46 47 44 46 48 47 48 49 47 48 50 49 50 51 49 50 52 51 52 53 51 52 54 53 54 55 53  
		</Mesh>
		<Materials>: 1
			<Material>: 0
				<AlbedoColor>: 1 1 1 0.3921569
				<EmissiveColor>: 0 0 0 1
				<Glossiness>: 1
				<Metallic>: 0
				<SpecularHighlight>: 1
				<GlossyReflection>: 1
				<AlbedoMap>: BLD_WindowGlass1_A
				<MetallicMap>: BLD_WindowGlass1_MS
				<NormalMap>: BLD_WindowGlass1_N
				<EmissionMap>: null
				<DetailAlbedoMap>: DET_Concrete1_A
				<DetailNormalMap>: null
		</Materials>
		<Children>: 0
	</Frame>
</Hierarchy>
