<Hierarchy>:
	<Frame>: 0 5 Villa1_Base_Mid_B
		<Transform>: 0 0 0 0 0 0 1 1 1 0 0 0 1  
		<TransformMatrix>: 1 0 0 0 0 1 0 0 0 0 1 0 0 0 0 1  
		<Mesh>: 215 Villa1_Base_Mid_B
			<Bounds>: 2 0.4950003 2.4 2.800001 0.4950003 2.4
			<Positions>: 215 -0.6000013 0.8000004 -2.384186E-07 -0.6000013 3.711432E-07 -2.384186E-07 0.3999991 0.8000005 3.6 0.3999991 5.285042E-07 3.6 0.3999987 0.8000004 -2.384186E-07 0.3999987 3.711432E-07 -2.384186E-07 -0.8000011 0.8000003 -2.384186E-07 0.3999987 0.9900004 -2.379815E-07 -0.6000013 0.8000004 0.2999995 -0.6000013 3.842566E-07 0.2999995 -0.7000012 0.8000003 -2.384186E-07 -0.7000012 3.773021E-07 -2.384186E-07 -0.7000012 0.8000003 0.1999996 -0.7000012 3.860444E-07 0.1999996 -0.6000009 0.8000005 4.3 -0.6000009 5.591022E-07 4.3 -0.7000008 0.8000005 4.4 -0.7000008 5.634733E-07 4.4 -0.3000002 0.8000005 4.6 -0.3000002 5.722156E-07 4.6 -0.4000001 0.8000005 4.7 -0.4000001 5.827457E-07 4.7 -0.7000008 0.8000005 4.693327 -0.6933279 0.8000005 4.7 -0.6933279 5.767922E-07 4.7 -0.7000008 5.762951E-07 4.693327 -0.3965516 5.823825E-07 4.696551 -0.3965516 0.8000005 4.696551 -0.3073516 5.729897E-07 4.607351 -0.3073516 0.8000005 4.607351 -0.6080775 0.8000005 4.308077 -0.6080775 5.594553E-07 4.308077 -0.6889057 0.8000005 4.388905 -0.6889057 5.629884E-07 4.388905 -0.7000008 0.8000005 4.414657 -0.7000008 5.64114E-07 4.414657 -0.6000013 0.8000004 0.3489115 -0.6000013 3.863946E-07 0.3489115 -0.6000013 0.8000004 0.3139205 -0.6000013 3.848651E-07 0.3139205 -0.6049776 3.843456E-07 0.2950234 -0.6049776 0.8000004 0.2950234 -0.6906629 0.8000003 0.2093382 -0.6906629 3.858774E-07 0.2093382 -0.7000012 0.8000003 0.1968138 -0.7000012 3.859051E-07 0.1968138 -0.7000012 0.8000003 0.02252841 -0.7000012 3.782869E-07 0.02252841 -0.7824516 0.8000005 4.8 -0.8000011 0.8000005 4.78245 0.4175487 0.9900006 3.6 0.3999991 0.9900006 3.58245 0.3999991 0.8000005 3.58245 0.4175487 0.8000006 3.6 -0.8000011 0.9793039 -2.379815E-07 -0.7913933 0.9900004 -2.379815E-07 -0.8000011 0.979304 4.78245 -0.7913933 0.9900005 4.773842 -0.7738438 0.9900005 4.791392 -0.7824516 0.979304 4.8 1.987619 0.9793041 4.8 1.987619 0.9900005 4.791392 1.98846 0.8000005 4.6 1.987619 0.8000005 4.8 1.98846 5.722156E-07 4.6 1.98846 5.285042E-07 3.6 4.600001 0.8 0 4.600001 0 0 3.600001 0.8000001 3.6 3.600001 1.57361E-07 3.6 3.600001 0.8 0 3.600001 0 0 4.800001 0.8 0 3.600001 0.99 4.371152E-10 4.600001 0.8 0.2999997 4.600001 1.311341E-08 0.2999997 4.700001 0.8 0 4.700001 6.158885E-09 0 4.700001 0.8 0.1999998 4.700001 1.490116E-08 0.1999998 4.600001 0.8000002 4.3 4.600001 1.87959E-07 4.3 4.700001 0.8000001 4.4 4.700001 1.923301E-07 4.4 4.3 0.8000002 4.6 4.3 2.010724E-07 4.6 4.4 0.8000002 4.7 4.4 2.116024E-07 4.7 4.700001 0.8000001 4.693327 4.693328 0.8000001 4.7 4.693328 2.05649E-07 4.7 4.700001 2.051518E-07 4.693327 4.396552 2.112393E-07 4.696552 4.396552 0.8000002 4.696552 4.307352 2.018465E-07 4.607351 4.307352 0.8000002 4.607351 4.608078 0.8000002 4.308077 4.608078 1.88312E-07 4.308077 4.688906 0.8000001 4.388905 4.688906 1.918451E-07 4.388905 4.700001 0.8000001 4.414657 4.700001 1.929708E-07 4.414657 4.600001 0.8 0.3489118 4.600001 1.525142E-08 0.3489118 4.600001 0.8 0.3139207 4.600001 1.372192E-08 0.3139207 4.604978 1.320237E-08 0.2950237 4.604978 0.8 0.2950237 4.690663 0.8 0.2093384 4.690663 1.473421E-08 0.2093384 4.700001 0.8 0.1968141 4.700001 1.476191E-08 0.1968141 4.700001 0.8 0.02252865 4.700001 7.14364E-09 0.02252865 4.782452 0.8000002 4.8 4.800001 0.8000002 4.78245 3.582451 0.9900001 3.6 3.600001 0.9900001 3.58245 3.600001 0.8000001 3.58245 3.582451 0.8000003 3.6 4.800001 0.9793035 4.371152E-10 4.791393 0.9899999 4.371152E-10 4.800001 0.9793037 4.78245 4.791393 0.99 4.773842 4.773844 0.99 4.791392 4.782452 0.9793037 4.8 1.987619 0.8000001 3.6 1.987619 0.9900001 3.6 -0.7000012 3.773021E-07 -2.384186E-07 -0.7000012 0.8000003 -2.384186E-07 0.3999987 0.8000004 -2.384186E-07 -0.7913933 0.9900004 -2.379815E-07 0.3999987 0.9900004 -2.379815E-07 0.3999991 0.9900006 3.58245 0.3999987 0.8000004 -2.384186E-07 0.3999987 0.9900004 -2.379815E-07 -0.8000011 0.8000003 -2.384186E-07 0.3999987 0.8000004 -2.384186E-07 0.3999991 0.8000005 3.58245 0.3999987 3.711432E-07 -2.384186E-07 0.3999987 0.8000004 -2.384186E-07 -0.7000008 0.8000005 4.693327 -0.7000008 5.762951E-07 4.693327 0.3999991 0.8000005 3.58245 0.3999991 0.9900006 3.58245 0.4175487 0.8000006 3.6 -0.7824516 0.8000005 4.8 -0.8000011 0.8000005 4.78245 -0.7824516 0.8000005 4.8 -0.7824516 0.979304 4.8 0.4175487 0.9900006 3.6 -0.8000011 0.979304 4.78245 -0.7824516 0.979304 4.8 -0.7738438 0.9900005 4.791392 -0.7913933 0.9900005 4.773842 -0.7913933 0.9900004 -2.379815E-07 -0.8000011 0.9793039 -2.379815E-07 -0.8000011 0.979304 4.78245 -0.8000011 0.8000003 -2.384186E-07 -0.8000011 0.8000005 4.78245 4.700001 0.8 0 4.700001 6.158885E-09 0 3.600001 0.8 0 3.600001 0.99 4.371152E-10 4.791393 0.9899999 4.371152E-10 3.600001 0.9900001 3.58245 3.600001 0.99 4.371152E-10 3.600001 0.8 0 4.800001 0.8 0 3.600001 0.8000001 3.58245 3.600001 0.8 0 3.600001 0.8 0 3.600001 0 0 4.693328 2.05649E-07 4.7 4.693328 0.8000001 4.7 3.600001 0.9900001 3.58245 3.600001 0.8000001 3.58245 3.582451 0.8000003 3.6 4.782452 0.8000002 4.8 4.800001 0.8000002 4.78245 3.582451 0.9900001 3.6 4.782452 0.9793037 4.8 4.800001 0.9793037 4.78245 4.791393 0.99 4.773842 4.800001 0.9793035 4.371152E-10 4.791393 0.9899999 4.371152E-10 4.800001 0.8 0 3.582451 0.9900001 3.6 3.582451 0.8000003 3.6 1.987619 0.9900005 4.791392 1.987619 0.9900001 3.6 0.4175487 0.9900006 3.6 -0.7738438 0.9900005 4.791392 1.987619 0.8000001 3.6 0.3999991 5.285042E-07 3.6 0.3999991 0.8000005 3.6 4.782452 0.8000002 4.8 4.782452 0.9793037 4.8 4.773844 0.99 4.791392 4.773844 0.99 4.791392 3.582451 0.9900001 3.6 -0.7824516 0.8000005 4.8 0.4175487 0.8000006 3.6 1.987619 0.8000001 3.6 1.987619 0.8000005 4.8 0.4175487 0.8000006 3.6 0.4175487 0.9900006 3.6 4.782452 0.8000002 4.8 3.582451 0.8000003 3.6 1.98846 0.8000005 4.6 1.98846 5.722156E-07 4.6 1.987619 0.8000001 3.6 3.600001 0.8000001 3.6 3.600001 1.57361E-07 3.6 1.98846 5.285042E-07 3.6  
			<Colors>: 0  
			<TextureCoords0>: 215 0.1655273 0.8139648 0.1655273 0.8554688 0.2675781 0.8564453 0.2675781 0.8027344 0.2167969 0.8139648 0.2167969 0.8554688 0.1547852 0.8139648 0.2670898 0.8010254 0.01464844 0.8706055 0.01464844 0.9091797 0 0.8706055 0 0.9091797 0.008300781 0.8706055 0.008300781 0.9091797 0.1811523 0.8706055 0.1811523 0.9091797 0.1875 0.8706055 0.1875 0.9091797 0.2138672 0.8706055 0.2138672 0.9091797 0.2084961 0.8706055 0.2084961 0.9091797 0.1999129 0.8706055 0.2004723 0.8706055 0.2004723 0.9091797 0.1999129 0.9091797 0.2086813 0.9091797 0.2086813 0.8706055 0.2134723 0.9091797 0.2134723 0.8706055 0.181665 0.8706055 0.181665 0.9091797 0.1867957 0.8706055 0.1867957 0.9091797 0.1881202 0.8706055 0.1881203 0.9091797 0.01668445 0.8706055 0.01668445 0.9091797 0.01522791 0.8706055 0.01522791 0.9091797 0.01433257 0.9091797 0.01433257 0.8706055 0.008893576 0.8706055 0.008893576 0.9091797 0.00816856 0.8706055 0.00816856 0.9091797 0.0009350277 0.8706055 0.0009350278 0.9091797 0.3847656 0.8696289 0.1732244 0.2291773 0.1992218 0.8010254 0.06787046 0.8010254 0.06787046 0.8115234 0.1992218 0.8115234 0.1547852 0.8041992 0.2670898 0.8594412 0.001463027 0.8603856 0.001939401 0.8594412 0.0009608177 0.8585808 0.3847656 0.8618164 0.2666016 0.8613281 0.2666016 0.8598633 0.3133686 0.8706055 0.2666016 0.8696289 0.3133686 0.9091797 0.1607155 0.8027344 0.1655273 0.8139648 0.1655273 0.8554688 0.2675781 0.8564453 0.2675781 0.8027344 0.2167969 0.8139648 0.2167969 0.8554688 0.1547852 0.8139648 0.2670898 0.8010254 0.01464844 0.8706055 0.01464844 0.9091797 0 0.8706055 0 0.9091797 0.008300781 0.8706055 0.008300781 0.9091797 0.1811523 0.8706055 0.1811523 0.9091797 0.1875 0.8706055 0.1875 0.9091797 0.2138672 0.8706055 0.2138672 0.9091797 0.2084961 0.8706055 0.2084961 0.9091797 0.1999129 0.8706055 0.2004723 0.8706055 0.2004723 0.9091797 0.1999129 0.9091797 0.2086813 0.9091797 0.2086813 0.8706055 0.2134723 0.9091797 0.2134723 0.8706055 0.181665 0.8706055 0.181665 0.9091797 0.1867957 0.8706055 0.1867957 0.9091797 0.1881202 0.8706055 0.1881203 0.9091797 0.01668445 0.8706055 0.01668445 0.9091797 0.01522791 0.8706055 0.01522791 0.9091797 0.01433257 0.9091797 0.01433257 0.8706055 0.008893576 0.8706055 0.008893576 0.9091797 0.00816856 0.8706055 0.00816856 0.9091797 0.0009350277 0.8706055 0.0009350278 0.9091797 0.1732114 0.229327 0.1732244 0.2291773 0.1992218 0.8010254 0.06787046 0.8010254 0.06787046 0.8115234 0.1992218 0.8115234 0.1547852 0.8041992 0.2670898 0.8594412 0.001463027 0.8603856 0.001939401 0.8594412 0.0009608177 0.8585808 0.0004882813 0.8603855 0.2666016 0.8007813 0.2666016 0.8093262 0.1601563 0.8554688 0.1601563 0.8139648 0.2167969 0.8139648 0.1557617 0.8041992 0.2167969 0.8041992 0.06787045 0.8010254 0.2670898 0.8115234 0.2670898 0.8010254 0.1749356 0.2094561 0.1749356 0.2094561 0.1732264 0.2291532 0.02539063 0.8027344 0.02539063 0.8564453 0.1999129 0.8706055 0.1999129 0.9091797 0.2001953 0.8115234 0.2001953 0.8010254 0.1732131 0.2293074 0.1732114 0.229327 0.001463048 0.8696289 0.0004882813 0.8696289 0.0004882813 0.8603855 0.06689169 0.8001649 0.001463027 0.8603856 0.0004882813 0.8603855 0.3833008 0.8598633 0.001939401 0.8594412 0.2670898 0.8594412 0.2670898 0.8603855 0.001463027 0.8603856 0.2670898 0.8696289 0.001463048 0.8696289 0.1601563 0.8139648 0.1601563 0.8554688 0.2167969 0.8139648 0.2167969 0.8041992 0.1557617 0.8041992 0.06787045 0.8010254 0.2670898 0.8010254 0.2670898 0.8115234 0.1749356 0.2094561 0.1732264 0.2291532 0.1749356 0.2094561 0.02539063 0.8564453 0.02539063 0.8027344 0.2004723 0.9091797 0.2004723 0.8706055 0.2001953 0.8010254 0.2001953 0.8115234 0.1732131 0.2293074 0.0004882813 0.8696289 0.001463048 0.8696289 0.06689169 0.8001649 0.0004882813 0.8603855 0.001463027 0.8603856 0.001939401 0.8594412 0.2670898 0.8603855 0.2670898 0.8594412 0.2670898 0.8696289 0.1992188 0.8093262 0.1992188 0.8007813 0.2666016 0.8598633 0.2666016 0.8093262 0.3330078 0.8093262 0.3833008 0.8598633 0.1607155 0.8564453 0.2675781 0.8027344 0.2675781 0.8564453 0.1474609 0.8696289 0.1474609 0.8618164 0.1489258 0.8598633 0.1489258 0.8598633 0.1992188 0.8093262 0.1749293 0.2095285 0.1749272 0.2095526 0.1741778 0.2181898 0.1739378 0.2209547 0.3330078 0.8007813 0.3330078 0.8093262 0.1749293 0.2095285 0.1749272 0.2095526 0.3144452 0.8706055 0.3144452 0.9091797 0.1590497 0.8564453 0.2675781 0.8564453 0.2675781 0.8027344 0.1590497 0.8027344  
			<TextureCoords1>: 215 0.9415767 0.6073949 0.9415767 0.6802841 0.5185571 0.6073949 0.5185571 0.6802841 0.8504651 0.6073949 0.8504651 0.6802841 0.9604614 0.7995147 0.4050561 0.9960921 0.5496646 0.803421 0.5496646 0.8763102 0.5185572 0.803421 0.5185571 0.8763102 0.5367795 0.803421 0.5367795 0.8763102 0.9141109 0.803421 0.9141108 0.8763103 0.926996 0.803421 0.926996 0.8763102 0.04437674 0.0189656 0.04437673 0.09185487 0.03149164 0.0189656 0.03149163 0.09185487 0.00390626 0.0189656 0.00476607 0.0189656 0.00476606 0.09185493 0.00390625 0.09185493 0.03193597 0.09185487 0.03193598 0.0189656 0.04342949 0.09185487 0.0434295 0.0189656 0.9151516 0.803421 0.9151516 0.8763103 0.9255664 0.803421 0.9255664 0.8763102 0.9283314 0.803421 0.9283314 0.8763102 0.554121 0.8034209 0.554121 0.8763102 0.5509329 0.803421 0.5509329 0.8763102 0.5490234 0.8763102 0.5490234 0.803421 0.5379828 0.803421 0.5379828 0.8763102 0.5364892 0.8034209 0.5364892 0.8763102 0.5206098 0.803421 0.5206097 0.8763102 0.00616753 0.1133488 0.00390625 0.1188548 0.5185573 0.7822034 0.405057 0.6696903 0.5208184 0.7995147 0.5185571 0.7995147 0.9604614 0.783178 0.5136056 0.9960921 0.00390629 0.09701216 0.5136068 0.5611405 0.5120079 0.5595416 0.00616757 0.09701216 0.258553 0.0970127 0.2585531 0.09576172 0.2528821 0.0189656 0.2585529 0.1133493 0.2528821 0.09185481 0.6648675 0.5545912 0.8595762 0.6841904 0.8595762 0.7570797 0.8465588 0.6841905 0.8465588 0.7570797 0.9506878 0.6841905 0.9506878 0.7570797 0.8511273 0.7782972 0.1135 0.9960938 0.9234739 0.9017106 0.9234739 0.9745999 0.9545813 0.9017106 0.9545813 0.9745998 0.936359 0.9017106 0.936359 0.9745998 0.5590275 0.9017107 0.5590276 0.9745999 0.5461424 0.9017107 0.5461424 0.9745999 0.4634901 0.01896566 0.4634901 0.09185487 0.4763752 0.01896566 0.4763752 0.09185493 0.5194169 0.9017106 0.5185571 0.9017107 0.5185571 0.9745999 0.519417 0.9745999 0.4759309 0.09185487 0.4759309 0.0189656 0.4644373 0.09185487 0.4644373 0.01896566 0.5579869 0.9017107 0.5579869 0.9745999 0.547572 0.9017107 0.547572 0.9745999 0.544807 0.9017107 0.544807 0.9745999 0.9190174 0.9017106 0.9190174 0.9745999 0.9222055 0.9017106 0.9222055 0.9745999 0.9241151 0.9745999 0.9241151 0.9017106 0.9351557 0.9017106 0.9351557 0.9745999 0.9366493 0.9017106 0.9366493 0.9745998 0.9525287 0.9017106 0.9525287 0.9745998 0.5125322 0.1172556 0.5141312 0.1188548 0.8472211 0.760986 0.1134999 0.6696902 0.8449598 0.7782972 0.8472211 0.7782972 0.8511273 0.7619606 0.004950304 0.9960938 0.5208187 0.9797571 0.004950227 0.5611405 0.006549257 0.5595416 0.5185574 0.9797571 0.663865 0.6034883 0.6638649 0.5861771 0.9506878 0.6802841 0.9506878 0.6073949 0.8511275 0.7995147 0.9596772 0.7822034 0.8511275 0.7822034 0.5208185 0.7822034 0.8472211 0.7995147 0.8472213 0.7822034 0.00390625 0.5545913 0.1132401 0.5545913 0.1132402 0.2281887 0.8465588 0.6802842 0.8465588 0.6073949 0.9537215 0.803421 0.9537215 0.8763102 0.5208184 0.7995147 0.5208185 0.7822034 0.1148393 0.2265896 0.005505243 0.1172556 0.00390625 0.1133488 0.00616753 0.1133488 0.00616757 0.09701216 0.4034581 0.6680913 0.5146509 0.5600965 0.5130519 0.5584975 0.006951848 0.09576118 0.9535093 0.8802165 0.5185571 0.8802167 0.5185571 0.8814677 0.9542936 0.8814675 0.5185571 0.8978044 0.9542936 0.8978041 0.8504651 0.6841904 0.8504651 0.7570797 0.9604612 0.7782972 0.9604612 0.760986 0.8519116 0.760986 0.8449598 0.760986 0.5185571 0.760986 0.5185571 0.7782972 0.5141312 0.5545913 0.4047973 0.2281886 0.4047973 0.5545913 0.5185571 0.6841905 0.5185571 0.7570797 0.5031008 0.09185493 0.5031008 0.01896566 0.8449598 0.760986 0.8449598 0.7782972 0.4031984 0.2265896 0.5185571 0.9960938 0.5208185 0.9960938 0.1150989 0.6680912 0.00550528 0.5584975 0.00390625 0.5600965 0.5216029 0.9785062 0.9565553 0.9797571 0.9565557 0.9785061 0.9565551 0.9960938 0.5185571 0.5861775 0.5185572 0.6034887 0.2604065 0.5595416 0.2604065 0.6680912 0.4034581 0.6680913 0.5120079 0.5595416 0.6649441 0.4817019 0.8095946 0.5545913 0.8095946 0.481702 0.5131946 0.1133488 0.5131947 0.09701216 0.5124104 0.09576124 0.006549257 0.5595416 0.1150989 0.6680912 0.005505243 0.1172556 0.1148393 0.2265896 0.2578907 0.2265897 0.2578906 0.1172559 0.8069165 0.6034887 0.8069164 0.5861775 0.5125322 0.1172556 0.4031984 0.2265896 0.2528821 0.0189656 0.2528821 0.09185481 0.6649441 0.4817019 0.5180374 0.481702 0.5180375 0.5545912 0.6648675 0.5545912  
			<Normals>: 215 0 0 -1 0 0 -1 1 0 0 1 0 0 0 0 -1 0 0 -1 0 0 -1 0 1 0 -0.9238803 0 0.3826815 -0.9238803 0 0.3826815 -1 0 0 -1 0 0 -0.9238803 0 0.3826815 -0.9238803 0 0.3826815 -0.9238803 0 -0.3826815 -0.9238803 0 -0.3826815 -0.9238803 0 -0.3826815 -0.9238803 0 -0.3826815 0.3826815 0 0.9238803 0.3826815 0 0.9238803 0.3826815 0 0.9238803 0.3826815 0 0.9238803 -0.9238803 0 0.3826815 -0.3826815 0 0.9238803 -0.3826815 0 0.9238803 -0.9238803 0 0.3826815 0.7071068 0 0.7071068 0.7071068 0 0.7071068 0.7071068 0 0.7071068 0.7071068 0 0.7071068 -0.7071068 0 -0.7071068 -0.7071068 0 -0.7071068 -0.7071068 0 -0.7071068 -0.7071068 0 -0.7071068 -1 0 0 -1 0 0 -1 0 0 -1 0 0 -1 0 0 -1 0 0 -0.7070915 0 0.707122 -0.7070915 0 0.707122 -0.7071068 0 0.7071068 -0.7071068 0 0.7071068 -1 0 0 -1 0 0 -1 0 0 -1 0 0 -0.3826815 0 0.9238803 0 -1 0 0.3826815 0 -0.9238803 0 1 0 0.9238803 0 -0.3826815 0.3826815 0 -0.9238803 0 0 -1 -0.4318766 0.9019327 0 -0.851616 0.3675768 0.3736807 -0.436917 0.8894906 0.133828 -0.133828 0.8894906 0.436917 -0.3736807 0.3675768 0.851616 0 0.3323507 0.9431558 0 0.9019327 0.4318766 0 0 1 0 0 1 0 0 1 0 0 -1 0 0 -1 0 0 -1 -1 0 0 -1 0 0 0 0 -1 0 0 -1 0 0 -1 0 1 0 0.9238803 0 0.3826815 0.9238803 0 0.3826815 1 0 0 1 0 0 0.9238803 0 0.3826815 0.9238803 0 0.3826815 0.9238803 0 -0.3826815 0.9238803 0 -0.3826815 0.9238803 0 -0.3826815 0.9238803 0 -0.3826815 -0.3826815 0 0.9238803 -0.3826815 0 0.9238803 -0.3826186 0 0.9239064 -0.3826186 0 0.9239064 0.9238803 0 0.3826815 0.3826815 0 0.9238803 0.3826815 0 0.9238803 0.9238803 0 0.3826815 -0.7070763 0 0.7071373 -0.7070763 0 0.7071373 -0.7071068 0 0.7071068 -0.7071068 0 0.7071068 0.7071068 0 -0.7071068 0.7071068 0 -0.7071068 0.7071068 0 -0.7071068 0.7071068 0 -0.7071068 1 0 0 1 0 0 1 0 0 1 0 0 1 0 0 1 0 0 0.7070915 0 0.707122 0.7070915 0 0.707122 0.7071068 0 0.7071068 0.7071068 0 0.7071068 1 0 0 1 0 0 1 0 0 1 0 0 0 -1 0 0 -1 0 -0.3826815 0 -0.9238803 0 1 0 -0.9238803 0 -0.3826815 -0.3826815 0 -0.9238803 0 0 -1 0.4318766 0.9019327 0 0.851616 0.3675768 0.3736807 0.436917 0.8894906 0.133828 0.133828 0.8894906 0.436917 0.3736807 0.3675768 0.851616 0 0 -1 0 0 -1 0 0 -1 0 0 -1 0 0 -1 0 0 -1 0 0 -1 0.9238803 0 -0.3826815 1 0 0 1 0 0 0 -1 0 0 -1 0 0 -1 0 1 0 0 1 0 0 -0.9238803 0 0.3826815 -0.9238803 0 0.3826815 0.9238803 0 -0.3826815 0.9238803 0 -0.3826815 0 -1 0 0 -1 0 -0.9238803 0 0.3826815 -0.3826815 0 0.9238803 -0.3736807 0.3675768 0.851616 0 1 0 -0.851616 0.3675768 0.3736807 -0.3736807 0.3675768 0.851616 -0.133828 0.8894906 0.436917 -0.436917 0.8894906 0.133828 -0.4318766 0.9019327 0 -0.9431558 0.3323507 0 -0.851616 0.3675768 0.3736807 -1 0 0 -0.9238803 0 0.3826815 0 0 -1 0 0 -1 0 0 -1 0 0 -1 0 0 -1 -0.9238803 0 -0.3826815 -1 0 0 -1 0 0 0 -1 0 0 -1 0 0 -1 0 -1 0 0 -1 0 0 0.3826815 0 0.9238803 0.3826815 0 0.9238803 -0.9238803 0 -0.3826815 -0.9238803 0 -0.3826815 0 -1 0 0.3826815 0 0.9238803 0.9238803 0 0.3826815 0 1 0 0.3736807 0.3675768 0.851616 0.851616 0.3675768 0.3736807 0.436917 0.8894906 0.133828 0.9431558 0.3323507 0 0.4318766 0.9019327 0 1 0 0 -0.3826815 0 -0.9238803 -0.3826815 0 -0.9238803 0 0.9019327 0.4318766 0 1 0 0 1 0 -0.133828 0.8894906 0.436917 0 0 -1 0 0 -1 0 0 -1 0.3826815 0 0.9238803 0.3736807 0.3675768 0.851616 0.133828 0.8894906 0.436917 0.133828 0.8894906 0.436917 0 1 0 0 -1 0 0 -1 0 0 -1 0 0 -1 0 0.3826815 0 -0.9238803 0.3826815 0 -0.9238803 0 -1 0 0 -1 0 0 0 1 0 0 1 0 0 -1 0 0 -1 0 0 -1 0 0 -1  
			<Tangents>: 215 1 5.204704E-08 0 1 0 0 0 4.736568E-08 1 0 4.967054E-08 1 1 0 0 1 0 0 1 4.967055E-08 0 -7.211216E-08 0 -1 0.3826815 0 0.9238803 0.3826815 -4.800028E-09 0.9238803 0 0 1 0 0 1 0.3826815 -1.175641E-10 0.9238803 0.3826815 -1.118747E-08 0.9238803 -0.3826815 1.200161E-08 0.9238803 -0.3826815 6.634753E-09 0.9238803 -0.3826815 0 0.9238803 -0.3826815 0 0.9238803 0.9238803 0 -0.3826815 0.9238803 -3.159374E-10 -0.3826815 0.9238803 1.638732E-07 -0.3826815 0.9238803 -7.755442E-07 -0.3826815 0.3826815 0 0.9238803 0.9238803 2.056107E-07 0.3826815 0.9238803 4.600195E-08 0.3826815 0.3826815 0 0.9238803 0.7071068 -6.977168E-08 -0.7071068 0.7071068 1.102821E-07 -0.7071068 0.7071068 9.513607E-07 -0.7071068 0.7071068 -4.690307E-11 -0.7071068 -0.7071068 -4.740674E-07 0.7071068 -0.7071068 -4.283287E-08 0.7071068 -0.7071068 -4.170754E-07 0.7071068 -0.7071068 0 0.7071068 0 0 1 0 1.598406E-07 1 0 4.593832E-08 1 0 7.869419E-08 1 0 0 1 0 3.071216E-06 1 0.707122 3.299238E-08 0.7070915 0.707122 4.648785E-07 0.7070915 0.7071068 4.000002E-07 0.7071068 0.7071068 -1.26283E-08 0.7071068 0 0 1 0 0 1 0 0 1 0 0 1 -0.9238722 0.004187847 -0.3826782 1 0 0 -0.9238803 -4.299031E-07 -0.3826815 -6.994089E-08 0 -1 -0.3826815 -3.601755E-08 -0.9238803 -0.9238803 -5.198922E-06 -0.3826815 0.9999602 0.008918043 0 -6.151437E-08 -2.945521E-08 -1 -0.4455116 -0.1319792 -0.8854947 -0.05903095 0.1201053 -0.9910046 -0.07374355 0.4307222 -0.8994667 -0.9275519 -0.1449075 -0.3444552 -1 7.189205E-07 -2.533343E-07 -1 2.497542E-07 -5.215875E-07 1 0 0 -1 6.42435E-08 0 1 0 0 -1 0 0 -1 5.204704E-08 0 -1 0 0 0 4.736568E-08 1 0 4.967054E-08 1 -1 0 0 -1 0 0 -0.9999999 0.0003692613 0 7.211216E-08 0 -1 -0.3826815 0 0.9238803 -0.3826815 -4.800028E-09 0.9238803 0 0 1 0 0 1 -0.3826815 -1.175641E-10 0.9238803 -0.3826815 -1.118747E-08 0.9238803 0.3826815 1.200161E-08 0.9238803 0.3826815 6.634753E-09 0.9238803 0.3826815 0 0.9238803 0.3826815 0 0.9238803 -0.9238803 1.668063E-07 -0.3826815 -0.9238803 1.723908E-07 -0.3826815 -0.9239064 2.119657E-07 -0.3826186 -0.9239064 -5.606009E-07 -0.3826186 -0.3826815 0 0.9238803 -0.9238803 0 0.3826815 -0.9238803 0 0.3826815 -0.3826815 0 0.9238803 -0.7071373 -6.985628E-08 -0.7070763 -0.7071373 1.10282E-07 -0.7070763 -0.7071068 9.513582E-07 -0.7071068 -0.7071068 -4.690048E-11 -0.7071068 0.7071068 -4.74066E-07 0.7071068 0.7071068 -4.283287E-08 0.7071068 0.7071068 -4.17074E-07 0.7071068 0.7071068 0 0.7071068 0 0 1 0 0 1 0 4.593831E-08 1 0 7.869419E-08 1 0 0 1 0 3.071216E-06 1 -0.707122 3.299238E-08 0.7070915 -0.707122 4.648785E-07 0.7070915 -0.7071068 4.000002E-07 0.7071068 -0.7071068 -1.26283E-08 0.7071068 0 0 1 0 0 1 0 0 1 0 0 1 1 0 0 1 0 0 0.9238803 -4.299021E-07 -0.3826815 6.994017E-08 0 -1 0.3826815 -3.601755E-08 -0.9238803 0.9238803 -5.198942E-06 -0.3826815 -0.6269457 0.779063 0 5.66509E-08 -2.712641E-08 -1 0.3434972 0.147132 -0.9275569 0.05903094 0.1201053 -0.9910046 0.07374361 0.4307222 -0.8994667 0.8854871 0.1320045 -0.4455192 -1 1.130973E-07 0 -1 1.159392E-07 0 1 4.718712E-08 0 1 5.96047E-07 0 1 7.832393E-05 0 0.9895844 0.1439534 0 1 0 0 -0.3826815 -3.723251E-08 -0.9238803 0 -6.542935E-08 -1 0 -6.655182E-08 -1 1 0 0 1 0 0 1 0 0 0 3.541856E-08 1 0 3.311369E-08 1 0.3826815 4.940254E-08 0.9238803 0.3826815 2.315125E-07 0.9238803 -0.3826815 -4.76899E-06 -0.9238803 -0.3826815 0 -0.9238803 1 0 0 1 0 0 -0.3826815 0 -0.9238803 -0.9238803 1.103818E-06 -0.3826815 -0.8854887 0.1319993 -0.4455177 9.769634E-06 0 -1 -0.3521747 0.1267753 -0.9273084 -0.8854904 0.1319936 -0.4455159 -0.9910046 -0.1201192 -0.05900247 -0.05900252 0.1201192 -0.9910046 -4.664426E-08 -2.233489E-08 -1 -2.632352E-08 -7.470175E-08 -1 -0.3430866 0.1480839 -0.9275574 0 -8.451988E-08 -1 -0.3826815 -5.396024E-08 -0.9238803 -1 5.96047E-07 0 -1 4.718712E-08 0 -1 4.967055E-08 0 -1 4.970591E-08 0 -0.9999882 0.004858362 0 0.3826815 -3.601755E-08 -0.9238803 0 -3.327591E-08 -1 0 -3.327591E-08 -1 1 0 0 1 0 0 1 0 0 0 3.311369E-08 1 0 3.541856E-08 1 -0.9238803 2.199435E-07 0.3826815 -0.9238803 2.199435E-07 0.3826815 0.3826815 0 -0.9238803 0.3826815 -4.769039E-06 -0.9238803 1 0 0 0.9238803 1.103825E-06 -0.3826815 0.3826815 -5.376295E-08 -0.9238803 -9.769699E-06 0 -1 0.8854889 0.1319987 -0.4455175 0.3521742 0.1267766 -0.9273085 0.05900252 0.1201192 -0.9910046 2.596198E-08 -7.367577E-08 -1 4.178072E-08 -2.000606E-08 -1 0 -8.451988E-08 -1 -0.9238803 0 0.3826815 -0.9238803 -6.107395E-09 0.3826815 -1 5.282486E-08 -1.103196E-07 -1 0 -7.537187E-08 -1 0 -2.701249E-08 -0.9910046 -0.1201192 -0.05900247 -1 6.689131E-08 0 -1 1.583243E-07 0 -1 2.252604E-07 0 -0.9238724 -0.004152275 0.3826783 -0.927552 0.1449359 0.3444429 -0.9910046 0.1201193 0.05900227 -0.9910046 0.1201193 0.05900227 -1 0 -1.409413E-07 1 0 0 1 0 0 1 0 0 1 0 0 -0.9238803 3.287268E-07 -0.3826815 -0.9238803 3.287268E-07 -0.3826815 1 0 0 1 0 0 -1 1.750303E-07 0 -1 1.804998E-07 0 1 -1.568052E-07 0 1 0 0 1 -6.506791E-08 0 1 -2.219167E-07 0  
			<BiTangents>: 215 -5.204704E-08 1 0 0 1 0 0 -1 4.736568E-08 0 -1 4.967054E-08 0 1 0 0 1 0 -4.967055E-08 1 0 1 0 -7.211216E-08 0 1 0 1.836882E-09 1 4.434651E-09 0 1 0 0 1 0 4.498962E-11 1 1.086152E-10 4.28124E-09 1 1.033589E-08 4.592796E-09 1 -1.108805E-08 2.538997E-09 1 -6.129718E-09 0 1 0 0 1 0 0 1 0 2.918884E-10 1 -1.209034E-10 -1.513992E-07 1 6.271123E-08 7.1651E-07 1 -2.967865E-07 0 1 0 -1.899597E-07 1 -7.868343E-08 -4.25003E-08 1 -1.76041E-08 0 1 0 4.933603E-08 1 -4.933603E-08 -7.79812E-08 1 7.79812E-08 -6.727137E-07 1 6.727137E-07 3.316548E-11 1 -3.316548E-11 -3.352163E-07 1 3.352163E-07 -3.028742E-08 1 3.028742E-08 -2.949169E-07 1 2.949169E-07 0 1 0 0 1 0 0 1 -1.598406E-07 0 1 -4.593832E-08 0 1 -7.869419E-08 0 1 0 0 1 -3.071216E-06 -2.332964E-08 1 -2.332863E-08 -3.287259E-07 1 -3.287117E-07 -2.828428E-07 1 -2.828428E-07 8.929556E-09 1 8.929556E-09 0 1 0 0 1 0 0 1 0 0 1 0 0.00386907 0.9999912 0.001602612 0 0 1 -3.97179E-07 1 -1.64516E-07 1 0 -6.994089E-08 -1.378325E-08 1 -3.327591E-08 -4.803182E-06 1 -1.989531E-06 -0.008918043 0.9999602 0 0.9019327 0.4318766 -6.820284E-08 0.2761692 0.9205807 -0.2761554 0.8975627 0.4408868 -3.144811E-05 0.9882571 0.1525936 -0.007951522 0.003208186 0.9186344 -0.3950957 7.6225E-07 0.9431559 -0.3323508 5.782999E-07 0.4318766 -0.9019327 0 1 0 6.42435E-08 1 0 0 1 0 0 -1 0 5.204704E-08 1 0 0 1 0 0 -1 4.736568E-08 0 -1 4.967054E-08 0 1 0 0 1 0 0.0003692613 0.9999999 0 -1 0 -7.211216E-08 0 1 0 -1.836882E-09 1 4.434651E-09 0 1 0 0 1 0 -4.498962E-11 1 1.086152E-10 -4.28124E-09 1 1.033589E-08 -4.592795E-09 1 -1.108805E-08 -2.538997E-09 1 -6.129718E-09 0 1 0 0 1 0 1.541091E-07 1 6.38337E-08 1.592684E-07 1 6.597077E-08 1.958364E-07 1 8.110202E-08 -5.179428E-07 1 -2.144964E-07 0 1 0 0 1 0 0 1 0 0 1 0 -4.939798E-08 1 -4.939372E-08 7.798455E-08 1 7.797782E-08 6.727118E-07 1 6.727118E-07 -3.316365E-11 1 -3.316365E-11 3.352153E-07 1 3.352153E-07 3.028742E-08 1 3.028742E-08 2.949159E-07 1 2.949159E-07 0 1 0 0 1 0 0 1 0 0 1 -4.593831E-08 0 1 -7.869419E-08 0 1 0 0 1 -3.071216E-06 2.332964E-08 1 -2.332863E-08 3.287259E-07 1 -3.287117E-07 2.828428E-07 1 -2.828428E-07 -8.929556E-09 1 8.929556E-09 0 1 0 0 1 0 0 1 0 0 1 0 0 0 1 0 0 1 3.971781E-07 1 -1.645156E-07 -1 0 -6.994017E-08 1.378325E-08 1 -3.327591E-08 4.803201E-06 1 -1.989539E-06 0.779063 0.6269457 0 -0.9019327 0.4318766 -6.281057E-08 -0.3959288 0.9182807 -0.0009616445 -0.8975627 0.4408868 -3.143492E-05 -0.9882571 0.1525936 -0.007951575 -0.2761797 0.920577 -0.276157 -1.130973E-07 -1 0 -1.159392E-07 -1 0 -4.718712E-08 1 0 -5.96047E-07 1 0 -7.832393E-05 1 0 -0.1439534 0.9895844 0 0 1 0 -1.424819E-08 1 -3.439838E-08 0 1 -6.542935E-08 0 1 -6.655182E-08 0 0 1 0 0 1 0 0 1 0 -1 3.541856E-08 0 -1 3.311369E-08 -1.890544E-08 1 -4.564203E-08 -8.859556E-08 1 -2.138898E-07 -1.825005E-06 1 -4.405977E-06 0 1 0 0 0 1 0 0 1 0 1 0 1.019796E-06 1 4.22411E-07 0.2761747 0.9205778 -0.2761596 1 0 9.769634E-06 0.3882306 0.9213117 -0.02148737 0.2761692 0.9205786 -0.2761623 -1.185033E-09 0.440883 -0.8975646 0.8975646 0.440883 -5.165776E-08 0.9019327 0.4318766 -5.17159E-08 0.3323508 0.9431559 -7.920404E-08 0.3962847 0.9181277 -4.622603E-08 0 1 -8.451988E-08 -2.064959E-08 1 -4.985281E-08 5.96047E-07 1 0 4.718712E-08 1 0 4.967055E-08 1 0 4.970591E-08 1 0 0.004858362 0.9999882 0 1.378325E-08 1 -3.327591E-08 0 1 -3.327591E-08 0 1 -3.327591E-08 0 0 1 0 0 1 0 0 1 0 -1 3.311369E-08 0 -1 3.541856E-08 2.032015E-07 1 -8.416833E-08 2.032015E-07 1 -8.416833E-08 0 1 0 1.825023E-06 1 -4.406022E-06 0 0 1 -1.019802E-06 1 4.224133E-07 2.057409E-08 1 -4.967054E-08 -1 0 9.769699E-06 -0.2761742 0.9205779 -0.2761598 -0.3882311 0.9213116 -0.02148611 -0.8975646 0.440883 -5.165776E-08 -0.3323508 0.9431559 -7.811622E-08 -0.9019327 0.4318766 -4.632354E-08 0 1 -8.451988E-08 0 -1 0 5.642502E-09 -1 -2.337188E-09 1.223147E-07 0.4318766 -0.9019327 7.537187E-08 0 -1 2.701249E-08 0 -1 -1.185033E-09 0.440883 -0.8975646 -6.689131E-08 -1 0 -1.583243E-07 -1 0 -2.252604E-07 -1 0 -0.003836205 0.9999914 0.001588999 -0.003179494 0.9186299 -0.3951064 2.290076E-07 0.440883 -0.8975646 2.290076E-07 0.440883 -0.8975646 1.409413E-07 0 -1 0 0 1 0 0 1 0 0 1 0 0 1 -3.037042E-07 -1 -1.257977E-07 -3.037042E-07 -1 -1.257977E-07 0 0 1 0 0 1 1.750303E-07 1 0 1.804998E-07 1 0 -1.568052E-07 -1 0 0 -1 0 -6.506791E-08 -1 0 -2.219167E-07 -1 0  
			<SubMeshes>: 1
				<SubMesh>: 0 486 43 42 12 43 12 13 0 4 5 0 5 1 60 59 48 60 48 63 38 8 9 38 9 39 46 10 11 46 11 47 0 1 128 0 128 129 30 14 15 30 15 31 26 27 20 26 20 21 62 18 19 62 19 64 57 51 7 57 7 55 130 6 54 54 131 130 131 132 130 133 52 134 133 134 135 136 137 138 136 138 49 2 3 139 2 139 140 34 16 17 34 17 35 22 25 24 22 24 23 20 23 24 20 24 21 28 29 27 28 27 26 19 18 29 19 29 28 32 30 31 32 31 33 16 32 33 16 33 17 141 34 35 141 35 142 14 36 37 14 37 15 36 38 39 36 39 37 9 8 41 9 41 40 40 41 42 40 42 43 12 44 45 12 45 13 44 46 47 44 47 45 50 53 143 50 143 144 49 138 145 49 145 146 56 147 148 56 148 149 51 57 58 51 58 150 58 57 151 58 151 152 61 153 59 61 59 60 154 155 156 154 156 157 157 156 158 157 158 159 109 79 78 109 78 108 66 67 71 66 71 70 104 105 75 104 75 74 112 113 77 112 77 76 66 160 161 66 161 67 96 97 81 96 81 80 92 87 86 92 86 93 123 121 73 123 73 117 72 162 163 163 164 72 164 120 72 165 166 167 165 167 118 168 115 169 168 169 170 68 171 172 68 172 69 100 101 83 100 83 82 88 89 90 88 90 91 86 87 173 86 173 174 94 92 93 94 93 95 85 94 95 85 95 84 98 99 97 98 97 96 82 83 99 82 99 98 88 91 101 88 101 100 80 81 103 80 103 102 102 103 105 102 105 104 75 106 107 75 107 74 106 109 108 106 108 107 78 79 111 78 111 110 110 111 113 110 113 112 116 175 176 116 176 119 115 114 177 115 177 169 122 125 178 122 178 179 117 180 124 117 124 123 124 181 182 124 182 123 183 122 184 183 184 185 122 179 186 122 186 184 127 187 188 127 188 126 189 190 191 189 191 192 193 65 194 193 194 195 60 63 196 60 196 197 61 60 197 61 197 198 189 199 200 189 200 190 201 202 203 201 203 204 127 126 205 127 205 206 207 204 203 207 203 208 209 210 85 209 85 84 211 212 213 211 213 214  
		</Mesh>
		<Materials>: 1
			<Material>: 0
				<AlbedoColor>: 1 1 1 1
				<EmissiveColor>: 0 0 0 0
				<Glossiness>: 0.04
				<Metallic>: 0
				<SpecularHighlight>: 1
				<GlossyReflection>: 1
				<AlbedoMap>: BLD_Villa1_A
				<MetallicMap>: BLD_Villa1_MS
				<NormalMap>: BLD_Villa1_N
				<EmissionMap>: null
				<DetailAlbedoMap>: DET_Concrete1_A
				<DetailNormalMap>: DET_Concrete1_N
		</Materials>
		<Children>: 3
			<Frame>: 1 0 Villa1_Base_Mid_B_bb
				<Transform>: -0.29 0.4950003 2.4 0 0 0 1 1 1 0 0 0 1  
				<TransformMatrix>: 1 0 0 0 0 1 0 0 0 0 1 0 -0.29 0.4950003 2.4 1  
				<BoxCollider>: 1 0.08815074 0 0.004639387 1.176301 1 4.758007  
				<Children>: 0
			</Frame>
			<Frame>: 2 0 Villa1_Base_Mid_B_bb1
				<Transform>: 4.11 0.4950003 2.4 0 0 0 1 1 1 0 0 0 1  
				<TransformMatrix>: 1 0 0 0 0 1 0 0 0 0 1 0 4.11 0.4950003 2.4 1  
				<BoxCollider>: 1 0.08815074 0 0.004639387 1.176301 1 4.758007  
				<Children>: 0
			</Frame>
			<Frame>: 3 0 Villa1_Base_Mid_B_bb2
				<Transform>: 2.14 0.4950003 4.27 0 90 0 1 1 1 0 0.7071068 0 0.7071068  
				<TransformMatrix>: -1.192093E-07 0 -1 0 0 1 0 0 1 0 -1.192093E-07 0 2.14 0.4950003 4.27 1  
				<BoxCollider>: 1 0.08815074 0 0.004639387 1.176301 1 4.758007  
				<Children>: 0
			</Frame>
	</Frame>
</Hierarchy>
