<Hierarchy>:
	<Frame>: 0 5 Villa2_Wall_Int_A
		<Transform>: 0 0 0 0 0 0 1 1 1 0 0 0 1  
		<TransformMatrix>: 1 0 0 0 0 1 0 0 0 0 1 0 0 0 0 1  
		<BoxCollider>: 1 2 3 0 4 6 0.6000008  
		<Mesh>: 249 Villa2_Wall_Int_A
			<Bounds>: 2 2.985 0 2 2.985 0.3000004
			<Positions>: 249 4 -8.742303E-09 0.2 4 5.969999 0.2 0 5.969999 0.2 0 -8.742303E-09 0.2 2 5.969999 0.2 2 -8.742303E-09 0.2 4 1 0.2 0 1 0.2 1.999147 1 0.2 4 4.5 0.2 0 4.5 0.2 1.999147 4.5 0.2 4 5.57 0.2 0 5.57 0.2 2 5.57 0.2 4 5.67 0.3000004 4 5.969999 0.3000004 0 5.969999 0.3000004 2 5.969999 0.3000004 0 5.67 0.3000004 2 5.67 0.3000004 0 0.2 0.2 2 0.2 0.2 4 0.2 0.2 4 -1.311345E-08 0.3000004 0 -1.311345E-08 0.3000004 2 -1.311345E-08 0.3000004 0 0.18 0.3000004 0 0.2 0.2799999 2 0.2 0.2799999 2 0.18 0.3000004 4 0.2 0.2799999 4 0.18 0.3000004 0 0.02608695 0.2 4 0.02608695 0.2 4 5.938749 0.2 0 5.938749 0.2 4 5.946562 0.3000004 0 5.946562 0.3000004 2 5.946562 0.3000004 0 5.67 0.2 4 5.67 0.2 0 0.02784134 0.3000004 2 0.02784134 0.3000004 4 0.02784134 0.3000004 4 0.2418118 0.2 0 0.2418118 0.2 1.999955 0.2418118 0.2 4 -1.598721E-14 -7.450575E-08 4 5.969999 -7.450575E-08 0 5.969999 -7.450575E-08 0 -1.598721E-14 -7.450575E-08 2 -1.598721E-14 -7.450575E-08 0 1 -7.450575E-08 4 4.5 -7.450575E-08 0 5.57 -7.31944E-08 4 5.57 -7.31944E-08 4 0.2 -7.450575E-08 0 0.2 -7.450575E-08 0 0.02608696 -7.450575E-08 0 5.938749 -7.450575E-08 4 5.938749 -7.450575E-08 0 5.67 -7.31944E-08 4 5.67 -7.31944E-08 0 0.2418118 -7.450575E-08 4 -8.742304E-09 -0.2 4 5.969999 -0.2 0 5.969999 -0.2 0 -8.742304E-09 -0.2 2 5.969999 -0.2 2 -8.742304E-09 -0.2 4 1 -0.2 0 1 -0.2 1.999147 1 -0.2 4 4.5 -0.2 0 4.5 -0.2 1.999147 4.5 -0.2 4 5.57 -0.2 0 5.57 -0.2 2 5.57 -0.2 4 5.67 -0.3000004 4 5.969999 -0.3000004 0 5.969999 -0.3000004 2 5.969999 -0.3000004 0 5.67 -0.3000004 2 5.67 -0.3000004 0 0.2 -0.2 2 0.2 -0.2 4 0.2 -0.2 4 -1.311345E-08 -0.3000004 0 -1.311345E-08 -0.3000004 2 -1.311345E-08 -0.3000004 0 0.18 -0.3000004 0 0.2 -0.2799999 2 0.2 -0.2799999 2 0.18 -0.3000004 4 0.2 -0.2799999 4 0.18 -0.3000004 0 0.02608695 -0.2 4 0.02608695 -0.2 4 5.938749 -0.2 0 5.938749 -0.2 4 5.946562 -0.3000004 0 5.946562 -0.3000004 2 5.946562 -0.3000004 0 5.67 -0.2 4 5.67 -0.2 0 0.02784134 -0.3000004 2 0.02784134 -0.3000004 4 0.02784134 -0.3000004 4 0.2418118 -0.2 0 0.2418118 -0.2 1.999955 0.2418118 -0.2 2 5.969999 7.450581E-08 4 1 7.450581E-08 0 4.5 7.450581E-08 4 0.02608696 7.450581E-08 4 0.2418118 7.450581E-08 0 5.57 0.2 4 4.5 0.2 4 5.57 0.2 4 5.946562 0.3000004 4 5.969999 0.3000004 0 5.67 0.3000004 4 5.969999 0.2 2 5.969999 0.3000004 4 5.969999 0.3000004 0 0.02608695 0.2 0 -8.742303E-09 0.2 4 0.2 0.2 4 0.2 0.2799999 4 5.67 0.3000004 2 -1.311345E-08 0.3000004 4 -1.311345E-08 0.3000004 4 0.02784134 0.3000004 0 0.2 0.2 4 -8.742303E-09 0.2 4 -1.311345E-08 0.3000004 0 0.2418118 0.2 0 1 0.2 2 0.2 0.2 4 0.2 0.2 0 -1.598721E-14 -7.450575E-08 0 -8.742303E-09 0.2 0 5.946562 0.3000004 0 5.969999 0.3000004 0 5.969999 0.2 0 5.969999 0.3000004 4 0.18 0.3000004 0 0.2 0.2 0 0.2 0.2799999 0 -1.311345E-08 0.3000004 2 0.2 0.2799999 0 0.2 0.2799999 0 0.18 0.3000004 4 0.2 0.2799999 0 0.02784134 0.3000004 0 -1.311345E-08 0.3000004 0 0.2 0.2 4 0.2418118 -0.2 4 1 -0.2 4 5.969999 -0.3000004 4 5.946562 -0.3000004 0 5.67 -0.3000004 0 5.57 -0.2 4 5.969999 -0.2 4 5.969999 -0.3000004 2 5.969999 -0.3000004 4 0.2 -0.2 4 0.2 -0.2799999 4 5.67 -0.3000004 4 5.57 -0.2 2 -1.311345E-08 -0.3000004 4 0.02784134 -0.3000004 4 -1.311345E-08 -0.3000004 4 -8.742304E-09 -0.2 4 -1.311345E-08 -0.3000004 2 0.2 -0.2 4 0.2 -0.2 0 5.946562 -0.3000004 0 5.969999 -0.3000004 0 5.969999 -0.3000004 0 5.969999 -0.2 4 0.18 -0.3000004 0 0.2 -0.2799999 0 0.2 -0.2 0 -8.742304E-09 -0.2 0 -1.311345E-08 -0.3000004 2 0.2 -0.2799999 2 0.18 -0.3000004 0 0.18 -0.3000004 0 0.2 -0.2799999 4 0.2 -0.2799999 4 0.18 -0.3000004 0 0.02784134 -0.3000004 0 0.18 -0.3000004 0 -1.311345E-08 -0.3000004 0 0.2 -0.2 4 5.969999 -7.450575E-08 4 1 0.2 4 0.2418118 0.2 0 4.5 0.2 4 0.2 0.2 4 0.02608695 0.2 4 -1.598721E-14 -7.450575E-08 4 -8.742303E-09 0.2 0 5.969999 -7.450575E-08 0 0.02608695 -0.2 0 -8.742304E-09 -0.2 0 4.5 -0.2 0 1 -0.2 4 4.5 -0.2 4 0.02608695 -0.2 4 0.2 -0.2 0 0.2418118 -0.2 0 0.2 -0.2 4 -8.742304E-09 -0.2 2 5.57 0.2 4 5.57 0.2 0 5.57 0.2 2 5.57 -0.2 4 5.57 -0.2 0 5.57 -0.2 4 0.2418118 7.450581E-08 4 1 7.450581E-08 4 5.938749 -7.450575E-08 4 5.969999 -7.450575E-08 0 0.02608696 -7.450575E-08 0 -1.598721E-14 -7.450575E-08 4 5.969999 -7.450575E-08 2 5.969999 7.450581E-08 2 -1.598721E-14 -7.450575E-08 4 -1.598721E-14 -7.450575E-08 0 4.5 7.450581E-08 0 1 -7.450575E-08 4 4.5 -7.450575E-08 0 5.57 -7.31944E-08 0 5.67 -7.31944E-08 4 5.57 -7.31944E-08 4 0.02608696 7.450581E-08 4 0.2 -7.450575E-08 0 0.2418118 -7.450575E-08 0 0.2 -7.450575E-08 4 -1.598721E-14 -7.450575E-08 0 5.969999 -7.450575E-08 0 5.938749 -7.450575E-08 4 5.67 -7.31944E-08 0 5.969999 -7.450575E-08 0 -1.598721E-14 -7.450575E-08  
			<Colors>: 0  
			<TextureCoords0>: 249 0.4614258 0.7392578 0.7402344 0.08251953 0.7402344 0.08251953 0.4311523 0.08251953 0.3000488 0.003662109 0.5739746 0.7392578 0.2004395 0.3642578 0.3999023 0.3642578 0.3001709 0.3642578 0.2004395 0.1899414 0.3999023 0.1899414 0.3001709 0.1899414 0.7197266 0.08251953 0.3999023 0.1347656 0.3000488 0.1347656 0.2004395 0.130127 0.7402344 0.08789063 0.7402344 0.08789063 0.3000488 0.1162109 0.3999023 0.130127 0.3000488 0.130127 0.4414063 0.08251953 0.4887695 0.6679688 0.4023438 0.6738281 0.4614258 0.7338867 0.3793945 0.6733398 0.5739746 0.7338867 0.4008789 0.6733398 0.4033203 0.6708984 0.4887695 0.6635742 0.3000488 0.4055176 0.4023438 0.6645508 0.3999023 0.6621094 0.4326172 0.08251953 0.3813477 0.6738281 0.7387695 0.08251953 0.7387695 0.08251953 0.7392578 0.08789063 0.7392578 0.08789063 0.3000488 0.1171875 0.7250977 0.08251953 0.7250977 0.08251953 0.3828125 0.6733398 0.3000488 0.4129472 0.3818359 0.6621094 0.2004395 0.4019728 0.4435755 0.08251953 0.3000552 0.4019729 0.4614258 0.7507324 0.7402344 0.07226563 0.7402344 0.07226563 0.4311523 0.07226563 0.5739746 0.7507324 0.4829102 0.07226563 0.6630859 0.07226563 0.7197266 0.07226563 0.7197266 0.07226563 0.4414063 0.07226563 0.4414063 0.07226563 0.4326172 0.07226563 0.7387695 0.07226563 0.7387695 0.07226563 0.7250977 0.07226563 0.7250977 0.07226563 0.4435754 0.07226563 0.4614258 0.7392578 0.7402344 0.08251953 0.7402344 0.08251953 0.3793945 0.6611328 0.3000488 0.003662109 0.5739746 0.7392578 0.2004395 0.3642578 0.3999023 0.3642578 0.3001709 0.3642578 0.2004395 0.1899414 0.3999023 0.1899414 0.3001709 0.1899414 0.2004395 0.1347656 0.3999023 0.1347656 0.3000488 0.1347656 0.2004395 0.130127 0.7402344 0.08789063 0.7402344 0.08789063 0.3000488 0.1162109 0.3999023 0.130127 0.3000488 0.130127 0.4033203 0.6611328 0.4887695 0.6679688 0.4023438 0.6738281 0.4614258 0.7338867 0.3793945 0.6733398 0.5739746 0.7338867 0.4008789 0.6733398 0.4033203 0.6708984 0.4887695 0.6635742 0.3000488 0.4055176 0.4023438 0.6645508 0.3999023 0.6621094 0.3823242 0.6611328 0.3813477 0.6738281 0.7387695 0.08251953 0.7387695 0.08251953 0.7392578 0.08789063 0.7392578 0.08789063 0.3000488 0.1171875 0.7250977 0.08251953 0.7250977 0.08251953 0.3828125 0.6733398 0.3000488 0.4129472 0.3818359 0.6621094 0.2004395 0.4019728 0.3999023 0.4019729 0.3000552 0.4019729 0.3000488 0.009887695 0.4829102 0.07226563 0.6630859 0.07226563 0.4326172 0.07226563 0.4435754 0.07226563 0.7197266 0.08251953 0.6630859 0.08251953 0.2004395 0.1347656 0.2006836 0.1171875 0.2006836 0.1162109 0.7250977 0.08789063 0.2009277 0.003662109 0.3000488 0.0004882813 0.2009277 0.0004882813 0.3823242 0.6611328 0.3793945 0.6611328 0.3798828 0.6679688 0.3798828 0.6635742 0.7250977 0.08789063 0.3000488 0.4143066 0.2004395 0.4143066 0.2004395 0.4129472 0.4033203 0.6611328 0.378418 0.6738281 0.378418 0.6621094 0.3999023 0.4019729 0.4829102 0.08251953 0.3000488 0.4040527 0.2004395 0.4040527 0.6865234 0.7507324 0.6865234 0.7392578 0.3999023 0.1171875 0.3999023 0.1162109 0.3991699 0.003662109 0.3991699 0.0004882813 0.2004395 0.4055176 0.597168 0.6679688 0.597168 0.6635742 0.6865234 0.7338867 0.3000488 0.4040527 0.3999023 0.4040527 0.3999023 0.4055176 0.2004395 0.4040527 0.3999023 0.4129472 0.3999023 0.4143066 0.3999023 0.4040527 0.4435754 0.08251953 0.4829102 0.08251953 0.2006836 0.1162109 0.2006836 0.1171875 0.7250977 0.08789063 0.7197266 0.08251953 0.2009277 0.003662109 0.2009277 0.0004882813 0.3000488 0.0004882813 0.3798828 0.6679688 0.3798828 0.6635742 0.7250977 0.08789063 0.7197266 0.08251953 0.3000488 0.4143066 0.2004395 0.4129472 0.2004395 0.4143066 0.378418 0.6738281 0.378418 0.6621094 0.3000488 0.4040527 0.2004395 0.4040527 0.3999023 0.1171875 0.3999023 0.1162109 0.3991699 0.0004882813 0.3991699 0.003662109 0.2004395 0.4055176 0.597168 0.6635742 0.597168 0.6679688 0.6865234 0.7392578 0.6865234 0.7338867 0.3000488 0.4040527 0.3000488 0.4055176 0.3999023 0.4055176 0.3999023 0.4040527 0.2004395 0.4040527 0.2004395 0.4055176 0.3999023 0.4129472 0.3999023 0.4055176 0.3999023 0.4143066 0.3999023 0.4040527 0.2009277 0.009887695 0.4829102 0.08251953 0.4435754 0.08251953 0.6630859 0.08251953 0.4414063 0.08251953 0.4326172 0.08251953 0.4311523 0.07226563 0.4311523 0.08251953 0.3991699 0.009887695 0.4326172 0.08251953 0.4311523 0.08251953 0.6630859 0.08251953 0.4829102 0.08251953 0.6630859 0.08251953 0.4326172 0.08251953 0.4414063 0.08251953 0.4435755 0.08251953 0.4414063 0.08251953 0.4311523 0.08251953 0.3000488 0.1347656 0.2004395 0.1347656 0.3999023 0.1347656 0.3000488 0.1347656 0.2004395 0.1347656 0.3999023 0.1347656 0.4435754 0.07226563 0.4829102 0.07226563 0.7387695 0.07226563 0.7402344 0.07226563 0.4326172 0.07226563 0.4311523 0.07226563 0.2009277 0.009887695 0.3000488 0.009887695 0.5739746 0.7507324 0.4614258 0.7507324 0.6630859 0.07226563 0.4829102 0.07226563 0.6630859 0.07226563 0.7197266 0.07226563 0.7250977 0.07226563 0.7197266 0.07226563 0.4326172 0.07226563 0.4414063 0.07226563 0.4435754 0.07226563 0.4414063 0.07226563 0.4311523 0.07226563 0.7402344 0.07226563 0.7387695 0.07226563 0.7250977 0.07226563 0.3991699 0.009887695 0.6865234 0.7507324  
			<TextureCoords1>: 249 0.9927022 0.7387173 0.6031862 0.8817644 0.003906314 0.9459028 0.6031863 0.9458998 0.7919383 0.8028527 0.7919383 0.7387172 0.5069619 0.06085813 0.5069623 0.4623858 0.5069621 0.2617076 0.1556254 0.06085801 0.1556257 0.4623857 0.1556256 0.2617074 0.5630336 0.8817642 0.0482171 0.4623858 0.04821693 0.2616218 0.03402076 0.06085807 0.6031862 0.8717262 0.00390625 0.9358646 0.00390625 0.2616219 0.03402094 0.4623858 0.03402077 0.2616218 0.5831099 0.9458998 0.7919383 0.6779835 0.02398267 0.8817643 0.9927022 0.7286791 0.6031863 0.9358616 0.7919383 0.728679 0.5851175 0.9358616 0.5831099 0.9378693 0.7919383 0.669953 0.7919383 0.706704 0.02398264 0.8737338 0.021975 0.871726 0.6005676 0.9458998 0.006524964 0.8817644 0.6000493 0.8817644 0.007043267 0.9459028 0.6008335 0.8717262 0.006258972 0.9358645 0.006258976 0.2616219 0.0340208 0.9459026 0.5730717 0.8817643 0.6003915 0.9358616 0.7919383 0.7219779 0.006701028 0.8717261 0.5830703 0.06085807 0.5789127 0.9458998 0.5830705 0.2616264 0.9927022 0.7587936 0.6031862 0.9018407 0.00390645 0.9659792 0.6031863 0.9659763 0.7919383 0.7587936 0.5028043 0.9659763 0.4556249 0.9018402 0.04405912 0.9659789 0.5630335 0.9018406 0.02398272 0.9018407 0.5831099 0.9659762 0.6005676 0.9659762 0.007043403 0.9659791 0.6000492 0.9018407 0.03402095 0.9659789 0.5730717 0.9018407 0.5789127 0.9659763 0.9927021 0.77887 0.6031861 0.9219171 0.003906587 0.9860555 0.6031863 0.9860527 0.7919385 0.8430055 0.7919384 0.77887 0.08421215 0.4662921 0.0842118 0.8678195 0.08421197 0.6671414 0.435549 0.4662924 0.4355487 0.8678198 0.4355488 0.6671416 0.5429576 0.4662923 0.5429573 0.8678197 0.5429575 0.6670561 0.5571538 0.4662922 0.6031861 0.9319553 0.003906662 0.9960938 0.5872681 0.6670562 0.5571535 0.8678197 0.5571536 0.6670561 0.5831099 0.9860527 0.7919385 0.85695 0.0239828 0.9219171 0.9927021 0.7889082 0.6031863 0.9960909 0.7919385 0.7889082 0.5851175 0.9960909 0.5831099 0.9940832 0.7919386 0.8649805 0.7919383 0.6818898 0.02398282 0.9299476 0.02197519 0.9319553 0.6005676 0.9860527 0.006525083 0.9219171 0.6000491 0.9219171 0.007043541 0.9860555 0.6008334 0.9319553 0.006259385 0.9960938 0.5849154 0.6670561 0.03402109 0.9860553 0.5730716 0.921917 0.6003915 0.9960909 0.7919384 0.6971637 0.006701214 0.9319553 0.008103737 0.4662922 0.008103386 0.8678197 0.008103559 0.6670604 0.7919383 0.8229291 0.1042882 0.9018404 0.1514677 0.9659781 0.006525015 0.9018407 0.02817987 0.9018406 0.04405897 0.9459025 0.4556249 0.8817638 0.04821692 0.06085807 0.006259006 0.06085807 0.003906282 0.06085807 0.03402074 0.9358643 0.5911746 0.8028527 0.7919383 0.7928145 0.5911746 0.7928145 0.6005676 0.9458998 0.6031863 0.9458998 0.5911745 0.6779835 0.5911745 0.6699529 0.5730718 0.871726 0.7919383 0.7247728 0.9927021 0.7247728 0.9927021 0.7219779 0.5831099 0.9458998 0.003906286 0.8817644 0.00390625 0.8717262 0.5830706 0.4623858 0.5028043 0.9459 0.5872676 0.261622 0.5872675 0.06085807 0.5911746 0.7587936 0.5911746 0.7387173 0.006259154 0.4623858 0.003906428 0.4623858 0.9927022 0.8028527 0.9927022 0.7928145 0.9927021 0.706704 0.9927021 0.6779835 0.9927021 0.6699529 0.5911746 0.7286791 0.7919383 0.7038648 0.5911745 0.7038648 0.5911745 0.706704 0.9927021 0.7038648 0.5911745 0.7219779 0.5911745 0.7247728 0.5872678 0.4623858 0.02817994 0.921917 0.1042884 0.9219168 0.5872683 0.4662921 0.5849156 0.4662921 0.03402117 0.9960936 0.04405926 0.9860553 0.5911745 0.8430055 0.5911747 0.8530437 0.7919385 0.8530437 0.5911748 0.85695 0.5911747 0.8649805 0.5730716 0.9319553 0.5630335 0.921917 0.7919384 0.6999585 0.5911745 0.6971637 0.5911746 0.6999585 0.003906407 0.9219171 0.003906442 0.9319553 0.003906422 0.667056 0.0039066 0.4662921 0.5849152 0.8678195 0.5872679 0.8678195 0.9927021 0.8530437 0.9927021 0.8430055 0.5911746 0.6818898 0.9927024 0.8649805 0.9927022 0.85695 0.5911745 0.77887 0.5911747 0.7889082 0.7919386 0.8649805 0.7919385 0.8678198 0.9927022 0.8678198 0.9927024 0.8649805 0.5911747 0.8649805 0.5911745 0.8678198 0.9927021 0.6971637 0.992702 0.6818898 0.992702 0.6999585 0.00390625 0.8678197 0.5911746 0.8229291 0.1042882 0.881764 0.0281798 0.8817643 0.1514676 0.9459017 0.02398267 0.8817643 0.006524964 0.8817644 0.003906338 0.9018407 0.003906286 0.8817644 0.9927022 0.8229291 0.6005676 0.9860527 0.6031863 0.9860527 0.151468 0.9860545 0.5028043 0.9860527 0.4556248 0.9219165 0.006525083 0.9219171 0.0239828 0.9219171 0.5789127 0.9860527 0.5831099 0.9860527 0.003906407 0.9219171 0.04821693 0.2616218 0.04821692 0.06085807 0.0482171 0.4623858 0.5429575 0.6670561 0.5429576 0.4662923 0.5429573 0.8678197 0.02817987 0.9018406 0.1042882 0.9018404 0.6000492 0.9018407 0.6031862 0.9018407 0.6005676 0.9659762 0.6031863 0.9659763 0.5911746 0.8229291 0.7919383 0.8229291 0.7919383 0.7587936 0.9927022 0.7587936 0.1514677 0.9659781 0.5028043 0.9659763 0.4556249 0.9018402 0.04405912 0.9659789 0.03402095 0.9659789 0.5630335 0.9018406 0.006525015 0.9018407 0.02398272 0.9018407 0.5789127 0.9659763 0.5831099 0.9659762 0.003906338 0.9018407 0.00390645 0.9659792 0.007043403 0.9659791 0.5730717 0.9018407 0.9927022 0.8229291 0.5911746 0.7587936  
			<Normals>: 249 0 -1 0 1 0 0 -1 0 0 -1 0 0 0 1 0 0 -1 0 0 0 1 0 0 1 0 0 1 0 0 1 0 0 1 0 0 1 1 0 0 0 -0.7071068 0.7071068 0 -0.7071068 0.7071068 0 -0.3826815 0.9238803 1 0 0 -1 0 0 0 0.7071068 0.7071068 0 -0.3826815 0.9238803 0 -0.3826815 0.9238803 -1 0 0 0 0.7071068 0.7071068 1 0 0 0 -0.7071068 0.7071068 -1 0 0 0 -0.7071068 0.7071068 -1 0 0 -1 0 0 0 0.9238803 0.3826815 0 0.3826815 0.9238803 1 0 0 1 0 0 -1 0 0 1 0 0 1 0 0 -1 0 0 1 0 0 -1 0 0 0 0 1 -1 0 0 1 0 0 -1 0 0 0 0 1 1 0 0 0 0 1 -1 0 0 0 0 1 0 -1 0 1 0 0 -1 0 0 -1 0 0 0 -1 0 -1 0 0 1 0 0 -1 0 0 1 0 0 1 0 0 -1 0 0 -1 0 0 -1 0 0 1 0 0 -1 0 0 1 0 0 -1 0 0 0 -1 0 1 0 0 -1 0 0 -1 0 0 0 1 0 0 -1 0 0 0 -1 0 0 -1 0 0 -1 0 0 -1 0 0 -1 0 0 -1 0 0 -1 0 -0.7071068 -0.7071068 0 -0.7071068 -0.7071068 0 -0.3826815 -0.9238803 1 0 0 -1 0 0 0 0.7071068 -0.7071068 0 -0.3826815 -0.9238803 0 -0.3826815 -0.9238803 -1 0 0 0 0.7071068 -0.7071068 1 0 0 0 -0.7071068 -0.7071068 -1 0 0 0 -0.7071068 -0.7071068 -1 0 0 -1 0 0 0 0.9238803 -0.3826815 0 0.3826815 -0.9238803 1 0 0 1 0 0 -1 0 0 1 0 0 1 0 0 -1 0 0 1 0 0 -1 0 0 0 0 -1 -1 0 0 1 0 0 -1 0 0 0 0 -1 1 0 0 0 0 -1 0 0 -1 0 0 -1 0 1 0 1 0 0 -1 0 0 1 0 0 1 0 0 -1 0 0 1 0 0 0 0 1 0 0 1 0 0.7071068 0.7071068 -1 0 0 0 1 0 0 0.7071068 0.7071068 0 0.7071068 0.7071068 -1 0 0 -1 0 0 0 0.7071068 0.7071068 0 0.9238803 0.3826815 1 0 0 0 -0.7071068 0.7071068 0 -0.7071068 0.7071068 0 0 1 -1 0 0 1 0 0 1 0 0 0 0 1 -1 0 0 0 0.7071068 0.7071068 0 0.7071068 0.7071068 0 -1 0 0 -1 0 0 0 1 0 0.7071068 0.7071068 0 1 0 0 0.7071068 0.7071068 0 0.3826815 0.9238803 0 0.7071068 0.7071068 0 0.9238803 0.3826815 0 -0.7071068 0.7071068 0 0.9238803 0.3826815 0 0.9238803 0.3826815 0 0.3826815 0.9238803 0 0.9238803 0.3826815 0 0 1 0 -0.7071068 0.7071068 0 0.7071068 0.7071068 1 0 0 1 0 0 0 0.7071068 -0.7071068 0 0 -1 -1 0 0 -1 0 0 0 1 0 0 0.7071068 -0.7071068 0 0.7071068 -0.7071068 0 0.7071068 -0.7071068 0 0.9238803 -0.3826815 1 0 0 1 0 0 0 -0.7071068 -0.7071068 0 0 -1 0 -0.7071068 -0.7071068 1 0 0 1 0 0 0 0.7071068 -0.7071068 0 0.7071068 -0.7071068 0 0 -1 0 0.7071068 -0.7071068 0 0.7071068 -0.7071068 0 1 0 0 0.3826815 -0.9238803 0 0.9238803 -0.3826815 0 0.7071068 -0.7071068 0 -1 0 0 -0.7071068 -0.7071068 0 0.9238803 -0.3826815 0 0.3826815 -0.9238803 0 0.3826815 -0.9238803 0 0.9238803 -0.3826815 0 0.9238803 -0.3826815 0 0.3826815 -0.9238803 0 0 -1 0 0.3826815 -0.9238803 0 -0.7071068 -0.7071068 0 0.7071068 -0.7071068 0 1 0 1 0 0 1 0 0 -1 0 0 1 0 0 1 0 0 1 0 0 1 0 0 0 1 0 -1 0 0 -1 0 0 -1 0 0 -1 0 0 1 0 0 1 0 0 1 0 0 -1 0 0 -1 0 0 1 0 0 0 0 1 0 -0.7071068 0.7071068 0 0 1 0 0 -1 0 -0.7071068 -0.7071068 0 0 -1 1 0 0 1 0 0 1 0 0 1 0 0 -1 0 0 -1 0 0 0 1 0 0 1 0 0 -1 0 0 -1 0 -1 0 0 -1 0 0 1 0 0 -1 0 0 -1 0 0 1 0 0 1 0 0 1 0 0 -1 0 0 -1 0 0 1 0 0 -1 0 0 -1 0 0 1 0 0 0 1 0 0 -1 0  
			<Tangents>: 249 -1 0 0 0 1 0 0 1 0 0 1 0 -1 0 2.31084E-08 -1 0 0 -1 8.088269E-08 0 -1 0 0 -1 5.107299E-10 0 -1 0 0 -1 0 0 -1 0 0 0 1 9.658159E-10 -1 0 0 -1 1.180933E-09 1.180933E-09 -1 0 0 0 1 0 0 1 0 -1 0 0 -1 0 0 -1 0 0 0 1 0 -1 0 0 0 0.9999997 0.000749696 -1 0 0 0 1 0 -1 0 0 0 1 -8.273736E-07 0 1 -2.384187E-05 -1 0 0 -1 0 0 0 0.9986191 0.05253506 0 0.9999984 0.001804845 0 1 0 0 1 0 0 1 -1.693651E-09 0 1 0 0 1 0 0 1 0 -1 0 0 0 1 -1.362622E-09 0 1 0 0 1 0 -1 0 0 0 1 0 -1 5.61145E-07 0 0 1 0 -1 8.35316E-08 0 -1 0 0 0 1 0 0 1 0 0 1 0 -1 0 0 0 1 3.494565E-08 0 1 -3.235743E-08 0 1 -1.483184E-08 0 1 1.119409E-09 0 1 -7.430008E-08 0 1 0 0 1 0 0 1 -1.795032E-09 0 1 -4.407248E-09 0 1 -3.503197E-09 0 1 -1.426821E-09 0 1 0 -1 0 0 0 1 0 0 1 0 0 1 0 -1 0 2.31084E-08 -1 0 0 -1 8.088269E-08 0 -1 0 0 -1 5.107299E-10 0 -1 0 0 -1 0 0 -1 0 0 -1 0 0 -1 0 0 -1 1.180933E-09 -1.180933E-09 -1 0 0 0 1 0 0 1 0 -1 0 0 -1 0 0 -1 0 0 0 1 3.437559E-07 -1 0 0 0 0.9999997 -0.000749696 -1 0 0 0 1 0 -1 0 0 0 1 8.273736E-07 0 1 2.384187E-05 -1 0 0 -1 0 0 0 0.9986191 -0.05253506 0 0.9999984 -0.001804845 0 1 0 0 1 0 0 1 -1.693652E-09 0 1 0 0 1 0 0 1 0 -1 0 0 0 1 -1.362622E-09 0 1 0 0 1 0 -1 0 0 0 1 0 -1 5.61145E-07 0 -1 2.020676E-09 0 -1 8.35316E-08 0 -1 0 3.488915E-08 0 1 -1.269881E-09 0 1 -3.183808E-08 0 1 4.16242E-07 0 1 1.862643E-07 0 1 0 0 1 -3.121483E-08 -1 0 0 -1 0 0 -1 0 0 0 1 0 -1 0 0 -1 0 0 -1 0 0 0 1 0 0 1 0 -1 0 0 -1 0 0 0 1 0 -1 0 0 -1 0 0 -1 0 0 0 1 -3.437559E-07 0 1 0 0 1 0 -1 2.020676E-09 0 0 1 3.367576E-08 -1 1.458738E-07 -1.458738E-07 -1 0 0 -1 0 0 -1 0 0 -1 0 0 -1 0 0 -1 0 -4.62168E-08 -1 0 0 -1 0 0 -1 0 0 -1 0 0 -1 0 0 -1 0 0 -1 0 0 -1 0 0 -1 0 0 -1 0 0 -1 0 0 -1 3.675795E-09 -3.675795E-09 0 1 2.443818E-08 0 1 0 -1 0 0 -1 0 0 0 1 0 0 1 0 -1 0 0 -1 0 0 -1 0 0 -1 0 0 -1 0 0 0 1 0 0 1 9.65816E-10 -1 0 0 -1 0 0 -1 0 0 0 1 0 0 1 0 -1 1.458738E-07 1.458738E-07 -1 0 0 -1 0 0 -1 0 0 -1 0 0 -1 0 -4.62168E-08 -1 0 0 -1 0 0 -1 0 0 -1 0 0 -1 0 0 -1 0 0 -1 0 0 -1 0 0 -1 0 0 -1 0 0 -1 0 0 -1 0 0 -1 0 0 -1 0 0 -1 3.675795E-09 3.675795E-09 -1 0 4.727469E-09 0 1 0 0 1 2.443816E-08 0 1 -2.913136E-08 0 1 -3.131314E-07 0 1 6.737936E-08 0 1 5.240454E-06 0 1 0 -1 0 -7.450578E-08 0 1 0 0 1 0 0 1 -2.913137E-08 0 1 3.367576E-08 0 1 -3.121482E-08 0 1 6.737941E-08 0 1 -3.131313E-07 0 1 0 0 1 0 0 1 0 -1 0 0 -1 -2.362126E-09 -2.362126E-09 -1 0 0 -1 0 0 -1 -2.362126E-09 2.362126E-09 -1 0 0 0 1 1.862643E-07 0 1 -1.269881E-09 0 1 -4.407248E-09 0 1 0 0 1 0 0 1 0 -1 0 4.727469E-09 -1 0 3.488915E-08 -1 0 0 -1 0 0 0 1 -3.183808E-08 0 1 3.494565E-08 0 1 -3.235743E-08 0 1 -1.483184E-08 0 1 -3.503197E-09 0 1 1.119409E-09 0 1 4.16242E-07 0 1 -7.430008E-08 0 1 0 0 1 0 0 1 5.240454E-06 0 1 0 0 1 -1.795032E-09 0 1 -1.426821E-09 -1 0 -7.450578E-08 -1 0 0  
			<BiTangents>: 249 0 0 1 0 0 -1 0 0 -1 0 0 -1 2.31084E-08 0 1 0 0 1 8.088269E-08 1 0 0 1 0 5.107299E-10 1 0 0 1 0 0 1 0 0 1 0 0 9.658159E-10 -1 0 0.7071068 0.7071068 1.670092E-09 0.7071068 0.7071068 0 0.9238803 0.3826815 0 0 -1 0 0 -1 0 0.7071068 -0.7071068 0 0.9238803 0.3826815 0 0.9238803 0.3826815 0 0 -1 0 -0.7071068 0.7071068 0 -0.000749696 0.9999997 0 0.7071068 0.7071068 0 0 -1 0 0.7071068 0.7071068 0 -8.273736E-07 -1 0 -2.384187E-05 -1 0 -0.3826815 0.9238803 0 0.9238803 -0.3826815 0 -0.05253506 0.9986191 0 -0.001804845 0.9999984 0 0 -1 0 0 1 0 -1.693651E-09 -1 0 0 -1 0 0 -1 0 0 -1 0 1 0 0 -1.362622E-09 -1 0 0 -1 0 0 -1 0 1 0 0 0 1 5.61145E-07 1 0 0 0 -1 8.35316E-08 1 0 0 0 1 0 0 -1 0 0 -1 0 0 -1 0 0 1 0 3.494565E-08 -1 0 -3.235743E-08 -1 0 -1.483184E-08 -1 0 1.119409E-09 -1 0 -7.430008E-08 -1 0 0 -1 0 0 -1 0 -1.795032E-09 -1 0 -4.407248E-09 -1 0 -3.503197E-09 -1 0 -1.426821E-09 -1 0 0 -1 0 0 -1 0 0 1 0 0 1 0 0 1 -2.31084E-08 0 -1 0 0 -1 8.088269E-08 1 0 0 1 0 5.107299E-10 1 0 0 1 0 0 1 0 0 1 0 0 1 0 0 0.7071068 -0.7071068 1.670092E-09 0.7071068 -0.7071068 0 0.9238803 -0.3826815 0 0 1 0 0 1 0 0.7071068 0.7071068 0 0.9238803 -0.3826815 0 0.9238803 -0.3826815 0 -3.437559E-07 1 0 -0.7071068 -0.7071068 0 -0.000749696 -0.9999997 0 0.7071068 -0.7071068 0 0 1 0 0.7071068 -0.7071068 0 -8.273736E-07 1 0 -2.384187E-05 1 0 -0.3826815 -0.9238803 0 0.9238803 0.3826815 0 -0.05253506 -0.9986191 0 -0.001804845 -0.9999984 0 0 1 0 0 -1 0 1.693652E-09 1 0 0 1 0 0 1 0 0 1 0 1 0 0 1.362622E-09 1 0 0 1 0 0 1 0 1 0 0 0 -1 5.61145E-07 1 0 2.020676E-09 1 0 8.35316E-08 1 0 3.488915E-08 0 1 0 1.269881E-09 1 0 -3.183808E-08 -1 0 4.16242E-07 -1 0 -1.862643E-07 1 0 0 -1 0 -3.121483E-08 -1 0 1 0 0 1 0 0 0.7071068 -0.7071068 0 0 -1 0 0 1 0 -0.7071068 0.7071068 0 -0.7071068 0.7071068 0 0 -1 0 0 -1 0 -0.7071068 0.7071068 0 -0.3826815 0.9238803 0 0 -1 0 0.7071068 0.7071068 0 0.7071068 0.7071068 0 1 0 0 -3.437559E-07 -1 0 0 1 0 0 1 2.020676E-09 1 0 0 3.367576E-08 -1 2.062967E-07 0.7071068 -0.7071068 0 0.7071068 -0.7071068 0 0 1 0 0 1 0 1 0 0 0.7071068 -0.7071068 -4.62168E-08 0 1 0 -0.7071068 0.7071068 0 0.9238803 -0.3826815 0 -0.7071068 0.7071068 0 -0.3826815 0.9238803 0 0.7071068 0.7071068 0 0.3826815 -0.9238803 0 0.3826815 -0.9238803 0 0.9238803 -0.3826815 0 0.3826815 -0.9238803 0 1 0 0 0.7071068 0.7071068 5.198359E-09 0.7071068 -0.7071068 0 -2.443818E-08 1 0 0 1 0 0.7071068 0.7071068 0 1 0 0 0 1 0 0 1 0 0 -1 0 -0.7071068 -0.7071068 0 -0.7071068 -0.7071068 0 -0.7071068 -0.7071068 0 -0.3826815 -0.9238803 0 0 1 0 -9.65816E-10 1 0 0.7071068 -0.7071068 0 1 0 0 0.7071068 -0.7071068 0 0 -1 0 0 -1 2.062967E-07 0.7071068 0.7071068 0 0.7071068 0.7071068 0 1 0 0 0.7071068 0.7071068 0 -0.7071068 -0.7071068 4.62168E-08 0 -1 0 0.9238803 0.3826815 0 -0.3826815 -0.9238803 0 -0.7071068 -0.7071068 0 0 -1 0 0.7071068 -0.7071068 0 0.3826815 0.9238803 0 0.9238803 0.3826815 0 0.9238803 0.3826815 0 0.3826815 0.9238803 0 0.3826815 0.9238803 0 0.9238803 0.3826815 0 1 0 0 0.9238803 0.3826815 0 0.7071068 -0.7071068 5.198359E-09 0.7071068 0.7071068 4.727469E-09 0 1 0 0 -1 0 2.443816E-08 -1 0 -2.913136E-08 -1 0 -3.131314E-07 -1 0 6.737936E-08 -1 0 5.240454E-06 -1 0 0 -1 -7.450578E-08 0 1 0 0 1 0 0 1 0 2.913137E-08 1 0 -3.367576E-08 1 0 3.121482E-08 1 0 -6.737941E-08 1 0 3.131313E-07 1 0 0 1 0 0 1 0 0 1 0 1 0 -3.34055E-09 0.7071068 0.7071068 0 1 0 0 1 0 -3.34055E-09 0.7071068 -0.7071068 0 1 0 0 1.862643E-07 -1 0 -1.269881E-09 -1 0 4.407248E-09 1 0 0 1 0 0 1 0 0 1 -4.727469E-09 0 -1 -3.488915E-08 0 -1 0 0 -1 0 0 -1 0 3.183808E-08 1 0 -3.494565E-08 1 0 3.235743E-08 1 0 1.483184E-08 1 0 3.503197E-09 1 0 -1.119409E-09 1 0 -4.16242E-07 1 0 7.430008E-08 1 0 0 1 0 0 1 0 -5.240454E-06 1 0 0 1 0 1.795032E-09 1 0 1.426821E-09 1 7.450578E-08 0 -1 0 0 -1  
			<SubMeshes>: 1
				<SubMesh>: 0 696 13 14 20 13 20 19 47 45 6 47 6 8 8 6 9 8 9 11 61 49 1 61 1 35 59 51 3 59 3 33 52 48 0 52 0 5 62 55 118 62 118 40 54 56 12 54 12 119 11 9 120 11 120 217 35 1 16 35 16 37 39 121 122 39 122 18 40 118 123 14 218 15 14 15 20 124 4 125 124 125 126 64 58 21 64 21 46 127 128 25 127 25 42 44 34 23 23 32 44 23 31 32 129 22 29 129 29 130 5 0 24 5 24 26 58 59 33 58 33 21 2 36 38 2 38 17 20 15 121 20 121 39 41 35 37 41 37 131 50 60 36 50 36 2 63 61 35 63 35 41 60 62 40 60 40 36 36 40 123 36 123 38 56 63 41 56 41 12 12 41 131 132 133 134 132 134 43 135 127 42 42 27 135 27 28 135 136 34 44 136 44 137 7 8 11 7 11 10 138 47 8 138 8 7 53 64 46 53 46 139 140 141 45 140 45 47 142 52 5 142 5 143 10 11 217 10 217 219 144 39 18 144 18 145 4 146 147 4 147 125 43 134 148 43 148 30 22 149 150 22 150 29 143 5 26 143 26 151 152 153 154 152 154 30 155 152 30 155 30 148 156 43 30 156 30 154 19 20 39 19 39 144 157 132 43 157 43 156 158 140 47 158 47 138 78 84 85 78 85 79 112 73 71 112 71 110 73 76 74 73 74 71 117 159 160 117 160 114 76 220 77 76 77 74 100 102 81 100 81 66 104 83 161 104 161 162 105 163 164 79 85 80 79 80 221 165 166 167 165 167 69 98 107 90 98 90 68 88 99 109 109 97 88 97 96 88 168 169 94 168 94 87 70 91 89 70 89 65 67 82 103 67 103 101 85 104 162 85 162 80 106 170 102 106 102 100 101 103 163 101 163 105 171 170 106 172 108 173 172 173 174 107 98 86 86 92 107 86 93 92 175 176 109 175 109 99 72 75 76 72 76 73 111 72 73 111 73 112 177 112 110 177 110 178 75 222 220 75 220 76 179 180 83 179 83 104 69 167 181 69 181 182 108 95 183 108 183 173 87 94 184 87 184 185 186 187 91 186 91 70 188 189 190 188 190 191 192 193 189 192 189 188 194 195 95 194 95 108 84 179 104 84 104 85 196 194 108 196 108 172 197 111 112 197 112 177 198 113 4 198 4 124 223 224 199 223 199 200 115 53 139 115 139 201 224 54 119 224 119 199 55 115 201 55 201 118 116 57 202 116 202 203 204 116 203 204 203 205 57 223 200 57 200 202 113 206 146 113 146 4 225 100 66 225 66 226 227 207 208 227 208 228 229 165 69 229 69 230 231 70 65 231 65 232 233 209 210 233 210 234 114 160 211 114 211 235 236 164 209 236 209 233 237 105 164 237 164 236 235 211 171 235 171 238 239 212 213 239 213 240 241 214 215 241 215 242 243 216 212 243 212 239 242 215 207 242 207 227 244 67 101 244 101 245 246 106 100 246 100 225 245 101 105 245 105 237 238 171 106 238 106 246 234 210 214 234 214 241 240 213 159 240 159 117 230 69 182 230 182 247 248 186 70 248 70 231  
		</Mesh>
		<Materials>: 1
			<Material>: 0
				<AlbedoColor>: 1 1 1 1
				<EmissiveColor>: 0 0 0 0
				<Glossiness>: 0.04
				<Metallic>: 0
				<SpecularHighlight>: 1
				<GlossyReflection>: 1
				<AlbedoMap>: BLD_Villa2_A
				<MetallicMap>: BLD_Villa2_MS
				<NormalMap>: BLD_Villa2_N
				<EmissionMap>: null
				<DetailAlbedoMap>: DET_Concrete1_A
				<DetailNormalMap>: DET_Concrete1_N
		</Materials>
		<Children>: 0
	</Frame>
</Hierarchy>
