<Hierarchy>:
	<Frame>: 0 5 Villa2_Deco_Column_Mid_A
		<Transform>: 0 0 0 0 0 0 1 1 1 0 0 0 1  
		<TransformMatrix>: 1 0 0 0 0 1 0 0 0 0 1 0 0 0 0 1  
		<BoxCollider>: 1 7.629395E-06 6 -2.384186E-07 1.049414 12 1.049414  
		<Mesh>: 502 Villa2_Deco_Column_Mid_A
			<Bounds>: 7.629395E-06 6 -2.384186E-07 0.5247069 6 0.5247068
			<Positions>: 502 0.4829348 2.185569E-08 0.5 0.5000015 2.110968E-08 0.4829333 0.5000015 11.9 0.4829327 0.4829348 11.9 0.4999994 0.5000015 -2.110968E-08 -0.4829332 0.4829348 -2.185569E-08 -0.5 0.4829348 11.9 -0.5000005 0.5000015 11.9 -0.4829338 -0.4999939 2.110968E-08 0.4829332 -0.4829272 2.185569E-08 0.5 -0.4829271 11.9 0.4999994 -0.4999939 11.9 0.4829327 -0.4829272 -2.185569E-08 -0.5 -0.4999939 -2.110968E-08 -0.4829332 -0.4999939 11.9 -0.4829338 -0.4829271 11.9 -0.5000005 0.4000015 0.5 0.3829332 0.3829348 0.5 0.4 0.3829348 0.5 -0.4 0.4000015 0.5 -0.3829333 -0.3999939 0.5 -0.3829333 -0.3829272 0.5 -0.4 -0.3829272 0.5 0.4 -0.3999939 0.5 0.3829332 0.3829348 11.5 0.3999995 0.4000015 11.5 0.3829328 0.4000015 11.5 -0.3829338 0.3829348 11.5 -0.4000005 -0.3829271 11.5 -0.4000005 -0.3999939 11.5 -0.3829338 -0.3999939 11.5 0.3829328 -0.3829271 11.5 0.3999995 0.5000015 12 0.4829327 0.4829348 12 0.4999995 0.4829348 12 -0.5000005 0.5000015 12 -0.4829338 -0.4829271 12 0.4999995 -0.4999939 12 0.4829327 -0.4999939 12 -0.4829338 -0.4829271 12 -0.5000005 0.4000015 11.4 -0.3829338 0.3829348 11.4 -0.4000005 -0.3829272 11.4 -0.4000005 -0.3999939 11.4 -0.3829338 -0.3999939 11.4 0.3829328 -0.3829272 11.4 0.3999995 0.3829348 11.4 0.3999995 0.4000015 11.4 0.3829328 0.4474985 11.4095 0.43043 0.4304318 11.4095 0.4474967 0.4474985 11.4905 0.43043 0.4304318 11.4905 0.4474967 0.4304318 11.4905 -0.4474978 0.4474985 11.4905 -0.430431 -0.4474909 11.4905 -0.430431 -0.4304242 11.4905 -0.4474978 -0.4304242 11.4905 0.4474967 -0.4474909 11.4905 0.43043 0.4304318 11.4095 -0.4474978 0.4474985 11.4095 -0.430431 -0.4474909 11.4095 -0.430431 -0.4304242 11.4095 -0.4474978 -0.4304242 11.4095 0.4474967 -0.4474909 11.4095 0.43043 0.4829348 0.3894409 -0.5 0.4762904 0.4066445 -0.4933556 0.4933572 0.4066445 -0.4762888 0.5000015 0.3894409 -0.4829332 -0.4999924 0.3894409 -0.4829332 -0.4933481 0.4066445 -0.4762888 -0.4762813 0.4066445 -0.4933556 -0.4829257 0.3894409 -0.5 -0.4829257 0.3894409 0.5 -0.4762813 0.4066445 0.4933556 -0.4933481 0.4066445 0.4762888 -0.4999924 0.3894409 0.4829332 0.4762904 0.4066445 0.4933556 0.4829348 0.3894409 0.5 0.5000015 0.3894409 0.4829332 0.4933572 0.4066445 0.4762888 -0.4271831 0.5049535 0.4210424 -0.4210348 0.5049535 0.4271907 0.42105 0.5049535 0.4271907 0.4271984 0.5049535 0.4210424 0.4271984 0.5950464 0.4210424 0.42105 0.5950464 0.4271907 0.4438041 0.5353249 0.4376482 0.4376558 0.5353249 0.4437965 0.4438041 0.564675 0.4376482 0.4376558 0.564675 0.4437965 -0.4210348 0.5950464 0.4271907 -0.4271831 0.5950464 0.4210424 -0.4376405 0.564675 0.4437965 -0.4437889 0.564675 0.4376482 -0.4437889 0.5353249 0.4376482 -0.4376405 0.5353249 0.4437965 0.4104006 0.5950464 -0.4271907 0.4271984 0.5950464 -0.410393 -0.4271831 0.5950464 -0.4103929 -0.4103853 0.5950464 -0.4271907 0.4271984 0.5049535 -0.410393 0.4104006 0.5049535 -0.4271907 0.4270064 0.564675 -0.4437965 0.4438041 0.564675 -0.4269988 0.4270064 0.5353249 -0.4437965 0.4438041 0.5353249 -0.4269988 -0.4103853 0.5049535 -0.4271907 -0.4271831 0.5049535 -0.4103929 -0.4437889 0.564675 -0.4269988 -0.4269911 0.564675 -0.4437965 -0.4437889 0.5353249 -0.4269988 -0.4269911 0.5353249 -0.4437965 -0.505066 11.69845 0.4978041 -0.4977967 11.69845 0.5050733 0.497812 11.69845 0.5050733 0.5050813 11.69845 0.4978041 0.5050813 11.80496 0.4978041 0.497812 11.80496 0.5050733 0.5247145 11.73435 0.5174375 0.5174453 11.73435 0.5247066 0.5247145 11.76905 0.5174375 0.5174453 11.76905 0.5247066 -0.4977967 11.80496 0.5050733 -0.505066 11.80496 0.4978041 -0.51743 11.76905 0.5247066 -0.5246993 11.76905 0.5174375 -0.5246992 11.73435 0.5174375 -0.51743 11.73435 0.5247066 0.4852211 11.80496 -0.5050739 0.5050813 11.80496 -0.4852137 -0.505066 11.80496 -0.4852136 -0.4852058 11.80496 -0.5050738 0.5050813 11.69845 -0.4852137 0.4852211 11.69845 -0.5050738 0.5048543 11.76905 -0.5247071 0.5247145 11.76905 -0.5048469 0.5048543 11.73435 -0.5247071 0.5247145 11.73435 -0.5048469 -0.4852058 11.69845 -0.5050739 -0.505066 11.69845 -0.4852136 -0.5246992 11.76905 -0.5048469 -0.504839 11.76905 -0.5247071 -0.5246992 11.73435 -0.5048469 -0.504839 11.73435 -0.5247071 0.3829348 5.95 -0.4000003 0.4000015 5.95 -0.3829335 -0.3999939 5.95 -0.3829335 -0.3829272 5.95 -0.4000003 -0.3829272 5.95 0.3999997 -0.3999939 5.95 0.382933 0.3829348 5.95 0.3999997 0.4000015 5.95 0.382933 0.4476037 2.185569E-08 0.5 0.4476036 -2.185569E-08 -0.5 0.4476036 11.9 0.4999994 0.3549196 11.5 0.3999995 0.4476036 12 0.4999995 0.4476036 11.9 -0.5000005 0.3549196 11.5 -0.4000005 0.4476036 12 -0.5000005 0.3549196 0.5 0.4 0.3549196 11.4 0.3999995 0.3549196 0.5 -0.4 0.3549196 11.4 -0.4000005 0.3989417 11.4905 0.4474967 0.3989417 11.4905 -0.4474978 0.3989417 11.4095 -0.4474978 0.3989417 11.4095 0.4474967 0.4414454 0.4066445 0.4933556 0.4476037 0.3894409 0.5 0.4414454 0.4066445 -0.4933556 0.4476037 0.3894409 -0.5 0.3549196 5.95 -0.4000003 0.3549196 5.95 0.3999997 -0.4352076 -2.185569E-08 -0.5 -0.3450888 11.5 0.3999995 -0.4352076 11.9 -0.5000005 -0.4352076 12 -0.5000005 -0.3450889 0.5 -0.4 -0.3450889 11.4 -0.4000005 -0.3878926 11.4905 0.4474967 -0.3878926 11.4095 -0.4474978 -0.4352062 0.3894409 0.5 -0.4292184 0.4066445 -0.4933556 -0.3450889 5.95 0.3999997 -0.4352076 2.185569E-08 0.5 -0.4352076 11.9 0.4999994 -0.4352076 12 0.4999995 -0.3450888 11.5 -0.4000005 -0.3450889 0.5 0.4 -0.3450889 11.4 0.3999995 -0.3878926 11.4905 -0.4474978 -0.3878926 11.4095 0.4474967 -0.4292184 0.4066445 0.4933556 -0.4352062 0.3894409 -0.5 -0.3450889 5.95 -0.4000003 0.5000015 -2.019031E-08 -0.4619005 -0.4999939 -2.019031E-08 -0.4619005 0.5000015 11.9 -0.4619011 0.4000015 11.5 -0.3662562 0.5000015 12 -0.4619011 -0.4999939 11.9 -0.4619011 -0.4999939 12 -0.4619011 -0.3999939 11.5 -0.3662562 0.4000015 0.5 -0.3662558 0.4000015 11.4 -0.3662562 -0.3999939 0.5 -0.3662558 -0.3999939 11.4 -0.3662562 0.4474985 11.4905 -0.4116849 -0.4474909 11.4905 -0.4116849 0.4474985 11.4095 -0.4116849 -0.4474909 11.4095 -0.4116849 0.4933572 0.4066445 -0.4555455 0.5000015 0.3894409 -0.4619005 -0.4933481 0.4066445 -0.4555455 -0.4999924 0.3894409 -0.4619005 0.4829348 12 -0.4782245 -0.4829271 12 -0.4782245 0.4000015 5.95 -0.366256 -0.3999939 5.95 -0.366256 0.4476036 12 -0.4782245 -0.4352076 12 -0.4782245 -0.4999939 1.953181E-08 0.4468357 0.4000015 11.5 0.3543099 -0.4999939 12 0.4468352 -0.3999939 0.5 0.3543104 -0.3999939 11.4 0.3543099 0.4474985 11.4905 0.3982569 -0.4474909 11.4095 0.3982569 0.5000015 0.3894409 0.4468357 -0.4933481 0.4066445 0.4406879 0.4829348 12 0.4626263 0.4000015 5.95 0.3543101 0.5000015 1.953181E-08 0.4468357 0.5000015 11.9 0.4468352 0.5000015 12 0.4468352 -0.4999939 11.9 0.4468352 -0.3999939 11.5 0.3543099 0.4000015 0.5 0.3543104 0.4000015 11.4 0.3543099 -0.4474909 11.4905 0.3982569 0.4474985 11.4095 0.3982569 0.4933572 0.4066445 0.440688 -0.4999924 0.3894409 0.4468357 -0.4829271 12 0.4626263 -0.3999939 5.95 0.3543101 0.4476036 12 0.4626263 -0.4352076 12 0.4626263 -0.4271831 0.5049535 -0.4103929 0.4271984 0.5049535 -0.410393 0.4271984 0.5049535 0.4210424 -0.4271831 0.5049535 0.4210424 -0.4103853 0.5049535 -0.4271907 0.4104006 0.5049535 -0.4271907 -0.3829272 0.5 -0.4 0.4000015 0.5 -0.3662558 0.4000015 0.5 -0.3829333 0.4000015 11.5 -0.3662562 0.4000015 11.5 -0.3829338 -0.3999939 0.5 0.3829332 0.4474985 11.4905 -0.4116849 0.4474985 11.4905 -0.430431 -0.3450888 11.5 -0.4000005 -0.3878926 11.4905 -0.4474978 -0.4304242 11.4905 -0.4474978 -0.3829271 11.5 -0.4000005 0.4829348 12 -0.5000005 -0.3999939 11.5 0.3543099 -0.4474909 11.4905 0.3982569 -0.4474909 11.4905 0.43043 -0.3999939 11.5 0.3829328 0.3549196 11.5 0.3999995 0.3989417 11.4905 0.4474967 0.4304318 11.4905 0.4474967 0.3829348 11.5 0.3999995 0.3829348 11.5 0.3999995 0.4829348 11.9 0.4999994 -0.3450889 0.5 -0.4 -0.4762813 0.4066445 -0.4933556 -0.3829272 0.5 -0.4 -0.3999939 0.5 0.3543104 -0.4933481 0.4066445 0.4762888 -0.3999939 0.5 0.3829332 0.3549196 0.5 0.4 0.3829348 0.5 0.4 0.5000015 0.3894409 -0.4829332 0.5000015 -2.110968E-08 -0.4829332 -0.4829257 0.3894409 -0.5 -0.4829272 -2.185569E-08 -0.5 -0.4999924 0.3894409 0.4829332 -0.4999939 2.110968E-08 0.4829332 0.4762904 0.4066445 0.4933556 0.3829348 0.5 0.4 0.4474985 11.4095 -0.430431 0.5000015 11.9 -0.4829338 0.4000015 11.5 -0.3829338 -0.4829271 11.9 -0.5000005 -0.3829271 11.5 -0.4000005 -0.4999939 11.9 0.4829327 -0.3999939 11.5 0.3829328 0.5000015 12 -0.4829338 -0.4304242 11.4095 -0.4474978 -0.4474909 11.4095 0.43043 0.4304318 11.4095 0.4474967 0.4304318 11.4095 0.4474967 0.4474985 11.4095 0.43043 0.4304318 11.4905 0.4474967 0.4474985 11.4905 -0.430431 0.4474985 11.4095 -0.430431 0.4304318 11.4095 -0.4474978 -0.4304242 11.4905 -0.4474978 -0.4304242 11.4095 -0.4474978 -0.4474909 11.4095 -0.430431 -0.4304242 11.4905 0.4474967 -0.4474909 11.4095 0.43043 -0.4304242 11.4095 0.4474967 -0.4304242 11.4905 0.4474967 -0.3829271 11.5 0.3999995 0.4000015 11.5 0.3829328 0.4474985 11.4905 0.43043 -0.4304242 11.4905 -0.4474978 -0.4474909 11.4905 -0.430431 -0.3999939 11.5 -0.3829338 -0.3829271 11.5 -0.4000005 0.4304318 11.4905 -0.4474978 0.3829348 11.5 -0.4000005 -0.3829272 5.95 -0.4000003 -0.3829272 0.5 -0.4 -0.3999939 0.5 -0.3829333 -0.3999939 5.95 0.382933 -0.3999939 0.5 0.3829332 -0.3829272 0.5 0.4 0.4000015 11.4 0.3829328 0.3829348 11.4 0.3999995 -0.4999939 -2.110968E-08 -0.4829332 -0.4829272 -2.185569E-08 -0.5 -0.4352076 -2.185569E-08 -0.5 -0.4999939 1.953181E-08 0.4468357 -0.4999939 2.110968E-08 0.4829332 -0.4829272 2.185569E-08 0.5 0.4933572 0.4066445 -0.4762888 -0.4829257 0.3894409 -0.5 -0.4999924 0.3894409 -0.4829332 0.5000015 0.3894409 0.4829332 0.4829348 0.3894409 0.5 0.3829348 0.5 -0.4 0.4000015 0.5 -0.3829333 -0.4271831 0.5950464 -0.4103929 -0.4271831 0.5950464 0.4210424 0.42105 0.5950464 0.4271907 -0.4210348 0.5950464 0.4271907 0.4271984 0.5950464 -0.410393 0.4271984 0.5950464 0.4210424 0.4376558 0.5353249 0.4437965 0.42105 0.5049535 0.4271907 0.4376558 0.564675 0.4437965 -0.4376405 0.5353249 0.4437965 -0.4376405 0.564675 0.4437965 0.4271984 0.5950464 0.4210424 0.42105 0.5950464 0.4271907 0.4376558 0.564675 0.4437965 0.4438041 0.564675 0.4376482 -0.4210348 0.5950464 0.4271907 -0.4210348 0.5049535 0.4271907 0.42105 0.5049535 0.4271907 -0.4210348 0.5049535 0.4271907 -0.4271831 0.5049535 -0.4103929 -0.4437889 0.5353249 -0.4269988 -0.4437889 0.564675 -0.4269988 0.4104006 0.5049535 -0.4271907 0.4270064 0.5353249 -0.4437965 0.4270064 0.564675 -0.4437965 -0.4269911 0.564675 -0.4437965 -0.4437889 0.564675 -0.4269988 -0.4271831 0.5950464 -0.4103929 -0.4103853 0.5950464 -0.4271907 0.4104006 0.5950464 -0.4271907 -0.4103853 0.5950464 -0.4271907 0.4104006 0.5950464 -0.4271907 -0.505066 11.69845 -0.4852136 0.5050813 11.69845 -0.4852137 0.5050813 11.69845 0.4978041 -0.505066 11.69845 0.4978041 -0.4852058 11.69845 -0.5050739 0.4852211 11.69845 -0.5050738 -0.505066 11.80496 -0.4852136 -0.505066 11.80496 0.4978041 0.497812 11.80496 0.5050733 -0.4977967 11.80496 0.5050733 0.5050813 11.80496 -0.4852137 0.5050813 11.80496 0.4978041 0.5174453 11.73435 0.5247066 0.497812 11.69845 0.5050733 0.5174453 11.76905 0.5247066 -0.5246992 11.73435 0.5174375 -0.51743 11.73435 0.5247066 -0.51743 11.76905 0.5247066 -0.5246993 11.76905 0.5174375 0.497812 11.80496 0.5050733 -0.4977967 11.80496 0.5050733 -0.505066 11.80496 0.4978041 -0.505066 11.69845 0.4978041 -0.4977967 11.69845 0.5050733 -0.51743 11.73435 0.5247066 -0.5246992 11.73435 0.5174375 0.497812 11.69845 0.5050733 -0.4977967 11.69845 0.5050733 -0.4852058 11.69845 -0.5050739 -0.505066 11.69845 -0.4852136 -0.5246992 11.73435 -0.5048469 -0.504839 11.73435 -0.5247071 -0.504839 11.73435 -0.5247071 -0.504839 11.76905 -0.5247071 0.4852211 11.69845 -0.5050738 0.5048543 11.73435 -0.5247071 0.5048543 11.76905 -0.5247071 -0.4852058 11.80496 -0.5050738 0.4852211 11.80496 -0.5050739 -0.4852058 11.80496 -0.5050738 0.4852211 11.80496 -0.5050739 -0.4829271 12 -0.5000005 -0.4999939 12 -0.4829338 -0.4999939 12 -0.4619011 0.4000015 0.5 0.3829332 -0.3829272 11.4 0.3999995 -0.3999939 11.4 0.3829328 -0.3829272 11.4 0.3999995 -0.3999939 11.4 -0.3829338 -0.3829272 11.4 -0.4000005 -0.3829272 5.95 -0.4000003 -0.3999939 11.4 -0.3829338 0.3829348 11.4 -0.4000005 0.4000015 11.4 -0.3829338 -0.3829272 11.4 -0.4000005 -0.3450889 11.4 0.3999995 0.3829348 11.4 -0.4000005 0.3829348 5.95 -0.4000003 0.3549196 11.4 -0.4000005 0.4476036 12 -0.5000005 0.4476037 2.185569E-08 0.5 0.4829348 -2.185569E-08 -0.5 0.5000015 -2.110968E-08 -0.4829332 0.5000015 -2.019031E-08 -0.4619005 0.5000015 2.110968E-08 0.4829333 0.4829348 2.185569E-08 0.5 0.4476036 -2.185569E-08 -0.5 0.3989417 11.4095 -0.4474978 0.3989417 11.4905 -0.4474978 -0.3878926 11.4905 0.4474967 -0.3878926 11.4095 0.4474967 0.3989417 11.4095 0.4474967 0.3549196 11.4 0.3999995 -0.3450889 11.4 -0.4000005 -0.3878926 11.4095 -0.4474978 -0.4352076 2.185569E-08 0.5 -0.4352076 12 -0.5000005 0.4829348 12 0.4999995 0.3829348 0.5 -0.4 0.3549196 0.5 -0.4 -0.3450889 0.5 0.4 0.3549196 11.5 -0.4000005 -0.3450888 11.5 0.3999995 -0.4829271 12 -0.5000005 -0.3829272 11.4 -0.4000005 -0.4304242 11.4095 -0.4474978 -0.3999939 11.4 -0.3662562 0.4000015 11.4 0.3543099 0.5000015 12 0.4468352 -0.4474909 11.4095 -0.4116849 -0.4474909 11.4905 -0.4116849 0.4474985 11.4095 0.3982569 0.4474985 11.4095 -0.4116849 0.4000015 11.4 -0.3662562 -0.3999939 11.4 0.3543099 -0.4474909 11.4095 0.3982569 0.5000015 1.953181E-08 0.4468357 -0.3999939 11.5 -0.3662562 -0.3999939 0.5 -0.3662558 -0.4999939 -2.110968E-08 -0.4829332 -0.4999939 -2.019031E-08 -0.4619005 0.4000015 11.5 0.3543099 0.4474985 11.4905 0.3982569 0.5000015 12 -0.4829338 0.5000015 12 -0.4619011 0.4000015 0.5 0.3543104 -0.4999939 12 0.4468352 -0.4999939 12 0.4829327 0.4000015 5.95 0.382933 0.4000015 0.5 0.3829332 0.5000015 2.110968E-08 0.4829333 0.4829348 12 0.4999995 0.5000015 12 0.4829327 -0.4829271 12 0.4999995 -0.4999939 12 0.4829327 -0.4352076 12 0.4999995 0.4000015 11.4 0.3829328 0.4476036 12 0.4999995 -0.4933481 0.4066445 -0.4555455 -0.4999924 0.3894409 -0.4619005 -0.4999924 0.3894409 0.4468357 -0.4933481 0.4066445 0.4406879 -0.4999939 1.953181E-08 0.4468357  
			<Colors>: 0  
			<TextureCoords0>: 502 0.9101563 0.7089844 0.9082031 0.7089844 0.9106445 0.1210938 0.909668 0.1210938 0.8666992 0.7089844 0.8647461 0.7089844 0.9555664 0.1210938 0.9545898 0.1210938 0.9550781 0.7089844 0.9536133 0.7089844 0.8652344 0.1210938 0.8642578 0.1210938 0.8198242 0.7089844 0.9985352 0.7089844 0.8208008 0.1210938 0.9995117 0.1210938 0.9082031 0.6791992 0.9077148 0.6796875 0.9570313 0.6796875 0.8666992 0.6791992 0.9985352 0.6791992 1 0.6791992 0.9536133 0.6791992 0.8647461 0.6796875 0.909668 0.1455078 0.9106445 0.1455078 0.9541016 0.1499023 0.9555664 0.1455078 0.9995117 0.1455078 0.8208008 0.1455078 0.8642578 0.1455078 0.8652344 0.1455078 0.9106445 0.1157227 0.909668 0.1157227 0.9555664 0.1157227 0.8647461 0.5058594 0.8652344 0.1157227 0.8642578 0.1157227 0.8208008 0.1157227 0.8193359 0.1157227 0.9541016 0.1357422 0.9550781 0.1357422 0.8193359 0.1357422 0.8208008 0.1357422 0.8647461 0.1357422 0.8657227 0.1357422 0.9091797 0.1357422 0.9106445 0.1357422 0.9106445 0.1401367 0.9091797 0.1401367 0.9106445 0.1450195 0.9091797 0.1450195 0.9550781 0.1450195 0.9541016 0.1450195 0.8208008 0.1450195 0.9990234 0.1450195 0.8657227 0.1450195 0.8647461 0.1450195 0.9550781 0.1401367 0.9541016 0.1401367 0.8208008 0.1401367 0.9990234 0.1401367 0.8657227 0.1401367 0.8647461 0.1401367 0.8647461 0.6885425 0.8647461 0.6874043 0.8666992 0.6874043 0.8666992 0.6885425 0.9985352 0.6885425 0.9985352 0.6874043 1 0.6874043 0.8198242 0.6885425 0.9536133 0.6885425 0.9536133 0.6874043 0.9550781 0.6874043 0.9550781 0.6885425 0.9101563 0.6874043 0.9101563 0.6885425 0.9082031 0.6885425 0.9082031 0.6874043 0.9991885 0.1396484 0.909833 0.5102539 0.8655577 0.5102539 0.8650728 0.1396484 0.8652344 0.5099306 0.8644193 0.1450195 0.8650606 0.1411133 0.8644316 0.1411133 0.8650606 0.1435547 0.8644316 0.1435547 0.8196627 0.1450195 0.9991885 0.1450195 0.8196505 0.1435547 0.9992006 0.1435547 0.9992006 0.1411133 0.8196505 0.1411133 0.8661176 0.465332 0.8652344 0.4662153 0.955473 0.1450195 0.909273 0.465332 0.9092634 0.1396484 0.8661176 0.465332 0.9109972 0.1435547 0.9092969 0.1435547 0.9109972 0.1411133 0.9092969 0.1411133 0.909273 0.465332 0.955473 0.1396484 0.95544 0.1435547 0.9537489 0.1435547 0.95544 0.1411133 0.9537489 0.1411133 0.9991885 0.1396484 0.909833 0.5102539 0.8655577 0.5102539 0.8650728 0.1396484 0.8652344 0.5099306 0.8644193 0.1450195 0.8650606 0.1411133 0.8644316 0.1411133 0.8650606 0.1435547 0.8644316 0.1435547 0.8196627 0.1450195 0.9991885 0.1450195 0.8196505 0.1435547 0.9992006 0.1435547 0.9992006 0.1411133 0.8196505 0.1411133 0.8661176 0.465332 0.8652344 0.4662153 0.955473 0.1450195 0.909273 0.465332 0.9092634 0.1396484 0.8661176 0.465332 0.9109972 0.1435547 0.9092969 0.1435547 0.9109972 0.1411133 0.9092969 0.1411133 0.909273 0.465332 0.955473 0.1396484 0.95544 0.1435547 0.9537489 0.1435547 0.95544 0.1411133 0.9537489 0.1411133 0.9570313 0.4291992 0.9521484 0.4291992 0.8242188 0.4291992 0.9995117 0.4291992 0.8691406 0.4291992 0.8647461 0.4291992 0.9077148 0.4291992 0.9125977 0.4291992 0.9117459 0.7089844 0.8672944 0.5048828 0.9080426 0.1210938 0.9080426 0.1455078 0.9080426 0.1157227 0.9571739 0.1210938 0.9566857 0.1499023 0.9571739 0.1157227 0.9063038 0.6796875 0.9063038 0.1777344 0.8631028 0.6791992 0.9566857 0.1357422 0.90759 0.1450195 0.9566857 0.1450195 0.9566857 0.1401367 0.90759 0.1401367 0.9117459 0.6874043 0.9117458 0.6885425 0.8631029 0.6874043 0.8631029 0.6885425 0.9585852 0.4291992 0.9063038 0.4291992 0.8220437 0.7089844 0.8678697 0.1499023 0.9973405 0.1210938 0.9065684 0.5048828 0.9974129 0.6796875 0.9974129 0.1777344 0.8678697 0.1450195 0.9968523 0.1401367 0.9514662 0.6885425 0.8220437 0.6874043 0.8710464 0.4291992 0.9065685 0.5498047 0.8674297 0.1210938 0.8674297 0.1157226 0.9973405 0.1455078 0.9514662 0.6791992 0.8678697 0.1357422 0.9968523 0.1450195 0.8678697 0.1401367 0.9514663 0.6874043 0.8220437 0.6885425 0.9974129 0.4291992 0.8676029 0.7089844 0.909668 0.506795 0.9536329 0.1210938 0.9531552 0.1499023 0.8647461 0.506795 0.8217472 0.1210937 0.8217471 0.1157227 0.8217578 0.1499023 0.8676031 0.6791992 0.9512872 0.1777344 0.9975888 0.6791992 0.8217577 0.1357422 0.9531553 0.1450195 0.8217578 0.1450195 0.9531553 0.1401367 0.8217578 0.1401367 0.8676029 0.6874043 0.8676029 0.6885425 0.9975889 0.6874043 0.9975888 0.6885425 0.8657227 0.505861 0.9086915 0.505861 0.9512872 0.4291992 0.8251013 0.4291992 0.8672944 0.505861 0.9065684 0.505861 0.9567022 0.7089844 0.9122869 0.1455078 0.909668 0.5472223 0.8632314 0.6796875 0.8632314 0.1777344 0.9122686 0.1450195 0.8631037 0.1401367 0.906652 0.6885425 0.9567022 0.6874043 0.8657227 0.5481259 0.9140757 0.4291992 0.8647461 0.5472223 0.9122868 0.1210938 0.9122869 0.1157227 0.8626337 0.1210938 0.8626336 0.1455078 0.9140759 0.6796875 0.9122686 0.1357422 0.8631037 0.1450195 0.9122686 0.1401368 0.906652 0.6874043 0.9567022 0.6885425 0.9086914 0.5481259 0.8632314 0.4291992 0.8672944 0.5481259 0.9065685 0.5481259 0.9101563 0.4662153 0.8652344 0.4662153 0.8652344 0.5099306 0.9101563 0.5099306 0.9537163 0.1396484 0.9110298 0.1396484 0.9995117 0.6796875 0.9512872 0.6796875 0.9521484 0.6796875 0.9536329 0.1455078 0.9545898 0.1455078 0.9550781 0.6791992 0.9531553 0.1450195 0.9541016 0.1450195 0.9968523 0.1499023 0.9968523 0.1450195 0.9990234 0.1450195 0.9990234 0.1499023 0.8657227 0.5048828 0.8631037 0.1499023 0.8631037 0.1450195 0.8647461 0.1450195 0.8647461 0.1499023 0.90759 0.1499023 0.90759 0.1450195 0.9091797 0.1450195 0.9091797 0.1499023 0.909668 0.1455078 0.909668 0.1210938 0.8220436 0.6791992 0.8198242 0.6874043 0.8198242 0.6791992 0.9567023 0.6791992 0.9550781 0.6874043 0.9550781 0.6791992 0.9117459 0.6791992 0.9101563 0.6791992 0.8666992 0.6885425 0.8666992 0.7089844 1 0.6885425 1 0.7089844 0.9550781 0.6885425 0.9550781 0.7089844 0.9101563 0.6874043 0.9101563 0.6791992 0.9541016 0.1401367 0.9545898 0.1210938 0.9545898 0.1455078 0.8193359 0.1210938 0.8193359 0.1455078 0.8642578 0.1210938 0.8642578 0.1455078 0.9545898 0.1157227 0.8193359 0.1401367 0.8647461 0.1401367 0.9091797 0.1401367 0.9091797 0.1401367 0.9106445 0.1401367 0.9091797 0.1450195 0.9541016 0.1450195 0.9541016 0.1401367 0.9550781 0.1401367 0.8193359 0.1450195 0.8193359 0.1401367 0.8208008 0.1401367 0.8657227 0.1450195 0.8647461 0.1401367 0.8657227 0.1401367 0.8657227 0.1450195 0.8657227 0.1499023 0.9106445 0.1499023 0.9106445 0.1450195 0.8193359 0.1450195 0.8208008 0.1450195 0.8208008 0.1499023 0.8193359 0.1499023 0.9550781 0.1450195 0.9550781 0.1499023 0.8193359 0.4291992 0.8193359 0.6796875 0.8242188 0.6796875 0.8647461 0.4291992 0.8647461 0.6796875 0.8691406 0.6796875 0.9125977 0.1777344 0.9077148 0.1777344 0.909668 0.5058594 0.9086914 0.5048828 0.9065685 0.5048828 0.909668 0.5472223 0.909668 0.5488281 0.9086914 0.5498047 0.8666992 0.6874043 1 0.6885425 0.9985352 0.6885425 0.9082031 0.6885425 0.9101563 0.6885425 0.8647461 0.6791992 0.8666992 0.6791992 0.9101563 0.4662153 0.9101563 0.5099306 0.8655577 0.5102539 0.909833 0.5102539 0.9092634 0.1450195 0.8650728 0.1450195 0.8644315 0.1411133 0.8644193 0.1396484 0.8644315 0.1435547 0.9995117 0.1411133 0.9995117 0.1435547 0.8650728 0.1450195 0.8644193 0.1450195 0.8644316 0.1435547 0.8650606 0.1435547 0.9995782 0.1451443 0.9995784 0.1395235 0.8644193 0.1396484 0.8196627 0.1396484 0.955473 0.1396484 0.95544 0.1411133 0.95544 0.1435547 0.9110298 0.1396484 0.9109972 0.1411133 0.9109972 0.1435547 0.9537489 0.1435547 0.95544 0.1435547 0.955473 0.1450195 0.9537163 0.1450195 0.9110298 0.1450195 0.9537163 0.1450195 0.9110298 0.1450195 0.9101563 0.4662153 0.8652344 0.4662153 0.8652344 0.5099306 0.9101563 0.5099306 0.9537163 0.1396484 0.9110298 0.1396484 0.9101563 0.4662153 0.9101563 0.5099306 0.8655577 0.5102539 0.909833 0.5102539 0.9092634 0.1450195 0.8650728 0.1450195 0.8644315 0.1411133 0.8644193 0.1396484 0.8644315 0.1435547 0.9992006 0.1411133 0.9995117 0.1411133 0.9995117 0.1435547 0.9992006 0.1435547 0.8644193 0.1450195 0.9995782 0.1451443 0.9991885 0.1450195 0.9991885 0.1396484 0.9995784 0.1395235 0.9995843 0.1409885 0.9992006 0.1411133 0.8644193 0.1396484 0.8196627 0.1396484 0.9537163 0.1396484 0.955473 0.1396484 0.95544 0.1411133 0.9537489 0.1411133 0.9537489 0.1411133 0.9537489 0.1435547 0.9110298 0.1396484 0.9109972 0.1411133 0.9109972 0.1435547 0.9537163 0.1450195 0.9110298 0.1450195 0.9537163 0.1450195 0.9110298 0.1450195 0.9086914 0.5048828 0.909668 0.5058594 0.909668 0.506795 0.9125977 0.6796875 0.8691406 0.1777344 0.8647461 0.1777344 0.8691406 0.1777344 0.8242188 0.1777344 0.8193359 0.1777344 0.8193359 0.4291992 0.8242188 0.1777344 0.9570313 0.1777344 0.9521484 0.1777344 0.9995117 0.1777344 0.8710464 0.1777344 0.9570313 0.1777344 0.9570313 0.4291992 0.9585852 0.1777344 0.8672944 0.5048828 0.8672945 0.5498047 0.8657227 0.5048828 0.8647461 0.5058594 0.8647461 0.506795 0.8647461 0.5488281 0.8657227 0.5498047 0.8631029 0.7089844 0.9566857 0.1401367 0.9566857 0.1450195 0.8678697 0.1450195 0.8678697 0.1401367 0.90759 0.1401367 0.90759 0.1357422 0.9968522 0.1357422 0.9968523 0.1401367 0.9514663 0.7089844 0.9973406 0.1157227 0.909668 0.1157227 0.9570313 0.6796875 0.9585852 0.6796875 0.8710464 0.6796875 0.9571739 0.1455078 0.8674296 0.1455078 0.9995117 0.1157227 0.9990234 0.1357422 0.9990234 0.1401367 0.8251013 0.1777344 0.9140758 0.1777344 0.8647461 0.5472223 0.8217578 0.1401367 0.8217578 0.1450195 0.9122686 0.1401368 0.9531553 0.1401367 0.9531552 0.1357422 0.8631037 0.1357422 0.8631037 0.1401367 0.906652 0.7089844 0.8217471 0.1455078 0.8251013 0.6796875 0.9985352 0.7089844 0.9975888 0.7089844 0.9122686 0.1499023 0.9122686 0.1450195 0.9545898 0.1157227 0.9536329 0.1157227 0.906652 0.6791992 0.8626337 0.1157227 0.8642578 0.1157227 0.9125977 0.4291992 0.9125977 0.6796875 0.9082031 0.7089844 0.8657227 0.5498047 0.8647461 0.5488281 0.9086914 0.5498047 0.909668 0.5488281 0.9065685 0.5498047 0.9125977 0.1777344 0.8672944 0.5498047 0.9975889 0.6874043 0.9975888 0.6885425 0.9567022 0.6885425 0.9567022 0.6874043 0.9567022 0.7089844  
			<TextureCoords1>: 502 0.9913805 0.9104661 0.991257 0.9084004 0.006420474 0.08549631 0.08944248 0.1339005 0.00390625 0.7191612 0.005812996 0.725425 0.006419871 0.03705078 0.08940936 0.08544737 0.9889001 0.8175048 0.9957983 0.9940438 0.006444682 0.1339853 0.1861377 0.5943643 0.00392274 0.8112077 0.00390625 0.8133323 0.1031693 0.594364 0.08940645 0.03699309 0.05112576 0.6444554 0.9457862 0.9217077 0.05082918 0.7128483 0.05082687 0.7107623 0.9477981 0.8960048 0.9473011 0.8980941 0.9504648 0.9882029 0.9432814 0.8283892 0.08069902 0.1697784 0.01389282 0.1208911 0.1740358 0.4961504 0.01389813 0.07244039 0.08066317 0.07288152 0.1106307 0.6298177 0.1773878 0.630258 0.01393153 0.1693368 0.005990225 0.07700282 0.00390625 0.07711446 0.005990024 0.02855831 0.005381586 0.3001364 0.005987342 0.1255012 0.00390625 0.1256194 0.1027686 0.5858547 0.10068 0.5859593 0.1740295 0.3485612 0.1725581 0.3470973 0.1063236 0.3470792 0.1048549 0.3485443 0.1048637 0.4146917 0.1063311 0.4161533 0.1724515 0.4162202 0.1739156 0.4147528 0.1780744 0.4188874 0.1771801 0.3280209 0.005992602 0.006512046 0.17718 0.3210192 0.1027715 0.3319286 0.1781922 0.5002924 0.005992603 0.01742166 0.1771851 0.331983 0.0824931 0.01742154 0.08040676 0.01742154 0.1766892 0.3429291 0.08041184 0.01345938 0.100702 0.3444023 0.1771801 0.3389847 0.1022062 0.4203157 0.08040676 0.02442324 0.03820256 0.7286361 0.03964798 0.729203 0.03934526 0.7188122 0.03774465 0.7193812 0.03818787 0.8135986 0.9603324 0.9021891 0.959622 0.9039161 0.03820435 0.8114739 0.9647135 0.9942071 0.9632847 0.9938695 0.9627607 0.9957557 0.955702 0.819194 0.9565192 0.913125 0.9580497 0.9124591 0.9579262 0.9103934 0.03981186 0.6367569 0.1734584 0.2778887 0.10068 0.2647887 0.1006801 0.1919976 0.1028718 0.3165022 0.1786736 0.5079807 0.1749066 0.295036 0.1017674 0.3134524 0.176342 0.3005652 0.1014616 0.3108728 0.176342 0.2980281 0.1021155 0.295036 0.1733468 0.2694691 0.10068 0.2980281 0.1743278 0.2725385 0.1743535 0.2749111 0.1006801 0.3005652 0.1053418 0.5071149 0.106839 0.5057095 0.1022049 0.2692616 0.1030996 0.5780295 0.1738137 0.3166265 0.1745341 0.1929182 0.10068 0.2853333 0.1746509 0.3111292 0.1006965 0.2880455 0.1746684 0.3134959 0.1745341 0.2638682 0.1021182 0.2781059 0.10068 0.2724394 0.1741456 0.284983 0.1006844 0.2751401 0.1738766 0.2874758 0.09274517 0.5360161 0.00667996 0.6268545 0.006656105 0.5407926 0.006042912 0.5066476 0.09059671 0.4044651 0.09217896 0.5112363 0.004836889 0.5029739 0.09388804 0.5179624 0.004797217 0.5000406 0.0938817 0.5147554 0.006432768 0.5115243 0.09270324 0.5257691 0.005185049 0.5150727 0.0944126 0.5292845 0.09442505 0.5324912 0.004855765 0.5180228 0.003906435 0.4061819 0.005623188 0.404465 0.008050438 0.5262165 0.00390625 0.4900669 0.08948092 0.5067315 0.09397501 0.5418568 0.00390625 0.3940216 0.09047968 0.5000979 0.003906279 0.3970211 0.09050394 0.5030012 0.09399834 0.6257418 0.008180978 0.5362343 0.006807439 0.5297714 0.09118567 0.3940216 0.006482944 0.5327179 0.0911857 0.3970211 0.5218706 0.7122468 0.5218681 0.7101609 0.4732399 0.8902664 0.5223957 0.7961206 0.4746968 0.9863713 0.4738391 0.8244199 0.4749074 0.920314 0.4749143 0.9182288 0.9915616 0.9134896 0.09034783 0.2143184 0.08637517 0.1338973 0.0782602 0.1697757 0.08637463 0.1252407 0.009400045 0.03700656 0.1701613 0.4976093 0.009055018 0.02842355 0.9458794 0.9241285 0.004127366 0.9210831 0.05128252 0.7388418 0.1701446 0.347101 0.174458 0.3210192 0.1739672 0.5018032 0.1739551 0.3429118 0.174458 0.3280209 0.9567037 0.9160898 0.9582362 0.9154602 0.03967889 0.7320496 0.03809803 0.7315239 0.5214947 0.7323304 0.4748996 0.9227341 0.003955133 0.8070078 0.1096945 0.4284897 0.08526322 0.03698903 0.003906273 0.3809773 0.0512678 0.7994537 0.9932842 0.7861959 0.1059975 0.4243059 0.1735035 0.338982 0.9643626 0.9905554 0.03980702 0.8067917 0.4747085 0.9830878 0.00390625 0.2906299 0.0104606 0.1339158 0.01013923 0.1253236 0.07736813 0.072878 0.9501561 0.9848936 0.1095904 0.4161551 0.1735086 0.3319803 0.1058886 0.4203349 0.9627799 0.9902345 0.03821145 0.8073088 0.5223497 0.7928504 0.00391811 0.7173337 0.08705444 0.2962301 0.08758333 0.08544528 0.174025 0.4947257 0.007199686 0.3001364 0.10495 0.5943432 0.1045841 0.5857733 0.1048721 0.4946814 0.05082969 0.7093197 0.9928496 0.7081192 0.9476686 0.8945746 0.104866 0.3499667 0.1782136 0.4986546 0.10068 0.4986002 0.07879139 0.01346058 0.10068 0.3460405 0.03935252 0.7170146 0.03775448 0.7175565 0.9601724 0.9006163 0.9616725 0.9009712 0.005788669 0.3016117 0.005788619 0.3851022 0.5218663 0.7087195 0.4732558 0.8888226 0.005788667 0.3046657 0.005788623 0.3809773 0.9886504 0.8239185 0.01643596 0.120962 0.0857522 0.3865775 0.9433603 0.830865 0.004559045 0.8220475 0.008773695 0.006510019 0.07762566 0.02442324 0.03815972 0.6391342 0.9543132 0.8228751 0.08711726 0.3016117 0.5217856 0.6464347 0.008501838 0.209789 0.009465409 0.08545119 0.009122982 0.07686573 0.1830036 0.5943605 0.1748949 0.630255 0.05115169 0.6469184 0.1739144 0.4122883 0.07762566 0.01742154 0.1780965 0.4160957 0.03974886 0.6397009 0.9558586 0.8222711 0.08711721 0.3851023 0.473816 0.8268849 0.08711726 0.3046657 0.08711721 0.3809773 0.1730821 0.2653203 0.1730821 0.1914662 0.1012116 0.1914661 0.1012115 0.2653202 0.172832 0.2904848 0.102149 0.2910156 0.05128916 0.8027304 0.05082969 0.7093197 0.05082687 0.7107623 0.07921015 0.1213302 0.08066221 0.1213319 0.950016 0.9903155 0.07878629 0.006458879 0.08040673 0.006457686 0.1095933 0.4975579 0.1058857 0.5017455 0.1021986 0.5017273 0.1063273 0.4975571 0.00390631 0.3016117 0.10498 0.4324154 0.1008014 0.42861 0.1008243 0.4258195 0.1049793 0.4299534 0.170155 0.4284979 0.1739585 0.4243152 0.1766903 0.4243328 0.1725627 0.4284942 0.01179416 0.1213319 0.004368736 0.08574879 0.0512678 0.7994537 0.03981233 0.8108929 0.05128916 0.8027304 0.9433603 0.830865 0.9541587 0.8198404 0.9432814 0.8283892 0.9458794 0.9241285 0.9457862 0.9217077 0.03874647 0.726675 0.0060296 0.7232875 0.03820435 0.8114739 0.00392274 0.8112077 0.9644273 0.9960938 0.9958023 0.9960938 0.04082816 0.6349736 0.0522858 0.6427452 0.1781775 0.3444108 0.004368364 0.03730339 0.01179977 0.07288152 0.1011134 0.5946125 0.1085284 0.630258 0.004395851 0.1342417 0.01183558 0.1697784 0.00390625 0.02866989 0.1021874 0.3429184 0.1007186 0.418835 0.1765905 0.4203722 0.003911356 0.01351529 0.005997709 0.01351374 0.00390625 0.006513596 0.1006851 0.3319271 0.10068 0.3389288 0.1027664 0.3389303 0.00390625 0.01742166 0.00390625 0.02442336 0.005992603 0.02442336 0.1027663 0.3210191 0.10068 0.3280209 0.1027664 0.3280208 0.1023084 0.4243354 0.1064434 0.4284881 0.1740299 0.4299574 0.1781778 0.4258139 0.1021986 0.5017273 0.1007099 0.5002458 0.1048554 0.4960948 0.1063273 0.4975571 0.1767072 0.5017769 0.1725673 0.4976177 0.4732165 0.8923554 0.9473011 0.8980941 0.9477981 0.8960048 0.4746891 0.9884664 0.950016 0.9903155 0.9504648 0.9882029 0.004143518 0.9165783 0.004135852 0.9186631 0.08887254 0.2962301 0.09034781 0.2947549 0.09034781 0.2906299 0.008501878 0.2962301 0.005381546 0.2962301 0.003906266 0.2947549 0.04047293 0.7272688 0.9610772 0.9044941 0.9617888 0.9027023 0.03832084 0.6360243 0.03931746 0.6341642 0.05119579 0.7364373 0.05230082 0.7346718 0.1045051 0.5795267 0.1763397 0.581798 0.179188 0.5085287 0.1768877 0.5812836 0.1737285 0.3080499 0.1029831 0.3077157 0.1010279 0.3136138 0.1021163 0.3167724 0.10068 0.3109758 0.1750706 0.2750181 0.1750825 0.2724394 0.1786736 0.5079807 0.179188 0.5085287 0.1816077 0.5062574 0.1810933 0.5057094 0.1741144 0.2692266 0.1741555 0.278096 0.1749066 0.3035573 0.1021155 0.3035573 0.174779 0.2911298 0.1758214 0.2879831 0.1763256 0.2853333 0.1758879 0.3171129 0.1766739 0.3137606 0.1767327 0.3109758 0.10068 0.5803007 0.1020854 0.581798 0.1045051 0.5795267 0.1030996 0.5780295 0.1759509 0.3074636 0.1727028 0.2820122 0.1020944 0.2823488 0.09228206 0.6274592 0.0922578 0.5401405 0.007284295 0.5401641 0.007308497 0.6274828 0.08948858 0.4005588 0.005603401 0.4005588 0.005622986 0.4917837 0.0905965 0.4917839 0.09122507 0.4050936 0.09122487 0.4911556 0.08935781 0.4964168 0.005916071 0.4963261 0.003917479 0.5030996 0.005123175 0.50695 0.00390625 0.4999107 0.00390625 0.5179003 0.004855765 0.5180228 0.005185049 0.5150727 0.004339675 0.514865 0.005045801 0.4960681 0.006432768 0.5115243 0.005610939 0.5112363 0.007308497 0.6274828 0.00667996 0.6268545 0.00390625 0.6296297 0.004534777 0.630258 0.09220134 0.5214845 0.006547243 0.5215426 0.09399834 0.6257418 0.09228206 0.6274592 0.09505752 0.6302329 0.09677378 0.6285155 0.00390625 0.5322981 0.004509395 0.5291666 0.09196585 0.5073301 0.09293328 0.5033141 0.09299947 0.4999107 0.005750065 0.5254489 0.09203114 0.4956902 0.08948855 0.3904838 0.005603373 0.3904838 0.00390625 0.3851022 0.005381548 0.3865775 0.007199702 0.3865775 0.9457928 0.9196224 0.004605845 0.8175048 0.004584449 0.8195829 0.00390625 0.9848148 0.9933599 0.7915511 0.9933304 0.7894655 0.5223957 0.7961206 0.00390625 0.8855195 0.9928538 0.7116462 0.9928515 0.7095604 0.9933304 0.7894655 0.003917049 0.9815462 0.9923938 0.7232875 0.5214609 0.7299113 0.9924278 0.7257082 0.003906317 0.3046658 0.003906264 0.2143184 0.09034783 0.2112643 0.0888725 0.209789 0.08705387 0.209789 0.005381535 0.209789 0.003906274 0.2112643 0.005511693 0.728565 0.1054884 0.3389323 0.1054935 0.3319306 0.1064428 0.3210191 0.1064429 0.3280208 0.1738511 0.4203996 0.1700522 0.4162126 0.1095818 0.3470824 0.1058794 0.342891 0.995768 0.9899669 0.08526246 0.02833426 0.0894351 0.1252381 0.05119579 0.7364373 0.05128252 0.7388418 0.9501561 0.9848936 0.01638688 0.07250929 0.01729262 0.1694258 0.08939663 0.02832961 0.1063236 0.3470792 0.1021874 0.3429184 0.003920877 0.8840833 0.9927692 0.6458489 0.0857522 0.3001364 0.007613046 0.02442336 0.007613046 0.01742166 0.008778801 0.01351172 0.1782071 0.3460553 0.1740126 0.3499776 0.1048708 0.4122386 0.1006854 0.4160373 0.004632369 0.6382295 0.112113 0.6298612 0.9476686 0.8945746 0.9938741 0.900516 0.993756 0.8987831 0.1740223 0.4324129 0.1782105 0.4286119 0.08940487 0.07678777 0.08758352 0.07678866 0.05115169 0.6469184 0.1830049 0.5857066 0.186131 0.5857042 0.5217828 0.643962 0.05112576 0.6444554 0.00471668 0.6351147 0.09034788 0.3016117 0.08887258 0.3001364 0.09034782 0.3851023 0.08887254 0.3865775 0.09034781 0.3809773 0.9927661 0.6433753 0.09034786 0.3046658 0.00390625 0.2042012 0.004029267 0.2058828 0.07623095 0.1749406 0.07511456 0.1736847 0.0894913 0.2058828  
			<Normals>: 502 0.3826815 0 0.9238803 0.9238803 0 0.3826815 0.9079311 -0.1531123 0.390151 0.390151 -0.1531123 0.9079311 0.9238803 0 -0.3826815 0.3826815 0 -0.9238803 0.390151 -0.1531123 -0.9079311 0.9079311 -0.1531123 -0.390151 -0.9238803 0 0.3826815 -0.3826815 0 0.9238803 -0.390151 -0.1531123 0.9079311 -0.9079311 -0.1531123 0.390151 -0.3826815 0 -0.9238803 -0.9238803 0 -0.3826815 -0.9079311 -0.1531123 -0.390151 -0.390151 -0.1531123 -0.9079311 0.6021063 0.7786579 0.176521 0.3826815 0 0.9238803 0.3826815 0 -0.9238803 0.6021063 0.7786579 -0.176521 -0.6021207 0.7786459 -0.1765252 -0.1765252 0.7786459 -0.6021207 -0.1765252 0.7786459 0.6021207 -0.9238803 0 0.3826815 0.2593781 0.6240762 0.7370563 0.7370563 0.6240762 0.2593781 0.7370563 0.6240762 -0.2593781 0.2593781 0.6240762 -0.7370563 -0.259384 0.6240903 -0.7370423 -0.737062 0.6240811 -0.2593497 -0.737062 0.6240811 0.2593497 -0.259384 0.6240903 0.7370423 0.9238803 0 0.3826815 0.3826815 0 0.9238803 0.3826815 0 -0.9238803 0 1 0 -0.3826815 0 0.9238803 -0.9238803 0 0.3826815 -0.9238803 0 -0.3826815 -0.3826815 0 -0.9238803 0.1575392 -0.9867105 -0.03979681 0.03979681 -0.9867105 -0.1575392 -0.039797 -0.9867153 -0.1575094 -0.1575392 -0.9867105 -0.03979681 -0.1575392 -0.9867105 0.03979681 -0.039797 -0.9867153 0.1575094 0.03979681 -0.9867105 0.1575392 0.1575392 -0.9867105 0.03979681 0.7479352 -0.5834975 0.3164236 0.3164236 -0.5834975 0.7479352 0.7479352 0.5834975 0.3164236 0.3164236 0.5834975 0.7479352 0.3164236 0.5834975 -0.7479352 0.7479352 0.5834975 -0.3164236 -0.7479423 0.5835031 -0.3163961 -0.3164179 0.5835176 -0.7479218 -0.3164251 0.5835309 0.7479084 -0.7479423 0.5835031 0.3163961 0.3164236 -0.5834975 -0.7479352 0.7479352 -0.5834975 -0.3164236 -0.7479352 -0.5834975 -0.3164236 -0.3164179 -0.5835176 -0.7479218 -0.3164179 -0.5835176 0.7479218 -0.7479352 -0.5834975 0.3164236 0.3885691 0.2225147 -0.8941483 0.2910635 0.6126769 -0.734785 0.734785 0.6126769 -0.2910635 0.8941483 0.2225147 -0.3885691 -0.8941483 0.2225147 -0.3885691 -0.734785 0.6126769 -0.2910635 -0.2910635 0.6126769 -0.734785 -0.3885691 0.2225147 -0.8941483 -0.3885691 0.2225147 0.8941483 -0.2910635 0.6126769 0.734785 -0.734785 0.6126769 0.2910635 -0.8941483 0.2225147 0.3885691 0.2910635 0.6126769 0.734785 0.3885691 0.2225147 0.8941483 0.8941483 0.2225147 0.3885691 0.734785 0.6126769 0.2910635 -0.7808475 -0.5685217 0.2589599 0 -1 0 0 -1 0 0.7808475 -0.5685217 0.2589599 0 1 0 0.2589599 0.5685217 0.7808475 0.8769424 -0.2893232 0.38375 0.38375 -0.2893232 0.8769424 0.8769424 0.2893232 0.38375 0.38375 0.2893232 0.8769424 -0.2589599 0.5685217 0.7808475 -0.7808475 0.5685217 0.2589599 -0.38375 0.2893232 0.8769424 -0.8769424 0.2893232 0.38375 -0.8769424 -0.2893232 0.38375 -0.38375 -0.2893232 0.8769424 0 1 0 0 1 0 -0.7808475 0.5685217 -0.2589599 0 1 0 0.7808475 -0.5685217 -0.2589599 0 -1 0 0.38375 0.2893232 -0.8769424 0.8769424 0.2893232 -0.38375 0.38375 -0.2893232 -0.8769424 0.8769424 -0.2893232 -0.38375 0 -1 0 -0.7808475 -0.5685217 -0.2589599 -0.8769424 0.2893232 -0.38375 -0.38375 0.2893232 -0.8769424 -0.8769424 -0.2893232 -0.38375 -0.38375 -0.2893232 -0.8769424 -0.7808475 -0.5685217 0.2589599 0 -1 0 0 -1 0 0.7808475 -0.5685217 0.2589599 0 1 0 0.2589538 0.5685081 0.7808594 0.8769424 -0.2893232 0.38375 0.38375 -0.2893232 0.8769424 0.8769399 0.2892919 0.3837795 0.3837534 0.2892953 0.8769501 -0.2589538 0.5685081 0.7808594 -0.7808594 0.5685081 0.2589538 -0.38375 0.2893232 0.8769424 -0.8769424 0.2893232 0.38375 -0.8769424 -0.2893232 0.38375 -0.38375 -0.2893232 0.8769424 0 1 0 0 1 0 -0.7808594 0.5685081 -0.2589538 0 1 0 0.7808475 -0.5685217 -0.2589599 0 -1 0 0.38375 0.2893232 -0.8769424 0.8769424 0.2893232 -0.38375 0.38375 -0.2893232 -0.8769424 0.8769424 -0.2893232 -0.38375 0 -1 0 -0.7808475 -0.5685217 -0.2589599 -0.8769424 0.2893232 -0.38375 -0.38375 0.2893232 -0.8769424 -0.8769424 -0.2893232 -0.38375 -0.38375 -0.2893232 -0.8769424 0.3826815 0 -0.9238803 0.9238803 0 -0.3826815 -0.9238803 0 -0.3826815 -0.3826815 0 -0.9238803 -0.3826815 0 0.9238803 -0.9238803 0 0.3826815 0.3826815 0 0.9238803 0.9238803 0 0.3826815 0 0 1 0 -1 0 0 -0.1221677 0.9925095 0 0.5347311 0.8450223 0 0 1 0 -0.1221677 -0.9925095 0 0.5347311 -0.8450223 0 0 -1 0 0 1 0 0 1 0 0.7071068 -0.7071068 0 -0.9805807 -0.1961161 0 0.6339738 0.7733546 0 0.6339738 -0.7733546 0 -0.6339738 -0.7733546 0 -0.6339738 0.7733546 0 0.5454967 0.838113 0 0.1832344 0.9830693 0 0.5454967 -0.838113 0 0.1832344 -0.9830693 0 0 -1 0 0 1 0 0 -1 0 0.5347311 0.8450223 0 -0.1221677 -0.9925095 0 1 0 0 0 -1 0 0 -1 0 0.6339738 0.7733546 0 -0.6339738 -0.7733546 0 0.1832344 0.9830693 0 0.5454967 -0.838113 0 0 1 0 -1 0 0 -0.1221677 0.9925095 0 0 1 0 0.5347311 -0.8450223 0 0.7071068 0.7071068 0 -0.9805807 0.1961161 0 0.6339738 -0.7733546 0 -0.6339738 0.7733546 0 0.5454967 0.838113 0 0.1832344 -0.9830693 0 0 -1 1 0 0 0 -1 0 0.9925095 -0.1221677 0 0.8450223 0.5347311 0 0 1 0 -0.9925095 -0.1221677 0 -1 0 0 -0.8450223 0.5347311 0 0.7071068 0.7071068 0 1 0 0 -0.7071068 0.7071068 0 -0.1961161 -0.9805807 0 0.7733546 0.6339738 0 -0.7733546 0.6339738 0 0.7733546 -0.6339738 0 -0.7733546 -0.6339738 0 0.838113 0.5454967 0 0.9830693 0.1832344 0 -0.838113 0.5454967 0 -0.9830693 0.1832344 0 0 1 0 0 1 0 1 0 0 -1 0 0 0 1 0 0 1 0 -1 0 0 0.8450223 0.5347311 0 0 1 0 -1 0 0 -1 0 0 0.7733546 0.6339738 0 -0.7733546 -0.6339738 0 0.9830693 0.1832344 0 -0.838113 0.5454967 0 0 1 0 1 0 0 0 -1 0 0.9925095 -0.1221677 0 1 0 0 -0.9925095 -0.1221677 0 -0.8450223 0.5347311 0 1 0 0 0.1961161 -0.9805807 0 -0.7733546 0.6339738 0 0.7733546 -0.6339738 0 0.838113 0.5454967 0 -0.9830693 0.1832344 0 0 1 0 -1 0 0 0 1 0 0 1 0 0 -1 0 0 -1 0 0 -1 0 0 -1 0 -0.2589599 -0.5685217 -0.7808475 0.2589599 -0.5685217 -0.7808475 -0.3826815 0 -0.9238803 1 0 0 0.9238803 0 -0.3826815 0.8450223 0.5347311 0 0.7370563 0.6240762 -0.2593781 -0.6021207 0.7786459 0.1765252 0.7733546 0.6339738 0 0.7479352 0.5834975 -0.3164236 0 0.5347311 -0.8450223 0 0.6339738 -0.7733546 -0.3164179 0.5835176 -0.7479218 -0.259384 0.6240903 -0.7370423 0 1 0 -0.8450223 0.5347311 0 -0.7733546 0.6339738 0 -0.7479423 0.5835031 0.3163961 -0.737062 0.6240811 0.2593497 0 0.5347311 0.8450223 0 0.6339738 0.7733546 0.3164236 0.5834975 0.7479352 0.2593781 0.6240762 0.7370563 0.2593781 0.6240762 0.7370563 0.390151 -0.1531123 0.9079311 0 0.7071068 -0.7071068 -0.2910635 0.6126769 -0.734785 -0.1765252 0.7786459 -0.6021207 -0.7071068 0.7071068 0 -0.734785 0.6126769 0.2910635 -0.6021207 0.7786459 0.1765252 0 0.7071068 0.7071068 0.176521 0.7786579 0.6021063 0.8941483 0.2225147 -0.3885691 0.9238803 0 -0.3826815 -0.3885691 0.2225147 -0.8941483 -0.3826815 0 -0.9238803 -0.8941483 0.2225147 0.3885691 -0.9238803 0 0.3826815 0.2910635 0.6126769 0.734785 0.176521 0.7786579 0.6021063 0.7479352 -0.5834975 -0.3164236 0.9079311 -0.1531123 -0.390151 0.7370563 0.6240762 -0.2593781 -0.390151 -0.1531123 -0.9079311 -0.259384 0.6240903 -0.7370423 -0.9079311 -0.1531123 0.390151 -0.737062 0.6240811 0.2593497 0.9238803 0 -0.3826815 -0.3164179 -0.5835176 -0.7479218 -0.7479352 -0.5834975 0.3164236 0.3164236 -0.5834975 0.7479352 0.3164236 -0.5834975 0.7479352 0.7479352 -0.5834975 0.3164236 0.3164236 0.5834975 0.7479352 0.7479352 0.5834975 -0.3164236 0.7479352 -0.5834975 -0.3164236 0.3164236 -0.5834975 -0.7479352 -0.3164179 0.5835176 -0.7479218 -0.3164179 -0.5835176 -0.7479218 -0.7479352 -0.5834975 -0.3164236 -0.3164251 0.5835309 0.7479084 -0.7479352 -0.5834975 0.3164236 -0.3164179 -0.5835176 0.7479218 -0.3164251 0.5835309 0.7479084 -0.259384 0.6240903 0.7370423 0.7370563 0.6240762 0.2593781 0.7479352 0.5834975 0.3164236 -0.3164179 0.5835176 -0.7479218 -0.7479423 0.5835031 -0.3163961 -0.737062 0.6240811 -0.2593497 -0.259384 0.6240903 -0.7370423 0.3164236 0.5834975 -0.7479352 0.2593781 0.6240762 -0.7370563 -0.3826815 0 -0.9238803 -0.3826815 0 -0.9238803 -0.9238803 0 -0.3826815 -0.9238803 0 0.3826815 -0.9238803 0 0.3826815 -0.3826815 0 0.9238803 0.9238803 0 0.3826815 0.3826815 0 0.9238803 0 -1 0 0 -1 0 0 -1 0 0 -1 0 0 -1 0 0 -1 0 0.734785 0.6126769 -0.2910635 -0.3885691 0.2225147 -0.8941483 -0.8941483 0.2225147 -0.3885691 0.8941483 0.2225147 0.3885691 0.3885691 0.2225147 0.8941483 0.176521 0.7786579 -0.6021063 0.6021063 0.7786579 -0.176521 0 1 0 0 1 0 0 1 0 0 1 0 0.7808475 0.5685217 -0.2589599 0.7808475 0.5685217 0.2589599 0.38375 -0.2893232 0.8769424 0.2589599 -0.5685217 0.7808475 0.38375 0.2893232 0.8769424 -0.38375 -0.2893232 0.8769424 -0.38375 0.2893232 0.8769424 0.7808475 0.5685217 0.2589599 0.2589599 0.5685217 0.7808475 0.38375 0.2893232 0.8769424 0.8769424 0.2893232 0.38375 -0.2589599 0.5685217 0.7808475 -0.2589599 -0.5685217 0.7808475 0.2589599 -0.5685217 0.7808475 -0.2589599 -0.5685217 0.7808475 -0.7808475 -0.5685217 -0.2589599 -0.8769424 -0.2893232 -0.38375 -0.8769424 0.2893232 -0.38375 0.2589599 -0.5685217 -0.7808475 0.38375 -0.2893232 -0.8769424 0.38375 0.2893232 -0.8769424 -0.38375 0.2893232 -0.8769424 -0.8769424 0.2893232 -0.38375 -0.7808475 0.5685217 -0.2589599 -0.2589599 0.5685217 -0.7808475 0.2589599 0.5685217 -0.7808475 -0.2589599 0.5685217 -0.7808475 0.2589599 0.5685217 -0.7808475 0 -1 0 0 -1 0 0 -1 0 0 -1 0 -0.2589599 -0.5685217 -0.7808475 0.2589538 -0.5685081 -0.7808594 0 1 0 0 1 0 0 1 0 0 1 0 0.7808594 0.5685081 -0.2589538 0.7808533 0.5685037 0.2589823 0.38375 -0.2893232 0.8769424 0.2589555 -0.5685424 0.780834 0.3837534 0.2892953 0.8769501 -0.8769424 -0.2893232 0.38375 -0.38375 -0.2893232 0.8769424 -0.38375 0.2893232 0.8769424 -0.8769424 0.2893232 0.38375 0.2589538 0.5685081 0.7808594 -0.2589538 0.5685081 0.7808594 -0.7808594 0.5685081 0.2589538 -0.7808475 -0.5685217 0.2589599 -0.2589555 -0.5685424 0.780834 -0.38375 -0.2893232 0.8769424 -0.8769424 -0.2893232 0.38375 0.2589555 -0.5685424 0.780834 -0.2589555 -0.5685424 0.780834 -0.2589599 -0.5685217 -0.7808475 -0.7808475 -0.5685217 -0.2589599 -0.8769424 -0.2893232 -0.38375 -0.38375 -0.2893232 -0.8769424 -0.38375 -0.2893232 -0.8769424 -0.38375 0.2893232 -0.8769424 0.2589538 -0.5685081 -0.7808594 0.38375 -0.2893232 -0.8769424 0.38375 0.2893232 -0.8769424 -0.2589538 0.5685081 -0.7808594 0.2589538 0.5685081 -0.7808594 -0.2589538 0.5685081 -0.7808594 0.2589538 0.5685081 -0.7808594 0 1 0 0 1 0 0 1 0 0.9238803 0 0.3826815 -0.3826815 0 0.9238803 -0.9238803 0 0.3826815 -0.3826815 0 0.9238803 -0.9238803 0 -0.3826815 -0.3826815 0 -0.9238803 -0.3826815 0 -0.9238803 -0.9238803 0 -0.3826815 0.3826815 0 -0.9238803 0.9238803 0 -0.3826815 -0.3826815 0 -0.9238803 0 0 1 0.3826815 0 -0.9238803 0.3826815 0 -0.9238803 0 0 -1 0 1 0 0 -1 0 0 -1 0 0 -1 0 0 -1 0 0 -1 0 0 -1 0 0 0 -1 0 -0.6339738 -0.7733546 0 0.6339738 -0.7733546 0 0.6339738 0.7733546 0 -0.6339738 0.7733546 0 -0.6339738 0.7733546 0 -0.9805807 0.1961161 0 -0.9805807 -0.1961161 0 -0.6339738 -0.7733546 0 0 1 0 0 -1 0.3826815 0 0.9238803 0.3826815 0 -0.9238803 0 0 -1 0 0 1 0 0.5347311 -0.8450223 0 0.5347311 0.8450223 -0.3826815 0 -0.9238803 -0.039797 -0.9867153 -0.1575094 -0.3164179 -0.5835176 -0.7479218 -1 0 0 1 0 0 0 1 0 -0.7733546 -0.6339738 0 -0.7733546 0.6339738 0 0.7733546 -0.6339738 0 0.7733546 -0.6339738 0 0.1961161 -0.9805807 0 -0.1961161 -0.9805807 0 -0.7733546 -0.6339738 0 1 0 0 -0.8450223 0.5347311 0 -1 0 0 -0.9238803 0 -0.3826815 -1 0 0 0.8450223 0.5347311 0 0.7733546 0.6339738 0 0.9238803 0 -0.3826815 1 0 0 0.7071068 0.7071068 0 -1 0 0 -0.9238803 0 0.3826815 0.9238803 0 0.3826815 0.9238803 0 0.3826815 0.9238803 0 0.3826815 0 1 0 0 1 0 0 1 0 0 1 0 0 1 0 0.9238803 0 0.3826815 0 1 0 -0.838113 0.5454967 0 -0.9830693 0.1832344 0 -0.9830693 0.1832344 0 -0.838113 0.5454967 0 -1 0 0  
			<Tangents>: 502 -0.9238803 1.771704E-08 0.3826815 -0.3826815 3.34553E-08 0.9238803 0.3927778 -0.01397196 -0.9195273 0.9207509 0.06487846 -0.3847188 0.3826815 0 0.9238803 0.9238803 0 0.3826815 -0.9194968 -0.01334117 -0.3928711 -0.3847188 0.06487846 -0.9207509 -0.3826815 0 -0.9238803 -0.9238803 0 -0.3826815 0.9199017 -0.02247898 0.3915041 0.3847188 0.06487846 0.9207509 0.9238803 -1.187874E-05 -0.3826815 0.3826815 0 -0.9238803 -0.3969426 0.01534237 0.9177152 -0.9207509 0.06487846 0.3847188 -0.3311953 0.04241216 0.9426085 0.9238803 0 -0.3826815 -0.9238803 0 -0.3826815 0.1079801 0.1396423 0.9842969 0.3552793 0.06330357 -0.9326142 0.7971855 -0.2457181 -0.5514688 -0.9649606 -0.01624575 -0.2618913 0.3826815 0 0.9238803 0.9657758 -0.167608 -0.197951 0.3032505 0.03759026 -0.9521692 -0.3241108 -0.01037382 -0.9459623 -0.9517677 0.03566494 -0.3047394 -0.9657743 -0.1676158 0.197952 -0.3734309 -0.05623695 0.9259518 0.1979292 -0.1675896 0.9657835 0.9567697 0.06208239 0.2841434 0.3826815 4.601871E-06 -0.9238803 0.9238803 0 -0.3826815 -0.9238803 0 -0.3826815 -0.9645038 0 0.2640689 0.9238803 -1.248351E-05 0.3826815 0.3826815 0 0.9238803 -0.3826815 1.6498E-05 0.9238803 -0.9238803 0 0.3826815 -0.3100545 -0.0111611 -0.9506533 -0.9757854 -0.004440712 -0.2186849 -0.7128926 -0.0824156 0.6964135 -0.3836364 0.02401765 0.9231719 0.2153317 0.005006053 0.9765282 0.9842681 -0.01155505 0.1763029 0.9571753 -0.007601767 -0.289409 0.2855488 0.006938501 -0.958339 0.4228816 0.05143473 -0.9047241 0.948618 0.194633 -0.2494833 0.3805183 0.01368481 -0.9246721 0.948618 -0.194633 -0.2494833 -0.9335211 0.05143127 -0.3548143 -0.4303037 0.06325816 -0.900465 -0.414023 -0.03754164 0.909492 -0.9486199 -0.1946358 0.2494738 0.8438872 -0.1869521 0.5028951 0.353433 -0.0533777 0.9339357 -0.9168352 0.01426894 -0.3990107 -0.2494833 0.194633 -0.948618 -0.4494265 0.09435598 0.8883202 -0.9486199 0.1946252 0.249482 0.9247723 -0.01406835 0.3802608 0.2773531 0.1583707 0.9476255 0.9167207 0.004519648 0.3995031 0.9092751 0.06166695 0.4116017 0.2235479 0.1863983 0.9567037 0.3770685 0.09383599 0.9214196 0.4148671 0.08517731 -0.9058864 0.4274326 0.08504109 -0.9000385 0.8408926 -0.2024569 -0.5019071 0.9214196 0.09383566 -0.3770686 -0.9187845 -0.02023042 -0.3942407 -0.9275437 0.0074608 -0.3736402 -0.5019061 -0.2024552 -0.8408937 -0.3770687 0.09383559 -0.9214196 -0.9567037 0.1863885 0.223556 -0.9168094 -0.003584302 0.3993089 -0.4148671 0.08517753 0.9058864 -0.415208 0.06694958 0.9072596 0.2096609 0.1519961 0.9658879 -1 0 0 -1 0 0 0.2122378 -0.1484516 -0.9658764 -1 0 1.767775E-08 0.9658881 -0.1524238 -0.2093495 0.3656071 -0.116652 -0.9234304 0.923437 0.1202337 -0.3644282 0.365168 0.1179879 -0.9234344 0.923437 -0.1202332 -0.3644284 0.9658881 0.1524238 0.2093495 0.2096642 -0.1519916 0.9658879 0.923437 0.1202327 0.3644286 0.3646688 -0.1195042 0.9234368 0.3646686 0.1195048 0.9234368 0.923437 -0.1202338 0.3644282 -1 0 3.630949E-08 -1 0 3.489513E-08 -0.2093496 0.1524238 0.9658881 -1 0 3.489343E-08 -0.2169105 0.1420026 -0.965808 -1 0 3.429951E-08 -0.923437 0.1202332 -0.3644284 -0.3675293 -0.1107737 -0.9233913 -0.923437 -0.1202332 -0.3644284 -0.3675133 0.1108228 -0.9233918 -1 0 -3.630949E-08 -0.2093495 -0.1524238 0.9658881 -0.3644284 0.1202332 0.923437 -0.9234177 -0.1140899 0.3664468 -0.3644284 -0.1202332 0.923437 -0.9233891 0.1105594 0.3675991 0.2093486 0.1524251 0.9658881 -1 0 0 -1 0 0 0.2122378 -0.1484516 -0.9658764 -1 0 1.495182E-08 0.9658897 -0.1524163 -0.2093474 0.3656071 -0.116652 -0.9234304 0.923437 0.1202337 -0.3644282 0.3656356 0.1166592 -0.9234182 0.9234356 -0.1202228 -0.3644354 0.9658897 0.1524163 0.2093474 0.2093474 -0.1524163 0.9658897 0.923437 0.1202327 0.3644286 0.3644284 -0.1202332 0.923437 0.3644282 0.1202337 0.923437 0.923437 -0.1202338 0.3644282 -1 0 1.228421E-07 -1 0 3.037716E-08 -0.2169474 0.1419407 0.9658088 -1 0 3.026633E-08 -0.2169106 0.1420025 -0.965808 -1 0 2.825698E-08 -0.923437 0.1202332 -0.3644284 -0.3675293 -0.1107737 -0.9233913 -0.923437 -0.1202332 -0.3644284 -0.3675133 0.1108228 -0.9233918 -1 0 -1.228421E-07 -0.2093495 -0.1524238 0.9658881 -0.3675291 0.1107743 0.9233913 -0.923437 -0.1202332 0.3644284 -0.3664013 -0.1142288 0.9234186 -0.923437 0.1202332 0.3644284 -0.9238803 0 -0.3826815 -0.3826815 0 -0.9238803 -0.3826815 0 0.9238803 -0.9238803 0 0.3826815 0.9238803 0 0.3826815 0.3826815 0 0.9238803 0.9238803 0 -0.3826815 0.3826815 0 -0.9238803 -1 0 0 -1 0 0 1 2.230415E-07 2.745411E-08 1 0 0 1 1.208672E-06 0 -1 0 0 -1 1.615397E-07 1.022225E-07 -1 0 0 1 0 0 1 0 0 1 -1.821818E-07 -1.821818E-07 -1 -1.814406E-07 9.072029E-07 1 -7.226425E-07 5.924015E-07 -1 2.284392E-07 1.872678E-07 -1 -4.307634E-07 3.531273E-07 1 -6.754503E-07 -5.537148E-07 -1 -7.411535E-07 4.823894E-07 -1 0 0 1 -6.800241E-08 -4.426025E-08 1 4.205773E-07 7.839147E-08 -1 -3.614543E-08 0 1 0 0 1 -4.487846E-07 0 1 -4.174611E-07 2.641699E-07 -1 0 0 -1 0 2.732777E-11 -1 7.146926E-08 0 -1 0 0 1 3.822209E-07 -3.133336E-07 -1 -6.664469E-07 5.46334E-07 -1 2.521318E-08 -4.699488E-09 1 -3.716385E-07 -2.418858E-07 1 0 0 -0.9999969 0 0.002493297 1 -6.677787E-08 -8.219669E-09 1 -1.106971E-06 0 -1 0 0 -1 0 0 1 0 0 -1 -2.19475E-07 -1.799193E-07 1 0 0 -1 6.770107E-07 -4.406412E-07 1 -4.377058E-08 -8.158406E-09 -1 1.938323E-09 0 0 6.410705E-08 1 -0.9971595 0 0.07531793 -1.058262E-07 -8.597486E-07 -1 0 0 -1 -0.968294 0 0.2498134 9.509611E-08 -7.725757E-07 1 0 2.220631E-06 1 0 0 1 -2.046625E-08 2.046625E-08 1 0 0 -1 3.144146E-07 3.144146E-07 -1 0 0 1 0 0 -1 0 0 1 3.712084E-08 4.528195E-08 -1 0 0 1 7.240013E-08 -1.112371E-07 1 -7.625718E-09 4.091265E-08 1 2.417518E-07 3.714327E-07 -1 -1.143439E-08 -6.134651E-08 -1 -0.9979628 0 0.06379902 -0.998727 0 -0.05044155 0 0 -1 0 0 1 -1 0 -7.225738E-07 -1 0 1.03561E-06 0 -5.683225E-08 -1 -1.808497E-08 2.857923E-08 -1 -0.9666636 0 0.2560498 0 0 1 0 0 1 -5.391432E-07 6.576752E-07 -1 0 0 1 -1.135414E-08 6.091596E-08 1 -5.579902E-07 -8.573082E-07 -1 -0.998093 0 -0.06172822 0 0 -1 -0.9956819 0 -0.0928302 9.339697E-08 7.587716E-07 -1 0 -1.092565E-06 -1 -7.711174E-08 6.264679E-07 1 2.932607E-07 4.634325E-07 1 0 0 -1 -9.081167E-08 -1.816233E-08 -1 0 0 1 -9.641994E-07 -1.176181E-06 -1 1.826564E-07 -2.806372E-07 1 0 0 -1 -0.9988067 0 0.04883877 0 0 1 -1 0 -3.467169E-07 -1 0 7.075199E-08 -1 0 1.664259E-08 -1 0 3.488175E-08 -1 0 1.767869E-08 -1 0 0 -0.9658034 0.1417063 0.2171247 -0.9658881 -0.1524238 -0.2093496 -0.9238803 1.846666E-05 0.3826815 0 0 -1 -0.3826815 0 -0.9238803 2.969846E-07 -4.693173E-07 -1 -0.197951 -0.167608 -0.9657758 -0.5514679 -0.2457172 -0.7971864 0 0 -1 -0.2494833 -0.194633 -0.948618 -1 -4.829287E-07 -3.055979E-07 -1 -4.067829E-07 -3.334689E-07 -0.9486199 -0.1946358 0.2494738 -0.9657743 -0.1676158 0.197952 -0.9980136 0 0.0629987 0 0 1 0 0 1 0.3976269 0.01220106 0.917466 0.2859911 -0.05967441 0.9563723 1 0 0 1 -3.15694E-08 2.587968E-08 0.9040459 0.05335433 -0.4240923 0.9485735 -0.0212213 -0.315845 0.8443395 0.223956 -0.4867591 0.9133707 -0.06024104 -0.4026474 1 4.342423E-07 4.342423E-07 0.9567037 0.1863913 -0.2235537 0.9842961 0.1396436 -0.1079853 -4.90795E-08 -4.90795E-08 -1 -0.2235558 0.1863887 -0.9567037 -0.1079853 0.1396436 -0.9842961 -1 -2.902088E-08 2.902088E-08 -0.9842969 0.1396423 0.1079801 0.4148671 -0.08517753 0.9058864 0.3826815 0 0.9238803 0.9058862 -0.08517817 -0.4148672 0.9238803 0 -0.3826815 -0.4148671 -0.08517731 -0.9058864 -0.3826815 0 -0.9238803 -0.8408929 -0.2024565 0.5019069 -0.797181 -0.2457154 0.5514765 -0.4303045 -0.06325939 -0.9004645 -0.4026475 -0.06024134 -0.9133707 -0.4867591 0.223956 -0.8443395 -0.9133707 -0.06024073 0.4026474 -0.8443336 0.2239501 0.4867721 0.4026475 -0.06024164 0.9133707 0.4867429 0.2239764 0.8443435 -0.3826815 0 -0.9238803 -0.8438938 -0.1869577 0.5028818 0.3976479 -0.01218478 0.9174572 0.9040459 -0.0533545 -0.4240924 0.843899 -0.186955 -0.5028741 0.3805081 -0.01370003 -0.9246761 0.843899 0.186955 -0.5028741 -0.5028741 0.186955 -0.843899 -0.5028741 -0.186955 -0.843899 -0.9335211 -0.05143127 -0.3548143 -0.8438938 0.1869577 0.5028818 -0.8438938 -0.1869577 0.5028818 -0.4140435 0.03752502 0.9094833 0.9480116 0.1663458 0.271299 0.5028741 -0.186955 0.843899 0.9383565 -0.07686541 0.3370145 0.9247699 0.01408007 0.3802662 0.9595175 0.07980067 0.2701075 0.3142982 0.02324184 -0.9490398 0.422884 -0.05143846 -0.9047228 -0.8438939 0.1869576 0.5028817 -0.4494065 -0.09437218 0.8883286 -0.3535308 -0.02898499 0.9349737 -0.8443336 0.2239501 0.4867721 -0.9168353 -0.01426871 -0.3990106 -0.9560653 0.05797139 -0.2873646 -0.9238803 0 0.3826815 -0.9238803 0 0.3826815 -0.3826815 0 0.9238803 0.3826815 0 0.9238803 0.3826815 0 0.9238803 0.9238803 0 0.3826815 0.3826815 0 -0.9238803 0.9238803 0 -0.3826815 -0.9974405 0 -0.07150102 -1 0 0 -0.9999901 0 -0.004452127 -0.9971691 0 0.0751909 -0.9977443 0 0.06712902 -1 0 0 0.5019063 -0.2024556 0.8408934 0.9058862 -0.08517817 -0.4148672 0.3804462 -0.08010259 -0.9213275 -0.3798613 -0.08250421 0.9213569 -0.9058863 -0.08517796 0.4148672 0.945201 0.03659426 0.3244315 0.5514756 -0.2457146 0.7971819 -1 0 1.731608E-08 -1 0 0 -1 0 0 -1 0 0 -0.2170163 -0.1418563 -0.9658057 0.2093496 0.1524238 -0.9658881 0.897276 -0.1076152 -0.4281527 0.8636287 -0.2257332 -0.450766 0.8972665 0.1076565 -0.4281622 0.8521596 0.2548987 0.4570019 0.8522878 -0.2545659 0.4569483 0.4507675 -0.2257359 -0.8636273 0.8636286 0.2257334 -0.4507661 0.8972665 0.1076565 -0.4281622 0.4281625 -0.107658 -0.8972661 0.6382601 -0.5060498 0.5801186 0.6380215 0.5062633 0.5801948 0.9658881 0.1524251 -0.2093486 0.9658881 -0.1524238 0.2093495 -0.4507665 0.2257342 0.8636282 -0.4281589 0.107642 0.8972698 -0.4281624 -0.1076573 0.8972663 -0.8636282 0.2257342 -0.4507665 -0.8972664 0.107657 -0.4281623 -0.8972664 -0.1076568 -0.4281622 -0.8972663 0.1076573 0.4281624 -0.4281624 -0.1076573 0.8972663 -0.4507667 -0.2257346 0.8636279 -0.8636279 0.2257346 0.4507667 -0.8636281 -0.2257343 -0.4507666 -0.9658881 -0.1524238 0.2093496 -0.9658881 0.1524238 -0.2093495 -1 0 1.321338E-08 -1 0 2.950295E-08 -1 0 1.495262E-08 -1 0 0 -0.9658881 0.1524238 0.2093495 -0.9658897 -0.1524162 -0.2093474 -1 0 1.464592E-08 -1 0 0 -1 0 0 -1 0 0 -0.2170138 -0.1418488 -0.9658074 0.2122406 0.1484857 -0.9658706 0.8972762 -0.1076142 -0.4281525 0.8636233 -0.2257359 -0.4507749 0.8972703 0.1076466 -0.4281568 0.4281627 -0.1076588 0.897266 0.8972666 0.107656 0.4281621 0.8522868 -0.2545686 0.4569487 0.3905 -0.03649111 0.9198794 0.8636349 0.2257362 -0.4507526 0.6382636 -0.5060609 0.5801051 0.2555305 -0.08758687 0.9628254 0.2553946 0.08779504 0.9628425 0.638013 0.5062585 0.5802083 0.7535714 0.4507629 0.4784798 0.3286677 0.2215386 0.9180949 0.9658893 0.1524279 -0.2093411 0.9658893 -0.1524265 0.209342 -0.8636174 -0.2257539 0.4507773 -0.4507665 0.2257342 0.8636281 -0.4281532 0.1076174 0.8972755 -0.897252 -0.1077196 0.4281767 -0.8972664 -0.1076568 0.4281622 -0.8972664 0.1076568 0.4281622 -0.8636346 0.2257367 -0.4507529 -0.8972664 0.1076567 -0.4281622 -0.8972665 -0.1076564 -0.4281622 -0.8636344 0.2257371 0.4507531 -0.863634 -0.2257378 -0.4507535 -0.9658897 -0.1524162 0.2093474 -0.9658897 0.1524163 -0.2093474 -0.9987676 0 -0.04963203 -0.9644943 0 -0.2641035 -0.9682853 0 -0.249847 0.3826815 0 -0.9238803 0.9238803 0 0.3826815 0.3826815 0 0.9238803 0.9238803 0 0.3826815 -0.3826815 0 0.9238803 -0.9238803 0 0.3826815 -0.9238803 0 0.3826815 -0.3826815 0 0.9238803 -0.9238803 0 -0.3826815 -0.3826815 0 -0.9238803 -0.9238803 0 0.3826815 1 0 0 -0.9238803 0 -0.3826815 -0.9238803 0 -0.3826815 -1 0 0 -1 0 -7.225874E-07 -0.9999971 0 -0.002418865 -0.9978701 0 0.06523135 -0.9674597 0 0.2530251 -0.9956673 0 -0.09298749 -0.9963893 0 -0.08490255 -1 0 0 1 6.183891E-07 0 -1 7.226422E-07 -5.924013E-07 -1 6.75449E-07 5.537137E-07 1 6.664764E-07 -5.463581E-07 1 2.194845E-07 1.799271E-07 1 0 0 1 0 0 -1 2.175119E-07 -1.087559E-06 -1 -6.542264E-08 5.363159E-08 -1 0 0 -1 0 0 0.9238803 0 -0.3826815 -0.9238803 0 -0.3826815 -1 -8.906632E-07 0 1 0 0 -1 0 0 1 0 0 -0.9238803 0 0.3826815 -0.9992078 0.03930069 0.006265526 -0.9486199 0.1946261 0.2494814 0 0 1 0 0 -1 -0.9666635 0 -0.2560502 0 0 1 0 0 1 1.385712E-07 1.690364E-07 -1 3.731266E-07 4.551596E-07 -1 7.674872E-07 1.534974E-07 -1 0 0 1 0 0 1 0 6.308478E-08 1 -1.068626E-08 -1.688722E-08 1 0 0 1 0.3826815 0 -0.9238803 0 -6.410691E-08 -1 0 0 -1 0 0 -1 -0.3826815 0 -0.9238803 0 0 -1 3.118884E-07 -3.118884E-07 1 0 -1.174529E-06 1 0.3826815 0 0.9238803 0.3826815 0 -0.9238803 0.3826815 0 -0.9238803 -0.3826815 0 0.9238803 -0.9981063 0 -0.06151249 -0.9613997 0 -0.2751555 -0.9988276 0 0.048409 -0.9613999 0 0.275155 -1 0 7.129619E-07 0.3826815 0 -0.9238803 -1 0 -7.030988E-07 -2.690361E-08 -4.133529E-08 -1 -1.181499E-08 -6.33885E-08 -1 -7.774415E-09 -4.171043E-08 -1 2.571257E-07 3.950535E-07 -1 0 -6.55907E-08 -1  
			<BiTangents>: 502 1.636842E-08 1 -6.779983E-09 1.280273E-08 1 -3.090869E-08 0.1462421 0.9881101 0.04745352 -1.794577E-09 0.9860768 0.1662907 0 1 0 0 1 0 0.04804052 0.9881188 -0.1459913 0.1662907 0.9860768 1.794577E-09 0 1 0 0 1 0 -0.03953473 0.9879531 0.1496185 -0.1662907 0.9860768 -1.794577E-09 1.097453E-05 1 -4.545773E-06 0 1 0 -0.1345276 0.9880897 -0.07470661 1.794577E-09 0.9860768 -0.1662907 -0.726483 0.6260136 -0.2834245 0 1 0 0 1 0 -0.7910805 0.6117122 -5.39874E-10 0.7150016 0.6242621 0.3147531 0.5773509 0.5773501 0.5773498 0.1941387 0.6272532 -0.7542304 0 1 0 -9.17014E-10 0.7631753 -0.6461915 -0.6039762 0.7804588 -0.1615453 0.5930433 -0.7812946 -0.1946237 -0.1638936 0.7805491 0.6032263 -1.142282E-09 0.7631621 0.6462072 0.563284 0.7793331 0.2745013 0.6461915 0.7631752 3.7319E-09 0.1315738 0.778882 -0.6132138 -1.761051E-06 1 4.251579E-06 0 1 0 0 1 0 -0.2640689 0 -0.9645038 1.153327E-05 1 4.777208E-06 0 1 0 6.313479E-06 1 -1.524218E-05 0 1 0 -0.9375754 -0.1621043 0.3076924 -0.2150791 -0.1624274 0.9629945 0.7001431 -0.1400025 0.7001421 0.9099476 -0.1607033 0.3823218 0.9637498 -0.162411 -0.2116814 0.1721407 -0.1620478 -0.9716522 -0.2867605 -0.1623102 -0.9441524 -0.9453271 -0.1623399 -0.2828471 -0.511629 -0.8104845 -0.2852201 1.828196E-09 -0.788447 -0.6151026 0.543874 -0.8119996 0.2117961 -1.828196E-09 -0.788447 0.6151026 0.168566 -0.8104847 -0.5609812 0.5054026 -0.8096476 -0.2983941 -0.5188133 -0.8112428 -0.2696627 8.053127E-09 -0.7884315 -0.6151226 -0.4332779 -0.7902789 0.4332779 -0.5618429 -0.8103549 0.1663058 -0.2434939 -0.8119896 0.5304559 -0.6151026 -0.788447 -1.828196E-09 0.4884761 -0.8066149 0.3328114 1.268223E-05 -0.788434 0.6151193 0.2113668 -0.8119786 -0.5440723 0.6030492 -0.7965234 -0.04338382 -0.09293654 0.9749188 0.2022276 -0.2974908 0.787924 0.5391429 -0.640404 0.7680382 -2.017255E-09 -0.2414912 0.970403 -2.09635E-09 0.1684758 0.9712014 0.1684752 0.5266805 0.7857449 0.324365 0.4562692 0.7639621 0.4562677 3.109227E-07 0.9704031 0.241491 0.06963536 0.9747194 -0.212304 0.2344028 0.7902982 -0.5661131 0.4562688 0.7639626 -0.4562673 0.241491 0.9704031 -3.775115E-07 -1.214531E-05 0.7680406 -0.6404012 -0.09205698 0.9749228 -0.2026108 -0.1684757 0.9712013 -0.1684754 -0.5363705 0.7874927 -0.3035819 0.5884892 -0.808505 -0.0005110509 0 0 -1 0 0 -1 -0.5875647 -0.8091633 -0.004743708 -1.767775E-08 0 -1 9.816388E-10 -0.8084244 0.5886 -0.3119351 -0.950097 -0.003481568 4.679854E-07 -0.9496504 -0.3133115 0.3124489 -0.949932 0.002183026 1.90836E-09 -0.9496505 0.3133113 -9.816388E-10 -0.8084244 0.5886 -0.588488 -0.8085058 0.0005163566 -5.371394E-07 -0.9496505 0.3133111 -0.3130315 -0.9497425 0.0007088438 0.3130317 -0.9497424 -0.0007082608 -5.267889E-07 -0.9496504 -0.3133115 -3.630949E-08 0 -1 -3.489513E-08 0 -1 -0.5886 -0.8084244 -2.108881E-08 -3.489343E-08 0 -1 -0.5858558 -0.81032 0.01243599 -3.429951E-08 0 -1 1.90836E-09 -0.9496505 -0.3133113 0.309668 -0.9508004 -0.009192608 -8.44209E-09 -0.9496505 0.3133113 -0.309687 -0.9507946 0.009144882 3.630949E-08 0 -1 0.5886 -0.8084244 9.816388E-10 -0.3133113 -0.9496505 -8.44209E-09 -0.005971302 -0.9504081 -0.3109482 0.3133113 -0.9496505 2.150955E-08 0.009400752 -0.9508253 0.3095851 0.5886003 -0.8084242 1.585237E-06 0 0 -1 0 0 -1 -0.5875647 -0.8091633 -0.004743708 -1.495182E-08 0 -1 -4.091706E-09 -0.8084354 0.588585 -0.3119351 -0.950097 -0.003481575 4.679854E-07 -0.9496504 -0.3133115 0.3119088 -0.9501057 0.003472265 6.158353E-09 -0.9496604 0.3132815 4.091706E-09 -0.8084354 0.588585 -0.588585 -0.8084354 -4.091706E-09 -5.371394E-07 -0.9496505 0.3133111 -0.3133113 -0.9496505 -1.978161E-08 0.3133115 -0.9496504 4.941203E-07 -5.267889E-07 -0.9496504 -0.3133115 -1.228421E-07 0 -1 -3.037716E-08 0 -1 -0.5858263 -0.8103402 -0.01250062 -3.026633E-08 0 -1 -0.5858558 -0.81032 0.01243604 -2.825698E-08 0 -1 1.90836E-09 -0.9496505 -0.3133113 0.309668 -0.9508004 -0.009192582 -1.497582E-08 -0.9496505 0.3133113 -0.309687 -0.9507946 0.009144882 1.228421E-07 0 -1 0.5886 -0.8084244 9.816388E-10 -0.3096682 -0.9508002 -0.009192019 -1.497582E-08 -0.9496505 -0.3133113 0.3110017 -0.9503914 0.005836364 1.90836E-09 -0.9496505 0.3133113 0 1 0 0 1 0 0 1 0 0 1 0 0 1 0 0 1 0 0 1 0 0 1 0 0 1 0 0 0 -1 -2.247248E-07 0.9925095 0.1221677 0 0.8450223 -0.5347311 -1.208672E-06 1 0 0 0.9925095 -0.1221677 -1.911662E-07 -0.8450223 -0.5347311 0 1 0 0 1 0 0 1 0 2.57644E-07 0.7071068 0.7071068 9.251691E-07 -0.1961161 0.9805807 -9.344259E-07 -0.7733546 0.6339738 -2.953874E-07 -0.7733546 -0.6339738 5.570063E-07 -0.7733546 0.6339738 -8.734033E-07 -0.7733546 -0.6339738 -8.843122E-07 0.838113 -0.5454967 0 0.9830693 -0.1832344 8.113753E-08 0.838113 0.5454967 -4.278207E-07 0.9830693 0.1832344 -3.614543E-08 1 0 0 1 0 4.487846E-07 1 0 -4.940238E-07 -0.8450223 0.5347311 0 0.9925095 -0.1221677 -2.732777E-11 0 -1 7.146926E-08 1 0 0 1 0 4.942376E-07 -0.7733546 0.6339738 8.617611E-07 -0.7733546 0.6339738 2.564741E-08 0.9830693 -0.1832344 4.434229E-07 0.838113 0.5454967 0 1 0 -0.002493297 0 -0.9999969 6.728185E-08 0.9925095 0.1221677 1.106971E-06 1 0 0 0.8450223 0.5347311 0 0.7071068 -0.7071068 0 -0.1961161 -0.9805807 2.837961E-07 -0.7733546 -0.6339738 0 -0.7733546 -0.6339738 8.077798E-07 0.838113 -0.5454967 4.452441E-08 0.9830693 0.1832344 1.938323E-09 1 0 0 1 -6.410705E-08 -0.07531793 0 -0.9971595 0.1221677 0.9925095 -8.662371E-07 0.5347311 -0.8450223 0 -0.2498134 0 -0.968294 -0.1221677 0.9925095 7.784064E-07 0 1 -2.220631E-06 -0.5347311 -0.8450223 0 -0.7071068 0.7071068 -2.894365E-08 0 1 0 0.7071068 0.7071068 4.446495E-07 0.9805807 -0.1961161 0 0.6339738 -0.7733546 0 -0.6339738 -0.7733546 0 -0.6339738 -0.7733546 -5.855264E-08 0.6339738 -0.7733546 0 -0.5454967 0.838113 1.327233E-07 -0.1832344 0.9830693 -4.161727E-08 0.5454967 0.838113 4.431773E-07 0.1832344 0.9830693 -6.240305E-08 -0.06379902 0 -0.9979628 0.05044155 0 -0.998727 0 1 0 0 1 0 7.225738E-07 0 -1 -1.03561E-06 0 -1 0 1 -5.683225E-08 -0.5347311 0.8450223 3.382068E-08 -0.2560498 0 -0.9666636 0 1 0 0 1 0 0.6339738 -0.7733546 -8.504188E-07 0.6339738 -0.7733546 0 -0.1832344 0.9830693 -6.196507E-08 0.5454967 0.838113 -1.022903E-06 0.06172822 0 -0.998093 0 1 0 0.0928302 0 -0.9956819 0.1221677 0.9925095 7.644982E-07 0 1 -1.092565E-06 -0.1221677 0.9925095 -6.311959E-07 0.5347311 0.8450223 -5.484264E-07 0 1 0 -0.9805807 -0.1961161 9.261009E-08 -0.6339738 -0.7733546 0 -0.6339738 -0.7733546 1.520882E-06 -0.5454967 0.838113 3.348442E-07 0.1832344 0.9830693 0 -0.04883877 0 -0.9988067 0 1 0 3.467169E-07 0 -1 -7.075199E-08 0 -1 -1.664259E-08 0 -1 -3.488175E-08 0 -1 -1.767869E-08 0 -1 0 0 -1 0.01278907 -0.8103718 0.5857764 -2.108881E-08 -0.8084244 0.5886 1.706099E-05 1 -7.066851E-06 0 1 0 0 1 0 -0.5347311 0.8450223 -5.553904E-07 -0.6461915 0.7631753 9.17014E-10 0.5773507 0.5773504 -0.5773497 0.6339738 -0.7733546 0 0.6151026 -0.788447 1.828196E-09 5.714982E-07 -0.8450223 -0.5347311 5.25998E-07 -0.7733546 -0.6339738 8.053127E-09 -0.7884315 -0.6151226 1.142282E-09 -0.7631621 -0.6462072 -0.0629987 0 -0.9980136 -0.5347311 -0.8450223 0 -0.6339738 -0.7733546 0 -0.5314839 -0.8120193 0.2411422 -0.6123305 -0.7790775 0.1344979 0 -0.8450223 0.5347311 -4.082138E-08 -0.7733546 0.6339738 0.2873623 -0.8103604 0.5106259 0.18147 -0.7810753 0.5974864 -0.4688429 0.7485804 -0.4688429 0.116345 0.986371 0.1163452 -6.141114E-07 0.7071068 0.7071068 8.66265E-06 0.7680399 0.640402 8.18996E-10 0.6117272 0.7910688 0.7071068 0.7071068 -6.940889E-08 0.6404012 0.7680405 -1.186056E-05 0.7910688 0.6117272 -8.18996E-10 -4.104172E-08 0.7071068 -0.7071068 5.39874E-10 0.6117122 -0.7910805 -0.1684757 0.9712013 0.1684754 0 1 0 0.168476 0.9712012 0.1684754 0 1 0 0.1684758 0.9712014 -0.1684752 0 1 0 -0.4562688 0.7639623 -0.456268 -0.5773584 0.577335 -0.5773574 -0.505402 -0.8096475 0.2983955 0.116345 0.9863709 -0.1163453 -0.4688429 0.7485804 0.468843 -0.1163447 0.986371 -0.1163453 0.4688504 0.7485704 0.4688513 -0.1163449 0.9863709 0.1163455 0.4688507 0.7485701 -0.4688515 0 1 0 0.4332701 -0.7902873 0.4332701 0.5314783 -0.8120235 -0.2411399 -0.2873625 -0.8103604 -0.5106258 -0.4332559 -0.7903028 -0.4332559 -0.5438811 -0.8119994 -0.2117787 0.4332559 -0.7903028 0.4332559 0.4332559 -0.7903028 -0.4332559 -0.4332559 -0.7903028 0.4332559 -0.168566 -0.8104847 0.5609812 -0.4332701 -0.7902873 -0.4332701 0.4332701 -0.7902873 0.4332701 0.5188074 -0.8112476 0.2696596 -0.03389993 -0.7948716 0.60583 0.4332559 -0.7903028 -0.4332559 0.1391645 -0.8084547 -0.5718691 -0.2113665 -0.8119689 0.5440871 -0.109755 -0.7772665 0.6195245 0.5983015 -0.7810178 0.1790155 0.511627 -0.8104843 0.2852243 -0.43327 -0.7902874 -0.4332702 -0.4884835 -0.806609 -0.332815 -0.5759822 -0.7808217 -0.2419956 -0.4688505 -0.7485705 -0.4688513 0.2434937 -0.8119896 -0.5304561 0.1366092 -0.77921 -0.6116941 0 1 0 0 1 0 0 1 0 0 1 0 0 1 0 0 1 0 0 1 0 0 1 0 0.07150102 0 -0.9974405 0 0 -1 0.004452127 0 -0.9999901 -0.0751909 0 -0.9971691 -0.06712902 0 -0.9977443 0 0 -1 -0.4562686 0.7639625 0.4562677 0.168476 0.9712012 0.1684754 0.2361343 0.9716331 0.01303127 -0.237074 0.9714321 -0.01075372 -0.1684758 0.9712013 -0.1684755 -0.2746548 0.6263806 0.7295287 -0.5773582 0.5773354 0.5773572 -1.731608E-08 0 -1 0 0 -1 0 0 -1 0 0 -1 0.5858166 -0.8103455 -0.01261038 0.5886 -0.8084244 2.108881E-08 -0.2182469 -0.951163 -0.2183055 -0.4325334 -0.7910927 -0.4325358 0.2182858 -0.9511583 0.2182869 0.3557528 -0.9226694 -0.1487322 -0.3554454 -0.9227612 0.148897 0.4325343 -0.7910919 0.4325364 0.4325336 -0.7910926 0.4325357 0.2182858 -0.9511583 0.2182869 0.2182862 -0.9511582 0.2182873 -0.7249578 -0.6486114 0.2318181 0.7251678 -0.6484447 -0.2316272 1.56513E-06 -0.8084242 -0.5886003 9.816388E-10 -0.8084244 -0.5886 0.4325353 -0.7910924 0.4325345 0.2182934 -0.95116 0.2182722 -0.2182865 -0.9511582 -0.2182865 -0.4325345 -0.7910924 0.4325353 -0.2182863 -0.9511583 0.2182867 0.2182861 -0.9511583 -0.2182868 -0.2182865 -0.9511582 -0.2182865 -0.2182865 -0.9511582 -0.2182865 -0.432535 -0.7910923 -0.432535 -0.432535 -0.7910923 -0.432535 0.4325346 -0.7910923 -0.4325351 -2.108881E-08 -0.8084244 -0.5886 9.816388E-10 -0.8084244 -0.5886 -1.321338E-08 0 -1 -2.950295E-08 0 -1 -1.495262E-08 0 -1 0 0 -1 9.816388E-10 -0.8084244 0.5886 -6.786544E-08 -0.8084354 0.5885849 -1.464592E-08 0 -1 0 0 -1 0 0 -1 0 0 -1 0.5858017 -0.8103563 -0.01261012 0.5875561 -0.8091697 0.004714011 -0.218246 -0.9511631 -0.2183059 -0.4325469 -0.7910771 -0.4325509 0.2182645 -0.9511679 0.2182663 0.2182859 -0.9511581 -0.218288 0.2182853 -0.9511583 -0.2182871 -0.3554479 -0.9227605 0.1488957 -0.280146 -0.9565356 0.08098013 0.4325247 -0.7911016 0.4325283 -0.7249569 -0.6486146 0.2318117 -0.570055 -0.8180019 0.07687816 0.5701323 -0.8179702 -0.07664286 0.7251768 -0.6484303 -0.231639 0.5337284 -0.8444554 -0.04504545 0.3506416 -0.9312425 0.09918543 1.563514E-06 -0.8084092 -0.588621 2.599402E-09 -0.8084094 -0.5886207 0.432556 -0.7910868 0.4325241 0.4325352 -0.7910924 0.4325346 0.2183045 -0.9511628 0.2182489 0.2183454 -0.9511512 0.2182585 0.2182861 -0.9511583 0.2182867 -0.2182861 -0.9511583 -0.2182868 -0.4325253 -0.7911014 0.432528 -0.218286 -0.9511583 0.2182868 0.2182858 -0.9511583 -0.2182869 -0.4325258 -0.7911013 -0.4325277 0.4325265 -0.7911011 -0.4325273 -6.786544E-08 -0.8084354 -0.5885849 -4.091706E-09 -0.8084354 -0.588585 0.04963203 0 -0.9987676 0.2641035 0 -0.9644943 0.249847 0 -0.9682853 0 1 0 0 1 0 0 1 0 0 1 0 0 1 0 0 1 0 0 1 0 0 1 0 0 1 0 0 1 0 0 1 0 0 1 0 0 1 0 0 1 0 0 1 0 7.225874E-07 0 -1 0.002418865 0 -0.9999971 -0.06523135 0 -0.9978701 -0.2530251 0 -0.9674597 0.09298749 0 -0.9956673 0.08490255 0 -0.9963893 0 0 -1 -6.183891E-07 1 0 -9.344255E-07 -0.7733546 0.6339738 -8.734015E-07 -0.7733546 -0.6339738 8.617993E-07 -0.7733546 0.6339738 2.838084E-07 -0.7733546 -0.6339738 0 -0.7733546 -0.6339738 0 -0.1961161 -0.9805807 -1.109097E-06 -0.1961161 0.9805807 8.459592E-08 -0.7733546 0.6339738 0 1 0 0 1 0 0 1 0 0 1 0 -8.906632E-07 1 0 0 1 0 0 0.8450223 0.5347311 0 0.8450223 -0.5347311 0 1 0 -7.940317E-06 -0.157634 0.9874976 1.170406E-05 -0.7884338 0.6151195 0 1 0 0 1 0 0.2560502 0 -0.9666635 0.6339738 -0.7733546 0 -0.6339738 -0.7733546 0 -0.6339738 -0.7733546 -2.185756E-07 -0.6339738 -0.7733546 -5.885522E-07 -0.9805807 -0.1961161 -7.826865E-07 0.9805807 -0.1961161 0 0.6339738 -0.7733546 0 0 1 -6.308478E-08 0.5347311 0.8450223 1.998436E-08 0 1 0 0 1 0 0 1 -6.410691E-08 0.5347311 -0.8450223 0 0.6339738 -0.7733546 0 0 1 0 0 1 0 -0.7071068 0.7071068 4.410768E-07 0 1 1.174529E-06 0 1 0 0 1 0 0 1 0 0 1 0 0.06151249 0 -0.9981063 0.2751555 0 -0.9613997 -0.048409 0 -0.9988276 -0.275155 0 -0.9613999 -7.129619E-07 0 -1 0 1 0 7.030988E-07 0 -1 0.5454967 0.838113 -4.931948E-08 0.1832344 0.9830693 -6.44802E-08 0.1832344 0.9830693 -4.242878E-08 0.5454967 0.838113 4.713606E-07 0 1 -6.55907E-08  
			<SubMeshes>: 1
				<SubMesh>: 0 1452 111 109 102 111 102 104 93 91 98 93 98 108 100 105 86 100 86 83 80 94 110 80 110 107 105 103 88 105 88 86 89 85 90 89 90 92 248 106 101 101 249 248 249 250 248 250 251 248 250 81 251 250 82 81 252 111 104 252 104 253 94 93 108 94 108 110 154 155 24 154 24 3 176 188 28 176 28 15 201 202 38 201 38 14 204 212 66 204 66 19 0 1 78 0 78 77 234 235 32 234 32 2 20 21 70 20 70 69 199 208 53 199 53 26 243 222 8 243 8 75 173 160 17 173 17 150 245 225 23 245 23 149 195 178 254 195 254 147 218 255 256 218 256 145 186 187 36 186 36 10 157 159 34 157 34 6 169 152 0 169 0 77 198 257 258 198 258 7 163 166 58 163 58 41 236 237 30 236 30 11 22 259 74 22 74 73 213 196 4 213 4 67 207 211 60 207 60 43 239 241 48 239 48 47 190 192 62 190 62 45 260 210 59 260 59 261 164 167 49 164 49 51 240 228 63 240 63 57 191 181 61 191 61 55 262 263 264 262 264 265 216 200 35 216 35 266 267 268 269 267 269 270 271 272 273 271 273 274 194 174 12 194 12 71 275 25 2 275 2 276 277 183 278 277 278 279 280 230 281 280 281 282 283 168 76 283 76 284 64 285 286 64 286 5 68 287 288 68 288 13 72 289 290 72 290 9 291 79 16 291 16 292 40 41 58 40 58 293 6 294 295 6 295 27 14 296 297 14 297 29 10 298 299 10 299 31 32 33 276 32 276 2 298 10 36 298 36 37 296 14 38 296 38 39 294 6 34 294 34 300 42 43 60 42 60 301 44 45 62 44 62 302 48 303 46 48 46 47 304 305 50 304 50 306 52 307 308 52 308 309 54 310 311 54 311 312 56 57 63 313 314 315 269 316 317 269 317 270 318 274 273 318 273 319 320 321 322 320 322 323 53 324 325 53 325 26 144 145 256 144 256 18 146 326 327 146 327 328 148 329 330 148 330 331 150 151 332 150 332 333 334 335 336 336 185 334 185 197 334 185 337 197 185 338 337 185 339 338 340 285 64 340 64 65 70 341 342 70 342 69 74 289 72 74 72 73 343 79 291 343 291 344 168 169 77 168 77 76 212 213 67 212 67 66 183 194 71 183 71 278 230 243 75 230 75 281 345 346 340 345 340 65 97 96 99 99 347 97 347 84 97 347 348 84 348 349 84 348 350 349 103 351 352 103 352 88 87 89 92 87 92 95 86 353 354 86 354 83 88 355 353 88 353 86 94 356 357 94 357 93 358 359 360 358 360 361 93 357 362 93 362 91 80 363 356 80 356 94 364 87 95 364 95 365 252 366 367 252 367 111 111 367 368 111 368 109 100 369 370 100 370 105 105 370 371 105 371 103 372 373 374 372 374 375 103 371 376 103 376 351 109 377 378 109 378 102 143 141 134 143 134 136 125 123 130 125 130 140 132 137 118 132 118 115 112 126 142 112 142 139 137 135 120 137 120 118 121 117 122 121 122 124 379 138 133 133 380 379 380 381 379 381 382 379 381 113 382 381 114 113 383 143 136 383 136 384 126 125 140 126 140 142 129 128 131 131 385 129 385 116 129 385 386 116 386 387 116 386 388 387 135 389 390 135 390 120 119 121 124 119 124 127 118 391 392 118 392 115 120 393 391 120 391 118 394 395 396 394 396 397 390 398 393 390 393 120 397 396 399 397 399 400 401 402 403 401 403 404 405 119 127 405 127 406 407 408 409 407 409 410 411 142 140 411 140 412 132 413 414 132 414 137 137 414 415 137 415 135 412 140 130 412 130 416 135 415 417 135 417 389 141 418 419 141 419 134 217 420 421 217 421 422 221 177 420 221 420 217 17 423 151 17 151 150 424 425 149 426 329 148 427 428 429 430 326 146 431 432 145 431 145 144 205 218 145 205 145 432 179 195 147 179 147 433 226 245 149 226 149 425 161 173 150 161 150 333 434 184 173 434 173 161 435 436 172 435 172 437 216 266 438 216 438 220 65 64 171 65 171 170 193 182 169 193 169 168 439 153 440 440 441 439 441 442 439 442 233 439 233 443 439 443 444 439 189 193 168 189 168 283 345 65 170 345 170 162 64 5 445 64 445 171 175 180 272 175 272 271 325 324 165 325 165 158 52 309 446 52 446 447 448 449 167 448 167 164 46 303 450 46 450 451 452 453 166 452 166 163 182 454 152 182 152 169 176 455 159 176 159 157 3 456 156 3 156 154 436 457 458 436 458 172 184 459 160 184 160 173 6 27 460 6 460 157 186 461 155 186 155 154 10 31 461 10 461 186 148 331 459 148 459 184 15 462 455 15 455 176 72 9 454 72 454 182 463 464 453 463 453 452 313 315 449 313 449 448 317 316 180 317 180 175 22 73 193 22 193 189 73 72 182 73 182 193 426 148 184 426 184 434 437 172 195 437 195 179 220 438 177 220 177 221 170 171 194 170 194 183 439 185 336 439 336 153 162 170 183 162 183 277 171 445 174 171 174 194 158 165 263 158 263 262 447 446 181 447 181 191 451 450 192 451 192 190 154 156 187 154 187 186 172 458 178 172 178 195 157 460 188 157 188 176 246 220 221 246 221 247 231 216 220 231 220 246 430 146 219 430 219 465 466 232 218 466 218 205 247 221 217 247 217 244 244 217 422 244 422 224 69 342 215 69 215 214 242 229 213 242 213 212 20 69 214 20 214 206 322 321 209 322 209 203 231 467 200 231 200 216 54 312 468 54 468 469 227 470 210 227 210 260 40 293 471 40 471 472 473 474 211 473 211 207 229 475 196 229 196 213 14 29 476 14 476 201 234 223 257 234 257 198 232 238 255 232 255 218 146 328 477 146 477 219 342 478 479 342 479 215 480 481 208 480 208 199 7 482 483 7 483 198 484 242 212 484 212 204 236 485 202 236 202 201 11 486 485 11 485 236 16 79 242 16 242 484 318 319 481 318 481 480 487 488 238 487 238 232 2 25 223 2 223 234 343 489 475 343 475 229 44 302 474 44 474 473 50 305 470 50 470 227 490 491 467 490 467 231 79 343 229 79 229 242 492 244 224 492 224 493 494 247 244 494 244 492 495 487 232 495 232 466 490 231 246 490 246 496 496 246 247 496 247 494 465 219 245 465 245 226 497 498 499 497 499 500 206 214 230 206 230 280 203 209 268 203 268 267 469 468 228 469 228 240 472 471 241 472 241 239 201 476 237 201 237 236 219 477 225 219 225 245 215 479 222 498 501 499 198 483 235 198 235 234  
		</Mesh>
		<Materials>: 1
			<Material>: 0
				<AlbedoColor>: 1 1 1 1
				<EmissiveColor>: 0 0 0 0
				<Glossiness>: 0.04
				<Metallic>: 0
				<SpecularHighlight>: 1
				<GlossyReflection>: 1
				<AlbedoMap>: BLD_Villa2_A
				<MetallicMap>: BLD_Villa2_MS
				<NormalMap>: BLD_Villa2_N
				<EmissionMap>: null
				<DetailAlbedoMap>: DET_Concrete1_A
				<DetailNormalMap>: DET_Concrete1_N
		</Materials>
		<Children>: 0
	</Frame>
</Hierarchy>
