<Hierarchy>:
	<Frame>: 0 5 Villa1_Base_Stairs_A
		<Transform>: 0 0 0 0 0 0 1 1 1 0 0 0 1  
		<TransformMatrix>: 1 0 0 0 0 1 0 0 0 0 1 0 0 0 0 1  
		<Mesh>: 202 Villa1_Base_Stairs_A
			<Bounds>: -0.01627374 0.4883378 1.258232 2.300339 0.5003926 1.259079
			<Positions>: 202 -2.316612 0.7887301 2.517311 -1.516612 0.7887302 2.517311 -2.288375 0.9887303 2.517311 -2.316612 0.9604929 2.517311 -1.516612 0.9604929 2.517311 -1.544849 0.9887303 2.517311 -2.116613 0.7887302 2.12388 -2.116613 -0.001269815 2.12388 -1.616613 0.7887302 2.12388 -1.616613 -0.001269755 2.12388 -2.216614 0.7887302 2.22388 -2.216614 -0.001269755 2.22388 -1.566613 0.7887303 2.22388 -1.566613 -0.001269755 2.22388 -2.116613 0.7887302 2.001361 -2.116613 -0.001269755 2.001361 -2.116613 0.7887302 2.107578 -2.116613 -0.001269815 2.107578 -2.216614 -0.001269755 2.244858 -2.216614 0.7887302 2.244858 -2.211465 0.7887302 2.218731 -2.211465 -0.001269755 2.218731 -2.126858 0.7887302 2.134125 -2.126858 -0.001269755 2.134125 -2.216614 0.7887301 2.405137 -2.197871 0.7887301 2.42388 -2.197871 -0.001269815 2.42388 -2.216614 -0.001269815 2.405137 -1.593201 0.7887302 2.42388 -1.566613 0.7887302 2.397292 -1.566613 -0.001269755 2.397292 -1.593201 -0.001269755 2.42388 2.284065 0.7887301 2.517311 1.484064 0.7887302 2.517311 2.255827 0.9887303 2.517311 2.284065 0.9604929 2.517311 1.484064 0.9604929 2.517311 1.512301 0.9887303 2.517311 2.084066 0.7887302 2.12388 2.084066 -0.001269815 2.12388 1.584066 0.7887302 2.12388 1.584066 -0.001269755 2.12388 2.184066 0.7887302 2.22388 2.184066 -0.001269755 2.22388 1.534065 0.7887303 2.22388 1.534065 -0.001269755 2.22388 2.084066 0.7887302 2.001361 2.084066 -0.001269755 2.001361 2.084066 0.7887302 2.107578 2.084066 -0.001269815 2.107578 2.184066 -0.001269755 2.244858 2.184066 0.7887302 2.244858 2.178917 0.7887302 2.218731 2.178917 -0.001269755 2.218731 2.094311 0.7887302 2.134125 2.094311 -0.001269755 2.134125 2.184066 0.7887301 2.405137 2.165324 0.7887301 2.42388 2.165324 -0.001269815 2.42388 2.184066 -0.001269815 2.405137 1.560653 0.7887302 2.42388 1.534065 0.7887302 2.397292 1.534065 -0.001269755 2.397292 1.560653 -0.001269755 2.42388 1.693597 0.892304 0.7331949 -1.629683 0.892304 0.7331949 1.693597 0.6869823 0.906735 1.693597 0.7899891 0.9313675 1.693597 0.7899891 0.7091919 -1.629683 0.6869823 0.906735 -1.629683 0.7899891 0.9313675 -1.629683 0.7899891 0.7091919 1.693597 0.5820909 1.105811 1.693597 0.689989 1.131367 -1.629683 0.5820909 1.105811 -1.629683 0.689989 1.131367 1.693597 0.4767793 1.342636 1.693597 0.5812171 1.370433 -1.629683 0.4767793 1.342636 -1.629683 0.5812171 1.370433 1.693597 0.3696218 1.540434 1.693597 0.4812171 1.570433 -1.629683 0.3696218 1.540434 -1.629683 0.4812171 1.570433 1.693597 0.2691224 1.747216 1.693597 0.3745976 1.777217 -1.629683 0.2691224 1.747216 -1.629683 0.3745976 1.777217 1.693597 0.2745976 1.977216 -1.629683 0.2745976 1.977216 1.693597 -0.01205474 2.132069 1.693597 0.1578479 2.16207 1.693597 0.157848 1.941356 -1.629683 -0.01205474 2.132069 -1.629683 0.1578479 2.16207 -1.629683 0.157848 1.941356 -1.516612 0.960493 -0.0008462127 -1.616614 -0.001269576 -0.0008464511 2.284065 0.7887303 -0.0008462127 -2.316612 0.7887303 -0.0008462127 1.512302 0.9887304 -0.0008462127 -1.629683 0.8923041 -0.0008463319 1.584066 0.7887303 -0.0008464511 2.284065 0.960493 -0.0008462127 -1.544849 0.9887304 -0.0008462127 2.084066 0.7887303 -0.0008462425 1.693597 0.8923041 -0.0008461978 2.084067 -0.001269576 -0.0008462425 1.484065 0.7887304 -0.0008462127 -2.316612 0.960493 -0.0008462127 1.584066 -0.001269576 -0.0008464511 -1.516612 0.7887304 -0.0008462127 2.255828 0.9887304 -0.0008462127 -1.616614 0.7887303 -0.0008464511 -2.288375 0.9887304 -0.0008462127 -2.116614 0.7887303 -0.0008462425 1.484065 0.960493 -0.0008462127 -2.116614 -0.001269576 -0.0008462425 -2.316612 0.9604929 2.517311 -2.288375 0.9887303 2.517311 -2.316612 0.7887301 2.517311 -2.316612 0.9604929 2.517311 -2.316612 0.960493 -0.0008462127 -2.316612 0.7887301 2.517311 -2.316612 0.7887303 -0.0008462127 -1.516612 0.7887302 2.517311 -2.216614 0.7887301 2.405137 -2.216614 -0.001269815 2.405137 -1.593201 0.7887302 2.42388 -1.593201 -0.001269755 2.42388 -1.566613 0.7887302 2.397292 -1.566613 -0.001269755 2.397292 1.512301 0.9887303 2.517311 1.484064 0.9604929 2.517311 2.284065 0.7887301 2.517311 1.484064 0.7887302 2.517311 1.484064 0.7887302 2.517311 1.484064 0.9604929 2.517311 1.484065 0.960493 -0.0008462127 1.484065 0.7887304 -0.0008462127 2.184066 0.7887301 2.405137 2.184066 -0.001269815 2.405137 1.560653 -0.001269755 2.42388 1.560653 0.7887302 2.42388 1.534065 0.7887302 2.397292 1.534065 -0.001269755 2.397292 2.284065 0.7887303 -0.0008462127 1.484065 0.7887304 -0.0008462127 1.484065 0.960493 -0.0008462127 1.512302 0.9887304 -0.0008462127 -1.629683 0.7899891 0.9313675 1.693597 0.7899891 0.9313675 -1.629683 0.1578479 2.16207 1.693597 0.1578479 2.16207 -1.629683 0.7899891 0.7091919 1.693597 0.7899891 0.7091919 -1.629683 0.689989 1.131367 1.693597 0.689989 1.131367 1.693597 0.6869823 0.906735 -1.629683 0.6869823 0.906735 -1.629683 0.5812171 1.370433 1.693597 0.5812171 1.370433 1.693597 0.5820909 1.105811 -1.629683 0.5820909 1.105811 -1.629683 0.4812171 1.570433 1.693597 0.4812171 1.570433 1.693597 0.4767793 1.342636 -1.629683 0.4767793 1.342636 -1.629683 0.3745976 1.777217 1.693597 0.3745976 1.777217 1.693597 0.3696218 1.540434 -1.629683 0.3696218 1.540434 -1.629683 0.157848 1.941356 1.693597 0.157848 1.941356 -1.629683 0.2745976 1.977216 1.693597 0.2745976 1.977216 1.693597 0.2691224 1.747216 -1.629683 0.2691224 1.747216 2.255827 0.9887303 2.517311 2.255828 0.9887304 -0.0008462127 -1.516612 0.7887304 -0.0008462127 -2.316612 0.7887303 -0.0008462127 -2.316612 0.960493 -0.0008462127 -2.288375 0.9887304 -0.0008462127 -1.629683 0.892304 0.7331949 1.693597 0.892304 0.7331949 -1.544849 0.9887303 2.517311 -1.516612 0.9604929 2.517311 -1.516612 0.960493 -0.0008462127 -1.544849 0.9887304 -0.0008462127 2.255827 0.9887303 2.517311 2.284065 0.9604929 2.517311 2.284065 0.960493 -0.0008462127 2.255828 0.9887304 -0.0008462127 2.284065 0.7887301 2.517311 2.284065 0.7887303 -0.0008462127 -1.544849 0.9887303 2.517311 -1.544849 0.9887304 -0.0008462127 -1.516612 0.7887302 2.517311 -1.516612 0.7887304 -0.0008462127 1.512301 0.9887303 2.517311 1.512302 0.9887304 -0.0008462127  
			<Colors>: 0  
			<TextureCoords0>: 202 0.1337891 0.8696289 0.2670898 0.8696289 0.1369258 0.8598633 0.1337891 0.8612421 0.2670898 0.8612421 0.2639531 0.8598633 0.3847656 0.8701172 0.3847656 0.9091797 0.3847656 0.8701172 0.3847656 0.9091797 0.3896484 0.8701172 0.3896484 0.9091797 0.3896484 0.8701172 0.3896484 0.9091797 0.378711 0.8701172 0.378711 0.9091797 0.38396 0.8701172 0.38396 0.9091797 0.3907239 0.9091797 0.390724 0.8701172 0.3893971 0.8701172 0.389397 0.9091797 0.3852659 0.8701172 0.3852658 0.9091797 0.3989415 0.8701172 0.1513672 0.8251953 0.1513672 0.8588867 0.3989414 0.9091797 0.230957 0.8251953 0.2329102 0.8251953 0.2329102 0.8588867 0.230957 0.8588867 0.1337891 0.8696289 0.2670898 0.8696289 0.1369258 0.8598633 0.1337891 0.8612421 0.2666016 0.8061523 0.2666016 0.8037109 0.3847656 0.8701172 0.3847656 0.9091797 0.3847656 0.8701172 0.3847656 0.9091797 0.3896484 0.8701172 0.3896484 0.9091797 0.3896484 0.8701172 0.3896484 0.9091797 0.378711 0.8701172 0.378711 0.9091797 0.38396 0.8701172 0.38396 0.9091797 0.3907239 0.9091797 0.390724 0.8701172 0.3893971 0.8701172 0.389397 0.9091797 0.3852659 0.8701172 0.3852658 0.9091797 0.3989415 0.8701172 0.1513672 0.8251953 0.1513672 0.8588867 0.3989414 0.9091797 0.230957 0.8251953 0.2329102 0.8251953 0.2329102 0.8588867 0.230957 0.8588867 0.2006836 0.9379883 0.2792969 0.9379883 0.2006836 0.9482422 0.2006836 0.9375 0.2006836 0.925293 0.3598633 0.9482422 0.3598633 0.9375 0.3598633 0.925293 0.3598633 0.9482422 0.3598633 0.9375 0.2006836 0.9482422 0.2006836 0.9375 0.2006836 0.9833984 0.2006836 0.9726563 0.3598633 0.9833984 0.3598633 0.9726563 0.2006836 0.9482422 0.2006836 0.9375 0.3598633 0.9482422 0.3598633 0.9375 0.2006836 0.9833984 0.2006836 0.9726563 0.3598633 0.9833984 0.3598633 0.9726563 0.3598633 0.9375 0.2006836 0.9375 0.2006836 0.9482422 0.2006836 0.9375 0.2006836 0.925293 0.3598633 0.9482422 0.3598633 0.9375 0.3598633 0.925293 0.1010742 0.4516602 0.2748234 0.9091797 0.2658 0.7998047 0.1350695 0.8686523 0.1350695 0.8037109 0.2792969 0.920181 0.2748234 0.8701172 0.1010742 0.4516602 0.1030273 0.4501953 0.2748235 0.8701172 0.2006836 0.920181 0.2748235 0.9091797 0.2658 0.859375 0.1350695 0.8603516 0.2748234 0.9091797 0.2658 0.859375 0.1030273 0.4501953 0.2748234 0.8701172 0.1350695 0.8579102 0.2748235 0.8701172 0.1350695 0.8061523 0.2748235 0.9091797 0.2666016 0.8603516 0.2666016 0.8579102 0.2666016 0.8686523 0.2666016 0.8603516 0.1350695 0.8603516 0.1333008 0.7998047 0.2658 0.7998047 0.1333008 0.859375 0.1499023 0.8251953 0.1499023 0.8588867 0.230957 0.8251953 0.230957 0.8588867 0.3985392 0.8701172 0.3985392 0.9091797 0.2639531 0.8598633 0.2670898 0.8612421 0.1333008 0.7998047 0.1333008 0.859375 0.2666016 0.8144531 0.2666016 0.8061523 0.1350695 0.8061523 0.1350695 0.8144531 0.1499023 0.8251953 0.1499023 0.8588867 0.230957 0.8588867 0.230957 0.8251953 0.3985392 0.8701172 0.3985392 0.9091797 0.1010742 0.4624023 0.1499023 0.4624023 0.1499023 0.4516602 0.1479492 0.4501953 0.3598633 0.9375 0.2006836 0.9375 0.3598633 0.9375 0.2006836 0.9375 0.2792969 0.9443359 0.2006836 0.9443359 0.2006836 0.9375 0.3598633 0.9375 0.3598633 0.925293 0.2006836 0.925293 0.3598633 0.9726563 0.2006836 0.9726563 0.2006836 0.9604492 0.3598633 0.9604492 0.3598633 0.9375 0.2006836 0.9375 0.2006836 0.925293 0.3598633 0.925293 0.3598633 0.9726563 0.2006836 0.9726563 0.2006836 0.9604492 0.3598633 0.9604492 0.2006836 0.9482422 0.3598633 0.9482422 0.2006836 0.9375 0.3598633 0.9375 0.3598633 0.925293 0.2006836 0.925293 0.2666016 0.8579102 0.1350695 0.8579102 0.1010742 0.4624023 0.1499023 0.4624023 0.1499023 0.4516602 0.1479492 0.4501953 0.2792969 0.9379883 0.2006836 0.9379883 0.2666016 0.8037109 0.2666016 0.8061523 0.1350695 0.8061523 0.1350695 0.8037109 0.2666016 0.8579102 0.2666016 0.8603516 0.1350695 0.8603516 0.1350695 0.8579102 0.2666016 0.8686523 0.1350695 0.8686523 0.2666016 0.8037109 0.1350695 0.8037109 0.2666016 0.8144531 0.1350695 0.8144531 0.2666016 0.8037109 0.1350695 0.8037109  
			<TextureCoords1>: 202 0.00390625 0.07975984 0.1220172 0.07975984 0.008075166 0.05023211 0.003906251 0.05440104 0.1220172 0.05440104 0.1178483 0.05023211 0.6932816 0.332354 0.6932815 0.4489884 0.4272501 0.4528949 0.4272504 0.5695294 0.7141609 0.332354 0.7141609 0.4489885 0.4107436 0.4528949 0.4107438 0.5695294 0.6751931 0.3323541 0.6751931 0.4489886 0.6908748 0.3323541 0.6908747 0.4489885 0.717258 0.4489886 0.7172581 0.3323541 0.7130859 0.3323539 0.7130858 0.4489884 0.6954207 0.332354 0.6954206 0.4489885 0.7409215 0.332354 0.2464642 0.1092805 0.3630987 0.1092806 0.7409214 0.4489885 0.2464642 0.02000785 0.3851412 0.4528949 0.3851415 0.5695294 0.3630987 0.02000791 0.1220172 0.04632586 0.00390625 0.04632586 0.1178483 0.01679814 0.1220172 0.02096707 0.3756835 0.6900696 0.3756837 0.6841738 0.4272298 0.2118131 0.42723 0.3284476 0.6932817 0.5734358 0.6932816 0.6900703 0.4063505 0.2118132 0.4063506 0.3284476 0.7097883 0.5734358 0.7097881 0.6900702 0.4453183 0.2118131 0.4453184 0.3284476 0.4296366 0.2118131 0.4296368 0.3284476 0.4032535 0.3284476 0.4032533 0.2118132 0.4074255 0.2118132 0.4074257 0.3284476 0.4250907 0.2118131 0.4250909 0.3284476 0.3795899 0.2118132 0.1259235 0.02392113 0.2425579 0.02392113 0.3795901 0.3284477 0.1259234 0.1131938 0.7353906 0.5734358 0.7353905 0.6900701 0.2425579 0.1131938 0.9891016 0.980578 0.4984573 0.980578 0.4945508 0.9960938 0.494551 0.9804572 0.00390625 0.7646509 0.00390625 0.9960938 0.003906493 0.9804572 0.4945508 0.7646509 0.4945508 0.9566888 0.494551 0.9403182 0.00390625 0.9566888 0.003906487 0.9403182 0.4945508 0.9765509 0.494551 0.9605951 0.00390625 0.9765509 0.00390649 0.9605951 0.9891017 0.9364119 0.9891015 0.9193512 0.4984574 0.9364119 0.4984572 0.9193512 0.9891017 0.9566888 0.9891015 0.9404989 0.4984574 0.9566888 0.4984573 0.9404989 0.494551 0.9183804 0.003906475 0.9183804 0.9891016 0.8326236 0.9891016 0.8071513 0.498457 0.7646509 0.4984571 0.8326269 0.4984571 0.8071547 0.9891015 0.7646509 0.8741404 0.7025841 0.7409418 0.5695294 0.3756833 0.1171001 0.00390625 0.2644762 0.003906475 0.6841745 0.4945508 0.9144742 0.37959 0.5734357 0.00390625 0.08783501 0.8783094 0.6984152 0.7409211 0.2118132 0.00390625 0.9144741 0.7409213 0.3284477 0.3756836 0.235211 0.003906617 0.5704945 0.3795899 0.6900702 0.3756836 0.3328084 0.008075165 0.08366609 0.7409415 0.4528949 0.003906551 0.5645987 0.37959 0.332354 0.00390625 0.6900703 0.3795899 0.4489884 0.3756837 0.5704944 0.3756836 0.5645987 0.3756835 0.2644762 0.3756836 0.2391174 0.003906352 0.2391173 0.00390625 0.4509192 0.3756836 0.4509193 0.003906281 0.3328083 0.2464642 0.1131938 0.3630987 0.1131938 0.3795899 0.4528949 0.3795902 0.5695294 0.3851412 0.4528949 0.3851415 0.5695294 0.008075166 0.01679814 0.003906251 0.02096707 0.00390625 0.1171001 0.003906551 0.2352111 0.3756835 0.2937412 0.3756836 0.2683824 0.003906352 0.2683824 0.00390625 0.2937412 0.1259234 0.02000785 0.2425579 0.02000785 0.7409418 0.69007 0.7409419 0.5734357 0.7353906 0.5734358 0.7353905 0.6900701 0.00390625 0.1131938 0.1220172 0.1131938 0.1220172 0.08783501 0.1178482 0.08366609 0.4945508 0.7318492 0.003906261 0.7318492 0.9891015 0.732065 0.498457 0.732065 0.4984574 0.9960938 0.9891017 0.9960938 0.9891015 0.7690278 0.498457 0.7690278 0.498457 0.8021952 0.9891015 0.8021952 0.9891016 0.8754055 0.4984571 0.8754055 0.4984571 0.9144742 0.9891016 0.9144742 0.4945508 0.7685571 0.00390626 0.7685571 0.00390625 0.8021952 0.4945508 0.8021952 0.9891016 0.8365332 0.4984571 0.8365332 0.4984571 0.8714992 0.9891016 0.8714992 0.00390625 0.9364119 0.4945508 0.9364119 0.4945506 0.6939765 0.003906258 0.6939765 0.00390625 0.7279429 0.4945506 0.7279429 0.3756835 0.5744007 0.00390625 0.5744014 0.8741404 0.7279429 0.9922514 0.7279429 0.9922514 0.7025841 0.9880825 0.6984152 0.4945509 0.8061014 0.00390627 0.8061014 0.4984568 0.6966884 0.4984569 0.7025841 0.870234 0.7025841 0.8702339 0.6966884 0.003906486 0.2976475 0.00390625 0.3035433 0.3756834 0.3035432 0.3756836 0.2976475 0.00390645 0.3289021 0.3756836 0.3289021 0.3756833 0.4548255 0.00390625 0.4548256 0.4984571 0.7279429 0.8702342 0.7279429 0.3756837 0.6841738 0.003906475 0.6841745  
			<Normals>: 202 0 0 1 0 0 1 0 0 1 0 0 1 0 0 1 0 0 1 -0.9238829 0 -0.3826753 -0.9238832 0 -0.3826748 0.973249 0 -0.2297528 0.973249 0 -0.2297528 -0.9238849 0 -0.3826706 -0.9238849 0 -0.3826706 0.9732491 0 -0.2297526 0.9732491 0 -0.2297526 -1 0 0 -1 0 0 -1 0 0 -1 0 0 -1 0 0 -1 0 0 -0.7071151 0 -0.7070984 -0.7071151 0 -0.7070984 -0.7071115 0 -0.707102 -0.7071115 0 -0.707102 -0.9238819 0 0.3826774 -0.3826894 0 0.9238771 -0.3826894 0 0.9238771 -0.9238819 0 0.3826775 0.382679 0 0.9238814 0.9238777 0 0.3826879 0.9238777 0 0.382688 0.382679 0 0.9238814 0 0 1 0 0 1 0 0 1 0 0 1 -0.9238797 0.382683 0 -0.3826839 0.9238793 0 0.923883 0 -0.3826751 0.9238832 0 -0.3826746 -0.973249 0 -0.2297528 -0.973249 0 -0.2297528 0.9238849 0 -0.3826706 0.9238849 0 -0.3826706 -0.9732491 0 -0.2297526 -0.9732491 0 -0.2297526 1 0 0 1 0 0 1 0 0 1 0 0 1 0 0 1 0 0 0.7071151 0 -0.7070984 0.7071151 0 -0.7070984 0.7071117 0 -0.7071018 0.7071117 0 -0.7071019 0.9238819 0 0.3826774 0.3826893 0 0.9238771 0.3826894 0 0.9238771 0.9238819 0 0.3826775 -0.382679 0 0.9238814 -0.9238777 0 0.3826879 -0.9238777 0 0.382688 -0.382679 0 0.9238814 0 0.6211286 0.7837086 0 0.6211286 0.7837086 0 -0.2325768 0.972578 0 0.6194445 0.7850404 0 1 0 0 -0.2325768 0.972578 0 0.6194445 0.7850404 0 1 0 0 -0.2304814 0.9730767 0 0.6255247 0.7802044 0 -0.2304814 0.9730767 0 0.6255247 0.7802044 0 -0.2572104 0.9663554 0 0.6081118 0.7938513 0 -0.2572104 0.9663554 0 0.6081118 0.7938513 0 -0.2596091 0.9657138 0 0.6161371 0.7876389 0 -0.2596091 0.9657138 0 0.6161371 0.7876389 0 -0.273582 0.9618486 0 0.6110181 0.7916166 0 -0.273582 0.9618486 0 0.6110181 0.7916166 0 0.6038312 0.7971122 0 0.6038312 0.7971122 0 -0.1738858 0.9847659 0 0.642695 0.7661221 0 1 0 0 -0.1738858 0.9847659 0 0.642695 0.7661221 0 1 0 0 0 -1 1 0 0 0 -1 0 -1 0 0 -0.3826838 0.9238794 0 0 1 0 -1 0 0 0 0 -1 0 0 -1 1 0 0 0 1 0 1 0 0 0 -1 0 -0.9238797 0.3826831 0 -1 0 0 0 -1 0 0 0 -1 1 0 0 -0.3826839 0.9238794 0 -1 0 0 -0.9238797 0.3826831 0 -1 0 0 -0.9238797 0.3826831 0 -0.3826838 0.9238794 0 -1 0 0 -0.9238797 0.3826831 0 -0.9238797 0.3826831 0 0 -1 0 0 -1 0 0 -1 0 -0.9238819 0 0.3826774 -0.9238819 0 0.3826775 0.382679 0 0.9238814 0.382679 0 0.9238814 0.9238777 0 0.3826879 0.9238777 0 0.382688 0 0 1 0 0 1 0 -1 0 0 -1 0 -1 0 0 -0.9238797 0.382683 0 -0.9238797 0.3826831 0 -1 0 0 0.9238819 0 0.3826774 0.9238819 0 0.3826775 -0.382679 0 0.9238814 -0.382679 0 0.9238814 -0.9238777 0 0.3826879 -0.9238777 0 0.382688 0 0 -1 0 0 -1 0 0 -1 0 0 -1 0 0.6194445 0.7850404 0 0.6194445 0.7850404 0 0.642695 0.7661221 0 0.642695 0.7661221 0 -0.2283985 0.9735677 0 -0.2283985 0.9735677 0 0.6255247 0.7802044 0 0.6255247 0.7802044 0 0.9999105 -0.01338349 0 0.9999105 -0.01338349 0 0.6081118 0.7938513 0 0.6081118 0.7938513 0 0.9999946 0.003302106 0 0.9999946 0.003302106 0 0.6161371 0.7876389 0 0.6161371 0.7876389 0 0.9998103 -0.01947754 0 0.9998103 -0.01947754 0 0.6110181 0.7916166 0 0.6110181 0.7916166 0 0.9997793 -0.02100941 0 0.9997793 -0.02100941 0 -0.2936091 0.9559255 0 -0.2936091 0.9559255 0 0.6038312 0.7971122 0 0.6038312 0.7971122 0 0.9997167 -0.02379882 0 0.9997167 -0.02379882 0.3826838 0.9238794 0 0.3826839 0.9238794 0 0 0 -1 0 0 -1 0 0 -1 0 0 -1 0 0.6211286 0.7837086 0 0.6211286 0.7837086 0.3826839 0.9238793 0 0.9238797 0.382683 0 0.9238797 0.3826831 0 0.3826838 0.9238794 0 0.3826838 0.9238794 0 0.9238797 0.3826831 0 0.9238797 0.3826831 0 0.3826839 0.9238794 0 1 0 0 1 0 0 0.3826839 0.9238793 0 0.3826838 0.9238794 0 1 0 0 1 0 0 -0.3826839 0.9238793 0 -0.3826838 0.9238794 0  
			<Tangents>: 202 1 7.623389E-08 0 1 3.228871E-07 0 1 1.285708E-07 0 1 9.48401E-07 0 1 -1.210294E-05 0 1 3.111828E-07 0 -0.3826753 0 0.9238829 -0.3826748 1.685754E-06 0.9238831 0.2297528 -5.324694E-08 0.973249 0.2297528 -8.070984E-08 0.973249 -0.3826706 0 0.9238849 -0.3826706 0 0.9238849 0.2297526 -5.115757E-08 0.9732491 0.2297526 -3.135941E-08 0.9732491 0 -7.823326E-08 1 0 -1.097064E-07 1 0 -4.13932E-08 1 0 -4.864956E-07 1 0 -3.288411E-07 1 0 -3.288401E-07 1 -0.7070984 0 0.7071152 -0.7070984 0 0.7071152 -0.7071021 5.186985E-09 0.7071115 -0.7071021 4.443077E-07 0.7071115 0.3826774 -4.025189E-07 0.9238821 0.9238771 1.047675E-07 0.3826894 0.9238771 1.047675E-07 0.3826894 0.3826774 -4.025189E-07 0.923882 0.9238814 1.066953E-07 -0.382679 0.3826878 0 -0.9238777 0.3826879 0 -0.9238777 0.9238814 1.066953E-07 -0.382679 -1 3.497333E-07 0 -1 5.042483E-08 0 -1 4.147116E-07 0 -1 9.48401E-07 0 -4.446816E-08 -1.073558E-07 1 -1.783656E-07 -7.388156E-08 1 0.3826751 0 0.923883 0.3826746 1.685754E-06 0.9238832 -0.2297528 -5.324694E-08 0.973249 -0.2297528 -8.070984E-08 0.973249 0.3826706 0 0.9238849 0.3826706 0 0.9238849 -0.2297526 -5.115757E-08 0.9732491 -0.2297526 -3.135941E-08 0.9732491 0 -7.823326E-08 1 0 -1.097064E-07 1 0 -4.13932E-08 1 0 -4.864956E-07 1 0 -3.288411E-07 1 0 -3.288401E-07 1 0.7070984 0 0.7071152 0.7070984 0 0.7071152 0.7071019 5.186985E-09 0.7071117 0.7071019 4.443077E-07 0.7071117 -0.3826774 -4.025189E-07 0.9238821 -0.9238771 1.047675E-07 0.3826893 -0.9238771 1.047675E-07 0.3826894 -0.3826774 -4.025189E-07 0.923882 -0.9238814 1.066953E-07 -0.382679 -0.3826878 0 -0.9238777 -0.3826879 0 -0.9238777 -0.9238814 1.066953E-07 -0.382679 -1 0 0 -1 0 0 -1 0 0 -1 0 0 -1 0 0 -1 0 0 -1 0 0 -1 0 0 1 0 0 1 0 0 1 0 0 1 0 0 -1 0 0 -1 0 0 -1 0 0 -1 0 0 -1 0 0 -1 0 0 -1 0 0 -1 0 0 -1 0 0 -1 0 0 -1 0 0 -1 0 0 1 0 0 1 0 0 -1 0 0 -1 0 0 -1 0 0 -1 0 0 -1 0 0 -1 0 0 -0.9857703 0.1680982 0 0 -6.246305E-08 1 1.893595E-07 0 -1 0 -7.100983E-08 1 -1.783656E-07 -7.388154E-08 1 -1 0 -3.587097E-08 0 -5.610572E-08 1 -0.9857703 0.1680979 0 -0.9999971 0.002390963 0 0 -5.953893E-08 1 -1 0 -4.964312E-09 0 -6.666126E-08 1 1.893595E-07 0 -1 1.099382E-08 2.654153E-08 1 0 -6.246305E-08 1 -1.893595E-07 0 -1 -0.9999971 0.002390959 0 0 -5.610572E-08 1 1.448912E-07 6.001601E-08 1 0 -5.953893E-08 1 -4.446816E-08 -1.073558E-07 1 0 -6.666126E-08 1 1.099382E-08 2.654153E-08 1 1.448912E-07 6.0016E-08 1 0 -4.836613E-08 1 1.099382E-08 2.654153E-08 1 2.988072E-09 7.213923E-09 1 -1.893595E-07 0 -1 -1.893595E-07 0 -1 -1.893595E-07 0 -1 0.3826775 0 0.923882 0.3826775 0 0.923882 0.9238814 0 -0.382679 0.9238814 0 -0.382679 -0.3826879 -3.208584E-07 0.9238777 -0.382688 0 0.9238777 -1 2.918911E-08 0 -1 -1.210294E-05 0 1.893595E-07 0 -1 1.893595E-07 0 -1 0 -4.836613E-08 1 -4.446816E-08 -1.073558E-07 1 -5.247391E-08 -1.266834E-07 1 0 -7.100983E-08 1 -0.3826775 0 0.923882 -0.3826775 0 0.923882 -0.9238814 0 -0.382679 -0.9238814 0 -0.382679 0.3826879 -3.208584E-07 0.9238777 0.382688 0 0.9238777 -0.9999999 0.000469498 0 -1 7.450576E-08 0 -0.999992 -0.00401345 0 -0.9997911 -0.02043694 0 -1 0 0 -1 0 0 -1 0 0 -1 0 0 -1 0 0 -1 0 0 1 0 0 1 0 0 1 0 0 1 0 0 -1 0 0 -1 0 0 -1 0 0 -1 0 0 -1 0 0 -1 0 0 -1 0 0 -1 0 0 -1 0 0 -1 0 0 -1 0 0 -1 0 0 1 0 0 1 0 0 1 0 0 1 0 0 1 0 0 1 0 0 -1.448912E-07 6.0016E-08 1 -1.448912E-07 6.001601E-08 1 -0.9999999 0.0004694773 0 -1 -7.450576E-08 0 -0.999992 -0.004013589 0 -0.9997911 -0.02043698 0 -1 1.504486E-08 -1.192381E-08 -1 0 0 1.783656E-07 -7.388156E-08 1 5.065441E-08 -1.222908E-07 1 4.446816E-08 -1.073558E-07 1 1.783656E-07 -7.388154E-08 1 -1.448912E-07 6.0016E-08 1 -4.807561E-09 1.160656E-08 1 -1.099382E-08 2.654153E-08 1 -1.448912E-07 6.001601E-08 1 0 -7.100983E-08 1 0 -4.836613E-08 1 1.783656E-07 -7.388156E-08 1 1.783656E-07 -7.388154E-08 1 0 -7.100983E-08 1 0 -4.836613E-08 1 -1.783656E-07 -7.388156E-08 1 -1.783656E-07 -7.388154E-08 1  
			<BiTangents>: 202 -7.623389E-08 1 0 -3.228871E-07 1 0 -1.285708E-07 1 0 -9.48401E-07 1 0 1.210294E-05 1 0 -3.111828E-07 1 0 0 1 0 6.450954E-07 1 -1.557439E-06 1.223363E-08 1 5.182253E-08 1.854331E-08 1 7.855078E-08 0 1 0 0 1 0 1.175359E-08 1 4.978905E-08 7.204906E-09 1 3.052051E-08 0 1 7.823326E-08 0 1 1.097064E-07 0 1 4.13932E-08 0 1 4.864956E-07 0 1 3.288411E-07 0 1 3.288401E-07 0 1 0 0 1 0 3.667727E-09 1 -3.667777E-09 3.141709E-07 1 -3.141751E-07 1.540349E-07 1 3.718799E-07 -9.679231E-08 1 -4.009341E-08 -9.679231E-08 1 -4.009342E-08 1.540349E-07 1 3.718799E-07 -9.857376E-08 1 4.083003E-08 0 1 0 0 1 0 -9.857376E-08 1 4.083003E-08 3.497333E-07 1 0 5.042483E-08 1 0 4.147116E-07 1 0 9.48401E-07 1 0 0.382683 0.9238797 1.16201E-07 0.9238793 0.3826839 1.930616E-07 0 1 0 -6.450951E-07 1 -1.55744E-06 -1.223363E-08 1 5.182253E-08 -1.854331E-08 1 7.855078E-08 0 1 0 0 1 0 -1.175359E-08 1 4.978905E-08 -7.204906E-09 1 3.052051E-08 0 1 7.823326E-08 0 1 1.097064E-07 0 1 4.13932E-08 0 1 4.864956E-07 0 1 3.288411E-07 0 1 3.288401E-07 0 1 0 0 1 0 -3.667727E-09 1 -3.667777E-09 -3.141708E-07 1 -3.141752E-07 -1.540349E-07 1 3.718799E-07 9.67923E-08 1 -4.009341E-08 9.679231E-08 1 -4.009341E-08 -1.540349E-07 1 3.718799E-07 9.857376E-08 1 4.083003E-08 0 1 0 0 1 0 9.857376E-08 1 4.083003E-08 0 0.7837087 -0.6211286 0 0.7837087 -0.6211286 0 0.972578 0.2325768 0 0.7850404 -0.6194445 0 0 -1 0 0.972578 0.2325768 0 0.7850404 -0.6194445 0 0 -1 0 0.9730768 0.2304814 0 0.7802044 -0.6255247 0 0.9730768 0.2304814 0 0.7802044 -0.6255247 0 0.9663554 0.2572104 0 0.7938514 -0.6081119 0 0.9663554 0.2572104 0 0.7938514 -0.6081119 0 0.9657138 0.2596091 0 0.7876389 -0.6161371 0 0.9657138 0.2596091 0 0.7876389 -0.6161371 0 0.9618487 0.273582 0 0.7916166 -0.6110181 0 0.9618487 0.273582 0 0.7916166 -0.6110181 0 0.7971122 -0.6038312 0 0.7971122 -0.6038312 0 0.9847658 0.1738858 0 0.7661221 -0.642695 0 0 -1 0 0.9847658 0.1738858 0 0.7661221 -0.642695 0 0 -1 0.1680982 0.9857703 0 0 1 6.246305E-08 1 0 1.893595E-07 0 1 7.100983E-08 0.9238794 0.3826838 1.930616E-07 3.587097E-08 0 -1 0 1 5.610572E-08 0.1680979 0.9857703 0 0.002390963 0.9999971 0 0 1 5.953893E-08 4.964312E-09 0 -1 0 1 6.666126E-08 1 0 1.893595E-07 0.382683 0.9238796 -2.872833E-08 0 1 6.246305E-08 -1 0 1.893595E-07 0.002390959 0.9999971 0 0 1 5.610572E-08 0.9238793 0.3826838 -1.568292E-07 0 1 5.953893E-08 0.382683 0.9238796 1.162011E-07 0 1 6.666126E-08 0.382683 0.9238796 -2.872833E-08 0.9238793 0.3826838 -1.568292E-07 0 1 4.836613E-08 0.382683 0.9238796 -2.872833E-08 0.382683 0.9238796 -7.808281E-09 -1 0 1.893595E-07 -1 0 1.893595E-07 -1 0 1.893595E-07 0 1 0 0 1 0 0 1 0 0 1 0 -1.227886E-07 1 2.96434E-07 0 1 0 2.918911E-08 1 0 -1.210294E-05 1 0 1 0 1.893595E-07 1 0 1.893595E-07 0 1 4.836613E-08 0.382683 0.9238797 1.16201E-07 0.382683 0.9238796 1.371211E-07 0 1 7.100983E-08 0 1 0 0 1 0 0 1 0 0 1 0 1.227886E-07 1 2.96434E-07 0 1 0 0.000469498 0.9999999 0 7.450576E-08 1 0 -0.00401345 0.999992 0 -0.02043694 0.9997911 0 0 0.7850404 -0.6194445 0 0.7850404 -0.6194445 0 0.7661221 -0.642695 0 0.7661221 -0.642695 0 0.9735677 0.2283985 0 0.9735677 0.2283985 0 0.7802044 -0.6255247 0 0.7802044 -0.6255247 0 -0.01338349 -0.9999105 0 -0.01338349 -0.9999105 0 0.7938514 -0.6081119 0 0.7938514 -0.6081119 0 0.003302105 -0.9999945 0 0.003302105 -0.9999945 0 0.7876389 -0.6161371 0 0.7876389 -0.6161371 0 -0.01947754 -0.9998103 0 -0.01947754 -0.9998103 0 0.7916166 -0.6110181 0 0.7916166 -0.6110181 0 -0.02100941 -0.9997793 0 -0.02100941 -0.9997793 0 0.9559256 0.2936091 0 0.9559256 0.2936091 0 0.7971122 -0.6038312 0 0.7971122 -0.6038312 0 -0.02379883 -0.9997168 0 -0.02379883 -0.9997168 -0.9238793 0.3826838 -1.568292E-07 -0.9238793 0.3826838 -1.568292E-07 0.0004694773 0.9999999 0 -7.450576E-08 1 0 -0.004013589 0.999992 0 -0.02043698 0.9997911 0 1.919701E-08 0.7837087 -0.6211286 0 0.7837087 -0.6211286 -0.9238793 0.3826839 1.930616E-07 -0.382683 0.9238797 1.323666E-07 -0.382683 0.9238796 1.162011E-07 -0.9238794 0.3826838 1.930616E-07 -0.9238793 0.3826838 -1.568292E-07 -0.382683 0.9238796 -1.256284E-08 -0.382683 0.9238796 -2.872833E-08 -0.9238793 0.3826838 -1.568292E-07 0 1 7.100983E-08 0 1 4.836613E-08 0.9238793 -0.3826839 -1.930616E-07 0.9238794 -0.3826838 -1.930616E-07 0 1 7.100983E-08 0 1 4.836613E-08 -0.9238793 -0.3826839 -1.930616E-07 -0.9238794 -0.3826838 -1.930616E-07  
			<SubMeshes>: 1
				<SubMesh>: 0 384 2 3 0 0 1 2 1 5 2 1 4 5 118 119 114 118 114 109 120 121 122 120 122 99 123 124 111 123 111 125 36 37 100 36 100 116 24 19 18 24 18 27 14 115 117 14 117 15 22 6 7 22 7 23 12 13 9 12 9 8 6 16 17 6 17 7 16 14 15 16 15 17 26 31 28 26 28 25 19 10 11 19 11 18 10 20 21 10 21 11 20 22 23 20 23 21 126 127 26 126 26 25 30 29 128 30 128 129 130 131 13 130 13 12 132 133 33 33 32 132 32 34 132 32 35 34 108 98 134 108 134 135 136 137 138 136 138 139 56 59 50 56 50 51 54 55 39 54 39 38 44 40 41 44 41 45 38 39 49 38 49 48 48 49 47 48 47 46 58 57 60 58 60 63 51 50 43 51 43 42 40 102 110 40 110 41 42 43 53 42 53 52 52 53 55 52 55 54 140 57 58 140 58 141 62 142 143 62 143 61 144 44 45 144 45 145 146 147 148 148 149 146 149 112 146 112 103 146 70 69 66 70 66 67 150 151 68 150 68 71 75 74 72 75 72 73 79 78 76 79 76 77 83 82 80 83 80 81 87 86 84 87 84 85 94 93 90 94 90 91 152 153 92 152 92 95 65 154 155 65 155 64 156 157 158 156 158 159 160 161 162 160 162 163 164 165 166 164 166 167 168 169 170 168 170 171 89 172 173 89 173 88 174 175 176 174 176 177 200 178 179 200 179 201 180 181 182 182 183 180 183 104 180 104 96 180 184 185 106 184 106 101 186 187 188 186 188 189 190 191 192 190 192 193 191 194 195 191 195 192 46 47 107 46 107 105 119 196 197 119 197 114 187 198 199 187 199 188 8 9 97 8 97 113  
		</Mesh>
		<Materials>: 1
			<Material>: 0
				<AlbedoColor>: 1 1 1 1
				<EmissiveColor>: 0 0 0 0
				<Glossiness>: 0.04
				<Metallic>: 0
				<SpecularHighlight>: 1
				<GlossyReflection>: 1
				<AlbedoMap>: BLD_Villa1_A
				<MetallicMap>: BLD_Villa1_MS
				<NormalMap>: BLD_Villa1_N
				<EmissionMap>: null
				<DetailAlbedoMap>: DET_Concrete1_A
				<DetailNormalMap>: DET_Concrete1_N
		</Materials>
		<Children>: 4
			<Frame>: 1 0 Villa1_Base_Stairs_A_bb
				<Transform>: -0.01626587 0.488 0.506 2.504478E-06 0 0 1 1 -1 2.185569E-08 0 0 1  
				<TransformMatrix>: 1 0 0 0 0 1 4.371139E-08 0 0 4.371139E-08 -1 0 -0.01626587 0.488 0.506 1  
				<BoxCollider>: 1 0.009979248 -0.0466032 0.134552 4.335449 0.9067936 0.730896  
				<Children>: 0
			</Frame>
			<Frame>: 2 0 Villa1_Base_Stairs_A_bb1
				<Transform>: -0.01626587 0.488 0.506 2.504478E-06 0 0 1 1 -1 2.185569E-08 0 0 1  
				<TransformMatrix>: 1 0 0 0 0 1 4.371139E-08 0 0 4.371139E-08 -1 0 -0.01626587 0.488 0.506 1  
				<BoxCollider>: 1 -1.893433 -0.004640579 -0.7540894 0.7652588 0.9907188 2.508179  
				<Children>: 0
			</Frame>
			<Frame>: 3 0 Villa1_Base_Stairs_A_bb2
				<Transform>: 3.672 0.488 0.506 2.504478E-06 0 0 1 1 -1 2.185569E-08 0 0 1  
				<TransformMatrix>: 1 0 0 0 0 1 4.371139E-08 0 0 4.371139E-08 -1 0 3.672 0.488 0.506 1  
				<BoxCollider>: 1 -1.777924 -0.004640579 -0.7540894 0.7596436 0.9907188 2.508179  
				<Children>: 0
			</Frame>
			<Frame>: 4 0 Villa1_Base_Stairs_A_bb3
				<Transform>: -0.01626587 0.4035758 1.543396 26.54729 0 0 1 1 -1 0.2296021 0 0 0.9732846  
				<TransformMatrix>: 1 0 0 0 0 0.8945658 0.4469363 0 0 0.4469363 -0.8945658 0 -0.01626587 0.4035758 1.543396 1  
				<BoxCollider>: 1 0.009979248 -0.06699878 -0.03415304 4.335449 0.2817305 1.971723  
				<Children>: 0
			</Frame>
	</Frame>
</Hierarchy>
