<Hierarchy>:
	<Frame>: 0 5 Villa2_Base_Cor_B
		<Transform>: 0 0 0 0 0 0 1 1 1 0 0 0 1  
		<TransformMatrix>: 1 0 0 0 0 1 0 0 0 0 1 0 0 0 0 1  
		<Mesh>: 163 Villa2_Base_Cor_B
			<Bounds>: 2.2 2 -1.799999 2.200002 2 2.200001
			<Positions>: 163 3.700001 4 -3.999998 3.700001 -1.748455E-07 -3.999998 4.300001 -1.748455E-07 -3.999998 3.700001 3.7 -4 4.300001 3.7 -4 4.400002 4 -3.999998 4.400001 3.8 -4 3.700001 3.976724 -3.999998 4.400002 3.984483 -3.999998 4.300001 0.0442146 -3.999998 3.700001 0.04421457 -3.999998 -1.907349E-06 1.311342E-08 0.3 -1.907349E-06 4 -0.3000002 -1.907349E-06 -1.311342E-08 -0.3 0 3.7 -0.3000002 0 3.7 0.2999999 -1.907349E-06 4 0.3999999 -8.223845E-17 3.8 0.3999998 -1.759365E-06 3.976724 -0.3000002 0.02327405 3.976724 -0.3000002 -1.759365E-06 3.984483 0.3999999 -1.884556E-06 0.04421473 0.3 -1.884556E-06 0.04421441 -0.3 4.300001 3.5 -3.999998 4.300001 3.6 -3.999998 4.350001 3.515394 -3.999998 4.350001 3.584605 -3.999998 4.300001 3.6 -3.978665 4.300001 3.5 -3.978665 4.350001 3.584605 -3.978665 4.350001 3.515394 -3.978665 -1.430511E-06 3.5 0.2999998 -1.430511E-06 3.6 0.2999998 -1.430511E-06 3.515394 0.3499998 -1.430511E-06 3.584606 0.3499998 0.03422451 3.6 0.2999998 0.03422451 3.584606 0.3499998 0.03422451 3.5 0.2999998 0.03422451 3.515394 0.3499998 4.281652 3.5 0.2998383 4.300001 3.5 0.2815328 4.300001 3.6 0.2815327 4.281652 3.6 0.2998381 4.349999 3.584801 0.331057 4.331653 3.584801 0.3493643 4.331653 3.515199 0.3493643 4.349999 3.515199 0.331057 4.400001 4 0.3588973 4.358911 4 0.4000017 4.358911 3.8 0.3999999 4.400001 3.8 0.3588954 4.400001 3.984483 0.3588972 4.358911 3.984483 0.4000016 3.700941 -1.491061E-08 -0.341115 3.659861 -1.311342E-08 -0.3 3.659861 4 -0.3000002 3.700941 4 -0.3411151 3.659861 3.976724 -0.3000002 3.700941 3.976724 -0.3411151 4.259863 1.311342E-08 0.3 4.300945 1.131642E-08 0.2588895 3.700941 0.04421468 -0.341115 3.659861 0.04421467 -0.3 4.300943 3.7 0.2588908 4.259861 3.7 0.2999999 4.300945 0.04421479 0.258891 4.259863 0.04421479 0.3 3.659862 3.7 -0.3000002 3.700942 3.7 -0.3411151 4.300001 3.7 -4 4.400001 3.8 -4 -1.759365E-06 3.984483 0.3999999 -1.907349E-06 4 0.3999999 -1.884556E-06 0.04421441 -0.3 3.700001 4 -3.999998 3.700001 3.976724 -3.999998 -1.759365E-06 3.976724 -0.3000002 -1.907349E-06 4 -0.3000002 4.300001 -1.748455E-07 -3.999998 3.700001 -1.748455E-07 -3.999998 -1.907349E-06 -1.311342E-08 -0.3 3.700001 3.7 -4 3.700001 0.04421457 -3.999998 4.300001 -1.748455E-07 -3.999998 4.300001 0.0442146 -3.999998 4.300945 1.131642E-08 0.2588895 4.358911 4 0.4000017 -1.907349E-06 4 -0.3000002 -1.907349E-06 4 0.3999999 0 3.7 -0.3000002 3.659861 4 -0.3000002 -8.223845E-17 3.8 0.3999998 0 3.7 0.2999999 -1.884556E-06 0.04421473 0.3 3.700001 -1.748455E-07 -3.999998 3.700941 -1.491061E-08 -0.341115 -1.907349E-06 1.311342E-08 0.3 3.700001 4 -3.999998 3.700941 4 -0.3411151 4.400002 4 -3.999998 4.259863 1.311342E-08 0.3 -1.907349E-06 1.311342E-08 0.3 -1.907349E-06 -1.311342E-08 -0.3 3.659861 -1.311342E-08 -0.3 4.400002 3.984483 -3.999998 4.350001 3.515394 -3.978665 4.350001 3.515394 -3.999998 4.350001 3.584605 -3.999998 4.350001 3.515394 -3.999998 4.300001 3.5 -3.999998 4.350001 3.584605 -3.999998 4.300001 3.6 -3.999998 4.350001 3.584605 -3.978665 -1.430511E-06 3.6 0.2999998 -1.430511E-06 3.584606 0.3499998 -1.430511E-06 3.515394 0.3499998 -1.430511E-06 3.5 0.2999998 -1.430511E-06 3.584606 0.3499998 -1.430511E-06 3.515394 0.3499998 0.03422451 3.515394 0.3499998 0.03422451 3.584606 0.3499998 4.349999 3.584801 0.331057 4.331653 3.515199 0.3493643 4.331653 3.584801 0.3493643 4.349999 3.584801 0.331057 4.331653 3.584801 0.3493643 4.331653 3.515199 0.3493643 4.349999 3.515199 0.331057 4.349999 3.515199 0.331057 4.331653 3.515199 0.3493643 4.281652 3.5 0.2998383 4.349999 3.584801 0.331057 4.300001 3.6 0.2815327 4.358911 3.984483 0.4000016 4.358911 3.8 0.3999999 4.400001 4 0.3588973 4.358911 4 0.4000017 3.659861 0.04421467 -0.3 3.659862 3.7 -0.3000002 3.659861 3.976724 -0.3000002 3.700941 3.976724 -0.3411151 3.700942 3.7 -0.3411151 3.659862 3.7 -0.3000002 3.659861 4 -0.3000002 3.700941 4 -0.3411151 4.300945 0.04421479 0.258891 4.300945 1.131642E-08 0.2588895 3.659861 0.04421467 -0.3 3.700941 0.04421468 -0.341115 3.700941 -1.491061E-08 -0.341115 3.659861 -1.311342E-08 -0.3 4.300943 3.7 0.2588908 4.259861 3.7 0.2999999 4.300943 3.7 0.2588908 4.400001 3.8 0.3588954 4.358911 3.8 0.3999999 3.659861 4 -0.3000002 4.358911 4 0.4000017 4.400002 4 -3.999998 4.300943 3.7 0.2588908 4.300001 3.7 -4 0 3.7 0.2999999 4.259861 3.7 0.2999999  
			<Colors>: 0  
			<TextureCoords0>: 163 0.7543945 0.8984375 0.4267578 0.8984375 0.4267578 0.8491211 0.7299805 0.8984375 0.7299805 0.8491211 0.7543945 0.8408203 0.7382813 0.8408203 0.7524414 0.8984375 0.753418 0.8408203 0.4301758 0.8491211 0.4301758 0.8984375 0.4267578 0.8491211 0.7543945 0.8984375 0.4001465 0.9992676 0.7299805 0.8984375 0.7299805 0.8491211 0.3994141 0.7998047 0.7382813 0.8408203 0.7524414 0.8984375 0.3989721 0.8009791 0.3994141 0.8012695 0.4301758 0.8491211 0.4001465 0.9970649 0.2004395 0.824707 0 1 0.2004395 0.8237305 0.2004395 0.8205566 0.201502 0.8198242 0.201502 0.824707 0.201502 0.8205566 0.2015019 0.8237305 0 1 0 1 0 1 0 1 0.3979536 0.8198242 0.3979536 0.8205566 0.3979536 0.824707 0.3979536 0.8237305 0.2035384 0.824707 0.3965238 0.824707 0.3965238 0.8198242 0.2035384 0.8198242 0.3988201 0.8205566 0.2012791 0.8205566 0.2012791 0.8237429 0.3988201 0.8237305 0.398525 0.7998047 0.2010883 0.7998047 0.2010883 0.8105469 0.1973577 0.8105469 0.1973577 0.8012695 0.2010883 0.8012695 0 1 0.2342358 0.9992676 0.2342769 0.7641602 0.3634968 0.7998047 0.2342157 0.8009791 0.3634855 0.8009791 0.2011314 0.9995117 0 1 0.3634968 0.9970649 0.2342358 0.9970649 0.1973142 0.8178711 0.2011314 0.8178711 0.1973142 0.9975586 0.2011314 0.9975586 0.2342359 0.8149414 0.3634968 0.8149414 0 0.8178711 0 0.8105469 0.753418 0.8408203 0.7543945 0.8408203 0.4301758 0.8984375 0.2006836 0.7998047 0.2006836 0.8009791 0.4001465 0.8009791 0.4001465 0.7998047 0 1 0 1 0.4267578 0.8984375 0.2006836 0.8149414 0.2006836 0.9970649 0 0.9995117 0 0.9975586 0.1973141 0.9995117 0.2025486 0.7998047 0.4003906 0.7641602 0.4003906 0.7998047 0.4001465 0.8149414 0.2342359 0.7998047 0.3994141 0.8105469 0.3994141 0.8178711 0.3994141 0.9975586 0.2006836 0.9992676 0.3634968 0.9992676 0.3994141 0.9995117 0.2006836 0.7641602 0.363696 0.7641602 0.2006836 0.7998047 0 1 0 1 0 1 0 1 0 0.8012695 0.2015019 0.8237305 0.2004395 0.8237305 0 1 0 1 0 1 0.2004395 0.8205566 0.2004395 0.8198242 0.201502 0.8205566 0.3996582 0.8198242 0.3996582 0.8205566 0.3996582 0.8237305 0.3996582 0.824707 0.3996582 0.8205566 0.3996582 0.8237305 0.3979536 0.8237305 0.3979536 0.8205566 0.3988202 0.8205566 0.2012791 0.8237305 0.2012791 0.8205566 0.3988202 0.8205566 0.3996582 0.8205566 0.3996582 0.8237305 0.3988201 0.8237305 0.3988202 0.8237305 0.3996485 0.8240583 0.3973522 0.8250349 0.2004296 0.8203093 0.2026888 0.8195769 0.2010883 0.8012695 0.2010883 0.8105469 0.1973577 0.7998047 0.2010883 0.7998047 0.3653258 0.9970649 0.3653259 0.8149414 0.2342157 0.8009791 0.2323545 0.8009791 0.2323737 0.8149414 0.2342359 0.8149414 0.2342359 0.7998047 0.2323736 0.7998047 0.1973142 0.9975586 0.1973141 0.9995117 0.2342358 0.9970649 0.2323736 0.9970649 0.2323736 0.9992676 0.2342358 0.9992676 0.1973142 0.8178711 0.2011314 0.8178711 0.1973142 0.8178711 0.1973577 0.8105469 0.2010883 0.8105469 0.3653694 0.7620653 0.4002008 0.7977093 0 0.7998047 0.1973142 0.8178711 0 0.8178711 0.3994141 0.8178711 0.2011314 0.8178711  
			<TextureCoords1>: 163 0.7129192 0.9787394 0.4387386 0.9787394 0.4387387 0.9376123 0.6923556 0.9787394 0.6923557 0.9376123 0.7129192 0.9307578 0.6992102 0.9307578 0.7113237 0.9787394 0.7118555 0.9307578 0.4417694 0.9376123 0.4417694 0.9787394 0.7129191 0.8857244 0.4387386 0.9268515 0.3105778 0.2672088 0.4593022 0.9268515 0.4593022 0.8857244 0.003906462 0.01476818 0.4524477 0.8788699 0.4403341 0.9268515 0.5831625 0.2656131 0.00390625 0.01583177 0.7098884 0.8857245 0.3136085 0.2672088 0.4323538 0.9960938 0.7344407 0.9708002 0.4348324 0.9935023 0.7356114 0.9826538 0.007441588 0.7833935 0.4312971 0.995083 0.7341492 0.9826538 0.4337757 0.9924916 0.72368 0.9708002 0.7168254 0.9708002 0.7226247 0.9673729 0.7178807 0.9673729 0.4306568 0.7827826 0.4331354 0.7801912 0.008080304 0.9944723 0.005601832 0.9918805 0.218497 0.7932476 0.2202736 0.7932454 0.2184839 0.581555 0.2202605 0.5815573 0.2184614 0.57662 0.220238 0.576622 0.2185195 0.7883124 0.4387388 0.9874166 0.6093587 0.2711152 0.3026883 0.01476818 0.3026885 0.02847719 0.007890322 0.3094077 0.007890138 0.2967623 0.3026884 0.01583177 0.869764 0.3219152 0.3105776 0.01634282 0.5641944 0.3218484 0.6160824 0.02326488 0.5831624 0.01634264 0.6176779 0.02326488 0.2958991 0.2917877 0.9108913 0.2807878 0.8872319 0.02326459 0.3136083 0.01634282 0.01474531 0.3190557 0.2958991 0.03817093 0.01471005 0.5696419 0.2958993 0.2887571 0.5641943 0.01634264 0.6366459 0.02326483 0.3066714 0.3190968 0.3066714 0.3094031 0.4398023 0.87887 0.4387387 0.8788699 0.7098885 0.9268515 0.6160824 0.2740635 0.6176779 0.2740635 0.5831625 0.2672085 0.584758 0.2672086 0.9108266 0.5727137 0.8696995 0.5727137 0.7129191 0.9268515 0.636646 0.2740636 0.8872321 0.2740633 0.3066355 0.5727137 0.3066362 0.569683 0.01470953 0.5726726 0.6121761 0.2739316 0.5641944 0.5727137 0.6121759 0.5727137 0.5641944 0.2672084 0.5847578 0.01634264 0.003906251 0.02847719 0.003906347 0.03817093 0.003906435 0.2887571 0.8902628 0.2740633 0.8902626 0.02326459 0.003906471 0.2917878 0.3105776 0.3190966 0.5613762 0.3190323 0.3105776 0.271115 0.9080754 0.2779698 0.6160824 0.2779699 0.6160824 0.3190969 0.8669481 0.3190969 0.3066711 0.2967577 0.734149 0.9873979 0.7356114 0.9873978 0.7333855 0.9673729 0.7286414 0.9673729 0.7275862 0.9708002 0.00390625 0.7818124 0.006384733 0.7844042 0.004963105 0.7808017 0.4323522 0.7844042 0.4348308 0.7818127 0.00390625 0.993502 0.006384722 0.9960938 0.4387387 0.9913445 0.4387386 0.9960886 0.4410847 0.9960886 0.4410847 0.9913445 0.4387386 0.9826456 0.7356525 0.9960938 0.7356523 0.9913229 0.7374289 0.9913228 0.7356523 0.9913229 0.7356525 0.9960938 0.7374291 0.9960937 0.2202961 0.7883104 0.2185195 0.7883124 0.218497 0.7932476 0.2184614 0.57662 0.2184839 0.581555 0.003906258 0.2967623 0.00390644 0.3094077 0.00789034 0.2956986 0.00390625 0.2956986 0.8872318 0.01928067 0.6366461 0.01928097 0.6176779 0.01928097 0.6176779 0.02326488 0.6366459 0.02326483 0.6366461 0.01928097 0.6160824 0.01928091 0.6160824 0.02326488 0.2998829 0.288757 0.2998829 0.2917878 0.8872318 0.01928067 0.8872319 0.02326459 0.8902626 0.02326459 0.8902625 0.01928067 0.2998828 0.03817087 0.7286607 0.9786901 0.7286607 0.9747064 0.7168254 0.9747555 0.716826 0.9787394 0.5641944 0.3218484 0.6121761 0.2739316 0.3066714 0.2956941 0.01474531 0.3190557 0.3066714 0.3190968 0.003906347 0.03817093 0.2958991 0.03817093  
			<Normals>: 163 0 0 -1 0 0 -1 0 0 -1 0 0 -1 0 0 -1 0 0 -1 0 0 -1 0 0 -1 0 0 -1 0 0 -1 0 0 -1 -1 0 0 -1 0 0 0 -0.7071068 -0.7071068 -1 0 0 -1 0 0 0 0.7071068 0.7071068 -1 0 0 -1 0 0 0 0 -1 0 0 1 -1 0 0 0 0 -1 0.2286488 -0.7427117 -0.629364 0.2286488 0.7427117 -0.629364 0.6467339 -0.4775656 -0.5946985 0.6467339 0.4775656 -0.5946985 0.2934124 0.955986 0 0.2934124 -0.955986 0 0.8041774 0.5943893 0 0.8041774 -0.5943893 0 -0.629364 -0.7427117 0.2286488 -0.629364 0.7427117 0.2286488 -0.5946985 -0.4775656 0.6467339 -0.5946985 0.4775656 0.6467339 0 0.9557989 0.2940215 3.05188E-05 0.5941096 0.8043842 0 -0.9557989 0.2940215 3.051936E-05 -0.5940898 0.8043988 0.06009135 -0.9696101 0.237161 0.2358804 -0.9698901 0.0606105 0.2358804 0.9698901 0.0606105 0.06009135 0.9696101 0.237161 0.7629161 0.5584077 0.3257912 0.3253077 0.5585074 0.7630494 0.3253077 -0.5585074 0.7630494 0.7629161 -0.5584077 0.3257912 0.7173067 0.6302642 0.2970491 0.2971669 0.6302551 0.7172658 0.3661706 -0.4086535 0.8360153 0.8358986 -0.408534 0.3665697 0.9239172 0 0.3825926 0.3827444 0 0.9238543 -0.5492213 -0.8041776 -0.2272756 -0.2275515 -0.8042433 -0.5490108 -0.2275226 0.804249 -0.5490146 -0.5492561 0.8041534 -0.2272773 -0.3828594 0 -0.9238067 -0.9240105 0 -0.3823671 0.2972283 -0.6302253 0.7172666 0.717355 -0.6302837 0.2968913 -0.9240105 0 -0.3823671 -0.3828594 0 -0.9238067 0.6041001 -0.7770838 0.176646 0.1776204 -0.7782643 0.6022919 0.9239952 0 0.3824039 0.3828334 0 0.9238175 -0.3828594 0 -0.9238067 -0.9240105 0 -0.3823671 0.7087985 -0.705411 -6.103755E-05 0.9243351 -0.3815816 -3.05192E-05 -1 0 0 -1 0 0 -1 0 0 -0.7071678 0.7070457 0.0001525976 -1 0 0.0002441555 0 0 -1 0 0.7071068 -0.7071068 0.707061 -0.7071525 -0.0001525943 -0.7071678 -0.7070457 0.0001525976 -1 0 0 -1 0 0.0002441481 -1 0 0.0002441555 0.707061 -0.7071525 -0.0001525943 1 0 -0.0002136361 0.717355 -0.6302837 0.2968913 0.2971669 0.6302551 0.7172658 0 0.7071068 -0.7071068 0 0.7071068 0.7071068 0 0 -1 -0.2275226 0.804249 -0.5490146 0 -0.3826815 0.9238803 0 -0.7071068 0.7071068 0 0 1 -0.7071678 -0.7070457 0.0001525976 -0.5492213 -0.8041776 -0.2272756 0 -0.7071068 0.7071068 -0.7071678 0.7070457 0.0001525976 -0.5492561 0.8041534 -0.2272773 0.707122 0.7070915 0 0.2972283 -0.6302253 0.7172666 0 -0.7071068 0.7071068 0 -0.7071068 -0.7071068 -0.2275515 -0.8042433 -0.5490108 1 0 0 0.8041774 -0.5943893 0 0.6467339 -0.4775656 -0.5946985 0.6467339 0.4775656 -0.5946985 0.6467339 -0.4775656 -0.5946985 0.2286488 -0.7427117 -0.629364 0.6467339 0.4775656 -0.5946985 0.2286488 0.7427117 -0.629364 0.8041774 0.5943893 0 -0.629364 0.7427117 0.2286488 -0.5946985 0.4775656 0.6467339 -0.5946985 -0.4775656 0.6467339 -0.629364 -0.7427117 0.2286488 -0.5946985 0.4775656 0.6467339 -0.5946985 -0.4775656 0.6467339 3.051936E-05 -0.5940898 0.8043988 3.05188E-05 0.5941096 0.8043842 0.7629161 0.5584077 0.3257912 0.3253077 -0.5585074 0.7630494 0.3253077 0.5585074 0.7630494 0.7629161 0.5584077 0.3257912 0.3253077 0.5585074 0.7630494 0.3253077 -0.5585074 0.7630494 0.7629161 -0.5584077 0.3257912 0.7629161 -0.5584077 0.3257912 0.3253077 -0.5585074 0.7630494 0.06009135 -0.9696101 0.237161 0.7629161 0.5584077 0.3257912 0.2358804 0.9698901 0.0606105 0.3827444 0 0.9238543 0.3661706 -0.4086535 0.8360153 0.7173067 0.6302642 0.2970491 0.2971669 0.6302551 0.7172658 -0.3828594 0 -0.9238067 -0.3828594 0 -0.9238067 -0.3828594 0 -0.9238067 -0.9240105 0 -0.3823671 -0.9240105 0 -0.3823671 -0.3828594 0 -0.9238067 -0.2275226 0.804249 -0.5490146 -0.5492561 0.8041534 -0.2272773 0.9239952 0 0.3824039 0.717355 -0.6302837 0.2968913 -0.3828594 0 -0.9238067 -0.9240105 0 -0.3823671 -0.5492213 -0.8041776 -0.2272756 -0.2275515 -0.8042433 -0.5490108 0.9239952 0 0.3824039 0.1776204 -0.7782643 0.6022919 0.6041001 -0.7770838 0.176646 0.8358986 -0.408534 0.3665697 0.3661706 -0.4086535 0.8360153 -0.2275226 0.804249 -0.5490146 0.2971669 0.6302551 0.7172658 0.707122 0.7070915 0 0.9239952 0 0.3824039 1 0 -0.0002136361 0 0 1 0.3828334 0 0.9238175  
			<Tangents>: 163 0 1 0 0 1 0 0 1 0 0 1 0 -0.000230189 1 0 0 1 0 2.584724E-06 1 0 -0.0008753747 0.9999996 0 -0.002764603 0.9999962 0 0 1 0 0 1 0 0 1 0 0 1 0 -1 0 0 0 1 -5.222428E-08 0 0.9999999 -0.0003116666 -1 1.983146E-07 -1.983147E-07 0 0.9999973 -0.002348633 0 0.9999999 -0.0004198035 -1 3.310351E-09 0 -1 0 0 0 1 -4.113576E-08 -1 -1.374324E-08 0 0.1851773 -0.601505 0.7771107 0.973509 -0.1744412 0.1478192 0.4784033 -0.3532657 0.8039488 0.4784033 0.3532657 0.8039488 -1.56128E-08 4.791892E-09 1 -1.295872E-05 -3.9773E-06 1 -2.17491E-05 2.942539E-05 1 -2.17228E-05 -2.93898E-05 1 0.1478192 0.1744412 0.973509 0.1478192 -0.1744412 0.973509 -0.3232515 0.8785961 0.3515357 0.3232515 0.8785961 -0.3515357 -1 -4.483637E-05 0.0001457531 -1 -8.111134E-05 9.784854E-05 -1 1.059248E-05 3.443381E-05 -1 -2.613928E-07 3.774753E-05 -0.9981929 -0.05837078 0.01427665 -0.01437062 0.05888225 0.9981615 -0.01433397 -0.05889117 0.9981615 -0.9981929 0.05835025 0.01436059 -0.2629175 -0.1923911 0.9454417 -0.9456071 0.1933467 0.2616184 -0.9456082 -0.1921379 0.2625036 -0.2629175 0.1923911 0.9454417 -0.2230614 -0.1961679 0.9548622 -0.9548256 0.1961523 0.2232319 -0.9305477 -0.1608053 0.328972 -0.3311733 0.1572028 0.9303824 -0.3825926 5.81029E-08 0.9239171 -0.9238542 0 0.3827444 -0.1281789 -0.1876814 0.9738305 -0.973766 0.1879371 0.1282939 -0.9737728 -0.1879133 0.1282776 -0.1280083 0.1878002 0.97383 -0.9238066 8.790923E-08 0.3828594 -0.3823671 1.472407E-07 0.9240105 -0.9547656 -0.1892241 0.229384 -0.2230327 0.1959614 0.9549112 -0.3823671 1.162373E-07 0.9240105 -0.9238066 -3.012911E-08 0.3828594 -0.1082766 0.1395709 0.9842744 -0.9840478 -0.1342131 0.1167768 -0.3824039 6.044908E-08 0.9239953 -0.9238174 -1.797573E-10 0.3828334 -0.9238066 -8.090132E-09 0.3828594 -0.3823671 1.572891E-07 0.9240105 0.0001491035 6.329188E-05 1 2.82206E-05 -1.161981E-05 1 0 1 1.514286E-07 0 1 0 0 1 -4.030103E-08 0.0002363883 2.060488E-05 1 0.0002441555 6.516157E-08 0.9999999 -1 0 0 -1 0 0 0.0001078935 -0.0001079075 1 0.0001079121 0.0001078935 1 0 1 0 0.0002441481 1.062895E-07 0.9999999 0.0002441555 7.141935E-08 0.9999999 0.0002187173 2.902045E-06 1 0.0002136361 5.585912E-08 1 -0.2229316 0.1960765 0.9549113 -0.9548256 0.1961521 0.223232 -1 -1.967351E-07 -1.967351E-07 -1 2.153687E-07 -2.153687E-07 -1 0 0 -0.9737728 -0.1879132 0.1282776 -1 -1.373491E-09 -5.689152E-10 -1 0 0 -1 -1.118382E-12 0 0.0002363204 -2.053695E-05 1 -0.127999 -0.1878043 0.9738305 -1 0 0 0.0001187913 -9.701239E-05 1 -0.1280105 0.1877987 0.97383 -8.204317E-08 8.204671E-08 1 0.9548064 0.1961872 -0.2232828 1 0 0 1 0 0 0.9737661 -0.1879371 -0.1282939 0 4.977011E-08 1 2.099435E-05 2.840426E-05 1 0.4784033 -0.3532657 0.8039488 -0.3515357 0.8785961 0.3232515 0.3515357 0.8785961 -0.3232515 0.973509 0.1744412 0.1478192 0.4784033 0.3532657 0.8039488 0.1851773 0.601505 0.7771107 -1.982033E-07 2.681587E-07 1 -0.7771107 -0.601505 -0.1851773 -0.8039488 -0.3532657 -0.4784033 -0.8039488 0.3532657 -0.4784033 -0.7771107 0.601505 -0.1851773 -0.8039488 -0.3532657 -0.4784033 -0.8039488 0.3532657 -0.4784033 -1 8.106321E-05 9.780992E-05 -1 -2.33959E-05 5.522053E-05 -0.2628722 -0.192453 0.9454417 -0.9456082 -0.1920936 0.262536 -0.9456082 0.1920316 0.2625814 -0.4958376 0.1820271 0.8491238 -0.8497954 -0.1812652 0.4949653 -0.8497929 0.1812702 0.4949678 -0.4958336 -0.1820194 0.8491278 -0.2620163 0.1936218 0.9454407 -0.343982 0.6817631 0.6456589 -0.04992628 0.2343734 0.9708638 -0.6458257 0.6812465 0.3446916 -0.9711716 0.2330629 0.05007308 -0.9238543 3.342997E-07 0.3827444 -0.8786458 0.1440135 0.4552379 -0.2291372 -0.1892344 0.9548228 -0.8329284 -0.1961572 0.5174482 -0.9238067 1.766296E-08 0.3828593 -0.9238067 1.787543E-10 0.3828593 -0.9238067 0 0.3828593 -0.3823671 0 0.9240105 -0.3823671 0 0.9240105 -0.9238067 0 0.3828593 -0.7790205 0.1879482 0.598166 -0.5975436 -0.1878188 0.7795292 -0.382404 4.37153E-10 0.9239953 -0.5171021 -0.1960825 0.8331609 -0.9238067 -2.872626E-08 0.3828593 -0.3823671 -6.937447E-08 0.9240105 -0.5975615 0.1878041 0.779519 -0.7790175 -0.1879267 0.5981767 -0.382404 0 0.9239953 -0.7970885 0.2451607 0.551857 -0.5500853 -0.2462365 0.797981 -0.4554876 -0.143639 0.8785778 -0.8786458 0.1440136 0.455238 -0.1493998 0.5282961 0.8358127 -0.3058554 -0.6487855 0.6967997 -6.393658E-08 6.393933E-08 1 -0.3824039 6.059179E-08 0.9239953 0.0002136361 5.593211E-08 1 -1 0 0 -0.9238174 0 0.3828334  
			<BiTangents>: 163 1 0 0 1 0 0 1 0 0 1 0 0 1 0.000230189 0 1 0 0 1 -2.584724E-06 0 0.9999996 0.0008753747 0 0.9999962 0.002764603 0 1 0 0 1 0 0 0 0 1 0 0 1 0 0.7071068 -0.7071068 0 5.222428E-08 1 0 0.0003116666 0.9999999 2.804593E-07 0.7071068 -0.7071068 0 0.002348633 0.9999973 0 0.0004198035 0.9999999 3.310351E-09 1 0 0 1 0 0 4.113576E-08 1 -1.374324E-08 1 0 0.9557348 0.2942294 3.877952E-09 2.828094E-10 0.6464902 0.7629223 0.5940249 0.8044467 5.696688E-10 -0.5940249 0.8044467 -5.696688E-10 -0.955986 0.2934124 -1.633162E-08 0.955986 0.2934124 1.355534E-05 -0.5943893 0.8041774 -3.659067E-05 0.5943893 0.8041774 3.654641E-05 0.7629223 -0.6464902 2.828094E-10 0.7629223 0.6464902 2.828094E-10 0.7360992 -1.186196E-08 0.6768736 0.7360992 1.186196E-08 0.6768736 -0.0001524935 0.2940215 -0.9557987 -0.0001233774 0.8043841 -0.5941095 3.602621E-05 0.2940215 0.9557987 2.221516E-05 0.8043988 0.5940898 -4.814693E-07 0.2375903 0.9713655 0.9716758 0.2363178 4.875338E-05 -0.9716763 0.2363156 -1.11047E-05 -8.577031E-05 0.2375953 -0.9713643 -0.5906212 0.8069489 -3.690004E-05 0.001417218 0.8066515 -0.5910258 -4.839274E-07 0.8069403 0.5906332 0.5906212 0.8069489 3.687731E-05 -0.660087 0.7511892 0.0001249236 2.871331E-07 0.7512009 -0.6600737 -1.103559E-07 0.898412 0.4391537 0.4377187 0.8991036 0.003889933 2.222974E-08 1 -5.368227E-08 0 1 0 0.8257882 -0.5639804 -1.207644E-09 -2.404353E-08 0.5638016 -0.8259103 3.444379E-09 -0.5638016 -0.8259103 0.8257915 0.5639755 -0.0002121062 8.121113E-08 1 -3.365687E-08 5.629999E-08 1 -1.360519E-07 0.0088395 0.7530009 0.6579602 0.6600441 0.7512268 1.203524E-08 4.444531E-08 1 -1.074045E-07 -2.783347E-08 1 1.153521E-08 0.7895184 0.6137269 -0.0001748048 0.01004775 0.613426 0.7896883 2.311596E-08 1 -5.585466E-08 -1.66063E-10 1 6.88171E-11 -7.473718E-09 1 3.097383E-09 6.014218E-08 1 -1.453368E-07 0.705411 0.7087985 -0.0001500404 0.3815816 0.9243352 -2.78602E-08 0 -1.514286E-07 1 0 0 1 0 4.030103E-08 1 0.7070457 0.7071679 -0.0001817084 -1.590956E-11 1 -6.516157E-08 0 1 0 0 0.7071068 0.7071068 0.7071525 0.707061 -4.151679E-13 -0.7070457 0.7071678 -8.377743E-13 0 0 1 -2.595038E-11 1 -1.062895E-07 -1.743743E-11 1 -7.141935E-08 0.7071525 0.7070611 -0.0001567184 -1.193352E-11 1 -5.585912E-08 0.6600783 0.7511967 -0.0001462882 6.496066E-08 0.7512009 -0.6600736 2.782254E-07 -0.7071068 -0.7071068 3.045773E-07 0.7071068 -0.7071068 0 1 0 4.887026E-08 0.5638016 0.8259103 -1.486655E-09 0.9238803 0.3826815 0 0.7071068 0.7071068 -1.118382E-12 1 0 -0.7070457 0.7071679 0.0001816124 -0.8258161 0.5639395 0.0002121597 0 0.7071068 0.7071068 -0.7070457 -0.7071678 1.538686E-05 -0.8257912 -0.563976 0.000209486 -0.7070915 0.707122 -1.160291E-07 -8.562712E-09 0.7512168 0.6600556 0 0.7071068 0.7071068 0 0.7071068 -0.7071068 3.878473E-09 -0.5638016 0.8259103 0 1 -4.977011E-08 0.5943893 0.8041774 -3.532088E-05 0.5940249 0.8044467 5.696688E-10 0.6768736 1.186196E-08 0.7360992 0.6768736 -1.186196E-08 0.7360992 2.828094E-10 -0.6464902 0.7629223 -0.5940249 0.8044467 -5.696688E-10 -0.9557348 0.2942294 -3.877952E-09 -0.5943893 0.8041774 -3.334571E-07 -3.877952E-09 0.2942294 -0.9557348 -5.696688E-10 0.8044467 -0.5940249 5.696688E-10 0.8044467 0.5940249 3.877952E-09 0.2942294 0.9557348 -5.696688E-10 0.8044467 -0.5940249 5.696688E-10 0.8044467 0.5940249 0.000123315 0.8043988 0.5940898 -5.162634E-05 0.8043842 -0.5941096 -0.5906414 0.8069342 3.559162E-05 5.137884E-05 0.8069507 0.5906187 -0.0001240408 0.8069655 -0.5905986 -0.4148544 0.8093497 -0.415751 -0.4147561 0.8094519 -0.4156501 0.4147612 0.8094507 0.415647 0.4148592 0.8093515 0.4157428 0.5910216 0.8066545 -0.00140526 0.8808243 0.4725131 -0.02966631 0.9969435 0.07018108 0.03432521 0.0294657 0.4733751 -0.8803679 -0.03443933 0.07067446 -0.9969047 3.088442E-07 1 -1.279514E-07 0.3064321 0.9012561 0.3063281 -0.6580026 0.7529657 -0.008677877 -0.4668212 0.7511996 -0.466666 1.631715E-08 1 -6.762428E-09 1.651344E-10 1 -6.843774E-11 0 1 0 0 1 0 0 1 0 0 1 0 0.5842608 0.56379 0.583764 0.5841741 0.5639693 0.5836774 1.67169E-10 1 -4.039273E-10 0.4669125 0.7511953 0.4665817 -2.653751E-08 1 1.099812E-08 -2.652651E-08 1 6.410274E-08 -0.5841885 0.5639396 -0.5836917 -0.5842534 0.5638051 -0.5837567 0 1 0 0.577149 0.5781011 0.5768 0.5766014 0.5792308 0.5762139 0.3062752 0.9013699 0.3061498 0.3064321 0.9012561 0.3063281 -0.9622439 -0.272189 4.468359E-05 -0.9045133 0.4264455 3.065387E-05 -0.7070915 0.707122 -9.042192E-08 2.317054E-08 1 -5.598653E-08 -1.194912E-11 1 -5.593211E-08 0 1 0 0 1 0  
			<SubMeshes>: 1
				<SubMesh>: 0 360 4 9 10 4 10 3 4 3 7 7 8 4 8 6 4 52 48 16 52 16 20 69 70 50 69 50 63 9 2 1 9 1 10 0 5 8 0 8 7 12 18 71 12 71 72 18 14 15 15 17 18 17 71 18 54 13 22 54 22 62 14 73 21 14 21 15 58 56 74 58 74 75 76 77 19 78 60 53 78 53 79 73 80 11 73 11 21 81 68 58 81 58 75 61 68 81 61 81 82 83 84 65 83 65 85 159 65 84 159 84 160 86 55 87 86 87 88 22 89 67 22 67 62 19 77 90 19 90 57 64 49 91 64 91 92 89 76 19 19 67 89 19 57 67 161 93 66 161 66 162 94 95 61 94 61 82 59 66 93 59 93 96 97 98 47 97 47 99 49 52 20 49 20 91 100 101 102 100 102 103 70 104 51 70 51 50 30 28 23 30 23 25 29 105 106 29 106 26 107 108 109 107 109 24 110 111 27 110 27 112 32 31 33 32 33 34 36 35 113 36 113 114 115 116 37 115 37 38 117 118 119 117 119 120 38 37 39 38 39 45 44 42 35 44 35 36 112 27 41 112 41 43 121 46 105 121 105 29 120 119 122 120 122 123 124 125 126 124 126 127 128 129 130 128 130 40 44 131 132 44 132 42 128 40 28 128 28 30 51 133 134 51 134 50 135 136 133 135 133 51 61 137 138 61 138 68 139 140 141 139 141 142 143 144 140 143 140 139 145 66 59 145 59 146 147 148 149 147 149 150 103 53 60 103 60 100 151 162 66 151 66 145 152 153 154 152 154 155 98 156 157 98 157 47 104 158 135 104 135 51  
		</Mesh>
		<Materials>: 1
			<Material>: 0
				<AlbedoColor>: 1 1 1 1
				<EmissiveColor>: 0 0 0 0
				<Glossiness>: 0.04
				<Metallic>: 0
				<SpecularHighlight>: 1
				<GlossyReflection>: 1
				<AlbedoMap>: BLD_Villa2_A
				<MetallicMap>: BLD_Villa2_MS
				<NormalMap>: BLD_Villa2_N
				<EmissionMap>: null
				<DetailAlbedoMap>: DET_Concrete1_A
				<DetailNormalMap>: DET_Concrete1_N
		</Materials>
		<Children>: 2
			<Frame>: 1 0 Villa2_Base_Cor_B_bb
				<Transform>: 3.86 2 -1.799999 0 0 0 1 1 1 0 0 0 1  
				<TransformMatrix>: 1 0 0 0 0 1 0 0 0 0 1 0 3.86 2 -1.799999 1  
				<BoxCollider>: 1 0.1681207 0.02318937 -0.01739168 0.7333257 3.968195 4.350814  
				<Children>: 0
			</Frame>
			<Frame>: 2 0 Villa2_Base_Cor_B_bb1
				<Transform>: 2.25 2 0.21 0 90 0 1 1 1 0 0.7071068 0 0.7071068  
				<TransformMatrix>: -1.192093E-07 0 -1 0 0 1 0 0 1 0 -1.192093E-07 0 2.25 2 0.21 1  
				<BoxCollider>: 1 0.1681207 0.02318937 -0.01739168 0.7333257 3.968195 4.350814  
				<Children>: 0
			</Frame>
	</Frame>
</Hierarchy>
