<Hierarchy>:
	<Frame>: 0 5 Villa2_Deco_RoofPiece_A
		<Transform>: 0 0 0 0 0 0 1 1 1 0 0 0 1  
		<TransformMatrix>: 1 0 0 0 0 1 0 0 0 0 1 0 0 0 0 1  
		<BoxCollider>: 1 0.005308628 0.4485559 -2.980232E-08 8.44313 1.497112 0.5775787  
		<Mesh>: 420 Villa2_Deco_RoofPiece_A
			<Bounds>: 0.005308628 0.4485559 -2.980232E-08 4.221565 0.7485559 0.2887893
			<Positions>: 420 0.1603347 1.116729 0.2887893 0.1603347 1.116729 -0.2887894 -0.1724578 1.116729 0.2887893 -0.1724578 1.116729 -0.2887894 0.1213038 1.154334 -0.2887894 -0.1334269 1.154334 -0.2887894 -0.006061554 1.197112 -0.2887894 -0.1334269 1.154334 0.2887893 0.1213038 1.154334 0.2887893 -0.006061554 1.197112 0.2887893 0.1431529 1.098896 0.2887893 0.1431529 1.098896 -0.2887894 -0.155276 1.098896 0.2887893 -0.155276 1.098896 -0.2887894 0.1084571 1.133163 -0.2887894 -0.1205802 1.133163 -0.2887894 -0.006061554 1.172347 -0.2887894 -0.1205802 1.133163 0.2887893 0.1084571 1.133163 0.2887893 -0.006061554 1.172347 0.2887893 0.1084571 1.123406 -0.004925797 -0.006061554 1.187355 -0.004925818 -0.1334269 1.144578 -0.004925816 -0.1724578 1.106973 -0.004925796 -0.1205802 1.123406 -0.004925815 -0.006061554 1.162591 -0.004925817 0.1603347 1.106973 -0.004925814 -0.155276 1.08914 -0.004925795 0.1213038 1.144578 -0.004925798 0.1431529 1.08914 -0.004925814 1 -0.2999992 0.11 1 0.9000008 0.11 -1 -0.2999992 0.11 -1 0.9000008 0.11 0 1.100001 0.2199999 0 -0.2999992 0.22 0.9854854 -0.2999992 0.22 1 -0.2999992 0.2054854 1 0.9000008 0.2054853 0.9854854 0.9029037 0.2199999 -1 -0.2999992 0.2054854 -0.9854854 -0.2999992 0.22 -0.9854854 0.9029037 0.2199999 -1 0.9000008 0.2054853 1 0.3147011 0.11 -1 0.3147011 0.11 0 0.3147011 0.2199999 0.9854854 0.3147011 0.2199999 1 0.3147011 0.2054853 -0.9854854 0.3147011 0.2199999 -1 0.3147011 0.2054853 3.885716 0.56 -0.1825953 -3.885716 0.56 0.1825951 1.6 0.4600001 0.2399999 1.6 0.4600001 -0.24 -1.6 0.4600001 -0.24 -1.6 0.4600001 0.2399999 0 1.06 -0.2400001 0 1.06 0.2399999 1.712623 0.7917427 0.2399999 1.712623 0.7917427 -0.2400001 -1.732623 0.7846133 -0.2400001 -1.732623 0.7846133 0.2399999 3.847449 0.4676144 0.2399999 4.226874 0.4991571 0.24 4.226874 0.4991571 -0.24 3.847449 0.4676144 -0.24 -4.216257 0.4601776 0.24 -3.847449 0.4676144 0.2399999 -3.847449 0.4676144 -0.24 -4.216257 0.4601776 -0.24 0 0.5000001 -0.2 0 -0.3 -0.2 0 0.5000001 0.2 0 -0.3 0.2 1.6 -0.3 -0.2 1.6 0.5000001 0.2 1.6 0.5000001 -0.2 1.6 -0.3 0.2 -1.6 0.5000001 -0.2 -1.6 -0.3 0.2 -1.6 -0.3 -0.2 -1.6 0.5000001 0.2 0 0.6999999 -0.2 0 0.6999999 0.1999999 1.6 0.6999999 0.1999999 1.6 0.6999999 -0.2 -1.6 0.6999999 -0.2 -1.6 0.6999999 0.1999999 0 1.1 -0.2000001 0 1.1 0.1999999 1.7 0.7999998 0.1999999 1.7 0.7999998 -0.2 -1.7 0.7999998 -0.2 -1.7 0.7999998 0.1999999 1 -0.2999993 -0.1202553 1 0.9000008 -0.1202554 -1 -0.2999993 -0.1202553 -1 0.9000008 -0.1202554 0 1.100001 -0.2302553 0 -0.2999993 -0.2302552 0.9854854 -0.2999993 -0.2302552 1 -0.2999993 -0.2157407 1 0.9000008 -0.2157407 0.9854854 0.9029037 -0.2302553 -1 -0.2999993 -0.2157407 -0.9854854 -0.2999993 -0.2302552 -0.9854854 0.9029037 -0.2302553 -1 0.9000008 -0.2157407 1 0.3147011 -0.1202554 -1 0.3147011 -0.1202554 0 0.3147011 -0.2302553 0.9854854 0.3147011 -0.2302553 1 0.3147011 -0.2157407 -0.9854854 0.3147011 -0.2302553 -1 0.3147011 -0.2157407 1.681094 0.8684806 -0.1903646 2.048924E-10 1.16 -0.1903646 -1.701125 0.8586576 0.1903645 -2.048925E-10 1.16 0.1903644 1.681094 0.8684806 0.1903644 -1.701125 0.8586576 -0.1903646 0 1.145736 -0.2400001 5.799618E-11 1.16 -0.2259504 -2.910383E-11 1.155822 -0.235885 0 1.145736 0.2399999 -5.799619E-11 1.16 0.2259503 2.910383E-11 1.155822 0.2358849 1.727558 0.8461595 0.2399999 1.716157 0.8624004 0.2259503 1.72523 0.8566492 0.235885 1.716157 0.8624004 -0.2259504 1.727558 0.8461595 -0.2400001 1.72523 0.8566492 -0.2358851 -1.747559 0.8361683 -0.2400001 -1.736166 0.8524505 -0.2259504 -1.745233 0.8466665 -0.235885 -1.736166 0.8524505 0.2259503 -1.747559 0.8361683 0.2399999 -1.745233 0.8466665 0.2358849 1.657405 0.5600001 -0.1825953 1.657405 0.5600001 0.1825951 -1.657405 0.5600001 -0.1825953 -1.657405 0.5600001 0.1825951 4.156104 0.5915505 0.1825952 3.885716 0.56 0.1825951 4.156104 0.5915505 -0.1825952 -4.142777 0.5590796 -0.1825953 -3.885716 0.56 -0.1825953 -4.142777 0.5590796 0.1825952 1.6 0.5505245 0.2399999 1.609223 0.5600001 0.2307765 1.602702 0.5572248 0.2372984 1.609223 0.5600001 -0.2307766 1.6 0.5505245 -0.2400001 1.602702 0.5572248 -0.2372985 3.885716 0.56 0.2307765 3.881791 0.5505245 0.2399999 3.884567 0.5572246 0.2372985 4.214354 0.58933 0.24 4.20396 0.5971347 0.2307766 4.2108 0.5952916 0.2372986 4.20396 0.5971347 -0.2307766 4.214354 0.58933 -0.24 4.2108 0.5952916 -0.2372987 3.881791 0.5505245 -0.24 3.885716 0.56 -0.2307766 3.884567 0.5572246 -0.2372986 -1.6 0.5408034 -0.2400001 -1.619358 0.5600001 -0.2206417 -1.60567 0.5543774 -0.23433 -1.619358 0.5600001 0.2206416 -1.6 0.5408034 0.2399999 -1.60567 0.5543774 0.2343299 -4.180824 0.5589434 0.2206416 -4.203315 0.5396377 0.24 -4.19543 0.5532602 0.2343304 -3.885716 0.56 -0.2206417 -3.877765 0.5408033 -0.2400001 -3.883387 0.5543774 -0.2343301 -4.203315 0.5396378 -0.24 -4.180824 0.5589435 -0.2206417 -4.19543 0.5532603 -0.2343304 -3.877765 0.5408033 0.2399999 -3.885716 0.56 0.2206416 -3.883387 0.5543774 0.23433 -4.073762 -0.3 -0.2 -4.1 -0.3 -0.1737625 -4.092315 -0.3 -0.1923152 -3.885716 0.5 -0.1737625 -3.848611 0.5 -0.2 -3.874848 0.5 -0.1923153 -4.1 0.2857162 -0.1737625 -4.073762 0.2748483 -0.2 -4.092315 0.2825331 -0.1923153 -4.1 -0.3 0.1745346 -4.074534 -0.3 0.2 -4.092541 -0.3 0.1925414 -4.1 0.2857162 0.1745346 -4.074534 0.2751682 0.2 -4.092541 0.2826268 0.1925413 -3.849703 0.5 0.2 -3.885716 0.5 0.1745346 -3.875168 0.5 0.1925413 4.084193 -0.3 0.2 4.1 -0.3 0.1841933 4.09537 -0.3 0.1953703 3.885716 0.5 0.1841933 3.863362 0.5 0.2 3.879169 0.5 0.1953703 4.1 0.2857162 0.1841933 4.084193 0.2791688 0.2 4.09537 0.2837985 0.1953703 4.1 -0.3 -0.1519785 4.051979 -0.3 -0.2 4.085935 -0.3 -0.1859348 4.1 0.2857162 -0.1519786 4.051979 0.2658252 -0.2 4.085935 0.2798904 -0.1859349 3.817804 0.5 -0.2 3.885716 0.5 -0.1519786 3.865825 0.5 -0.1859349 0.1603347 1.106973 -0.004925814 0.1431529 1.08914 -0.004925814 0.1603347 1.116729 -0.2887894 -0.1724578 1.106973 -0.004925796 -0.155276 1.08914 -0.004925795 -0.1724578 1.116729 0.2887893 0.1213038 1.154334 -0.2887894 -0.006061554 1.172347 -0.2887894 -0.006061554 1.197112 -0.2887894 -0.006061554 1.197112 0.2887893 -0.006061554 1.172347 0.2887893 0.1084571 1.133163 0.2887893 -0.1205802 1.133163 -0.2887894 -0.1334269 1.154334 0.2887893 -0.155276 1.098896 -0.2887894 0.1431529 1.098896 0.2887893 0.1603347 1.116729 -0.2887894 0.1431529 1.098896 -0.2887894 -0.1724578 1.116729 0.2887893 -0.155276 1.098896 0.2887893 0.1213038 1.154334 0.2887893 -0.1724578 1.116729 -0.2887894 -0.155276 1.098896 -0.2887894 0.1084571 1.133163 -0.2887894 -0.1334269 1.154334 -0.2887894 0.1603347 1.116729 0.2887893 -0.1205802 1.133163 0.2887893 0.1431529 1.098896 -0.2887894 -0.1724578 1.116729 -0.2887894 0.1603347 1.116729 0.2887893 0.1431529 1.098896 0.2887893 -0.155276 1.098896 0.2887893 -1 0.3147011 0.2054853 -1 -0.2999992 0.2054854 1 0.3147011 0.2054853 1 0.9000008 0.2054853 1 -0.2999992 0.2054854 -1 0.9000008 0.2054853 1.657405 0.5600001 0.1825951 3.885716 0.56 0.1825951 -1.657405 0.5600001 -0.1825953 -3.885716 0.56 -0.1825953 2.048924E-10 1.16 -0.1903646 -1.701125 0.8586576 -0.1903646 -2.048925E-10 1.16 0.1903644 1.681094 0.8684806 0.1903644 -1.732623 0.7846133 0.2399999 0 1.06 0.2399999 1.681094 0.8684806 -0.1903646 1.712623 0.7917427 -0.2400001 0 1.06 -0.2400001 -1.701125 0.8586576 0.1903645 4.156104 0.5915505 0.1825952 4.156104 0.5915505 -0.1825952 3.885716 0.56 -0.1825953 -4.142777 0.5590796 -0.1825953 -4.142777 0.5590796 0.1825952 -3.885716 0.56 0.1825951 1.6 0.4600001 -0.24 1.6 0.4600001 0.2399999 3.847449 0.4676144 0.2399999 4.226874 0.4991571 0.24 -4.216257 0.4601776 0.24 -3.847449 0.4676144 0.2399999 -1.6 0.4600001 0.2399999 -1.6 0.4600001 -0.24 -1.6 0.5000001 0.2 -1.6 0.6999999 -0.2 -1.6 0.5000001 -0.2 -1.7 0.7999998 -0.2 1.6 0.5000001 -0.2 1.6 0.5000001 0.2 1.6 0.6999999 0.1999999 -1.6 0.6999999 0.1999999 1.6 0.6999999 -0.2 1.7 0.7999998 0.1999999 -1.7 0.7999998 0.1999999 1.7 0.7999998 -0.2 -1 -0.2999993 -0.2157407 -1 0.3147011 -0.2157407 1 0.3147011 -0.2157407 1 0.9000008 -0.2157407 1 -0.2999993 -0.2157407 -1 0.9000008 -0.2157407 0 1.145736 -0.2400001 0 1.06 -0.2400001 -1.732623 0.7846133 -0.2400001 0 1.145736 0.2399999 0 1.06 0.2399999 1.712623 0.7917427 0.2399999 1.727558 0.8461595 0.2399999 1.712623 0.7917427 0.2399999 1.712623 0.7917427 -0.2400001 1.727558 0.8461595 -0.2400001 -1.747559 0.8361683 -0.2400001 -1.732623 0.7846133 -0.2400001 -1.732623 0.7846133 0.2399999 -1.747559 0.8361683 0.2399999 1.72523 0.8566492 -0.2358851 -2.910383E-11 1.155822 -0.235885 -1.745233 0.8466665 0.2358849 2.910383E-11 1.155822 0.2358849 2.910383E-11 1.155822 0.2358849 1.72523 0.8566492 0.235885 1.72523 0.8566492 -0.2358851 1.72523 0.8566492 0.235885 -2.910383E-11 1.155822 -0.235885 -1.745233 0.8466665 -0.235885 -1.745233 0.8466665 -0.235885 -1.745233 0.8466665 0.2358849 1.6 0.5505245 0.2399999 1.6 0.4600001 0.2399999 3.847449 0.4676144 0.2399999 3.881791 0.5505245 0.2399999 -1.6 0.5408034 -0.2400001 -1.6 0.4600001 -0.24 -3.847449 0.4676144 -0.24 4.214354 0.58933 0.24 4.226874 0.4991571 0.24 4.226874 0.4991571 -0.24 4.214354 0.58933 -0.24 4.226874 0.4991571 -0.24 3.847449 0.4676144 -0.24 -3.877765 0.5408033 -0.2400001 -3.847449 0.4676144 -0.24 -4.216257 0.4601776 -0.24 -4.203315 0.5396378 -0.24 -4.216257 0.4601776 -0.24 -4.216257 0.4601776 0.24 -4.203315 0.5396377 0.24 1.657405 0.5600001 -0.1825953 3.881791 0.5505245 -0.24 3.847449 0.4676144 -0.24 1.6 0.4600001 -0.24 1.6 0.5505245 -0.2400001 -3.877765 0.5408033 0.2399999 -3.847449 0.4676144 0.2399999 -1.6 0.4600001 0.2399999 -1.6 0.5408034 0.2399999 -1.657405 0.5600001 0.1825951 1.602702 0.5572248 -0.2372985 1.602702 0.5572248 0.2372984 4.2108 0.5952916 0.2372986 3.884567 0.5572246 0.2372985 3.884567 0.5572246 -0.2372986 4.2108 0.5952916 -0.2372987 4.2108 0.5952916 -0.2372987 4.2108 0.5952916 0.2372986 1.602702 0.5572248 0.2372984 3.884567 0.5572246 0.2372985 1.602702 0.5572248 -0.2372985 3.884567 0.5572246 -0.2372986 -1.60567 0.5543774 -0.23433 -1.60567 0.5543774 0.2343299 -4.19543 0.5532603 -0.2343304 -3.883387 0.5543774 -0.2343301 -3.883387 0.5543774 0.23433 -4.19543 0.5532602 0.2343304 -4.19543 0.5532602 0.2343304 -4.19543 0.5532603 -0.2343304 -1.60567 0.5543774 0.2343299 -3.883387 0.5543774 0.23433 -3.883387 0.5543774 -0.2343301 -1.60567 0.5543774 -0.23433 -4.073762 0.2748483 -0.2 -3.848611 0.5 -0.2 -4.092315 0.2825331 -0.1923153 -3.874848 0.5 -0.1923153 -4.073762 -0.3 -0.2 -4.092315 -0.3 -0.1923152 -3.849703 0.5 0.2 -4.074534 0.2751682 0.2 -3.875168 0.5 0.1925413 -4.092541 0.2826268 0.1925413 -4.074534 -0.3 0.2 -4.092541 -0.3 0.1925414 4.084193 0.2791688 0.2 3.863362 0.5 0.2 4.09537 0.2837985 0.1953703 3.879169 0.5 0.1953703 4.084193 -0.3 0.2 4.09537 -0.3 0.1953703 3.817804 0.5 -0.2 4.051979 0.2658252 -0.2 3.865825 0.5 -0.1859349 4.085935 0.2798904 -0.1859349 4.051979 -0.3 -0.2 4.085935 -0.3 -0.1859348 -2.048925E-10 1.16 0.1903644 2.048924E-10 1.16 -0.1903646 0 1.06 0.2399999 0 1.06 -0.2400001 -5.799619E-11 1.16 0.2259503 -2.048925E-10 1.16 0.1903644 5.799618E-11 1.16 -0.2259504 2.910383E-11 1.155822 0.2358849 -2.910383E-11 1.155822 -0.235885 2.048924E-10 1.16 -0.1903646  
			<Colors>: 0  
			<TextureCoords0>: 420 0.4316406 0.6147461 0.4619141 0.6147461 0.4316406 0.625 0.4619141 0.625 0.4619141 0.6162109 0.4619141 0.6240234 0.4619141 0.6196289 0.4316406 0.6240234 0.4316406 0.6162109 0.4316406 0.6196289 0.4316406 0.6147461 0.4619141 0.6147461 0.4316406 0.625 0.4619141 0.625 0.4619141 0.6162109 0.4619141 0.6240234 0.4619141 0.6196289 0.4316406 0.6240234 0.4316406 0.6162109 0.4316406 0.6196289 0.4469929 0.6162109 0.4469929 0.6196289 0.4469929 0.6240234 0.4469929 0.625 0.4469929 0.6240234 0.4469929 0.6196289 0.4469929 0.6147461 0.4469929 0.625 0.4469929 0.6162109 0.4469929 0.6147461 0.1894531 0.9848633 0.1894531 0.8637695 0.4121094 0.9848633 0.4121094 0.8637695 0.3007813 0.8432617 0.3007813 0.9848633 0.2011719 0.9848633 0.1992188 0.9848633 0.1992188 0.8637695 0.2011719 0.8632813 0.4023438 0.9848633 0.4003906 0.9848633 0.4003906 0.8632813 0.4023438 0.8637695 0.1894531 0.9228516 0.4121094 0.9228516 0.3007813 0.9228516 0.2011719 0.9228516 0.1992188 0.9228516 0.4003906 0.9228516 0.4023438 0.9228516 0.5512695 0.4627801 0.5527344 0.486927 0.5332031 0.6523438 0.5332031 0.6279297 0.4047852 0.6279297 0.4047852 0.6523438 0.4082031 0.4589844 0.4082031 0.4907227 0.5180664 0.4907227 0.5180664 0.4589844 0.5219727 0.4589844 0.5219727 0.4907227 0.4243164 0.6523438 0.4047852 0.6523438 0.4047852 0.6279297 0.4243164 0.6279297 0.5332031 0.6523438 0.5146484 0.6523438 0.5146484 0.6279297 0.5332031 0.6279297 0.6738281 0.9140625 0.6738281 0.965332 0.6738281 0.9140625 0.6738281 0.965332 0.5722656 0.965332 0.5722656 0.9140625 0.5722656 0.9140625 0.5722656 0.965332 0.7753906 0.9140625 0.7753906 0.965332 0.7753906 0.965332 0.7753906 0.9140625 0.6738281 0.9018555 0.6738281 0.9018555 0.8652344 0.5957031 0.9101563 0.5957031 0.7753906 0.9018555 0.8652344 0.5957031 0.6738281 0.8764648 0.6738281 0.8764648 0.8652344 0.5849609 0.9101563 0.5849609 0.7817383 0.8950195 0.8652344 0.5849609 0.1894531 0.9853516 0.1894531 0.8642578 0.4121094 0.9853516 0.4121094 0.8642578 0.3007813 0.84375 0.3007813 0.9853516 0.2011719 0.9853516 0.1992188 0.9853516 0.1992188 0.8642578 0.2011719 0.8637695 0.4023438 0.9853516 0.4003906 0.9853516 0.4003906 0.8637695 0.4023438 0.8642578 0.1894531 0.9233398 0.4121094 0.9233398 0.3007813 0.9233398 0.2011719 0.9233398 0.1992188 0.9233398 0.4003906 0.9233398 0.4023438 0.9233398 0.5159096 0.4622663 0.4082031 0.4622663 0.51927 0.4874406 0.4082031 0.4874407 0.5159096 0.4874407 0.51927 0.4622663 0.5971679 0.6413245 0.409668 0.6282707 0.409713 0.6276844 0.6000976 0.6413245 0.409668 0.6582122 0.4097148 0.6588963 0.402832 0.6413429 0.5196785 0.6582122 0.5202646 0.6588959 0.5196785 0.6282706 0.4458008 0.6413429 0.5202646 0.6276846 0.4033203 0.6413437 0.5229583 0.6282707 0.5236425 0.6276842 0.5229583 0.6582122 0.4467773 0.6413437 0.5236425 0.6588964 0.412436 0.46278 0.412436 0.486927 0.4143763 0.4627801 0.4143763 0.486927 0.5645767 0.486927 0.5512695 0.486927 0.5645767 0.4627801 0.5671036 0.4627801 0.5527344 0.4627801 0.5671036 0.486927 0.5634766 0.6442792 0.416155 0.6575755 0.4157112 0.6580193 0.416155 0.6270925 0.5957031 0.6442792 0.4157112 0.6266487 0.5581055 0.6575755 0.4287109 0.6442182 0.4287109 0.6447848 0.4047851 0.6443196 0.5738265 0.6575755 0.4049742 0.6448126 0.5738265 0.6270925 0.4355469 0.6443196 0.4357398 0.6448126 0.4599609 0.6442182 0.5581055 0.6270925 0.4599609 0.6447848 0.5634766 0.6347307 0.4187978 0.6277821 0.5638573 0.6357912 0.4187977 0.6568859 0.5957031 0.6347307 0.5953225 0.6357912 0.5761605 0.6568859 0.4355469 0.6347078 0.4359488 0.635782 0.5595703 0.6277821 0.4052735 0.6346071 0.4287109 0.635755 0.4047852 0.6347078 0.5761604 0.6277821 0.4051956 0.635782 0.4589844 0.6346071 0.5595703 0.6568859 0.4589844 0.635755 0.9257813 0.965332 0.9072266 0.6308594 0.9091797 0.6308594 0.9072266 0.5415039 0.9111328 0.9140625 0.9091797 0.5415039 0.9072266 0.5654297 0.9257813 0.9287109 0.9091797 0.565918 0.8686523 0.6308594 0.9257813 0.965332 0.8662109 0.6308594 0.8686523 0.5654297 0.9257813 0.9287109 0.8662109 0.565918 0.9111328 0.9140625 0.8686523 0.5415039 0.8662109 0.5415039 0.4213867 0.965332 0.8676758 0.6308594 0.8662109 0.6308594 0.8676758 0.5415039 0.4355469 0.9140625 0.8662109 0.5415039 0.8676758 0.5654297 0.4213867 0.9282227 0.8662109 0.565918 0.9047852 0.6308594 0.4228516 0.965332 0.9086914 0.6308594 0.9047852 0.5654297 0.4228516 0.9291992 0.9086914 0.5664063 0.4379883 0.9140625 0.9047852 0.5415039 0.9086914 0.5415039 0.4469929 0.6147461 0.4469929 0.6147461 0.4619141 0.6147461 0.4469929 0.625 0.4469929 0.625 0.4316406 0.625 0.4619141 0.6162109 0.4619141 0.6196289 0.4619141 0.6196289 0.4316406 0.6196289 0.4316406 0.6196289 0.4316406 0.6162109 0.4619141 0.6240234 0.4316406 0.6240234 0.4619141 0.625 0.4316406 0.6147461 0.4619141 0.6147461 0.4619141 0.6147461 0.4316406 0.625 0.4316406 0.625 0.4316406 0.6162109 0.4619141 0.625 0.4619141 0.625 0.4619141 0.6162109 0.4619141 0.6240234 0.4316406 0.6147461 0.4316406 0.6240234 0.4619141 0.6147461 0.4619141 0.625 0.4316406 0.6147461 0.4316406 0.6147461 0.4316406 0.625 0.4023438 0.9228516 0.4023438 0.9848633 0.1992188 0.9228516 0.1992188 0.8637695 0.1992188 0.9848633 0.4023438 0.8637695 0.4194336 0.6542969 0.5581055 0.6542969 0.4213867 0.6303711 0.5595703 0.6303711 0.409668 0.6303711 0.5205078 0.6303711 0.409668 0.6557617 0.5175781 0.6557617 0.4467773 0.6337891 0.6000977 0.6337891 0.5175781 0.6303711 0.4458008 0.6337891 0.597168 0.6337891 0.5205078 0.6557617 0.5717773 0.6542969 0.5717773 0.6303711 0.5581055 0.6303711 0.5742188 0.6303711 0.5742188 0.6542969 0.5595703 0.6542969 0.5957031 0.637207 0.5634766 0.637207 0.4287109 0.637207 0.4047852 0.637207 0.4355469 0.628418 0.4589844 0.628418 0.5957031 0.628418 0.5634766 0.628418 0.8652344 0.6176758 0.9101563 0.5957031 0.9101563 0.6176758 0.9101563 0.5849609 0.9101563 0.6176758 0.8652344 0.6176758 0.5722656 0.9018555 0.7753906 0.9018555 0.5722656 0.9018555 0.565918 0.8950195 0.7817383 0.8950195 0.565918 0.8950195 0.4023438 0.9853516 0.4023438 0.9233398 0.1992188 0.9233398 0.1992188 0.8642578 0.1992188 0.9853516 0.4023438 0.8642578 0.5561523 0.6413245 0.5561523 0.6337891 0.4033203 0.6337891 0.5541992 0.6413245 0.5541992 0.6337891 0.402832 0.6337891 0.4047852 0.6413429 0.4047852 0.6337891 0.4458008 0.6337891 0.4458008 0.6413429 0.4057617 0.6413437 0.4057617 0.6337891 0.4467773 0.6337891 0.4467773 0.6413437 0.4461566 0.6422162 0.597168 0.642211 0.4471334 0.6422164 0.6000977 0.642211 0.5541992 0.642211 0.4031878 0.6422162 0.4454492 0.6422153 0.4051368 0.6422153 0.5561523 0.642211 0.4036752 0.6422164 0.4061134 0.6422168 0.4464257 0.6422168 0.5634766 0.6442792 0.5634766 0.637207 0.4052734 0.637207 0.4052734 0.6442182 0.5634766 0.6347307 0.5634766 0.628418 0.4052734 0.628418 0.4038086 0.6443196 0.4038086 0.637207 0.4355469 0.637207 0.4355469 0.6443196 0.4355469 0.637207 0.4599609 0.637207 0.4287109 0.6346071 0.4287109 0.628418 0.4047852 0.628418 0.4038086 0.6347078 0.4038086 0.628418 0.4355469 0.628418 0.4355469 0.6347078 0.4194336 0.6303711 0.4365234 0.6442182 0.4365234 0.637207 0.5947266 0.637207 0.5947266 0.6442792 0.4355469 0.6346071 0.4355469 0.628418 0.5947266 0.628418 0.5947266 0.6347307 0.4213867 0.6542969 0.5955217 0.6448027 0.5636579 0.6448027 0.5741066 0.6580193 0.5580328 0.6580193 0.5580329 0.6266487 0.5741066 0.6266487 0.4353683 0.6448191 0.4039872 0.6448191 0.5632799 0.6448025 0.4052734 0.6447848 0.59453 0.6448025 0.4365234 0.6447848 0.4178663 0.6268507 0.4178663 0.6578173 0.5769116 0.6268507 0.5594399 0.6268507 0.5594399 0.6578173 0.5769116 0.6578174 0.435172 0.6358572 0.4041835 0.6358573 0.5943114 0.6357907 0.4355469 0.635755 0.4052735 0.635755 0.563064 0.6357907 0.9101563 0.5668945 0.9101563 0.5415039 0.9091797 0.565918 0.9091797 0.5415039 0.9101563 0.6308594 0.9091797 0.6308594 0.8657227 0.5415039 0.8657227 0.5668945 0.8662109 0.5415039 0.8662109 0.565918 0.8657227 0.6308594 0.8662109 0.6308594 0.8657227 0.5664063 0.8657227 0.5415039 0.8662109 0.565918 0.8662109 0.5415039 0.8657227 0.6308594 0.8662109 0.6308594 0.9101563 0.5415039 0.9101563 0.5678711 0.9086914 0.5415039 0.9086914 0.5664063 0.9101563 0.6308594 0.9086914 0.6308594 0.4082031 0.4874407 0.4082031 0.4622663 0.4082031 0.4907227 0.4082031 0.4589844 0.409668 0.6582122 0.409668 0.6557617 0.409668 0.6282707 0.4097131 0.6588963 0.4097148 0.6276843 0.409668 0.6303711  
			<TextureCoords1>: 420 0.3618681 0.2218029 0.3261575 0.4145577 0.396287 0.4592727 0.3618681 0.2060018 0.3261133 0.4210704 0.3571411 0.2014474 0.3261199 0.4371735 0.3963283 0.4527584 0.3571411 0.2172486 0.3963176 0.4366521 0.3247363 0.3383992 0.5041905 0.601173 0.5780665 0.6011731 0.3948126 0.3786599 0.3278466 0.2040115 0.3948637 0.3727989 0.3948774 0.3582945 0.3278466 0.2198126 0.324688 0.3442618 0.3246783 0.3587693 0.3602281 0.3437455 0.3606199 0.4369186 0.3607977 0.4533274 0.3608586 0.459889 0.360521 0.3733069 0.3603767 0.3585265 0.3603889 0.4139494 0.360568 0.3792105 0.3604467 0.4205105 0.3601779 0.3378415 0.00390625 0.162526 0.1492382 0.162526 0.1492382 0.1161145 0.00390625 0.1161145 0.5520672 0.2446676 0.5520672 0.4142215 0.6714193 0.4142216 0.003906252 0.1509617 0.6739053 0.2688896 0.6714193 0.268538 0.1492382 0.1045503 0.4327151 0.4142215 0.4327151 0.2685379 0.4302291 0.2688895 0.07835262 0.162526 0.07479186 0.1161145 0.5520672 0.3397751 0.6714193 0.3397752 0.6739053 0.3397752 0.4327151 0.3397751 0.07479186 0.1045503 0.04341851 0.2794799 0.2801809 0.1728755 0.003906259 0.4017563 0.00390625 0.459889 0.3207721 0.3792228 0.3207718 0.32109 0.2163782 0.5876818 0.2163782 0.529549 0.4263228 0.5295491 0.4263228 0.5876818 0.00390625 0.5876818 0.003906257 0.5295491 0.2760964 0.4017562 0.322207 0.4017562 0.322207 0.459889 0.2760964 0.459889 0.00390625 0.3210919 0.04858162 0.3210917 0.04858196 0.3792244 0.003906594 0.3792247 0.4992234 0.7257153 0.4992235 0.8226219 0.499784 0.899199 0.4997842 0.9960936 0.3054104 0.8226217 0.693573 0.8991985 0.3054104 0.725715 0.6935734 0.9960932 0.6930367 0.7257152 0.3059953 0.9960938 0.6930369 0.8226218 0.305995 0.8991992 0.4992235 0.7014886 0.4997839 0.8749754 0.3762152 0.2462689 0.4246592 0.246269 0.6930366 0.7014885 0.372309 0.246269 0.4992235 0.6530353 0.4997838 0.8265281 0.3762152 0.2291414 0.4246592 0.2291415 0.7051498 0.6893752 0.3723089 0.2291415 0.003906255 0.1354913 0.1492382 0.1354913 0.1492381 0.1200207 0.00390625 0.1200207 0.5520672 0.4181278 0.5520672 0.5876818 0.4327151 0.5876818 0.00390625 0.1470554 0.4302291 0.4423498 0.4327151 0.4419982 0.1492382 0.131585 0.6714192 0.5876818 0.6714193 0.4419982 0.6739053 0.4423499 0.07835259 0.1354913 0.07479186 0.1200207 0.5520672 0.5132354 0.4327151 0.5132354 0.4302291 0.5132354 0.6714193 0.5132354 0.07479192 0.131585 0.009556133 0.6432503 0.2157816 0.6434891 0.4246629 0.5974669 0.2158319 0.5972281 0.009551128 0.5972456 0.4246676 0.6434773 0.6434907 0.6072501 0.2157781 0.64782 0.2157788 0.649129 0.2157464 0.4837641 0.2158354 0.5928971 0.2158364 0.5915881 0.4250372 0.5190192 0.005214632 0.5929275 0.00390625 0.5916072 0.005221528 0.6476066 0.4342208 0.6425319 0.003906718 0.6489112 0.8553572 0.6428462 0.4290045 0.647796 0.4303145 0.6491163 0.4289981 0.5931103 0.00390625 0.5193851 0.4303145 0.5918056 0.3132018 0.2795398 0.3133085 0.2358211 0.01029652 0.2168862 0.01032051 0.1730019 0.01057114 0.2352336 0.04358614 0.2346172 0.01050887 0.2788163 0.3111878 0.2170042 0.2801028 0.2175203 0.311179 0.1733615 0.3819977 0.2752722 0.3190967 0.2300743 0.3199587 0.2292199 0.3190235 0.2853683 0.3238649 0.2752722 0.3198722 0.2862195 0.04353933 0.2287307 0.280456 0.3878743 0.2808027 0.3870032 0.3208148 0.3839274 0.00476804 0.2295508 0.3203914 0.383131 0.004759696 0.2844357 0.3841692 0.3868244 0.005651049 0.4637952 0.04559226 0.4685608 0.0433552 0.285375 0.04524568 0.4676894 0.384247 0.4687518 0.005709895 0.2214661 0.3835603 0.4669702 0.005703446 0.1683939 0.3261143 0.4687518 0.326801 0.4669702 0.3157275 0.1688793 0.005474621 0.2920651 0.00642924 0.2902778 0.2801389 0.2221577 0.2797643 0.3074024 0.2804454 0.3056209 0.3191915 0.3075386 0.3157799 0.2215062 0.3182369 0.3057514 0.04490164 0.2919283 0.2802198 0.1682354 0.04422055 0.2901468 0.9932017 0.8224623 0.1122202 0.09811008 0.995624 0.8224252 0.006008286 0.09816152 0.9654186 0.7257146 0.9687347 0.7256269 0.04211782 0.09525812 0.9921442 0.7531526 0.9945475 0.7521573 0.1128294 0.05339682 0.006284195 0.9960938 0.00390625 0.996089 0.0419872 0.05522037 0.006416509 0.9265725 0.004061468 0.9255975 0.03351544 0.8991992 0.00476864 0.0537768 0.03029788 0.8990886 0.9944547 0.996092 0.8597924 0.6015405 0.8598515 0.6000166 0.9659424 0.6013551 0.9677076 0.8991974 0.9697211 0.8991283 0.9298143 0.6042218 0.9943345 0.9261002 0.995797 0.9254975 0.8592635 0.6446593 0.00839399 0.8226219 0.00390625 0.8226115 0.9299374 0.6428434 0.008536326 0.7542194 0.004097912 0.7523773 0.03676035 0.7257152 0.9671352 0.6442623 0.0306872 0.7255069 0.4698021 0.5990248 0.4698021 0.602024 0.5041905 0.598174 0.5424852 0.5990248 0.5424852 0.602024 0.5780665 0.598174 0.3262907 0.2014474 0.3417159 0.1992659 0.3417159 0.1962667 0.3417159 0.2120678 0.3417159 0.215067 0.3555852 0.2198126 0.3555852 0.2040115 0.3262907 0.2172486 0.3597873 0.2081615 0.3597873 0.2239627 0.3215637 0.2060018 0.3236445 0.2081615 0.3215637 0.2218029 0.3236445 0.2239627 0.3960962 0.4204895 0.5080968 0.598174 0.5080968 0.601173 0.3946793 0.3437389 0.3263423 0.4533342 0.3959424 0.4139342 0.3248753 0.3733269 0.3945369 0.3378415 0.3264985 0.459889 0.4342208 0.598174 0.4342208 0.6011731 0.3250153 0.3792247 0.4302291 0.3397751 0.4302291 0.4142215 0.07835262 0.1509618 0.1492382 0.1509618 0.6739053 0.4142216 0.00390625 0.1045503 0.3133085 0.2358211 0.04358614 0.2346172 0.01029652 0.2168862 0.2801028 0.2175203 0.2157816 0.6434891 0.4246676 0.6434773 0.2158319 0.5972281 0.009551128 0.5972456 0.005660202 0.5256428 0.2157256 0.494131 0.009556133 0.6432503 0.4359983 0.649129 0.6435119 0.6176172 0.4246629 0.5974669 0.01057114 0.2352336 0.01050887 0.2788163 0.04341851 0.2794799 0.3111878 0.2170042 0.311179 0.1733615 0.2801809 0.1728755 0.3238649 0.2862356 0.3819977 0.2862356 0.2761309 0.39785 0.3221302 0.3948559 0.00390625 0.3016883 0.04857256 0.3007922 0.3261143 0.4785379 0.3842471 0.4785379 0.372309 0.2704909 0.323865 0.246269 0.323865 0.2704909 0.3238649 0.2291415 0.4246592 0.2704909 0.3762152 0.2704909 0.6935728 0.874975 0.3059949 0.8749756 0.3054103 0.7014884 0.7056846 0.8628631 0.2938828 0.8628638 0.2932966 0.6893751 0.6739053 0.5876818 0.6739053 0.5132354 0.07835259 0.1470554 0.1492382 0.1470554 0.4302291 0.5876818 0.003906303 0.131585 0.6434907 0.6072501 0.6435119 0.6176172 0.8535968 0.649129 0.2157464 0.4837641 0.2157256 0.494131 0.4232532 0.5256428 0.6440118 0.5951898 0.6440119 0.602024 0.7021446 0.602024 0.7021446 0.5951898 0.5819728 0.5955234 0.5819728 0.602024 0.6401055 0.602024 0.6401055 0.5955234 0.4344931 0.6411602 0.6434882 0.6059302 0.004183611 0.5180135 0.2157489 0.4824442 0.2157489 0.4824442 0.4247658 0.5176532 0.7016462 0.5938885 0.6445101 0.5938885 0.6434882 0.6059302 0.8550808 0.6414801 0.5824711 0.5942211 0.6396071 0.5942211 0.004059532 0.3840002 0.00390625 0.3949646 0.2761309 0.39785 0.280456 0.3878743 0.003906347 0.3073977 0.00390625 0.3171837 0.2760933 0.3162664 0.3260365 0.3868244 0.3260365 0.39785 0.3841693 0.39785 0.005227666 0.4645905 0.00390625 0.4755374 0.04992238 0.4785379 0.2797643 0.3074024 0.2760933 0.3162664 0.3207601 0.3171623 0.3246783 0.3241851 0.3246784 0.3339353 0.3828111 0.3339353 0.3828111 0.3241851 0.3132018 0.2795398 0.04559226 0.4685608 0.04992238 0.4785379 0.322208 0.4756176 0.3220538 0.4646659 0.04490164 0.2919283 0.04857256 0.3007922 0.320758 0.3017098 0.320758 0.2919234 0.01032051 0.1730019 0.3241921 0.2743972 0.3816705 0.2743972 0.003923247 0.2287261 0.04369228 0.2278689 0.04350425 0.2862356 0.00390625 0.285261 0.383842 0.3859838 0.3263636 0.3859838 0.00439856 0.383131 0.2808027 0.3870032 0.3217142 0.4637952 0.04524568 0.4676894 0.00390625 0.2232562 0.00392021 0.1666057 0.3176574 0.2232562 0.2798712 0.2239627 0.2799543 0.1664322 0.3176185 0.167133 0.3821245 0.3222789 0.325365 0.3222788 0.3200713 0.2901418 0.04422055 0.2901468 0.2804454 0.3056209 0.004593096 0.3056161 0.9921442 0.7531526 0.9654186 0.7257146 0.04216143 0.09766775 0.005281053 0.1006441 0.9932017 0.8224623 0.1121148 0.1006441 0.03351544 0.8991992 0.006416509 0.9265725 0.00390625 0.05120581 0.04200624 0.05284119 0.006284195 0.9960938 0.1127688 0.05102962 0.9943345 0.9261002 0.9677076 0.8991974 0.9297861 0.6027718 0.9663814 0.5998631 0.9944547 0.996092 0.9959176 0.9960895 0.03676035 0.7257152 0.008536326 0.7542194 0.9687552 0.649129 0.9299005 0.6473275 0.00839399 0.8226219 0.8593776 0.649129 0.2158319 0.5972281 0.2157816 0.6434891 0.2163782 0.529549 0.2163782 0.5876818 0.2158354 0.5928971 0.2158319 0.5972281 0.2157781 0.64782 0.2158364 0.5915881 0.2157788 0.649129 0.2157816 0.6434891  
			<Normals>: 420 0.8163546 0.0273756 0.5769019 0.8163449 0.02780254 -0.5768951 -0.8163546 0.0273756 0.5769019 -0.8163593 0.02780304 -0.5768748 0.392658 0.650727 -0.6499031 -0.392658 0.650727 -0.6499031 0 0.777355 -0.6290621 -0.3925393 0.6504274 0.6502748 0.3925393 0.6504274 0.6502748 0 0.7770131 0.6294844 0.01016287 -0.8080551 0.5890193 0.01016282 -0.8077457 -0.5894434 -0.01016287 -0.8080551 0.5890193 -0.01016282 -0.8077457 -0.5894434 -0.3344629 -0.5432161 -0.7700979 0.3344629 -0.5432161 -0.7700979 0 -0.6029989 -0.797742 0.3346814 -0.5434986 0.7698037 -0.3346814 -0.5434986 0.7698037 0 -0.6034516 0.7973996 -0.5286211 -0.8488578 -0.0004883053 0 0.9999999 0.0005493499 -0.5208634 0.8536398 0.0004882999 -0.9999943 0.003387639 0 0.5286211 -0.8488578 -0.0004883053 0 -0.9999999 -0.0005493499 0.9999943 0.003387639 0 -0.01220761 -0.9999254 -0.0005493425 0.5208634 0.8536398 0.0004882999 0.01220761 -0.9999254 -0.0005493425 1 0 0 1 0 0 -1 0 0 -1 0 0 0 0 1 0 0 1 0.3826815 0 0.9238803 0.9238803 0 0.3826815 0.9169477 0 0.3990074 0.3419391 0 0.9397221 -0.9238803 0 0.3826815 -0.3826815 0 0.9238803 -0.3419391 0 0.9397221 -0.9169477 0 0.3990074 1 0 0 -1 0 0 0 0 1 0.3826815 0 0.9238803 0.9238803 0 0.3826815 -0.3826815 0 0.9238803 -0.9238803 0 0.3826815 -0.05804753 0.9983138 0 -0.001770125 0.9999985 0 -0.5764545 -0.5784077 0.5771869 -0.5764545 -0.5784077 -0.5771869 0.5764545 -0.5784077 -0.5771869 0.5764545 -0.5784077 0.5771869 0.1055648 -0.6642129 -0.7400523 0.1055648 -0.6642129 0.7400523 0.4408161 -0.6820687 0.5834924 0.4408161 -0.6820687 -0.5834924 -0.4349582 -0.6852455 -0.5841662 -0.4349582 -0.6852455 0.5841662 0.03088481 -0.7151725 0.6982653 0.639034 -0.5114347 0.5745171 0.639034 -0.5114347 -0.5745171 0.03088481 -0.7151725 -0.6982653 -0.6214044 -0.5392463 0.5683923 0.00589025 -0.704419 0.7097599 0.00589025 -0.704419 -0.7097599 -0.6214044 -0.5392463 -0.5683923 0 0 -1 0 0 -1 0 0 1 0 0 1 0 0 -1 0 0 1 0 0 -1 0 0 1 0 0 -1 0 0 1 0 0 -1 0 0 1 0 0 -1 0 0 1 0.9238803 -0.3826815 0 0.9238803 -0.3826815 0 0 0 -1 -0.9238803 -0.3826815 0 0 0 -1 0 0 1 0.7071068 -0.7071068 0 0.7071068 -0.7071068 0 0 0 -1 -0.7071068 -0.7071068 0 1 0 0 1 0 0 -1 0 0 -1 0 0 0 0 -1 0 0 -1 0.3826815 0 -0.9238803 0.9238803 0 -0.3826815 0.9169477 0 -0.3990074 0.3419391 0 -0.9397221 -0.9238803 0 -0.3826815 -0.3826815 0 -0.9238803 -0.3419391 0 -0.9397221 -0.9169477 0 -0.3990074 1 0 0 -1 0 0 0 0 -1 0.3826815 0 -0.9238803 0.9238803 0 -0.3826815 -0.3826815 0 -0.9238803 -0.9238803 0 -0.3826815 0.170844 0.985298 0 -0.1744173 0.9846718 0 -0.1744173 0.9846718 0 -0.1744173 0.9846718 0 0.170844 0.985298 0 -0.1744173 0.9846718 0 0.03680594 0.2124124 -0.9764866 -0.1712119 0.9665996 -0.1907136 0.1244272 0.7176004 -0.68525 -0.03769106 0.2128095 0.9763664 0.1677011 0.967173 0.190926 -0.1271419 0.7177442 0.6846007 0.7281092 0.07898506 0.6808952 0.3132513 0.9380447 0.1481412 0.612491 0.6142916 0.4974944 0.3132513 0.9380447 -0.1481412 0.7281092 0.07898506 -0.6808952 0.612491 0.6142916 -0.4974944 -0.729686 0.07324632 -0.679848 -0.3163359 0.9370136 -0.1481117 -0.6135973 0.6132311 -0.4974395 -0.3163359 0.9370136 0.1481117 -0.729686 0.07324632 0.679848 -0.6135973 0.6132311 0.4974395 0 1 0 0 1 0 0 1 0 0 1 0 -0.1158797 0.9932633 0 -0.05804753 0.9983138 0 -0.1158797 0.9932633 0 -0.003570752 0.9999937 0 -0.001770125 0.9999985 0 -0.003570752 0.9999937 0 -0.6879051 0.2314584 0.6879051 -0.1518038 0.9766838 0.1518038 -0.5019553 0.7043306 0.5019553 -0.1518038 0.9766838 -0.1518038 -0.6879051 0.2314584 -0.6879051 -0.5019553 0.7043306 -0.5019553 -0.06018348 0.9787445 0.1960541 -0.008056951 0.1866222 0.9823987 -0.04089591 0.6991064 0.7138472 0.6485794 0.3303479 0.6857222 0.02841359 0.9891043 0.1444485 0.3984895 0.7734792 0.4928855 0.02841359 0.9891043 -0.1444485 0.6485794 0.3303479 -0.6857222 0.3984895 0.7734792 -0.4928855 -0.008056951 0.1866222 -0.9823987 -0.06018348 0.9787445 -0.1960541 -0.04089591 0.6991064 -0.7138472 0.6868641 0.2375611 -0.6868641 0.1470122 0.9781487 -0.1470122 0.49609 0.7125934 -0.49609 0.1470122 0.9781487 0.1470122 0.6868641 0.2375611 0.6868641 0.49609 0.7125934 0.49609 -0.1404173 0.9788316 0.1489016 -0.6547973 0.3210048 0.6842487 -0.4465221 0.7424944 0.4993198 -0.001831119 0.9810527 -0.1937324 -0.0002441489 0.1966619 -0.9804714 -0.001251294 0.7092089 -0.7049972 -0.6547973 0.3210048 -0.6842487 -0.1404173 0.9788316 -0.1489016 -0.4465221 0.7424944 -0.4993198 -0.0002441489 0.1966619 0.9804714 -0.001831119 0.9810527 0.1937324 -0.001251294 0.7092089 0.7049972 -0.1950772 0 -0.9807879 -0.9807879 0 -0.1950772 -0.7071068 0 -0.7071068 -0.6904969 0.6905274 -0.215374 -0.0712007 0.0712007 -0.9949175 -0.4309652 0.4309652 -0.7928038 -0.9053208 0.3749891 -0.1994428 -0.20771 0.0860321 -0.9743998 -0.6753328 0.2797101 -0.6824133 -0.9807879 0 0.1950772 -0.1950772 0 0.9807879 -0.7071068 0 0.7071068 -0.9053208 0.3749891 0.1994428 -0.20771 0.0860321 0.9743998 -0.6753328 0.2797101 0.6824133 -0.0712007 0.0712007 0.9949175 -0.6905129 0.6905129 0.2153695 -0.4309652 0.4309652 0.7928038 0.1950772 0 0.9807879 0.9807879 0 0.1950772 0.7071068 0 0.7071068 0.6905274 0.6904969 0.215374 0.0712007 0.0712007 0.9949175 0.4309652 0.4309652 0.7928038 0.9053208 0.3749891 0.1994428 0.20771 0.0860321 0.9743998 0.6753328 0.2797101 0.6824133 0.9807879 0 -0.1950772 0.1950772 0 -0.9807879 0.7071068 0 -0.7071068 0.9053208 0.3749891 -0.1994428 0.20771 0.0860321 -0.9743998 0.6753328 0.2797101 -0.6824133 0.0712007 0.0712007 -0.9949175 0.6905129 0.6905129 -0.2153695 0.4309596 0.43099 -0.7927935 0.9999943 0.003387639 0 0.01220761 -0.9999254 -0.0005493425 0.8163449 0.02780254 -0.5768951 -0.9999943 0.003387639 0 -0.01220761 -0.9999254 -0.0005493425 -0.8163546 0.0273756 0.5769019 0.392658 0.650727 -0.6499031 0 -0.6029989 -0.797742 0 0.777355 -0.6290621 0 0.7770131 0.6294844 0 -0.6034516 0.7973996 -0.3346814 -0.5434986 0.7698037 0.3344629 -0.5432161 -0.7700979 -0.3925393 0.6504274 0.6502748 -0.01016282 -0.8077457 -0.5894434 0.01016287 -0.8080551 0.5890193 0.8163449 0.02780254 -0.5768951 0.01016282 -0.8077457 -0.5894434 -0.8163546 0.0273756 0.5769019 -0.01016287 -0.8080551 0.5890193 0.3925393 0.6504274 0.6502748 -0.8163593 0.02780304 -0.5768748 -0.01016282 -0.8077457 -0.5894434 -0.3344629 -0.5432161 -0.7700979 -0.392658 0.650727 -0.6499031 0.8163546 0.0273756 0.5769019 0.3346814 -0.5434986 0.7698037 0.01016282 -0.8077457 -0.5894434 -0.8163593 0.02780304 -0.5768748 0.8163546 0.0273756 0.5769019 0.01016287 -0.8080551 0.5890193 -0.01016287 -0.8080551 0.5890193 -0.9238803 0 0.3826815 -0.9238803 0 0.3826815 0.9238803 0 0.3826815 0.9169477 0 0.3990074 0.9238803 0 0.3826815 -0.9169477 0 0.3990074 0 1 0 -0.05804753 0.9983138 0 0 1 0 -0.001770125 0.9999985 0 -0.1744173 0.9846718 0 -0.1744173 0.9846718 0 0.170844 0.985298 0 0.170844 0.985298 0 -0.4349582 -0.6852455 0.5841662 0.1055648 -0.6642129 0.7400523 0.170844 0.985298 0 0.4408161 -0.6820687 -0.5834924 -0.1041328 -0.6649297 -0.7396112 -0.1744173 0.9846718 0 -0.1158797 0.9932633 0 -0.1158797 0.9932633 0 -0.05804753 0.9983138 0 -0.003570752 0.9999937 0 -0.003570752 0.9999937 0 -0.001770125 0.9999985 0 -0.5764545 -0.5784077 -0.5771869 -0.5764545 -0.5784077 0.5771869 0.03088481 -0.7151725 0.6982653 0.639034 -0.5114347 0.5745171 -0.6214044 -0.5392463 0.5683923 0.00589025 -0.704419 0.7097599 0.5764545 -0.5784077 0.5771869 0.5764545 -0.5784077 -0.5771869 -1 0 0 -0.9238803 -0.3826815 0 -1 0 0 -0.7071068 -0.7071068 0 1 0 0 1 0 0 0 0 1 0 0 1 0 0 -1 0 0 1 0 0 1 0 0 -1 -0.9238803 0 -0.3826815 -0.9238803 0 -0.3826815 0.9238803 0 -0.3826815 0.9169477 0 -0.3990074 0.9238803 0 -0.3826815 -0.9169477 0 -0.3990074 -0.03769106 0.2128095 -0.9763664 0.1055648 -0.6642129 -0.7400523 -0.4349582 -0.6852455 -0.5841662 0.03683642 0.2124122 0.9764856 -0.1041328 -0.6649297 0.7396112 0.4408161 -0.6820687 0.5834924 0.7281092 0.07898506 0.6808952 0.4408161 -0.6820687 0.5834924 0.4408161 -0.6820687 -0.5834924 0.7281092 0.07898506 -0.6808952 -0.729686 0.07324632 -0.679848 -0.4349582 -0.6852455 -0.5841662 -0.4349582 -0.6852455 0.5841662 -0.729686 0.07324632 0.679848 0.612491 0.6142916 -0.4974944 0.1244272 0.7176004 -0.68525 -0.6135973 0.6132311 0.4974395 -0.1271419 0.7177442 0.6846007 0.1244272 0.7176004 0.68525 0.612491 0.6142916 0.4974944 0.612491 0.6142916 -0.4974944 0.612491 0.6142916 0.4974944 -0.1271419 0.7177442 -0.6846007 -0.6135973 0.6132311 -0.4974395 -0.6135973 0.6132311 -0.4974395 -0.6135973 0.6132311 0.4974395 -0.6879051 0.2314584 0.6879051 -0.5764545 -0.5784077 0.5771869 0.03088481 -0.7151725 0.6982653 -0.008056951 0.1866222 0.9823987 0.6868641 0.2375611 -0.6868641 0.5764545 -0.5784077 -0.5771869 0.00589025 -0.704419 -0.7097599 0.6485794 0.3303479 0.6857222 0.639034 -0.5114347 0.5745171 0.639034 -0.5114347 -0.5745171 0.6485794 0.3303479 -0.6857222 0.639034 -0.5114347 -0.5745171 0.03088481 -0.7151725 -0.6982653 -0.0002441489 0.1966619 -0.9804714 0.00589025 -0.704419 -0.7097599 -0.6214044 -0.5392463 -0.5683923 -0.6547973 0.3210048 -0.6842487 -0.6214044 -0.5392463 -0.5683923 -0.6214044 -0.5392463 0.5683923 -0.6547973 0.3210048 0.6842487 0 1 0 -0.008056951 0.1866222 -0.9823987 0.03088481 -0.7151725 -0.6982653 -0.5764545 -0.5784077 -0.5771869 -0.6879051 0.2314584 -0.6879051 -0.0002441489 0.1966619 0.9804714 0.00589025 -0.704419 0.7097599 0.5764545 -0.5784077 0.5771869 0.6868641 0.2375611 0.6868641 0 1 0 -0.5019553 0.7043306 -0.5019553 -0.5019553 0.7043306 0.5019553 0.3984895 0.7734792 0.4928855 -0.04089591 0.6991064 0.7138472 -0.04089591 0.6991064 -0.7138472 0.3984895 0.7734792 -0.4928855 0.3984895 0.7734792 -0.4928855 0.3984895 0.7734792 0.4928855 -0.5019553 0.7043306 0.5019553 -0.04089591 0.6991064 0.7138472 -0.5019553 0.7043306 -0.5019553 -0.04089591 0.6991064 -0.7138472 0.49609 0.7125934 -0.49609 0.49609 0.7125934 0.49609 -0.4465221 0.7424944 -0.4993198 -0.001251294 0.7092089 -0.7049972 -0.001251294 0.7092089 0.7049972 -0.4465221 0.7424944 0.4993198 -0.4465221 0.7424944 0.4993198 -0.4465221 0.7424944 -0.4993198 0.49609 0.7125934 0.49609 -0.001251294 0.7092089 0.7049972 -0.001251294 0.7092089 -0.7049972 0.49609 0.7125934 -0.49609 -0.20771 0.0860321 -0.9743998 -0.0712007 0.0712007 -0.9949175 -0.6753328 0.2797101 -0.6824133 -0.4309652 0.4309652 -0.7928038 -0.1950772 0 -0.9807879 -0.7071068 0 -0.7071068 -0.0712007 0.0712007 0.9949175 -0.20771 0.0860321 0.9743998 -0.4309652 0.4309652 0.7928038 -0.6753328 0.2797101 0.6824133 -0.1950772 0 0.9807879 -0.7071068 0 0.7071068 0.20771 0.0860321 0.9743998 0.0712007 0.0712007 0.9949175 0.6753328 0.2797101 0.6824133 0.4309652 0.4309652 0.7928038 0.1950772 0 0.9807879 0.7071068 0 0.7071068 0.0712007 0.0712007 -0.9949175 0.20771 0.0860321 -0.9743998 0.4309596 0.43099 -0.7927935 0.6753328 0.2797101 -0.6824133 0.1950772 0 -0.9807879 0.7071068 0 -0.7071068 0.170844 0.985298 0 0.170844 0.985298 0 -0.1041328 -0.6649297 0.7396112 -0.1041328 -0.6649297 -0.7396112 -0.1712119 0.9665996 0.1907136 -0.1744173 0.9846718 0 0.1677011 0.967173 -0.190926 0.1244272 0.7176004 0.68525 -0.1271419 0.7177442 -0.6846007 0.170844 0.985298 0  
			<Tangents>: 420 -0.02235658 0.9996253 -0.01579896 -0.5774822 0.02240811 -0.8160957 -0.5774636 -0.02130076 -0.8161385 0.02270605 0.9996134 0.01604507 -0.3561866 -0.5439087 -0.7597989 0.9196845 0.2778269 -0.2774751 0 -0.6290621 -0.7773551 -0.3557296 0.5446313 -0.7594954 0.9197352 -0.2775998 -0.2775346 0 0.6294844 -0.7770132 0.006902811 -0.588979 -0.8081189 0.9999484 0.008209397 0.005990716 0.9999484 -0.008212585 0.005986437 0.006893476 0.5894033 -0.8078095 0.9424089 -0.1927886 -0.2733094 -0.3803855 0.6698211 -0.6376884 0 0.797742 -0.6029989 0.9423313 0.1930307 -0.2734059 -0.3810431 -0.6690944 -0.6380586 0 -0.7973995 -0.6034517 0.0002157969 0.0004408637 -0.9999999 0 0.0005493499 -0.9999998 -0.0002131129 0.0004419863 -0.9999999 2.906021E-07 8.57826E-05 -1 -0.0002164851 0.0004404351 -0.9999999 0 0.0005493499 -0.9999998 -2.900111E-07 8.560813E-05 -1 5.660132E-06 0.0005493143 -0.9999998 0.0002124108 0.0004424147 -0.9999999 -5.660011E-06 0.0005493143 -0.9999998 0 0 1 0 0 1 0 0 -1 0 0 -1 -1 0.0001499288 0 -1 0 0 -0.9238803 0 0.3826815 -0.3826815 0 0.9238803 -0.39709 -0.09791493 0.9125416 -0.9397199 -0.002161328 0.3419383 -0.3826815 0 -0.9238803 -0.9238803 0 -0.3826815 -0.939721 0.001551298 -0.3419387 -0.396977 0.1007522 -0.9122819 0 0 1 0 0 -1 -1 8.305634E-05 0 -0.9238803 -0.0001828091 0.3826815 -0.3826815 0 0.9238803 -0.9238803 0 -0.3826815 -0.3826815 0 -0.9238803 0.9983138 0.05804753 -2.864868E-08 -0.9999985 -0.001770125 1.090759E-08 -0.8171257 0.4059713 -0.4092589 -0.8171257 0.4059713 0.4092589 -0.8171257 -0.4059713 -0.4092589 -0.8171257 -0.4059713 0.4092589 -0.9876038 -0.1569673 4.747883E-06 -0.9876038 -0.1569673 -4.733169E-06 0.8911529 0.2548057 -0.3753939 0.8911529 0.2548057 0.375394 -0.8938642 0.2502604 0.3719899 -0.8938642 0.2502604 -0.3719899 -0.9994645 -0.02965324 0.01383584 -0.7668976 -0.4811194 0.424726 -0.7668976 -0.4811192 -0.4247261 -0.9994645 -0.02965323 -0.01383585 -0.7833505 0.4139195 -0.4637162 -0.9999827 -0.004156551 0.004173516 -0.9999827 -0.004156558 -0.004173509 -0.7833505 0.4139194 0.4637162 -1 0 0 -1 0 0 -1 0 0 -1 0 0 -1 0 0 -1 1.371786E-08 0 -1 2.662636E-09 0 -1 1.169155E-08 0 -1 -1.376043E-08 0 -1 -1.17018E-08 0 -1 6.69435E-05 0 -1 -1.375375E-08 0 -0.9999988 0.001545522 0 -0.9999988 -0.001545522 0 0 0 -1 0 0 -1 -0.9999822 -0.005968362 0 0 0 -1 -0.9999975 0.002250348 0 -0.9999975 -0.002250348 0 0 0 -1 0 0 -1 -0.999895 -0.01449134 0 0 0 -1 0 0 -1 0 0 -1 0 0 1 0 0 1 -1 0.0001499339 0 -1 0 0 -0.9238803 0 -0.3826815 -0.3826815 0 -0.9238803 -0.3970902 -0.09791188 -0.9125419 -0.9397199 -0.002161301 -0.3419383 -0.3826815 0 0.9238803 -0.9238803 0 0.3826815 -0.939721 0.001551306 0.3419387 -0.396977 0.1007521 0.9122819 0 0 -1 0 0 1 -1 8.305921E-05 0 -0.9238803 -0.0001828141 -0.3826815 -0.3826815 0 -0.9238803 -0.9238803 0 0.3826815 -0.3826815 0 0.9238803 0.9852981 -0.170844 5.071537E-09 -0.9846718 -0.1744173 5.366537E-07 -0.9846718 -0.1744173 5.241673E-07 -0.9846718 -0.1744173 5.390358E-07 0.9852981 -0.170844 8.733623E-09 -0.9846718 -0.1744173 5.217852E-07 -0.9852787 0.1709555 5.013211E-05 -0.9846725 -0.1744136 -2.539368E-06 0.9852967 -0.1708518 -8.197446E-06 0.9846519 0.1745297 -2.970899E-05 0.985298 -0.1708446 3.914864E-06 -0.9846702 -0.1744263 9.22901E-07 -0.6655887 0.3189197 0.6747459 0.9493815 -0.3131694 -0.02449017 0.7796022 -0.5734652 -0.2517104 0.9483179 -0.3172979 -0.003900611 -0.6686767 0.3003192 -0.6802057 0.7751955 -0.5899281 0.2259573 0.6629642 0.3192512 -0.6771684 -0.94699 -0.3211354 -0.009055957 -0.772366 -0.5970891 0.2166458 -0.9483421 -0.3163157 -0.02432345 0.6663873 0.2990103 0.6830232 -0.7781021 -0.5767828 -0.2487542 1 0 -4.045394E-07 1 0 -3.627044E-07 -1 0 0 -1 0 0 0.9932632 0.1158797 1.642168E-07 0.9983138 0.05804753 1.243193E-08 0.9932632 0.1158797 1.318002E-07 -0.9999936 -0.003570752 -3.44874E-06 -0.9999985 -0.001770125 -1.935165E-07 -0.9999936 -0.003570752 -1.275961E-06 -0.6519883 0.2193735 -0.7258006 0.9884101 0.1498393 0.0243659 0.8641656 0.4322326 0.257668 0.9884085 0.1496818 -0.02537745 0.6519883 -0.2193735 -0.7258006 0.8641297 0.4327951 -0.2568428 0.9981845 0.05947868 0.009486106 -0.9962528 -0.08610053 0.008185587 -0.9960036 -0.08529869 0.0264768 -0.7538538 0.1543786 0.6386483 0.9992951 -0.02455958 -0.02839469 -0.9149162 0.2975561 0.2727431 0.9993669 -0.02501363 0.02529979 -0.6110286 -0.3112217 -0.7278634 -0.9150981 0.299171 -0.2703559 -0.9938266 -0.1102058 -0.01278466 0.9981851 0.05942718 -0.009743376 -0.9958054 -0.08704365 -0.02819709 0.6491353 0.2245122 0.7267858 -0.9891346 0.1454459 -0.02140746 0.2834422 0.4071435 0.8682711 -0.9891347 0.1454088 0.02165424 -0.6491353 -0.2245121 0.7267858 -0.2834429 -0.407143 0.8682711 -0.9900911 -0.1390665 -0.01949781 0.7556374 0.2970815 0.583742 0.894756 0.3739239 0.2441161 -0.9999983 -0.001811666 0.0002775813 0.9999998 -0.0004703278 -0.0003433496 0.9999804 0.005215401 0.003471701 0.7557762 0.2859369 -0.5891031 -0.990092 -0.1389502 0.02026288 0.8947676 0.3723875 -0.2464112 0.9999764 0.00677899 -0.001110717 -0.9999983 -0.001810248 -0.0002847617 0.9999929 0.003391617 -0.001636999 -0.9807879 0 0.1950772 0.1950772 0 -0.9807879 0.7071068 0 -0.7071068 0.1678856 -0.1366255 -0.976293 -0.9974582 -0.002335252 0.0712154 0.8940179 0.08467188 -0.4399575 0.1879048 -0.06750287 -0.9798648 -0.9781899 -0.01717644 0.2070014 0.7340983 0.1660039 -0.6584393 -0.1950772 -8.480968E-05 -0.9807879 -0.9807878 0.000343825 -0.1950772 -0.7071059 -0.001579906 -0.7071059 -0.1889341 0.06500256 -0.979836 -0.9779153 0.005361774 -0.2089328 -0.7348973 -0.1773581 -0.6545762 -0.9974619 -0.004635133 -0.07105107 -0.1710377 0.1334331 -0.9761873 -0.8938908 -0.08374258 -0.4403935 -0.9807879 -1.071489E-05 0.1950772 0.1950772 0 -0.9807879 0.707104 -0.002828441 -0.707104 0.1646811 0.1398563 -0.9763812 -0.997462 0.005068063 0.0710201 0.8938494 -0.08344152 -0.4405347 0.1888384 0.06523526 -0.979839 -0.9781902 0.01749915 0.2069729 0.7272035 -0.09837503 -0.679336 -0.1950772 0.00030991 -0.9807878 -0.9807879 -0.0002095475 -0.1950772 -0.7071064 -0.001100943 -0.7071064 -0.192179 -0.05709498 -0.9796976 -0.9781148 0.005875611 -0.2079831 -0.7268241 0.09545259 -0.6801584 -0.997462 0.00482684 -0.07103736 -0.1820509 -0.1222552 -0.9756594 -0.8938923 0.0837448 -0.44039 0 0 1 6.706161E-06 -0.0005493016 0.9999999 -0.02270524 0.9996134 0.01604535 0 0 1 -6.706161E-06 -0.0005493016 0.9999999 0.02235658 0.9996253 -0.01579896 0.9196845 -0.2778269 0.2774751 1 0 0 1 0 0 1 0 0 1 0 0 0.9423313 -0.1930307 0.2734059 0.9424089 0.1927886 0.2733094 0.9197352 0.2775998 0.2775346 0.9999484 -0.008209397 -0.005990716 0.9999484 0.008212585 -0.005986437 -0.02270524 0.9996134 0.01604535 0.9999484 0.008209397 0.005990716 0.02235658 0.9996253 -0.01579896 0.9999484 -0.008212585 0.005986437 0.3557296 0.5446313 -0.7594954 0.02270605 0.9996134 0.01604507 0.9999484 -0.008209397 -0.005990716 0.3803855 0.6698211 -0.6376884 0.3561867 -0.5439087 -0.7597989 0.5774636 -0.02130076 -0.8161385 0.3810431 -0.6690944 -0.6380586 -0.006893476 0.5894033 -0.8078095 0.5774619 0.02240761 -0.8161101 -0.02235658 0.9996253 -0.01579896 0.9999484 0.008212585 -0.005986437 -0.006902811 -0.588979 -0.8081189 -0.3826813 0.00109598 -0.9238797 -0.3826815 0 -0.9238803 -0.3826815 0 0.9238803 -0.3990074 0 0.9169477 -0.3826815 0 0.9238803 -0.3990074 0 -0.9169477 0.9999845 0 0.005570452 0.9983138 0.05804753 -1.120519E-07 -0.9999843 0 -0.005611713 -0.9999985 -0.001770125 4.482731E-10 -0.9846718 -0.1744173 8.344973E-09 -0.984355 -0.1743612 -0.02536396 0.9852981 -0.170844 1.114388E-10 0.9852669 -0.1708386 -0.007956862 0.8938642 -0.2502604 0.3719899 0.9860156 0.1664248 0.008719633 0.9850717 -0.1708048 -0.02143601 -0.8911529 -0.2548057 -0.375394 -0.9865192 0.1634479 -0.008048056 -0.9846543 -0.1744142 -0.005961311 0.9931359 0.1158648 -0.01601135 0.9930854 0.1158589 0.01892 0.9983138 0.05804753 1.83097E-07 -0.9998394 -0.003570201 0.01756456 -0.9997909 -0.003570028 -0.02013568 -0.9999985 -0.001770125 1.092874E-08 0.4074419 0.4088225 -0.8166121 -0.4074419 -0.4088225 -0.8166121 -0.9978461 -0.06251068 -0.01988878 -0.7654197 -0.4965762 0.4093224 0.7833505 -0.4139195 0.4637162 0.9999592 0.009009918 0.0006435241 -0.4074419 0.4088225 0.8166121 0.4074419 -0.4088225 0.8166121 0 0 -1 0 0 -1 0 0 -1 0 0 -1 0 0 -1 0 0 -1 -0.9999822 0.005968362 0 -1 0 0 -1 0 0 -0.999895 0.01449134 0 -0.9999968 -0.002529573 0 -0.9999968 0.002529573 0 -0.3826815 0 0.9238803 -0.3826813 0.00109598 0.9238797 -0.3826815 0 -0.9238803 -0.3990074 0 -0.9169477 -0.3826815 0 -0.9238803 -0.3990074 0 0.9169477 0.9870728 0.1602413 -0.003178058 0.9876038 0.1569673 -4.744041E-06 0.8922185 -0.2404553 -0.3822661 -0.9874706 0.1577761 0.002930221 -0.9879558 0.1547361 1.360846E-05 -0.8896525 -0.2457039 0.3849 0.6769239 0.07343249 -0.7323809 0.3167183 -0.4900539 -0.8121186 -0.3167183 0.4900539 -0.8121186 -0.6769239 -0.07343249 -0.7323809 -0.6764484 0.06790242 0.7333531 -0.3130572 -0.4931991 0.8116341 0.3130569 0.4931993 0.8116341 0.6764485 -0.06790171 0.7333531 -0.7843599 0.5504401 -0.2859986 -0.9852929 0.1708744 3.250883E-05 0.7832477 0.5525517 0.2849729 0.9846661 0.1744495 -2.601028E-05 -0.9852832 0.1709299 -9.243417E-05 -0.7843687 0.5503896 0.2860718 -0.351265 -0.3522976 -0.8674672 0.351265 0.3522976 -0.8674672 0.984656 0.1745066 8.779364E-05 0.7832569 0.5524999 -0.2850482 -0.3518473 0.3516384 0.8674986 0.3518484 -0.3516373 0.8674986 -0.7257945 -0.2232767 -0.6506688 -0.8171257 0.4059713 -0.4092589 -0.9995229 -0.02228381 0.02138629 -0.9999675 -0.001784185 -0.007862103 0.7267802 -0.2282464 0.6478381 0.8171257 0.4059713 0.4092589 0.9999825 0.003800347 0.004527038 0.6110286 0.3112217 -0.7278634 0.4485514 -0.3589869 -0.8184926 -0.4485514 0.3589868 -0.8184926 -0.7567568 0.183247 -0.6274868 -0.7668976 -0.4811192 -0.4247261 -0.9967713 -0.07383884 0.03153876 0.9998525 0.01688352 0.003137504 0.9998803 0.01430547 -0.005899881 0.78346 -0.4213213 -0.4568137 -0.6143915 0.3011964 0.7292488 -0.4292898 -0.3725319 0.8227577 0.4292899 0.3725317 0.8227577 0.6143914 -0.3011966 0.7292488 0.9999878 0 -0.004934433 -0.9999634 -0.004340618 0.007376435 -0.9995201 -0.02375257 -0.01988184 -0.8171293 0.4077936 0.4074362 -0.7258006 -0.2197817 0.6518509 0.9999965 -0.002543677 0.000759219 0.9999797 0.002442437 -0.005874707 0.8171291 0.4075878 -0.4076422 0.7267856 -0.225301 -0.6488622 -0.9999871 0 0.005090539 0.2913181 -0.40877 -0.8648936 -0.2913188 0.4087695 -0.8648936 0.9164171 -0.3575936 -0.1797403 0.9991403 0.03346879 0.02446252 0.9991413 0.03336192 -0.02456725 0.9164956 -0.3564586 0.181585 -0.2257346 -0.4381553 -0.8700942 0.2257338 0.4381557 -0.8700942 -0.8648935 -0.4089784 -0.2910257 -0.9991634 -0.02867974 -0.029154 -0.8648936 -0.4088305 0.2912332 -0.9991634 -0.02883941 0.02899763 -0.8676566 0.4283463 -0.2523715 -0.8675923 0.4294117 0.250777 -0.88863 -0.4332623 0.1504009 -0.9999992 -0.001051972 0.0007166338 -0.9999992 -0.001043744 -0.0007249108 -0.8890629 -0.431107 -0.1539931 0.257333 -0.4279019 0.8664178 -0.2573324 0.4279022 0.8664178 0.8682711 -0.4072638 -0.2832694 0.999999 0.0004360785 0.001336206 0.9999992 0.0007565097 -0.001013861 0.8682709 -0.4075595 0.2828444 0.9780331 0.03612938 -0.2052946 0.9972518 -0.01539422 -0.07246944 0.7016994 -0.04114635 -0.711284 0.7984866 -0.2271308 -0.5575219 0.9807872 0.0011961 -0.1950771 0.7071061 0.001394766 -0.7071061 -0.997315 0.01204308 -0.07223415 -0.9777924 -0.0466765 -0.204312 -0.8003773 0.2231835 -0.5564039 -0.7030744 0.03528082 -0.7102406 -0.9807879 0 -0.1950772 -0.7071068 0 -0.7071068 0.9768934 0.03303576 -0.2111584 0.9972518 0.01539424 -0.07246944 0.727421 -0.1000739 -0.6788549 0.7984868 0.2271306 -0.5575218 0.9807879 0.0002670769 -0.1950772 0.7071068 0 -0.7071068 -0.9971852 -0.0184148 -0.07268085 -0.9767326 -0.0361226 -0.2113966 -0.8026175 -0.2184468 -0.5550551 -0.7058469 -0.02309119 -0.707988 -0.9807879 0 -0.1950772 -0.7071068 0 -0.7071068 0.9852981 -0.170844 -1.380516E-08 0.9852981 -0.170844 -1.746725E-08 0.9879558 -0.1547361 -1.360846E-05 0.9879558 -0.1547361 1.361692E-05 -0.9846725 -0.1744137 2.693482E-06 -0.9846718 -0.1744173 1.725061E-08 0.985298 -0.1708445 -3.150812E-06 0.9852963 -0.1708542 1.078764E-05 -0.9846703 -0.1744259 -5.139719E-07 0.9852981 -0.170844 -8.733623E-09  
			<BiTangents>: 420 -0.5771182 -1.163166E-09 0.8166606 0.009762404 -0.9993622 -0.03434822 0.01005383 0.9993982 -0.03319739 -0.5770979 7.190611E-10 0.816675 0.8479096 -0.5298279 -0.01821016 5.280839E-09 0.7066587 0.7075546 1 0 0 0.8481565 0.5294537 -0.01758706 -1.559902E-08 -0.7070238 0.7071897 1 0 0 0.9999245 0.0122787 -0.0004078661 1.094808E-10 -0.5894739 0.8077874 3.051626E-10 0.5890497 0.8080968 0.9999246 -0.01227294 -0.0004218231 6.545032E-09 0.817159 -0.5764123 0.8622305 0.5062172 0.01739879 1 0 0 9.143971E-09 0.816914 0.5767595 0.8618553 -0.5068747 0.01683704 1 0 0 0.8488579 -0.5286211 -4.986897E-05 1 0 0 0.85364 0.5208635 4.829289E-05 0.003387639 0.9999943 8.57831E-05 0.8488579 0.5286211 4.905823E-05 1 0 0 0.003387639 -0.9999943 -8.560863E-05 0.9999255 -0.01220761 -1.046106E-06 0.85364 -0.5208635 -4.911532E-05 0.9999255 0.01220761 1.046227E-06 0 1 0 0 1 0 0 1 0 0 1 0 0.0001499288 1 0 0 1 0 0 1 0 0 1 0 -0.03906878 0.9951948 0.08978289 -0.002031048 0.9999977 0.0007390426 0 1 0 0 1 0 0.001457789 0.9999988 0.0005304494 0.04020085 0.9949116 0.09238446 0 1 0 0 1 0 8.305634E-05 1 0 -0.0001688937 1 6.995766E-05 0 1 0 0 1 0 0 1 0 -2.860037E-08 -1.662985E-09 -1 -1.090757E-08 -1.930779E-11 -1 0.002397176 -0.7075534 -0.7066558 -0.002397176 0.7075534 -0.7066558 0.002397176 0.7075534 -0.7066558 -0.002397176 -0.7075534 -0.7066558 -0.1161672 0.7308779 -0.6725494 0.1161672 -0.7308779 -0.6725494 -0.1073672 -0.6854607 -0.72015 0.1073673 0.6854607 -0.72015 -0.1087108 0.6839653 -0.7213691 0.1087107 -0.6839653 -0.7213691 0.01081082 -0.6983187 -0.7157054 0.05919169 -0.7120102 -0.6996698 -0.05919156 0.7120103 -0.6996697 -0.0108108 0.6983187 -0.7157054 0.01478858 -0.7334057 -0.6796303 1.024884E-05 -0.7097722 -0.7044313 -1.025937E-05 0.7097722 -0.7044313 -0.01478866 0.7334057 -0.6796303 0 1 0 0 1 0 0 1 0 0 1 0 0 1 0 1.371786E-08 1 0 2.662636E-09 1 0 1.169155E-08 1 0 -1.376043E-08 1 0 -1.17018E-08 1 0 6.69435E-05 1 0 -1.375375E-08 1 0 0.001545522 0.9999988 0 -0.001545522 0.9999988 0 0.3826815 0.9238803 0 0.3826815 0.9238803 0 -0.005968362 0.9999822 0 -0.3826815 0.9238803 0 0.002250348 0.9999975 0 -0.002250348 0.9999975 0 0.7071068 0.7071068 0 0.7071068 0.7071068 0 -0.01449134 0.999895 0 -0.7071068 0.7071068 0 0 1 0 0 1 0 0 1 0 0 1 0 0.0001499339 1 0 0 1 0 0 1 0 0 1 0 -0.03906756 0.9951951 -0.08978008 -0.002031023 0.9999977 -0.0007390335 0 1 0 0 1 0 0.001457796 0.9999988 -0.000530452 0.04020083 0.9949116 -0.09238441 0 1 0 0 1 0 8.305921E-05 1 0 -0.0001688983 1 -6.995958E-05 0 1 0 0 1 0 0 1 0 4.996975E-09 -8.664416E-10 -1 -5.284278E-07 -9.360168E-08 -1 -5.161328E-07 -9.142385E-08 -1 -5.307734E-07 -9.401717E-08 -1 8.605222E-09 -1.492087E-09 -1 -5.137872E-07 -9.100836E-08 -1 -0.1669464 -0.9621097 -0.2155776 0.03326551 -0.18779 -0.9816458 -0.1170821 -0.6751735 -0.728308 0.1704113 -0.96138 0.2161216 0.03262246 0.1881183 -0.9816045 -0.119413 0.6741058 -0.7289183 -0.1638561 -0.9444848 0.2847799 0.02342043 0.1483141 -0.988663 0.1306722 0.5420181 -0.8301454 -0.05066385 -0.1392631 -0.9889585 -0.1507598 -0.9505628 -0.2714807 -0.1546822 -0.5240522 -0.8375217 0.1674422 -0.9448352 -0.2815128 0.05604948 -0.1373956 -0.9889292 0.1641618 -0.5171387 -0.8400111 -0.02405866 0.148155 -0.9886715 0.1532526 -0.9514346 0.2669941 -0.1343707 0.5396937 -0.8310688 -4.045394E-07 0 -1 -3.627044E-07 0 -1 0 0 -1 0 0 -1 1.631105E-07 1.902939E-08 -1 1.241097E-08 7.216428E-10 -1 1.309123E-07 1.527297E-08 -1 3.448719E-06 1.23146E-08 -1 1.935162E-07 3.425484E-10 -1 1.275953E-06 4.556142E-09 -1 -0.3189008 -0.9477881 4.566529E-08 0.001051611 0.1537432 -0.9881103 -0.03547805 0.5631104 -0.8256198 -0.002063482 -0.1538966 -0.9880849 -0.3189009 -0.9477881 -4.662947E-09 0.03634158 -0.5626782 -0.8258768 -0.002376564 0.1962691 -0.9805472 0.08611266 -0.9786515 0.1866166 0.07940032 -0.7099115 0.6998008 0.1051153 -0.9311485 0.3491609 -0.02453772 0.1451534 -0.9891048 0.06430003 -0.5596341 0.8262416 0.02141095 -0.1450759 -0.9891888 0.4538598 -0.8910731 -3.243011E-08 0.06165758 -0.5587725 -0.8270257 0.1106519 -0.9762309 -0.186358 0.002114667 -0.1962846 -0.9805446 0.08184863 -0.7096997 -0.6997336 0.3268654 -0.9450709 9.373678E-08 -0.0004426523 -0.148562 -0.988903 0.8207041 -0.5713535 7.43929E-07 0.0001958144 0.1485983 -0.9888976 0.3268654 -0.9450709 -1.621121E-09 0.8207039 -0.5713539 2.311722E-09 -0.001622144 0.1501639 -0.9886597 0.01589365 -0.8992766 0.4370914 0.005452729 -0.5557726 0.8313165 7.865652E-05 -0.1937326 -0.9810544 -0.0005286667 -0.9804713 -0.1966618 0.006139005 -0.7049791 -0.7092015 0.006546994 -0.902882 -0.4298385 0.0008559584 -0.1502715 -0.9886444 0.002981504 -0.5568032 -0.8306391 0.006865041 -0.9804479 0.1966589 -7.133746E-05 0.1937326 -0.9810544 0.003552055 -0.7049902 0.7092081 0 1 0 0 1 0 0 1 0 0.7035826 0.7102854 0.02159012 0.002747203 0.9974593 0.071186 0.1224782 0.8983873 0.4217813 0.3809016 0.9245683 0.009350496 0.001072045 0.9961443 0.08772345 0.07088886 0.9456242 0.3174426 -1.654443E-05 1 -8.31803E-05 0.0003372194 0.9999999 6.707243E-05 -0.001117163 0.9999987 -0.001117163 0.3803921 0.9247475 -0.01200005 0.02319944 0.9962779 -0.08301842 0.06206004 0.9435605 -0.3253339 0.0004473109 0.9974512 -0.07135002 0.7028073 0.7109062 -0.02596647 0.1234028 0.8984743 -0.421326 -1.050903E-05 1 2.090231E-06 0 1 0 0.00200001 0.999996 -0.00200001 -0.7043096 0.709686 -0.01713717 -1.437605E-05 0.9974492 -0.07138085 -0.1237023 0.8985023 -0.4211784 -0.3804396 0.9247311 -0.01175348 -0.0007551429 0.9961387 -0.0877905 -0.1228847 0.9550312 -0.269842 6.045638E-05 0.9999999 0.000303956 -0.0002055216 1 -4.087793E-05 -0.0007784844 0.9999994 -0.0007784844 -0.3787631 0.9252694 0.02037575 -0.01216803 0.9962751 0.0853697 -0.1251091 0.9553277 0.2677623 -0.0002556015 0.9974504 0.07136367 -0.7000353 0.7129135 0.04128967 -0.1234114 0.8984622 0.4213493 -0.003387639 0.9999943 0 0.9999254 0.01220761 1.598393E-13 0.5771182 -1.477134E-10 0.8166606 0.003387639 0.9999943 0 0.9999254 -0.01220761 -1.598393E-13 0.5771182 -1.163166E-09 0.8166606 -5.280839E-09 0.7066587 0.7075546 0 0.797742 -0.6029989 0 0.6290621 0.777355 0 -0.6294844 0.7770131 0 0.7973996 0.6034516 -9.143971E-09 0.816914 0.5767595 -6.545032E-09 0.817159 -0.5764123 1.559902E-08 -0.7070238 0.7071897 -1.094808E-10 -0.5894739 0.8077874 -3.051626E-10 0.5890497 0.8080968 0.5771182 -1.477134E-10 0.8166606 1.094808E-10 -0.5894739 0.8077874 0.5771182 -1.163166E-09 0.8166606 3.051626E-10 0.5890497 0.8080968 0.8481565 -0.5294537 0.01758706 -0.5770979 7.190611E-10 0.816675 -1.094808E-10 -0.5894739 0.8077874 0.8622305 -0.5062172 -0.01739879 0.8479096 0.529828 0.01821024 0.01005384 -0.9993982 0.03319739 0.8618553 0.5068747 -0.01683704 0.9999246 0.01227294 0.0004218231 0.009763952 0.9993623 0.03434785 -0.5771182 -1.163166E-09 0.8166606 -3.051626E-10 0.5890497 0.8080968 0.9999245 -0.0122787 0.0004078661 0.0004194113 0.9999994 0.001012554 0 1 0 0 1 0 0 1 0 0 1 0 0 1 0 0.005570452 0 -0.9999845 -1.118629E-07 -6.504336E-09 -1 0.005611713 0 -0.9999843 -4.482724E-10 -7.934994E-13 -1 -8.21706E-09 -1.455508E-09 -1 0.02497517 0.004423913 -0.9996783 1.098004E-10 -1.903865E-11 -1 -0.007839881 0.001359382 -0.9999683 0.1087107 -0.6839653 -0.7213691 0.1289548 -0.7287826 -0.6724929 -0.02112086 0.003662214 -0.9997702 -0.1073673 -0.6854607 0.72015 -0.1262393 -0.7288026 0.6729862 0.005869935 0.001039756 -0.9999822 -0.01590348 -0.00185539 -0.9998719 0.01879254 0.002192444 -0.999821 1.827883E-07 1.062833E-08 -1 -0.01756445 -6.271867E-05 -0.9998457 0.02013555 7.189951E-05 -0.9997972 -1.092873E-08 -1.934524E-11 -1 0.7083017 -0.7059098 2.043496E-09 0.7083017 -0.7059098 -2.043496E-09 0.05787294 -0.696147 -0.7155628 0.0759498 -0.7013177 -0.7087913 0.01478859 -0.7334057 -0.6796303 0.006848189 -0.7097272 -0.7044434 -0.7083017 -0.7059098 -2.043496E-09 -0.7083017 -0.7059098 2.043496E-09 0 1 0 -0.3826815 0.9238803 0 0 1 0 -0.7071068 0.7071068 0 0 1 0 0 1 0 0.005968362 0.9999822 0 0 1 0 0 1 0 0.01449134 0.999895 0 -0.002529573 0.9999968 0 0.002529573 0.9999968 0 0 1 0 0.0004194114 0.9999994 -0.001012555 0 1 0 0 1 0 0 1 0 0 1 0 0.1557779 -0.9638645 -0.2160982 0.1161672 -0.7308779 0.6725494 0.1214802 -0.6874736 0.7159767 -0.1534437 -0.9643587 0.2155627 -0.1144536 -0.7307018 -0.6730344 -0.1191619 -0.6887757 -0.7151144 0.107847 -0.9941675 7.463009E-10 -0.8398634 -0.5427977 7.289301E-09 -0.8398634 -0.5427977 -7.289301E-09 0.107847 -0.9941675 -7.463009E-10 -0.09987875 -0.9949996 8.712393E-08 0.8442787 -0.5359043 -9.044675E-09 0.8442789 -0.5359042 3.114622E-07 -0.09987827 -0.9949996 4.39154E-07 -0.09815432 -0.5653862 -0.8189653 -0.117115 -0.6751679 -0.728308 0.1001068 -0.564477 0.8193561 0.1194469 -0.6740998 0.7289183 -0.1171961 -0.6751538 0.728308 -0.0980842 -0.5654354 0.8189397 0.7081439 -0.7060682 2.556581E-09 0.7081439 -0.7060682 -2.556581E-09 0.1195303 -0.674085 -0.7289183 0.1000349 -0.5645278 -0.8193299 -0.7068959 -0.7073176 6.42818E-07 -0.7068954 -0.7073181 6.551394E-07 0.002990425 -0.9468762 0.3215845 0.002397176 -0.7075534 -0.7066558 0.0002651266 -0.6985927 -0.7155195 0.0002855377 -0.9824302 0.1866305 -0.002873115 -0.944176 -0.329429 -0.002397176 -0.7075534 0.7066558 -0.0004915977 -0.7097742 0.7044291 0.4538598 -0.8910731 3.243011E-08 -0.6248497 -0.7807451 5.221071E-08 -0.6248497 -0.7807451 1.120631E-09 0.08163244 -0.9259 -0.3688433 0.05919156 -0.7120103 0.6996697 0.07411476 -0.6950368 0.715144 0.01717083 -0.980326 -0.196637 0.01430944 -0.7096401 0.704419 0.006859345 -0.7291787 0.6842889 -0.4401856 -0.8979068 -3.550043E-08 0.6554134 -0.7552704 -2.404335E-09 0.6554133 -0.7552705 -1.705461E-07 -0.4401858 -0.8979067 -1.202343E-07 -0.004934433 0 -0.9999878 0.002887611 -0.9824222 -0.1866503 0.002366646 -0.6985443 0.715563 0.0002911196 -0.7065048 0.7077082 0.0003125894 -0.9476935 -0.3191816 -0.002643312 -0.9804681 0.1966606 -0.002404712 -0.7097802 -0.7044192 -0.0005290616 -0.7066234 -0.7075896 -0.0006067571 -0.9448832 0.3274072 -0.005090539 0 -0.9999871 -0.8143553 -0.5803666 5.884514E-09 -0.8143551 -0.580367 7.312117E-07 0.03722733 0.5233132 -0.8513268 -0.006789699 0.7142339 -0.6998742 0.006640187 -0.7142389 -0.6998705 -0.03524105 -0.5240871 -0.8509352 0.8889601 -0.4579847 -7.423291E-07 0.8889602 -0.4579843 1.295426E-10 0.0003105839 -0.5802198 0.8144599 9.120102E-05 -0.7144423 0.6996944 9.019701E-05 -0.5803241 -0.8143857 0.0003145006 -0.7144358 -0.699701 -0.03266003 -0.5556348 -0.8307847 0.03432484 0.5548118 -0.8312675 0.1046646 -0.5108678 -0.8532639 0.0002333942 -0.7049976 -0.7092097 -0.0002217236 0.7049976 -0.7092097 -0.1009212 0.512688 -0.8526229 -0.8569701 -0.515366 6.294231E-07 -0.8569703 -0.5153658 -1.068648E-07 -0.0001835973 -0.5712677 0.8207638 -0.0006402154 -0.7049983 0.7092088 -0.0001857021 -0.704998 -0.7092093 -0.0006331652 -0.5710568 -0.8209103 -0.01754254 0.9956371 0.09164669 0.02047586 0.9973432 0.06990895 0.2270321 0.9592023 0.1684849 0.4203427 0.8733159 0.2462345 -0.001173121 0.9999993 0.0002333319 -0.0009862487 0.999999 0.0009862487 0.01712499 0.9973893 -0.07015206 -0.02790418 0.9951984 -0.09381671 0.4167315 0.874333 -0.2487504 0.2227375 0.959436 -0.1728307 0 1 0 0 1 0 -0.05035644 0.9957445 -0.07718235 -0.02047587 0.9973432 -0.06990895 -0.1215908 0.9548547 -0.2710502 -0.4203426 0.8733159 -0.2462346 -0.0002619457 1 5.210061E-05 0 1 0 -0.02349613 0.997292 0.06968914 -0.05338475 0.9956373 0.07652734 -0.4124064 0.8755162 0.2517784 -0.2137891 0.9598068 0.1818383 0 1 0 0 1 0 -1.36022E-08 2.358529E-09 -1 -1.721044E-08 2.984174E-09 -1 -0.1144536 -0.7307018 -0.6730344 0.1144536 0.7307018 -0.6730344 -0.03326567 0.18779 -0.9816458 -1.698619E-08 -3.008805E-09 -1 -0.03262169 -0.1881184 -0.9816044 0.1170856 0.6751729 -0.728308 0.1194125 -0.6741059 -0.7289183 -8.605222E-09 1.492087E-09 -1  
			<SubMeshes>: 1
				<SubMesh>: 0 1068 28 26 1 28 1 4 2 7 22 2 22 23 4 6 21 4 21 28 21 22 7 21 7 9 10 18 20 10 20 29 24 27 13 24 13 15 25 20 18 25 18 19 15 16 25 15 25 24 222 223 11 222 11 224 225 226 12 225 12 227 228 14 229 228 229 230 231 232 233 231 233 8 230 229 234 230 234 5 235 17 232 235 232 231 5 234 236 5 236 3 8 233 237 8 237 0 238 239 14 238 14 228 240 241 17 240 17 235 28 21 9 28 9 242 243 244 226 243 226 225 16 245 20 16 20 25 6 246 22 6 22 21 242 247 26 242 26 28 24 25 19 24 19 248 29 20 245 29 245 249 23 22 246 23 246 250 251 252 223 251 223 222 248 253 27 248 27 24 46 35 36 46 36 47 49 41 35 49 35 46 45 32 40 45 40 50 47 48 38 47 38 39 49 254 255 49 255 41 256 37 30 256 30 44 257 256 44 257 44 31 42 43 254 42 254 49 36 258 48 36 48 47 33 45 50 33 50 259 42 49 46 42 46 34 34 46 47 34 47 39 141 145 51 141 51 140 52 143 142 52 142 148 118 119 117 118 117 121 410 120 116 410 116 411 145 144 146 145 146 51 148 147 149 148 149 52 63 53 54 63 54 66 56 68 69 56 69 55 58 62 61 58 61 57 59 412 413 59 413 60 64 63 66 64 66 65 70 69 68 70 68 67 260 151 156 260 156 261 262 169 177 262 177 263 264 123 135 264 135 265 266 126 129 266 129 267 138 268 269 138 269 125 267 129 131 267 131 270 132 271 272 132 272 122 265 135 137 265 137 273 261 156 160 261 160 274 275 162 166 275 166 276 274 160 162 274 162 275 263 177 181 263 181 277 277 181 174 277 174 278 278 174 184 278 184 279 154 280 281 154 281 150 157 282 283 157 283 159 175 284 285 175 285 183 172 286 287 172 287 168 192 187 195 192 195 198 81 186 193 193 190 81 190 79 81 210 205 213 210 213 216 79 87 83 79 83 71 82 80 74 82 74 73 77 75 72 77 72 71 208 76 78 78 204 208 204 211 208 288 88 289 288 289 290 73 74 78 73 78 76 192 198 202 192 202 189 71 72 81 71 81 79 87 93 89 87 89 83 88 94 291 88 291 289 292 86 85 292 85 293 76 294 84 76 84 73 73 84 295 73 295 82 71 83 296 71 296 77 86 92 91 86 91 85 294 297 90 294 90 84 84 90 298 84 298 295 83 89 299 83 299 296 210 216 220 210 220 207 111 112 101 111 101 100 114 111 100 114 100 106 110 115 105 110 105 97 112 104 103 112 103 113 114 106 300 114 300 301 302 109 95 302 95 102 303 96 109 303 109 302 107 114 301 107 301 108 101 112 113 101 113 304 98 305 115 98 115 110 107 99 111 107 111 114 99 104 112 99 112 111 306 307 308 306 308 134 309 310 311 309 311 128 312 313 314 312 314 315 316 317 318 316 318 319 273 137 414 273 414 415 131 133 124 131 124 416 320 132 122 320 122 321 137 139 127 137 127 414 322 138 125 322 125 323 126 417 130 126 130 129 324 309 128 324 128 325 315 326 327 315 327 312 133 131 129 133 129 130 123 418 136 123 136 135 328 306 134 328 134 329 135 136 139 135 139 137 330 316 319 330 319 331 270 131 416 270 416 419 332 333 334 332 334 335 336 337 338 336 338 178 339 340 341 339 341 163 342 343 344 342 344 165 345 346 347 345 347 180 348 349 350 348 350 351 276 166 153 276 153 352 353 354 355 353 355 356 357 358 359 357 359 360 279 184 171 279 171 361 153 155 152 153 152 151 362 154 150 362 150 363 159 161 158 159 158 157 364 160 156 364 156 365 165 167 164 165 164 342 366 166 162 366 162 367 163 368 369 163 369 339 367 162 160 367 160 364 151 152 365 151 365 156 370 332 335 370 335 371 356 372 373 356 373 353 155 153 166 155 166 366 352 153 151 352 151 260 168 170 173 168 173 172 374 169 171 374 171 375 180 182 179 180 179 345 376 181 177 376 177 377 183 185 176 183 176 175 378 184 174 378 174 379 351 380 381 351 381 348 379 174 181 379 181 376 360 382 383 360 383 357 375 171 184 375 184 378 178 384 385 178 385 336 377 177 169 377 169 374 361 171 169 361 169 262 386 194 191 386 191 387 388 192 189 388 189 389 390 188 194 390 194 386 391 187 192 391 192 388 201 199 196 196 80 201 80 82 201 392 203 200 392 200 393 394 202 198 394 198 395 393 200 197 393 197 396 395 198 195 395 195 397 398 212 209 398 209 399 400 210 207 400 207 401 210 400 206 210 206 205 212 398 402 212 402 403 214 75 77 77 219 214 219 217 214 404 221 218 404 218 405 406 220 216 406 216 407 405 218 215 405 215 408 407 216 213 407 213 409  
		</Mesh>
		<Materials>: 1
			<Material>: 0
				<AlbedoColor>: 1 1 1 1
				<EmissiveColor>: 0 0 0 0
				<Glossiness>: 0.04
				<Metallic>: 0
				<SpecularHighlight>: 1
				<GlossyReflection>: 1
				<AlbedoMap>: BLD_Villa2_A
				<MetallicMap>: BLD_Villa2_MS
				<NormalMap>: BLD_Villa2_N
				<EmissionMap>: null
				<DetailAlbedoMap>: DET_Concrete1_A
				<DetailNormalMap>: DET_Concrete1_N
		</Materials>
		<Children>: 0
	</Frame>
</Hierarchy>
