<Hierarchy>:
	<Frame>: 0 5 Villa1_Top_Mid_A
		<Transform>: 0 0 0 0 0 0 1 1 1 0 0 0 1  
		<TransformMatrix>: 1 0 0 0 0 1 0 0 0 0 1 0 0 0 0 1  
		<BoxCollider>: 1 2 4.456742 -1.735955 4 9.086516 5.891467  
		<Mesh>: 598 Villa1_Top_Mid_A
			<Bounds>: 2 4.456742 -1.735955 2 4.543258 2.945734
			<Positions>: 598 3.926301 8.377607 -3.755298 3.953736 8.521996 -3.852511 3.922158 7.665202 -4.437107 3.953736 7.98169 -4.655023 3.673266 8.377607 -3.755298 3.64583 8.521996 -3.852511 3.677408 7.665202 -4.437107 3.64583 7.98169 -4.655023 3.800868 7.98169 -4.655023 3.875461 7.665202 -4.437107 3.878022 8.377607 -3.755298 3.723329 8.377607 -3.755298 3.725831 7.665202 -4.437107 3.800868 8.521996 -3.852511 3.926185 8.357961 -3.773905 3.673383 8.357961 -3.773905 3.877951 8.357961 -3.773905 3.723398 8.357961 -3.773905 3.875644 7.715938 -4.388551 3.725654 7.715938 -4.388551 3.837271 7.655752 -4.347067 3.836131 8.313638 -3.742067 3.764026 7.655752 -4.347067 3.765218 8.313638 -3.742067 3.876624 7.989046 -4.12709 3.953736 8.22856 -4.288349 3.64583 8.22856 -4.288349 3.724694 7.989046 -4.12709 3.800868 8.22856 -4.288349 3.764531 7.934727 -4.090518 3.924041 7.989046 -4.12709 3.675527 7.989046 -4.12709 3.836787 7.934727 -4.090518 2.679648 8.377607 -3.755298 2.707084 8.521996 -3.852511 2.675506 7.665202 -4.437107 2.707084 7.98169 -4.655023 2.426614 8.377607 -3.755298 2.399178 8.521996 -3.852511 2.430756 7.665202 -4.437107 2.399178 7.98169 -4.655023 2.554215 7.98169 -4.655023 2.628808 7.665202 -4.437107 2.63137 8.377607 -3.755298 2.476676 8.377607 -3.755298 2.479178 7.665202 -4.437107 2.554215 8.521996 -3.852511 2.679532 8.357961 -3.773905 2.42673 8.357961 -3.773905 2.631298 8.357961 -3.773905 2.476746 8.357961 -3.773905 2.628991 7.715938 -4.388551 2.479001 7.715938 -4.388551 2.590618 7.655752 -4.347067 2.589478 8.313638 -3.742067 2.517373 7.655752 -4.347067 2.518565 8.313638 -3.742067 2.629972 7.989046 -4.12709 2.707084 8.22856 -4.288349 2.399178 8.22856 -4.288349 2.478042 7.989046 -4.12709 2.554215 8.22856 -4.288349 2.517879 7.934727 -4.090518 2.677388 7.989046 -4.12709 2.428874 7.989046 -4.12709 2.590135 7.934727 -4.090518 1.239068 8.377607 -3.755298 1.266503 8.521996 -3.852511 1.234925 7.665202 -4.437107 1.266503 7.98169 -4.655023 0.9860334 8.377607 -3.755298 0.9585972 8.521996 -3.852511 0.9901752 7.665202 -4.437107 0.9585972 7.98169 -4.655023 1.113635 7.98169 -4.655023 1.188228 7.665202 -4.437107 1.190789 8.377607 -3.755298 1.036096 8.377607 -3.755298 1.038598 7.665202 -4.437107 1.113635 8.521996 -3.852511 1.238952 8.357961 -3.773905 0.9861498 8.357961 -3.773905 1.190718 8.357961 -3.773905 1.036165 8.357961 -3.773905 1.188411 7.715938 -4.388551 1.038421 7.715938 -4.388551 1.150038 7.655752 -4.347067 1.148898 8.313638 -3.742067 1.076793 7.655752 -4.347067 1.077985 8.313638 -3.742067 1.189391 7.989046 -4.12709 1.266503 8.22856 -4.288349 0.9585972 8.22856 -4.288349 1.037461 7.989046 -4.12709 1.113635 8.22856 -4.288349 1.077298 7.934727 -4.090518 1.236808 7.989046 -4.12709 0.9882936 7.989046 -4.12709 1.149554 7.934727 -4.090518 4 8.1 -4.4 4 7.5 -4.4 4 8.4 -3.900001 4 9 -3.900001 4 1.001833 1.1 0 8.4 -3.900001 0 1.001833 1.1 0 8.1 -4.4 0 7.5 -4.4 0 9 -3.900001 4 0.0005576238 0.6000001 0 0.0005576238 0.6000001 4 8.247808 -4.661052 4 7.396816 -4.681689 4 8.547807 -4.161053 4 9 -4.200001 4 1.001833 -0.3030942 0 8.547807 -4.161053 0 1.001833 -0.3030942 0 8.247808 -4.661052 0 7.396816 -4.681689 0 9 -4.200001 4 0.0005575634 -0.3030942 0 0.0005575634 -0.3030942 3.92631 0.8678411 1.167049 3.953745 0.9465457 1.011794 3.922167 -0.08651662 0.9188825 3.953745 0.08364105 0.5743554 3.673275 0.8678411 1.167049 3.645839 0.9465457 1.011794 3.677417 -0.08651662 0.9188825 3.645839 0.08364105 0.5743554 3.800877 0.08364105 0.5743554 3.875469 -0.08651662 0.9188825 3.878031 0.8678411 1.167049 3.723337 0.8678411 1.167049 3.72584 -0.08651662 0.9188825 3.800877 0.9465457 1.011794 3.926193 0.8416172 1.160376 3.673391 0.8416172 1.160376 3.877959 0.8416172 1.160376 3.723407 0.8416172 1.160376 3.875652 -0.01854926 0.9365556 3.725662 -0.01854926 0.9365556 3.837279 -0.05088729 1.002111 3.83614 0.8184308 1.209778 3.764034 -0.05088729 1.002111 3.765226 0.8184308 1.209778 3.876633 0.3473535 1.031765 3.953745 0.477909 0.7742247 3.645839 0.477909 0.7742247 3.724703 0.3473535 1.031765 3.800877 0.477909 0.7742247 3.76454 0.3177449 1.090172 3.924049 0.3473535 1.031765 3.675535 0.3473535 1.031765 3.836796 0.3177449 1.090172 2.679657 0.8678411 1.167049 2.707092 0.9465457 1.011794 2.675514 -0.08651662 0.9188825 2.707092 0.08364105 0.5743554 2.426622 0.8678411 1.167049 2.399186 0.9465457 1.011794 2.430764 -0.08651662 0.9188825 2.399186 0.08364105 0.5743554 2.554224 0.08364105 0.5743554 2.628817 -0.08651662 0.9188825 2.631378 0.8678411 1.167049 2.476685 0.8678411 1.167049 2.479187 -0.08651662 0.9188825 2.554224 0.9465457 1.011794 2.679541 0.8416172 1.160376 2.426739 0.8416172 1.160376 2.631307 0.8416172 1.160376 2.476754 0.8416172 1.160376 2.629 -0.01854926 0.9365556 2.47901 -0.01854926 0.9365556 2.590627 -0.05088729 1.002111 2.589487 0.8184308 1.209778 2.517382 -0.05088729 1.002111 2.518574 0.8184308 1.209778 2.62998 0.3473535 1.031765 2.707092 0.477909 0.7742247 2.399186 0.477909 0.7742247 2.47805 0.3473535 1.031765 2.554224 0.477909 0.7742247 2.517887 0.3177449 1.090172 2.677397 0.3473535 1.031765 2.428883 0.3473535 1.031765 2.590143 0.3177449 1.090172 1.239077 0.8678411 1.167049 1.266512 0.9465457 1.011794 1.234934 -0.08651662 0.9188825 1.266512 0.08364105 0.5743554 0.986042 0.8678411 1.167049 0.9586058 0.9465457 1.011794 0.9901838 -0.08651662 0.9188825 0.9586058 0.08364105 0.5743554 1.113644 0.08364105 0.5743554 1.188236 -0.08651662 0.9188825 1.190798 0.8678411 1.167049 1.036104 0.8678411 1.167049 1.038607 -0.08651662 0.9188825 1.113644 0.9465457 1.011794 1.23896 0.8416172 1.160376 0.9861584 0.8416172 1.160376 1.190726 0.8416172 1.160376 1.036174 0.8416172 1.160376 1.188419 -0.01854926 0.9365556 1.038429 -0.01854926 0.9365556 1.150046 -0.05088729 1.002111 1.148907 0.8184308 1.209778 1.076801 -0.05088729 1.002111 1.077993 0.8184308 1.209778 1.1894 0.3473535 1.031765 1.266512 0.477909 0.7742247 0.9586058 0.477909 0.7742247 1.03747 0.3473535 1.031765 1.113644 0.477909 0.7742247 1.077307 0.3177449 1.090172 1.236816 0.3473535 1.031765 0.9883022 0.3473535 1.031765 1.149563 0.3177449 1.090172 0.2010727 8.547807 -4.161053 0.2010727 8.1 -4.4 0.2010727 9 -4.200001 0.2010727 0.0005576238 0.6000001 0.2010727 7.5 -4.4 0.2010727 1.001833 -0.3030942 0.2010727 8.4 -3.900001 0.2010727 9 -3.900001 0.2010727 8.247808 -4.661052 0.2010727 1.001833 1.1 0.2010727 0.0005575634 -0.3030942 0.2010727 7.396816 -4.681689 3.922158 7.665202 -4.437107 3.875461 7.665202 -4.437107 3.64583 8.521996 -3.852511 3.673266 8.377607 -3.755298 3.723329 8.377607 -3.755298 3.673266 8.377607 -3.755298 3.673383 8.357961 -3.773905 3.875644 7.715938 -4.388551 3.725654 7.715938 -4.388551 3.675527 7.989046 -4.12709 3.926301 8.377607 -3.755298 3.926185 8.357961 -3.773905 3.723398 8.357961 -3.773905 3.765218 8.313638 -3.742067 3.836131 8.313638 -3.742067 3.877951 8.357961 -3.773905 3.724694 7.989046 -4.12709 3.764531 7.934727 -4.090518 3.765218 8.313638 -3.742067 3.723398 8.357961 -3.773905 3.876624 7.989046 -4.12709 3.836787 7.934727 -4.090518 3.837271 7.655752 -4.347067 3.875644 7.715938 -4.388551 3.924041 7.989046 -4.12709 3.922158 7.665202 -4.437107 3.953736 7.98169 -4.655023 3.725654 7.715938 -4.388551 3.764026 7.655752 -4.347067 3.877951 8.357961 -3.773905 3.836131 8.313638 -3.742067 3.764026 7.655752 -4.347067 3.837271 7.655752 -4.347067 3.677408 7.665202 -4.437107 3.64583 8.521996 -3.852511 3.800868 8.521996 -3.852511 3.64583 8.22856 -4.288349 3.725831 7.665202 -4.437107 3.677408 7.665202 -4.437107 3.64583 7.98169 -4.655023 3.878022 8.377607 -3.755298 3.926301 8.377607 -3.755298 3.953736 8.521996 -3.852511 3.953736 8.22856 -4.288349 3.953736 7.98169 -4.655023 3.800868 7.98169 -4.655023 3.64583 7.98169 -4.655023 3.953736 8.521996 -3.852511 2.675506 7.665202 -4.437107 2.628808 7.665202 -4.437107 2.399178 8.521996 -3.852511 2.426614 8.377607 -3.755298 2.476676 8.377607 -3.755298 2.426614 8.377607 -3.755298 2.42673 8.357961 -3.773905 2.628991 7.715938 -4.388551 2.479001 7.715938 -4.388551 2.428874 7.989046 -4.12709 2.679648 8.377607 -3.755298 2.679532 8.357961 -3.773905 2.476746 8.357961 -3.773905 2.518565 8.313638 -3.742067 2.589478 8.313638 -3.742067 2.631298 8.357961 -3.773905 2.478042 7.989046 -4.12709 2.517879 7.934727 -4.090518 2.518565 8.313638 -3.742067 2.476746 8.357961 -3.773905 2.629972 7.989046 -4.12709 2.590135 7.934727 -4.090518 2.590618 7.655752 -4.347067 2.628991 7.715938 -4.388551 2.677388 7.989046 -4.12709 2.675506 7.665202 -4.437107 2.707084 7.98169 -4.655023 2.479001 7.715938 -4.388551 2.517373 7.655752 -4.347067 2.631298 8.357961 -3.773905 2.589478 8.313638 -3.742067 2.517373 7.655752 -4.347067 2.590618 7.655752 -4.347067 2.430756 7.665202 -4.437107 2.399178 8.521996 -3.852511 2.554215 8.521996 -3.852511 2.399178 8.22856 -4.288349 2.479178 7.665202 -4.437107 2.430756 7.665202 -4.437107 2.399178 7.98169 -4.655023 2.63137 8.377607 -3.755298 2.679648 8.377607 -3.755298 2.707084 8.521996 -3.852511 2.707084 8.22856 -4.288349 2.707084 7.98169 -4.655023 2.554215 7.98169 -4.655023 2.399178 7.98169 -4.655023 2.707084 8.521996 -3.852511 1.234925 7.665202 -4.437107 1.188228 7.665202 -4.437107 0.9585972 8.521996 -3.852511 0.9860334 8.377607 -3.755298 1.036096 8.377607 -3.755298 0.9860334 8.377607 -3.755298 0.9861498 8.357961 -3.773905 1.188411 7.715938 -4.388551 1.038421 7.715938 -4.388551 0.9882936 7.989046 -4.12709 1.239068 8.377607 -3.755298 1.238952 8.357961 -3.773905 1.036165 8.357961 -3.773905 1.077985 8.313638 -3.742067 1.148898 8.313638 -3.742067 1.190718 8.357961 -3.773905 1.037461 7.989046 -4.12709 1.077298 7.934727 -4.090518 1.077985 8.313638 -3.742067 1.036165 8.357961 -3.773905 1.189391 7.989046 -4.12709 1.149554 7.934727 -4.090518 1.150038 7.655752 -4.347067 1.188411 7.715938 -4.388551 1.236808 7.989046 -4.12709 1.234925 7.665202 -4.437107 1.266503 7.98169 -4.655023 1.038421 7.715938 -4.388551 1.076793 7.655752 -4.347067 1.190718 8.357961 -3.773905 1.148898 8.313638 -3.742067 1.076793 7.655752 -4.347067 1.150038 7.655752 -4.347067 0.9901752 7.665202 -4.437107 0.9585972 8.521996 -3.852511 1.113635 8.521996 -3.852511 0.9585972 8.22856 -4.288349 1.038598 7.665202 -4.437107 0.9901752 7.665202 -4.437107 0.9585972 7.98169 -4.655023 1.190789 8.377607 -3.755298 1.239068 8.377607 -3.755298 1.266503 8.521996 -3.852511 1.266503 8.22856 -4.288349 1.266503 7.98169 -4.655023 1.113635 7.98169 -4.655023 0.9585972 7.98169 -4.655023 1.266503 8.521996 -3.852511 4 7.5 -4.4 0.2010727 7.5 -4.4 0.2010727 8.1 -4.4 0.2010727 8.4 -3.900001 0.2010727 1.001833 1.1 0.2010727 7.396816 -4.681689 4 8.247808 -4.661052 0.2010727 8.247808 -4.661052 0.2010727 8.547807 -4.161053 0 1.001833 -0.3030942 0.2010727 1.001833 -0.3030942 4 9 -3.900001 0.2010727 9 -4.200001 0.2010727 9 -3.900001 4 7.5 -4.4 4 7.396816 -4.681689 4 8.247808 -4.661052 4 8.1 -4.4 4 1.001833 1.1 4 7.396816 -4.681689 4 7.5 -4.4 4 8.1 -4.4 4 8.247808 -4.661052 4 8.547807 -4.161053 4 8.4 -3.900001 4 9 -4.200001 4 9 -3.900001 0 8.4 -3.900001 0 8.547807 -4.161053 0 8.1 -4.4 0 9 -4.200001 0 8.1 -4.4 0 8.247808 -4.661052 0 7.396816 -4.681689 0 7.5 -4.4 0 7.396816 -4.681689 0 1.001833 -0.3030942 0 1.001833 1.1 0 0.0005576238 0.6000001 0 0.0005575634 -0.3030942 0.2010727 0.0005575634 -0.3030942 0.2010727 0.0005576238 0.6000001 0 1.001833 1.1 0 1.001833 -0.3030942 0 0.0005575634 -0.3030942 0 0.0005576238 0.6000001 4 1.001833 -0.3030942 4 1.001833 1.1 3.922167 -0.08651662 0.9188825 3.875469 -0.08651662 0.9188825 3.645839 0.9465457 1.011794 3.673275 0.8678411 1.167049 3.723337 0.8678411 1.167049 3.673275 0.8678411 1.167049 3.673391 0.8416172 1.160376 3.875652 -0.01854926 0.9365556 3.725662 -0.01854926 0.9365556 3.675535 0.3473535 1.031765 3.92631 0.8678411 1.167049 3.926193 0.8416172 1.160376 3.723407 0.8416172 1.160376 3.765226 0.8184308 1.209778 3.83614 0.8184308 1.209778 3.877959 0.8416172 1.160376 3.724703 0.3473535 1.031765 3.76454 0.3177449 1.090172 3.765226 0.8184308 1.209778 3.723407 0.8416172 1.160376 3.876633 0.3473535 1.031765 3.836796 0.3177449 1.090172 3.837279 -0.05088729 1.002111 3.875652 -0.01854926 0.9365556 3.924049 0.3473535 1.031765 3.922167 -0.08651662 0.9188825 3.953745 0.08364105 0.5743554 3.725662 -0.01854926 0.9365556 3.764034 -0.05088729 1.002111 3.877959 0.8416172 1.160376 3.83614 0.8184308 1.209778 3.764034 -0.05088729 1.002111 3.837279 -0.05088729 1.002111 3.677417 -0.08651662 0.9188825 3.645839 0.9465457 1.011794 3.800877 0.9465457 1.011794 3.645839 0.477909 0.7742247 3.72584 -0.08651662 0.9188825 3.677417 -0.08651662 0.9188825 3.645839 0.08364105 0.5743554 3.878031 0.8678411 1.167049 3.92631 0.8678411 1.167049 3.953745 0.9465457 1.011794 3.953745 0.477909 0.7742247 3.953745 0.08364105 0.5743554 3.800877 0.08364105 0.5743554 3.645839 0.08364105 0.5743554 3.953745 0.9465457 1.011794 2.675514 -0.08651662 0.9188825 2.628817 -0.08651662 0.9188825 2.399186 0.9465457 1.011794 2.426622 0.8678411 1.167049 2.476685 0.8678411 1.167049 2.426622 0.8678411 1.167049 2.426739 0.8416172 1.160376 2.629 -0.01854926 0.9365556 2.47901 -0.01854926 0.9365556 2.428883 0.3473535 1.031765 2.679657 0.8678411 1.167049 2.679541 0.8416172 1.160376 2.476754 0.8416172 1.160376 2.518574 0.8184308 1.209778 2.589487 0.8184308 1.209778 2.631307 0.8416172 1.160376 2.47805 0.3473535 1.031765 2.517887 0.3177449 1.090172 2.518574 0.8184308 1.209778 2.476754 0.8416172 1.160376 2.62998 0.3473535 1.031765 2.590143 0.3177449 1.090172 2.590627 -0.05088729 1.002111 2.629 -0.01854926 0.9365556 2.677397 0.3473535 1.031765 2.675514 -0.08651662 0.9188825 2.707092 0.08364105 0.5743554 2.47901 -0.01854926 0.9365556 2.517382 -0.05088729 1.002111 2.631307 0.8416172 1.160376 2.589487 0.8184308 1.209778 2.517382 -0.05088729 1.002111 2.590627 -0.05088729 1.002111 2.430764 -0.08651662 0.9188825 2.399186 0.9465457 1.011794 2.554224 0.9465457 1.011794 2.399186 0.477909 0.7742247 2.479187 -0.08651662 0.9188825 2.430764 -0.08651662 0.9188825 2.399186 0.08364105 0.5743554 2.631378 0.8678411 1.167049 2.679657 0.8678411 1.167049 2.707092 0.9465457 1.011794 2.707092 0.477909 0.7742247 2.707092 0.08364105 0.5743554 2.554224 0.08364105 0.5743554 2.399186 0.08364105 0.5743554 2.707092 0.9465457 1.011794 1.234934 -0.08651662 0.9188825 1.188236 -0.08651662 0.9188825 0.9586058 0.9465457 1.011794 0.986042 0.8678411 1.167049 1.036104 0.8678411 1.167049 0.986042 0.8678411 1.167049 0.9861584 0.8416172 1.160376 1.188419 -0.01854926 0.9365556 1.038429 -0.01854926 0.9365556 0.9883022 0.3473535 1.031765 1.239077 0.8678411 1.167049 1.23896 0.8416172 1.160376 1.036174 0.8416172 1.160376 1.077993 0.8184308 1.209778 1.148907 0.8184308 1.209778 1.190726 0.8416172 1.160376 1.03747 0.3473535 1.031765 1.077307 0.3177449 1.090172 1.077993 0.8184308 1.209778 1.036174 0.8416172 1.160376 1.1894 0.3473535 1.031765 1.149563 0.3177449 1.090172 1.150046 -0.05088729 1.002111 1.188419 -0.01854926 0.9365556 1.236816 0.3473535 1.031765 1.234934 -0.08651662 0.9188825 1.266512 0.08364105 0.5743554 1.038429 -0.01854926 0.9365556 1.076801 -0.05088729 1.002111 1.190726 0.8416172 1.160376 1.148907 0.8184308 1.209778 1.076801 -0.05088729 1.002111 1.150046 -0.05088729 1.002111 0.9901838 -0.08651662 0.9188825 0.9586058 0.9465457 1.011794 1.113644 0.9465457 1.011794 0.9586058 0.477909 0.7742247 1.038607 -0.08651662 0.9188825 0.9901838 -0.08651662 0.9188825 0.9586058 0.08364105 0.5743554 1.190798 0.8678411 1.167049 1.239077 0.8678411 1.167049 1.266512 0.9465457 1.011794 1.266512 0.477909 0.7742247 1.266512 0.08364105 0.5743554 1.113644 0.08364105 0.5743554 0.9586058 0.08364105 0.5743554 1.266512 0.9465457 1.011794 0 8.1 -4.4 0 7.5 -4.4 4 8.1 -4.4 4 8.4 -3.900001 4 1.001833 1.1 4 0.0005576238 0.6000001 4 7.396816 -4.681689 4 1.001833 -0.3030942 0.2010727 1.001833 -0.3030942 0.2010727 7.396816 -4.681689 4 9 -4.200001 4 8.547807 -4.161053 0 9 -4.200001 0 9 -3.900001 0.2010727 1.001833 1.1 0.2010727 7.5 -4.4 0 7.5 -4.4 0 1.001833 1.1 0 9 -3.900001 0 8.4 -3.900001 0 7.396816 -4.681689 0 8.247808 -4.661052 0 8.247808 -4.661052 0 8.547807 -4.161053 4 1.001833 -0.3030942 4 0.0005575634 -0.3030942 4 0.0005575634 -0.3030942 4 0.0005576238 0.6000001  
			<Colors>: 0  
			<TextureCoords0>: 598 0.7631836 0.831543 0.7661133 0.8208008 0.6982422 0.831543 0.7392578 0.9594727 0.7631836 0.8491211 0.7661133 0.8598633 0.6977539 0.8510742 0.7045898 0.8774414 0.7294922 0.9599609 0.6982422 0.8344727 0.7631836 0.8344727 0.7246094 0.8857422 0.6977539 0.8476563 0.7294922 0.8969727 0.7612305 0.831543 0.7612305 0.8491211 0.7612305 0.8344727 0.7607422 0.8461914 0.7036133 0.8344727 0.7036133 0.8476563 0.7070313 0.8398438 0.7578125 0.8383789 0.7075195 0.8427734 0.7583008 0.8422852 0.7290039 0.8334961 0.7329102 0.8120117 0.7338867 0.8696289 0.7294922 0.8481445 0.7294922 0.9311523 0.7280273 0.8432617 0.7290039 0.8305664 0.7294922 0.8510742 0.7280273 0.8383789 0.7631836 0.831543 0.7661133 0.8208008 0.6982422 0.831543 0.7392578 0.9594727 0.7631836 0.8491211 0.7661133 0.8598633 0.6977539 0.8510742 0.7045898 0.8774414 0.7294922 0.9599609 0.6982422 0.8344727 0.7631836 0.8344727 0.7246094 0.8857422 0.6977539 0.8476563 0.7294922 0.8969727 0.7612305 0.831543 0.7612305 0.8491211 0.7612305 0.8344727 0.7607422 0.8461914 0.7036133 0.8344727 0.7036133 0.8476563 0.7070313 0.8398438 0.7578125 0.8383789 0.7075195 0.8427734 0.7583008 0.8422852 0.7290039 0.8334961 0.7329102 0.8120117 0.7338867 0.8696289 0.7294922 0.8481445 0.7294922 0.9311523 0.7280273 0.8432617 0.7290039 0.8305664 0.7294922 0.8510742 0.7280273 0.8383789 0.7631836 0.831543 0.7661133 0.8208008 0.6982422 0.831543 0.7392578 0.9594727 0.7631836 0.8491211 0.7661133 0.8598633 0.6977539 0.8510742 0.7045898 0.8774414 0.7294922 0.9599609 0.6982422 0.8344727 0.7631836 0.8344727 0.7246094 0.8857422 0.6977539 0.8476563 0.7294922 0.8969727 0.7612305 0.831543 0.7612305 0.8491211 0.7612305 0.8344727 0.7607422 0.8461914 0.7036133 0.8344727 0.7036133 0.8476563 0.7070313 0.8398438 0.7578125 0.8383789 0.7075195 0.8427734 0.7583008 0.8422852 0.7290039 0.8334961 0.7329102 0.8120117 0.7338867 0.8696289 0.7294922 0.8481445 0.7294922 0.9311523 0.7280273 0.8432617 0.7290039 0.8305664 0.7294922 0.8510742 0.7280273 0.8383789 0.1000977 0.4628906 0.1000977 0.4995117 0.1000977 0.4995117 0.1000977 0.4726563 0.02783203 0.40625 0.2998047 0.4995117 0.3007813 0.4501953 0.2998047 0.5146484 0.2998047 0.4995117 0.2998047 0.4726563 0.1000977 0.4990234 0.3007813 0.4990234 0.1000977 0.4628906 0.1000977 0.4995117 0.1000977 0.4995117 0.1000977 0.449707 0.02294922 0.4057617 0.2998047 0.4995117 0.0004882813 0.449707 0.2998047 0.5146484 0.3994141 0.449707 0.2998047 0.4726563 0.1000977 0.4990234 0.3007813 0.4990234 0.7631836 0.831543 0.7661133 0.8208008 0.6982422 0.831543 0.7392578 0.9594727 0.7631836 0.8491211 0.7661133 0.8598633 0.6977539 0.8510742 0.7045898 0.8774414 0.7294922 0.9599609 0.6982422 0.8344727 0.7631836 0.8344727 0.7246094 0.8857422 0.6977539 0.8476563 0.7294922 0.8969727 0.7612305 0.831543 0.7612305 0.8491211 0.7612305 0.8344727 0.7607422 0.8461914 0.7036133 0.8344727 0.7036133 0.8476563 0.7070313 0.8398438 0.7578125 0.8383789 0.7075195 0.8427734 0.7583008 0.8422852 0.7290039 0.8334961 0.7329102 0.8120117 0.7338867 0.8696289 0.7294922 0.8481445 0.7294922 0.9311523 0.7280273 0.8432617 0.7290039 0.8305664 0.7294922 0.8510742 0.7280273 0.8383789 0.7631836 0.831543 0.7661133 0.8208008 0.6982422 0.831543 0.7392578 0.9594727 0.7631836 0.8491211 0.7661133 0.8598633 0.6977539 0.8510742 0.7045898 0.8774414 0.7294922 0.9599609 0.6982422 0.8344727 0.7631836 0.8344727 0.7246094 0.8857422 0.6977539 0.8476563 0.7294922 0.8969727 0.7612305 0.831543 0.7612305 0.8491211 0.7612305 0.8344727 0.7607422 0.8461914 0.7036133 0.8344727 0.7036133 0.8476563 0.7070313 0.8398438 0.7578125 0.8383789 0.7075195 0.8427734 0.7583008 0.8422852 0.7290039 0.8334961 0.7329102 0.8120117 0.7338867 0.8696289 0.7294922 0.8481445 0.7294922 0.9311523 0.7280273 0.8432617 0.7290039 0.8305664 0.7294922 0.8510742 0.7280273 0.8383789 0.7631836 0.831543 0.7661133 0.8208008 0.6982422 0.831543 0.7392578 0.9594727 0.7631836 0.8491211 0.7661133 0.8598633 0.6977539 0.8510742 0.7045898 0.8774414 0.7294922 0.9599609 0.6982422 0.8344727 0.7631836 0.8344727 0.7246094 0.8857422 0.6977539 0.8476563 0.7294922 0.8969727 0.7612305 0.831543 0.7612305 0.8491211 0.7612305 0.8344727 0.7607422 0.8461914 0.7036133 0.8344727 0.7036133 0.8476563 0.7070313 0.8398438 0.7578125 0.8383789 0.7075195 0.8427734 0.7583008 0.8422852 0.7290039 0.8334961 0.7329102 0.8120117 0.7338867 0.8696289 0.7294922 0.8481445 0.7294922 0.9311523 0.7280273 0.8432617 0.7290039 0.8305664 0.7294922 0.8510742 0.7280273 0.8383789 0.2897658 0.4995117 0.2897658 0.4628906 0.2897658 0.4726563 0.2906933 0.4990234 0.2897658 0.4995117 0.0004882813 0.4624023 0.2897658 0.4995117 0.2897658 0.4726563 0.2897658 0.4628906 0.2407227 0.40625 0.2906933 0.4990234 0.2897658 0.4995117 0.737793 0.9848633 0.734375 0.9848633 0.7192383 0.8969727 0.7207031 0.8857422 0.7626953 0.8461914 0.7631836 0.8491211 0.7612305 0.8491211 0.7036133 0.8344727 0.7036133 0.8476563 0.7294922 0.8510742 0.7631836 0.831543 0.7612305 0.831543 0.7607422 0.8461914 0.7583008 0.8422852 0.7578125 0.8383789 0.7612305 0.8344727 0.7294922 0.8481445 0.7280273 0.8432617 0.7583008 0.8422852 0.7607422 0.8461914 0.7290039 0.8334961 0.7280273 0.8383789 0.7070313 0.8398438 0.7036133 0.8344727 0.7290039 0.8305664 0.6982422 0.831543 0.7036133 0.8056641 0.7036133 0.8476563 0.7075195 0.8427734 0.7612305 0.8344727 0.7578125 0.8383789 0.7075195 0.8427734 0.7070313 0.8398438 0.6977539 0.8510742 0.7192383 0.8969727 0.7294922 0.8969727 0.7192383 0.9311523 0.7246094 0.9848633 0.7211914 0.9848633 0.7192383 0.9599609 0.734375 0.8857422 0.7373047 0.8857422 0.7392578 0.8969727 0.7392578 0.9311523 0.7392578 0.9594727 0.7294922 0.9599609 0.7192383 0.9599609 0.7392578 0.8969727 0.737793 0.9848633 0.734375 0.9848633 0.7192383 0.8969727 0.7207031 0.8857422 0.7626953 0.8461914 0.7631836 0.8491211 0.7612305 0.8491211 0.7036133 0.8344727 0.7036133 0.8476563 0.7294922 0.8510742 0.7631836 0.831543 0.7612305 0.831543 0.7607422 0.8461914 0.7583008 0.8422852 0.7578125 0.8383789 0.7612305 0.8344727 0.7294922 0.8481445 0.7280273 0.8432617 0.7583008 0.8422852 0.7607422 0.8461914 0.7290039 0.8334961 0.7280273 0.8383789 0.7070313 0.8398438 0.7036133 0.8344727 0.7290039 0.8305664 0.6982422 0.831543 0.7036133 0.8056641 0.7036133 0.8476563 0.7075195 0.8427734 0.7612305 0.8344727 0.7578125 0.8383789 0.7075195 0.8427734 0.7070313 0.8398438 0.6977539 0.8510742 0.7192383 0.8969727 0.7294922 0.8969727 0.7192383 0.9311523 0.7246094 0.9848633 0.7211914 0.9848633 0.7192383 0.9599609 0.734375 0.8857422 0.7373047 0.8857422 0.7392578 0.8969727 0.7392578 0.9311523 0.7392578 0.9594727 0.7294922 0.9599609 0.7192383 0.9599609 0.7392578 0.8969727 0.737793 0.9848633 0.734375 0.9848633 0.7192383 0.8969727 0.7207031 0.8857422 0.7626953 0.8461914 0.7631836 0.8491211 0.7612305 0.8491211 0.7036133 0.8344727 0.7036133 0.8476563 0.7294922 0.8510742 0.7631836 0.831543 0.7612305 0.831543 0.7607422 0.8461914 0.7583008 0.8422852 0.7578125 0.8383789 0.7612305 0.8344727 0.7294922 0.8481445 0.7280273 0.8432617 0.7583008 0.8422852 0.7607422 0.8461914 0.7290039 0.8334961 0.7280273 0.8383789 0.7070313 0.8398438 0.7036133 0.8344727 0.7290039 0.8305664 0.6982422 0.831543 0.7036133 0.8056641 0.7036133 0.8476563 0.7075195 0.8427734 0.7612305 0.8344727 0.7578125 0.8383789 0.7075195 0.8427734 0.7070313 0.8398438 0.6977539 0.8510742 0.7192383 0.8969727 0.7294922 0.8969727 0.7192383 0.9311523 0.7246094 0.9848633 0.7211914 0.9848633 0.7192383 0.9599609 0.734375 0.8857422 0.7373047 0.8857422 0.7392578 0.8969727 0.7392578 0.9311523 0.7392578 0.9594727 0.7294922 0.9599609 0.7192383 0.9599609 0.7392578 0.8969727 0.02783203 0.04296875 0.2407227 0.04296875 0.2897658 0.5146484 0.2897658 0.4995117 0.2906933 0.4501953 0.3994141 0.4624023 0.1000977 0.5146484 0.2897658 0.5146484 0.2897658 0.4995117 0.3007813 0.4501953 0.2906933 0.4501953 0.1000977 0.4619141 0.2897658 0.449707 0.2897658 0.4619141 0.1000977 0.4995117 0.1000977 0.4995117 0.1000977 0.4628906 0.1000977 0.4628906 0.01855469 0.3989258 0.2285156 0.4057617 0.2260742 0.3989258 0.1000977 0.5146484 0.1000977 0.5146484 0.1000977 0.4995117 0.1000977 0.4995117 0.1000977 0.4726563 0.1000977 0.4726563 0.2998047 0.4995117 0.2998047 0.4995117 0.2998047 0.5146484 0.2998047 0.4726563 0.2998047 0.4628906 0.2998047 0.4628906 0.2998047 0.4995117 0.2260742 0.3989258 0.2285156 0.4057617 0.0234375 0.4057617 0.01855469 0.3989258 0.2983398 0.4633789 0.2983398 0.4995117 0.2875977 0.4995117 0.2875977 0.4633789 0.3007813 0.4501953 0.3007813 0.4501953 0.3007813 0.4990234 0.3007813 0.4990234 0.1000977 0.4501953 0.1000977 0.4501953 0.737793 0.9848633 0.734375 0.9848633 0.7192383 0.8969727 0.7207031 0.8857422 0.7626953 0.8461914 0.7631836 0.8491211 0.7612305 0.8491211 0.7036133 0.8344727 0.7036133 0.8476563 0.7294922 0.8510742 0.7631836 0.831543 0.7612305 0.831543 0.7607422 0.8461914 0.7583008 0.8422852 0.7578125 0.8383789 0.7612305 0.8344727 0.7294922 0.8481445 0.7280273 0.8432617 0.7583008 0.8422852 0.7607422 0.8461914 0.7290039 0.8334961 0.7280273 0.8383789 0.7070313 0.8398438 0.7036133 0.8344727 0.7290039 0.8305664 0.6982422 0.831543 0.7036133 0.8056641 0.7036133 0.8476563 0.7075195 0.8427734 0.7612305 0.8344727 0.7578125 0.8383789 0.7075195 0.8427734 0.7070313 0.8398438 0.6977539 0.8510742 0.7192383 0.8969727 0.7294922 0.8969727 0.7192383 0.9311523 0.7246094 0.9848633 0.7211914 0.9848633 0.7192383 0.9599609 0.734375 0.8857422 0.7373047 0.8857422 0.7392578 0.8969727 0.7392578 0.9311523 0.7392578 0.9594727 0.7294922 0.9599609 0.7192383 0.9599609 0.7392578 0.8969727 0.737793 0.9848633 0.734375 0.9848633 0.7192383 0.8969727 0.7207031 0.8857422 0.7626953 0.8461914 0.7631836 0.8491211 0.7612305 0.8491211 0.7036133 0.8344727 0.7036133 0.8476563 0.7294922 0.8510742 0.7631836 0.831543 0.7612305 0.831543 0.7607422 0.8461914 0.7583008 0.8422852 0.7578125 0.8383789 0.7612305 0.8344727 0.7294922 0.8481445 0.7280273 0.8432617 0.7583008 0.8422852 0.7607422 0.8461914 0.7290039 0.8334961 0.7280273 0.8383789 0.7070313 0.8398438 0.7036133 0.8344727 0.7290039 0.8305664 0.6982422 0.831543 0.7036133 0.8056641 0.7036133 0.8476563 0.7075195 0.8427734 0.7612305 0.8344727 0.7578125 0.8383789 0.7075195 0.8427734 0.7070313 0.8398438 0.6977539 0.8510742 0.7192383 0.8969727 0.7294922 0.8969727 0.7192383 0.9311523 0.7246094 0.9848633 0.7211914 0.9848633 0.7192383 0.9599609 0.734375 0.8857422 0.7373047 0.8857422 0.7392578 0.8969727 0.7392578 0.9311523 0.7392578 0.9594727 0.7294922 0.9599609 0.7192383 0.9599609 0.7392578 0.8969727 0.737793 0.9848633 0.734375 0.9848633 0.7192383 0.8969727 0.7207031 0.8857422 0.7626953 0.8461914 0.7631836 0.8491211 0.7612305 0.8491211 0.7036133 0.8344727 0.7036133 0.8476563 0.7294922 0.8510742 0.7631836 0.831543 0.7612305 0.831543 0.7607422 0.8461914 0.7583008 0.8422852 0.7578125 0.8383789 0.7612305 0.8344727 0.7294922 0.8481445 0.7280273 0.8432617 0.7583008 0.8422852 0.7607422 0.8461914 0.7290039 0.8334961 0.7280273 0.8383789 0.7070313 0.8398438 0.7036133 0.8344727 0.7290039 0.8305664 0.6982422 0.831543 0.7036133 0.8056641 0.7036133 0.8476563 0.7075195 0.8427734 0.7612305 0.8344727 0.7578125 0.8383789 0.7075195 0.8427734 0.7070313 0.8398438 0.6977539 0.8510742 0.7192383 0.8969727 0.7294922 0.8969727 0.7192383 0.9311523 0.7246094 0.9848633 0.7211914 0.9848633 0.7192383 0.9599609 0.734375 0.8857422 0.7373047 0.8857422 0.7392578 0.8969727 0.7392578 0.9311523 0.7392578 0.9594727 0.7294922 0.9599609 0.7192383 0.9599609 0.7392578 0.8969727 0.2998047 0.4628906 0.2998047 0.4995117 0.1000977 0.5146484 0.1000977 0.4995117 0.1000977 0.4501953 0.1000977 0.4990234 0.02783203 0.04296875 0.02783203 0.40625 0.2407227 0.40625 0.2407227 0.04296875 0.1000977 0.4726563 0.1000977 0.4995117 0.2998047 0.449707 0.2998047 0.4619141 0.0004882813 0.449707 0.3994141 0.449707 0.3994141 0.4624023 0.0004882813 0.4624023 0.2998047 0.4726563 0.2998047 0.4995117 0.2998047 0.4995117 0.2998047 0.4628906 0.2998047 0.5146484 0.2998047 0.4995117 0.1000977 0.4501953 0.1000977 0.4990234 0.1010742 0.4995117 0.1010742 0.4633789  
			<TextureCoords1>: 598 0.8511428 0.9960938 0.8093033 0.6406202 0.7767358 0.9960938 0.9938529 0.9168647 0.8496611 0.8468016 0.8496575 0.8335053 0.7766582 0.9776262 0.7766582 0.8335053 0.9938529 0.9283994 0.776721 0.9925702 0.8511275 0.9924509 0.9707063 0.885819 0.7766736 0.9812799 0.9765571 0.8726848 0.849101 0.9960936 0.8476677 0.8472437 0.8490857 0.9924541 0.8490367 0.9807923 0.78202 0.9925618 0.7819725 0.9812443 0.9757316 0.7800287 0.9979206 0.8624197 0.9812584 0.7800287 0.9979135 0.8570689 0.8105488 0.9925159 0.8489466 0.6402152 0.8100122 0.8335134 0.8105007 0.981052 0.8869213 0.8237579 0.9590709 0.8570689 0.8105639 0.9960937 0.8100069 0.8554155 0.9590782 0.8625211 0.8511428 0.9730948 0.7324017 0.6406202 0.7767358 0.9730948 0.9938529 0.8897252 0.8496611 0.7808082 0.8496575 0.7675119 0.7766582 0.9546273 0.7766582 0.7675119 0.9938529 0.90126 0.776721 0.9695712 0.8511275 0.969452 0.9663515 0.9960938 0.7766736 0.958281 0.9722023 0.9829596 0.849101 0.9730946 0.8476677 0.7812502 0.8490857 0.9694551 0.8490367 0.9577934 0.78202 0.9695628 0.7819725 0.9582453 0.9605078 0.7800287 0.9979206 0.8352802 0.9660345 0.7800287 0.9979135 0.8299294 0.8105488 0.9695169 0.772045 0.6402152 0.8100122 0.76752 0.8105007 0.9580531 0.8869213 0.8508974 0.9590709 0.8299294 0.8105639 0.9730948 0.8100069 0.789422 0.9590782 0.8353816 0.8511428 0.9500959 0.7324017 0.6736183 0.7767358 0.9500959 0.9609524 0.8897252 0.8496611 0.8138049 0.8496575 0.8005086 0.7766582 0.9316283 0.7766582 0.8005086 0.9609524 0.90126 0.776721 0.9465723 0.8511275 0.946453 0.939212 0.9960938 0.7766736 0.9352821 0.9450628 0.9829596 0.849101 0.9500957 0.8476677 0.814247 0.8490857 0.9464562 0.8490367 0.9347945 0.78202 0.9465639 0.7819725 0.9352464 0.9605078 0.7894505 0.9979206 0.8529866 0.9660346 0.7894505 0.9979135 0.8476357 0.8105488 0.946518 0.772045 0.6732134 0.8100122 0.8005167 0.8105007 0.9350542 0.8100122 0.7519072 0.9590709 0.8476357 0.8105639 0.9500958 0.8100069 0.8224188 0.9590782 0.8530879 0.6915544 0.4233689 0.646281 0.4233691 0.6114565 0.06973672 0.6114563 0.02446342 0.003906255 0.4233691 0.6954606 0.3073217 0.003906288 0.03319287 0.6954608 0.3513193 0.09361432 0.9738373 0.01543795 0.8837136 0.00390625 0.8039574 0.00390625 0.1176407 0.7284952 0.4272753 0.6642644 0.4272756 0.3096345 0.07364303 0.003906409 0.02928644 0.1036336 0.8241078 0.9972826 0.3034152 0.07945804 0.7290979 0.03502418 0.9620426 0.6642646 0.7290974 0.9972824 0.2691685 0.03862024 0.8625958 0.003906403 0.7290979 0.7766582 0.885005 0.8053971 0.6352103 0.8510647 0.8853072 0.9609525 0.9498615 0.8550491 0.9268016 0.8550527 0.9400979 0.8510672 0.9037749 0.9280519 0.9400979 0.9609525 0.9613962 0.8510652 0.8888308 0.7766587 0.8886479 0.9478585 0.7763165 0.8510667 0.9001212 0.9420077 0.7894505 0.7787 0.8850135 0.8570425 0.9263595 0.7787005 0.888653 0.7787022 0.9003148 0.8457661 0.8888177 0.8457677 0.9001353 0.938895 0.7498542 0.9979206 0.8081408 0.9333683 0.7498542 0.9979134 0.8027899 0.8172373 0.8887477 0.7657539 0.6356152 0.894698 0.9400898 0.8172389 0.9002117 0.8869213 0.7694789 0.9590709 0.8027899 0.8172368 0.8851699 0.8947032 0.9181877 0.9590782 0.8082421 0.8550491 0.9770009 0.8053971 0.6022121 0.9294555 0.9773031 0.9609525 0.9168647 0.8550491 0.9597984 0.8550527 0.9730946 0.9294581 0.9957708 0.9280519 0.9730946 0.9609525 0.9283994 0.929456 0.9808267 0.8550496 0.9806438 0.9493437 0.8726849 0.9294576 0.992117 0.9434929 0.885819 0.8570909 0.9770094 0.8570425 0.9593563 0.8570914 0.9806489 0.857093 0.9923108 0.924157 0.9808136 0.9241585 0.9921312 0.9812583 0.783935 0.9979206 0.8258471 0.9757316 0.783935 0.9979135 0.8204963 0.8956282 0.9807436 0.7657539 0.602617 0.894698 0.9730866 0.8956298 0.9922076 0.8869213 0.7966183 0.9590709 0.8204963 0.8956277 0.9771658 0.8947032 0.9511845 0.9590782 0.8259484 0.7766582 0.9080041 0.8053971 0.5692138 0.8510647 0.9083063 0.9938529 0.9498615 0.8550491 0.8938049 0.8550527 0.9071012 0.8510672 0.926774 0.9280519 0.9071012 0.9938529 0.9613962 0.8510652 0.9118299 0.7766587 0.911647 0.9478585 0.7592761 0.8510667 0.9231203 0.9420077 0.7724102 0.7787 0.9080126 0.8570425 0.8933628 0.7787005 0.9116521 0.7787022 0.9233139 0.8457661 0.9118168 0.8457677 0.9231344 0.938895 0.7404324 0.9979206 0.7987076 0.9333683 0.7404324 0.9979134 0.7933568 0.8172373 0.9117468 0.7657539 0.5696188 0.894698 0.907093 0.8172389 0.9232108 0.7657557 0.7173995 0.9590709 0.7933568 0.8172368 0.908169 0.8947032 0.885191 0.9590782 0.7988089 0.5962843 0.07364303 0.6915544 0.136719 0.9821104 0.2691686 0.01907829 0.1176407 0.646281 0.1367192 0.07945802 0.7139258 0.7106326 0.3073216 0.3248066 0.02446336 0.7284954 0.7139251 0.00390625 0.1367194 0.003906343 0.7139258 0.6642646 0.7139254 0.9648587 0.9192474 0.9648587 0.922771 0.9648587 0.8726848 0.9669289 0.885819 0.8510785 0.9807785 0.8510625 0.9770011 0.8490208 0.9770184 0.9728362 0.7745131 0.9841537 0.7745131 0.8104851 0.9773421 0.8094286 0.6539159 0.8114261 0.6543386 0.7922263 0.8669649 0.7953818 0.8710828 0.8007326 0.8710828 0.8038881 0.8669649 0.920024 0.7290859 0.9210864 0.7234008 0.882248 0.7239661 0.8814871 0.7290979 0.8833081 0.7536097 0.8821653 0.7479401 0.8535673 0.7479281 0.8547825 0.7540379 0.8491703 0.6621162 0.8822988 0.6689602 0.8822988 0.6398683 0.9485529 0.7290979 0.9496812 0.7229716 0.921841 0.7530486 0.9210079 0.7479281 0.9304729 0.8570691 0.9304804 0.8625958 0.7769497 0.8625958 0.9265667 0.8354563 0.9265666 0.8237578 0.8869213 0.8354563 0.9648587 0.9340614 0.9648587 0.9377152 0.9938529 0.9400979 0.9823788 0.885819 0.9860218 0.885819 0.9880919 0.8726848 0.8869213 0.8122231 0.8535673 0.8122231 0.8535674 0.8237579 0.8535674 0.8354563 0.9265666 0.8122231 0.9648587 0.892108 0.9648587 0.8956316 0.9605038 0.9829596 0.962574 0.9960938 0.8510785 0.9577796 0.8510625 0.9540021 0.8490208 0.9540195 0.9576123 0.7745131 0.9689299 0.7745131 0.8104851 0.9543431 0.7325269 0.6539159 0.7345244 0.6543386 0.8389305 0.8669649 0.842086 0.8710828 0.8474368 0.8710828 0.8505924 0.8669649 0.8478403 0.7019464 0.8489026 0.6962613 0.8100643 0.6968267 0.8093033 0.7019584 0.806399 0.8806705 0.8052562 0.875001 0.7766582 0.874989 0.7778734 0.8810987 0.7722686 0.6621162 0.8053971 0.6689602 0.8053971 0.6398683 0.8763691 0.7019584 0.8774974 0.6958321 0.8449318 0.8801095 0.8440987 0.874989 0.9304729 0.8299296 0.9304804 0.8354563 0.7769497 0.7966024 0.9265667 0.8625958 0.9265666 0.8508973 0.8869213 0.8625958 0.9648587 0.9069219 0.9648587 0.9105757 0.9938529 0.9129584 0.978024 0.9960938 0.9816669 0.9960938 0.9837371 0.9829596 0.8869213 0.8393626 0.8535673 0.8393626 0.8535674 0.8508974 0.8535674 0.8625958 0.9265666 0.8393626 0.9319582 0.892108 0.9319582 0.8956316 0.9333643 0.9829596 0.9354346 0.9960938 0.8510785 0.9347807 0.8510625 0.9310032 0.8490208 0.9310206 0.9576123 0.783935 0.9689299 0.783935 0.8104851 0.9313442 0.7325269 0.686914 0.7345244 0.6873367 0.7766582 0.8669649 0.7798137 0.8710828 0.7851645 0.8710828 0.78832 0.8669649 0.920024 0.7190533 0.9210864 0.7133682 0.882248 0.7139336 0.8814871 0.7190653 0.8847899 0.8736762 0.8836471 0.8680066 0.8550491 0.8679947 0.8562642 0.8741044 0.7722686 0.6951143 0.8053971 0.7019584 0.8053971 0.6728665 0.9485529 0.7190653 0.9496812 0.712939 0.9233227 0.8731152 0.9224896 0.8679947 0.9304729 0.8476359 0.9304804 0.8531626 0.7769497 0.8295991 0.8496575 0.7636056 0.8496575 0.7519072 0.8100122 0.7636057 0.9319582 0.9069219 0.9319582 0.9105757 0.9609524 0.9129584 0.9508845 0.9960938 0.9545274 0.9960938 0.9565976 0.9829596 0.8100122 0.7403724 0.7766582 0.7403724 0.7766582 0.7519072 0.7766582 0.7636057 0.8496574 0.7403724 0.646281 0.4233691 0.646281 0.1367192 0.7106329 0.3513193 0.3248068 0.06973666 0.01907833 0.03319281 0.6642646 0.7139254 0.3096348 0.1176407 0.5962845 0.1176407 0.9821106 0.3034154 0.07945804 0.7290979 0.07945802 0.7139258 0.00390625 0.006649792 0.2905562 0.02928656 0.290556 0.006649911 0.6830438 0.8403394 0.6871719 0.8625958 0.741634 0.8285447 0.7220022 0.817276 0.04970013 0.7330042 0.6871719 0.8625958 0.6830438 0.8403394 0.7220022 0.817276 0.741634 0.8285447 0.7418936 0.7845477 0.7222619 0.773279 0.7727519 0.7696948 0.7612202 0.7502156 0.05439629 0.906777 0.03476453 0.9180457 0.05465595 0.9507739 0.00390625 0.9031928 0.05465595 0.9507739 0.03502418 0.9620426 0.08948624 0.9960938 0.09361432 0.9738373 0.08948624 0.9960938 0.6730245 0.9576057 0.726958 0.866502 0.6954606 0.3552256 0.6954609 0.4233691 0.7106329 0.4233691 0.7106326 0.3552256 0.726958 0.866502 0.6730245 0.9576057 0.7380379 0.9960938 0.7727519 0.9374554 0.1036336 0.8241078 0.04970013 0.7330042 0.9319582 0.9522442 0.9319582 0.9557678 0.9537061 0.7894505 0.9516359 0.7763165 0.7766604 0.9003204 0.7766609 0.9040979 0.7787027 0.9040888 0.9417905 0.7553698 0.9304729 0.7553698 0.8172395 0.9039217 0.8052719 0.6219146 0.8032744 0.6214918 0.8350243 0.8710828 0.8318688 0.8669649 0.8265179 0.8669649 0.8233625 0.8710828 0.8478402 0.6818812 0.8489026 0.6761961 0.8100642 0.6767615 0.8093033 0.6818932 0.8390481 0.7286696 0.8379052 0.7230002 0.8093073 0.7229881 0.8105224 0.7290979 0.7655302 0.6137142 0.7324017 0.6068701 0.7324017 0.6359621 0.8763691 0.6818932 0.8774974 0.6757669 0.8775809 0.7281086 0.8767478 0.7229881 0.9304729 0.8027901 0.9304804 0.8083168 0.9277605 0.9110074 0.9265667 0.7811773 0.9265666 0.7694789 0.8869213 0.7811773 0.9319582 0.9670581 0.9319582 0.9707119 0.9609525 0.9730946 0.936186 0.7763165 0.932543 0.7763165 0.9304729 0.7894505 0.8869213 0.7579441 0.8535673 0.7579441 0.8535674 0.7694789 0.8535674 0.7811773 0.9265666 0.7579441 0.9319582 0.9192474 0.9319582 0.922771 0.9551914 0.885819 0.9531212 0.8726849 0.8550512 0.9923163 0.8550518 0.9960938 0.8570936 0.9960847 0.9841537 0.7894505 0.9728362 0.7894505 0.8956304 0.9959176 0.8052719 0.5889164 0.8032744 0.5884936 0.8194562 0.8710828 0.8163007 0.8669649 0.8109499 0.8669649 0.8077944 0.8710828 0.8478402 0.6919138 0.8489026 0.6862286 0.8100642 0.686794 0.8093033 0.6919258 0.8833081 0.7435936 0.8821653 0.7379241 0.8535673 0.7379121 0.8547825 0.7440218 0.7655302 0.580716 0.7324017 0.5738719 0.7324017 0.6029638 0.8763691 0.6919258 0.8774974 0.6857995 0.9218409 0.7430326 0.9210078 0.7379121 0.9304729 0.8204964 0.9304804 0.8260232 0.9277605 0.9440041 0.9265667 0.8083168 0.9265666 0.7966183 0.8869213 0.8083168 0.9319582 0.9340614 0.9319582 0.9377152 0.9609525 0.9400979 0.9376712 0.8726849 0.9340284 0.8726849 0.9319582 0.885819 0.8869213 0.7850837 0.8535673 0.7850837 0.8535674 0.7966183 0.8535674 0.8083168 0.9265666 0.7850836 0.9648587 0.9522442 0.9648587 0.9557678 0.9537061 0.7724102 0.9516359 0.7592761 0.7766604 0.9233195 0.7766609 0.927097 0.7787027 0.9270879 0.9417905 0.745948 0.9304729 0.745948 0.8172395 0.9269208 0.8052719 0.5559182 0.8032744 0.5554954 0.9421347 0.8437295 0.9389792 0.8396117 0.9336284 0.8396117 0.9304729 0.8437295 0.9199406 0.7019464 0.921003 0.6962613 0.8821645 0.6968267 0.8814037 0.7019584 0.8390481 0.7186537 0.8379052 0.7129842 0.8093073 0.7129722 0.8105224 0.7190819 0.7655302 0.5477178 0.7324017 0.5408736 0.7324017 0.5699656 0.9484694 0.7019584 0.9495977 0.6958321 0.8775809 0.7180927 0.8767478 0.7129722 0.9304729 0.793357 0.9304804 0.7988837 0.9277605 0.8780106 0.805401 0.7290978 0.805401 0.7173994 0.7657557 0.7290979 0.9648587 0.9670581 0.9648587 0.9707119 0.9938529 0.9730946 0.936186 0.7592761 0.932543 0.7592761 0.9304729 0.7724102 0.7657557 0.7058647 0.7324017 0.7058647 0.7324017 0.7173995 0.7324018 0.7290979 0.805401 0.7058647 0.6915543 0.121547 0.646281 0.1215472 0.9972826 0.3513193 0.9972824 0.3073217 0.3057283 0.03319287 0.3057283 0.1176407 0.6642644 0.4272756 0.07945787 0.4272761 0.07945802 0.7139258 0.6642646 0.7139254 0.6954606 0.2691685 0.6954608 0.3034152 0.3057282 0.02928644 0.305728 0.006649792 0.00390625 0.1367194 0.646281 0.1367192 0.646281 0.1215472 0.003906253 0.1215473 0.3096345 0.02446342 0.3096347 0.06973672 0.6642646 0.7290974 0.7284955 0.7290971 0.6114566 0.1176407 0.6114563 0.07364297 0.07945787 0.4272761 0.00390625 0.4272761 0.9972826 0.4233691 0.9972824 0.3552256  
			<Normals>: 598 0.5350886 -0.09485287 0.8394541 0.6171934 0.7688442 0.1671852 0.5388084 -0.8404556 -0.05761939 0.6051371 0.1355363 -0.7844992 -0.5350886 -0.09485287 0.8394541 -0.6171934 0.7688442 0.1671852 -0.5388084 -0.8404556 -0.05761939 -0.6051371 0.1355363 -0.7844992 0 0.1865048 -0.982454 0 -0.9967859 -0.08011276 0 -0.08273734 0.9965714 0 -0.08273734 0.9965714 0 -0.9967859 -0.08011276 0 0.9814672 0.1916301 0.656712 -0.5253574 0.5410442 -0.656712 -0.5253574 0.5410442 0.1984667 -0.5554198 0.8075393 -0.1984667 -0.5554198 0.8075393 0.267196 -0.7883121 0.5542295 -0.267196 -0.7883121 0.5542295 0.4031567 -0.9150528 -0.01196347 0.3577414 -0.1115768 0.9271309 -0.4031823 -0.9150415 -0.01196332 -0.3577149 -0.111578 0.927141 0.4791851 -0.6049556 0.6359327 0.7436401 0.5584473 -0.3676083 -0.7436401 0.5584473 -0.3676083 -0.4791846 -0.6049245 0.6359627 0 0.8295203 -0.5584766 -0.483705 -0.5948879 0.6419796 0.6693529 -0.5202042 0.5304283 -0.6693529 -0.5202042 0.5304283 0.4836963 -0.5949076 0.641968 0.5350886 -0.09485287 0.8394541 0.6171934 0.7688442 0.1671852 0.5388084 -0.8404556 -0.05761939 0.6051371 0.1355363 -0.7844992 -0.5350886 -0.09485287 0.8394541 -0.6171934 0.7688442 0.1671852 -0.5388084 -0.8404556 -0.05761939 -0.6051371 0.1355363 -0.7844992 0 0.1865048 -0.982454 0 -0.9967859 -0.08011276 0 -0.08273734 0.9965714 0 -0.08273734 0.9965714 0 -0.9967859 -0.08011276 0 0.9814672 0.1916301 0.656712 -0.5253574 0.5410442 -0.6567225 -0.5253353 0.5410529 0.1984667 -0.5554198 0.8075393 -0.1984667 -0.5554198 0.8075393 0.267196 -0.7883121 0.5542295 -0.267196 -0.7883121 0.5542295 0.4031567 -0.9150528 -0.01196347 0.3577414 -0.1115768 0.9271309 -0.4031823 -0.9150415 -0.01196332 -0.3577149 -0.111578 0.927141 0.4791851 -0.6049556 0.6359327 0.7436401 0.5584473 -0.3676083 -0.7436401 0.5584473 -0.3676083 -0.4791846 -0.6049245 0.6359627 0 0.8295203 -0.5584766 -0.4836963 -0.5949076 0.641968 0.6693529 -0.5202042 0.5304283 -0.6693529 -0.5202042 0.5304283 0.4836963 -0.5949076 0.641968 0.5350886 -0.09485287 0.8394541 0.6171934 0.7688442 0.1671852 0.5388084 -0.8404556 -0.05761939 0.6051371 0.1355363 -0.7844992 -0.5350886 -0.09485287 0.8394541 -0.6171934 0.7688442 0.1671852 -0.5388084 -0.8404556 -0.05761939 -0.6051371 0.1355363 -0.7844992 0 0.1865048 -0.982454 0 -0.9967859 -0.08011276 0 -0.08273734 0.9965714 0 -0.08273734 0.9965714 0 -0.9967859 -0.08011276 0 0.9814672 0.1916301 0.656712 -0.5253574 0.5410442 -0.6567225 -0.5253353 0.5410529 0.1984667 -0.5554198 0.8075393 -0.1984667 -0.5554198 0.8075393 0.267196 -0.7883121 0.5542295 -0.267196 -0.7883121 0.5542295 0.4031567 -0.9150528 -0.01196347 0.3577414 -0.1115768 0.9271309 -0.4031823 -0.9150415 -0.01196332 -0.3577149 -0.111578 0.927141 0.4791851 -0.6049556 0.6359327 0.7436401 0.5584473 -0.3676083 -0.7436401 0.5584473 -0.3676083 -0.4791846 -0.6049245 0.6359627 0 0.8295203 -0.5584766 -0.4836963 -0.5949076 0.641968 0.6693529 -0.5202042 0.5304283 -0.6693529 -0.5202042 0.5304283 0.4836963 -0.5949076 0.641968 0 0 1 0 0 1 0 0 1 0 0 1 0 0.6460612 0.7632855 0 -0.8574957 0.5144913 0 -0.4467374 0.8946651 0 -0.8574957 0.5144913 -1 0 0 -1 0 0 1 0 0 0 -0.4467374 0.8946651 0 0.02423197 -0.9997063 0 0.02423197 -0.9997063 0 0.4548637 -0.8905611 0 1 0 1 0 0 0 0.4548637 -0.8905611 0 -0.5649476 -0.8251268 -1 0 0 0 -0.5649476 -0.8251268 0 -0.08578806 -0.9963134 1 0 0 0 0 -1 0.5350906 0.3262793 0.7792431 0.6171862 0.7528433 -0.2287096 0.5388159 -0.761972 0.3592716 0.6051267 -0.2639571 -0.7510981 -0.5350906 0.3262793 0.7792431 -0.6171906 0.7528486 -0.2286807 -0.5388159 -0.761972 0.3592716 -0.6051267 -0.2639571 -0.7510981 0 -0.3159073 -0.9487901 0 -0.9094613 0.4157886 0 0.4134143 0.910543 0 0.4134143 0.910543 0 -0.9094613 0.4157886 0 0.9504235 -0.3109583 0.6567211 -0.1950509 0.7284727 -0.6567211 -0.1950509 0.7284727 0.1984628 -0.0914339 0.9758341 -0.1984634 -0.09140363 0.9758369 0.2671926 -0.4182609 0.8681393 -0.267196 -0.4182357 0.8681505 0.4031655 -0.8048661 0.4354859 0.3577435 0.3543864 0.8639618 -0.4031911 -0.8048562 0.4354806 -0.3577169 0.3543902 0.8639712 0.4791784 -0.2183022 0.8501366 0.7436364 0.3084599 -0.5931756 -0.7436364 0.3084599 -0.5931756 -0.4791784 -0.2183022 0.8501366 0 0.4521386 -0.8919476 -0.483697 -0.2065837 0.8505059 0.66934 -0.1957481 0.7167053 -0.66934 -0.1957481 0.7167053 0.483694 -0.2066129 0.8505006 0.535096 0.326252 0.7792509 0.6171862 0.7528433 -0.2287096 0.5388159 -0.761972 0.3592716 0.6051267 -0.2639571 -0.7510981 -0.535096 0.326252 0.7792509 -0.6171906 0.7528486 -0.2286807 -0.5388159 -0.761972 0.3592716 -0.6051267 -0.2639571 -0.7510981 0 -0.3159073 -0.9487901 0 -0.9094613 0.4157886 0 0.4134143 0.910543 0 0.4134143 0.910543 0 -0.9094613 0.4157886 0 0.9504235 -0.3109583 0.6567211 -0.1950509 0.7284727 -0.6567211 -0.1950509 0.7284727 0.1984628 -0.0914339 0.9758341 -0.1984634 -0.09140363 0.9758369 0.2671926 -0.4182609 0.8681393 -0.267196 -0.4182357 0.8681505 0.4031655 -0.8048661 0.4354859 0.3577435 0.3543864 0.8639618 -0.4031911 -0.8048562 0.4354806 -0.3577169 0.3543902 0.8639712 0.4791784 -0.2183022 0.8501366 0.7436364 0.3084599 -0.5931756 -0.7436364 0.3084599 -0.5931756 -0.4791784 -0.2183022 0.8501366 0 0.4521386 -0.8919476 -0.483697 -0.2065837 0.8505059 0.66934 -0.1957481 0.7167053 -0.66934 -0.1957481 0.7167053 0.483694 -0.2066129 0.8505006 0.5350906 0.3262793 0.7792431 0.6171862 0.7528433 -0.2287096 0.5388159 -0.761972 0.3592716 0.6051267 -0.2639571 -0.7510981 -0.5350906 0.3262793 0.7792431 -0.6171906 0.7528486 -0.2286807 -0.5388159 -0.761972 0.3592716 -0.6051267 -0.2639571 -0.7510981 0 -0.3159073 -0.9487901 0 -0.9094613 0.4157886 0 0.4134143 0.910543 0 0.4134143 0.910543 0 -0.9094613 0.4157886 0 0.9504235 -0.3109583 0.6567211 -0.1950509 0.7284727 -0.6567211 -0.1950509 0.7284727 0.1984628 -0.0914339 0.9758341 -0.1984634 -0.09140363 0.9758369 0.2671926 -0.4182609 0.8681393 -0.267196 -0.4182357 0.8681505 0.4031655 -0.8048661 0.4354859 0.3577435 0.3543864 0.8639618 -0.4031911 -0.8048562 0.4354806 -0.3577169 0.3543902 0.8639712 0.4791784 -0.2183022 0.8501366 0.7436364 0.3084599 -0.5931756 -0.7436499 0.3084655 -0.5931559 -0.4791784 -0.2183022 0.8501366 0 0.4521386 -0.8919476 -0.483697 -0.2065837 0.8505059 0.66934 -0.1957481 0.7167053 -0.66934 -0.1957481 0.7167053 0.483694 -0.2066129 0.8505006 0 0.4548637 -0.8905611 0 0 1 0 -0.08578806 -0.9963134 0 -0.4467374 0.8946651 0 0 1 0 -0.5649476 -0.8251268 0 -0.8574957 0.5144913 0 0 1 0 0.02423197 -0.9997063 0 0.6460612 0.7632855 0 0 -1 0 0.02423197 -0.9997063 0.5388084 -0.8404556 -0.05761939 0 -0.9967859 -0.08011276 -0.6171934 0.7688442 0.1671852 -0.5350886 -0.09485287 0.8394541 0 -0.08273734 0.9965714 -0.5350886 -0.09485287 0.8394541 -0.656712 -0.5253574 0.5410442 0.267196 -0.7883121 0.5542295 -0.267196 -0.7883121 0.5542295 -0.6693529 -0.5202042 0.5304283 0.5350886 -0.09485287 0.8394541 0.656712 -0.5253574 0.5410442 -0.1984667 -0.5554198 0.8075393 -0.3577149 -0.111578 0.927141 0.3577414 -0.1115768 0.9271309 0.1984667 -0.5554198 0.8075393 -0.4791846 -0.6049245 0.6359627 -0.483705 -0.5948879 0.6419796 -0.3577149 -0.111578 0.927141 -0.1984667 -0.5554198 0.8075393 0.4791851 -0.6049556 0.6359327 0.4836963 -0.5949076 0.641968 0.4031567 -0.9150528 -0.01196347 0.267196 -0.7883121 0.5542295 0.6693529 -0.5202042 0.5304283 0.5388084 -0.8404556 -0.05761939 0.6051371 0.1355363 -0.7844992 -0.267196 -0.7883121 0.5542295 -0.4031823 -0.9150415 -0.01196332 0.1984667 -0.5554198 0.8075393 0.3577414 -0.1115768 0.9271309 -0.4031823 -0.9150415 -0.01196332 0.4031567 -0.9150528 -0.01196347 -0.5388084 -0.8404556 -0.05761939 -0.6171934 0.7688442 0.1671852 0 0.9814672 0.1916301 -0.7436401 0.5584473 -0.3676083 0 -0.9967859 -0.08011276 -0.5388084 -0.8404556 -0.05761939 -0.6051371 0.1355363 -0.7844992 0 -0.08273734 0.9965714 0.5350886 -0.09485287 0.8394541 0.6171934 0.7688442 0.1671852 0.7436401 0.5584473 -0.3676083 0.6051371 0.1355363 -0.7844992 0 0.1865048 -0.982454 -0.6051371 0.1355363 -0.7844992 0.6171934 0.7688442 0.1671852 0.5388084 -0.8404556 -0.05761939 0 -0.9967859 -0.08011276 -0.6171934 0.7688442 0.1671852 -0.5350886 -0.09485287 0.8394541 0 -0.08273734 0.9965714 -0.5350886 -0.09485287 0.8394541 -0.6567225 -0.5253353 0.5410529 0.267196 -0.7883121 0.5542295 -0.267196 -0.7883121 0.5542295 -0.6693529 -0.5202042 0.5304283 0.5350886 -0.09485287 0.8394541 0.656712 -0.5253574 0.5410442 -0.1984667 -0.5554198 0.8075393 -0.3577149 -0.111578 0.927141 0.3577414 -0.1115768 0.9271309 0.1984667 -0.5554198 0.8075393 -0.4791846 -0.6049245 0.6359627 -0.4836963 -0.5949076 0.641968 -0.3577149 -0.111578 0.927141 -0.1984667 -0.5554198 0.8075393 0.4791851 -0.6049556 0.6359327 0.4836963 -0.5949076 0.641968 0.4031567 -0.9150528 -0.01196347 0.267196 -0.7883121 0.5542295 0.6693529 -0.5202042 0.5304283 0.5388084 -0.8404556 -0.05761939 0.6051371 0.1355363 -0.7844992 -0.267196 -0.7883121 0.5542295 -0.4031823 -0.9150415 -0.01196332 0.1984667 -0.5554198 0.8075393 0.3577414 -0.1115768 0.9271309 -0.4031823 -0.9150415 -0.01196332 0.4031567 -0.9150528 -0.01196347 -0.5388084 -0.8404556 -0.05761939 -0.6171934 0.7688442 0.1671852 0 0.9814672 0.1916301 -0.7436401 0.5584473 -0.3676083 0 -0.9967859 -0.08011276 -0.5388084 -0.8404556 -0.05761939 -0.6051371 0.1355363 -0.7844992 0 -0.08273734 0.9965714 0.5350886 -0.09485287 0.8394541 0.6171934 0.7688442 0.1671852 0.7436401 0.5584473 -0.3676083 0.6051371 0.1355363 -0.7844992 0 0.1865048 -0.982454 -0.6051371 0.1355363 -0.7844992 0.6171934 0.7688442 0.1671852 0.5388084 -0.8404556 -0.05761939 0 -0.9967859 -0.08011276 -0.6171934 0.7688442 0.1671852 -0.5350886 -0.09485287 0.8394541 0 -0.08273734 0.9965714 -0.5350886 -0.09485287 0.8394541 -0.6567225 -0.5253353 0.5410529 0.267196 -0.7883121 0.5542295 -0.267196 -0.7883121 0.5542295 -0.6693529 -0.5202042 0.5304283 0.5350886 -0.09485287 0.8394541 0.656712 -0.5253574 0.5410442 -0.1984667 -0.5554198 0.8075393 -0.3577149 -0.111578 0.927141 0.3577414 -0.1115768 0.9271309 0.1984667 -0.5554198 0.8075393 -0.4791846 -0.6049245 0.6359627 -0.4836963 -0.5949076 0.641968 -0.3577149 -0.111578 0.927141 -0.1984667 -0.5554198 0.8075393 0.4791851 -0.6049556 0.6359327 0.4836963 -0.5949076 0.641968 0.4031567 -0.9150528 -0.01196347 0.267196 -0.7883121 0.5542295 0.6693529 -0.5202042 0.5304283 0.5388084 -0.8404556 -0.05761939 0.6051371 0.1355363 -0.7844992 -0.267196 -0.7883121 0.5542295 -0.4031823 -0.9150415 -0.01196332 0.1984667 -0.5554198 0.8075393 0.3577414 -0.1115768 0.9271309 -0.4031823 -0.9150415 -0.01196332 0.4031567 -0.9150528 -0.01196347 -0.5388084 -0.8404556 -0.05761939 -0.6171934 0.7688442 0.1671852 0 0.9814672 0.1916301 -0.7436401 0.5584473 -0.3676083 0 -0.9967859 -0.08011276 -0.5388084 -0.8404556 -0.05761939 -0.6051371 0.1355363 -0.7844992 0 -0.08273734 0.9965714 0.5350886 -0.09485287 0.8394541 0.6171934 0.7688442 0.1671852 0.7436401 0.5584473 -0.3676083 0.6051371 0.1355363 -0.7844992 0 0.1865048 -0.982454 -0.6051371 0.1355363 -0.7844992 0.6171934 0.7688442 0.1671852 0 0.6460612 0.7632855 0 0.6460612 0.7632855 0 -0.8574957 0.5144913 0 0 1 0 -0.4467374 0.8946651 0 -0.5649476 -0.8251268 0 0.8574957 -0.5144913 0 0.8574957 -0.5144913 0 0.4548637 -0.8905611 0 0 -1 0 0 -1 0 1 0 0 1 0 0 1 0 1 0 0 1 0 0 1 0 0 1 0 0 1 0 0 1 0 0 1 0 0 1 0 0 1 0 0 1 0 0 1 0 0 1 0 0 1 0 0 -1 0 0 -1 0 0 -1 0 0 -1 0 0 -1 0 0 -1 0 0 -1 0 0 -1 0 0 -1 0 0 -1 0 0 -1 0 0 0 -1 0 0 -1 0 0 -1 0 0 -1 0 -1 0 0 -1 0 0 -1 0 0 -1 0 0 1 0 0 1 0 0 0.5388159 -0.761972 0.3592716 0 -0.9094613 0.4157886 -0.6171906 0.7528486 -0.2286807 -0.5350906 0.3262793 0.7792431 0 0.4134143 0.910543 -0.5350906 0.3262793 0.7792431 -0.6567211 -0.1950509 0.7284727 0.2671926 -0.4182609 0.8681393 -0.267196 -0.4182357 0.8681505 -0.66934 -0.1957481 0.7167053 0.5350906 0.3262793 0.7792431 0.6567211 -0.1950509 0.7284727 -0.1984634 -0.09140363 0.9758369 -0.3577169 0.3543902 0.8639712 0.3577435 0.3543864 0.8639618 0.1984628 -0.0914339 0.9758341 -0.4791784 -0.2183022 0.8501366 -0.483697 -0.2065837 0.8505059 -0.3577169 0.3543902 0.8639712 -0.1984634 -0.09140363 0.9758369 0.4791784 -0.2183022 0.8501366 0.483694 -0.2066129 0.8505006 0.4031655 -0.8048661 0.4354859 0.2671926 -0.4182609 0.8681393 0.66934 -0.1957481 0.7167053 0.5388159 -0.761972 0.3592716 0.6051267 -0.2639571 -0.7510981 -0.267196 -0.4182357 0.8681505 -0.4031911 -0.8048562 0.4354806 0.1984628 -0.0914339 0.9758341 0.3577435 0.3543864 0.8639618 -0.4031911 -0.8048562 0.4354806 0.4031655 -0.8048661 0.4354859 -0.5388159 -0.761972 0.3592716 -0.6171906 0.7528486 -0.2286807 0 0.9504235 -0.3109583 -0.7436364 0.3084599 -0.5931756 0 -0.9094613 0.4157886 -0.5388159 -0.761972 0.3592716 -0.6051267 -0.2639571 -0.7510981 0 0.4134143 0.910543 0.5350906 0.3262793 0.7792431 0.6171862 0.7528433 -0.2287096 0.7436364 0.3084599 -0.5931756 0.6051267 -0.2639571 -0.7510981 0 -0.3159073 -0.9487901 -0.6051267 -0.2639571 -0.7510981 0.6171862 0.7528433 -0.2287096 0.5388159 -0.761972 0.3592716 0 -0.9094613 0.4157886 -0.6171906 0.7528486 -0.2286807 -0.535096 0.326252 0.7792509 0 0.4134143 0.910543 -0.535096 0.326252 0.7792509 -0.6567211 -0.1950509 0.7284727 0.2671926 -0.4182609 0.8681393 -0.267196 -0.4182357 0.8681505 -0.66934 -0.1957481 0.7167053 0.535096 0.326252 0.7792509 0.6567211 -0.1950509 0.7284727 -0.1984634 -0.09140363 0.9758369 -0.3577169 0.3543902 0.8639712 0.3577435 0.3543864 0.8639618 0.1984628 -0.0914339 0.9758341 -0.4791784 -0.2183022 0.8501366 -0.483697 -0.2065837 0.8505059 -0.3577169 0.3543902 0.8639712 -0.1984634 -0.09140363 0.9758369 0.4791784 -0.2183022 0.8501366 0.483694 -0.2066129 0.8505006 0.4031655 -0.8048661 0.4354859 0.2671926 -0.4182609 0.8681393 0.66934 -0.1957481 0.7167053 0.5388159 -0.761972 0.3592716 0.6051267 -0.2639571 -0.7510981 -0.267196 -0.4182357 0.8681505 -0.4031911 -0.8048562 0.4354806 0.1984628 -0.0914339 0.9758341 0.3577435 0.3543864 0.8639618 -0.4031911 -0.8048562 0.4354806 0.4031655 -0.8048661 0.4354859 -0.5388159 -0.761972 0.3592716 -0.6171906 0.7528486 -0.2286807 0 0.9504235 -0.3109583 -0.7436364 0.3084599 -0.5931756 0 -0.9094613 0.4157886 -0.5388159 -0.761972 0.3592716 -0.6051267 -0.2639571 -0.7510981 0 0.4134143 0.910543 0.535096 0.326252 0.7792509 0.6171862 0.7528433 -0.2287096 0.7436364 0.3084599 -0.5931756 0.6051267 -0.2639571 -0.7510981 0 -0.3159073 -0.9487901 -0.6051267 -0.2639571 -0.7510981 0.6171862 0.7528433 -0.2287096 0.5388159 -0.761972 0.3592716 0 -0.9094613 0.4157886 -0.6171906 0.7528486 -0.2286807 -0.5350906 0.3262793 0.7792431 0 0.4134143 0.910543 -0.5350906 0.3262793 0.7792431 -0.6567211 -0.1950509 0.7284727 0.2671926 -0.4182609 0.8681393 -0.267196 -0.4182357 0.8681505 -0.66934 -0.1957481 0.7167053 0.5350906 0.3262793 0.7792431 0.6567211 -0.1950509 0.7284727 -0.1984634 -0.09140363 0.9758369 -0.3577169 0.3543902 0.8639712 0.3577435 0.3543864 0.8639618 0.1984628 -0.0914339 0.9758341 -0.4791784 -0.2183022 0.8501366 -0.483697 -0.2065837 0.8505059 -0.3577169 0.3543902 0.8639712 -0.1984634 -0.09140363 0.9758369 0.4791784 -0.2183022 0.8501366 0.483694 -0.2066129 0.8505006 0.4031655 -0.8048661 0.4354859 0.2671926 -0.4182609 0.8681393 0.66934 -0.1957481 0.7167053 0.5388159 -0.761972 0.3592716 0.6051267 -0.2639571 -0.7510981 -0.267196 -0.4182357 0.8681505 -0.4031911 -0.8048562 0.4354806 0.1984628 -0.0914339 0.9758341 0.3577435 0.3543864 0.8639618 -0.4031911 -0.8048562 0.4354806 0.4031655 -0.8048661 0.4354859 -0.5388159 -0.761972 0.3592716 -0.6171906 0.7528486 -0.2286807 0 0.9504235 -0.3109583 -0.7436499 0.3084655 -0.5931559 0 -0.9094613 0.4157886 -0.5388159 -0.761972 0.3592716 -0.6051267 -0.2639571 -0.7510981 0 0.4134143 0.910543 0.5350906 0.3262793 0.7792431 0.6171862 0.7528433 -0.2287096 0.7436364 0.3084599 -0.5931756 0.6051267 -0.2639571 -0.7510981 0 -0.3159073 -0.9487901 -0.6051267 -0.2639571 -0.7510981 0.6171862 0.7528433 -0.2287096 0 0 1 0 0 1 0 -0.8574957 0.5144913 0 -0.8574957 0.5144913 0 -0.4467374 0.8946651 0 -0.4467374 0.8946651 0 -0.5649476 -0.8251268 0 -0.5649476 -0.8251268 0 -0.5649476 -0.8251268 0 -0.5649476 -0.8251268 0 -0.08578806 -0.9963134 0 0.4548637 -0.8905611 0 1 0 0 1 0 0 0.6460612 0.7632855 0 0.6460612 0.7632855 0 0.6460612 0.7632855 0 0.6460612 0.7632855 0 0 1 0 0 1 0 0.02423197 -0.9997063 0 0.02423197 -0.9997063 0 0.8574957 -0.5144913 0 0.4548637 -0.8905611 0 0 -1 0 0 -1 0 -1 0 0 -1 0  
			<Tangents>: 598 -0.3132033 0.9005883 0.3014041 -0.5732514 0.2938587 0.7648725 0.4423909 0.224079 0.8683771 0.7954367 -0.1437905 0.5887315 0.312817 0.900797 0.3011815 0.5881001 0.3096271 0.7471743 -0.4518478 0.2305943 0.8617771 -0.2983076 0.8750083 0.3812782 0.9998843 -0.01494459 -0.002837016 0.00412995 -0.08011225 0.9967773 0.002796516 0.9965675 0.08273696 1 0 0 -0.002319733 -0.08011272 0.9967831 1 0 0 0.02208889 0.7305228 0.682531 -0.05340462 0.7480265 0.6615167 -0.005296516 0.8233094 0.5675681 -0.02079878 0.8261304 0.563095 0.03274553 0.5822358 0.8123603 -0.042361 0.5841931 0.8105085 0.7626332 0.3287201 0.557076 -0.2614334 0.9411672 0.2141423 0.2467943 -0.1213116 0.9614448 0.2000643 0.9606265 0.1927978 0.0004239416 0.7246925 0.6890723 -0.1098579 0.6444243 0.7567354 0.1313624 0.661159 0.738656 -0.02520733 0.7337528 0.6789488 0.9999973 -0.001296771 -0.001926129 0.003220029 0.7322828 0.6809931 0.007389639 0.7185804 0.6954046 -0.03193717 0.7334412 0.6790022 0.004395684 0.7351218 0.6779208 -0.3132033 0.9005883 0.3014041 -0.5732514 0.2938587 0.7648725 0.4423909 0.224079 0.8683771 0.7954367 -0.1437905 0.5887315 0.312817 0.900797 0.3011815 0.5881001 0.3096271 0.7471743 -0.4518478 0.2305943 0.8617771 -0.2983076 0.8750083 0.3812782 0.9998843 -0.01494459 -0.002837016 0.00412995 -0.08011225 0.9967773 0.002796516 0.9965675 0.08273696 1 0 0 -0.002319733 -0.08011272 0.9967831 1 0 0 0.02208889 0.7305228 0.682531 -0.05338997 0.7480386 0.6615041 -0.005296516 0.8233094 0.5675681 -0.02079878 0.8261304 0.563095 0.03274553 0.5822358 0.8123603 -0.042361 0.5841931 0.8105085 0.7626332 0.3287201 0.557076 -0.2614334 0.9411672 0.2141423 0.2467943 -0.1213116 0.9614448 0.2000643 0.9606265 0.1927978 0.0004239416 0.7246925 0.6890723 -0.1098579 0.6444243 0.7567354 0.1313624 0.661159 0.738656 -0.02520733 0.7337528 0.6789488 0.9999973 -0.001296771 -0.001926129 0.003209282 0.7322695 0.6810074 0.007389639 0.7185804 0.6954046 -0.03193717 0.7334412 0.6790022 0.004395684 0.7351218 0.6779208 -0.3132033 0.9005883 0.3014041 -0.5732514 0.2938587 0.7648725 0.4423909 0.224079 0.8683771 0.7954367 -0.1437905 0.5887315 0.312817 0.900797 0.3011815 0.5881001 0.3096271 0.7471743 -0.4518478 0.2305943 0.8617771 -0.2983076 0.8750083 0.3812782 0.9998843 -0.01494459 -0.002837016 0.00412995 -0.08011225 0.9967773 0.002796516 0.9965675 0.08273696 1 0 0 -0.002319733 -0.08011272 0.9967831 1 0 0 0.02208889 0.7305228 0.682531 -0.05338997 0.7480386 0.6615041 -0.005296516 0.8233094 0.5675681 -0.02079878 0.8261304 0.563095 0.03274553 0.5822358 0.8123603 -0.042361 0.5841931 0.8105085 0.7626332 0.3287201 0.557076 -0.2614334 0.9411672 0.2141423 0.2467943 -0.1213116 0.9614448 0.2000643 0.9606265 0.1927978 0.0004239416 0.7246925 0.6890723 -0.1098579 0.6444243 0.7567354 0.1313624 0.661159 0.738656 -0.02520733 0.7337528 0.6789488 0.9999973 -0.001296771 -0.001926129 0.003209282 0.7322695 0.6810074 0.007389639 0.7185804 0.6954046 -0.03193717 0.7334412 0.6790022 0.004395684 0.7351218 0.6779208 -1 0 0 -1 0 0 -1 0 0 -1 0 0 -1 0 0 -1 0 0 -1 0 0 -1 0 0 0 1 0 0 1 0 0 1 0 -1 0 0 -1 0 0 -1 0 0 -1 0 0 -1 0 0 0 0.8251221 -0.5649545 -1 0 0 0 0.8251268 -0.5649476 0 1 0 0 0.8251268 -0.5649476 -1 0 0 0 1 0 -1 0 0 -0.3131996 0.9332904 -0.175713 -0.5732549 0.6293541 0.5246829 0.4424027 0.618871 0.6490598 0.7954447 0.161342 0.5841546 0.3128133 0.9333642 -0.1760091 0.5881273 0.6344909 0.5015252 -0.4518592 0.6213436 0.6401214 -0.29829 0.9498849 -0.09349719 0.9998843 -0.01443194 0.004805231 0.004130192 0.4157851 0.9094535 0.002796449 0.9105394 -0.4134127 1 0 0 -0.002319869 0.4157875 0.9094588 1 0 0 0.02207998 0.9705322 0.2399579 -0.05339582 0.9755753 0.2130768 -0.005296863 0.9955244 0.09435612 -0.02079248 0.9958105 0.08904579 0.03274718 0.9043137 0.4256105 -0.04235572 0.9051319 0.4230157 0.7626205 0.558535 0.3262647 -0.2614216 0.9262042 -0.2716698 0.2467891 0.3626116 0.8986701 0.2000532 0.9327938 -0.2997908 0.0004112553 0.9686322 0.2484983 -0.1098357 0.9315201 0.3467081 0.1313401 0.9373217 0.3227659 -0.02521551 0.9716006 0.2352796 0.9999973 -0.002071084 -0.001049857 0.003223197 0.9713182 0.2377615 0.007393478 0.9663743 0.2570333 -0.03194117 0.9713569 0.2354688 0.004396112 0.9722985 0.2337013 -0.3131823 0.9333001 -0.1756925 -0.5732549 0.6293541 0.5246829 0.4424027 0.618871 0.6490598 0.7954447 0.161342 0.5841546 0.3127959 0.9333738 -0.1759886 0.5881273 0.6344909 0.5015252 -0.4518592 0.6213436 0.6401214 -0.29829 0.9498849 -0.09349719 0.9998843 -0.01443194 0.004805231 0.004130192 0.4157851 0.9094535 0.002796449 0.9105394 -0.4134127 1 0 0 -0.002319869 0.4157875 0.9094588 1 0 0 0.02207998 0.9705322 0.2399579 -0.05339582 0.9755753 0.2130768 -0.005296863 0.9955244 0.09435612 -0.02079248 0.9958105 0.08904579 0.03274718 0.9043137 0.4256105 -0.04235572 0.9051319 0.4230157 0.7626205 0.558535 0.3262647 -0.2614216 0.9262042 -0.2716698 0.2467891 0.3626116 0.8986701 0.2000532 0.9327938 -0.2997908 0.0004112553 0.9686322 0.2484983 -0.1098357 0.9315201 0.3467081 0.1313401 0.9373217 0.3227659 -0.02521551 0.9716006 0.2352796 0.9999973 -0.002071084 -0.001049857 0.003223197 0.9713182 0.2377615 0.007393478 0.9663743 0.2570333 -0.03194117 0.9713569 0.2354688 0.004396112 0.9722985 0.2337013 -0.3131996 0.9332904 -0.175713 -0.5732549 0.6293541 0.5246829 0.4424027 0.618871 0.6490598 0.7954447 0.161342 0.5841546 0.3128133 0.9333642 -0.1760091 0.5881273 0.6344909 0.5015252 -0.4518592 0.6213436 0.6401214 -0.29829 0.9498849 -0.09349719 0.9998843 -0.01443194 0.004805231 0.004130192 0.4157851 0.9094535 0.002796449 0.9105394 -0.4134127 1 0 0 -0.002319869 0.4157875 0.9094588 1 0 0 0.02207998 0.9705322 0.2399579 -0.05339582 0.9755753 0.2130768 -0.005296863 0.9955244 0.09435612 -0.02079248 0.9958105 0.08904579 0.03274718 0.9043137 0.4256105 -0.04235572 0.9051319 0.4230157 0.7626205 0.558535 0.3262647 -0.2614216 0.9262042 -0.2716698 0.2467891 0.3626116 0.8986701 0.2000532 0.9327938 -0.2997908 0.0004112553 0.9686322 0.2484983 -0.1098357 0.9315201 0.3467081 0.1313505 0.9373194 0.3227683 -0.02521551 0.9716006 0.2352796 0.9999973 -0.002071084 -0.001049857 0.003223197 0.9713182 0.2377615 0.007393478 0.9663743 0.2570333 -0.03194117 0.9713569 0.2354688 0.004396112 0.9722985 0.2337013 -1 0 0 -1 0 0 -1 0 0 -1 0 0 -1 0 0 0 0.8251268 -0.5649476 -1 0 0 -1 0 0 -1 0 0 -1 0 0 -1 0 0 -1 0 0 0.8424283 0.5375466 0.03685276 0.9999855 -0.0004319296 0.005374203 0.7868115 0.6030995 0.131144 0.8447959 -0.06007923 0.5317051 -0.003296489 0.996566 0.08273683 0.3132077 0.9005859 0.3014067 -0.04097123 0.7412256 0.6700044 -0.9633618 -0.232391 0.1338974 0.9394252 -0.3412162 -0.03242965 -0.02551294 0.7296275 0.6833687 -0.312817 0.900797 0.3011815 0.02291474 0.7310003 0.6819923 -0.5851937 0.7280989 0.3569598 0.3064633 0.9238218 0.22942 0.1316607 0.9889451 0.06821346 0.03637989 0.8275362 0.5602324 -0.01199454 0.7290124 0.6843954 -0.0009050106 0.7338368 0.6793252 0.1793588 0.9661419 0.1854728 -0.02022983 0.8260751 0.5631968 0.001976392 0.7252749 0.6884565 -0.01191414 0.7289366 0.6844776 0.325564 0.1311957 0.9363738 0.02645988 0.5809253 0.8135267 0.01118432 0.7209287 0.692919 0.456816 0.2340228 0.8582263 0.3129731 0.8655629 0.3909588 -0.03987362 0.5836923 0.8109953 -0.3528477 0.1433818 0.9246297 -0.02625232 0.8206211 0.5708693 -0.2340544 0.9504312 0.2046928 -0.4441232 0.1842243 0.8768215 0.275573 0.1089258 0.9550889 -0.4598897 0.2361459 0.8560004 0.7868115 0.6030995 0.131144 1 0 0 0.6685802 0.621143 -0.4088789 1 0 0 0.8424283 -0.5375466 -0.03685276 0.7961213 0.1030221 -0.5963031 1 0 0 0.8447959 0.06007923 -0.5317051 0.7868115 -0.6030995 -0.131144 0.6685802 -0.621143 0.4088789 0.7956508 -0.1368323 0.5900989 0.9998588 -0.01650884 -0.003133967 0.7961213 0.1030221 -0.5963031 0.7868115 -0.6030995 -0.131144 0.8424283 0.5375466 0.03685276 0.9999855 -0.0004319296 0.005374203 0.7868115 0.6030995 0.131144 0.8447959 -0.06007923 0.5317051 -0.003296489 0.996566 0.08273683 0.3132077 0.9005859 0.3014067 -0.04095602 0.7412373 0.6699924 -0.9633618 -0.232391 0.1338974 0.9394252 -0.3412162 -0.03242965 -0.02551294 0.7296275 0.6833687 -0.312817 0.900797 0.3011815 0.02291474 0.7310003 0.6819923 -0.5851937 0.7280989 0.3569598 0.3064633 0.9238218 0.22942 0.1316607 0.9889451 0.06821346 0.03637989 0.8275362 0.5602324 -0.01199454 0.7290124 0.6843954 -0.0009158653 0.7338235 0.6793395 0.1793588 0.9661419 0.1854728 -0.02022983 0.8260751 0.5631968 0.001976392 0.7252749 0.6884565 -0.01191414 0.7289366 0.6844776 0.325564 0.1311957 0.9363738 0.02645988 0.5809253 0.8135267 0.01118432 0.7209287 0.692919 0.456816 0.2340228 0.8582263 0.3129731 0.8655629 0.3909588 -0.03987362 0.5836923 0.8109953 -0.3528477 0.1433818 0.9246297 -0.02625232 0.8206211 0.5708693 -0.2340544 0.9504312 0.2046928 -0.4441232 0.1842243 0.8768215 0.275573 0.1089258 0.9550889 -0.4598897 0.2361459 0.8560004 0.7868115 0.6030995 0.131144 1 0 0 0.6685802 0.621143 -0.4088789 1 0 0 0.8424283 -0.5375466 -0.03685276 0.7961213 0.1030221 -0.5963031 1 0 0 0.8447959 0.06007923 -0.5317051 0.7868115 -0.6030995 -0.131144 0.6685802 -0.621143 0.4088789 0.7956508 -0.1368323 0.5900989 0.9998588 -0.01650884 -0.003133967 0.7961213 0.1030221 -0.5963031 0.7868115 -0.6030995 -0.131144 0.8424283 0.5375466 0.03685276 0.9999855 -0.0004319296 0.005374203 0.7868115 0.6030995 0.131144 0.8447959 -0.06007923 0.5317051 -0.003296489 0.996566 0.08273683 0.3132077 0.9005859 0.3014067 -0.04095602 0.7412373 0.6699924 -0.9633618 -0.232391 0.1338974 0.9394252 -0.3412162 -0.03242965 -0.02551294 0.7296275 0.6833687 -0.312817 0.900797 0.3011815 0.02291474 0.7310003 0.6819923 -0.5851937 0.7280989 0.3569598 0.3064633 0.9238218 0.22942 0.1316607 0.9889451 0.06821346 0.03637989 0.8275362 0.5602324 -0.01199454 0.7290124 0.6843954 -0.0009158653 0.7338235 0.6793395 0.1793588 0.9661419 0.1854728 -0.02022983 0.8260751 0.5631968 0.001976392 0.7252749 0.6884565 -0.01191414 0.7289366 0.6844776 0.325564 0.1311957 0.9363738 0.02645988 0.5809253 0.8135267 0.01118432 0.7209287 0.692919 0.456816 0.2340228 0.8582263 0.3129731 0.8655629 0.3909588 -0.03987362 0.5836923 0.8109953 -0.3528477 0.1433818 0.9246297 -0.02625232 0.8206211 0.5708693 -0.2340544 0.9504312 0.2046928 -0.4441232 0.1842243 0.8768215 0.275573 0.1089258 0.9550889 -0.4598897 0.2361459 0.8560004 0.7868115 0.6030995 0.131144 1 0 0 0.6685802 0.621143 -0.4088789 1 0 0 0.8424283 -0.5375466 -0.03685276 0.7961213 0.1030221 -0.5963031 1 0 0 0.8447959 0.06007923 -0.5317051 0.7868115 -0.6030995 -0.131144 0.6685802 -0.621143 0.4088789 0.7956508 -0.1368323 0.5900989 0.9998588 -0.01650884 -0.003133967 0.7961213 0.1030221 -0.5963031 0.7868115 -0.6030995 -0.131144 -1 0 0 -1 0 0 -1 0 0 -1 0 0 -1 0 0 0 0.8251268 -0.5649476 -1 0 0 -1 0 0 -1 0 0 -1 0 0 -1 0 0 -1 0 0 -1 0 0 -1 0 0 0 1 0 0 1 0 0 1 0 0 1 0 0 0.8229306 -0.5681419 0 0.7699084 -0.6381545 0 0.7632964 -0.6460484 0 1 0 0 1 0 0 1 0 0 1 0 0 1 0 0 1 0 0 1 0 0 1 0 0 1 0 0 1 0 0 1 0 0 1 0 0 1 0 0 0.8208642 -0.5711234 0 0.8251221 -0.5649545 0 0.7644292 -0.6447077 0 0.7632964 -0.6460484 -1 0 0 -1 0 0 -1 0 0 -1 0 0 0 1 0 0 1 0 0 1 0 0 1 0 0 1 0 0 1 0 0.8424236 0.4873589 -0.2297909 0.9999855 0.002241867 0.004903674 0.7868136 0.5905478 -0.1793812 0.8447947 0.2066644 0.4935704 -0.003296412 0.9105381 -0.413412 0.313204 0.9332896 -0.1757096 -0.04096195 0.9737731 0.2238035 -0.9633632 -0.1376506 0.2301817 0.9393257 -0.3141505 0.137756 -0.02551737 0.9701549 0.2411398 -0.3128133 0.9333642 -0.1760091 0.02290614 0.9706867 0.2392544 -0.5851488 0.8097767 -0.04315701 0.3064609 0.918502 -0.2498717 0.1316746 0.8968034 -0.4223806 0.03636724 0.9956404 0.08589316 -0.01200248 0.9701157 0.2423459 -0.0009019371 0.9718624 0.2355476 0.1793481 0.93404 -0.3088747 -0.02022322 0.9958118 0.08916168 0.00196368 0.9688407 0.2476768 -0.01191372 0.970093 0.2424411 0.3255829 0.5708939 0.7537081 0.02646154 0.9037378 0.4272677 0.01118833 0.9672134 0.2537185 0.456827 0.6226068 0.6353502 0.3129555 0.9463551 -0.08044138 -0.03986828 0.9049318 0.4236849 -0.3528674 0.5758117 0.7375131 -0.02625288 0.9947858 0.0985489 -0.2340429 0.9296883 -0.2844357 -0.4441417 0.5881768 0.6758596 0.275594 0.5605686 0.7809038 -0.4599008 0.6233759 0.6323715 0.7868136 0.5905478 -0.1793812 1 0 0 0.6685842 0.3430862 -0.6597629 1 0 0 0.8424236 -0.4873589 0.2297909 0.7961292 -0.2006301 -0.5708992 1 0 0 0.8447947 -0.2066644 -0.4935704 0.7868171 -0.590537 0.1794018 0.6685842 -0.3430862 0.6597629 0.7956587 0.1680821 0.5819584 0.9998588 -0.01594379 0.005308614 0.7961292 -0.2006301 -0.5708992 0.7868171 -0.590537 0.1794018 0.8424236 0.4873589 -0.2297909 0.9999855 0.002241867 0.004903674 0.7868136 0.5905478 -0.1793812 0.8447912 0.20665 0.4935823 -0.003296412 0.9105381 -0.413412 0.3131866 0.9332992 -0.1756891 -0.04096195 0.9737731 0.2238035 -0.9633632 -0.1376506 0.2301817 0.9393257 -0.3141505 0.137756 -0.02551737 0.9701549 0.2411398 -0.3127959 0.9333738 -0.1759886 0.02290614 0.9706867 0.2392544 -0.5851488 0.8097767 -0.04315701 0.3064609 0.918502 -0.2498717 0.1316746 0.8968034 -0.4223806 0.03636724 0.9956404 0.08589316 -0.01200248 0.9701157 0.2423459 -0.0009019371 0.9718624 0.2355476 0.1793481 0.93404 -0.3088747 -0.02022322 0.9958118 0.08916168 0.00196368 0.9688407 0.2476768 -0.01191372 0.970093 0.2424411 0.3255829 0.5708939 0.7537081 0.02646154 0.9037378 0.4272677 0.01118833 0.9672134 0.2537185 0.456827 0.6226068 0.6353502 0.3129555 0.9463551 -0.08044138 -0.03986828 0.9049318 0.4236849 -0.3528674 0.5758117 0.7375131 -0.02625288 0.9947858 0.0985489 -0.2340429 0.9296883 -0.2844357 -0.4441417 0.5881768 0.6758596 0.275594 0.5605686 0.7809038 -0.4599008 0.6233759 0.6323715 0.7868136 0.5905478 -0.1793812 1 0 0 0.6685842 0.3430862 -0.6597629 1 0 0 0.8424236 -0.4873589 0.2297909 0.7961292 -0.2006301 -0.5708992 1 0 0 0.8447912 -0.20665 -0.4935823 0.7868171 -0.590537 0.1794018 0.6685842 -0.3430862 0.6597629 0.7956587 0.1680821 0.5819584 0.9998588 -0.01594379 0.005308614 0.7961292 -0.2006301 -0.5708992 0.7868171 -0.590537 0.1794018 0.8424236 0.4873589 -0.2297909 0.9999855 0.002241867 0.004903674 0.7868136 0.5905478 -0.1793812 0.8447947 0.2066644 0.4935704 -0.003296412 0.9105381 -0.413412 0.313204 0.9332896 -0.1757096 -0.04096195 0.9737731 0.2238035 -0.9633632 -0.1376506 0.2301817 0.9393257 -0.3141505 0.137756 -0.02551737 0.9701549 0.2411398 -0.3128133 0.9333642 -0.1760091 0.02290614 0.9706867 0.2392544 -0.5851488 0.8097767 -0.04315701 0.3064609 0.918502 -0.2498717 0.1316746 0.8968034 -0.4223806 0.03636724 0.9956404 0.08589316 -0.01200248 0.9701157 0.2423459 -0.0009019371 0.9718624 0.2355476 0.1793481 0.93404 -0.3088747 -0.02022322 0.9958118 0.08916168 0.00196368 0.9688407 0.2476768 -0.01191372 0.970093 0.2424411 0.3255829 0.5708939 0.7537081 0.02646154 0.9037378 0.4272677 0.01118833 0.9672134 0.2537185 0.456827 0.6226068 0.6353502 0.3129555 0.9463551 -0.08044138 -0.03986828 0.9049318 0.4236849 -0.3528674 0.5758117 0.7375131 -0.02625288 0.9947858 0.0985489 -0.2340429 0.9296883 -0.2844357 -0.4441417 0.5881768 0.6758596 0.275594 0.5605686 0.7809038 -0.4599008 0.6233759 0.6323715 0.7868136 0.5905478 -0.1793812 1 0 0 0.6685693 0.3431063 -0.6597676 1 0 0 0.8424236 -0.4873589 0.2297909 0.7961292 -0.2006301 -0.5708992 1 0 0 0.8447947 -0.2066644 -0.4935704 0.7868171 -0.590537 0.1794018 0.6685842 -0.3430862 0.6597629 0.7956587 0.1680821 0.5819584 0.9998588 -0.01594379 0.005308614 0.7961292 -0.2006301 -0.5708992 0.7868171 -0.590537 0.1794018 -1 0 0 -1 0 0 -1 0 0 -1 0 0 -1 0 0 -1 0 0 -1 0 0 -1 0 0 -1 0 0 -1 0 0 -1 0 0 -1 0 0 -1 0 0 -1 0 0 0 0.7632856 -0.6460612 0 0.7632856 -0.6460612 0 0.7632856 -0.6460612 0 0.7632856 -0.6460612 -1 0 0 -1 0 0 -1 0 0 -1 0 0 -1 0 0 -1 0 0 -1 0 0 -1 0 0 -1 0 0 -1 0 0  
			<BiTangents>: 598 0.7845915 0.4241977 -0.4521863 -0.538939 0.5679134 -0.6221087 0.7169211 0.4933791 -0.4925455 0.03300905 0.9802827 0.1948235 0.7847456 -0.4237543 0.4523346 -0.5226956 -0.5594726 0.6432571 0.7109987 -0.4903679 0.5040042 -0.7381203 -0.4647476 0.4890685 0.01521149 0.9823404 0.1864832 0.9999914 0.0003308617 -0.004116675 0.9999961 -0.002786928 -0.0002313763 0 -0.9965714 -0.08273734 0.9999973 -0.0001858402 0.002312277 0 -0.1916301 0.9814672 0.7538179 0.4362753 -0.4913477 0.7522481 -0.4055317 0.5192946 0.9800933 0.1169205 -0.1604577 0.9798869 -0.09495975 0.1755114 0.9630857 0.1989109 -0.1813848 0.9627107 -0.1930869 0.1894877 0.5058213 0.2337127 -0.8303753 0.8964785 0.3189906 -0.3075246 0.8812132 -0.384685 -0.2747377 0.9121482 -0.2544545 0.3213076 0.8777138 0.3299236 -0.3475183 -0.6594927 0.5223542 -0.5405697 -0.655548 -0.5010043 0.5650234 0.8773521 -0.3093109 0.3668516 0.002321979 0.558475 0.829518 0.8752252 -0.331467 0.3522933 0.7429078 0.4615514 -0.4848281 0.7422578 -0.4375517 0.5075449 0.8752249 0.3250858 -0.3581907 0.7845915 0.4241977 -0.4521863 -0.538939 0.5679134 -0.6221087 0.7169211 0.4933791 -0.4925455 0.03300905 0.9802827 0.1948235 0.7847456 -0.4237543 0.4523346 -0.5226956 -0.5594726 0.6432571 0.7109987 -0.4903679 0.5040042 -0.7381203 -0.4647476 0.4890685 0.01521149 0.9823404 0.1864832 0.9999914 0.0003308617 -0.004116675 0.9999961 -0.002786928 -0.0002313763 0 -0.9965714 -0.08273734 0.9999973 -0.0001858402 0.002312277 0 -0.1916301 0.9814672 0.7538179 0.4362753 -0.4913477 0.75224 -0.4055379 0.5193015 0.9800933 0.1169205 -0.1604577 0.9798869 -0.09495975 0.1755114 0.9630857 0.1989109 -0.1813848 0.9627107 -0.1930869 0.1894877 0.5058213 0.2337127 -0.8303753 0.8964785 0.3189906 -0.3075246 0.8812132 -0.384685 -0.2747377 0.9121482 -0.2544545 0.3213076 0.8777138 0.3299236 -0.3475183 -0.6594927 0.5223542 -0.5405697 -0.655548 -0.5010043 0.5650234 0.8773521 -0.3093109 0.3668516 0.002321979 0.558475 0.829518 0.87523 -0.331461 0.3522867 0.7429078 0.4615514 -0.4848281 0.7422578 -0.4375517 0.5075449 0.8752249 0.3250858 -0.3581907 0.7845915 0.4241977 -0.4521863 -0.538939 0.5679134 -0.6221087 0.7169211 0.4933791 -0.4925455 0.03300905 0.9802827 0.1948235 0.7847456 -0.4237543 0.4523346 -0.5226956 -0.5594726 0.6432571 0.7109987 -0.4903679 0.5040042 -0.7381203 -0.4647476 0.4890685 0.01521149 0.9823404 0.1864832 0.9999914 0.0003308617 -0.004116675 0.9999961 -0.002786928 -0.0002313763 0 -0.9965714 -0.08273734 0.9999973 -0.0001858402 0.002312277 0 -0.1916301 0.9814672 0.7538179 0.4362753 -0.4913477 0.75224 -0.4055379 0.5193015 0.9800933 0.1169205 -0.1604577 0.9798869 -0.09495975 0.1755114 0.9630857 0.1989109 -0.1813848 0.9627107 -0.1930869 0.1894877 0.5058213 0.2337127 -0.8303753 0.8964785 0.3189906 -0.3075246 0.8812132 -0.384685 -0.2747377 0.9121482 -0.2544545 0.3213076 0.8777138 0.3299236 -0.3475183 -0.6594927 0.5223542 -0.5405697 -0.655548 -0.5010043 0.5650234 0.8773521 -0.3093109 0.3668516 0.002321979 0.558475 0.829518 0.87523 -0.331461 0.3522867 0.7429078 0.4615514 -0.4848281 0.7422578 -0.4375517 0.5075449 0.8752249 0.3250858 -0.3581907 0 1 0 0 1 0 0 1 0 0 1 0 0 0.7632856 -0.6460613 0 0.5144913 0.8574957 0 0.8946651 0.4467374 0 0.5144913 0.8574957 0 0 1 0 0 1 0 0 1 0 0.8946651 0.4467374 0 0.9997064 0.02423198 0 0.9997064 0.02423198 0 0.8905611 0.4548637 0 0 -1 0 0.5649545 0.8251221 0 0.8905611 0.4548637 -1 0 0 0 0 1 -1 0 0 0 0.9963134 -0.08578806 0 0 1 0 1 0 0.7845916 0.1500363 -0.6015855 -0.5389434 0.1927182 -0.8199999 0.7169082 0.190781 -0.6705559 0.0330081 0.9509445 -0.3075956 0.7847458 -0.1495768 0.601499 -0.5226684 -0.1750433 0.8343726 0.7109857 -0.1825674 0.6790938 -0.738136 -0.1674674 0.6535364 0.01521089 0.9486803 -0.3158708 0.9999915 -0.001717287 -0.003756249 0.9999961 -0.002546287 0.001156092 0 -0.910543 0.4134143 0.9999973 0.0009645752 0.002109831 0 0.3109584 0.9504235 0.7538102 0.1415007 -0.6416757 0.7522408 -0.1010347 0.6510959 0.9800941 0.02389505 -0.1970903 0.9798877 0.002617742 0.1995324 0.9630866 0.08529087 -0.2553228 0.9627109 -0.07625695 0.2595623 0.5058335 -0.2005718 -0.8389895 0.8964811 0.1286702 -0.4239878 0.8812106 -0.4698077 -0.05242796 0.9121498 -0.06559999 0.404573 0.8777174 0.1187254 -0.4642375 -0.6595005 0.1926729 -0.7265922 -0.6555567 -0.1621127 0.7375397 0.8773553 -0.09130431 0.4710746 0.002321979 0.8919452 0.4521374 0.8752296 -0.1177459 0.4691579 0.7429194 0.1667438 -0.6482803 0.7422693 -0.1347163 0.6564205 0.8752261 0.109301 -0.4712032 0.784595 0.1500352 -0.6015815 -0.5389434 0.1927182 -0.8199999 0.7169082 0.190781 -0.6705559 0.0330081 0.9509445 -0.3075956 0.784749 -0.1495757 0.6014949 -0.5226684 -0.1750433 0.8343726 0.7109857 -0.1825674 0.6790938 -0.738136 -0.1674674 0.6535364 0.01521089 0.9486803 -0.3158708 0.9999915 -0.001717287 -0.003756249 0.9999961 -0.002546287 0.001156092 0 -0.910543 0.4134143 0.9999973 0.0009645752 0.002109831 0 0.3109584 0.9504235 0.7538102 0.1415007 -0.6416757 0.7522408 -0.1010347 0.6510959 0.9800941 0.02389505 -0.1970903 0.9798877 0.002617742 0.1995324 0.9630866 0.08529087 -0.2553228 0.9627109 -0.07625695 0.2595623 0.5058335 -0.2005718 -0.8389895 0.8964811 0.1286702 -0.4239878 0.8812106 -0.4698077 -0.05242796 0.9121498 -0.06559999 0.404573 0.8777174 0.1187254 -0.4642375 -0.6595005 0.1926729 -0.7265922 -0.6555567 -0.1621127 0.7375397 0.8773553 -0.09130431 0.4710746 0.002321979 0.8919452 0.4521374 0.8752296 -0.1177459 0.4691579 0.7429194 0.1667438 -0.6482803 0.7422693 -0.1347163 0.6564205 0.8752261 0.109301 -0.4712032 0.7845916 0.1500363 -0.6015855 -0.5389434 0.1927182 -0.8199999 0.7169082 0.190781 -0.6705559 0.0330081 0.9509445 -0.3075956 0.7847458 -0.1495768 0.601499 -0.5226684 -0.1750433 0.8343726 0.7109857 -0.1825674 0.6790938 -0.738136 -0.1674674 0.6535364 0.01521089 0.9486803 -0.3158708 0.9999915 -0.001717287 -0.003756249 0.9999961 -0.002546287 0.001156092 0 -0.910543 0.4134143 0.9999973 0.0009645752 0.002109831 0 0.3109584 0.9504235 0.7538102 0.1415007 -0.6416757 0.7522408 -0.1010347 0.6510959 0.9800941 0.02389505 -0.1970903 0.9798877 0.002617742 0.1995324 0.9630866 0.08529087 -0.2553228 0.9627109 -0.07625695 0.2595623 0.5058335 -0.2005718 -0.8389895 0.8964811 0.1286702 -0.4239878 0.8812106 -0.4698077 -0.05242796 0.9121498 -0.06559999 0.404573 0.8777174 0.1187254 -0.4642375 -0.6595005 0.1926729 -0.7265922 -0.6555394 -0.1621153 0.7375546 0.8773553 -0.09130431 0.4710746 0.002321979 0.8919452 0.4521374 0.8752296 -0.1177459 0.4691579 0.7429194 0.1667438 -0.6482803 0.7422693 -0.1347163 0.6564205 0.8752261 0.109301 -0.4712032 0 0.8905611 0.4548637 0 1 0 0 0.9963134 -0.08578806 0 0.8946651 0.4467374 0 1 0 -1 0 0 0 0.5144913 0.8574957 0 1 0 0 0.9997064 0.02423198 0 0.7632856 -0.6460613 0 1 0 0 0.9997064 0.02423198 1.221998E-10 0.06839678 -0.9976583 0.005391532 0.08011159 -0.9967713 1.988745E-09 -0.2124844 0.9771645 -6.583396E-10 -0.9936767 -0.112279 0.9999945 0.003285186 0.0002727427 0.7845898 -0.4242027 0.4521846 0.7530277 -0.4178327 0.5082963 0.02324503 -0.5697004 -0.8215237 0.2146768 0.5119922 0.8317319 0.7425064 -0.443882 0.5016502 0.7847456 0.4237543 -0.4523346 0.7537932 0.4354747 -0.4920951 0.7862311 0.4017223 0.4695316 0.8821113 -0.3662016 0.2962702 0.9244926 -0.0976639 -0.3684769 0.9794322 0.08180927 -0.1844445 0.8776322 -0.3203237 0.3565874 0.8752306 -0.328012 0.3554989 0.9164445 -0.2326372 0.3255908 0.9798988 -0.0954394 0.1751844 0.8777117 0.3286413 -0.3487366 0.8751548 0.3387277 -0.345496 0.8552619 0.3814003 -0.3508006 0.9632789 0.2027062 -0.1760796 0.7428604 0.4578749 -0.4883739 0.7078168 0.488741 -0.5100271 -0.7320225 0.4821109 -0.481365 0.9628169 -0.1945956 0.1873931 0.8443593 -0.3770156 0.3806793 0.979756 0.1344983 -0.1482849 0.904013 0.2902261 -0.3138936 0.8001242 -0.3588321 0.4806671 0.8726535 0.3883473 -0.296078 0.7058237 -0.4877187 0.5137542 1.988745E-09 -0.2124844 0.9771645 0 -0.1916301 0.9814672 -9.327207E-09 0.5498345 0.8352737 0 0.08011276 -0.9967858 -1.221998E-10 0.06839678 -0.9976583 2.956973E-09 0.9854016 0.1702458 0 -0.9965714 -0.08273734 6.583396E-10 -0.9936767 -0.112279 -1.988745E-09 -0.2124844 0.9771645 9.327207E-09 0.5498345 0.8352737 0.02736504 0.9812782 0.1906419 0.01680367 0.9823154 0.1864785 2.956973E-09 0.9854016 0.1702458 -1.988745E-09 -0.2124844 0.9771645 1.221998E-10 0.06839678 -0.9976583 0.005391532 0.08011159 -0.9967713 1.988745E-09 -0.2124844 0.9771645 -6.583396E-10 -0.9936767 -0.112279 0.9999945 0.003285186 0.0002727427 0.7845898 -0.4242027 0.4521846 0.7530193 -0.4178398 0.5083029 0.02324503 -0.5697004 -0.8215237 0.2146768 0.5119922 0.8317319 0.7425064 -0.443882 0.5016502 0.7847456 0.4237543 -0.4523346 0.7537932 0.4354747 -0.4920951 0.7862311 0.4017223 0.4695316 0.8821113 -0.3662016 0.2962702 0.9244926 -0.0976639 -0.3684769 0.9794322 0.08180927 -0.1844445 0.8776322 -0.3203237 0.3565874 0.8752355 -0.328006 0.3554926 0.9164445 -0.2326372 0.3255908 0.9798988 -0.0954394 0.1751844 0.8777117 0.3286413 -0.3487366 0.8751548 0.3387277 -0.345496 0.8552619 0.3814003 -0.3508006 0.9632789 0.2027062 -0.1760796 0.7428604 0.4578749 -0.4883739 0.7078168 0.488741 -0.5100271 -0.7320225 0.4821109 -0.481365 0.9628169 -0.1945956 0.1873931 0.8443593 -0.3770156 0.3806793 0.979756 0.1344983 -0.1482849 0.904013 0.2902261 -0.3138936 0.8001242 -0.3588321 0.4806671 0.8726535 0.3883473 -0.296078 0.7058237 -0.4877187 0.5137542 1.988745E-09 -0.2124844 0.9771645 0 -0.1916301 0.9814672 -9.327207E-09 0.5498345 0.8352737 0 0.08011276 -0.9967858 -1.221998E-10 0.06839678 -0.9976583 2.956973E-09 0.9854016 0.1702458 0 -0.9965714 -0.08273734 6.583396E-10 -0.9936767 -0.112279 -1.988745E-09 -0.2124844 0.9771645 9.327207E-09 0.5498345 0.8352737 0.02736504 0.9812782 0.1906419 0.01680367 0.9823154 0.1864785 2.956973E-09 0.9854016 0.1702458 -1.988745E-09 -0.2124844 0.9771645 1.221998E-10 0.06839678 -0.9976583 0.005391532 0.08011159 -0.9967713 1.988745E-09 -0.2124844 0.9771645 -6.583396E-10 -0.9936767 -0.112279 0.9999945 0.003285186 0.0002727427 0.7845898 -0.4242027 0.4521846 0.7530193 -0.4178398 0.5083029 0.02324503 -0.5697004 -0.8215237 0.2146768 0.5119922 0.8317319 0.7425064 -0.443882 0.5016502 0.7847456 0.4237543 -0.4523346 0.7537932 0.4354747 -0.4920951 0.7862311 0.4017223 0.4695316 0.8821113 -0.3662016 0.2962702 0.9244926 -0.0976639 -0.3684769 0.9794322 0.08180927 -0.1844445 0.8776322 -0.3203237 0.3565874 0.8752355 -0.328006 0.3554926 0.9164445 -0.2326372 0.3255908 0.9798988 -0.0954394 0.1751844 0.8777117 0.3286413 -0.3487366 0.8751548 0.3387277 -0.345496 0.8552619 0.3814003 -0.3508006 0.9632789 0.2027062 -0.1760796 0.7428604 0.4578749 -0.4883739 0.7078168 0.488741 -0.5100271 -0.7320225 0.4821109 -0.481365 0.9628169 -0.1945956 0.1873931 0.8443593 -0.3770156 0.3806793 0.979756 0.1344983 -0.1482849 0.904013 0.2902261 -0.3138936 0.8001242 -0.3588321 0.4806671 0.8726535 0.3883473 -0.296078 0.7058237 -0.4877187 0.5137542 1.988745E-09 -0.2124844 0.9771645 0 -0.1916301 0.9814672 -9.327207E-09 0.5498345 0.8352737 0 0.08011276 -0.9967858 -1.221998E-10 0.06839678 -0.9976583 2.956973E-09 0.9854016 0.1702458 0 -0.9965714 -0.08273734 6.583396E-10 -0.9936767 -0.112279 -1.988745E-09 -0.2124844 0.9771645 9.327207E-09 0.5498345 0.8352737 0.02736504 0.9812782 0.1906419 0.01680367 0.9823154 0.1864785 2.956973E-09 0.9854016 0.1702458 -1.988745E-09 -0.2124844 0.9771645 0 0.7632856 -0.6460613 0 0.7632856 -0.6460613 0 0.5144913 0.8574957 0 1 0 0 0.8946651 0.4467374 -1 0 0 0 0.5144913 0.8574957 0 0.5144913 0.8574957 0 0.8905611 0.4548637 0 1 0 0 1 0 0 0 -1 0 0 -1 0 0 -1 0 0 1 0 0 1 0 0 1 0 0 1 0 0.5681419 0.8229306 0 0.6381545 0.7699084 0 0.6460484 0.7632964 0 0 1 0 0 1 0 0 1 0 0 1 0 0 1 0 0 1 0 0 1 0 0 1 0 0 1 0 0 1 0 0 1 0 0 1 0 0 1 0 0.5711234 0.8208643 0 0.5649545 0.8251221 0 0.6447077 0.7644292 0 0.6460484 0.7632964 0 0 1 0 0 1 0 0 1 0 0 1 0 0 1 0 0 1 0 0 1 0 0 1 0 0 1 0 0 1 -3.653309E-10 -0.4264739 -0.9044999 0.005391845 -0.4157826 -0.9094481 -5.598664E-09 0.2906414 0.956832 5.636558E-10 -0.9224054 0.3862232 0.9999946 0.003001525 -0.001362784 0.7845899 -0.1500415 0.6015865 0.7530202 -0.1171368 0.647487 0.02322389 -0.8978364 -0.4397164 0.2151154 0.8522839 0.4767993 0.7425179 -0.1431161 0.6543585 0.7847458 0.1495768 -0.601499 0.7537856 0.140437 -0.6419383 0.7862653 0.5795749 0.2141958 0.8821113 -0.1753901 0.4371704 0.9244898 -0.2648657 -0.2741619 0.9794335 -0.01844179 -0.2009228 0.8776354 -0.1059232 0.4674787 0.875235 -0.1131666 0.4702733 0.9164458 -0.04446187 0.3976811 0.9798996 0.002039233 0.1994807 0.8777153 0.117012 -0.4646763 0.8751561 0.1274 -0.4667666 0.8552505 0.1620824 -0.4922154 0.9632798 0.09119045 -0.2525399 0.7428719 0.1618052 -0.6495848 0.707804 0.1782117 -0.6835598 -0.7320386 0.1863831 -0.6552716 0.9628171 -0.07859523 0.2584685 0.8443468 -0.1436918 0.5161697 0.9797568 0.04517676 -0.1950276 0.9040152 0.1004491 -0.4155315 0.8001094 -0.07908555 0.5946179 0.8726428 0.1948162 -0.4478182 0.7058107 -0.1755025 0.6863164 -5.598664E-09 0.2906414 0.956832 0 0.3109584 0.9504235 1.554369E-09 0.8872116 0.4613628 0 -0.4157886 -0.9094613 3.653309E-10 -0.4264739 -0.9044999 -4.868268E-09 0.9434375 -0.3315505 0 -0.910543 0.4134143 -5.636558E-10 -0.9224054 0.3862232 1.057348E-08 0.2906769 0.9568213 -1.554369E-09 0.8872116 0.4613628 0.02736586 0.9497764 -0.3117307 0.01680434 0.9486561 -0.3158627 -4.868268E-09 0.9434375 -0.3315505 1.057348E-08 0.2906769 0.9568213 -3.653309E-10 -0.4264739 -0.9044999 0.005391845 -0.4157826 -0.9094481 -5.598664E-09 0.2906414 0.956832 6.876912E-09 -0.9224182 0.3861924 0.9999946 0.003001525 -0.001362784 0.7845931 -0.1500404 0.6015824 0.7530202 -0.1171368 0.647487 0.02322389 -0.8978364 -0.4397164 0.2151154 0.8522839 0.4767993 0.7425179 -0.1431161 0.6543585 0.784749 0.1495757 -0.6014949 0.7537856 0.140437 -0.6419383 0.7862653 0.5795749 0.2141958 0.8821113 -0.1753901 0.4371704 0.9244898 -0.2648657 -0.2741619 0.9794335 -0.01844179 -0.2009228 0.8776354 -0.1059232 0.4674787 0.875235 -0.1131666 0.4702733 0.9164458 -0.04446187 0.3976811 0.9798996 0.002039233 0.1994807 0.8777153 0.117012 -0.4646763 0.8751561 0.1274 -0.4667666 0.8552505 0.1620824 -0.4922154 0.9632798 0.09119045 -0.2525399 0.7428719 0.1618052 -0.6495848 0.707804 0.1782117 -0.6835598 -0.7320386 0.1863831 -0.6552716 0.9628171 -0.07859523 0.2584685 0.8443468 -0.1436918 0.5161697 0.9797568 0.04517676 -0.1950276 0.9040152 0.1004491 -0.4155315 0.8001094 -0.07908555 0.5946179 0.8726428 0.1948162 -0.4478182 0.7058107 -0.1755025 0.6863164 -5.598664E-09 0.2906414 0.956832 0 0.3109584 0.9504235 1.554369E-09 0.8872116 0.4613628 0 -0.4157886 -0.9094613 3.653309E-10 -0.4264739 -0.9044999 -4.868268E-09 0.9434375 -0.3315505 0 -0.910543 0.4134143 -6.876912E-09 -0.9224182 0.3861924 1.057348E-08 0.2906769 0.9568213 -1.554369E-09 0.8872116 0.4613628 0.02736586 0.9497764 -0.3117307 0.01680434 0.9486561 -0.3158627 -4.868268E-09 0.9434375 -0.3315505 1.057348E-08 0.2906769 0.9568213 -3.653309E-10 -0.4264739 -0.9044999 0.005391845 -0.4157826 -0.9094481 -5.598664E-09 0.2906414 0.956832 5.636558E-10 -0.9224054 0.3862232 0.9999946 0.003001525 -0.001362784 0.7845899 -0.1500415 0.6015865 0.7530202 -0.1171368 0.647487 0.02322389 -0.8978364 -0.4397164 0.2151154 0.8522839 0.4767993 0.7425179 -0.1431161 0.6543585 0.7847458 0.1495768 -0.601499 0.7537856 0.140437 -0.6419383 0.7862653 0.5795749 0.2141958 0.8821113 -0.1753901 0.4371704 0.9244898 -0.2648657 -0.2741619 0.9794335 -0.01844179 -0.2009228 0.8776354 -0.1059232 0.4674787 0.875235 -0.1131666 0.4702733 0.9164458 -0.04446187 0.3976811 0.9798996 0.002039233 0.1994807 0.8777153 0.117012 -0.4646763 0.8751561 0.1274 -0.4667666 0.8552505 0.1620824 -0.4922154 0.9632798 0.09119045 -0.2525399 0.7428719 0.1618052 -0.6495848 0.707804 0.1782117 -0.6835598 -0.7320386 0.1863831 -0.6552716 0.9628171 -0.07859523 0.2584685 0.8443468 -0.1436918 0.5161697 0.9797568 0.04517676 -0.1950276 0.9040152 0.1004491 -0.4155315 0.8001094 -0.07908555 0.5946179 0.8726428 0.1948162 -0.4478182 0.7058107 -0.1755025 0.6863164 -5.598664E-09 0.2906414 0.956832 0 0.3109584 0.9504235 5.588747E-09 0.8872018 0.4613815 0 -0.4157886 -0.9094613 3.653309E-10 -0.4264739 -0.9044999 -4.868268E-09 0.9434375 -0.3315505 0 -0.910543 0.4134143 -5.636558E-10 -0.9224054 0.3862232 1.057348E-08 0.2906769 0.9568213 -1.554369E-09 0.8872116 0.4613628 0.02736586 0.9497764 -0.3117307 0.01680434 0.9486561 -0.3158627 -4.868268E-09 0.9434375 -0.3315505 1.057348E-08 0.2906769 0.9568213 0 1 0 0 1 0 0 0.5144913 0.8574957 0 0.5144913 0.8574957 0 0.8946651 0.4467374 0 0.8946651 0.4467374 0 0.8251268 -0.5649476 0 0.8251268 -0.5649476 0 0.8251268 -0.5649476 0 0.8251268 -0.5649476 0 0.9963134 -0.08578806 0 0.8905611 0.4548637 0 0 -1 0 0 -1 1 0 0 1 0 0 1 0 0 1 0 0 0 1 0 0 1 0 0 0.9997064 0.02423198 0 0.9997064 0.02423198 0 0.5144913 0.8574957 0 0.8905611 0.4548637 0 1 0 0 1 0 0 0 1 0 0 1  
			<SubMeshes>: 1
				<SubMesh>: 0 1320 5 15 4 19 6 12 2 18 9 3 234 235 3 235 8 236 237 11 236 11 13 18 19 12 18 12 9 10 238 17 10 17 16 0 10 16 0 16 14 26 31 15 26 15 5 17 239 240 241 20 22 241 22 242 14 16 24 14 24 30 17 240 243 17 243 27 244 245 1 21 23 29 21 29 32 246 247 248 246 248 249 250 251 252 250 252 253 254 255 256 254 256 257 25 258 259 25 259 260 1 245 258 1 258 25 261 262 251 261 251 250 27 243 6 27 6 19 263 264 255 263 255 254 32 29 265 32 265 266 7 267 31 7 31 26 268 269 28 268 28 270 8 271 272 8 272 273 13 274 275 13 275 276 13 11 274 8 235 271 28 277 278 28 278 279 270 28 279 270 279 280 269 281 277 269 277 28 30 24 18 30 18 2 238 239 17 38 48 37 52 39 45 35 51 42 36 282 283 36 283 41 284 285 44 284 44 46 51 52 45 51 45 42 43 286 50 43 50 49 33 43 49 33 49 47 59 64 48 59 48 38 50 287 288 289 53 55 289 55 290 47 49 57 47 57 63 50 288 291 50 291 60 292 293 34 54 56 62 54 62 65 294 295 296 294 296 297 298 299 300 298 300 301 302 303 304 302 304 305 58 306 307 58 307 308 34 293 306 34 306 58 309 310 299 309 299 298 60 291 39 60 39 52 311 312 303 311 303 302 65 62 313 65 313 314 40 315 64 40 64 59 316 317 61 316 61 318 41 319 320 41 320 321 46 322 323 46 323 324 46 44 322 41 283 319 61 325 326 61 326 327 318 61 327 318 327 328 317 329 325 317 325 61 63 57 51 63 51 35 286 287 50 71 81 70 85 72 78 68 84 75 69 330 331 69 331 74 332 333 77 332 77 79 84 85 78 84 78 75 76 334 83 76 83 82 66 76 82 66 82 80 92 97 81 92 81 71 83 335 336 337 86 88 337 88 338 80 82 90 80 90 96 83 336 339 83 339 93 340 341 67 87 89 95 87 95 98 342 343 344 342 344 345 346 347 348 346 348 349 350 351 352 350 352 353 91 354 355 91 355 356 67 341 354 67 354 91 357 358 347 357 347 346 93 339 72 93 72 85 359 360 351 359 351 350 98 95 361 98 361 362 73 363 97 73 97 92 364 365 94 364 94 366 74 367 368 74 368 369 79 370 371 79 371 372 79 77 370 74 331 367 94 373 374 94 374 375 366 94 375 366 375 376 365 377 373 365 373 94 96 90 84 96 84 68 334 335 83 100 99 223 100 223 226 103 378 379 103 379 231 380 228 104 380 104 106 101 102 229 101 229 381 382 105 110 382 110 225 111 112 233 111 233 230 383 227 117 383 117 119 113 384 385 113 385 222 224 386 116 224 116 120 387 388 232 387 232 122 389 114 390 389 390 391 392 393 394 392 394 395 396 115 397 396 397 398 399 400 401 399 401 402 402 401 403 402 403 404 405 406 118 405 118 407 108 408 406 108 406 405 409 410 411 409 411 107 412 413 414 412 414 415 416 417 418 416 418 419 420 421 422 420 422 423 109 121 424 109 424 425 128 138 127 142 129 135 125 141 132 126 426 427 126 427 131 428 429 134 428 134 136 141 142 135 141 135 132 133 430 140 133 140 139 123 133 139 123 139 137 149 154 138 149 138 128 140 431 432 433 143 145 433 145 434 137 139 147 137 147 153 140 432 435 140 435 150 436 437 124 144 146 152 144 152 155 438 439 440 438 440 441 442 443 444 442 444 445 446 447 448 446 448 449 148 450 451 148 451 452 124 437 450 124 450 148 453 454 443 453 443 442 150 435 129 150 129 142 455 456 447 455 447 446 155 152 457 155 457 458 130 459 154 130 154 149 460 461 151 460 151 462 131 463 464 131 464 465 136 466 467 136 467 468 136 134 466 131 427 463 151 469 470 151 470 471 462 151 471 462 471 472 461 473 469 461 469 151 153 147 141 153 141 125 430 431 140 161 171 160 175 162 168 158 174 165 159 474 475 159 475 164 476 477 167 476 167 169 174 175 168 174 168 165 166 478 173 166 173 172 156 166 172 156 172 170 182 187 171 182 171 161 173 479 480 481 176 178 481 178 482 170 172 180 170 180 186 173 480 483 173 483 183 484 485 157 177 179 185 177 185 188 486 487 488 486 488 489 490 491 492 490 492 493 494 495 496 494 496 497 181 498 499 181 499 500 157 485 498 157 498 181 501 502 491 501 491 490 183 483 162 183 162 175 503 504 495 503 495 494 188 185 505 188 505 506 163 507 187 163 187 182 508 509 184 508 184 510 164 511 512 164 512 513 169 514 515 169 515 516 169 167 514 164 475 511 184 517 518 184 518 519 510 184 519 510 519 520 509 521 517 509 517 184 186 180 174 186 174 158 478 479 173 194 204 193 208 195 201 191 207 198 192 522 523 192 523 197 524 525 200 524 200 202 207 208 201 207 201 198 199 526 206 199 206 205 189 199 205 189 205 203 215 220 204 215 204 194 206 527 528 529 209 211 529 211 530 203 205 213 203 213 219 206 528 531 206 531 216 532 533 190 210 212 218 210 218 221 534 535 536 534 536 537 538 539 540 538 540 541 542 543 544 542 544 545 214 546 547 214 547 548 190 533 546 190 546 214 549 550 539 549 539 538 216 531 195 216 195 208 551 552 543 551 543 542 221 218 553 221 553 554 196 555 220 196 220 215 556 557 217 556 217 558 197 559 560 197 560 561 202 562 563 202 563 564 202 200 562 197 523 559 217 565 566 217 566 567 558 217 567 558 567 568 557 569 565 557 565 217 219 213 207 219 207 191 526 527 206 226 223 570 226 570 571 572 573 228 572 228 380 574 382 225 574 225 575 576 577 578 576 578 579 580 581 386 580 386 224 391 390 582 391 582 583 584 585 586 584 586 587 381 229 588 381 588 589 230 233 590 230 590 591 222 385 592 222 592 593 388 594 595 388 595 232 419 418 596 419 596 597  
		</Mesh>
		<Materials>: 1
			<Material>: 0
				<AlbedoColor>: 1 1 1 1
				<EmissiveColor>: 0 0 0 0
				<Glossiness>: 0.04
				<Metallic>: 0
				<SpecularHighlight>: 1
				<GlossyReflection>: 1
				<AlbedoMap>: BLD_Villa1_A
				<MetallicMap>: BLD_Villa1_MS
				<NormalMap>: BLD_Villa1_N
				<EmissionMap>: null
				<DetailAlbedoMap>: DET_Concrete1_A
				<DetailNormalMap>: DET_Concrete1_N
		</Materials>
		<Children>: 0
	</Frame>
</Hierarchy>
