<Hierarchy>:
	<Frame>: 0 5 Villa2_Deco_Beam_A_2x
		<Transform>: 0 0 0 0 0 0 1 1 1 0 0 0 1  
		<TransformMatrix>: 1 0 0 0 0 1 0 0 0 0 1 0 0 0 0 1  
		<BoxCollider>: 1 5.960464E-08 0.02999982 -4 0.6 0.2000003 8  
		<Mesh>: 55 Villa2_Deco_Beam_A_2x
			<Bounds>: 5.960464E-08 0.02999982 -4 0.3 0.1000002 4
			<Positions>: 55 0.3000001 0.1299997 -8 -0.3 0.1299997 -8 0.3000001 0.13 -4.371139E-09 0.3000001 0.1299998 -4 -0.3 0.13 -4.371139E-09 -0.3 0.1299998 -4 0.2500001 -0.07000035 -8 0.3000001 -0.02000035 -8 -0.3 -0.02000036 -8 -0.25 -0.07000035 -8 0.3000001 -0.02000001 -1.092785E-09 0.2500001 -0.07 0 0.2500001 -0.07000017 -4 0.3000001 -0.02000017 -4 -0.25 -0.07 0 -0.3 -0.02 -1.092785E-09 -0.3 -0.02000017 -4 -0.25 -0.07000017 -4 0.2183303 -0.07000035 -8 0.2183303 -0.07000017 -4 0.2183303 -0.07 0 -0.2196156 -0.07000035 -8 -0.2196156 -0.07000017 -4 -0.2196156 -0.07 0 -0.3 -0.02 -1.092785E-09 -0.3 0.13 -4.371139E-09 -0.3 0.1299998 -4 -0.3 0.13 -4.371139E-09 0.3000001 0.13 -4.371139E-09 -0.3 0.1299997 -8 0.2500001 -0.07 0 0.2183303 -0.07 0 0.3000001 0.1299997 -8 0.3000001 0.1299998 -4 0.3000001 0.13 -4.371139E-09 0.3000001 -0.02000001 -1.092785E-09 0.3000001 -0.02000017 -4 0.3000001 -0.02000001 -1.092785E-09 -0.25 -0.07 0 -0.3 -0.02 -1.092785E-09 -0.3 -0.02000017 -4 0.3000001 -0.02000035 -8 -0.3 -0.02000036 -8 -0.25 -0.07000035 -8 -0.3 -0.02000036 -8 -0.3 0.1299997 -8 0.3000001 0.1299997 -8 0.2183303 -0.07000035 -8 0.2500001 -0.07000035 -8 0.3000001 -0.02000035 -8 -0.2196156 -0.07000035 -8 -0.2196156 -0.07 0 -0.25 -0.07000017 -4 -0.25 -0.07 0 -0.25 -0.07000035 -8  
			<Colors>: 0  
			<TextureCoords0>: 55 0.909668 0.6586914 0.8647461 0.6586914 0.954834 0.4997559 0.909668 0.3916016 0.9091797 0.4997559 0.8647461 0.3916016 0.9592285 0.6586914 0.9440918 0.6586914 0.8310547 0.6586914 0.9958496 0.6586914 0.9542847 0.4911499 0.9503987 0.4882813 0.9592285 0.3916016 0.9440918 0.3916016 0.9133707 0.4882813 0.9095459 0.4911499 0.8310547 0.3916016 0.9958496 0.3916016 0.9615481 0.6586914 0.9615481 0.3916016 0.9480534 0.4882813 0.916142 0.4172363 0.9936242 0.3916016 0.9156209 0.4882813 0.8310547 0.1245117 0.8647461 0.1245117 0.8647461 0.3916016 0.8647461 0.1245117 0.909668 0.1245117 0.8647461 0.6586914 0.9592285 0.1245117 0.9615481 0.1245117 0.909668 0.6586914 0.909668 0.3916016 0.909668 0.1245117 0.9440918 0.1245117 0.9440918 0.3916016 0.9440918 0.1245117 0.9958497 0.1245117 0.9995117 0.1245117 0.9995117 0.3916016 0.9440918 0.6586914 0.9995117 0.6586914 0.9138795 0.4172363 0.9100342 0.420105 0.909668 0.4287109 0.9550781 0.4287109 0.9487526 0.4172363 0.9511108 0.4172363 0.954895 0.420105 0.9936242 0.6586914 0.9936242 0.1245117 0.9958496 0.3916016 0.9958497 0.1245117 0.9958496 0.6586914  
			<TextureCoords1>: 55 0.00390625 0.7931908 0.003906621 0.8676094 0.07832484 0.7644784 0.5000297 0.7931908 0.003906254 0.7644784 0.50003 0.8676094 0.9961538 0.9115673 0.9961541 0.9960938 0.003906429 0.8901204 0.003906525 0.8988907 0.07832484 0.783083 0.07212329 0.7892846 0.5000303 0.9115673 0.5000303 0.9960938 0.0101078 0.7892846 0.00390625 0.783083 0.5000302 0.8901204 0.5000303 0.8988907 0.9961538 0.9154953 0.5000302 0.9154953 0.06819525 0.7892846 0.06835468 0.7605721 0.5000301 0.9698142 0.0138764 0.7892846 0.9961539 0.8901204 0.9961537 0.8715158 0.50003 0.8715158 0.9961539 0.8676095 0.9961535 0.7931908 0.00390625 0.8715158 0.00390625 0.9115673 0.003906296 0.9154953 0.9961543 0.9774891 0.5000305 0.9774891 0.003906474 0.9774891 0.00390625 0.9960937 0.5000306 0.902797 0.003906557 0.902797 0.996154 0.8988907 0.9961539 0.8901204 0.5000302 0.8901204 0.9961541 0.902797 0.003906429 0.8901204 0.07212328 0.7605721 0.07832482 0.7543706 0.07832482 0.7357659 0.00390625 0.7357659 0.01403583 0.7605721 0.0101078 0.7605721 0.003906259 0.7543706 0.9961542 0.9698142 0.00390663 0.9698142 0.5000299 0.9735828 0.003906675 0.9735827 0.9961542 0.9735828  
			<Normals>: 55 0 1 0 0 1 0 0 0 1 0 1 0 0 0 1 0 1 0 0.3826815 -0.9238803 0 0.9238803 -0.3826815 0 -0.9238803 -0.3826815 0 -0.3826815 -0.9238803 0 0 0 1 0 0 1 0.3826815 -0.9238803 0 0.9238803 -0.3826815 0 0 0 1 0 0 1 -0.9238803 -0.3826815 0 -0.3826815 -0.9238803 0 0 -1 0 0 -1 0 0 0 1 0 0 -1 0 -1 0 0 0 1 -0.9238803 -0.3826815 0 -1 0 0 -1 0 0 0 1 0 0 1 0 -1 0 0 0.3826815 -0.9238803 0 0 -1 0 1 0 0 1 0 0 1 0 0 0.9238803 -0.3826815 0 0.9238803 -0.3826815 0 0.9238803 -0.3826815 0 -0.3826815 -0.9238803 0 -0.9238803 -0.3826815 0 -0.9238803 -0.3826815 0 0.9238803 -0.3826815 0 -0.9238803 -0.3826815 0 0 0 -1 0 0 -1 0 0 -1 0 0 -1 0 0 -1 0 0 -1 0 0 -1 0 -1 0 0 -1 0 -0.3826815 -0.9238803 0 -0.3826815 -0.9238803 0 -0.3826815 -0.9238803 0  
			<Tangents>: 55 1 0 0 1 0 0 1 1.324584E-18 0 1 0 0 1 0 0 1 0 0 -0.9238803 -0.3826815 0 -0.3826815 -0.9238803 0 -0.3826815 0.9238803 0 -0.9238803 0.3826815 0 1 0 0 1 0 0 -0.9238803 -0.3826815 0 -0.3826815 -0.9238803 0 1 3.270909E-17 0 1 8.188095E-18 0 -0.3826815 0.9238803 0 -0.9238803 0.3826815 6.755142E-06 -1 0 0 -1 0 0 1 0 0 1 -1.556718E-06 0 -1 0 -9.484258E-07 1 0 0 -0.3826815 0.9238803 -2.309192E-08 0 1 -2.18557E-08 0 1 -2.60761E-10 1 0 0 1 0 0 0 1 0 -0.9238803 -0.3826815 0 -1 0 0 0 -1 0 0 -1 0 0 -1 0 -0.3826815 -0.9238803 0 -0.3826815 -0.9238803 0 -0.3826815 -0.9238803 0 -0.9238803 0.3826815 -1.65394E-08 -0.3826815 0.9238803 -1.672764E-08 -0.3826815 0.9238803 6.831928E-06 -0.3826815 -0.9238803 0 -0.3826815 0.9238803 1.537572E-07 1 4.571579E-07 0 1 2.087727E-05 0 1 2.345492E-07 0 1 -1.452134E-06 0 1 -2.272911E-06 0 1 -2.588625E-08 0 1 -9.934105E-08 0 -1 0 0 -1 0 0 -0.9238803 0.3826815 -1.589984E-05 -0.9238803 0.3826815 0 -0.9238803 0.3826815 -1.537766E-07  
			<BiTangents>: 55 0 0 1 0 0 1 1.324584E-18 -1 0 0 0 1 0 -1 0 0 0 1 0 0 1 0 0 1 0 0 1 0 0 1 0 -1 0 0 -1 0 0 0 1 0 0 1 3.270909E-17 -1 0 8.188095E-18 -1 0 0 0 1 6.240943E-06 -2.585068E-06 1 0 0 1 0 0 1 0 -1 0 -1.556718E-06 -1 0 -9.484258E-07 0 1 0 -1 0 -8.836854E-09 2.133418E-08 1 0 2.18557E-08 1 0 2.60761E-10 1 0 0 1 0 0 1 0 0 1 0 0 1 0 0 1 0 0 1 0 0 1 0 0 1 0 0 1 0 0 1 0 0 1 -1.528043E-08 6.329325E-09 1 -6.401359E-09 1.545434E-08 1 2.614453E-06 -6.311884E-06 1 0 0 1 5.884006E-08 -1.420533E-07 1 4.571579E-07 -1 0 2.087727E-05 -1 0 2.345492E-07 -1 0 -1.452134E-06 -1 0 -2.272911E-06 -1 0 -2.588625E-08 -1 0 -9.934105E-08 -1 0 0 0 1 0 0 1 -1.468955E-05 6.084576E-06 1 0 0 1 -1.420712E-07 5.884748E-08 1  
			<SubMeshes>: 1
				<SubMesh>: 0 132 5 3 0 5 0 1 2 4 15 15 14 2 14 23 2 23 20 2 20 11 2 11 10 2 24 25 26 24 26 16 27 28 3 27 3 5 16 26 29 16 29 8 19 12 30 19 30 31 18 6 12 18 12 19 7 32 33 7 33 13 13 33 34 13 34 35 12 36 37 12 37 30 38 39 40 38 40 17 6 41 36 6 36 12 17 40 42 17 42 9 43 44 45 45 46 43 46 21 43 46 47 21 46 48 47 46 49 48 50 18 19 50 19 22 22 19 31 22 31 51 52 22 51 52 51 53 54 50 22 54 22 52  
		</Mesh>
		<Materials>: 1
			<Material>: 0
				<AlbedoColor>: 1 1 1 1
				<EmissiveColor>: 0 0 0 0
				<Glossiness>: 0.04
				<Metallic>: 0
				<SpecularHighlight>: 1
				<GlossyReflection>: 1
				<AlbedoMap>: BLD_Villa2_A
				<MetallicMap>: BLD_Villa2_MS
				<NormalMap>: BLD_Villa2_N
				<EmissionMap>: null
				<DetailAlbedoMap>: DET_Concrete1_A
				<DetailNormalMap>: DET_Concrete1_N
		</Materials>
		<Children>: 0
	</Frame>
</Hierarchy>
