<Hierarchy>:
	<Frame>: 0 5 Villa2_Wall_Int_B
		<Transform>: 0 0 0 0 0 0 1 1 1 0 0 0 1  
		<TransformMatrix>: 1 0 0 0 0 1 0 0 0 0 1 0 0 0 0 1  
		<Mesh>: 588 Villa2_Wall_Int_B
			<Bounds>: 2 2.983506 0.0008257478 2 2.986493 0.3228883
			<Positions>: 588 0.9302979 -0.002986923 0.2282066 3.081757 -0.002986923 0.2282066 0.9302979 -0.002986886 -0.3085801 3.081757 -0.002986886 -0.3085801 2.992816 -0.002986923 0.2282066 1.019238 -0.002986886 -0.3085801 2.992816 -0.002986886 -0.3085801 1.019238 -0.002986923 0.2282066 3.081757 4.568919 0.2282069 3.065282 4.585678 0.2282069 3.065282 4.585678 -0.3085797 3.081757 4.568919 -0.3085797 2.992816 4.477771 0.2282069 2.97634 4.49453 0.2282069 2.97634 4.49453 -0.3085797 2.992816 4.477771 -0.3085798 0.9379816 4.585678 0.2282069 0.9302979 4.577862 0.2282069 0.9302979 4.577862 -0.3085797 0.9379807 4.585678 -0.3085797 1.026922 4.49453 0.2282069 1.019238 4.486714 0.2282069 1.019238 4.486714 -0.3085797 1.026922 4.49453 -0.3085797 0.8194798 4.690432 0.323714 0.8194798 4.705487 0.3067594 0.8194798 4.616686 0.3067594 0.8194798 4.631742 0.323714 3.17948 4.705487 0.3067594 3.17948 4.690432 0.323714 3.17948 4.631742 0.323714 3.17948 4.616686 0.3067594 3.17948 4.751909 -0.3051079 3.17948 4.766965 -0.3220625 3.17948 4.825655 -0.3220625 3.17948 4.84071 -0.3051079 0.8194798 4.766965 -0.3220625 0.8194798 4.751909 -0.3051079 0.8194798 4.84071 -0.3051079 0.8194798 4.825655 -0.3220625 0.8194798 4.690432 -0.3220625 0.8194798 4.705488 -0.3051079 0.8194798 4.616687 -0.305108 0.8194798 4.631742 -0.3220625 3.17948 4.705488 -0.3051079 3.17948 4.690432 -0.3220625 3.17948 4.631742 -0.3220625 3.17948 4.616687 -0.305108 3.17948 4.751909 0.3067594 3.17948 4.766964 0.323714 3.17948 4.825654 0.323714 3.17948 4.84071 0.3067594 0.8194798 4.766964 0.323714 0.8194798 4.751909 0.3067594 0.8194798 4.84071 0.3067594 0.8194798 4.825654 0.323714 3.001329 4.530274 0.2357844 3.001329 4.530274 -0.2399915 1.001329 4.530274 -0.2399915 1.001329 4.530274 0.2357844 3.165706 4.630275 0.2607844 3.165706 4.630275 -0.2649914 0.8369541 4.630275 -0.2649914 0.8369541 4.630275 0.2607844 3.165706 4.830275 0.2607844 3.165706 4.830275 -0.2649914 0.8369541 4.830275 -0.2649914 0.8369541 4.830275 0.2607844 2.00133 4.630275 -0.2649914 2.001329 4.530274 -0.2399915 2.00133 4.630275 0.2607843 2.001329 4.530274 0.2357844 2.00133 4.830275 -0.2649914 2.00133 4.830275 0.2607844 0.8324218 4.84071 -0.3051079 0.8324218 4.825655 -0.3220625 0.8324218 4.751909 -0.3051079 0.8324218 4.766965 -0.3220625 0.8324218 4.84071 0.3067594 0.8324218 4.825654 0.323714 0.8324218 4.751909 0.3067594 0.8324218 4.766964 0.323714 3.149224 4.84071 -0.3051079 3.149224 4.766965 -0.3220625 3.149224 4.84071 0.3067594 3.149224 4.766964 0.323714 3.149224 4.825655 -0.3220625 3.149224 4.751909 -0.3051079 3.149224 4.825654 0.323714 3.149224 4.751909 0.3067594 0.8324218 4.705488 -0.3051079 0.8324218 4.690432 -0.3220625 0.8324218 4.616687 -0.305108 0.8324218 4.631742 -0.3220625 0.8324218 4.705487 0.3067594 0.8324218 4.690432 0.323714 0.8324218 4.616686 0.3067594 0.8324218 4.631742 0.323714 3.149224 4.705488 -0.3051079 3.149224 4.631742 -0.3220625 3.149224 4.705487 0.3067594 3.149224 4.631742 0.323714 3.149224 4.690432 -0.3220625 3.149224 4.616687 -0.305108 3.149224 4.690432 0.323714 3.149224 4.616686 0.3067594 1 -7.105427E-15 -7.450581E-08 1 5.97 6.371737E-07 3 5.97 6.371737E-07 0 -7.105427E-15 -7.450581E-08 0 5.97 6.371737E-07 4 5.97 6.371737E-07 4 -7.105427E-15 -7.450581E-08 4 -3.258417E-08 0.2 4 5.97 0.2000007 0 5.97 0.2000007 0 -3.258417E-08 0.2 3 5.97 0.2000007 3 -3.258417E-08 0.2 1 5.97 0.2000007 1 -3.258417E-08 0.2 4 0.9999999 0.2000001 0 0.9999999 0.2000001 2.999147 0.9999999 0.2000001 0.9991472 0.9999999 0.2000001 4 4.5 0.2000006 0 4.5 0.2000006 2.999147 4.5 0.2000005 0.9991472 4.5 0.2000005 4 5.57 0.2000007 0 5.57 0.2000007 3 5.57 0.2000007 1 5.57 0.2000007 4 5.67 0.3000011 4 5.97 0.3000011 1 5.97 0.3000011 0 5.97 0.3000011 3 5.97 0.3000011 0 5.67 0.3000011 3 5.67 0.3000011 1 5.67 0.3000011 0 0.2 0.2 3 0.2 0.2 1 0.2 0.2 4 0.2 0.2 4 -4.887628E-08 0.3000004 0 -4.887628E-08 0.3000004 3 -4.887628E-08 0.3000004 1 -4.887628E-08 0.3000004 0 0.1799999 0.3000004 0 0.1999999 0.28 3 0.1999999 0.28 3 0.1799999 0.3000004 1 0.1999999 0.28 1 0.1799999 0.3000004 4 0.1999999 0.28 4 0.1799999 0.3000004 0 0.02608693 0.2 4 0.02608693 0.2 4 5.93875 0.2000007 0 5.93875 0.2000007 4 5.946562 0.3000011 0 5.946562 0.3000011 3 5.946562 0.3000011 1 5.946562 0.3000011 0 5.67 0.2000007 4 5.67 0.2000007 0 0.02784131 0.3000004 1 0.02784131 0.3000004 3 0.02784131 0.3000004 4 0.02784131 0.3000004 4 0.2418118 0.2 0 0.2418118 0.2 2.994729 0.2418118 0.2 1.005182 0.2418118 0.2 0 1 4.470349E-08 4 4.5 4.619361E-07 0 4.5 4.619361E-07 4 5.57 5.8949E-07 0 0.2 -5.066395E-08 4 0.02608696 -7.1396E-08 0 0.02608696 -7.1396E-08 0 5.93875 6.334483E-07 4 5.93875 6.334483E-07 4 5.67 6.014109E-07 0 0.2418118 -4.567958E-08 3 -2.4869E-14 7.450581E-08 4 1.509956E-08 -0.2 4 5.97 -0.1999993 0 5.97 -0.1999993 0 1.509956E-08 -0.2 3 5.97 -0.1999993 3 1.509956E-08 -0.2 1 5.97 -0.1999993 1 1.509956E-08 -0.2 4 1 -0.1999999 0 1 -0.1999999 2.999147 1 -0.1999999 0.9991472 1 -0.1999999 4 4.5 -0.1999995 0 4.5 -0.1999995 2.999147 4.5 -0.1999995 0.9991472 4.5 -0.1999995 4 5.57 -0.1999993 0 5.57 -0.1999993 3 5.57 -0.1999993 1 5.57 -0.1999993 4 5.67 -0.2999997 4 5.97 -0.2999997 1 5.97 -0.2999997 0 5.97 -0.2999997 3 5.97 -0.2999997 0 5.67 -0.2999997 3 5.67 -0.2999997 1 5.67 -0.2999997 0 0.2 -0.2 3 0.2 -0.2 1 0.2 -0.2 4 0.2 -0.2 4 2.264939E-08 -0.3000004 0 2.264939E-08 -0.3000004 3 2.264939E-08 -0.3000004 1 2.264939E-08 -0.3000004 0 0.18 -0.3000004 0 0.2 -0.2799999 3 0.2 -0.2799999 3 0.18 -0.3000004 1 0.2 -0.2799999 1 0.18 -0.3000004 4 0.2 -0.2799999 4 0.18 -0.3000004 0 0.02608697 -0.2 4 0.02608697 -0.2 4 5.93875 -0.1999993 0 5.93875 -0.1999993 4 5.946562 -0.2999997 0 5.946562 -0.2999997 3 5.946562 -0.2999997 1 5.946562 -0.2999997 0 5.67 -0.1999993 4 5.67 -0.1999993 0 0.02784138 -0.3000004 1 0.02784138 -0.3000004 3 0.02784138 -0.3000004 4 0.02784138 -0.3000004 4 0.2418119 -0.2 0 0.2418119 -0.2 2.994729 0.2418119 -0.2 1.005182 0.2418118 -0.2 4 1 1.937151E-07 0 5.57 7.385016E-07 4 0.2 9.834767E-08 0 5.67 7.504226E-07 4 0.2418118 1.03332E-07 1.019238 -0.002986886 -0.3085801 1.019238 4.486714 -0.3085797 2.992816 4.477771 -0.3085798 2.992816 -0.002986886 -0.3085801 1.026922 4.49453 0.2282069 1.026922 4.49453 -0.3085797 2.97634 4.49453 -0.3085797 2.97634 4.49453 0.2282069 2.97634 4.49453 -0.3085797 2.97634 4.49453 0.2282069 3.065282 4.585678 0.2282069 2.97634 4.49453 0.2282069 2.992816 4.477771 0.2282069 3.065282 4.585678 -0.3085797 2.97634 4.49453 -0.3085797 2.992816 -0.002986923 0.2282066 1.026922 4.49453 -0.3085797 1.026922 4.49453 0.2282069 1.019238 4.486714 0.2282069 1.026922 4.49453 0.2282069 0.9379816 4.585678 0.2282069 0.9379807 4.585678 -0.3085797 1.026922 4.49453 -0.3085797 1.019238 -0.002986923 0.2282066 3.081757 4.568919 0.2282069 3.081757 -0.002986923 0.2282066 3.081757 -0.002986886 -0.3085801 3.081757 4.568919 -0.3085797 0.9379816 4.585678 0.2282069 3.065282 4.585678 0.2282069 3.065282 4.585678 -0.3085797 0.9379807 4.585678 -0.3085797 0.9302979 -0.002986923 0.2282066 0.9302979 4.577862 0.2282069 0.9302979 4.577862 -0.3085797 0.9302979 -0.002986886 -0.3085801 0.9379816 4.585678 0.2282069 0.9379807 4.585678 -0.3085797 3.065282 4.585678 0.2282069 3.065282 4.585678 -0.3085797 1.019238 -0.002986886 -0.3085801 1.019238 -0.002986923 0.2282066 0.9302979 -0.002986923 0.2282066 0.9302979 -0.002986886 -0.3085801 2.992816 -0.002986923 0.2282066 2.992816 -0.002986886 -0.3085801 3.081757 -0.002986886 -0.3085801 3.081757 -0.002986923 0.2282066 3.17948 4.825655 -0.3220625 3.149224 4.825655 -0.3220625 0.8194798 4.705488 -0.3051079 0.8194798 4.705487 0.3067594 0.8194798 4.616686 0.3067594 3.17948 4.705487 0.3067594 3.17948 4.616687 -0.305108 3.17948 4.616686 0.3067594 3.149224 4.690432 0.323714 3.17948 4.690432 0.323714 0.8194798 4.631742 0.323714 3.17948 4.766964 0.323714 3.17948 4.825654 0.323714 3.17948 4.751909 0.3067594 3.149224 4.825654 0.323714 3.17948 4.825654 0.323714 3.17948 4.84071 0.3067594 0.8194798 4.766964 0.323714 0.8194798 4.751909 0.3067594 0.8194798 4.84071 0.3067594 0.8369541 4.630275 -0.2649914 1.001329 4.530274 -0.2399915 3.001329 4.530274 0.2357844 3.165706 4.630275 0.2607844 2.001329 4.530274 0.2357844 2.001329 4.530274 -0.2399915 2.00133 4.630275 0.2607843 0.8369541 4.630275 0.2607844 0.8369541 4.630275 0.2607844 0.8369541 4.830275 0.2607844 0.8369541 4.630275 -0.2649914 2.00133 4.630275 -0.2649914 3.165706 4.630275 -0.2649914 3.165706 4.630275 -0.2649914 3.165706 4.830275 -0.2649914 3.165706 4.630275 0.2607844 0.8369541 4.630275 -0.2649914 0.8369541 4.830275 -0.2649914 3.165706 4.630275 0.2607844 3.165706 4.830275 0.2607844 3.001329 4.530274 0.2357844 3.001329 4.530274 -0.2399915 0.8369541 4.630275 0.2607844 1.001329 4.530274 0.2357844 3.165706 4.630275 -0.2649914 3.001329 4.530274 -0.2399915 0.8194798 4.84071 -0.3051079 0.8194798 4.751909 -0.3051079 0.8194798 4.616687 -0.305108 0.8194798 4.631742 -0.3220625 0.8194798 4.766965 -0.3220625 3.17948 4.705488 -0.3051079 3.17948 4.690432 -0.3220625 3.17948 4.766965 -0.3220625 3.17948 4.825655 -0.3220625 3.17948 4.84071 -0.3051079 3.17948 4.751909 -0.3051079 3.149224 4.690432 -0.3220625 3.17948 4.690432 -0.3220625 3.17948 4.631742 -0.3220625 3.17948 4.690432 0.323714 3.17948 4.631742 0.323714 3.149224 4.84071 -0.3051079 3.149224 4.84071 0.3067594 3.149224 4.751909 0.3067594 3.149224 4.766964 0.323714 0.8194798 4.84071 0.3067594 0.8194798 4.825654 0.323714 0.8324218 4.84071 0.3067594 0.8194798 4.751909 -0.3051079 0.8324218 4.751909 -0.3051079 0.8324218 4.751909 0.3067594 0.8194798 4.751909 0.3067594 0.8194798 4.825654 0.323714 0.8194798 4.766964 0.323714 0.8324218 4.766964 0.323714 0.8324218 4.825654 0.323714 3.149224 4.751909 -0.3051079 3.149224 4.766965 -0.3220625 0.8194798 4.84071 -0.3051079 0.8324218 4.84071 -0.3051079 0.8194798 4.825655 -0.3220625 0.8194798 4.825655 -0.3220625 0.8324218 4.825655 -0.3220625 0.8324218 4.766965 -0.3220625 0.8194798 4.766965 -0.3220625 3.17948 4.751909 -0.3051079 3.17948 4.766965 -0.3220625 3.17948 4.751909 0.3067594 3.17948 4.766964 0.323714 3.17948 4.84071 -0.3051079 3.17948 4.84071 0.3067594 3.149224 4.705488 -0.3051079 3.149224 4.705487 0.3067594 3.149224 4.616686 0.3067594 3.149224 4.631742 0.323714 0.8194798 4.705487 0.3067594 0.8194798 4.690432 0.323714 0.8324218 4.705487 0.3067594 0.8194798 4.616687 -0.305108 0.8324218 4.616687 -0.305108 0.8324218 4.616686 0.3067594 0.8194798 4.616686 0.3067594 0.8194798 4.690432 0.323714 0.8194798 4.631742 0.323714 0.8324218 4.631742 0.323714 0.8324218 4.690432 0.323714 3.149224 4.616687 -0.305108 3.149224 4.631742 -0.3220625 0.8194798 4.705488 -0.3051079 0.8324218 4.705488 -0.3051079 0.8194798 4.690432 -0.3220625 0.8194798 4.690432 -0.3220625 0.8324218 4.690432 -0.3220625 0.8324218 4.631742 -0.3220625 0.8194798 4.631742 -0.3220625 3.17948 4.616687 -0.305108 3.17948 4.631742 -0.3220625 3.17948 4.616686 0.3067594 3.17948 4.631742 0.323714 3.17948 4.705488 -0.3051079 3.17948 4.705487 0.3067594 0 -7.105427E-15 -7.450581E-08 0 -3.258417E-08 0.2 4 5.97 6.371737E-07 4 5.97 0.2000007 0 0.9999999 0.2000001 0 4.5 0.2000006 4 4.5 0.2000006 4 5.57 0.2000007 4 5.946562 0.3000011 4 5.97 0.3000011 3 5.97 0.3000011 1 5.97 0.3000011 0 5.97 0.3000011 0 5.57 0.2000007 0 5.67 0.3000011 4 5.97 0.3000011 0 0.2418118 0.2 0 0.02608693 0.2 0 -3.258417E-08 0.2 4 0.02784131 0.3000004 4 0.1799999 0.3000004 0 0.2 0.2 4 0.2 0.2 4 0.1999999 0.28 0 -4.887628E-08 0.3000004 1 0.1999999 0.28 0 0.1999999 0.28 4 0.1999999 0.28 3 0.1999999 0.28 0 0.02784131 0.3000004 4 0.02608693 0.2 4 -3.258417E-08 0.2 0 5.97 0.2000007 0 5.946562 0.3000011 0 5.97 0.3000011 4 5.67 0.3000011 0 5.97 6.371737E-07 0 -4.887628E-08 0.3000004 1 -4.887628E-08 0.3000004 3 -4.887628E-08 0.3000004 4 -4.887628E-08 0.3000004 0 0.2 0.2 0 0.1799999 0.3000004 0 0.1999999 0.28 4 -3.258417E-08 0.2 4 -4.887628E-08 0.3000004 0 0.2 0.2 1 0.2 0.2 3 0.2 0.2 4 0.2 0.2 4 0.2418119 -0.2 4 1 -0.1999999 0 5.57 -0.1999993 3 5.97 -0.2999997 4 5.97 -0.2999997 4 5.946562 -0.2999997 1 5.97 -0.2999997 0 5.97 -0.2999997 0 5.67 -0.2999997 4 5.97 -0.1999993 4 5.97 -0.2999997 4 0.02784138 -0.3000004 4 0.18 -0.3000004 4 0.2 -0.2 4 0.2 -0.2799999 0 1.509956E-08 -0.2 0 2.264939E-08 -0.3000004 1 0.2 -0.2799999 0 0.2 -0.2799999 4 0.2 -0.2799999 3 0.2 -0.2799999 0 0.02784138 -0.3000004 0 0.18 -0.3000004 1 0.18 -0.3000004 0 5.97 -0.1999993 0 5.97 -0.2999997 0 5.946562 -0.2999997 4 5.67 -0.2999997 4 5.57 -0.1999993 0 2.264939E-08 -0.3000004 1 2.264939E-08 -0.3000004 3 2.264939E-08 -0.3000004 4 2.264939E-08 -0.3000004 0 0.2 -0.2 0 0.18 -0.3000004 0 0.2 -0.2799999 4 1.509956E-08 -0.2 4 2.264939E-08 -0.3000004 4 0.2 -0.2 0 0.2 -0.2 1 0.2 -0.2 3 0.2 -0.2 4 0.2 -0.2 4 -7.105427E-15 -7.450581E-08 4 0.9999999 0.2000001 4 0.2418118 0.2 4 0.2 0.2 0 0.02608697 -0.2 0 1.509956E-08 -0.2 0 4.5 -0.1999995 0 1 -0.1999999 4 4.5 -0.1999995 4 0.02608697 -0.2 0 0.2418119 -0.2 0 0.2 -0.2 4 1.509956E-08 -0.2 1 -3.258417E-08 0.2 1 0.2 0.2 1 0.1999999 0.28 1 -4.887628E-08 0.3000004 1 0.1799999 0.3000004 1 0.02784131 0.3000004 1 -4.887628E-08 0.3000004 1 0.1799999 0.3000004 3 -3.258417E-08 0.2 3 -4.887628E-08 0.3000004 3 0.1999999 0.28 3 0.2 0.2 3 0.02784131 0.3000004 3 0.1799999 0.3000004 2.992816 4.477771 -0.3085798 2.992816 4.477771 0.2282069 1.019238 4.486714 -0.3085797 1.019238 4.486714 0.2282069 0.9302979 4.577862 0.2282069 0.9302979 4.577862 -0.3085797 3.081757 4.568919 0.2282069 3.081757 4.568919 -0.3085797 1 5.57 0.2000007 0 5.57 0.2000007 3 5.57 0.2000007 4 5.57 0.2000007 0 5.57 -0.1999993 1 5.57 -0.1999993 3 5.57 -0.1999993 4 5.57 -0.1999993 4 0.2418118 1.03332E-07 4 1 1.937151E-07 0 5.57 7.385016E-07 0 5.67 7.504226E-07 4 0.2 9.834767E-08 4 5.93875 6.334483E-07 4 5.97 6.371737E-07 1 5.97 6.371737E-07 0 5.97 6.371737E-07 0 -7.105427E-15 -7.450581E-08 1 -7.105427E-15 -7.450581E-08 0 0.02608696 -7.1396E-08 0 -7.105427E-15 -7.450581E-08 4 5.97 6.371737E-07 3 5.97 6.371737E-07 3 -2.4869E-14 7.450581E-08 4 -7.105427E-15 -7.450581E-08 0 4.5 4.619361E-07 0 1 4.470349E-08 4 4.5 4.619361E-07 4 5.57 5.8949E-07 4 0.02608696 -7.1396E-08 0 0.2418118 -4.567958E-08 0 0.2 -5.066395E-08 4 -7.105427E-15 -7.450581E-08 0 5.97 6.371737E-07 0 5.93875 6.334483E-07 4 5.67 6.014109E-07  
			<Colors>: 0  
			<TextureCoords0>: 588 0.802593 0.6591595 0.802593 0.6591595 0.802593 0.659159 0.8026367 0.6591595 0.06739596 0.4182722 0.8182086 0.6591595 0.8182086 0.659159 0.06739591 0.6148669 0.8025931 0.1297846 0.802593 0.6591595 0.8026142 0.412849 0.802593 0.1298046 0.06739591 0.547159 0.8182086 0.6488613 0.8182086 0.4231477 0.8182086 0.1403575 0.802593 0.4128474 0.8025952 0.1286839 0.8026412 0.1286831 0.802593 0.6591595 0.8182086 0.4231453 0.06739591 0.4861347 0.8182086 0.1392372 0.8182086 0.648862 0.6254883 0.6811523 0.6269531 0.6801758 0.6269531 0.6855469 0.6264648 0.6987305 0.6269531 0.6801758 0.5258789 0.6962891 0.5258789 0.6987305 0.6269531 0.6855469 0.4086914 0.7148438 0.5258789 0.6987305 0.5258789 0.6962891 0.5258789 0.6953125 0.6264648 0.6987305 0.6264648 0.699707 0.5419922 0.7148438 0.6665039 0.6811523 0.6665039 0.6811523 0.6655273 0.6801758 0.6655273 0.6855469 0.6665039 0.6845703 0.6655273 0.6801758 0.6665039 0.6811523 0.6665039 0.6845703 0.6655273 0.6855469 0.6269531 0.6855469 0.6254883 0.6845703 0.6254883 0.6811523 0.6269531 0.6801758 0.6254883 0.6845703 0.6269531 0.6855469 0.6269531 0.6801758 0.6254883 0.6811523 0.6772461 0.7114258 0.6772461 0.7260742 0.6181641 0.7094727 0.5834961 0.7114258 0.6708984 0.7104492 0.6708984 0.7270508 0.6264648 0.7045898 0.5898438 0.7104492 0.5522461 0.6953125 0.7729492 0.6953125 0.6748047 0.6953125 0.6518555 0.6953125 0.5761719 0.7045898 0.5761719 0.7094727 0.5761719 0.7045898 0.5761719 0.7094727 0.7241211 0.6953125 0.6015625 0.6953125 0.5411935 0.7148438 0.6258622 0.6962891 0.6258622 0.699707 0.6258622 0.6987305 0.5411935 0.7524414 0.6258622 0.6962891 0.6258622 0.699707 0.6258622 0.6987305 0.5272878 0.6953125 0.5272878 0.6987305 0.5272878 0.6953125 0.5272878 0.6987305 0.5272878 0.6962891 0.4105586 0.7148438 0.5272878 0.6962891 0.4105586 0.7524414 0.5411935 0.7148438 0.6258622 0.6962891 0.6258622 0.699707 0.6258622 0.6987305 0.5411935 0.7524414 0.6258622 0.6962891 0.6258622 0.699707 0.6258622 0.6987305 0.5272878 0.6953125 0.5272878 0.6987305 0.5272878 0.6953125 0.5272878 0.6987305 0.5272878 0.6962891 0.4105586 0.7148438 0.5272878 0.6962891 0.4105586 0.7524414 0.6303711 0.7507324 0.3496094 0.009887695 0.2504883 0.009887695 0.6865234 0.7507324 0.3991699 0.009887695 0.7402344 0.07226563 0.4311523 0.07226563 0.4614258 0.7392578 0.7402344 0.08251953 0.3991699 0.003662109 0.6865234 0.7392578 0.2504883 0.003662109 0.5175781 0.7392578 0.3496094 0.003662109 0.6303711 0.7392578 0.2004395 0.3642578 0.3999023 0.3642578 0.2553711 0.3642578 0.3449707 0.3642578 0.2004395 0.1899414 0.3999023 0.1899414 0.2553711 0.1899414 0.3449707 0.1899414 0.7197266 0.08251953 0.3999023 0.1347656 0.25 0.1347656 0.3500977 0.1347656 0.2004395 0.130127 0.7402344 0.08789063 0.3496094 0.0004882813 0.3999023 0.1162109 0.2504883 0.0004882813 0.3999023 0.130127 0.25 0.130127 0.3500977 0.130127 0.4414063 0.08251953 0.4345703 0.6679688 0.5429688 0.6679688 0.4023438 0.6738281 0.4614258 0.7338867 0.3793945 0.6733398 0.5175781 0.7338867 0.6303711 0.7338867 0.3999023 0.4055176 0.597168 0.6635742 0.4345703 0.6635742 0.25 0.4055176 0.5429688 0.6635742 0.3500977 0.4055176 0.4023438 0.6645508 0.2004395 0.4055176 0.4326172 0.08251953 0.3813477 0.6738281 0.7387695 0.08251953 0.7387695 0.08251953 0.7392578 0.08789063 0.3999023 0.1171875 0.25 0.1171875 0.3500977 0.1171875 0.7250977 0.08251953 0.7250977 0.08251953 0.3828125 0.6733398 0.3500977 0.4129472 0.25 0.4129472 0.2004395 0.4129472 0.2004395 0.4019728 0.3999023 0.4019729 0.2502807 0.4019729 0.3498297 0.4019729 0.4829102 0.07226563 0.6630859 0.07226563 0.6630859 0.07226563 0.7197266 0.07226563 0.4414063 0.07226563 0.4326172 0.07226563 0.4326172 0.07226563 0.7387695 0.07226563 0.7387695 0.07226563 0.7250977 0.07226563 0.4435754 0.07226563 0.5175781 0.7507324 0.4614258 0.7392578 0.7402344 0.08251953 0.3991699 0.003662109 0.3793945 0.6611328 0.2504883 0.003662109 0.5175781 0.7392578 0.3496094 0.003662109 0.6303711 0.7392578 0.2004395 0.3642578 0.3999023 0.3642578 0.2553711 0.3642578 0.3449707 0.3642578 0.2004395 0.1899414 0.3999023 0.1899414 0.2553711 0.1899414 0.3449707 0.1899414 0.2004395 0.1347656 0.3999023 0.1347656 0.25 0.1347656 0.3500977 0.1347656 0.2004395 0.130127 0.7402344 0.08789063 0.3496094 0.0004882813 0.3999023 0.1162109 0.2504883 0.0004882813 0.3999023 0.130127 0.25 0.130127 0.3500977 0.130127 0.597168 0.6679688 0.4345703 0.6679688 0.5429688 0.6679688 0.4023438 0.6738281 0.4614258 0.7338867 0.3793945 0.6733398 0.5175781 0.7338867 0.6303711 0.7338867 0.3999023 0.4055176 0.597168 0.6635742 0.4345703 0.6635742 0.25 0.4055176 0.5429688 0.6635742 0.3500977 0.4055176 0.4023438 0.6645508 0.2004395 0.4055176 0.3823242 0.6611328 0.3813477 0.6738281 0.7387695 0.08251953 0.7387695 0.08251953 0.7392578 0.08789063 0.3999023 0.1171875 0.25 0.1171875 0.3500977 0.1171875 0.7250977 0.08251953 0.7250977 0.08251953 0.3828125 0.6733398 0.3500977 0.4129472 0.25 0.4129472 0.2004395 0.4129472 0.2004395 0.4019728 0.3999023 0.4019729 0.2502807 0.4019729 0.3498297 0.4019729 0.4829102 0.07226563 0.7197266 0.07226563 0.4414063 0.07226563 0.7250977 0.07226563 0.4435754 0.07226563 0.08848409 0.6148669 0.08848409 0.4861347 0.08848409 0.547159 0.08848409 0.4182722 0.0673959 0.4865898 0.08848409 0.4865898 0.08848409 0.5466637 0.06739591 0.5466637 0.08848409 0.5466637 0.06739591 0.5466637 0.8055325 0.1278442 0.8182086 0.1383978 0.8182086 0.1403382 0.8055322 0.1278644 0.8182086 0.1384172 0.8182086 0.6591595 0.08848409 0.4865898 0.0673959 0.4865898 0.8182086 0.1392374 0.8182086 0.1383326 0.803966 0.1277789 0.804012 0.1277782 0.8182086 0.1383324 0.8182086 0.6591595 0.06739606 0.4861347 0.06739594 0.6148672 0.08848409 0.6148673 0.08848409 0.4861347 0.06739606 0.5466637 0.06739604 0.4865898 0.08848409 0.4865898 0.08848409 0.5466637 0.0673959 0.4182951 0.06739606 0.547159 0.08848409 0.547159 0.08848409 0.4182951 0.06739606 0.5466637 0.08848409 0.5466637 0.06739604 0.4865898 0.08848409 0.4865898 0.8023284 0.6589179 0.8023283 0.5644453 0.8179816 0.5644453 0.8179816 0.6589179 0.8179816 0.5644453 0.8179816 0.6589179 0.8023283 0.6589179 0.8023284 0.5644453 0.5258789 0.6962891 0.5272878 0.6962891 0.5419922 0.7148438 0.5419922 0.7524414 0.6264648 0.699707 0.5258789 0.6953125 0.4086914 0.7148438 0.4086914 0.7524414 0.5272878 0.6962891 0.5258789 0.6962891 0.6254883 0.6845703 0.5258789 0.6987305 0.5258789 0.6962891 0.4086914 0.7524414 0.5272878 0.6962891 0.5258789 0.6962891 0.5258789 0.6953125 0.6264648 0.6987305 0.6264648 0.699707 0.5419922 0.7524414 0.5898438 0.7270508 0.5834961 0.7260742 0.5336914 0.7094727 0.5253906 0.7045898 0.5551758 0.7114258 0.5551758 0.7260742 0.6015625 0.7060547 0.6518555 0.7060547 0.6518555 0.7060547 0.6518555 0.6953125 0.6748047 0.7060547 0.7241211 0.7060547 0.7729492 0.7060547 0.5263672 0.7060547 0.5263672 0.6953125 0.5522461 0.7060547 0.6748047 0.7060547 0.6748047 0.6953125 0.5522461 0.7060547 0.5522461 0.6953125 0.5268555 0.7114258 0.5268555 0.7260742 0.6264648 0.7045898 0.6181641 0.7094727 0.5253906 0.7045898 0.5336914 0.7094727 0.6655273 0.6801758 0.6655273 0.6855469 0.6264648 0.699707 0.6264648 0.6987305 0.6665039 0.6845703 0.5258789 0.6953125 0.5258789 0.6962891 0.6665039 0.6845703 0.6665039 0.6811523 0.6655273 0.6801758 0.6655273 0.6855469 0.5272878 0.6962891 0.5258789 0.6962891 0.5258789 0.6987305 0.6254883 0.6811523 0.6254883 0.6845703 0.4105586 0.7148438 0.4105586 0.7524414 0.5272878 0.699707 0.5272878 0.6987305 0.6264648 0.6953125 0.6264648 0.6962891 0.6258622 0.6953125 0.5419922 0.7148438 0.5411935 0.7148438 0.5411935 0.7524414 0.5419922 0.7524414 0.6264648 0.6962891 0.6264648 0.6987305 0.6258622 0.6987305 0.6258622 0.6962891 0.5272878 0.699707 0.5272878 0.6987305 0.6264648 0.6953125 0.6258622 0.6953125 0.6264648 0.6962891 0.6264648 0.6962891 0.6258622 0.6962891 0.6258622 0.6987305 0.6264648 0.6987305 0.5258789 0.699707 0.5258789 0.6987305 0.5258789 0.699707 0.5258789 0.6987305 0.4086914 0.7148438 0.4086914 0.7524414 0.4105586 0.7148438 0.4105586 0.7524414 0.5272878 0.699707 0.5272878 0.6987305 0.6264648 0.6953125 0.6264648 0.6962891 0.6258622 0.6953125 0.5419922 0.7148438 0.5411935 0.7148438 0.5411935 0.7524414 0.5419922 0.7524414 0.6264648 0.6962891 0.6264648 0.6987305 0.6258622 0.6987305 0.6258622 0.6962891 0.5272878 0.699707 0.5272878 0.6987305 0.6264648 0.6953125 0.6258622 0.6953125 0.6264648 0.6962891 0.6264648 0.6962891 0.6258622 0.6962891 0.6258622 0.6987305 0.6264648 0.6987305 0.5258789 0.699707 0.5258789 0.6987305 0.5258789 0.699707 0.5258789 0.6987305 0.4086914 0.7148438 0.4086914 0.7524414 0.4311523 0.07226563 0.4311523 0.08251953 0.2009277 0.009887695 0.2009277 0.003662109 0.4829102 0.08251953 0.6630859 0.08251953 0.6630859 0.08251953 0.2004395 0.1347656 0.2006836 0.1171875 0.2006836 0.1162109 0.25 0.1162109 0.3500977 0.1162109 0.3991699 0.0004882813 0.7197266 0.08251953 0.7250977 0.08789063 0.2009277 0.0004882813 0.4435755 0.08251953 0.3823242 0.6611328 0.3793945 0.6611328 0.3818359 0.6621094 0.3999023 0.6621094 0.597168 0.6679688 0.3798828 0.6679688 0.3798828 0.6635742 0.6865234 0.7338867 0.3500977 0.4040527 0.3999023 0.4040527 0.2004395 0.4040527 0.25 0.4040527 0.3999023 0.4129472 0.4326172 0.08251953 0.4311523 0.08251953 0.7402344 0.08251953 0.7392578 0.08789063 0.7402344 0.08789063 0.7250977 0.08789063 0.7402344 0.07226563 0.3999023 0.4143066 0.3500977 0.4143066 0.25 0.4143066 0.2004395 0.4143066 0.4033203 0.6611328 0.4008789 0.6733398 0.4033203 0.6708984 0.378418 0.6738281 0.378418 0.6621094 0.3999023 0.4040527 0.3500977 0.4040527 0.25 0.4040527 0.2004395 0.4040527 0.4435754 0.08251953 0.4829102 0.08251953 0.7197266 0.08251953 0.25 0.1162109 0.2006836 0.1162109 0.2006836 0.1171875 0.3500977 0.1162109 0.3991699 0.0004882813 0.7250977 0.08789063 0.2009277 0.003662109 0.2009277 0.0004882813 0.3818359 0.6621094 0.3999023 0.6621094 0.3798828 0.6679688 0.3798828 0.6635742 0.6865234 0.7392578 0.6865234 0.7338867 0.3500977 0.4040527 0.3999023 0.4040527 0.2004395 0.4040527 0.25 0.4040527 0.3999023 0.4129472 0.3999023 0.4055176 0.3500977 0.4055176 0.7402344 0.08251953 0.7402344 0.08789063 0.7392578 0.08789063 0.7250977 0.08789063 0.7197266 0.08251953 0.3999023 0.4143066 0.3500977 0.4143066 0.25 0.4143066 0.2004395 0.4143066 0.4033203 0.6611328 0.4008789 0.6733398 0.4033203 0.6708984 0.378418 0.6738281 0.378418 0.6621094 0.4414063 0.08251953 0.3999023 0.4040527 0.3500977 0.4040527 0.25 0.4040527 0.2004395 0.4040527 0.4614258 0.7507324 0.4829102 0.08251953 0.4435754 0.08251953 0.4414063 0.08251953 0.4326172 0.08251953 0.4311523 0.08251953 0.6630859 0.08251953 0.4829102 0.08251953 0.6630859 0.08251953 0.4326172 0.08251953 0.4435755 0.08251953 0.4414063 0.08251953 0.4311523 0.08251953 0.1897833 0.6151756 0.1897833 0.5952189 0.197766 0.5952189 0.1997617 0.6151756 0.1997645 0.5972115 0.1997868 0.6123932 0.1997617 0.6151756 0.1997645 0.5972115 0.1897833 0.6151978 0.1997728 0.6151978 0.1977749 0.595219 0.1897833 0.5952189 0.1997728 0.6121612 0.1997469 0.5971842 0.08848409 0.547159 0.06739591 0.547159 0.08848409 0.4861347 0.06739591 0.4861347 0.06739606 0.547159 0.08848409 0.547159 0.06739606 0.4861347 0.08848409 0.4861347 0.3500977 0.1347656 0.3999023 0.1347656 0.25 0.1347656 0.2004395 0.1347656 0.3999023 0.1347656 0.3500977 0.1347656 0.25 0.1347656 0.2004395 0.1347656 0.4435754 0.07226563 0.4829102 0.07226563 0.7197266 0.07226563 0.7250977 0.07226563 0.4414063 0.07226563 0.7387695 0.07226563 0.7402344 0.07226563 0.3496094 0.009887695 0.3991699 0.009887695 0.6865234 0.7507324 0.6303711 0.7507324 0.4326172 0.07226563 0.4311523 0.07226563 0.2009277 0.009887695 0.2504883 0.009887695 0.5175781 0.7507324 0.4614258 0.7507324 0.6630859 0.07226563 0.4829102 0.07226563 0.6630859 0.07226563 0.7197266 0.07226563 0.4326172 0.07226563 0.4435754 0.07226563 0.4414063 0.07226563 0.4311523 0.07226563 0.7402344 0.07226563 0.7387695 0.07226563 0.7250977 0.07226563  
			<TextureCoords1>: 588 0.9774302 0.8763908 0.9774244 0.6758078 0.549618 0.4995726 0.549618 0.2989898 0.9695552 0.6218565 0.549618 0.4912806 0.549618 0.3072819 0.5496182 0.5679049 0.5511805 0.6758207 0.5496182 0.6773567 0.9774241 0.3005257 0.9758617 0.2989898 0.5518093 0.6218564 0.5581163 0.6856486 0.9689263 0.308818 0.967364 0.3072819 0.5496242 0.8756873 0.5503528 0.8764036 0.9766958 0.4995726 0.9774241 0.4988564 0.5581217 0.8673948 0.9681979 0.5679049 0.9681974 0.4912806 0.9689264 0.4905643 0.9866553 0.544938 0.9850746 0.5435343 0.9850746 0.5518134 0.00390625 0.008544087 0.9280295 0.5557196 0.2301513 0.06146806 0.4501763 0.02942789 0.9280296 0.5639986 0.7696434 0.2929696 0.2301509 0.05756181 0.2301509 0.05209011 0.549618 0.2277904 0.549618 0.2950835 0.549618 0.2929696 0.7696434 0.2277903 0.9264489 0.5205674 0.9264489 0.544938 0.9280295 0.5435343 0.9280295 0.5518132 0.9264489 0.5504097 0.9850746 0.5557196 0.9866552 0.5571232 0.9866553 0.5625949 0.9850746 0.5639986 0.9280296 0.539628 0.9264489 0.5382244 0.9264489 0.5327527 0.9280295 0.5313491 0.9866553 0.5260391 0.9850746 0.5274428 0.9850746 0.5191637 0.9866553 0.5205674 0.2083066 0.0760541 0.2083066 0.1204112 0.9753368 0.2950836 0.0218443 0.07605416 0.2262447 0.07372332 0.2262447 0.1227419 0.9906617 0.2854735 0.00390625 0.07372338 0.4540828 0.06934506 0.7735497 0.2668272 0.4540828 0.09189749 0.7735497 0.2346647 0.8821057 0.2854735 0.8821057 0.2950836 0.8821057 0.2533109 0.8821057 0.262921 0.8821057 0.2668272 0.8821056 0.2346647 0.7684368 0.2277903 0.7684368 0.2299043 0.5508246 0.2929696 0.5508246 0.2950835 0.7684368 0.1707453 0.7684367 0.1686314 0.5508246 0.2359245 0.5508246 0.2338106 0.5524387 0.2277904 0.2329717 0.05756181 0.5524387 0.1707453 0.4473555 0.0388059 0.2329717 0.05209011 0.7668226 0.2929696 0.4473555 0.0333342 0.7668226 0.2359245 0.4489698 0.1206281 0.4489698 0.122742 0.005113134 0.06770307 0.005113143 0.06981707 0.44897 0.06358302 0.44897 0.06146908 0.005112857 0.01065809 0.005112822 0.008544087 0.2329717 0.1206272 0.2329717 0.04818386 0.2329719 0.06358212 0.4473555 0.02942795 0.2329717 0.1227411 0.2211112 0.06770205 0.2329721 0.06146812 0.2211109 0.01065695 0.8667807 0.201935 0.8293114 0.536029 0.6428493 0.5360291 0.7735496 0.201935 0.9225425 0.5360292 0.5604957 0.9082792 0.003906328 0.9082793 0.9639182 0.1832888 0.5604957 0.8896331 0.9225426 0.517383 0.7735496 0.1832888 0.6428493 0.5173829 0.8706871 0.1832888 0.8293115 0.5173828 0.8667807 0.1832888 0.4711261 0.5034792 0.4711271 0.8764036 0.4711263 0.5967897 0.4711269 0.7832521 0.1448177 0.5034789 0.1448184 0.8764033 0.1448179 0.5967895 0.1448183 0.7832518 0.5232033 0.8896332 0.04506113 0.8764036 0.04506056 0.5967101 0.04506089 0.7831724 0.03187552 0.5034791 0.5604957 0.8803099 0.8293115 0.5080596 0.003906932 0.8764036 0.6428493 0.5080597 0.03187624 0.8764036 0.03187568 0.5967102 0.031876 0.7831724 0.5418497 0.9494781 0.6428491 0.01017243 0.6467554 0.01949555 0.02255251 0.8896331 0.9639182 0.1739656 0.560496 0.940155 0.8706871 0.1739656 0.8667807 0.1739656 0.6467554 0.04004055 0.7399865 0.0120371 0.6428491 0.002713978 0.549618 0.01671571 0.6467554 0.0120371 0.7399865 0.04004055 0.02255249 0.8821746 0.6428491 0.01671571 0.5580639 0.9494781 0.006338389 0.8896331 0.5575822 0.8896331 0.006819797 0.9494781 0.5583106 0.8803099 0.006092042 0.8764036 0.006091486 0.5967102 0.006091786 0.7831725 0.03187561 0.9494781 0.5325264 0.8896331 0.5579003 0.940155 0.7399865 0.05422646 0.549618 0.03090161 0.6428491 0.03090161 0.5418128 0.5034791 0.5418138 0.8764035 0.541813 0.5972015 0.5418136 0.7826893 0.4672648 0.9681242 0.4234461 0.9082795 0.140956 0.9681246 0.5232033 0.9082794 0.5418497 0.9681243 0.006338435 0.9082793 0.5580638 0.9681244 0.006819763 0.9681243 0.5575823 0.9082792 0.5325264 0.9082794 0.5379515 0.9681243 0.8706871 0.2019349 0.9639182 0.2205812 0.5604958 0.9269255 0.9225426 0.5546755 0.5604959 0.9867706 0.6428494 0.5546753 0.8706872 0.2205812 0.8293114 0.5546752 0.8667808 0.2205812 0.07849144 0.1266485 0.07849111 0.4995726 0.07849143 0.219959 0.07849114 0.4064211 0.4048003 0.1266484 0.4048002 0.4995726 0.4048003 0.219959 0.4048003 0.4064211 0.5045575 0.1266484 0.5045575 0.4995726 0.5045575 0.2198795 0.5045575 0.4063416 0.5177423 0.1266484 0.5604959 0.9362486 0.8293114 0.5639983 0.5457116 0.4995725 0.6428495 0.5639984 0.5177424 0.4995725 0.5177424 0.2198794 0.5177424 0.4063416 0.7399865 0.0234018 0.4205194 0.01259148 0.6467555 0.0234018 0.02255263 0.9269255 0.9639183 0.2299044 0.5604959 0.9960938 0.8706872 0.2299044 0.8667808 0.2299044 0.7399865 0.03349727 0.7399865 0.0308603 0.4205194 0.02004993 0.6428491 0.04004055 0.6467554 0.0308603 0.6467555 0.03349727 0.02255264 0.934384 0.549618 0.04004055 0.5580637 0.9867706 0.0063385 0.9269255 0.5575823 0.9269255 0.006819729 0.9867705 0.5583107 0.9362486 0.5435265 0.4995725 0.5435266 0.2198793 0.5435266 0.4063416 0.03187555 0.9867706 0.5325265 0.9269255 0.5579002 0.9960938 0.230151 0.01745427 0.6428491 0.05422646 0.5496181 0.05422646 0.007804798 0.1266484 0.007804408 0.4995726 0.007804784 0.2203709 0.007804435 0.4058585 0.09713738 0.9082791 0.04119867 0.9681243 0.02255256 0.9082792 0.03187557 0.9681243 0.02645071 0.9082792 0.5496182 0.6179501 0.9681979 0.6179501 0.5518092 0.6719016 0.9695551 0.6719016 0.549618 0.06072837 0.5496181 0.1107736 0.7313644 0.1107736 0.7313643 0.06072837 0.5496182 0.6719016 0.5496182 0.6218563 0.5496182 0.6773567 0.5581163 0.6856486 0.5596786 0.6841125 0.9774241 0.3005257 0.9689263 0.308818 0.9774247 0.6840999 0.9692197 0.6179501 0.9692197 0.5679049 0.5588504 0.8681114 0.5581217 0.8673948 0.5496242 0.8756873 0.9774241 0.4988564 0.9689264 0.4905643 0.9774302 0.8680987 0.9906459 0.9460485 0.5644022 0.9460486 0.5644022 0.9960938 0.9906459 0.9960937 0.7479486 0.1146799 0.549618 0.1146799 0.549618 0.1647251 0.7479486 0.1647251 0.9925016 0.8862035 0.5654239 0.8862035 0.5654239 0.9362487 0.9925015 0.9362487 0.5644021 0.8862035 0.5644022 0.9362487 0.9928369 0.9460485 0.9928369 0.9960938 0.9764941 0.5069654 0.9264489 0.5069654 0.9264489 0.5152575 0.9764941 0.5152575 0.4540828 0.122742 0.504128 0.122742 0.504128 0.11445 0.4540828 0.11445 0.549618 0.2299043 0.5524387 0.2299044 0.4501763 0.120628 0.4501766 0.06358308 0.003906265 0.01065803 0.2301512 0.06358212 0.2239319 0.06770205 0.2239316 0.01065695 0.4473555 0.02395624 0.4501762 0.02395618 0.9866553 0.5504097 0.4501763 0.0388059 0.4501762 0.0333342 0.7696434 0.2359245 0.5524389 0.1686314 0.5496181 0.1686313 0.549618 0.1707453 0.549618 0.2338106 0.549618 0.2359245 0.7696434 0.1707453 0.00390625 0.122742 0.0218443 0.1204112 0.9753367 0.262921 0.9906617 0.2533109 0.1150754 0.0760541 0.1150754 0.1204112 0.8821057 0.2533109 0.7735497 0.2533109 0.5031015 0.1105437 0.5031015 0.09189749 0.4540828 0.1105437 0.8821057 0.2854735 0.7735497 0.2854735 0.5031015 0.08799124 0.5031015 0.06934506 0.4540828 0.08799124 0.9906617 0.2854735 0.9906617 0.2668272 0.9906617 0.2533109 0.9906616 0.2346647 0.2083066 0.0760541 0.2083066 0.1204112 0.7735497 0.2533109 0.7888746 0.262921 0.7735497 0.2854735 0.7888747 0.2950836 0.9280295 0.5191637 0.9280295 0.5274427 0.003906542 0.06770313 0.003906555 0.06981707 0.9264489 0.5260391 0.230151 0.1206271 0.2301509 0.1227411 0.9866553 0.5382243 0.9866552 0.5327526 0.9850746 0.531349 0.9850746 0.539628 0.2329717 0.04271215 0.2301509 0.04271215 0.2301509 0.04818386 0.9264489 0.5571233 0.9264489 0.562595 0.5524387 0.2277904 0.5524387 0.1707453 0.7668226 0.2359245 0.7668228 0.2338106 0.7696434 0.1707453 0.7696434 0.1686313 0.7684368 0.1707453 0.549618 0.2929696 0.5508246 0.2929696 0.5508246 0.2359245 0.549618 0.2359245 0.2301509 0.0333342 0.230151 0.0388059 0.2313576 0.03880584 0.2313575 0.0333342 0.7668226 0.2929696 0.7668226 0.2950836 0.7696434 0.2277903 0.7684368 0.2277903 0.7696434 0.2299043 0.4501763 0.05209011 0.4489697 0.05209011 0.4489697 0.05756181 0.4501763 0.05756181 0.7696434 0.2929696 0.7696434 0.2950836 0.7696434 0.2359245 0.7696434 0.2338107 0.549618 0.2277904 0.549618 0.1707453 0.2329717 0.1206272 0.2329719 0.06358212 0.2211109 0.01065695 0.221111 0.008543015 0.4501766 0.06358308 0.4501766 0.06146908 0.44897 0.06358302 0.003906542 0.06770313 0.005113134 0.06770307 0.005112857 0.01065809 0.003906265 0.01065803 0.2301509 0.02395618 0.230151 0.02942789 0.2313576 0.02942789 0.2313575 0.02395618 0.2211112 0.06770205 0.2211112 0.06981599 0.4501763 0.120628 0.4489698 0.1206281 0.4501763 0.122742 0.4501763 0.04271215 0.4489697 0.04271215 0.4489697 0.04818386 0.4501763 0.04818386 0.2239319 0.06770205 0.2239319 0.06981599 0.2239316 0.01065695 0.2239317 0.008543074 0.230151 0.1206271 0.2301512 0.06358212 0.5604959 0.9681244 0.560496 0.9494781 0.5496182 0.5360292 0.5496182 0.517383 0.4672648 0.949478 0.140956 0.9494783 0.4234461 0.8896332 0.04506039 0.5034791 0.006091356 0.5034791 0.00390625 0.5034791 0.003906378 0.5967102 0.003906677 0.7831725 0.9225426 0.5080599 0.0411987 0.9494781 0.03187563 0.940155 0.5496182 0.5080599 0.5379515 0.9494781 0.5580639 0.9494781 0.560496 0.9494781 0.006501928 0.8803099 0.02068787 0.8803099 0.7399865 0.01949555 0.549618 0.01017243 0.549618 0.002713978 0.7735496 0.1739656 0.7399865 0.03740352 0.6467554 0.03740352 0.6428491 0.01407868 0.549618 0.01407868 0.6467554 0.05422646 0.006338389 0.8896331 0.003906283 0.8896331 0.003906328 0.9494781 0.006091449 0.940155 0.003906344 0.940155 0.5325264 0.88031 0.003906293 0.9681243 0.6467554 0.05682212 0.7399865 0.05682212 0.549618 0.03349727 0.6428491 0.03349727 0.5418497 0.9494781 0.5437143 0.940155 0.5418497 0.9420196 0.003906283 0.8896331 0.00390625 0.8803099 0.5457119 0.8764035 0.5457117 0.7831724 0.5457111 0.5967101 0.5457109 0.5034791 0.0264508 0.9269255 0.09713751 0.9269254 0.04119863 0.9867706 0.5457118 0.2198793 0.5457116 0.1266482 0.5435265 0.1266482 0.5457117 0.4063416 0.9225426 0.5639986 0.03187553 0.9960937 0.5496183 0.5546755 0.5496184 0.5639986 0.006502094 0.9362487 0.02068803 0.9362487 0.3272883 0.01259148 0.3272883 0.02004993 0.7735497 0.2205812 0.7735498 0.2299044 0.6467554 0.0308603 0.7399865 0.0308603 0.549618 0.03740352 0.642849 0.03740352 0.323382 0.01745427 0.323382 0.003268361 0.2301509 0.003268301 0.003906263 0.9867705 0.00390625 0.9960936 0.006091354 0.9960936 0.5325266 0.9362487 0.5232034 0.9269256 0.3233821 0.02004993 0.230151 0.02004993 0.6428491 0.05682212 0.5496181 0.05682212 0.5418496 0.9867706 0.5437142 0.9960938 0.5418496 0.9942291 0.003906395 0.9269255 0.003906422 0.9362487 0.02255263 0.9269255 0.00390625 0.4995726 0.003906277 0.4063416 0.003906628 0.2198795 0.003906642 0.1266485 0.9639182 0.201935 0.0971374 0.8896329 0.02645068 0.8896331 0.02255251 0.8896331 0.5580637 0.9867706 0.5604959 0.9867706 0.1409559 0.9867707 0.4672647 0.9867704 0.4234462 0.9269257 0.0063385 0.9269255 0.5379515 0.9867706 0.5418496 0.9867706 0.003906395 0.9269255 0.9734614 0.6586722 0.9921077 0.6586722 0.9921077 0.6512138 0.9734614 0.6493491 0.7399865 0.04004055 0.7399865 0.05422646 0.7399865 0.05422646 0.990243 0.6493491 0.9921077 0.6719016 0.9921077 0.6625785 0.9734614 0.6644431 0.9734614 0.6719016 0.989512 0.6625785 0.9753261 0.6625785 0.5518092 0.6719016 0.5518093 0.6218564 0.9681979 0.6179501 0.9681979 0.5679049 0.5654239 0.8862035 0.5654239 0.9362487 0.9906459 0.9460485 0.9906459 0.9960937 0.04506089 0.7831724 0.04506113 0.8764036 0.04506056 0.5967101 0.04506039 0.5034791 0.5045575 0.4995726 0.5045575 0.4063416 0.5045575 0.2198795 0.5045575 0.1266484 0.02645071 0.9082792 0.09713738 0.9082791 0.04119867 0.9681243 0.03187557 0.9681243 0.02255256 0.9082792 0.5575823 0.9082792 0.5604957 0.9082792 0.8293114 0.536029 0.9225425 0.5360292 0.7735496 0.201935 0.8667807 0.201935 0.5580638 0.9681244 0.5604959 0.9681244 0.5496182 0.5360292 0.6428493 0.5360291 0.8706871 0.2019349 0.9639182 0.201935 0.140956 0.9681246 0.4672648 0.9681242 0.4234461 0.9082795 0.5232033 0.9082794 0.006338435 0.9082793 0.5379515 0.9681243 0.5418497 0.9681243 0.003906328 0.9082793 0.003906293 0.9681243 0.006819763 0.9681243 0.5325264 0.9082794  
			<Normals>: 588 0 0 1 0 0 1 0 0 -1 0 0 -1 -1 0 0 0 0 -1 0 0 -1 1 0 0 0 0 1 0 0 1 0 0 -1 0 0 -1 -0.9255008 -0.3787458 0 0 0 1 0 0 -1 0 0 -1 0 0 1 0 0 1 0 0 -1 0 0 -1 0 0 1 0.9255008 -0.3787458 0 0 0 -1 0 0 -1 -0.6254395 0.3198156 0.7117186 -0.6352223 0.7219878 0.2742742 -0.6352223 -0.7219878 0.2742742 -0.6254395 -0.3198156 0.7117186 0.6352223 0.7219878 0.2742742 0.6254395 0.3198156 0.7117186 0.6254395 -0.3198156 0.7117186 0.6352223 -0.7219878 0.2742742 0.6352223 -0.7219878 -0.2742742 0.6254395 -0.3198156 -0.7117186 0.6254395 0.3198156 -0.7117186 0.6352223 0.7219878 -0.2742742 -0.6254395 -0.3198156 -0.7117186 -0.6352223 -0.7219878 -0.2742742 -0.6352223 0.7219878 -0.2742742 -0.6254395 0.3198156 -0.7117186 -0.6254395 0.3198156 -0.7117186 -0.6352223 0.7219878 -0.2742742 -0.6352223 -0.7219878 -0.2742742 -0.6254395 -0.3198156 -0.7117186 0.6352223 0.7219878 -0.2742742 0.6254395 0.3198156 -0.7117186 0.6254395 -0.3198156 -0.7117186 0.6352223 -0.7219878 -0.2742742 0.6352223 -0.7219878 0.2742742 0.6254395 -0.3198156 0.7117186 0.6254395 0.3198156 0.7117186 0.6352223 0.7219878 0.2742742 -0.6254395 -0.3198156 0.7117186 -0.6352223 -0.7219878 0.2742742 -0.6352223 0.7219878 0.2742742 -0.6254395 0.3198156 0.7117186 0.1957523 -0.8085542 0.5549063 0.1957523 -0.8085542 -0.5549063 -0.1957523 -0.8085542 -0.5549063 -0.1957523 -0.8085542 0.5549063 0.6776294 -0.3993811 0.6175056 0.6776294 -0.3993811 -0.6175056 -0.6776294 -0.3993811 -0.6175056 -0.6776294 -0.3993811 0.6175056 0.7071068 0 0.7071068 0.7071068 0 -0.7071068 -0.7071068 0 -0.7071068 -0.7071068 0 0.7071068 0 -0.1221677 -0.9925095 0 -0.7882071 -0.6154101 0 -0.1221677 0.9925095 0 -0.7882071 0.6154101 0 0 -1 0 0 1 0 0.9348079 -0.3551537 0 0.4098672 -0.9121452 0 -0.9348079 -0.3551537 0 -0.4098672 -0.9121452 0 0.9348079 0.3551537 0 0.4098672 0.9121452 0 -0.9348079 0.3551537 0 -0.4098672 0.9121452 0 0.9348079 -0.3551537 0 -0.4098672 -0.9121452 0 0.9348079 0.3551537 0 -0.4098672 0.9121452 0 0.4098672 -0.9121452 0 -0.9348079 -0.3551537 0 0.4098672 0.9121452 0 -0.9348079 0.3551537 0 0.9348079 -0.3551537 0 0.4098672 -0.9121452 0 -0.9348079 -0.3551537 0 -0.4098672 -0.9121452 0 0.9348079 0.3551537 0 0.4098672 0.9121452 0 -0.9348079 0.3551537 0 -0.4098672 0.9121452 0 0.9348079 -0.3551537 0 -0.4098672 -0.9121452 0 0.9348079 0.3551537 0 -0.4098672 0.9121452 0 0.4098672 -0.9121452 0 -0.9348079 -0.3551537 0 0.4098672 0.9121452 0 -0.9348079 0.3551537 0 -1 0 0 1 0 0 1 0 0 -1 0 0 1 0 1 0 0 1 0 0 0 -1 0 1 0 0 0 1 0 0 -1 0 0 1 0 0 -1 0 0 1 0 0 -1 0 0 0 1 0 0 1 0 0 1 0 0 1 0 0 1 0 0 1 0 0 1 0 0 1 1 0 0 0 -0.7071068 0.7071068 0 0 1 0 -0.7071068 0.7071068 0 -0.3826815 0.9238803 1 0 0 0 0.7071068 0.7071068 0 0.7071068 0.7071068 0 0.7071068 0.7071068 0 -0.3826815 0.9238803 0 -0.3826815 0.9238803 0 -0.3826815 0.9238803 -1 0 0 0 0.6794707 0.7337027 0 0.6799136 0.7332922 1 0 0 0 -0.7071068 0.7071068 -1 0 0 0 -0.7071068 0.7071068 0 -0.7071068 0.7071068 0 0.3826815 0.9238803 0 0.9238803 0.3826815 0 0.9238803 0.3826815 0 0.3826815 0.9238803 0 0.9238803 0.3826815 0 0.3826815 0.9238803 1 0 0 0 0.3826815 0.9238803 -1 0 0 1 0 0 1 0 0 -1 0 0 1 0 0 0 0 1 0 0 1 0 0 1 -1 0 0 1 0 0 -1 0 0 0 0 1 0 0 1 0 0 1 0 0 1 0 0 1 0 0 1 0 0 1 -1 0 0 1 0 0 -1 0 0 1 0 0 -1 0 0 1 0 0 -1 0 0 -1 0 0 1 0 0 1 0 0 -1 0 0 0 -1 0 0 -1 0 1 0 0 0 1 0 -1 0 0 0 1 0 0 -1 0 0 1 0 0 -1 0 0 0 -1 0 0 -1 0 0 -1 0 0 -1 0 0 -1 0 0 -1 0 0 -1 0 0 -1 0 0 -1 0 -0.7071068 -0.7071068 0 0 -1 0 -0.7071068 -0.7071068 0 -0.3826815 -0.9238803 1 0 0 0 0.7071068 -0.7071068 0 0.7071068 -0.7071068 0 0.7071068 -0.7071068 0 -0.3826815 -0.9238803 0 -0.3826815 -0.9238803 0 -0.3826815 -0.9238803 0 0.7071068 -0.7071068 0 0.6794707 -0.7337027 0 0.6799136 -0.7332922 1 0 0 0 -0.7071068 -0.7071068 -1 0 0 0 -0.7071068 -0.7071068 0 -0.7071068 -0.7071068 0 0.3826815 -0.9238803 0 0.9238803 -0.3826815 0 0.9238803 -0.3826815 0 0.3826815 -0.9238803 0 0.9238803 -0.3826815 0 0.3826815 -0.9238803 1 0 0 0 0.3826815 -0.9238803 -1 0 0 1 0 0 1 0 0 -1 0 0 1 0 0 0 0 -1 0 0 -1 0 0 -1 -1 0 0 1 0 0 -1 0 0 0 0 -1 0 0 -1 0 0 -1 0 0 -1 0 0 -1 0 0 -1 0 0 -1 1 0 0 -1 0 0 1 0 0 -1 0 0 1 0 0 1 0 0 0.9255008 -0.3787458 0 -0.9255008 -0.3787458 0 -1 0 0 0.3865843 -0.922254 0 0.3865843 -0.922254 0 -0.3866103 -0.9222432 0 -0.3866103 -0.9222432 0 -0.3866103 -0.9222432 0 -0.3866103 -0.9222432 0 0 0 1 0 0 1 0 0 1 0 0 -1 0 0 -1 0 0 1 0.3865843 -0.922254 0 0.3865843 -0.922254 0 0 0 1 0 0 1 0 0 1 0 0 -1 0 0 -1 0 0 1 0.9255052 0.3787351 0 1 0 0 1 0 0 0.9255052 0.3787351 0 -0.3866103 0.9222432 0 0.3866212 0.9222386 0 0.3866212 0.9222386 0 -0.3866103 0.9222432 0 -1 0 0 -0.9255008 0.3787458 0 -0.9255008 0.3787458 0 -1 0 0 -0.3866103 0.9222432 0 -0.3866103 0.9222432 0 0.3866212 0.9222386 0 0.3866212 0.9222386 0 0 -1 0 0 -1 0 0 -1 0 0 -1 0 0 -1 0 0 -1 0 0 -1 0 0 -1 0 0.6254395 0.3198156 -0.7117186 0 0.4098672 -0.9121452 -0.6352223 0.7219878 -0.2742742 -0.6352223 0.7219878 0.2742742 -0.6352223 -0.7219878 0.2742742 0.6352223 0.7219878 0.2742742 0.6352223 -0.7219878 -0.2742742 0.6352223 -0.7219878 0.2742742 0 0.4098672 0.9121452 0.6254395 0.3198156 0.7117186 -0.6254395 -0.3198156 0.7117186 0.6254395 -0.3198156 0.7117186 0.6254395 0.3198156 0.7117186 0.6352223 -0.7219878 0.2742742 0 0.4098672 0.9121452 0.6254395 0.3198156 0.7117186 0.6352223 0.7219878 0.2742742 -0.6254395 -0.3198156 0.7117186 -0.6352223 -0.7219878 0.2742742 -0.6352223 0.7219878 0.2742742 -0.6776294 -0.3993811 -0.6175056 -0.1957523 -0.8085542 -0.5549063 0.1957523 -0.8085542 0.5549063 0.6776294 -0.3993811 0.6175056 0 -0.7882071 0.6154101 0 -0.7882071 -0.6154101 0 -0.1221677 0.9925095 -0.6776294 -0.3993811 0.6175056 -0.6776294 -0.3993811 0.6175056 -0.7071068 0 0.7071068 -0.6776294 -0.3993811 -0.6175056 0 -0.1221677 -0.9925095 0.6776294 -0.3993811 -0.6175056 0.6776294 -0.3993811 -0.6175056 0.7071068 0 -0.7071068 0.6776294 -0.3993811 0.6175056 -0.6776294 -0.3993811 -0.6175056 -0.7071068 0 -0.7071068 0.6776294 -0.3993811 0.6175056 0.7071068 0 0.7071068 0.1957523 -0.8085542 0.5549063 0.1957523 -0.8085542 -0.5549063 -0.6776294 -0.3993811 0.6175056 -0.1957523 -0.8085542 0.5549063 0.6776294 -0.3993811 -0.6175056 0.1957523 -0.8085542 -0.5549063 -0.6352223 0.7219878 -0.2742742 -0.6352223 -0.7219878 -0.2742742 -0.6352223 -0.7219878 -0.2742742 -0.6254395 -0.3198156 -0.7117186 -0.6254395 -0.3198156 -0.7117186 0.6352223 0.7219878 -0.2742742 0.6254395 0.3198156 -0.7117186 0.6254395 -0.3198156 -0.7117186 0.6254395 0.3198156 -0.7117186 0.6352223 0.7219878 -0.2742742 0.6352223 -0.7219878 -0.2742742 0 0.4098672 -0.9121452 0.6254395 0.3198156 -0.7117186 0.6254395 -0.3198156 -0.7117186 0.6254395 0.3198156 0.7117186 0.6254395 -0.3198156 0.7117186 0 0.9348079 -0.3551537 0 0.9348079 0.3551537 0 -0.9348079 0.3551537 0 -0.4098672 0.9121452 -0.6352223 0.7219878 0.2742742 -0.6254395 0.3198156 0.7117186 0 0.9348079 0.3551537 -0.6352223 -0.7219878 -0.2742742 0 -0.9348079 -0.3551537 0 -0.9348079 0.3551537 -0.6352223 -0.7219878 0.2742742 -0.6254395 0.3198156 0.7117186 -0.6254395 -0.3198156 0.7117186 0 -0.4098672 0.9121452 0 0.4098672 0.9121452 0 -0.9348079 -0.3551537 0 -0.4098672 -0.9121452 -0.6352223 0.7219878 -0.2742742 0 0.9348079 -0.3551537 -0.6254395 0.3198156 -0.7117186 -0.6254395 0.3198156 -0.7117186 0 0.4098672 -0.9121452 0 -0.4098672 -0.9121452 -0.6254395 -0.3198156 -0.7117186 0.6352223 -0.7219878 -0.2742742 0.6254395 -0.3198156 -0.7117186 0.6352223 -0.7219878 0.2742742 0.6254395 -0.3198156 0.7117186 0.6352223 0.7219878 -0.2742742 0.6352223 0.7219878 0.2742742 0 0.9348079 -0.3551537 0 0.9348079 0.3551537 0 -0.9348079 0.3551537 0 -0.4098672 0.9121452 -0.6352223 0.7219878 0.2742742 -0.6254395 0.3198156 0.7117186 0 0.9348079 0.3551537 -0.6352223 -0.7219878 -0.2742742 0 -0.9348079 -0.3551537 0 -0.9348079 0.3551537 -0.6352223 -0.7219878 0.2742742 -0.6254395 0.3198156 0.7117186 -0.6254395 -0.3198156 0.7117186 0 -0.4098672 0.9121452 0 0.4098672 0.9121452 0 -0.9348079 -0.3551537 0 -0.4098672 -0.9121452 -0.6352223 0.7219878 -0.2742742 0 0.9348079 -0.3551537 -0.6254395 0.3198156 -0.7117186 -0.6254395 0.3198156 -0.7117186 0 0.4098672 -0.9121452 0 -0.4098672 -0.9121452 -0.6254395 -0.3198156 -0.7117186 0.6352223 -0.7219878 -0.2742742 0.6254395 -0.3198156 -0.7117186 0.6352223 -0.7219878 0.2742742 0.6254395 -0.3198156 0.7117186 0.6352223 0.7219878 -0.2742742 0.6352223 0.7219878 0.2742742 -1 0 0 -1 0 0 0 1 0 0 1 0 -1 0 0 -1 0 0 1 0 0 0 0 1 0 0 1 0 0.7071068 0.7071068 0 0.7071068 0.7071068 0 0.7071068 0.7071068 0 0.7071068 0.7071068 -1 0 0 -1 0 0 0 0.7071068 0.7071068 -1 0 0 -1 0 0 -1 0 0 1 0 0 1 0 0 0 0.7071068 0.7071068 0 0.7071068 0.7071068 0 0.9238803 0.3826815 0 -0.7071068 0.7071068 0 0.9238803 0.3826815 0 0.9238803 0.3826815 0 0.9238803 0.3826815 0 0.9238803 0.3826815 0 0 1 1 0 0 1 0 0 -1 0 0 -1 0 0 -1 0 0 1 0 0 -1 0 0 0 -0.7071068 0.7071068 0 -0.7071068 0.7071068 0 -0.7071068 0.7071068 0 -0.7071068 0.7071068 -1 0 0 -1 0 0 -1 0 0 1 0 0 1 0 0 0 0.7071068 0.7071068 0 0.6799136 0.7332922 0 0.6794707 0.7337027 0 0.7071068 0.7071068 1 0 0 1 0 0 -1 0 0 0 0.7071068 -0.7071068 0 0.7071068 -0.7071068 0 0 -1 0 0.7071068 -0.7071068 0 0.7071068 -0.7071068 -1 0 0 0 1 0 0 0.7071068 -0.7071068 1 0 0 1 0 0 0 0.7071068 -0.7071068 0 0.9238803 -0.3826815 0 -1 0 0 -0.7071068 -0.7071068 0 0.9238803 -0.3826815 0 0.9238803 -0.3826815 0 0.9238803 -0.3826815 0 0.9238803 -0.3826815 0 0 -1 0 0.3826815 -0.9238803 0 0.3826815 -0.9238803 -1 0 0 -1 0 0 -1 0 0 1 0 0 1 0 0 0 -0.7071068 -0.7071068 0 -0.7071068 -0.7071068 0 -0.7071068 -0.7071068 0 -0.7071068 -0.7071068 -1 0 0 -1 0 0 -1 0 0 1 0 0 1 0 0 1 0 0 0 0.7071068 -0.7071068 0 0.6799136 -0.7332922 0 0.6794707 -0.7337027 0 0.7071068 -0.7071068 0 -1 0 1 0 0 1 0 0 1 0 0 -1 0 0 -1 0 0 -1 0 0 -1 0 0 1 0 0 1 0 0 -1 0 0 -1 0 0 1 0 0 1 0 0 1 0 0 1 0 0 1 0 0 1 0 0 1 0 0 1 0 0 1 0 0 -1 0 0 -1 0 0 -1 0 0 -1 0 0 -1 0 0 -1 0 0 -0.9255008 -0.3787458 0 -0.9255008 -0.3787458 0 0.9255008 -0.3787458 0 0.9255008 -0.3787458 0 -0.9255008 0.3787458 0 -0.9255008 0.3787458 0 0.9255052 0.3787351 0 0.9255052 0.3787351 0 0 0 1 0 0 1 0 -0.7071068 0.7071068 0 -0.7071068 0.7071068 0 0 -1 0 0 -1 0 -0.7071068 -0.7071068 0 -0.7071068 -0.7071068 1 0 0 1 0 0 -1 0 0 -1 0 0 1 0 0 1 0 0 1 0 0 0 1 0 0 1 0 0 -1 0 0 -1 0 -1 0 0 -1 0 0 0 1 0 0 1 0 0 -1 0 0 -1 0 -1 0 0 -1 0 0 1 0 0 1 0 0 1 0 0 -1 0 0 -1 0 0 1 0 0 -1 0 0 -1 0 0 1 0 0  
			<Tangents>: 588 1 -1.991651E-06 0 -1 0 0 1 5.287545E-05 0 -1 -5.209221E-05 0 0 0 -1 1 5.497718E-05 0 -1 -5.218368E-05 0 0 0 -1 -1 -2.838502E-05 0 3.66043E-06 -1 0 5.000809E-05 -1 0 -1 -5.849733E-05 0 0 0 -1 3.955059E-06 -1 0 5.008994E-05 -1 0 -1 -5.949926E-05 0 1.947376E-05 -1 0 1 -0.0001538424 0 1 -0.0001078447 0 5.439626E-05 -1 0 2.049787E-05 -1 0 0 0 -1 1 -0.0001073524 0 5.468008E-05 -1 0 -0.6886404 0.202634 -0.696214 -0.1814804 0.2056486 -0.9616514 -0.1818354 -0.2053362 -0.9616511 -0.7802727 0.2563531 -0.570489 0.1818346 0.2053369 -0.9616511 -0.7802727 0.256373 0.57048 -0.7802727 -0.2563378 0.5704958 0.1814812 -0.2056479 -0.9616514 -0.7723294 -0.5938175 -0.2255839 -0.7802727 -0.2563378 -0.5704958 -0.7802727 0.2564036 -0.5704663 -0.7723294 0.5938175 -0.2255839 -0.7802727 0.2563719 0.5704805 -0.7723294 0.5938405 0.2255234 -0.7723294 -0.5938175 0.2255839 0.6637754 -0.2613943 -0.7007676 0.6637754 -0.2613943 -0.7007676 0.1816176 -0.2055279 -0.9616514 0.1813787 0.2057381 -0.9616515 0.6886404 0.202634 -0.696214 -0.1813795 -0.2057374 -0.9616515 -0.6886404 -0.2026339 -0.696214 -0.6637754 0.2613943 -0.7007676 -0.1816168 0.2055286 -0.9616514 0.1814812 -0.2056479 -0.9616514 0.6886404 -0.2026339 -0.696214 0.6637754 0.2613943 -0.7007676 0.1818346 0.2053369 -0.9616511 -0.6637754 -0.2613943 -0.7007676 -0.1818354 -0.2053362 -0.9616511 -0.1814804 0.2056486 -0.9616514 -0.6886404 0.2026339 -0.696214 -0.9426886 -0.3110724 -0.1207148 -0.938684 -0.3182599 0.1326004 -0.9806533 0.1613989 0.1107672 -0.9788396 0.1955003 -0.06043825 -0.6536383 -0.7118857 0.2568574 -0.6574033 -0.7053151 -0.2652386 -0.7354035 0.3680052 0.5689936 -0.6574026 0.7053162 -0.2652371 -0.7071068 0 0.7071068 0.7071068 0 0.7071068 0.7071068 0 -0.7071068 -0.7071068 0 -0.7071068 -1 0 0 -1 0 0 -1 1.562182E-09 1.922883E-10 -1 6.38427E-09 8.176868E-09 1 0 0 -1 0 0 -1 0 0 -1 -4.939712E-07 -2.219631E-07 -1 -2.630726E-08 6.92439E-08 -1 -2.454542E-07 1.102934E-07 -1 0 0 -1 -4.04705E-07 1.818518E-07 -1 0 0 -1 0 0 -1 1.263745E-07 3.32633E-07 -1 -4.991461E-07 2.242884E-07 -1 2.861748E-08 -7.53247E-08 -1 -4.991461E-07 -2.242884E-07 -1 -1.203161E-07 -5.406335E-08 -1 0 0 -1 -1.203161E-07 5.406335E-08 -1 0 0 -1 0 0 -1 -4.939712E-07 -2.219631E-07 -1 -2.630726E-08 6.92439E-08 -1 -2.454542E-07 1.102934E-07 -1 0 0 -1 -4.04705E-07 1.818518E-07 -1 0 0 -1 0 0 -1 1.263745E-07 3.32633E-07 -1 -4.99146E-07 2.242883E-07 -1 2.861748E-08 -7.53247E-08 -1 -4.991462E-07 -2.242884E-07 -1 5.332046E-07 2.395924E-07 -1 0 0 -1 2.897518E-07 -1.301983E-07 -1 0 0 -1 0 0 -1 0 0 -1 0 0 -1 0 0 -1 0 0 0 1 1.192111E-07 0 1 1.093659E-07 -1 0 8.874549E-08 0 1 -4.382402E-07 -1 0 0 -1 0 0 -1 0 0 -1 0 0 -1 0 0 -1 0 0 -1 1.143432E-07 0 -1 0 0 -1 0 0 -1 2.869152E-09 0 -1 0 0 -1 0 0 -1 0 0 -1 0 0 0 1 1.071126E-07 -1 0 0 -1 0 0 -1 1.186732E-09 1.186732E-09 -1 0 0 0 1 -1.257894E-07 -1 0 0 -1 0 0 -1 0 0 -1 0 0 -1 0 0 -1 0 0 0 1 1.331085E-07 -1 0 0 -1 0 0 0 0.9999997 0.0007498462 -1 0 0 0 1 0 -1 0 0 -1 0 0 -1 0 0 -1 0 0 -1 0 0 -1 0 0 -1 0 0 -1 0 0 0 0.9986191 0.05253527 -1 0 0 0 1 8.653608E-08 0 1 7.498266E-08 0 1 9.203997E-08 0 1 9.502459E-08 0 1 1.412987E-07 -1 0 0 -1 0 0 -1 0 0 0 1 -4.857639E-08 0 1 1.146247E-07 0 1 1.016484E-07 -1 0 0 -1 0 0 -1 0 0 -1 1.131638E-06 0 -1 1.248767E-08 0 -1 4.976895E-07 0 -1 2.825645E-08 0 0 1 1.190165E-07 0 1 8.811054E-08 0 1 1.525176E-07 0 1 1.161616E-07 0 1 1.069563E-07 0 1 5.058884E-07 0 1 1.178031E-07 0 1 -5.953291E-08 0 1 1.135177E-07 0 1 1.392644E-07 0 1 1.208357E-07 -1 0 1.872568E-08 -1 0 8.874548E-08 0 1 -4.382402E-07 -1 0 0 0 1 0 -1 0 0 -1 0 0 -1 0 0 -1 0 0 -1 1.143432E-07 0 -1 0 0 -1 0 0 -1 2.869152E-09 0 -1 0 0 -1 0 0 -1 0 0 -1 0 0 -1 0 0 -1 0 0 -1 0 0 -1 1.186732E-09 -1.186732E-09 -1 0 0 0 1 -1.257894E-07 -1 0 0 -1 0 0 -1 0 0 -1 0 0 -1 0 0 -1 0 0 -1 0 0 -1 0 0 -1 0 0 0 0.9999997 -0.0007495458 -1 0 0 0 1 0 -1 0 0 -1 0 0 -1 0 0 -1 0 0 -1 0 0 -1 0 0 -1 0 0 -1 0 0 0 0.9986191 -0.05253486 -1 0 0 0 1 7.471566E-08 0 1 7.498266E-08 0 1 9.203995E-08 0 1 9.502459E-08 0 1 1.412987E-07 -1 0 0 -1 0 0 -1 0 0 0 1 -4.857643E-08 0 1 1.146247E-07 0 1 1.016484E-07 -1 0 0 -1 0 0 -1 0 0 -1 1.131638E-06 0 -1 1.248767E-08 0 -1 4.976895E-07 0 -1 2.825645E-08 0 0 1 1.179394E-07 0 1 1.391113E-07 0 1 8.125787E-07 0 1 -2.887909E-07 0 1 1.181895E-07 0 0 -1 0 0 -1 0 0 -1 0 0 -1 0 0 -1 0 0 -1 0 0 -1 0 0 -1 0 0 -1 0 0 -1 -1 -1.206796E-05 0 -1 -1.206773E-05 0 -1 -2.931443E-05 0 -1 -5.612261E-07 0 -1 -1.818718E-05 0 -1 -3.563647E-07 0 0 0 -1 0 0 -1 1 -0.0001533683 0 1 6.290895E-05 0 1 -8.233795E-06 0 1 5.234867E-05 0 1 8.002512E-05 0 1 0 0 -5.12439E-08 1.252234E-07 -1 0 1.971775E-06 -1 0 1.825066E-06 -1 0 0 -1 -1.27331E-06 -5.337795E-07 -1 0 0 -1 -2.377744E-07 9.967988E-08 -1 -1.511086E-06 -6.334571E-07 -1 0 6.384465E-08 -1 -9.630983E-10 -2.353423E-09 -1 1.788369E-09 4.370046E-09 -1 0 6.896609E-08 -1 -1.511086E-06 -6.334571E-07 -1 -1.963878E-08 -8.232704E-09 -1 0 0 -1 0 0 -1 -1 0 0 -1 0 0 -1 0 0 -1 0 0 -1 0 0 -1 0 0 -1 0 0 -1 0 0 -0.7802727 0.256373 -0.57048 -1 5.332046E-07 2.395924E-07 -0.7723294 -0.5938175 0.2255839 -0.7723294 -0.5938175 -0.2255839 -0.7723294 0.5938175 -0.2255839 -0.7723294 0.5938175 0.2255839 -0.7723294 -0.5938175 -0.2255839 -0.7723294 -0.5938175 0.2255839 -1 -1.203161E-07 5.406334E-08 -0.7802727 0.2564036 0.5704663 -0.6637754 -0.2613943 -0.7007676 -0.7802727 -0.2563378 0.5704958 -0.7802727 0.2564036 0.5704663 -0.7723294 -0.5938175 0.2255839 -1 2.897518E-07 -1.301983E-07 -0.7802727 0.256373 0.57048 -0.7723294 0.5938175 0.2255839 -0.7802727 0.2563531 -0.570489 -0.7723294 0.5938175 -0.2255839 -0.7723294 -0.5938175 -0.2255839 -0.6536377 0.7118868 0.256856 -0.9792595 0.1913288 0.06666467 -0.9806533 -0.1613989 0.1107672 -0.7354035 -0.3680053 0.5689936 -1 0 0 -1 0 0 -1 3.042621E-11 3.745147E-12 -0.7354035 0.3680053 -0.5689936 -0.5319829 -0.31354 -0.7865666 -0.7071068 0 -0.7071068 0.5319829 0.31354 -0.7865666 1 0 0 0.7354035 0.3680052 0.5689936 0.5319829 -0.31354 0.7865666 0.7071068 0 0.7071068 -0.5319829 0.31354 0.7865666 0.7354035 -0.3680052 -0.5689936 0.7071068 0 -0.7071068 -0.7354035 -0.3680053 0.5689936 -0.7071068 0 0.7071068 -0.9806533 -0.1613989 0.1107672 -0.9806533 -0.1613989 -0.1107672 -0.7354035 0.3680052 -0.5689936 -0.9806533 0.1613989 -0.1107672 -0.7354035 -0.3680052 -0.5689936 -0.9806533 -0.1613989 -0.1107672 0.1816176 -0.2055279 -0.9616514 0.1813787 0.2057381 -0.9616515 -0.7723294 0.5938405 0.2255234 -0.7802727 0.2563719 0.5704805 0.6886404 0.2026339 -0.696214 -0.7723294 0.5938175 -0.2255839 -0.7802727 0.256373 -0.57048 -0.6637754 0.2613943 -0.7007676 -0.6886404 -0.2026339 -0.696214 -0.1813795 -0.2057374 -0.9616515 -0.1816168 0.2055286 -0.9616514 -1 -1.203162E-07 -5.406336E-08 -0.7802727 0.2564036 -0.5704663 -0.7802727 -0.2563378 -0.5704958 0.6637754 0.2613943 -0.7007676 0.6886404 -0.2026339 -0.696214 -1 0 0 -1 0 0 -1 0 0 -1 0 0 -0.7723294 -0.5938021 -0.2256244 -0.7802727 -0.2563531 -0.570489 -1 -8.863131E-08 2.332884E-07 -0.7723294 0.5938175 0.2255839 -1 0 0 -1 0 0 -0.7723294 0.5938175 -0.2255839 -0.7802727 -0.2563531 -0.570489 -0.7802727 0.2563531 -0.570489 -1 0 0 -1 -8.246174E-09 3.705371E-09 -1 -6.090988E-10 1.603222E-09 -1 0 0 -0.7723294 -0.5938175 0.2255839 -1 -1.958873E-07 -5.155991E-07 -0.7802727 -0.2563531 0.570489 -0.7802727 -0.2563531 0.570489 -1 -8.246174E-09 -3.705371E-09 -1 0 0 -0.7802727 0.2563531 0.570489 -0.7723294 -0.5938175 -0.2255839 -0.7802727 -0.2563531 -0.570489 -0.7723294 -0.5938175 0.2255839 -0.7802727 -0.2563531 0.570489 -0.7723294 0.5938175 -0.2255839 -0.7723294 0.5938175 0.2255839 -1 0 0 -1 0 0 -1 0 0 -1 0 0 -0.7723294 -0.5938021 -0.2256244 -0.7802727 -0.2563531 -0.570489 -1 -8.863131E-08 2.332884E-07 -0.7723294 0.5938175 0.2255839 -1 0 0 -1 0 0 -0.7723294 0.5938175 -0.2255839 -0.7802727 -0.2563531 -0.570489 -0.7802727 0.2563531 -0.570489 -1 0 0 -1 -8.246173E-09 3.70537E-09 -1 -6.090988E-10 1.603222E-09 -1 0 0 -0.7723294 -0.5938175 0.2255839 -1 -1.958873E-07 -5.155991E-07 -0.7802727 -0.2563531 0.570489 -0.7802727 -0.2563531 0.570489 -1 -8.246177E-09 -3.705372E-09 -1 0 0 -0.7802727 0.2563531 0.570489 -0.7723294 -0.5938175 -0.2255839 -0.7802727 -0.2563531 -0.570489 -0.7723294 -0.5938175 0.2255839 -0.7802727 -0.2563531 0.570489 -0.7723294 0.5938175 -0.2255839 -0.7723294 0.5938175 0.2255839 0 1 1.192092E-07 0 1 9.843239E-09 -1 0 0 -1 0 0 0 1 1.189786E-07 0 1 1.487717E-07 0 1 8.946002E-08 -1 0 0 -1 0 0 -1 0 0 -1 0 0 -1 0 0 -1 0 0 0 1 1.149216E-07 0 1 1.277905E-07 -1 0 0 0 1 1.314051E-07 0 1 7.471566E-08 0 1 0 0 1 1.019892E-07 0 0.9999984 0.001805041 -1 0 0 -1 0 0 -1 0 0 -1 0 0 -1 0 0 -1 0 0 -1 0 0 -1 0 0 -1 0 0 0 1 7.484761E-08 0 1 0 0 1 -4.605481E-07 0 1 9.007437E-08 0 1 0 0 1 9.058085E-08 0 1 6.039665E-08 -1 0 0 -1 0 0 -1 0 0 -1 0 0 0 1 -1.935576E-07 0 1 -6.318432E-07 0 1 -2.365561E-05 0 1 0 0 1 0 -1 1.443405E-08 -1.443405E-08 -1 0 0 -1 6.259392E-07 -5.796727E-07 -1 0 0 0 1 1.287588E-07 0 1 1.191714E-07 0 1 1.149216E-07 -1 0 0 -1 0 0 -1 0 0 -1 0 0 -1 0 0 0 1 1.277905E-07 -1 0 0 -1 0 0 0 1 1.019892E-07 0 0.9999984 -0.001804649 -1 0 0 -1 0 0 -1 0 0 -1 0 0 -1 0 0 -1 0 0 -1 0 0 -1 0 0 -1 0 0 -1 0 0 -1 0 0 0 1 -4.60548E-07 0 1 0 0 1 9.007437E-08 0 1 9.058085E-08 0 1 1.071126E-07 -1 0 0 -1 0 0 -1 0 0 -1 0 0 0 1 4.939543E-07 0 1 1.022904E-06 0 1 2.402813E-05 0 1 0 0 1 0 0 1 4.646523E-07 -1 1.443405E-08 1.443405E-08 -1 0 0 -1 6.259396E-07 5.796731E-07 -1 0 0 -1 0 1.490116E-07 0 1 1.191714E-07 0 1 1.287588E-07 0 1 4.646521E-07 0 1 8.653609E-08 0 1 9.843245E-09 0 1 1.487717E-07 0 1 1.189786E-07 0 1 8.946002E-08 0 1 7.484762E-08 0 1 1.314051E-07 0 1 1.331084E-07 0 1 0 0 -2.056086E-07 1 0 -3.725293E-07 1 0 -0.0001365711 1 0 -2.08616E-05 1 0 1 0 0 -1 -0.000121333 0 1 0 0 -0.001715195 0.9999985 0 5.538737E-07 1 0 -0.001323678 0.9999991 0 -0.0003141461 0.9999999 0 3.356707E-06 1 0 -0.5606788 0.8280334 0 -0.001733679 0.9999985 0 0 -1 0 0 -1 0 0 -1 0 0 -1 -9.630983E-10 -2.353423E-09 -1 1.788369E-09 4.370046E-09 -1 -5.12439E-08 1.252234E-07 -1 0 0 -1 -1 0 0 -1 0 0 -1 0 0 -1 -3.477399E-09 -3.4774E-09 -1 0 0 -1 0 0 -1 0 0 -1 -3.477399E-09 3.4774E-09 0 1 1.181895E-07 0 1 1.179394E-07 0 1 1.391113E-07 0 1 -2.887909E-07 0 1 8.125787E-07 0 1 1.135177E-07 0 1 1.192111E-07 -1 0 0 -1 0 0 -1 0 0 -1 0 0 0 1 1.178031E-07 0 1 1.192092E-07 -1 0 0 -1 0 0 -1 0 1.872568E-08 -1 0 1.490116E-07 0 1 1.525176E-07 0 1 1.190165E-07 0 1 8.811054E-08 0 1 1.161616E-07 0 1 5.058884E-07 0 1 1.208357E-07 0 1 1.069563E-07 0 1 1.093659E-07 0 1 6.039665E-08 0 1 -5.953291E-08 0 1 1.392644E-07  
			<BiTangents>: 588 1.991651E-06 1 0 0 1 0 -5.287545E-05 1 0 -5.209221E-05 1 0 0 -1 0 -5.497718E-05 1 0 -5.218368E-05 1 0 0 1 0 -2.838502E-05 1 0 -1 -3.66043E-06 0 1 5.000809E-05 0 -5.849733E-05 1 0 0.3787458 -0.9255008 0 -1 -3.955059E-06 0 1 5.008994E-05 0 -5.949926E-05 1 0 -1 -1.947376E-05 0 0.0001538424 1 0 0.0001078447 1 0 1 5.439626E-05 0 -1 -2.049787E-05 0 0.3787458 0.9255008 0 0.0001073524 1 0 1 5.468008E-05 0 0.3668784 0.9255579 -0.09350263 0.7507047 0.6606378 -0.0003940583 -0.7506188 0.660735 0.0008487997 -4.54061E-09 0.912141 0.4098767 -0.750619 0.6607347 -0.0008477846 1.706612E-05 0.9121354 -0.4098892 1.30779E-05 0.9121453 0.4098671 0.7507045 0.660638 0.0003950734 -4.545013E-09 0.3551259 -0.9348185 1.30779E-05 0.9121453 -0.4098671 4.321069E-05 0.9121267 0.4099083 4.545013E-09 0.3551259 0.9348185 1.61076E-05 0.9121357 -0.4098885 4.997786E-05 0.3550875 -0.934833 4.545013E-09 -0.3551259 -0.9348185 0.4101556 0.9107091 0.04879939 0.4101555 0.9107091 0.04879942 0.7506716 0.6606753 0.0005697798 -0.7507293 0.66061 -0.0002638222 -0.3668784 0.9255579 -0.09350263 -0.7507291 0.6606101 0.0002648373 -0.3668784 0.925558 0.09350271 0.4101556 0.9107091 -0.04879937 0.7506717 0.6606752 -0.0005687647 0.7507045 0.660638 0.0003950734 0.3668784 0.9255579 0.09350266 -0.4101556 0.9107091 -0.04879939 -0.750619 0.6607347 -0.0008477846 -0.4101556 0.9107091 0.04879939 -0.7506188 0.660735 0.0008487997 0.7507047 0.6606378 -0.0003940583 0.3668784 0.9255579 -0.09350266 -0.2702205 0.4994737 0.8231081 0.2838191 -0.4949249 0.8212771 -1.51767E-09 0.5658537 -0.8245057 0.05961672 0.5549952 0.8297145 -0.3370094 0.5776794 0.7434455 0.3296047 -0.5856836 0.7404967 -2.811399E-09 0.8396826 -0.5430775 0.329606 0.5856823 0.7404972 0 1 0 0 1 0 0 1 0 0 1 0 0 0.9925095 -0.1221677 0 0.6154101 -0.7882071 1.573972E-09 0.9925095 0.1221677 1.037401E-08 0.6154101 0.7882071 0 1 0 0 1 0 0 -0.3551537 -0.9348079 -5.415488E-07 0.9121452 0.4098672 -7.407287E-08 0.3551537 -0.9348079 -2.690956E-07 0.9121452 -0.4098672 0 0.3551537 -0.9348079 -4.436848E-07 0.9121452 -0.4098672 0 0.3551537 0.9348079 0 0.9121452 0.4098672 3.558304E-07 0.3551537 0.9348079 -5.472222E-07 0.9121452 -0.4098672 8.057773E-08 0.3551537 -0.9348079 -5.472222E-07 0.9121452 0.4098672 -1.319046E-07 0.9121452 0.4098672 0 0.3551537 -0.9348079 -1.319046E-07 0.9121452 -0.4098672 0 -0.3551537 -0.9348079 0 -0.3551537 -0.9348079 -5.415488E-07 0.9121452 0.4098672 -7.407287E-08 0.3551537 -0.9348079 -2.690956E-07 0.9121452 -0.4098672 0 0.3551537 -0.9348079 -4.436848E-07 0.9121452 -0.4098672 0 0.3551537 0.9348079 0 0.9121452 0.4098672 3.558304E-07 0.3551537 0.9348079 -5.47222E-07 0.9121452 -0.4098672 8.057773E-08 0.3551537 -0.9348079 -5.472223E-07 0.9121452 0.4098672 5.845611E-07 0.9121452 0.4098672 0 0.3551537 -0.9348079 3.176598E-07 0.9121452 -0.4098672 0 -0.3551537 -0.9348079 0 0 1 0 0 1 0 0 1 0 0 1 0 0 1 0 1.192111E-07 -1 0 1.093659E-07 -1 8.874549E-08 0 1 0 -4.382402E-07 -1 0 0 1 0 0 1 0 0 1 0 0 1 0 0 1 0 0 1 1.143432E-07 1 0 0 1 0 0 1 0 2.869152E-09 1 0 0 1 0 0 1 0 0 1 0 0 1 0 0 1.071126E-07 -1 0 0.7071068 0.7071068 0 1 0 1.678293E-09 0.7071068 0.7071068 0 0.9238803 0.3826815 0 -1.257894E-07 -1 0 -0.7071068 0.7071068 0 0.7071068 -0.7071068 0 -0.7071068 0.7071068 0 0.9238803 0.3826815 0 0.9238803 0.3826815 0 0.9238803 0.3826815 0 1.331085E-07 -1 0 -0.7337027 0.6794707 0 -0.7332922 0.6799136 0 -0.0007498462 0.9999997 0 0.7071068 0.7071068 0 0 -1 0 0.7071068 0.7071068 0 0.7071068 0.7071068 0 0.9238803 -0.3826815 0 -0.3826815 0.9238803 0 -0.3826815 0.9238803 0 0.9238803 -0.3826815 0 -0.3826815 0.9238803 0 0.9238803 -0.3826815 0 -0.05253527 0.9986191 0 0.9238803 -0.3826815 0 8.653608E-08 -1 0 -7.498266E-08 1 0 9.203997E-08 -1 0 9.502459E-08 -1 0 1.412987E-07 -1 0 1 0 0 1 0 0 1 0 0 -4.857639E-08 -1 0 1.146247E-07 -1 0 1.016484E-07 -1 0 1 0 0 1 0 0 1 0 1.131638E-06 1 0 1.248767E-08 1 0 4.976895E-07 1 0 2.825645E-08 1 0 0 1.190165E-07 -1 0 8.811054E-08 -1 0 1.525176E-07 -1 0 1.161616E-07 -1 0 1.069563E-07 -1 0 5.058884E-07 -1 0 1.178031E-07 -1 0 -5.953291E-08 -1 0 1.135177E-07 -1 0 1.392644E-07 -1 0 1.208357E-07 -1 1.872568E-08 0 1 -8.874548E-08 0 -1 0 4.382402E-07 1 0 0 -1 0 0 1 0 0 -1 0 0 -1 0 0 -1 0 0 -1 1.143432E-07 1 0 0 1 0 0 1 0 2.869152E-09 1 0 0 1 0 0 1 0 0 1 0 0 1 0 0 1 0 0 0.7071068 -0.7071068 0 1 0 1.678293E-09 0.7071068 -0.7071068 0 0.9238803 -0.3826815 0 1.257894E-07 1 0 -0.7071068 -0.7071068 0 0.7071068 0.7071068 0 -0.7071068 -0.7071068 0 0.9238803 -0.3826815 0 0.9238803 -0.3826815 0 0.9238803 -0.3826815 0 -0.7071068 -0.7071068 0 -0.7337027 -0.6794707 0 -0.7332922 -0.6799136 0 -0.0007495458 -0.9999997 0 0.7071068 -0.7071068 0 0 1 0 0.7071068 -0.7071068 0 0.7071068 -0.7071068 0 0.9238803 0.3826815 0 -0.3826815 -0.9238803 0 -0.3826815 -0.9238803 0 0.9238803 0.3826815 0 -0.3826815 -0.9238803 0 0.9238803 0.3826815 0 -0.05253486 -0.9986191 0 0.9238803 0.3826815 0 -7.471566E-08 1 0 7.498266E-08 -1 0 -9.203995E-08 1 0 -9.502459E-08 1 0 -1.412987E-07 1 0 1 0 0 1 0 0 1 0 0 4.857643E-08 1 0 -1.146247E-07 1 0 -1.016484E-07 1 0 1 0 0 1 0 0 1 0 1.131638E-06 1 0 1.248767E-08 1 0 4.976895E-07 1 0 2.825645E-08 1 0 0 -1.179394E-07 1 0 -1.391113E-07 1 0 -8.125787E-07 1 0 2.887909E-07 1 0 -1.181895E-07 1 0 1 0 0.3787458 0.9255008 0 0.3787458 -0.9255008 0 0 -1 0 -0.922254 -0.3865843 0 -0.922254 -0.3865843 0 -0.9222432 0.3866103 0 -0.9222432 0.3866103 0 -0.9222432 0.3866103 0 -0.9222432 0.3866103 0 -1.206796E-05 1 0 -1.206773E-05 1 0 -2.931443E-05 1 0 -5.612261E-07 1 0 -1.818718E-05 1 0 -3.563647E-07 1 0 -0.922254 -0.3865843 0 -0.922254 -0.3865843 0 0.0001533683 1 0 -6.290895E-05 1 0 8.233795E-06 1 0 -5.234867E-05 1 0 -8.002512E-05 1 0 0 1 0 -0.378735 0.9255051 1.353027E-07 0 1 1.971775E-06 0 1 1.825066E-06 -0.378735 0.9255051 0 0.9222432 0.3866103 -1.380666E-06 0.9222386 -0.3866212 0 0.9222386 -0.3866212 -2.578231E-07 0.9222432 0.3866103 -1.63849E-06 0 -1 -6.384465E-08 -0.3787458 -0.9255008 2.542864E-09 -0.3787458 -0.9255008 -4.721818E-09 0 -1 -6.896609E-08 0.9222432 0.3866103 -1.63849E-06 0.9222432 0.3866103 -2.129458E-08 0.9222386 -0.3866212 0 0.9222386 -0.3866212 0 0 0 1 0 0 1 0 0 1 0 0 1 0 0 1 0 0 1 0 0 1 0 0 1 1.706612E-05 0.9121354 0.4098892 5.845611E-07 0.9121452 0.4098672 4.545013E-09 -0.3551259 -0.9348185 -4.545013E-09 0.3551259 -0.9348185 4.545013E-09 0.3551259 0.9348185 4.545013E-09 0.3551259 -0.9348185 -4.545013E-09 0.3551259 -0.9348185 4.545013E-09 -0.3551259 -0.9348185 -1.319045E-07 0.9121452 -0.4098672 4.321069E-05 0.9121267 -0.4099083 -0.4101555 0.9107091 0.04879942 1.30779E-05 0.9121453 0.4098671 4.321069E-05 0.9121267 -0.4099083 4.545013E-09 -0.3551259 -0.9348185 3.176598E-07 0.9121452 -0.4098672 1.706612E-05 0.9121354 -0.4098892 4.545013E-09 0.3551259 -0.9348185 -4.54061E-09 0.912141 0.4098767 4.545013E-09 0.3551259 0.9348185 -4.545013E-09 0.3551259 -0.9348185 -0.3370106 -0.5776781 0.7434459 -0.05226754 -0.556447 0.8292375 -1.879948E-08 0.5658537 0.8245057 -1.55917E-08 0.8396826 0.5430775 0 0.6154101 0.7882071 0 -0.6154101 0.7882071 3.065584E-11 0.9925095 0.1221677 1.55917E-08 0.8396826 0.5430775 -0.5077525 0.861503 6.921637E-09 0 1 0 -0.5077525 0.861503 -6.921637E-09 0 0.9925095 -0.1221677 2.811399E-09 0.8396826 -0.5430775 0.5077525 0.861503 -6.921637E-09 0 1 0 0.5077525 0.861503 6.921637E-09 -2.811399E-09 0.8396826 -0.5430775 0 1 0 -1.55917E-08 0.8396826 0.5430775 0 1 0 1.51767E-09 0.5658537 0.8245057 -1.51767E-09 -0.5658537 0.8245057 -2.811399E-09 0.8396826 0.5430775 -1.51767E-09 0.5658537 0.8245057 2.811399E-09 0.8396826 -0.5430775 1.51767E-09 0.5658537 -0.8245057 0.7506716 0.6606753 0.0005697798 -0.7507293 0.66061 -0.0002638222 4.997786E-05 0.3550875 -0.934833 1.61076E-05 0.9121357 -0.4098885 -0.3668784 0.9255579 -0.09350266 4.545013E-09 0.3551259 0.9348185 1.706612E-05 0.9121354 0.4098892 0.4101556 0.9107091 -0.04879939 -0.3668784 0.9255579 0.09350266 -0.7507291 0.6606101 0.0002648373 0.7506717 0.6606752 -0.0005687647 -1.319046E-07 0.9121452 0.4098672 4.321069E-05 0.9121267 0.4099083 1.30779E-05 0.9121453 -0.4098671 -0.4101556 0.9107091 -0.04879937 0.3668784 0.925558 0.09350271 0 -0.3551537 -0.9348079 0 0.3551537 -0.9348079 0 0.3551537 0.9348079 0 0.9121452 0.4098672 3.348183E-05 0.3551517 -0.9348087 4.54061E-09 0.912141 -0.4098767 -2.495576E-07 0.3551537 -0.9348079 4.545013E-09 0.3551259 -0.9348185 0 0.3551537 -0.9348079 0 -0.3551537 -0.9348079 -4.545013E-09 -0.3551259 -0.9348185 4.54061E-09 0.912141 -0.4098767 -4.54061E-09 0.912141 0.4098767 0 0.9121452 0.4098672 -9.040418E-09 0.9121452 -0.4098672 -1.715029E-09 0.3551537 -0.9348079 0 0.9121452 -0.4098672 -4.545013E-09 0.3551259 0.9348185 -5.515562E-07 0.3551537 0.9348079 4.54061E-09 0.912141 0.4098767 4.54061E-09 0.912141 0.4098767 -9.040418E-09 0.9121452 0.4098672 0 0.9121452 -0.4098672 -4.54061E-09 0.912141 -0.4098767 -4.545013E-09 0.3551259 -0.9348185 4.54061E-09 0.912141 -0.4098767 -4.545013E-09 0.3551259 0.9348185 4.54061E-09 0.912141 0.4098767 -4.545013E-09 -0.3551259 -0.9348185 4.545013E-09 0.3551259 -0.9348185 0 -0.3551537 -0.9348079 0 0.3551537 -0.9348079 0 0.3551537 0.9348079 0 0.9121452 0.4098672 3.348183E-05 0.3551517 -0.9348087 4.54061E-09 0.912141 -0.4098767 -2.495576E-07 0.3551537 -0.9348079 4.545013E-09 0.3551259 -0.9348185 0 0.3551537 -0.9348079 0 -0.3551537 -0.9348079 -4.545013E-09 -0.3551259 -0.9348185 4.54061E-09 0.912141 -0.4098767 -4.54061E-09 0.912141 0.4098767 0 0.9121452 0.4098672 -9.040416E-09 0.9121452 -0.4098672 -1.715029E-09 0.3551537 -0.9348079 0 0.9121452 -0.4098672 -4.545013E-09 0.3551259 0.9348185 -5.515562E-07 0.3551537 0.9348079 4.54061E-09 0.912141 0.4098767 4.54061E-09 0.912141 0.4098767 -9.040421E-09 0.9121452 0.4098672 0 0.9121452 -0.4098672 -4.54061E-09 0.912141 -0.4098767 -4.545013E-09 0.3551259 -0.9348185 4.54061E-09 0.912141 -0.4098767 -4.545013E-09 0.3551259 0.9348185 4.54061E-09 0.912141 0.4098767 -4.545013E-09 -0.3551259 -0.9348185 4.545013E-09 0.3551259 -0.9348185 0 1.192092E-07 -1 0 9.843239E-09 -1 0 0 1 0 0 1 0 1.189786E-07 -1 0 1.487717E-07 -1 0 8.946002E-08 -1 0 1 0 0 1 0 0 0.7071068 -0.7071068 0 0.7071068 -0.7071068 0 0.7071068 -0.7071068 0 -0.7071068 0.7071068 0 1.149216E-07 -1 0 1.277905E-07 -1 0 -0.7071068 0.7071068 0 1.314051E-07 -1 0 7.471566E-08 -1 0 0 -1 0 -1.019892E-07 1 0 -0.001805041 0.9999984 0 -0.7071068 0.7071068 0 -0.7071068 0.7071068 0 -0.3826815 0.9238803 0 0.7071068 0.7071068 0 0.3826815 -0.9238803 0 0.3826815 -0.9238803 0 0.3826815 -0.9238803 0 0.3826815 -0.9238803 0 1 0 0 7.484761E-08 -1 0 0 -1 0 -4.605481E-07 -1 0 9.007437E-08 -1 0 0 -1 0 9.058085E-08 -1 0 6.039665E-08 -1 0 0.7071068 0.7071068 0 0.7071068 0.7071068 0 0.7071068 0.7071068 0 0.7071068 0.7071068 0 -1.935576E-07 -1 0 -6.318432E-07 -1 0 -2.365561E-05 -1 0 0 1 0 0 1 2.041283E-08 0.7071068 -0.7071068 0 0.7332922 -0.6799136 8.531239E-07 0.7337027 -0.6794707 0 0.7071068 -0.7071068 0 -1.287588E-07 1 0 -1.191714E-07 1 0 -1.149216E-07 1 0 0.7071068 0.7071068 0 0.7071068 0.7071068 0 1 0 0 0.7071068 0.7071068 0 -0.7071068 -0.7071068 0 -1.277905E-07 1 0 0 -1 0 -0.7071068 -0.7071068 0 1.019892E-07 -1 0 -0.001804649 -0.9999984 0 -0.7071068 -0.7071068 0 -0.3826815 -0.9238803 0 0 -1 0 0.7071068 -0.7071068 0 0.3826815 0.9238803 0 0.3826815 0.9238803 0 0.3826815 0.9238803 0 0.3826815 0.9238803 0 1 0 0 0.9238803 0.3826815 0 0.9238803 0.3826815 0 4.60548E-07 1 0 0 1 0 -9.007437E-08 1 0 -9.058085E-08 1 0 -1.071126E-07 1 0 0.7071068 -0.7071068 0 0.7071068 -0.7071068 0 0.7071068 -0.7071068 0 0.7071068 -0.7071068 0 -4.939543E-07 1 0 -1.022904E-06 1 0 -2.402813E-05 1 0 0 -1 0 0 -1 0 -4.646523E-07 1 2.041283E-08 0.7071068 0.7071068 0 0.7332922 0.6799136 8.531244E-07 0.7337027 0.6794707 0 0.7071068 0.7071068 1.490116E-07 0 1 0 1.191714E-07 -1 0 1.287588E-07 -1 0 4.646521E-07 -1 0 -8.653609E-08 1 0 -9.843245E-09 1 0 -1.487717E-07 1 0 -1.189786E-07 1 0 -8.946002E-08 1 0 -7.484762E-08 1 0 -1.314051E-07 1 0 -1.331084E-07 1 0 0 1 0 1 2.056086E-07 0 1 3.725293E-07 0 1 0.0001365711 0 1 2.08616E-05 0 0 1 0 0.000121333 -1 0 0 1 0 0.9999985 0.001715195 0 1 -5.538737E-07 0 0.9999991 0.001323678 0 0.9999999 0.0003141461 0 1 -3.356707E-06 0 0.8280334 0.5606788 0 0.9999985 0.001733679 -0.3787458 0.9255008 0 -0.3787458 0.9255008 0 -0.3787458 -0.9255008 0 -0.3787458 -0.9255008 0 0.3787458 0.9255008 -2.542864E-09 0.3787458 0.9255008 4.721818E-09 0.378735 -0.9255051 -1.353027E-07 0.378735 -0.9255051 0 0 1 0 0 1 0 0 0.7071068 0.7071068 -4.917786E-09 0.7071068 0.7071068 0 1 0 0 1 0 0 0.7071068 -0.7071068 -4.917786E-09 0.7071068 -0.7071068 0 1.181895E-07 -1 0 1.179394E-07 -1 0 1.391113E-07 -1 0 -2.887909E-07 -1 0 8.125787E-07 -1 0 -1.135177E-07 1 0 -1.192111E-07 1 0 0 -1 0 0 -1 0 0 -1 0 0 -1 0 -1.178031E-07 1 0 -1.192092E-07 1 0 0 -1 0 0 -1 -1.872568E-08 0 -1 -1.490116E-07 0 -1 0 -1.525176E-07 1 0 -1.190165E-07 1 0 -8.811054E-08 1 0 -1.161616E-07 1 0 -5.058884E-07 1 0 -1.208357E-07 1 0 -1.069563E-07 1 0 -1.093659E-07 1 0 -6.039665E-08 1 0 5.953291E-08 1 0 -1.392644E-07 1  
			<SubMeshes>: 1
				<SubMesh>: 0 1368 19 10 14 19 14 23 2 18 22 2 22 5 11 3 6 11 6 15 21 7 254 21 254 255 16 20 13 16 13 9 12 256 257 12 257 4 258 259 260 258 260 261 262 544 545 262 545 263 8 264 265 8 265 266 267 11 15 267 15 268 8 266 269 8 269 1 546 270 271 546 271 547 272 273 274 272 274 17 18 275 276 18 276 22 0 277 272 0 272 17 278 279 280 278 280 281 282 283 284 282 284 285 286 287 288 286 288 289 548 290 291 548 291 549 292 550 551 292 551 293 294 295 296 294 296 297 298 299 300 298 300 301 47 44 28 47 28 31 46 45 44 46 44 47 40 43 42 40 42 41 41 42 26 41 26 25 48 51 50 48 50 49 86 34 33 86 33 83 82 35 302 82 302 303 76 37 36 76 36 77 90 304 305 90 305 94 96 97 27 96 27 306 100 104 29 100 29 307 103 308 309 103 309 105 310 101 30 310 30 311 25 26 312 25 312 24 54 53 52 54 52 55 88 85 313 88 313 314 87 32 315 87 315 89 84 316 317 84 317 318 80 81 319 80 319 320 74 38 321 74 321 78 60 56 57 60 57 61 68 69 58 68 58 62 322 323 59 322 59 63 70 71 324 70 324 325 326 59 323 326 323 327 328 73 67 328 67 329 330 331 66 330 66 332 333 72 65 333 65 334 335 336 64 335 64 337 338 339 72 338 72 333 340 341 73 340 73 328 342 326 327 342 327 343 344 345 71 344 71 70 346 347 69 346 69 68 348 349 53 348 53 54 92 350 351 92 351 93 39 352 349 39 349 348 98 353 354 98 354 102 355 356 357 355 357 358 359 360 361 359 361 99 358 357 51 358 51 48 31 28 362 31 362 363 364 74 78 364 78 365 366 367 81 366 81 80 368 369 79 368 79 370 371 372 373 371 373 374 375 376 377 375 377 378 379 76 77 379 77 380 381 382 75 381 75 383 384 385 386 384 386 387 388 379 380 388 380 389 390 391 367 390 367 366 392 364 365 392 365 393 370 79 316 370 316 84 372 87 89 372 89 373 378 377 85 378 85 88 382 82 303 382 303 75 385 86 83 385 83 386 394 90 94 394 94 395 396 397 97 396 97 96 398 399 95 398 95 400 401 402 403 401 403 404 405 406 407 405 407 408 409 92 93 409 93 410 411 412 91 411 91 413 414 415 416 414 416 417 418 409 410 418 410 419 420 421 397 420 397 396 422 394 395 422 395 423 400 95 104 400 104 100 402 103 105 402 105 403 408 407 101 408 101 310 412 98 102 412 102 91 415 359 99 415 99 416 173 171 121 173 121 123 172 174 124 172 124 122 122 124 128 122 128 126 123 121 125 123 125 127 117 119 135 117 135 137 130 132 140 130 140 138 183 111 114 183 114 159 107 110 115 107 115 119 109 106 120 109 120 116 181 424 425 181 425 157 426 108 117 426 117 427 108 107 119 108 119 117 177 175 428 177 428 429 176 178 129 176 129 430 126 128 552 126 552 553 128 127 131 128 131 552 127 125 431 127 431 131 159 114 134 159 134 161 163 432 433 163 433 434 164 163 434 164 434 435 162 164 435 162 435 136 119 115 436 119 436 135 165 437 438 132 554 139 132 139 140 554 555 133 554 133 139 427 117 137 427 137 439 185 179 141 185 141 440 441 442 146 441 146 167 169 170 156 169 156 152 443 158 144 144 444 443 144 155 444 143 445 150 143 150 153 446 142 151 446 151 447 118 113 145 118 145 147 116 120 148 116 148 448 449 450 149 449 149 154 451 452 152 451 152 156 453 168 154 453 154 149 112 180 454 112 454 455 179 181 157 179 157 141 456 160 457 456 457 458 138 140 164 138 164 162 140 139 163 140 163 164 139 133 432 139 432 163 166 159 161 166 161 459 460 182 160 460 160 456 184 183 159 184 159 166 160 165 438 160 438 457 178 184 166 178 166 129 129 166 459 461 462 168 461 168 453 463 464 170 463 170 169 465 441 167 167 466 465 466 467 465 468 158 443 468 443 469 175 185 440 175 440 428 470 471 174 470 174 172 472 473 171 472 171 173 247 197 195 247 195 245 246 196 198 246 198 248 196 200 202 196 202 198 197 201 199 197 199 195 191 211 209 191 209 193 204 212 214 204 214 206 253 474 475 253 475 249 252 239 476 252 476 250 200 556 557 200 557 202 202 557 205 202 205 201 201 205 203 201 203 199 233 235 208 233 208 188 237 477 478 237 478 479 238 480 477 238 477 237 236 210 480 236 480 238 193 209 481 193 481 189 239 482 476 206 214 213 206 213 558 558 213 207 558 207 559 483 484 211 483 211 191 231 241 220 231 220 190 243 226 230 243 230 244 218 232 485 485 486 218 486 229 218 217 227 224 217 224 215 487 488 225 487 225 216 192 221 219 192 219 187 489 490 222 489 222 194 491 228 223 491 223 492 493 230 226 493 226 494 495 496 497 495 497 242 498 499 500 498 500 234 212 236 238 212 238 214 214 238 237 214 237 213 213 237 479 213 479 207 240 501 235 240 235 233 234 500 482 234 482 239 502 501 240 503 495 242 503 242 504 505 243 244 505 244 506 241 231 507 507 508 241 507 509 508 510 511 485 510 485 232 251 512 474 251 474 253 513 246 248 513 248 514 515 247 245 515 245 516 186 517 113 186 113 118 560 561 518 560 518 519 561 176 430 561 430 518 562 177 429 562 429 437 563 562 437 563 437 165 180 564 520 180 520 454 182 563 165 182 165 160 564 560 519 564 519 520 565 233 188 565 188 566 567 193 189 567 189 568 569 489 194 569 194 570 571 521 522 571 522 572 573 483 191 573 191 574 575 192 187 575 187 576 574 191 193 574 193 567 577 523 524 577 524 578 249 475 525 249 525 579 250 476 523 250 523 577 579 525 502 579 502 580 581 526 512 581 512 251 582 527 528 582 528 583 584 529 526 584 526 581 583 528 521 583 521 571 585 498 234 585 234 586 587 240 233 587 233 565 586 234 239 586 239 252 580 502 240 580 240 587 578 524 527 578 527 582 530 531 532 530 532 533 534 535 536 537 533 532 538 539 540 538 540 541 540 539 542 540 542 543  
		</Mesh>
		<Materials>: 1
			<Material>: 0
				<AlbedoColor>: 1 1 1 1
				<EmissiveColor>: 0 0 0 0
				<Glossiness>: 0.04
				<Metallic>: 0
				<SpecularHighlight>: 1
				<GlossyReflection>: 1
				<AlbedoMap>: BLD_Villa2_A
				<MetallicMap>: BLD_Villa2_MS
				<NormalMap>: BLD_Villa2_N
				<EmissionMap>: null
				<DetailAlbedoMap>: DET_Concrete1_A
				<DetailNormalMap>: DET_Concrete1_N
		</Materials>
		<Children>: 3
			<Frame>: 1 0 Villa2_Wall_Int_B_bb
				<Transform>: 2 2.983506 0.0008257627 0 0 0 1 1 1 0 0 0 1  
				<TransformMatrix>: 1 0 0 0 0 1 0 0 0 0 1 0 2 2.983506 0.0008257627 1  
				<BoxCollider>: 1 -1.493294 0.005656719 0 0.9547491 5.966336 1  
				<Children>: 0
			</Frame>
			<Frame>: 2 0 Villa2_Wall_Int_B_bb1
				<Transform>: 4.99 2.983506 0.0008257627 0 0 0 1 1 1 0 0 0 1  
				<TransformMatrix>: 1 0 0 0 0 1 0 0 0 0 1 0 4.99 2.983506 0.0008257627 1  
				<BoxCollider>: 1 -1.493294 0.005656719 0 0.9547491 5.966336 1  
				<Children>: 0
			</Frame>
			<Frame>: 3 0 Villa2_Wall_Int_B_bb2
				<Transform>: 4.99 2.983506 0.0008257627 0 0 0 1 1 1 0 0 0 1  
				<TransformMatrix>: 1 0 0 0 0 1 0 0 0 0 1 0 4.99 2.983506 0.0008257627 1  
				<BoxCollider>: 1 -2.997901 2.279537 0 3.963964 1.418576 1  
				<Children>: 0
			</Frame>
	</Frame>
</Hierarchy>
