<Hierarchy>:
	<Frame>: 0 5 Villa1_Floor_Mid_A
		<Transform>: 0 0 0 0 0 0 1 1 1 0 0 0 1  
		<TransformMatrix>: 1 0 0 0 0 1 0 0 0 0 1 0 0 0 0 1  
		<BoxCollider>: 1 2 -0.1999995 2 4 0.3999993 4  
		<Mesh>: 56 Villa1_Floor_Mid_A
			<Bounds>: 2 -0.09649991 2 2.000001 0.1065003 2
			<Positions>: 56 3.999999 -0.203 4 4.000001 0.01000039 4 3.999999 -0.2030002 8.873421E-09 4.000001 0.01000022 -4.371234E-10 -9.536743E-07 -0.203 4 9.536743E-07 0.01000039 4 -9.536743E-07 -0.2030002 8.873421E-09 9.536743E-07 0.01000022 -4.371234E-10 3.840001 0.01000039 3.84 3.840001 0.01000022 0.1599998 0.1600008 0.01000022 0.1599998 0.1600008 0.01000039 3.84 3.839999 -0.203 3.84 3.839999 -0.2030002 0.1599999 0.1599989 -0.2030002 0.1599999 0.1599989 -0.203 3.84 4.000001 0.01000022 -4.371234E-10 3.999999 -0.2030002 8.873421E-09 9.536743E-07 0.01000022 -4.371234E-10 -9.536743E-07 -0.2030002 8.873421E-09 9.536743E-07 0.01000039 4 -9.536743E-07 -0.203 4 3.999999 -0.203 4 4.000001 0.01000039 4 3.840001 0.01000039 3.84 4.000001 0.01000039 4 4.000001 0.01000022 -4.371234E-10 3.840001 0.01000022 0.1599998 3.840001 0.01000022 0.1599998 4.000001 0.01000022 -4.371234E-10 9.536743E-07 0.01000022 -4.371234E-10 0.1600008 0.01000022 0.1599998 9.536743E-07 0.01000039 4 0.1600008 0.01000039 3.84 4.000001 0.01000039 4 3.840001 0.01000039 3.84 3.839999 -0.203 3.84 3.839999 -0.2030002 0.1599999 3.999999 -0.2030002 8.873421E-09 3.999999 -0.203 4 3.839999 -0.2030002 0.1599999 0.1599989 -0.2030002 0.1599999 -9.536743E-07 -0.2030002 8.873421E-09 3.999999 -0.2030002 8.873421E-09 0.1599989 -0.203 3.84 -9.536743E-07 -0.203 4 3.839999 -0.203 3.84 3.999999 -0.203 4 0.1600008 0.01000022 0.1599998 9.536743E-07 0.01000022 -4.371234E-10 0.1600008 0.01000039 3.84 9.536743E-07 0.01000039 4 0.1599989 -0.2030002 0.1599999 -9.536743E-07 -0.2030002 8.873421E-09 0.1599989 -0.203 3.84 -9.536743E-07 -0.203 4  
			<Colors>: 0  
			<TextureCoords0>: 56 0.5996094 0.4648438 0.5996094 0.4501953 0.4003906 0.4648438 0.4003906 0.4501953 0.4003906 0.4648438 0.4003906 0.4501953 0.4003906 0.4648438 0.4003906 0.4501953 0.4182936 0.175476 0.4182936 0.01153576 0.5826828 0.01153588 0.5826828 0.175476 0.4182936 0.175476 0.4182936 0.01153576 0.5826828 0.01153588 0.5826828 0.175476 0.5996094 0.4501953 0.5996094 0.4648438 0.5996094 0.4501953 0.5996094 0.4648438 0.4003906 0.4648438 0.4003906 0.4501953 0.5996094 0.4501953 0.5996094 0.4648438 0.4316406 0.1782227 0.4213867 0.1860352 0.4213867 0.001464844 0.4316406 0.008789063 0.4316406 0.1787109 0.4213867 0.1865234 0.4213867 0.001464844 0.4316406 0.008789063 0.4213867 0.1860352 0.4316406 0.1782227 0.4213867 0.001464844 0.4316406 0.008789063 0.4316406 0.1782227 0.4316406 0.008789063 0.4213867 0.001464844 0.4213867 0.1860352 0.4316406 0.1787109 0.4316406 0.008789063 0.4213867 0.001464844 0.4213867 0.1865234 0.4316406 0.1782227 0.4213867 0.1860352 0.4316406 0.008789063 0.4213867 0.001464844 0.4316406 0.008789063 0.4213867 0.001464844 0.4316406 0.1791992 0.4213867 0.1865234 0.4316406 0.008789063 0.4213867 0.001464844 0.4316406 0.1791992 0.4213867 0.1865234  
			<TextureCoords1>: 56 0.4981556 0.9360596 0.4981554 0.9099488 0.988498 0.9360597 0.9884982 0.9099488 0.988498 0.9660767 0.9884982 0.9399659 0.9884982 0.9960938 0.9884981 0.969983 0.4746355 0.5253654 0.02351992 0.5253653 0.02351992 0.9764801 0.4746355 0.9764801 0.02352012 0.0311166 0.4746352 0.03111678 0.474635 0.4822317 0.02351993 0.4822315 0.4981554 0.969983 0.4981555 0.9960938 0.4981554 0.9399659 0.4981557 0.9660767 0.4981554 0.8799317 0.4981554 0.9060426 0.9884979 0.9060426 0.9884979 0.8799318 0.4746355 0.5253654 0.4942492 0.5057516 0.00390625 0.5057516 0.02351992 0.5253653 0.02351992 0.5253653 0.00390625 0.5057516 0.00390625 0.9960938 0.02351992 0.9764801 0.4942492 0.9960938 0.4746355 0.9764801 0.4942492 0.5057516 0.4746355 0.5253654 0.02352012 0.0311166 0.4746352 0.03111678 0.4942489 0.01150292 0.003906253 0.01150292 0.4746352 0.03111678 0.474635 0.4822317 0.4942489 0.5018454 0.4942489 0.01150292 0.02351993 0.4822315 0.00390625 0.5018454 0.02352012 0.0311166 0.003906253 0.01150292 0.02351992 0.9764801 0.00390625 0.9960938 0.4746355 0.9764801 0.4942492 0.9960938 0.474635 0.4822317 0.4942489 0.5018454 0.02351993 0.4822315 0.00390625 0.5018454  
			<Normals>: 56 1 0 0 1 0 0 1 0 0 1 0 0 -1 0 0 -1 0 0 0 0 -1 0 0 -1 0 1 0 0 1 0 0 1 0 0 1 0 0 -1 0 0 -1 0 0 -1 0 0 -1 0 0 0 -1 0 0 -1 -1 0 0 -1 0 0 0 0 1 0 0 1 0 0 1 0 0 1 0 1 0 0 1 0 0 1 0 0 1 0 0 1 0 0 1 0 0 1 0 0 1 0 0 1 0 0 1 0 0 1 0 0 1 0 0 -1 0 0 -1 0 0 -1 0 0 -1 0 0 -1 0 0 -1 0 0 -1 0 0 -1 0 0 -1 0 0 -1 0 0 -1 0 0 -1 0 0 1 0 0 1 0 0 1 0 0 1 0 0 -1 0 0 -1 0 0 -1 0 0 -1 0  
			<Tangents>: 56 0 4.470348E-08 1 0 4.466406E-08 1 0 4.357876E-08 1 0 4.353933E-08 1 0 -4.357876E-08 -1 0 -4.353933E-08 -1 1 0 0 1 0 0 -1 0 -3.635755E-07 -1 0 -5.453634E-07 -1 0 -7.271512E-07 -1 0 -5.453634E-07 -1 0 -3.635755E-07 -1 0 -5.453634E-07 -1 0 -7.271514E-07 -1 0 -5.453634E-07 1 0 0 1 0 0 0 -4.466406E-08 -1 0 -4.470348E-08 -1 1 0 0 1 0 0 1 0 0 1 0 0 -0.9983596 0 0.05725444 -0.9983106 0 0.05810361 -0.9999615 0 0.00877218 -0.9999834 0 0.005762691 0.05456702 0 0.9985101 0.05532511 0 0.9984684 0.7347652 0 0.6783215 0.7346695 0 0.6784251 0.9983515 0 0.05739698 0.9981737 0 0.06040917 -0.010198 0 -0.999948 -0.01145954 0 -0.9999343 -0.9983596 0 0.05725456 -0.9999834 0 0.005762563 -0.9999615 0 0.008772066 -0.9983106 0 0.05810374 0.05456702 0 0.9985101 0.7346696 0 0.6784251 0.7347652 0 0.6783215 0.05532511 0 0.9984684 0.9981737 0 0.0604093 0.9983515 0 0.0573971 -0.01145954 0 -0.9999343 -0.010198 0 -0.999948 0.7346695 0 0.6784251 0.7347652 0 0.6783215 0.01019386 0 -0.999948 0.01055256 0 -0.9999443 0.7346696 0 0.6784251 0.7347652 0 0.6783215 0.01019386 0 -0.999948 0.01055256 0 -0.9999443  
			<BiTangents>: 56 0 1 -4.470348E-08 0 1 -4.466406E-08 0 1 -4.357876E-08 0 1 -4.353933E-08 0 1 -4.357876E-08 0 1 -4.353933E-08 0 1 0 0 1 0 3.635755E-07 0 -1 5.453634E-07 0 -1 7.271512E-07 0 -1 5.453634E-07 0 -1 3.635755E-07 0 -1 5.453634E-07 0 -1 7.271514E-07 0 -1 5.453634E-07 0 -1 0 1 0 0 1 0 0 1 -4.466406E-08 0 1 -4.470348E-08 0 -1 0 0 -1 0 0 -1 0 0 -1 0 -0.05725444 0 -0.9983596 -0.05810361 0 -0.9983106 -0.00877218 0 -0.9999615 -0.005762691 0 -0.9999834 -0.9985101 0 0.05456702 -0.9984684 0 0.05532511 -0.6783215 0 0.7347652 -0.6784251 0 0.7346695 0.05739698 0 -0.9983515 0.06040917 0 -0.9981737 0.999948 0 -0.010198 0.9999343 0 -0.01145954 -0.05725456 0 -0.9983596 -0.005762563 0 -0.9999834 -0.008772066 0 -0.9999615 -0.05810374 0 -0.9983106 -0.9985101 0 0.05456702 -0.6784251 0 0.7346696 -0.6783215 0 0.7347652 -0.9984684 0 0.05532511 0.0604093 0 -0.9981737 0.0573971 0 -0.9983515 0.9999343 0 -0.01145954 0.999948 0 -0.010198 0.6784251 0 -0.7346695 0.6783215 0 -0.7347652 0.999948 0 0.01019386 0.9999443 0 0.01055256 0.6784251 0 -0.7346696 0.6783215 0 -0.7347652 0.999948 0 0.01019386 0.9999443 0 0.01055256  
			<SubMeshes>: 1
				<SubMesh>: 0 84 1 0 2 1 2 3 16 17 6 16 6 7 18 19 4 18 4 5 20 21 22 20 22 23 15 14 13 15 13 12 11 8 9 11 9 10 24 25 26 24 26 27 28 29 30 28 30 31 48 49 32 48 32 33 50 51 34 50 34 35 36 37 38 36 38 39 40 41 42 40 42 43 52 44 45 52 45 53 54 46 47 54 47 55  
		</Mesh>
		<Materials>: 1
			<Material>: 0
				<AlbedoColor>: 1 1 1 1
				<EmissiveColor>: 0 0 0 0
				<Glossiness>: 0.04
				<Metallic>: 0
				<SpecularHighlight>: 1
				<GlossyReflection>: 1
				<AlbedoMap>: BLD_Villa1_A
				<MetallicMap>: BLD_Villa1_MS
				<NormalMap>: BLD_Villa1_N
				<EmissionMap>: null
				<DetailAlbedoMap>: DET_Concrete1_A
				<DetailNormalMap>: DET_Concrete1_N
		</Materials>
		<Children>: 0
	</Frame>
</Hierarchy>
