<Hierarchy>:
	<Frame>: 0 5 Villa2_Wall_Mid_E
		<Transform>: 0 0 0 0 0 0 1 1 1 0 0 0 1  
		<TransformMatrix>: 1 0 0 0 0 1 0 0 0 0 1 0 0 0 0 1  
		<BoxCollider>: 1 2 3 -4.023314E-07 4 6 0.6  
		<Mesh>: 181 Villa2_Wall_Mid_E
			<Bounds>: 2 3 -4.023314E-07 2 3 0.3
			<Positions>: 181 0.19 0 0.26 0.19 5.7 0.2599998 0.2 0 0.19 0.2 5.7 0.1899998 0.02 0 0.26 0.02 5.7 0.2599998 0.01 0 0.19 0.01 5.7 0.1899998 4 8.742271E-09 0.2000002 4 6 0.2000002 0 6 0.2000002 0 8.742271E-09 0.2000002 2 6 0.2000002 2 8.742271E-09 0.2000002 4 1 0.2000002 0 1 0.2000002 1.999147 1 0.2000002 4 4.5 0.2000002 0 4.5 0.2000002 1.999147 4.5 0.2000002 4 -8.742304E-09 -0.2 4 6 -0.2 0 6 -0.2 0 -8.742304E-09 -0.2 2 6 -0.2 2 -8.742304E-09 -0.2 4 1 -0.2 0 1 -0.2 1.999147 1 -0.2 4 4.5 -0.2 0 4.5 -0.2 1.999147 4.5 -0.2 4 5.6 0.2000002 0 5.6 0.2000002 2 5.6 0.2000002 4 5.6 -0.2 0 5.6 -0.2 2 5.6 -0.2 4 5.7 0.2999996 4 6 0.2999996 0 6 0.2999996 2 6 0.2999996 4 5.7 -0.3000004 4 6 -0.3000004 0 6 -0.3000004 2 6 -0.3000004 0 5.7 0.2999996 2 5.7 0.2999996 0 5.7 -0.3000004 2 5.7 -0.3000004 0 0.2 0.2000002 2 0.2 0.2000002 4 0.2 0.2000002 0 0.2 -0.2 2 0.2 -0.2 4 0.2 -0.2 4 -1.311345E-08 -0.3000004 0 -1.311345E-08 -0.3000004 2 -1.311345E-08 -0.3000004 0 0.18 -0.3000004 0 0.2 -0.2799999 2 0.2 -0.2799999 2 0.18 -0.3000004 4 0.2 -0.2799999 4 0.18 -0.3000004 0 0.02608696 0.2000002 2 0.02608696 0.2000002 0 0.02608695 -0.2 4 0.02608696 0.2000002 4 0.02608695 -0.2 4 5.96875 0.2000002 4 5.96875 -0.2 0 5.96875 0.2000002 0 5.96875 -0.2 4 5.976563 0.2999996 4 5.976563 -0.3000004 0 5.976563 0.2999996 2 5.976563 0.2999996 0 5.976563 -0.3000004 2 5.976563 -0.3000004 0 5.7 -0.2 0 5.7 0.2000002 4 5.7 -0.2 4 5.7 0.2000002 0 0.02784134 -0.3000004 2 0.02784134 -0.3000004 4 0.02784134 -0.3000004 4 0.2418118 0.2000002 4 0.2418118 -0.2 0 0.2418118 0.2000002 1.999955 0.2418118 0.2000002 0 0.2418118 -0.2 1.999955 0.2418118 -0.2 0.02 5.7 0.2599998 0.02 0 0.26 0.19 0 0.26 0.19 5.7 0.2599998 0.19 0 0.26 0.02 0 0.26 0.01 0 0.19 0.2 0 0.19 4 6 0.2000002 4 6 -0.2 2 8.742271E-09 0.2000002 4 8.742271E-09 0.2000002 4 0.2418118 -0.2 4 1 -0.2 4 1 0.2000002 0 4.5 0.2000002 0 1 0.2000002 4 4.5 -0.2 4 4.5 0.2000002 0 5.6 -0.2 4 5.6 0.2000002 4 5.6 -0.2 4 6 -0.3000004 4 5.976563 -0.3000004 4 5.7 0.2999996 0 5.7 -0.3000004 4 6 -0.3000004 2 6 -0.3000004 4 0.02608696 0.2000002 0 0.02608695 -0.2 0 -8.742304E-09 -0.2 4 0.2 -0.2 4 0.02608695 -0.2 4 0.2 0.2000002 4 0.2418118 0.2000002 4 0.2 -0.2 4 0.2 -0.2799999 4 8.742271E-09 0.2000002 4 -8.742304E-09 -0.2 2 6 0.2999996 4 6 0.2999996 4 5.7 -0.3000004 4 6 0.2999996 4 5.976563 0.2999996 2 -1.311345E-08 -0.3000004 4 0.02784134 -0.3000004 4 -1.311345E-08 -0.3000004 0 0.2 -0.2 4 -8.742304E-09 -0.2 4 -1.311345E-08 -0.3000004 0 1 -0.2 0 4.5 -0.2 0 0.2418118 -0.2 2 0.2 -0.2 4 0.2 -0.2 0 0.2418118 0.2000002 0 0.02608696 0.2000002 0 8.742271E-09 0.2000002 0 6 -0.2 0 6 0.2000002 0 8.742271E-09 0.2000002 0 -8.742304E-09 -0.2 0 5.7 0.2999996 0 5.6 0.2000002 0 5.976563 -0.3000004 0 6 -0.3000004 0 5.976563 0.2999996 0 6 -0.3000004 0 6 0.2999996 4 0.18 -0.3000004 0 0.2 0.2000002 0 0.2 -0.2799999 0 0.2 -0.2 0 -1.311345E-08 -0.3000004 2 0.2 -0.2799999 0 0.18 -0.3000004 0 0.2 -0.2799999 4 0.2 -0.2799999 0 0.02784134 -0.3000004 0 6 0.2999996 0 -1.311345E-08 -0.3000004 0 0.2 -0.2 2 5.6 -0.2 4 5.6 0.2000002 2 5.6 0.2000002 4 5.6 -0.2 0 5.6 -0.2 0 5.6 0.2000002  
			<Colors>: 0  
			<TextureCoords0>: 181 0.4038086 0.309082 0.7900391 0.309082 0.4038086 0.3022461 0.7900391 0.3022461 0.4038086 0.315918 0.7900391 0.315918 0.4038086 0.3232422 0.7900391 0.3232422 0.0002441406 0.4143066 0.7402344 0.06201172 0.7402344 0.06201172 0.4311523 0.06201172 0.3000488 0.01611328 0.09985352 0.4143066 0.0002441406 0.364502 0.199707 0.364502 0.09997559 0.364502 0.0002441406 0.1896973 0.199707 0.1896973 0.09997559 0.1896973 0.4614258 0.7392578 0.7402344 0.08251953 0.7402344 0.08251953 0.4311523 0.08251953 0.3000488 0.003662109 0.5739746 0.7392578 0.2004395 0.3642578 0.4829102 0.08251953 0.3001709 0.3642578 0.2004395 0.1899414 0.6630859 0.08251953 0.3001709 0.1899414 0.0002441406 0.1352539 0.7197266 0.06201172 0.09985352 0.1352539 0.7197266 0.08251953 0.3999023 0.1347656 0.3000488 0.1347656 0.7250977 0.05664063 0.2009277 0.01953125 0.7402344 0.05664063 0.3000488 0.01953125 0.2004395 0.130127 0.7402344 0.08789063 0.7402344 0.08789063 0.3000488 0.1162109 0.7250977 0.05664063 0.09985352 0.1303711 0.3999023 0.130127 0.3000488 0.130127 0.4414063 0.06201172 0.09985352 0.4042969 0.4414063 0.06201172 0.4414063 0.08251953 0.4887695 0.6679688 0.4414063 0.08251953 0.4614258 0.7338867 0.3793945 0.6733398 0.5739746 0.7338867 0.4008789 0.6733398 0.4033203 0.6708984 0.4887695 0.6635742 0.3000488 0.4055176 0.4023438 0.6645508 0.3999023 0.6621094 0.4326172 0.06201172 0.09985352 0.4130859 0.4326172 0.08251953 0.0002441406 0.4130859 0.4326172 0.08251953 0.7387695 0.06201172 0.7387695 0.08251953 0.7387695 0.06201172 0.7387695 0.08251953 0.0002441406 0.1164551 0.7392578 0.08789063 0.7392578 0.05664063 0.09985352 0.1164551 0.7392578 0.08789063 0.3000488 0.1171875 0.7250977 0.08251953 0.7250977 0.06201172 0.7250977 0.08251953 0.7250977 0.06201172 0.3828125 0.6733398 0.3000488 0.4129472 0.3818359 0.6621094 0.4435755 0.06201172 0.2004395 0.4019728 0.4435754 0.06201172 0.09985989 0.402217 0.4435755 0.08251953 0.3000552 0.4019729 0.7900391 0.315918 0.4038086 0.315918 0.4038086 0.309082 0.7900391 0.309082 0.6142578 0.3701172 0.6274414 0.3701172 0.6279297 0.3754883 0.6132813 0.3754883 0.2009277 0.01611328 0.2009277 0.003662109 0.5739746 0.762207 0.4614258 0.762207 0.4435754 0.08251953 0.4829102 0.08251953 0.4829102 0.06201172 0.6630859 0.06201172 0.4829102 0.06201172 0.6630859 0.08251953 0.6630859 0.06201172 0.7197266 0.08251953 0.7197266 0.06201172 0.2004395 0.1347656 0.2006836 0.1162109 0.2006836 0.1171875 0.0002441406 0.1303711 0.7250977 0.08789063 0.2009277 0.0004882813 0.3000488 0.0004882813 0.4326172 0.06201172 0.3823242 0.6611328 0.3793945 0.6611328 0.4023438 0.6738281 0.3813477 0.6738281 0.0002441406 0.4042969 0.0002441406 0.402217 0.3798828 0.6679688 0.3798828 0.6635742 0.4311523 0.06201172 0.4311523 0.08251953 0.09985352 0.1152344 0.0002441406 0.1152344 0.7250977 0.08789063 0.7402344 0.05664063 0.7392578 0.05664063 0.3000488 0.4143066 0.2004395 0.4129472 0.2004395 0.4143066 0.4033203 0.6611328 0.378418 0.6738281 0.378418 0.6621094 0.3999023 0.3642578 0.3999023 0.1899414 0.3999023 0.4019729 0.3000488 0.4040527 0.2004395 0.4040527 0.199707 0.402217 0.199707 0.4130859 0.199707 0.4143066 0.3991699 0.003662109 0.3991699 0.01611328 0.6865234 0.762207 0.6865234 0.7392578 0.199707 0.1303711 0.199707 0.1352539 0.3999023 0.1171875 0.3999023 0.1162109 0.199707 0.1164551 0.3991699 0.0004882813 0.3991699 0.01953125 0.2004395 0.4055176 0.199707 0.4042969 0.597168 0.6635742 0.597168 0.6679688 0.6865234 0.7338867 0.3000488 0.4040527 0.3999023 0.4055176 0.3999023 0.4040527 0.2004395 0.4040527 0.3999023 0.4129472 0.199707 0.1152344 0.3999023 0.4143066 0.3999023 0.4040527 0.3000488 0.1347656 0.0002441406 0.1352539 0.09985352 0.1352539 0.2004395 0.1347656 0.3999023 0.1347656 0.199707 0.1352539  
			<TextureCoords1>: 181 0.003906255 0.04188907 0.5682317 0.04188907 0.00390625 0.0488897 0.5682317 0.04888976 0.5682315 0.03098208 0.003906255 0.03098214 0.5682315 0.03798276 0.00390625 0.03798282 0.6020342 0.6000755 0.5979328 0.4833577 0.003906292 0.5466669 0.5979328 0.5466669 0.7998481 0.4833577 0.6020342 0.7980846 0.5030298 0.6000757 0.5030298 0.9960933 0.5030298 0.7981688 0.1565141 0.6000756 0.156514 0.9960934 0.156514 0.7981688 0.9821578 0.4596505 0.5979329 0.5229595 0.003906462 0.5862687 0.597933 0.5862687 0.7998483 0.5229595 0.7841489 0.4596505 0.08311029 0.073533 0.4989286 0.5862689 0.08311006 0.2716262 0.4296261 0.07353336 0.1524131 0.5862683 0.4296259 0.2716265 0.04760911 0.6000757 0.04350806 0.5466667 0.04760899 0.7980846 0.5583312 0.5229596 0.5385306 0.469551 0.5385308 0.2715422 0.5682314 0.4734574 0.6018393 0.4734573 0.00390625 0.5367664 0.7998481 0.4734573 0.5525324 0.07353324 0.597933 0.5328599 0.00390651 0.5961691 0.5822335 0.2715424 0.03360758 0.5367663 0.03360772 0.7980846 0.552532 0.4695509 0.5525322 0.2715423 0.578132 0.5466669 0.5822333 0.7980845 0.02370715 0.4833576 0.5781321 0.5862687 0.7998481 0.5637214 0.02370732 0.5229594 0.9821578 0.469551 0.5979331 0.5961691 0.784149 0.469551 0.5801122 0.5961692 0.5781322 0.594189 0.7998482 0.5716418 0.7998484 0.5783484 0.02370734 0.5308797 0.02172726 0.5328599 0.5953501 0.5466669 0.5994515 0.7980845 0.5953503 0.5862687 0.5994515 0.6000755 0.006489149 0.5229595 0.5948389 0.4833577 0.594839 0.5229595 0.007000188 0.5466669 0.00700036 0.5862687 0.006226907 0.600076 0.5956126 0.53286 0.006226669 0.5367664 0.006226817 0.7980846 0.006226928 0.5961691 0.5799131 0.2715423 0.03360778 0.5862685 0.03360762 0.5466667 0.5682316 0.5229596 0.5682315 0.4833578 0.5951766 0.5961691 0.7998483 0.5934128 0.006662855 0.5328599 0.02784669 0.4833575 0.008046243 0.07353306 0.5739924 0.5466669 0.5780938 0.7980888 0.5739926 0.5862687 0.008046016 0.2715463 0.00390625 0.06962675 0.5682317 0.06962675 0.5682317 0.05279601 0.003906258 0.05279601 0.6237613 0.9891635 0.6069306 0.9891635 0.6059405 0.9960938 0.6247513 0.9960938 0.6018392 0.4833577 0.6018394 0.5229595 0.7841488 0.4200487 0.9821577 0.4200487 0.02784686 0.5229594 0.1029108 0.5229592 0.1029107 0.4833574 0.152413 0.5466665 0.4989284 0.5466671 0.4494263 0.5229598 0.4494261 0.483358 0.04350822 0.5862685 0.558331 0.4833578 0.538531 0.0735333 0.5822337 0.07353312 0.5799133 0.07353312 0.03360779 0.6000758 0.03360784 0.596169 0.6018393 0.53286 0.7998483 0.53286 0.006488997 0.4833577 0.5953503 0.5862687 0.597933 0.5862687 0.02370732 0.5229594 0.006489149 0.5229595 0.5822333 0.6000756 0.5780938 0.6000756 0.6018393 0.5637214 0.6018394 0.5716418 0.00390625 0.4833577 0.003906404 0.5229595 0.003906401 0.7980846 0.003906493 0.600076 0.5682317 0.53286 0.5979328 0.4734573 0.5956123 0.4734573 0.7998483 0.5961692 0.6018394 0.5934128 0.6018395 0.5961691 0.5781321 0.5862687 0.003906404 0.5229595 0.003906443 0.5328599 0.08310984 0.4695507 0.4296257 0.469551 0.008045794 0.4695507 0.003906472 0.271542 0.003906699 0.07353312 0.5780938 0.9960932 0.5994515 0.996093 0.6020343 0.996093 0.9978572 0.5229596 0.997857 0.4833578 0.58614 0.4200487 0.5861401 0.4596505 0.03360761 0.9960936 0.04760894 0.9960935 0.5799128 0.4695508 0.5822333 0.4695508 0.00622667 0.9960938 0.9978571 0.53286 0.9978569 0.4734574 0.6018393 0.5783483 0.5822334 0.9960932 0.9978572 0.5716418 0.9978571 0.5637214 0.5861402 0.469551 0.7998485 0.5755481 0.9978572 0.5783483 0.9978571 0.5755481 0.6018393 0.5755481 0.9978573 0.5934128 0.00390625 0.9960938 0.9978573 0.5961691 0.00390625 0.4695508 0.5385308 0.2715422 0.04760911 0.6000757 0.04760899 0.7980846 0.538531 0.0735333 0.5385306 0.469551 0.04760894 0.9960935  
			<Normals>: 181 0.9899532 0 0.1413957 0.9899532 0 0.1413957 0.9899532 0 0.1413957 0.9899532 0 0.1413957 -0.9899532 0 0.1413957 -0.9899532 0 0.1413957 -0.9899532 0 0.1413957 -0.9899532 0 0.1413957 0 -0.7071068 0.7071068 1 0 0 -1 0 0 -1 0 0 0 1 0 0 -0.7071068 0.7071068 0 0 1 0 0 1 0 0 1 0 0 1 0 0 1 0 0 1 0 -1 0 1 0 0 -1 0 0 -1 0 0 0 1 0 0 -1 0 0 0 -1 -1 0 0 0 0 -1 0 0 -1 -1 0 0 0 0 -1 0 0 1 -1 0 0 0 0 1 1 0 0 0 -0.7071068 -0.7071068 0 -0.7071068 -0.7071068 1 0 0 0 0.7071068 0.7071068 -1 0 0 0 0.7071068 0.7071068 0 -0.3826815 -0.9238803 1 0 0 -1 0 0 0 0.7071068 -0.7071068 -1 0 0 0 -0.3826815 0.9238803 0 -0.3826815 -0.9238803 0 -0.3826815 -0.9238803 -1 0 0 0 0 1 1 0 0 -1 0 0 0 0.7071068 -0.7071068 1 0 0 0 -0.7071068 -0.7071068 -1 0 0 0 -0.7071068 -0.7071068 -1 0 0 -1 0 0 0 0.9238803 -0.3826815 0 0.3826815 -0.9238803 1 0 0 1 0 0 -1 0 0 0 0 1 -1 0 0 0 0 1 1 0 0 1 0 0 1 0 0 -1 0 0 -1 0 0 0 0 1 1 0 0 -1 0 0 0 0 1 -1 0 0 0 0 -1 -1 0 0 -1 0 0 1 0 0 1 0 0 -1 0 0 0 0 -1 1 0 0 1 0 0 0 0 -1 -1 0 0 0 0 1 -1 0 0 0 0 -1 0 0 1 0 0 1 0 0 1 0 0 1 0 -1 0 0 -1 0 0 -1 0 0 -1 0 0 1 0 0 1 0 0 -0.7071068 0.7071068 0 -0.7071068 0.7071068 1 0 0 1 0 0 1 0 0 -1 0 0 -1 0 0 1 0 0 1 0 0 -1 0 0 1 0 0 0 0 -1 0 0.7071068 -0.7071068 0 0 -1 0 -0.3826815 0.9238803 -1 0 0 0 0.7071068 -0.7071068 0 0.7071068 -0.7071068 1 0 0 -1 0 0 -1 0 0 1 0 0 1 0 0 0 0 1 0 0 1 0 0.7071068 -0.7071068 0 0.9238803 -0.3826815 1 0 0 1 0 0 0 0.7071068 0.7071068 0 0.7071068 0.7071068 1 0 0 1 0 0 1 0 0 0 -0.7071068 -0.7071068 0 0 -1 0 -0.7071068 -0.7071068 -1 0 0 1 0 0 1 0 0 0 0 -1 0 0 -1 0 0 -1 0 0.7071068 -0.7071068 0 0.7071068 -0.7071068 0 0 1 0 0 1 0 -0.7071068 0.7071068 0 1 0 0 1 0 0 -0.7071068 0.7071068 0 -1 0 0 -0.3826815 0.9238803 0 -0.7071068 0.7071068 0 0 -1 0 0.7071068 -0.7071068 0 0 1 0 0.7071068 -0.7071068 0 0.7071068 0.7071068 0 0.3826815 -0.9238803 0 0 1 0 0.9238803 -0.3826815 0 0.7071068 -0.7071068 0 -0.7071068 -0.7071068 0 0.9238803 -0.3826815 0 0.3826815 -0.9238803 0 0.9238803 -0.3826815 0 0.9238803 -0.3826815 0 0 -1 0 0.7071068 0.7071068 0 -0.7071068 -0.7071068 0 0.7071068 -0.7071068 0 0 -1 0 -0.7071068 0.7071068 0 -0.7071068 0.7071068 0 -0.7071068 -0.7071068 0 0 -1 0 0 1  
			<Tangents>: 181 5.854857E-09 1 -4.099157E-08 5.854857E-09 1 -4.099157E-08 5.854857E-09 1 -4.099157E-08 5.854857E-09 1 -4.099157E-08 -5.854857E-09 1 -4.099157E-08 -5.854857E-09 1 -4.099157E-08 -5.854857E-09 1 -4.099157E-08 -5.854857E-09 1 -4.099157E-08 -1 0 0 0 1 0 0 1 0 0 1 0 -1 0 0 -1 0 0 -1 0 0 -1 -7.780653E-08 0 -1 -2.030624E-09 0 -1 0 0 -1 0 0 -1 0 0 -1 0 0 0 1 0 0 1 0 0 1 0 -1 0 0 -1 0 0 -1 8.088269E-08 0 0 1 0 -1 5.107299E-10 0 -1 0 0 0 1 0 -1 0 0 -1 0 0 0 1 0 -1 0 0 0 1 0 -1 0 0 -1 1.168265E-09 -1.168265E-09 0 1 0 -1 0 0 0 1 0 -1 0 0 -1 0 0 0 1 0 0 1 0 -1 0 0 0 1 0 -1 0 0 -1 0 0 -1 0 0 0 1 0 -1 -5.588533E-08 0 0 1 0 0 1 0 -1 0 0 0 1 0 -1 0 0 0 1 0 -1 0 0 0 1 8.273736E-07 0 1 2.384187E-05 -1 0 0 -1 0 0 0 0.9986191 -0.05253506 0 0.9999984 -0.001804845 0 1 0 -1 0 0 0 1 0 -1 0 0 0 1 0 0 1 0 0 1 0 0 1 0 0 1 0 -1 0 0 0 1 0 0 1 0 -1 0 0 0 1 0 -1 0 0 0 1 0 0 1 0 0 1 0 0 1 0 0 1 0 -1 0 0 0 1 0 0 1 0 -1 5.61145E-07 0 0 1 0 -1 -9.195583E-08 0 0 1 0 -1 8.35316E-08 0 0 1 0 0 1 0 0 1 0 0 1 0 -1 0 0 -1 0 0 -1 0 0 -1 0 0 -1 0 0 -1 0 0 -1 0 0 -1 0 0 0 1 0 0 1 0 0 1 0 0 1 0 0 1 0 0 1 0 0 1 0 0 1 0 0 1 0 -1 0 0 -1 0 0 -1 0 0 -1 0 0 0 1 0 -1 0 0 -1 0 0 0 1 0 0 1 0 0 1 0 0 0.9999997 -0.000749696 0 1 0 -1 -1.406793E-09 0 -1 -6.896427E-09 0 -1 0 0 -1 0 0 0 1 0 0 1 0 -1 0 0 -1 0 0 0 1 0 0 1 0 0 1 0 -1 0 0 -1 0 0 -1 0 0 0 1 3.437559E-07 0 1 0 0 1 0 -1 0 0 -1 0 0 -1 2.020676E-09 0 -1 1.458738E-07 1.458738E-07 -1 0 0 -1 -5.399824E-07 0 -1 0 0 -1 0 0 -1 0 0 -1 0 0 -1 0 0 -1 0 0 -1 0 0 -1 0 0 -1 0 0 -1 0 0 -1 0 0 -1 0 0 -1 0 0 -1 0 0 -1 0 0 -1 0 0 -1 0 0 -1 0 0 -1 0 0 -1 0 0 -1 0 0 -1 0 0 -1 0 0 -1 0 0 -1 0 0 -1 3.675795E-09 3.675795E-09 -1 0 0 -1 0 0 -1 0 0 -1 -2.336797E-09 2.336797E-09 -1 0 0 -1 0 0  
			<BiTangents>: 181 0.1413957 -4.140758E-08 -0.9899531 0.1413957 -4.140758E-08 -0.9899531 0.1413957 -4.140758E-08 -0.9899531 0.1413957 -4.140758E-08 -0.9899531 0.1413957 4.140758E-08 0.9899531 0.1413957 4.140758E-08 0.9899531 0.1413957 4.140758E-08 0.9899531 0.1413957 4.140758E-08 0.9899531 0 0.7071068 0.7071068 0 0 1 0 0 1 0 0 1 0 0 -1 0 0.7071068 0.7071068 0 1 0 -7.780653E-08 1 0 -2.030624E-09 1 0 0 1 0 0 1 0 0 1 0 0 0 -1 0 0 1 0 0 1 0 0 1 0 0 -1 0 0 -1 8.088269E-08 1 0 0 0 1 5.107299E-10 1 0 0 1 0 0 0 1 0 1 0 0 1 0 0 0 1 0 1 0 0 0 1 0 0.7071068 -0.7071068 1.652176E-09 0.7071068 -0.7071068 0 0 1 0 0.7071068 -0.7071068 0 0 1 0 0.7071068 -0.7071068 0 0.9238803 -0.3826815 0 0 1 0 0 1 0 0.7071068 0.7071068 0 0 1 0 0.9238803 0.3826815 0 0.9238803 -0.3826815 0 0.9238803 -0.3826815 0 0 1 -5.588533E-08 1 0 0 0 1 0 0 1 0 -0.7071068 -0.7071068 0 0 1 0 0.7071068 -0.7071068 0 0 1 0 0.7071068 -0.7071068 0 -8.273736E-07 1 0 -2.384187E-05 1 0 -0.3826815 -0.9238803 0 0.9238803 0.3826815 0 -0.05253506 -0.9986191 0 -0.001804845 -0.9999984 0 0 1 0 1 0 0 0 1 0 1 0 0 0 1 0 0 1 0 0 1 0 0 1 0 0 1 0 1 0 0 0 1 0 0 1 0 1 0 0 0 1 0 1 0 0 0 1 0 0 1 0 0 1 0 0 1 0 0 1 0 1 0 0 0 -1 0 0 1 5.61145E-07 1 0 0 0 1 -9.195583E-08 1 0 0 0 1 8.35316E-08 1 0 1 0 0 1 0 0 1 0 0 1 0 0 0 0 1 0 0 1 0 0 1 0 0 1 0 0 -1 0 0 -1 0 -0.7071068 -0.7071068 0 -0.7071068 -0.7071068 0 0 1 0 0 1 0 0 1 0 0 1 0 0 1 0 0 1 0 0 1 0 0 1 0 0 1 0 1 0 0 0.7071068 0.7071068 0 1 0 0 0.9238803 0.3826815 0 0 1 0 -0.7071068 -0.7071068 0 -0.7071068 -0.7071068 0 0 1 0 0 1 0 0 1 0 -0.000749696 -0.9999997 0 0 -1 -1.406793E-09 1 0 -6.896427E-09 1 0 0 -0.7071068 -0.7071068 0 -0.3826815 -0.9238803 0 0 1 0 0 1 0 0.7071068 -0.7071068 0 0.7071068 -0.7071068 0 0 1 0 0 1 0 0 1 0 0.7071068 -0.7071068 0 1 0 0 0.7071068 -0.7071068 0 -3.437559E-07 1 0 0 -1 0 0 -1 0 1 0 0 1 0 2.020676E-09 1 0 2.062967E-07 0.7071068 0.7071068 0 0.7071068 0.7071068 -5.399824E-07 1 0 0 1 0 0 0.7071068 0.7071068 0 0 -1 0 0 -1 0 -0.7071068 -0.7071068 0 0 -1 0 0.9238803 0.3826815 0 0.7071068 0.7071068 0 1 0 0 0.7071068 0.7071068 0 1 0 0 -0.7071068 -0.7071068 0 0.7071068 -0.7071068 0 0.9238803 0.3826815 0 1 0 0 -0.3826815 -0.9238803 0 -0.7071068 -0.7071068 0 0.7071068 -0.7071068 0 0.3826815 0.9238803 0 0.9238803 0.3826815 0 0.3826815 0.9238803 0 0.3826815 0.9238803 0 1 0 0 0.7071068 -0.7071068 0 0.7071068 -0.7071068 5.198359E-09 0.7071068 0.7071068 0 1 0 0 0.7071068 0.7071068 0 0.7071068 0.7071068 -3.30473E-09 0.7071068 -0.7071068 0 1 0 0 1 0  
			<SubMeshes>: 1
				<SubMesh>: 0 522 1 0 2 1 2 3 7 6 4 7 4 5 93 94 95 93 95 96 97 98 99 97 99 100 66 13 8 66 8 68 36 48 49 36 49 37 19 16 14 19 14 17 34 19 17 34 17 32 18 15 16 18 16 19 92 28 26 92 26 88 28 31 29 28 29 26 70 71 21 70 21 9 65 67 23 65 23 11 101 102 24 101 24 12 103 25 20 103 20 104 87 105 106 87 106 107 108 30 27 108 27 109 107 106 110 107 110 111 33 112 30 33 30 108 81 80 112 81 112 33 111 110 35 111 35 113 31 175 114 31 114 29 71 75 43 71 43 21 83 38 113 79 45 115 79 115 116 77 47 117 77 117 74 12 41 39 12 39 101 80 118 112 176 117 47 176 47 177 37 49 42 37 42 178 102 119 120 102 120 24 121 69 55 121 55 52 89 91 53 89 53 50 122 84 57 122 57 123 124 125 86 86 64 124 64 63 124 90 51 126 90 126 127 128 129 61 128 61 54 25 58 56 25 56 20 130 131 69 130 69 121 50 53 67 50 67 65 51 66 68 51 68 126 72 76 40 72 40 10 22 44 78 22 78 73 132 77 74 132 74 133 49 79 116 49 116 42 82 134 75 82 75 71 10 22 73 10 73 72 83 82 71 83 71 70 81 46 76 81 76 72 72 73 80 72 80 81 73 78 118 73 118 80 9 135 136 9 136 70 113 35 82 113 82 83 35 134 82 33 46 81 70 136 38 70 38 83 137 85 138 137 138 139 84 122 140 140 59 84 140 60 59 141 142 86 141 86 125 16 90 127 16 127 14 143 144 31 143 31 28 145 143 28 145 28 92 109 27 91 109 91 89 52 55 105 52 105 87 146 92 88 146 88 147 15 148 90 15 90 16 149 150 13 149 13 66 12 24 151 12 151 152 153 154 25 153 25 103 144 179 175 144 175 31 177 47 155 177 155 156 157 158 45 157 45 79 159 155 47 159 47 77 24 120 160 24 160 151 152 161 41 152 41 12 85 62 162 85 162 138 148 163 51 148 51 90 54 61 164 54 164 165 154 166 58 154 58 25 167 62 168 167 168 169 170 162 62 170 62 167 171 168 62 171 62 85 163 149 66 163 66 51 172 159 77 172 77 132 48 157 79 48 79 49 173 171 85 173 85 137 174 145 92 174 92 146 180 18 19 180 19 34  
		</Mesh>
		<Materials>: 1
			<Material>: 0
				<AlbedoColor>: 1 1 1 1
				<EmissiveColor>: 0 0 0 0
				<Glossiness>: 0.04
				<Metallic>: 0
				<SpecularHighlight>: 1
				<GlossyReflection>: 1
				<AlbedoMap>: BLD_Villa2_A
				<MetallicMap>: BLD_Villa2_MS
				<NormalMap>: BLD_Villa2_N
				<EmissionMap>: null
				<DetailAlbedoMap>: DET_Concrete1_A
				<DetailNormalMap>: DET_Concrete1_N
		</Materials>
		<Children>: 0
	</Frame>
</Hierarchy>
