<Hierarchy>:
	<Frame>: 0 5 Villa2_Floor_Mid_A
		<Transform>: 0 0 0 0 0 0 1 1 1 0 0 0 1  
		<TransformMatrix>: 1 0 0 0 0 1 0 0 0 0 1 0 0 0 0 1  
		<BoxCollider>: 1 2 -0.1450001 -2 4 0.3100002 4  
		<Mesh>: 56 Villa2_Floor_Mid_A
			<Bounds>: 2 -0.1450001 -2 2 0.1550001 2
			<Positions>: 56 4 -0.3 1.311342E-08 4 0.009999985 -4.371134E-10 4 0.009999814 -4 0 0.009999985 -4.371134E-10 0 -0.3000002 -4 0 0.009999814 -4 3.829714 0.009999977 -0.1702862 3.829714 0.009999821 -3.829714 0.1702862 0.009999821 -3.829714 0.1702862 0.009999977 -0.1702862 4 -0.3000002 -4 0 -0.3 -2.719423E-08 3.829714 -0.3 -0.1702863 3.829714 -0.3000002 -3.829714 0.1702862 -0.3000002 -3.829714 0.1702862 -0.3 -0.1702863 3.829714 0.009999977 -0.1702862 3.829714 0.009999821 -3.829714 3.829714 0.009999821 -3.829714 4 0.009999814 -4 0.1702862 0.009999821 -3.829714 0.1702862 0.009999821 -3.829714 0 0.009999814 -4 0.1702862 0.009999977 -0.1702862 0.1702862 0.009999977 -0.1702862 0 0.009999985 -4.371134E-10 4 0.009999985 -4.371134E-10 3.829714 0.009999977 -0.1702862 4 0.009999985 -4.371134E-10 4 0.009999814 -4 4 0.009999814 -4 4 -0.3000002 -4 0 0.009999814 -4 0 0.009999814 -4 0 -0.3000002 -4 0 0.009999985 -4.371134E-10 0 0.009999985 -4.371134E-10 0 -0.3 -2.719423E-08 4 -0.3 1.311342E-08 4 0.009999985 -4.371134E-10 3.829714 -0.3 -0.1702863 3.829714 -0.3000002 -3.829714 4 -0.3000002 -4 4 -0.3 1.311342E-08 3.829714 -0.3000002 -3.829714 0.1702862 -0.3000002 -3.829714 0 -0.3000002 -4 4 -0.3000002 -4 0.1702862 -0.3000002 -3.829714 0.1702862 -0.3 -0.1702863 0 -0.3 -2.719423E-08 0 -0.3000002 -4 0.1702862 -0.3 -0.1702863 3.829714 -0.3 -0.1702863 4 -0.3 1.311342E-08 0 -0.3 -2.719423E-08  
			<Colors>: 0  
			<TextureCoords0>: 56 0.2006836 0.02001953 0.1083984 0.4165039 0.1083984 0.6123047 0.1396484 0.4165039 0.2006836 0.02001953 0.1083984 0.6123047 0.01123047 0.6064453 0.01123047 0.4238281 0.1899414 0.4238281 0.1899414 0.6064453 0.3999023 0.02001953 0.3999023 0.02001953 0.01123047 0.6064453 0.01123047 0.4238281 0.1899414 0.4238281 0.1899414 0.6064453 0.09863281 0.4248047 0.09863281 0.6044922 0.09863281 0.4248047 0.1083984 0.4165039 0.09863281 0.6044922 0.1494141 0.6044922 0.1396484 0.6123047 0.1494141 0.4248047 0.1494141 0.6044922 0.1396484 0.6123047 0.1396484 0.4165039 0.1494141 0.4248047 0.2006836 0 0.3999023 0 0.3999023 0 0.3999023 0.02001953 0.2006836 0 0.2006836 0 0.2006836 0.02001953 0.3999023 0 0.3999023 0 0.3999023 0.02001953 0.2006836 0.02001953 0.2006836 0 0.09863281 0.4248047 0.09863281 0.6044922 0.1083984 0.6123047 0.1083984 0.4165039 0.09863281 0.4248047 0.09863281 0.6044922 0.1083984 0.6123047 0.1083984 0.4165039 0.1494141 0.6044922 0.1494141 0.4248047 0.1396484 0.4165039 0.1396484 0.6123047 0.1494141 0.6044922 0.1494141 0.4248047 0.1396484 0.4165039 0.1396484 0.6123047  
			<TextureCoords1>: 56 0.5009362 0.9960938 0.4970299 0.5029711 0.00390625 0.5029711 0.4970299 0.9960938 0.9940594 0.9539704 0.00390625 0.9960938 0.4760369 0.523964 0.02489926 0.523964 0.02489926 0.9751008 0.4760369 0.9751008 0.9940594 0.9960938 0.9940594 0.8697238 0.02489948 0.02693468 0.4760365 0.02693486 0.4760363 0.4780717 0.02489929 0.4780716 0.4760369 0.523964 0.02489926 0.523964 0.02489926 0.523964 0.00390625 0.5029711 0.02489926 0.9751008 0.02489926 0.9751008 0.00390625 0.9960938 0.4760369 0.9751008 0.4760369 0.9751008 0.4970299 0.9960938 0.4970299 0.5029711 0.4760369 0.523964 0.5009363 0.9578767 0.9940595 0.9578767 0.5009362 0.9157534 0.5009364 0.9539704 0.9940591 0.9157534 0.5009362 0.8315067 0.5009364 0.8697238 0.9940591 0.8315067 0.5009362 0.87363 0.5009364 0.9118471 0.9940594 0.9118471 0.9940591 0.87363 0.02489948 0.02693468 0.4760365 0.02693486 0.4970295 0.005941629 0.003906287 0.005941629 0.4760365 0.02693486 0.4760363 0.4780717 0.4970295 0.4990647 0.4970295 0.005941629 0.4760363 0.4780717 0.02489929 0.4780716 0.00390625 0.4990647 0.4970295 0.4990647 0.02489929 0.4780716 0.02489948 0.02693468 0.003906287 0.005941629 0.00390625 0.4990647  
			<Normals>: 56 1 0 0 0 1 0 0 1 0 0 1 0 0 0 -1 0 1 0 0 1 0 0 1 0 0 1 0 0 1 0 1 0 0 -1 0 0 0 -1 0 0 -1 0 0 -1 0 0 -1 0 0 1 0 0 1 0 0 1 0 0 1 0 0 1 0 0 1 0 0 1 0 0 1 0 0 1 0 0 1 0 0 1 0 0 1 0 1 0 0 1 0 0 0 0 -1 0 0 -1 0 0 -1 -1 0 0 -1 0 0 -1 0 0 0 0 1 0 0 1 0 0 1 0 0 1 0 -1 0 0 -1 0 0 -1 0 0 -1 0 0 -1 0 0 -1 0 0 -1 0 0 -1 0 0 -1 0 0 -1 0 0 -1 0 0 -1 0 0 -1 0 0 -1 0 0 -1 0 0 -1 0  
			<Tangents>: 56 0 -4.470348E-08 -1 0.9999913 0 0.004170364 0.9981224 0 -0.06125085 0.9999956 0 -0.002974957 1 0 0 -0.06125086 0 -0.9981224 -1 0 0 -1 0 0 -1 0 0 -1 0 0 0 -4.293256E-08 -1 0 4.293256E-08 1 -1 0 0 -1 0 0 -1 0 0 -1 0 0 0.9999956 0 0.002962543 0.9978515 0 -0.06551681 0.002962296 0 -0.9999956 0.004170113 0 -0.9999913 -0.06551681 0 -0.9978515 0.9981123 0 0.06141635 0.9980371 0 0.06262519 0.9999737 0 -0.0072613 0.0614166 0 -0.9981122 0.06262545 0 -0.9980371 -0.002974943 0 -0.9999956 -0.0072613 0 -0.9999737 0 -4.461177E-08 -1 0 -4.284084E-08 -1 1 0 0 1 0 0 1 0 0 0 4.461177E-08 1 0 4.470348E-08 1 0 4.284084E-08 1 -1 0 0 -1 0 0 -1 0 0 -1 0 0 0.9999956 0 0.00296279 0.9978515 0 -0.06551681 0.9981224 0 -0.06125083 0.9999913 0 0.004170616 0.002962296 0 -0.9999956 -0.06551681 0 -0.9978515 -0.06125086 0 -0.9981224 0.004170113 0 -0.9999913 0.9981123 0 0.06141635 0.9999737 0 -0.0072613 0.9999956 0 -0.002974957 0.9980371 0 0.06262519 0.06141659 0 -0.9981122 -0.007261299 0 -0.9999737 -0.002974942 0 -0.9999956 0.06262544 0 -0.9980371  
			<BiTangents>: 56 0 1 -4.470348E-08 -0.004170364 0 0.9999913 0.06125085 0 0.9981224 0.002974957 0 0.9999956 0 1 0 0.9981224 0 -0.06125086 0 0 -1 0 0 -1 0 0 -1 0 0 -1 0 1 -4.293256E-08 0 1 -4.293256E-08 0 0 -1 0 0 -1 0 0 -1 0 0 -1 -0.002962543 0 0.9999956 0.06551681 0 0.9978515 0.9999956 0 0.002962296 0.9999913 0 0.004170113 0.9978515 0 -0.06551681 -0.06141635 0 0.9981123 -0.06262519 0 0.9980371 0.0072613 0 0.9999737 0.9981122 0 0.0614166 0.9980371 0 0.06262545 0.9999956 0 -0.002974943 0.9999737 0 -0.0072613 0 1 -4.461177E-08 0 1 -4.284084E-08 0 1 0 0 1 0 0 1 0 0 1 -4.461177E-08 0 1 -4.470348E-08 0 1 -4.284084E-08 0 1 0 0 1 0 0 1 0 0 1 0 -0.00296279 0 0.9999956 0.06551681 0 0.9978515 0.06125083 0 0.9981224 -0.004170616 0 0.9999913 0.9999956 0 0.002962296 0.9978515 0 -0.06551681 0.9981224 0 -0.06125086 0.9999913 0 0.004170113 -0.06141635 0 0.9981123 0.0072613 0 0.9999737 0.002974957 0 0.9999956 -0.06262519 0 0.9980371 0.9981122 0 0.06141659 0.9999737 0 -0.007261299 0.9999956 0 -0.002974942 0.9980371 0 0.06262544  
			<SubMeshes>: 1
				<SubMesh>: 0 84 9 6 7 9 7 8 16 1 2 16 2 17 18 19 5 18 5 20 21 22 3 21 3 23 24 25 26 24 26 27 15 14 13 15 13 12 28 0 10 28 10 29 30 31 4 30 4 32 33 34 11 33 11 35 36 37 38 36 38 39 40 41 42 40 42 43 44 45 46 44 46 47 48 49 50 48 50 51 52 53 54 52 54 55  
		</Mesh>
		<Materials>: 1
			<Material>: 0
				<AlbedoColor>: 1 1 1 1
				<EmissiveColor>: 0 0 0 0
				<Glossiness>: 0.04
				<Metallic>: 0
				<SpecularHighlight>: 1
				<GlossyReflection>: 1
				<AlbedoMap>: BLD_Villa2_A
				<MetallicMap>: BLD_Villa2_MS
				<NormalMap>: BLD_Villa2_N
				<EmissionMap>: null
				<DetailAlbedoMap>: DET_Concrete1_A
				<DetailNormalMap>: DET_Concrete1_N
		</Materials>
		<Children>: 0
	</Frame>
</Hierarchy>
