<Hierarchy>:
	<Frame>: 0 5 Villa2_Deco_RoofPiece_D
		<Transform>: 0 0 0 0 0 0 1 1 1 0 0 0 1  
		<TransformMatrix>: 1 0 0 0 0 1 0 0 0 0 1 0 0 0 0 1  
		<BoxCollider>: 1 -0.001966715 1.604085 2.096468 12.49445 3.804839 4.207064  
		<Mesh>: 230 Villa2_Deco_RoofPiece_D
			<Bounds>: -0.001966715 1.604085 2.096468 6.247224 1.902419 2.103532
			<Positions>: 230 -6 0.2000002 4.049833 4.641068E-07 3.4 4.049833 6 0.2000002 4.049833 -6 0.21 0.0010006 6 0.21 0.0009993926 -1.398764E-07 3.41 0.0009998573 6 -0.2949998 4.049833 -6 -0.2974986 4.049833 5.99618 -0.2974988 0.004320017 -6 -0.295 0.001000634 -1.97176 2.358395 0.001000101 -1.97176 2.348395 4.049833 -1.972837 -0.2974988 0.0005001126 -1.985881 -0.2974986 4.049833 -1.971761 0.2000002 4.049833 -1.971761 0.21 0.001000194 2.011266 -0.2974988 0.0004999155 1.996446 0.2000002 4.049833 1.996446 2.335229 4.049833 1.996446 -0.2949998 4.049833 1.996445 2.345229 0.0009997027 1.996446 0.21 0.0009997953 5.566586 -0.08804861 4.043766 -0.003744344 2.940084 4.043766 -5.574076 -0.08804795 4.043766 -5.574076 -0.2983339 4.043766 5.566586 -0.2983345 4.043766 5.990037 0.2028515 4.043766 -0.003744331 3.453916 4.043766 -5.994635 0.2028522 4.043766 5.990037 -0.2983346 4.043766 -5.994635 -0.2983339 4.043766 -0.003744345 3.222532 4.139746 5.781421 0.05740148 4.139746 -5.78891 0.05740216 4.139746 5.781421 -0.2983345 4.139746 -5.78891 -0.2983339 4.139746 5.990037 0.2028515 3.935907 -0.003744323 3.453916 3.935907 -5.994635 0.2028522 3.935907 5.990037 -0.2983346 3.935907 -5.994635 -0.2983339 3.935907 -0.1962536 3.206062 3.899963 -0.1962537 3.406062 3.899963 0.2037463 3.206062 3.899963 0.2037463 3.406062 3.899963 -0.1962535 3.206062 -0.007064509 -0.1962535 3.406062 -0.007064521 0.2037465 3.206062 -0.007064492 0.2037465 3.406062 -0.007064504 -0.1335428 3.441293 3.899963 0.1410354 3.441293 3.899963 0.003746322 3.481335 3.899963 -0.1335427 3.206062 3.899963 0.1410355 3.206062 3.899963 0.003746348 3.206062 3.899963 0.1410355 3.441293 -0.007064509 -0.1335426 3.441293 -0.007064521 0.003746493 3.481335 -0.007064517 0.1410356 3.206062 -0.007064495 -0.1335425 3.206062 -0.007064507 0.003746511 3.206062 -0.007064501 -6.240001 0.179136 4.2 4.748352E-07 3.489136 4.2 6.24 0.179136 4.2 -6.240001 0.1791359 3.900001 6.24 0.179136 3.9 4.521859E-07 3.489136 3.9 -6.142862 -0.03284624 4.2 4.879486E-07 3.200001 4.2 6.152862 -0.01284623 4.2 -6.142862 -0.03284627 3.900001 6.152862 -0.01284623 3.9 4.652993E-07 3.200001 3.9 -6.1 0.2000002 4 4.641068E-07 3.4 4 6.1 0.2000002 4 -6.1 0.2 6.027908E-07 6.1 0.2 -6.202752E-07 -1.398764E-07 3.4 -1.486187E-07 -6.062862 0.1071538 4 4.684779E-07 3.3 4 6.062862 0.1071538 4 -6.062862 0.1071535 6.040455E-07 6.062862 0.1071535 -6.13413E-07 -1.355053E-07 3.3 -1.442476E-07 6.245256 0.1903852 4.004888 6.245257 0.1903853 4.095112 -6.24919 0.1959952 4.094283 -6.24919 0.1959951 4.005717 4.668254E-07 3.506504 4.094745 4.603062E-07 3.506504 4.005255 6.152862 -0.01284623 4.091083 6.152862 -0.01284623 4.008916 -6.142862 -0.03284624 4.009293 -6.142862 -0.03284624 4.090708 4.798781E-07 3.200001 4.091083 4.737823E-07 3.200001 4.008917 -6.046343 0.2254875 4 -6.046343 0.2254872 5.934734E-07 -6.009703 0.1325451 4 -6.009704 0.1325448 5.947699E-07 6.035417 0.2299288 -6.119506E-07 6.035417 0.2299291 4 5.998864 0.1369697 -6.051276E-07 5.998864 0.13697 4 3.017708 1.814965 -3.802847E-07 3.017709 1.814965 4 2.999432 1.718485 -3.746876E-07 2.999432 1.718485 4 -3.023171 1.812744 4 -3.004851 1.716273 4 -3.023172 1.812744 2.224273E-07 -3.004852 1.716273 2.252611E-07 -6 -0.295 0.001000634 -6 0.21 0.0010006 6 0.2000002 4.049833 6 -0.2949998 4.049833 -6 0.2000002 4.049833 -6 -0.2974986 4.049833 6 0.21 0.0009993926 5.99618 -0.2974988 0.004320017 -5.994635 -0.2983339 4.043766 -5.994635 0.2028522 4.043766 5.990037 0.2028515 4.043766 5.990037 -0.2983346 4.043766 -5.994635 0.2028522 4.043766 -0.003744331 3.453916 4.043766 -5.994635 0.2028522 3.935907 -0.003744331 3.453916 4.043766 5.990037 0.2028515 4.043766 5.990037 0.2028515 3.935907 -0.003744323 3.453916 3.935907 0.2037465 3.406062 -0.007064504 0.2037465 3.206062 -0.007064492 -0.1962535 3.406062 -0.007064521 -0.1962537 3.406062 3.899963 -0.1962537 3.406062 3.899963 -0.1962536 3.206062 3.899963 -0.1335428 3.441293 3.899963 0.1410355 3.441293 -0.007064509 0.2037463 3.406062 3.899963 0.2037465 3.406062 -0.007064504 -0.1335426 3.441293 -0.007064521 -0.1962535 3.206062 -0.007064509 -0.1962535 3.406062 -0.007064521 0.003746493 3.481335 -0.007064517 0.1410354 3.441293 3.899963 0.003746322 3.481335 3.899963 0.2037463 3.206062 3.899963 0.2037463 3.406062 3.899963 2.999432 1.718485 -3.746876E-07 -1.355053E-07 3.3 -1.442476E-07 6.1 0.2000002 4 6.1 0.2 -6.202752E-07 -6.1 0.2 6.027908E-07 -6.1 0.2000002 4 -6.046343 0.2254872 5.934734E-07 -6.062862 0.1071535 6.040455E-07 -6.1 0.2 6.027908E-07 -6.142862 -0.03284624 4.2 -6.240001 0.179136 4.2 6.24 0.179136 4.2 6.152862 -0.01284623 4.2 6.152862 -0.01284623 3.9 6.24 0.179136 3.9 6.152862 -0.01284623 4.008916 4.652993E-07 3.200001 3.9 6.152862 -0.01284623 3.9 6.152862 -0.01284623 4.2 4.879486E-07 3.200001 4.2 6.152862 -0.01284623 4.091083 -6.142862 -0.03284627 3.900001 -6.142862 -0.03284624 4.009293 -6.142862 -0.03284624 4.090708 -6.142862 -0.03284624 4.2 -6.24919 0.1959952 4.094283 -6.240001 0.179136 4.2 4.748352E-07 3.489136 4.2 4.521859E-07 3.489136 3.9 -6.240001 0.1791359 3.900001 -6.24919 0.1959951 4.005717 6.24 0.179136 4.2 6.245257 0.1903853 4.095112 6.245256 0.1903852 4.004888 6.24 0.179136 3.9 -6.240001 0.1791359 3.900001 -6.142862 -0.03284627 3.900001 -3.004852 1.716273 2.252611E-07 -6.062862 0.1071535 6.040455E-07 -6.009704 0.1325448 5.947699E-07 -6.062862 0.1071538 4 -3.023172 1.812744 2.224273E-07 -6.046343 0.2254872 5.934734E-07 -6.046343 0.2254875 4 6.1 0.2 -6.202752E-07 6.062862 0.1071535 -6.13413E-07 6.035417 0.2299288 -6.119506E-07 6.062862 0.1071538 4 5.998864 0.1369697 -6.051276E-07 6.062862 0.1071535 -6.13413E-07 6.035417 0.2299291 4 6.035417 0.2299288 -6.119506E-07 3.017708 1.814965 -3.802847E-07 -1.398764E-07 3.4 -1.486187E-07 -0.003744345 3.222532 4.139746 -0.003744331 3.453916 4.043766 -0.003744344 2.940084 4.043766 4.652993E-07 3.200001 3.9 4.521859E-07 3.489136 3.9 -1.355053E-07 3.3 -1.442476E-07 4.684779E-07 3.3 4 4.748352E-07 3.489136 4.2 4.879486E-07 3.200001 4.2 4.652993E-07 3.200001 3.9 4.737823E-07 3.200001 4.008917 4.798781E-07 3.200001 4.091083 4.879486E-07 3.200001 4.2 4.748352E-07 3.489136 4.2 4.668254E-07 3.506504 4.094745 4.603062E-07 3.506504 4.005255 4.521859E-07 3.489136 3.9 3.017709 1.814965 4 3.017708 1.814965 -3.802847E-07 -1.398764E-07 3.4 -1.486187E-07 -3.023172 1.812744 2.224273E-07 -3.023171 1.812744 4 4.641068E-07 3.4 4 -1.398764E-07 3.4 -1.486187E-07 -1.355053E-07 3.3 -1.442476E-07  
			<Colors>: 0  
			<TextureCoords0>: 230 0.4072266 0.6743164 0.6899414 0.8295898 0.4179688 0.9746094 0.5683594 0.6743164 0.5683594 0.6743164 0.7036133 0.8383789 0.4072266 0.6948242 0.4072266 0.6948242 0.5683594 0.6948242 0.5683594 0.6948242 0.7827212 0.8768898 0.7793189 0.8772472 0.7804265 0.9868164 0.7793189 0.9970703 0.7793189 0.9746094 0.7804265 0.9555664 0.6189597 0.9868164 0.599445 0.9746094 0.599445 0.8778438 0.599445 0.9970703 0.6212404 0.877372 0.6189597 0.9555664 0.5336914 0.7993164 0.8793945 0.7993164 0.5332031 0.7993164 0.5185547 0.7993164 0.5195313 0.7993164 0.5336914 0.8203125 0.8793945 0.8203125 0.5332031 0.8203125 0.5195313 0.8203125 0.5185547 0.8203125 0.8793945 0.8100586 0.5336914 0.8100586 0.5332031 0.8100586 0.5195313 0.8100586 0.5185547 0.8100586 0.4165039 0.9780273 0.6669922 0.8779297 0.9174805 0.9780273 0.4165039 0.9936523 0.9174805 0.9936523 0.4155273 0.6210938 0.4155273 0.625 0.4155273 0.6201172 0.4155273 0.6152344 0.5234375 0.6210938 0.5234375 0.625 0.5234375 0.6201172 0.5234375 0.6152344 0.4155273 0.623469 0.4155273 0.6167654 0.4155273 0.6201172 0.4716797 0.652832 0.4545898 0.652832 0.4628906 0.652832 0.4511719 0.6450195 0.5234375 0.623469 0.5234375 0.6201172 0.4511719 0.6552734 0.4389648 0.6552734 0.4458008 0.6552734 0.4047852 0.6386719 0.597168 0.6386719 0.4047852 0.6386719 0.4047852 0.6386719 0.4047852 0.6386719 0.597168 0.6386719 0.4047852 0.6289063 0.597168 0.6289063 0.4047852 0.6289063 0.4047852 0.6289063 0.4047852 0.6289063 0.597168 0.6289063 0.6005859 0.5478516 0.4086914 0.5634766 0.6005859 0.5478516 0.6005859 0.4213867 0.6005859 0.4213867 0.5991211 0.6523438 0.5864258 0.6318359 0.5854492 0.5673828 0.5864258 0.6411133 0.3994141 0.6318359 0.3994141 0.6411133 0.5854492 0.421875 0.5019531 0.6323242 0.5112305 0.6323242 0.484375 0.6489258 0.484375 0.6401367 0.5693359 0.6210938 0.5693359 0.6181641 0.5107422 0.6552734 0.5024414 0.6552734 0.5102539 0.6401367 0.5102539 0.6489258 0.5927734 0.6328125 0.5927734 0.6357422 0.5981445 0.5478516 0.5981445 0.4213867 0.4418933 0.5673828 0.4069103 0.6591797 0.5976563 0.4213867 0.5976563 0.5478516 0.4073658 0.6591797 0.4422334 0.5673828 0.5032434 0.6523438 0.5546875 0.5634766 0.5138413 0.421875 0.5138413 0.5673828 0.5546875 0.5634766 0.5136713 0.5673828 0.5030157 0.6523438 0.5136713 0.421875 0.9443359 0.9868164 0.9443359 0.9555664 0.4072266 0.6743164 0.4179688 0.9970703 0.9619141 0.9746094 0.9619141 0.9970703 0.4560547 0.9555664 0.4560547 0.9868164 0.9174805 0.9936523 0.9174805 0.9780273 0.4165039 0.9780273 0.4165039 0.9936523 0.9174805 0.9780273 0.6669922 0.8779297 0.9174805 0.9780273 0.6669922 0.8779297 0.4165039 0.9780273 0.4165039 0.9780273 0.6669922 0.8779297 0.4536133 0.6464844 0.4536133 0.6552734 0.5234375 0.625 0.4155273 0.625 0.4755859 0.640625 0.4755859 0.652832 0.4716797 0.6381836 0.5234375 0.6167654 0.4155273 0.6152344 0.5234375 0.6152344 0.4389648 0.6450195 0.4365234 0.6552734 0.4365234 0.6464844 0.4458008 0.6435547 0.4545898 0.6381836 0.4628906 0.6362305 0.4511719 0.652832 0.4511719 0.640625 0.5032434 0.6591797 0.5991211 0.6591797 0.5864258 0.6362305 0.3994141 0.6362305 0.3994141 0.6362305 0.5864258 0.6362305 0.4069103 0.6523438 0.4042969 0.6591797 0.4042969 0.6523438 0.5102539 0.6601563 0.4863281 0.6601563 0.5224609 0.6337891 0.5224609 0.6552734 0.4912109 0.6552734 0.4912109 0.6337891 0.4013672 0.6357422 0.5927734 0.6411133 0.4013672 0.6411133 0.4013672 0.6279297 0.5927734 0.6279297 0.4013672 0.6328125 0.4013672 0.6411133 0.4013672 0.6357422 0.4013672 0.6328125 0.4013672 0.6279297 0.3994141 0.6210938 0.3994141 0.625 0.5693359 0.625 0.5693359 0.6147461 0.3994141 0.6147461 0.3994141 0.6181641 0.3994141 0.625 0.3994141 0.6210938 0.3994141 0.6181641 0.3994141 0.6147461 0.4863281 0.6289063 0.5102539 0.6289063 0.5030157 0.6591797 0.4399414 0.421875 0.4418933 0.421875 0.4399414 0.5673828 0.5546875 0.4213867 0.4086914 0.4213867 0.4086914 0.5634766 0.4042969 0.6523438 0.4042969 0.6591797 0.4073658 0.6523438 0.4399414 0.5673828 0.4422334 0.421875 0.4399414 0.421875 0.4086914 0.5634766 0.4086914 0.4213867 0.5546875 0.4213867 0.4086914 0.4213867 0.8793945 0.8100586 0.8793945 0.8203125 0.8793945 0.7993164 0.597168 0.6289063 0.597168 0.6386719 0.5854492 0.421875 0.5854492 0.5673828 0.597168 0.6386719 0.597168 0.6289063 0.5927734 0.6411133 0.5927734 0.6357422 0.5927734 0.6328125 0.5927734 0.6279297 0.5693359 0.625 0.5693359 0.6210938 0.5693359 0.6181641 0.5693359 0.6147461 0.5546875 0.5634766 0.5546875 0.4213867 0.4086914 0.4213867 0.5546875 0.4213867 0.5546875 0.5634766 0.4086914 0.5634766 0.5991211 0.6523438 0.5991211 0.6591797  
			<TextureCoords1>: 230 0.7123591 0.9443196 0.7382617 0.4941581 0.9753664 0.6207094 0.5523323 0.9443196 0.7123587 0.9203544 0.7382162 0.3437161 0.5523323 0.940314 0.7124076 0.9639827 0.7122275 0.9404134 0.5523816 0.9642792 0.8161482 0.3852799 0.6603167 0.5356976 0.8161908 0.4902515 0.6597261 0.6402738 0.6602903 0.6206108 0.8161482 0.4701931 0.6587229 0.4902515 0.8171298 0.6206597 0.8171562 0.5362669 0.8171238 0.6402241 0.6593086 0.3858002 0.6593086 0.4701931 0.4713819 0.346572 0.2472001 0.2348326 0.02302704 0.3465658 0.02210383 0.3548455 0.4722911 0.3548455 0.4884014 0.3330997 0.2471999 0.2131655 0.006121819 0.3330939 0.4905884 0.3528285 0.00390625 0.3528055 0.2472027 0.2230884 0.4800005 0.33984 0.0144016 0.3398131 0.4815488 0.3538282 0.01283461 0.353809 0.8813061 0.9882352 0.5565174 0.9800442 0.837782 0.9882352 0.8614972 0.9882352 0.8575909 0.9882352 0.7067539 0.8955514 0.7067539 0.9164481 0.8298262 0.9800442 0.8298262 0.9721394 0.5523324 0.8955514 0.5523323 0.9164481 0.9842477 0.9800442 0.9842478 0.9721394 0.7067539 0.9136052 0.7067541 0.9023006 0.706754 0.9079529 0.5548109 0.8837403 0.5656634 0.8837403 0.5602372 0.8837403 0.5548109 0.8596568 0.5523323 0.9136052 0.5523324 0.9079528 0.5548109 0.8689542 0.5656634 0.8689541 0.5602372 0.8689542 0.00390625 0.489175 0.2507488 0.3587518 0.4971657 0.4899774 0.4971657 0.6318892 0.00390625 0.6326915 0.2503231 0.5014659 0.007731921 0.4975597 0.2507302 0.3701795 0.4937093 0.4975597 0.49334 0.6402738 0.007362629 0.6402738 0.2503417 0.5128937 0.5484261 0.8061827 0.2761668 0.806183 0.00390625 0.806183 0.5484261 0.964279 0.003906254 0.9642791 0.2450029 0.07911265 0.9958782 0.9960938 0.2747345 0.6441802 0.5643727 0.9879245 0.8377821 0.9960938 0.722469 0.9879245 0.2747344 0.8022764 0.560044 0.8314643 0.556478 0.8314643 0.5600114 0.8441942 0.5565109 0.8441944 0.2821887 0.9918015 0.2821908 0.9882827 0.5566372 0.8402879 0.5598847 0.8402879 0.5566526 0.8541677 0.5598704 0.8541676 0.2782672 0.9724919 0.2782671 0.9757394 0.5460783 0.8061827 0.5460783 0.9642789 0.00623471 0.6441801 0.4825307 0.2082556 0.006719622 0.9642792 0.006719631 0.806183 0.007903562 0.2080808 0.5427737 0.6441802 0.1257309 0.1417596 0.1414432 0.806183 0.408754 0.8022764 0.4087541 0.6441802 0.4111226 0.8061829 0.1404846 0.6441802 0.3644909 0.1418474 0.1404846 0.8022763 0.9753606 0.4901527 0.9753605 0.4701931 0.5523325 0.9207496 0.9753603 0.6402738 0.501078 0.6205613 0.501072 0.6402245 0.501072 0.4701931 0.5012228 0.4902519 0.8575909 0.9839721 0.837782 0.9839721 0.8813061 0.9839721 0.8614972 0.9839721 0.8259199 0.9757812 0.5565174 0.9757812 0.8259199 0.9800442 0.5643727 0.9960938 0.8338758 0.9960938 0.8338758 0.9918308 0.5643727 0.9918307 0.5523323 0.8610494 0.5523323 0.8689542 0.5523323 0.8876466 0.7067538 0.8876466 0.5523323 0.8758355 0.5523323 0.8837403 0.5548109 0.874443 0.5523325 0.9023006 0.7067541 0.8994576 0.5523325 0.8994576 0.5656634 0.8596568 0.568142 0.8689541 0.568142 0.8610494 0.5602372 0.8580742 0.5656634 0.874443 0.5602372 0.8728604 0.568142 0.8837403 0.568142 0.8758355 0.1264533 0.1455729 0.2450029 0.08306503 0.5643728 0.9839721 0.722469 0.9839721 0.837782 0.9921414 0.9958782 0.9921414 0.4839789 0.2045822 0.4846317 0.2092592 0.4860996 0.2055896 0.5641901 0.8541675 0.5641901 0.8449513 0.5523323 0.831955 0.5523323 0.8402879 0.5641896 0.8402879 0.5641896 0.831955 0.5526109 0.9757378 0.2782671 0.9800442 0.552611 0.9800426 0.5526111 0.9681854 0.2782672 0.968187 0.5526111 0.9724903 0.00390625 0.9800426 0.003906281 0.975723 0.003906486 0.9725051 0.003906514 0.9681854 0.00390625 0.9917573 0.003915855 0.9960938 0.2821886 0.9959877 0.2821915 0.9840965 0.003917955 0.9839505 0.003907149 0.9881834 0.5604636 0.9960938 0.5604405 0.9919328 0.5604414 0.9882919 0.5604665 0.9840292 0.5523323 0.8449518 0.5523329 0.854168 0.3637668 0.1456603 0.00390625 0.8022764 0.00623468 0.8022763 0.00390625 0.6441801 0.4111226 0.9642791 0.5460783 0.9642789 0.5460783 0.8061827 0.00390625 0.2055896 0.005374096 0.2092593 0.006458852 0.2044067 0.5455642 0.6441802 0.5427737 0.8022764 0.5455642 0.8022765 0.006719631 0.806183 0.006719622 0.9642792 0.1414432 0.9642792 0.2761669 0.9642792 0.2472027 0.2230884 0.2471999 0.2131655 0.2472001 0.2348326 0.2503417 0.5128937 0.2503231 0.5014659 0.2747344 0.8022764 0.2747345 0.6441802 0.2507488 0.3587518 0.2507302 0.3701795 0.2782671 0.9800442 0.2782671 0.9757394 0.2782672 0.9724919 0.2782672 0.968187 0.2821886 0.9959877 0.2821887 0.9918015 0.2821908 0.9882827 0.2821915 0.9840965 0.1414432 0.806183 0.1414432 0.9642792 0.2761669 0.9642792 0.4111226 0.9642791 0.4111226 0.8061829 0.2761668 0.806183 0.2450029 0.07911265 0.2450029 0.08306503  
			<Normals>: 230 -1 0 0 0 0 1 0 0 1 -1 0 0 0.9999927 -0.003784383 -0.0004577883 0 0 -1 0.9999927 -0.003784383 -0.0004577883 -1 0 0 0.9999927 -0.003784383 -0.0004577883 -1 0 0 0 0 -1 0 0 1 -3.051943E-05 0.0007324664 -0.9999998 0 0 1 0 0 1 0 0.0003662333 -1 0.000213636 -0.0009155829 -0.9999996 0 0 1 0 0 1 0 0 1 0 0 -1 9.155831E-05 -0.0004272721 -0.9999999 -0.302169 -0.1624223 0.9393151 0.1782608 -0.3268572 0.9281096 0.302169 -0.1624223 0.9393151 0.4078849 0 0.9130334 -0.4078849 0 0.9130334 0.7455161 0.4499404 0.4916902 0.4262589 0.7851319 0.4493008 -0.7459252 0.450253 0.4907829 0.8420163 0 0.539452 -0.8434566 0 0.5371974 0.0686367 0.1261646 0.989632 0.1150258 0.05981709 0.9915598 -0.1172553 0.0598179 0.9912986 0.005493417 0 0.999985 -0.008179187 0 0.9999666 0.8593 0.5114721 0 -0.4769565 0.8789269 0 -0.8593561 0.5113776 0 1 0 0 -1 0 0 -1 0 0 -0.8630829 0.5050622 0 1 0 0 0.8630829 0.5050622 0 -1 0 0 -0.8630829 0.5050622 0 1 0 0 0.8630829 0.5050622 0 -0.3874047 0.9219097 0 0.3874047 0.9219097 0 0 1 0 0 0 1 0 0 1 0 0 1 0 0 -1 -0.3874047 0.9219097 0 0 1 0 0 0 -1 0 0 -1 0 0 -1 -0.2978972 0.5619791 0.7716455 -0.3603773 0.6798581 0.638687 0.3024435 0.5698817 0.7640437 -0.2978972 0.5619791 -0.7716455 0.3024435 0.5698817 -0.7640437 -0.3603773 0.6798581 -0.638687 0.3350962 -0.6367438 0.6944549 0.2827969 -0.5373629 0.7945232 -0.3330876 -0.6378838 0.6943751 0.3350962 -0.6367438 -0.6944549 -0.3330876 -0.6378838 -0.6943751 0.2827969 -0.5373629 -0.7945232 -0.9310864 0.3647986 0 0.4649966 0.8853126 0 0.9293414 0.3692218 0 -0.7580032 0.2969815 -0.5807177 0.7569202 0.300711 -0.5802109 0 0 -1 -0.3637905 -0.9314807 0 -0.4663979 -0.884575 0 0.3682683 -0.9297196 0 -0.2978992 -0.7627392 -0.5740077 0.3014347 -0.7609876 -0.5744869 -0.2831574 -0.5370163 -0.7946291 0.910402 -0.4137248 -0.0002746771 0.910402 -0.4137248 0.0002746771 -0.9073914 -0.4202774 0.002807749 -0.9073914 -0.4202774 -0.002807749 -0.4667602 0.8808444 0.07904466 -0.4667602 0.8808444 -0.07904466 0.9104072 -0.4137133 0.0003051883 0.9104072 -0.4137133 -0.0003051883 -0.9074026 -0.420252 -0.002929862 -0.9074026 -0.420252 0.002929862 -0.4628559 -0.8864335 0 -0.4628559 -0.8864335 0 -0.4470427 0.8945127 0 -0.4470427 0.8945127 0 0.4487267 -0.8936691 0 0.3192597 -0.6358337 -0.702701 0.4428624 0.8965896 0 0.4428624 0.8965896 0 -0.3167273 -0.6383072 -0.7016038 -0.444477 -0.8957902 0 0 0 -1 0.4649966 0.8853126 0 -0.3297921 -0.6254941 -0.7071028 -0.4663979 -0.884575 0 -0.4648393 0.8853951 0 0.4662407 -0.884658 0 0 0 -1 0.3296979 -0.6255501 -0.7070972 -6.103887E-05 0.000488311 -0.9999999 -3.051944E-05 0.0003662333 -1 0.9999927 -0.003784383 -0.0004577883 0 0 1 0 0 1 0 0 1 0.0003357131 -0.002105837 -0.9999977 0.0004577899 -0.002746739 -0.9999962 -0.8434566 0 0.5371974 -0.7459252 0.450253 0.4907829 0.7455161 0.4499404 0.4916902 0.8420163 0 0.539452 -0.7459252 0.450253 0.4907829 -0.4265055 0.7852584 0.4488455 -0.8593561 0.5113776 0 0.4262589 0.7851319 0.4493008 0.7455161 0.4499404 0.4916902 0.8593 0.5114721 0 0.4767767 0.8790245 0 0 0 -1 0 0 -1 -0.8630829 0.5050622 0 -0.8630829 0.5050622 0 0 0 1 0 0 1 0 0 1 0.3874047 0.9219097 0 0.8630829 0.5050622 0 0.8630829 0.5050622 0 0 0 -1 0 0 -1 0 0 -1 0 0 -1 0 0 1 0 0 1 0 0 1 0 0 1 -0.3297921 -0.6254941 -0.7071028 -0.2831574 -0.5370163 -0.7946291 0.9293414 0.3692218 0 0.7569202 0.300711 -0.5802109 -0.7580032 0.2969815 -0.5807177 -0.9310864 0.3647986 0 0 0 -1 -0.2978992 -0.7627392 -0.5740077 -0.7580032 0.2969815 -0.5807177 -0.9079238 -0.4190934 0.005920778 -0.9079238 -0.4190934 0.005920778 0.9104635 -0.413589 0.0006103734 0.9104635 -0.413589 0.0006103734 0.9104635 -0.413589 -0.0006103734 0.9104635 -0.413589 -0.0006103734 -0.4628559 -0.8864335 0 -0.2813568 -0.538817 -0.7940494 -0.3330876 -0.6378838 -0.6943751 -0.3330876 -0.6378838 0.6943751 -0.2813287 -0.5388217 0.7940562 -0.4628559 -0.8864335 0 0.3350962 -0.6367438 -0.6944549 0.4657213 -0.8849315 0 0.4657213 -0.8849315 0 0.3350962 -0.6367438 0.6944549 -0.4667023 0.8806976 0.08099843 -0.2978972 0.5619791 0.7716455 -0.3603773 0.6798581 0.638687 -0.3603773 0.6798581 -0.638687 -0.2978972 0.5619791 -0.7716455 -0.4667023 0.8806976 -0.08099843 0.3024435 0.5698817 0.7640437 0.4678564 0.8813585 0.06570743 0.4678564 0.8813585 -0.06570743 0.3024435 0.5698817 -0.7640437 -0.9079238 -0.4190934 -0.005920778 -0.9079238 -0.4190934 -0.005920778 0.3296979 -0.6255501 -0.7070972 -0.2978992 -0.7627392 -0.5740077 0.3192597 -0.6358337 -0.702701 -0.3637905 -0.9314807 0 -0.4648393 0.8853951 0 -0.4470427 0.8945127 0 -0.4470427 0.8945127 0 0.7569202 0.300711 -0.5802109 0.3014347 -0.7609876 -0.5744869 0 0 -1 0.3682683 -0.9297196 0 -0.3167273 -0.6383072 -0.7016038 0.3014347 -0.7609876 -0.5744869 0.4428624 0.8965896 0 0.4428624 0.8965896 0 0.4649966 0.8853126 0 0.4649966 0.8853126 0 -0.06903377 0.1268671 0.9895146 -0.4265055 0.7852584 0.4488455 -0.1782608 -0.3268572 0.9281096 -0.2813568 -0.538817 -0.7940494 0.3668992 0.6913465 -0.6224347 0.2830708 -0.5370867 -0.7946124 0.4662407 -0.884658 0 0.3668992 0.6913465 0.6224347 -0.2813287 -0.5388217 0.7940562 0.2827969 -0.5373629 -0.7945232 0.4657213 -0.8849315 0 0.4657213 -0.8849315 0 0.2827969 -0.5373629 0.7945232 0.3668992 0.6913465 0.6224347 0.4679201 0.8814549 0.06393768 0.4679201 0.8814549 -0.06393768 0.3668992 0.6913465 -0.6224347 0.4649966 0.8853126 0 0.4649966 0.8853126 0 -0.4648393 0.8853951 0 -0.4648393 0.8853951 0 -0.4648393 0.8853951 0 -0.4648393 0.8853951 0 0 0 -1 0.2830708 -0.5370867 -0.7946124  
			<Tangents>: 230 0 0.002469794 -0.999997 -1 5.911711E-09 0 -1 0 0 0 0.0007614933 -0.9999997 -0.000448437 0.00247149 -0.9999968 -1 -3.591195E-08 0 -0.0004601361 -0.000619535 -0.9999997 0 0.002323393 -0.9999973 -0.0004493405 0.002232823 -0.9999974 0 0.000617108 -0.9999998 -1 -2.210516E-08 0 -1 -3.938474E-09 0 -0.9999999 0.0003129463 3.074866E-05 -0.9999999 -0.0003056446 0 -1 -5.481167E-05 0 -1 8.168782E-05 2.99146E-08 -1 -1.601553E-07 -0.000213636 -1 7.607526E-09 0 -1 5.903667E-08 0 -1 -2.479605E-05 0 -1 8.956491E-08 0 -1 -3.555457E-08 -9.15583E-05 -0.8196782 0.5473133 -0.1690439 0.878483 0.4777734 -0.0004691322 0.8178903 0.5503168 -0.1679494 0 1 0 0 1 0 -0.6075889 0.7620354 0.2239149 -0.8788703 0.4770607 0.0001573941 0.6077229 0.7616311 0.2249244 0 1 0 0 1 0 -0.8783737 0.4779745 -1.492854E-05 -0.8543395 0.5152443 0.06802482 0.853999 0.515557 0.06990463 0 1 0 0 1 0 0 0 1 0 0 1 0 0 1 0 1 0 0 1 0 0 0 -1 1.070178E-08 1.828789E-08 -1 0 0 -1 1.070178E-08 -1.828789E-08 -1 0 0 -1 1.454774E-08 2.48601E-08 -1 0 0 -1 1.070178E-08 -1.828789E-08 -1 3.693055E-08 1.551895E-08 -1 2.269073E-08 -9.535094E-09 -1 3.544138E-08 0 -1 -0.9999605 -0.008891065 0 -1 0 0 -0.9999553 0.009456731 0 0.9990952 -0.04253021 0 4.862299E-08 2.043234E-08 -1 5.133129E-08 0 -1 0.9999428 -0.01069717 0 1 0 0 0.9999672 0.008097543 0 0.8843492 0.4668237 0.001425451 0.8834893 0.4684514 -0.0001424636 -0.8833686 0.4686789 0.0001015605 0.8834625 0.4685017 0.0001389249 -0.8850914 0.4654061 -0.00322463 0.884092 0.4673108 -0.00141171 0.8849346 0.4657153 4.536563E-06 0.8839876 0.4675077 0.001551081 -0.8850062 0.4655685 0.003159703 0.8842174 0.4670729 -0.001595355 -0.8864269 0.4628687 1.925359E-06 0.8849336 0.4657173 -3.407297E-06 -0.3647987 -0.9310864 2.034009E-09 0.8853125 -0.4649966 -3.851926E-08 0.3692217 -0.9293414 0 -0.5791261 -0.7160425 0.3897385 0.5833701 -0.7110655 0.3925113 -0.8853087 0.4650038 0 -2.019786E-08 7.888301E-09 1 -0.8845751 0.4663979 7.031259E-08 1.234498E-07 4.88993E-08 1 -0.2088252 -0.5346745 0.8188499 0.2115669 -0.5341111 0.8185138 -0.8845685 0.4664102 2.804885E-06 -0.002428974 -0.006008859 0.999979 0.003609003 0.008605501 0.9999565 0.4202829 -0.9073914 0.001782359 0.4202008 -0.9073206 0.01416394 0.8836076 0.4682283 -4.229811E-05 0.8836119 0.4682201 -7.420911E-05 0.000934962 0.002795132 0.9999956 0.0002778457 -0.0001262605 0.9999999 0.4202574 -0.9074038 -0.001489728 0.420174 -0.907333 -0.01416369 -0.8864335 0.462856 2.619015E-08 -0.8864335 0.462856 6.869677E-08 -0.8945126 -0.4470427 0 -0.8945126 -0.4470427 1.553994E-07 0.893669 0.4487267 -3.908653E-11 0.8898306 0.4562114 -0.008520721 0.8965896 -0.4428624 0 0.8965896 -0.4428624 0 -0.8906595 0.4545268 -0.01144733 -0.8957903 0.444477 0 -0.8848758 0.465827 0 -0.8853125 0.4649966 0 -0.8845733 0.4664011 -8.232411E-06 -0.8845751 0.4663979 3.515629E-08 0.8853951 0.4648393 0 0.8846579 0.4662407 -5.947416E-08 0.885094 0.4654122 0 0.8846486 0.4662584 -1.640119E-06 -1 4.946345E-05 6.106304E-05 -1 -1.11404E-08 3.051944E-05 -0.0004592079 -0.0003742712 -0.9999998 -1 0 0 -1 0 0 -1 0 0 -0.9999999 3.327733E-07 -0.0003357145 -0.9999999 1.375697E-06 -0.0004577953 0 1 0 0.3761392 0.892901 -0.2474815 -0.3756056 0.8930586 -0.2477232 0 1 0 0.3761392 0.892901 -0.2474815 0.904485 0.3702848 0.2116509 0 0 1 0.9046012 -0.3699636 -0.2117159 -0.3756056 0.8930586 -0.2477232 0 0 1 0 0 1 0.999744 -0.02262568 0 1 0 0 1.070178E-08 1.828789E-08 -1 1.070178E-08 1.828789E-08 -1 -0.9984659 0.05536988 0 -1 0 0 -0.9992944 -0.0375598 0 3.757523E-08 -1.578985E-08 -1 6.855832E-09 -1.171568E-08 -1 1.070178E-08 -1.828789E-08 -1 0.9995736 0.02919912 0 0.9999903 0.004406111 0 0.9995422 0.0302566 0 0.99993 0.01182997 0 -0.9996592 0.02610626 0 -0.9999588 0.009074428 0 -0.9999419 -0.01078112 0 -0.9971216 -0.07581853 0 -0.8847899 0.4659899 0.0004564531 -0.885029 0.4655354 0.0007580807 -4.201165E-09 1.057441E-08 1 0.539216 0.214221 0.8144663 -0.5406991 0.211843 0.814105 2.024526E-08 5.167259E-08 1 0.8858203 0.4640284 0 0.9035626 -0.03132337 -0.4273096 0.5791261 0.7160425 -0.3897385 0.4190184 -0.9079137 -0.01078718 0.4191007 -0.9079398 -1.640501E-05 0.004657381 0.01172831 0.9999204 -0.0005557227 0.0002524438 0.9999998 -0.001436207 -0.004637406 0.9999882 -0.007166983 -0.01725274 0.9998255 -0.8864335 0.462856 6.869677E-08 -0.8864272 0.462868 1.487491E-06 -0.8864269 0.4628687 1.921555E-06 -0.8864268 0.4628688 -1.85061E-06 -0.8864348 0.4628534 2.004271E-05 -0.8864335 0.462856 6.869677E-08 0.8849221 0.465739 -3.226689E-05 0.8849314 0.4657213 -5.41297E-05 0.8849314 0.4657213 -1.965632E-05 0.8849346 0.4657153 4.538462E-06 0.8836038 0.4682354 7.583775E-05 0.883628 0.4681896 0.000152284 0.8834893 0.4684514 -0.0001424633 0.8836074 0.4682285 -0.0001613825 0.8834625 0.4685017 0.0001389249 0.8835993 0.4682438 4.162352E-05 -0.8833686 0.4686789 0.0001015605 -0.8832682 0.468868 2.947052E-05 -0.8832655 0.4688732 5.926377E-05 -0.8832439 0.4689138 0.0001230286 0.4190181 -0.9079134 0.01081622 0.4191007 -0.9079398 1.640501E-05 0.8847955 0.4659795 0.0003135723 0.9033579 -0.03089447 -0.4277733 0.8894552 0.4569269 -0.009338723 0.9314808 -0.3637904 0 0.8853951 0.4648393 -5.978494E-08 0.8945127 0.4470427 -1.086889E-07 0.8945127 0.4470427 -4.889197E-08 -0.5831724 0.7114919 -0.3920323 -0.9044808 -0.03753795 -0.4248593 -0.8852497 0.4651161 0 -0.9297195 -0.3682685 0 -0.8906135 0.4546144 -0.01154789 -0.9044808 -0.03753788 -0.4248593 -0.8965896 0.4428624 0 -0.8965896 0.4428624 0 -0.8853125 0.4649966 0 0.8853125 -0.4649966 0 0.8777482 0.4791222 -0.0001925892 0.8784648 0.4778056 -0.001182737 -0.8773935 0.4797711 0.0004436756 -0.8845521 0.4664313 -0.00308087 -0.883352 0.4687102 -9.635455E-05 0.884649 0.4662577 -3.191461E-06 0.8846579 0.4662407 -8.74892E-08 -0.8844897 0.4665489 0.003167532 -0.8864348 0.4628534 2.004313E-05 0.8849336 0.4657173 -3.407721E-06 0.8849314 0.4657213 1.835537E-05 0.8849314 0.4657213 5.406101E-05 0.8849216 0.4657401 2.309149E-05 -0.8832654 0.4688734 -0.0001359374 -0.8832604 0.4688827 -5.823241E-05 -0.8832631 0.4688777 -3.101186E-05 -0.883352 0.4687102 -9.635482E-05 0.8853125 -0.4649966 -6.994515E-08 0.8853125 -0.4649966 -3.142589E-08 -0.8853951 -0.4648393 5.978493E-08 -0.8853951 -0.4648393 1.086671E-07 -0.8853951 -0.4648393 4.888217E-08 -0.8853951 -0.4648393 0 0.8846664 0.4662245 0 0.884649 0.4662577 -3.191171E-06  
			<BiTangents>: 230 0 0.999997 0.002469794 5.911711E-09 1 0 0 1 0 0 0.9999997 0.0007614933 0.003785503 0.9999898 0.002469775 -3.591195E-08 1 0 0.003784098 0.9999927 -0.0006212718 0 0.9999973 0.002323393 0.003785396 0.9999903 0.002231107 0 0.9999998 0.000617108 -2.210516E-08 1 0 -3.938474E-09 1 0 0.0003129688 0.9999997 0.0007324568 -0.0003056446 0.9999999 0 -5.481167E-05 1 0 8.168783E-05 0.9999999 0.0003662332 3.544615E-08 0.9999996 -0.0009155828 7.607526E-09 1 0 5.903667E-08 1 0 -2.479605E-05 1 0 8.956491E-08 1 0 3.565738E-09 0.9999999 -0.0004272721 -0.4866431 -0.821016 -0.2985152 0.4432727 -0.8154122 -0.3723068 0.4896421 -0.8190058 -0.2991323 0.9130334 0 -0.4078849 -0.9130334 0 -0.4078849 -0.273937 -0.4656777 0.8414885 -0.2142202 -0.3949442 0.8933805 0.2725226 -0.4660368 0.8417489 -0.539452 0 0.8420163 0.5371974 0 0.8434566 -0.4730208 -0.8692657 0.1436262 -0.5068266 -0.8549533 0.1103705 0.5068894 -0.8547648 0.1115362 -0.9999849 0 0.005493416 0.9999665 0 0.008179186 -0.511472 0.8592998 0 0.8789269 0.4769565 0 0.5113776 0.8593561 0 0 0 1 0 0 1 0 -1 0 0.5050623 0.8630829 2.118904E-08 0 1 0 -0.5050623 0.8630829 -2.118904E-08 0 -1 0 0.5050623 0.8630829 2.880384E-08 0 1 0 -0.5050623 0.8630829 -2.118904E-08 0.9219097 0.3874047 4.005875E-08 0.9219097 -0.3874047 2.461275E-08 1 0 3.544138E-08 -0.008891065 0.9999605 0 0 1 0 0.009456731 0.9999553 0 0.04253021 0.9990952 0 0.9219097 0.3874047 5.274159E-08 1 0 5.133129E-08 0.01069717 0.9999428 0 0 1 0 -0.008097543 0.9999672 0 0.3594213 -0.6828287 0.6360512 0.2992907 -0.5642218 0.7694666 -0.3580332 -0.6749629 0.6451645 0.3615953 -0.6816785 -0.6360528 -0.3537529 -0.6772238 -0.6451564 0.2975056 -0.5651668 -0.7694653 0.3234212 -0.6145457 -0.7195362 0.3722792 -0.70191 -0.6072319 -0.3252947 -0.6134738 -0.7196063 0.3253769 -0.6135145 0.7195344 -0.3214033 -0.6155134 0.7196132 0.3700249 -0.7030993 0.6072339 -7.420036E-10 -1.893838E-09 -1 -3.410158E-08 1.791132E-08 -1 0 0 -1 0.3000735 -0.6317318 -0.7147523 -0.2945355 -0.6355775 -0.7136457 0.4650038 0.8853087 0 0.9314808 -0.3637905 2.168361E-08 -6.219677E-08 3.279364E-08 -1 0.9297195 0.3682683 -1.327817E-07 0.9314763 -0.3638021 2.577091E-08 0.9297186 0.3682708 -1.339148E-07 0.3706216 0.7029047 -0.6070952 0.4137177 0.9103822 0.006475403 0.413709 0.9103613 -0.009327598 -0.001798642 -0.002797346 -0.9999945 0.008500311 -0.01167242 -0.9998958 -0.0370482 0.06982472 -0.9968711 0.03694493 -0.06987944 -0.9968711 0.4137123 0.9104029 -0.002931514 0.4137132 0.9104072 -7.192703E-12 0.002032506 0.002583079 -0.9999946 -0.008610682 0.01162112 -0.9998954 2.321582E-08 -1.212226E-08 1 6.089513E-08 -3.179671E-08 1 0 0 -1 -1.390068E-07 -6.947018E-08 -1 -3.493042E-11 -1.753917E-11 -1 -0.3259979 0.6225646 -0.7114342 0 0 -1 0 0 -1 0.3262046 0.6212644 -0.7124754 0 0 -1 0.465827 0.8848758 0 0 0 -1 0.3297987 0.6254815 -0.7071108 -3.109838E-08 1.639682E-08 -1 0 0 -1 -5.261428E-08 -2.772927E-08 -1 -0.4654122 0.885094 0 -0.329691 0.625532 -0.7071164 4.949326E-05 0.9999999 0.000488308 3.68328E-11 0.9999999 0.0003662332 0.003784211 0.9999928 -0.0003760063 0 1 0 0 1 0 0 1 0 1.039733E-06 0.9999978 -0.002105837 2.633136E-06 0.9999962 -0.002746738 0.5371974 0 0.8434566 0.5496498 -1.947797E-09 0.8353952 -0.5505689 5.053925E-09 0.8347898 -0.539452 0 0.8420163 0.5496498 -1.947797E-09 0.8353952 -1.94105E-09 -0.4962443 0.868183 0.5113776 0.8593561 0 -1.491314E-08 -0.4966838 0.8679316 -0.5505689 5.053925E-09 0.8347898 -0.511472 0.8592998 0 0.8790245 -0.4767767 0 0.02262568 0.999744 0 0 1 0 -0.5050623 -0.8630829 -2.118904E-08 -0.5050623 -0.8630829 -2.118904E-08 0.05536988 0.9984659 0 0 1 0 -0.0375598 0.9992944 0 0.9219097 -0.3874047 4.075803E-08 0.5050623 -0.8630829 1.357423E-08 0.5050623 -0.8630829 2.118904E-08 -0.02919912 0.9995736 0 -0.004406111 0.9999903 0 -0.0302566 0.9995422 0 -0.01182997 0.99993 0 0.02610626 0.9996592 0 0.009074428 0.9999588 0 -0.01078112 0.9999419 0 -0.07581853 0.9971216 0 0.3292173 0.6257879 -0.7071106 0.3695209 0.7034844 -0.6070948 -0.3692218 0.9293414 -1.13784E-08 -0.3692124 0.929345 -1.335657E-08 -0.3647951 -0.9310878 5.671738E-08 -0.3647986 -0.9310864 5.549709E-08 -0.4640284 0.8858203 0 -0.3079459 0.6459471 -0.6985139 -0.3000735 0.6317318 0.7147523 -0.009896392 0.007313025 -0.9999243 -0.005382585 -0.002466507 -0.9999825 0.4135633 0.9103881 -0.01260444 0.4135891 0.9104636 5.740131E-13 0.413587 0.9104519 0.004816188 0.4135274 0.9103002 0.01867217 6.089513E-08 -3.179671E-08 1 -0.3675393 -0.7038674 0.6078532 -0.3214033 -0.6155134 0.7196132 0.3214034 0.6155134 0.7196133 0.3675425 0.7038735 0.6078443 6.089513E-08 -3.179671E-08 1 0.3234553 -0.6145278 0.7195362 4.790107E-05 2.520935E-05 1 1.739449E-05 9.154365E-06 1 -0.3234212 0.6145457 0.7195362 -0.03785954 0.07160591 -0.9967142 -0.3611908 0.6818929 -0.6360528 -0.2992907 0.5642218 -0.7694666 0.2989418 -0.5644068 -0.7694666 0.3615953 -0.6816785 -0.6360528 0.03796367 -0.07155073 -0.9967142 0.3580332 0.6749629 -0.6451645 0.03078214 0.05805108 -0.9978389 -0.03086068 -0.05800938 -0.9978389 -0.3583407 -0.6747997 -0.6451645 0.009908562 -0.007339394 -0.9999239 0.005382585 0.002466507 -0.9999825 -0.3292966 0.6257398 -0.7071164 -0.3085459 0.6459678 -0.69823 -0.3270209 0.6220396 -0.711424 0 0 -1 -5.293329E-08 -2.779039E-08 -1 -9.722358E-08 -4.858857E-08 -1 -4.373448E-08 -2.18568E-08 -1 0.2949269 0.6351001 0.7139089 0.3017476 0.6476796 -0.6996139 0.4651161 0.8852497 0 0 0 -1 0.3263303 0.6212003 -0.7124738 0.3017476 0.6476796 -0.6996138 0 0 -1 0 0 -1 0 0 -1 0 0 -1 0.4741228 -0.8685313 0.144433 0.2153897 -0.3937905 0.8936086 -0.4454252 -0.8142383 -0.3723068 -0.3720295 -0.7015113 0.6078454 -0.2916749 -0.5498642 -0.7826717 -0.3704958 0.7029521 -0.6071171 -7.739801E-08 -4.079102E-08 -1 -0.2882064 -0.5516993 0.7826654 -0.3675425 -0.7038735 -0.6078443 0.3700249 -0.7030993 0.6072339 -1.624324E-05 -8.548486E-06 1 -4.784029E-05 -2.517736E-05 1 -0.3700537 0.7030842 0.6072339 0.291937 0.5497251 -0.7826717 0.0300306 0.05644638 -0.9979539 -0.02995162 -0.05648831 -0.9979539 -0.2916749 -0.5498642 -0.7826717 -6.192332E-08 3.252426E-08 -1 -2.782173E-08 1.461293E-08 -1 -5.293328E-08 -2.779039E-08 -1 -9.621332E-08 -5.051274E-08 -1 -4.328004E-08 -2.272236E-08 -1 0 0 -1 -0.4662245 0.8846664 0 -0.3704958 0.7029521 -0.6071171  
			<SubMeshes>: 1
				<SubMesh>: 0 486 3 9 7 3 7 0 18 17 2 21 15 10 10 5 21 5 20 21 15 12 114 15 114 115 116 6 8 116 8 4 17 19 117 17 117 2 21 16 12 21 12 15 11 118 14 118 119 13 118 13 14 10 15 115 120 121 16 120 16 21 11 14 17 17 1 11 17 18 1 14 13 19 14 19 17 20 120 21 32 33 27 32 27 28 34 205 206 34 206 29 33 35 30 33 30 27 36 34 29 36 29 31 25 24 34 25 34 36 22 26 35 22 35 33 24 23 205 24 205 34 207 22 33 207 33 32 122 123 39 122 39 41 124 125 40 124 40 37 126 127 38 126 38 128 129 130 131 129 131 132 47 43 50 47 50 57 45 44 48 45 48 49 133 134 59 133 59 56 135 46 42 135 42 136 137 138 53 137 53 139 140 51 141 140 141 142 143 60 144 143 144 145 140 58 52 140 52 51 58 57 50 58 50 52 143 146 61 143 61 60 146 56 59 146 59 61 147 148 55 147 55 54 148 139 53 148 53 55 147 54 149 147 149 150 67 73 71 67 71 65 66 72 208 66 208 209 62 68 69 62 69 63 103 76 78 103 78 102 99 77 74 99 74 98 109 81 85 109 85 108 113 210 211 113 211 111 106 151 152 106 152 79 153 82 84 153 84 154 155 83 80 155 80 156 157 101 158 157 158 159 212 213 70 212 70 64 88 95 160 88 160 161 162 163 92 162 92 87 88 89 94 88 94 95 86 93 164 86 164 165 166 97 167 166 167 168 86 87 92 86 92 93 169 170 96 169 96 171 172 214 215 172 215 173 166 171 96 166 96 97 174 216 217 174 217 175 90 176 177 90 177 178 174 173 215 174 215 216 179 180 181 179 181 91 218 182 183 218 183 219 90 91 181 90 181 176 220 184 185 220 185 221 220 219 183 220 183 184 186 187 94 186 94 89 112 188 101 112 101 157 189 190 100 189 100 191 192 193 194 192 194 110 195 196 104 195 104 197 198 105 199 198 199 200 107 201 202 107 202 203 75 222 223 75 223 204 197 104 151 197 151 106 105 109 108 105 108 199 224 225 226 224 226 227 228 229 188 228 188 112 190 113 111 190 111 100  
		</Mesh>
		<Materials>: 1
			<Material>: 0
				<AlbedoColor>: 1 1 1 1
				<EmissiveColor>: 0 0 0 0
				<Glossiness>: 0.04
				<Metallic>: 0
				<SpecularHighlight>: 1
				<GlossyReflection>: 1
				<AlbedoMap>: BLD_Villa2_A
				<MetallicMap>: BLD_Villa2_MS
				<NormalMap>: BLD_Villa2_N
				<EmissionMap>: null
				<DetailAlbedoMap>: DET_Concrete1_A
				<DetailNormalMap>: DET_Concrete1_N
		</Materials>
		<Children>: 0
	</Frame>
</Hierarchy>
