<Hierarchy>:
	<Frame>: 0 5 Villa2_Deco_Column_Mid_B
		<Transform>: 0 0 0 0 0 0 1 1 1 0 0 0 1  
		<TransformMatrix>: 1 0 0 0 0 1 0 0 0 0 1 0 0 0 0 1  
		<BoxCollider>: 1 3.814697E-06 3 -1.490116E-07 0.9999955 6 1  
		<Mesh>: 214 Villa2_Deco_Column_Mid_B
			<Bounds>: 3.829598E-06 3 -1.490116E-07 0.4914644 3 0.4914668
			<Positions>: 214 0.4914682 2.148269E-08 0.4914666 0.4914681 5.9 0.4914663 0.4914682 -2.148269E-08 -0.4914666 0.4914681 5.9 -0.4914669 -0.4914605 2.148269E-08 0.4914666 -0.4914605 5.9 0.4914663 -0.4914605 -2.148269E-08 -0.4914666 -0.4914605 5.9 -0.4914669 0.3914682 0.5 0.3914666 0.3914682 0.5 -0.3914667 -0.3914605 0.5 -0.3914667 -0.3914605 0.5 0.3914666 0.3914682 5.5 0.3914664 0.3914682 5.5 -0.3914669 -0.3914605 5.5 -0.3914669 -0.3914605 5.5 0.3914664 0.4914681 6 0.4914664 0.4914681 6 -0.4914669 -0.4914605 6 0.4914664 -0.4914605 6 -0.4914669 0.3914682 5.400001 -0.3914669 -0.3914605 5.400001 -0.3914669 -0.3914605 5.400001 0.3914664 0.3914682 5.400001 0.3914664 0.4389651 5.4095 0.4389637 0.4389651 5.490499 0.4389637 0.4389651 5.490499 -0.4389641 -0.4389575 5.490499 -0.4389641 -0.4389575 5.490499 0.4389637 0.4389651 5.4095 -0.4389641 -0.4389575 5.4095 -0.4389641 -0.4389575 5.4095 0.4389637 0.4914682 0.3894409 -0.4914666 0.4848238 0.4066445 -0.4848222 -0.491459 0.3894409 -0.4914666 -0.4848147 0.4066445 -0.4848222 -0.491459 0.3894409 0.4914666 -0.4848147 0.4066445 0.4848222 0.4848238 0.4066445 0.4848222 0.4914682 0.3894409 0.4914666 -0.4271831 0.5049535 0.4210424 -0.4210348 0.5049535 0.4271907 0.42105 0.5049535 0.4271907 0.4271984 0.5049535 0.4210424 0.4271984 0.5950464 0.4210424 0.42105 0.5950464 0.4271907 0.4438041 0.5353249 0.4376482 0.4376558 0.5353249 0.4437965 0.4438041 0.564675 0.4376482 0.4376558 0.564675 0.4437965 -0.4210348 0.5950464 0.4271907 -0.4271831 0.5950464 0.4210424 -0.4376405 0.564675 0.4437965 -0.4437889 0.564675 0.4376482 -0.4437889 0.5353249 0.4376482 -0.4376405 0.5353249 0.4437965 0.4104006 0.5950464 -0.4271907 0.4271984 0.5950464 -0.410393 -0.4271831 0.5950464 -0.4103929 -0.4103853 0.5950464 -0.4271907 0.4271984 0.5049535 -0.410393 0.4104006 0.5049535 -0.4271907 0.4270064 0.564675 -0.4437965 0.4438041 0.564675 -0.4269988 0.4270064 0.5353249 -0.4437965 0.4438041 0.5353249 -0.4269988 -0.4103853 0.5049535 -0.4271907 -0.4271831 0.5049535 -0.4103929 -0.4437889 0.564675 -0.4269988 -0.4269911 0.564675 -0.4437965 -0.4437889 0.5353249 -0.4269988 -0.4269911 0.5353249 -0.4437965 0.4914682 0.3699688 -0.4914666 0.4914682 0.3699689 0.4914666 -0.4914591 0.3699688 -0.4914666 -0.4914591 0.3699689 0.4914666 -0.4271831 0.5049535 -0.4103929 0.4271984 0.5049535 -0.410393 0.4271984 0.5049535 0.4210424 -0.4271831 0.5049535 0.4210424 -0.4103853 0.5049535 -0.4271907 0.4104006 0.5049535 -0.4271907 -0.3914605 5.400001 -0.3914669 0.3914682 5.400001 -0.3914669 0.3914682 5.5 -0.3914669 -0.3914605 5.5 -0.3914669 -0.3914605 5.5 0.3914664 0.3914682 5.5 0.3914664 0.3914682 0.5 -0.3914667 -0.3914605 0.5 -0.3914667 0.4848238 0.4066445 0.4848222 0.4914682 0.3894409 0.4914666 0.4914682 0.3894409 -0.4914666 0.4848238 0.4066445 -0.4848222 0.4389651 5.490499 0.4389637 0.4389651 5.4095 0.4389637 0.4389651 5.4095 -0.4389641 0.4389651 5.490499 -0.4389641 0.4914682 2.148269E-08 0.4914666 0.4914682 -2.148269E-08 -0.4914666 0.4389651 5.490499 -0.4389641 0.4389651 5.4095 -0.4389641 -0.4389575 5.4095 -0.4389641 -0.4389575 5.490499 -0.4389641 -0.4914605 2.148269E-08 0.4914666 0.4914682 2.148269E-08 0.4914666 0.4914682 0.3699689 0.4914666 0.4914681 5.9 0.4914663 0.3914682 5.5 0.3914664 0.3914682 5.5 -0.3914669 0.4914681 5.9 -0.4914669 0.3914682 5.400001 -0.3914669 0.3914682 5.400001 0.3914664 0.3914682 0.5 -0.3914667 -0.4271831 0.5950464 -0.4103929 -0.4271831 0.5950464 0.4210424 0.42105 0.5950464 0.4271907 -0.4210348 0.5950464 0.4271907 0.4271984 0.5950464 -0.410393 0.4271984 0.5950464 0.4210424 0.4376558 0.5353249 0.4437965 0.42105 0.5049535 0.4271907 0.4376558 0.564675 0.4437965 -0.4376405 0.5353249 0.4437965 -0.4376405 0.564675 0.4437965 0.4271984 0.5950464 0.4210424 0.42105 0.5950464 0.4271907 0.4376558 0.564675 0.4437965 0.4438041 0.564675 0.4376482 -0.4210348 0.5950464 0.4271907 -0.4210348 0.5049535 0.4271907 0.42105 0.5049535 0.4271907 -0.4210348 0.5049535 0.4271907 -0.4271831 0.5049535 -0.4103929 -0.4437889 0.5353249 -0.4269988 -0.4437889 0.564675 -0.4269988 0.4104006 0.5049535 -0.4271907 0.4270064 0.5353249 -0.4437965 0.4270064 0.564675 -0.4437965 -0.4269911 0.564675 -0.4437965 -0.4437889 0.564675 -0.4269988 -0.4271831 0.5950464 -0.4103929 -0.4103853 0.5950464 -0.4271907 0.4104006 0.5950464 -0.4271907 -0.4103853 0.5950464 -0.4271907 0.4104006 0.5950464 -0.4271907 0.4914681 6 -0.4914669 0.4914681 6 0.4914664 0.3914682 0.5 0.3914666 0.3914682 0.5 -0.3914667 -0.4914605 5.9 0.4914663 -0.4914605 6 0.4914664 -0.4914605 6 -0.4914669 -0.4914605 5.9 -0.4914669 -0.4914605 -2.148269E-08 -0.4914666 -0.4914605 2.148269E-08 0.4914666 -0.4914591 0.3699689 0.4914666 -0.4914605 6 -0.4914669 0.4914681 6 -0.4914669 -0.3914605 5.5 -0.3914669 -0.3914605 5.5 0.3914664 0.4914681 6 0.4914664 -0.4914605 6 0.4914664 -0.4389575 5.4095 -0.4389641 -0.3914605 5.400001 -0.3914669 -0.4389575 5.490499 -0.4389641 -0.4389575 5.4095 -0.4389641 -0.4389575 5.4095 0.4389637 -0.4389575 5.490499 0.4389637 -0.4389575 5.490499 0.4389637 -0.4389575 5.4095 0.4389637 0.4389651 5.4095 0.4389637 0.4389651 5.490499 0.4389637 -0.3914605 5.5 -0.3914669 -0.4389575 5.490499 -0.4389641 0.4914682 0.3699688 -0.4914666 0.4914682 -2.148269E-08 -0.4914666 -0.4914605 -2.148269E-08 -0.4914666 -0.4914591 0.3699688 -0.4914666 -0.3914605 0.5 -0.3914667 -0.4848147 0.4066445 -0.4848222 -0.4848147 0.4066445 0.4848222 -0.3914605 0.5 0.3914666 0.3914682 0.5 0.3914666 -0.491459 0.3894409 -0.4914666 -0.491459 0.3894409 0.4914666 0.3914682 5.400001 0.3914664 -0.3914605 5.400001 0.3914664 -0.3914605 0.5 0.3914666 0.3914682 0.5 0.3914666 -0.3914605 5.400001 0.3914664 -0.3914605 5.400001 -0.3914669 -0.3914605 0.5 -0.3914667 -0.3914605 0.5 0.3914666 0.3914682 5.400001 -0.3914669 0.4389651 5.4095 -0.4389641 0.4389651 5.4095 0.4389637 0.3914682 5.400001 0.3914664 0.3914682 5.5 0.3914664 0.4389651 5.490499 0.4389637 0.4389651 5.490499 -0.4389641 0.3914682 5.5 -0.3914669 0.4914681 5.9 -0.4914669 0.4914681 5.9 0.4914663 -0.4914605 5.9 -0.4914669 0.4914681 5.9 -0.4914669 -0.4914605 5.9 -0.4914669 -0.4914605 5.9 0.4914663 0.4914681 5.9 0.4914663 -0.4914605 5.9 0.4914663 -0.3914605 5.400001 0.3914664 -0.4389575 5.4095 0.4389637 -0.4389575 5.490499 0.4389637 -0.3914605 5.5 0.3914664  
			<Colors>: 0  
			<TextureCoords0>: 214 0.8652344 0.5493164 0.9101563 0.1210938 0.8652344 0.5053711 0.9550781 0.1210938 0.9091797 0.5493164 0.8647461 0.1210938 0.9091797 0.5053711 0.9995117 0.1210938 0.9101563 0.3901367 0.9545898 0.3901367 0.9995117 0.3901367 0.9543457 0.6791992 0.9099121 0.1499023 0.9545898 0.1499023 0.9990234 0.1499023 0.8652344 0.1499023 0.8652344 0.5493164 0.8652344 0.5053711 0.9091797 0.5493164 0.9091797 0.5053711 0.9545898 0.1357422 0.9990234 0.1357422 0.8652344 0.1357422 0.9099121 0.1357422 0.9099121 0.1401367 0.9099121 0.1450195 0.9545898 0.1450195 0.9990234 0.1450195 0.8652344 0.1450195 0.9545898 0.1401367 0.9990234 0.1401367 0.8652344 0.1401367 0.8657227 0.6885425 0.8657227 0.6874043 0.8198242 0.6885425 0.8198242 0.6874043 0.9543457 0.6885425 0.9543457 0.6874043 0.9091797 0.6874043 0.9091797 0.6885425 0.9991885 0.1396484 0.909833 0.5102539 0.8655577 0.5102539 0.8650728 0.1396484 0.8652344 0.5099306 0.8644193 0.1450195 0.8650606 0.1411133 0.8644316 0.1411133 0.8650606 0.1435547 0.8644316 0.1435547 0.8196627 0.1450195 0.9991885 0.1450195 0.8196505 0.1435547 0.9992006 0.1435547 0.9992006 0.1411133 0.8196505 0.1411133 0.8661176 0.465332 0.8652344 0.4662153 0.955473 0.1450195 0.909273 0.465332 0.9092634 0.1396484 0.8661176 0.465332 0.9109972 0.1435547 0.9092969 0.1435547 0.9109972 0.1411133 0.9092969 0.1411133 0.909273 0.465332 0.955473 0.1396484 0.95544 0.1435547 0.9537489 0.1435547 0.95544 0.1411133 0.9537489 0.1411133 0.8657227 0.6895646 0.9091797 0.6895646 0.9992676 0.6895646 0.9543457 0.6895646 0.9101563 0.4662153 0.8652344 0.4662153 0.8652344 0.5099306 0.9101563 0.5099306 0.9537163 0.1396484 0.9110298 0.1396484 0.9995117 0.6425781 0.9545898 0.6425781 0.9550781 0.1455078 0.9995117 0.1455078 0.8647461 0.1455078 0.9101563 0.1455078 0.8657227 0.6791992 0.8198242 0.6791992 0.9091797 0.6874043 0.9091797 0.6885425 0.8657227 0.6885425 0.8657227 0.6874043 0.9099121 0.1450195 0.9099121 0.1401367 0.9545898 0.1401367 0.9545898 0.1450195 0.9091797 0.7089844 0.8657227 0.7089844 0.9545898 0.1450195 0.9545898 0.1401367 0.9990234 0.1401367 0.9990234 0.1450195 0.9543457 0.7089844 0.9091797 0.7089844 0.9091797 0.6895646 0.9101563 0.1210938 0.9101563 0.1455078 0.9550781 0.1455078 0.9550781 0.1210938 0.9545898 0.6425781 0.9101563 0.6425781 0.9545898 0.3901367 0.9101563 0.4662153 0.9101563 0.5099306 0.8655577 0.5102539 0.909833 0.5102539 0.9092634 0.1450195 0.8650728 0.1450195 0.8644315 0.1411133 0.8644193 0.1396484 0.8644315 0.1435547 0.9995117 0.1411133 0.9995117 0.1435547 0.8650728 0.1450195 0.8644193 0.1450195 0.8644316 0.1435547 0.8650606 0.1435547 0.9995782 0.1451443 0.9995784 0.1395235 0.8644193 0.1396484 0.8196627 0.1396484 0.955473 0.1396484 0.95544 0.1411133 0.95544 0.1435547 0.9110298 0.1396484 0.9109972 0.1411133 0.9109972 0.1435547 0.9537489 0.1435547 0.95544 0.1435547 0.955473 0.1450195 0.9537163 0.1450195 0.9110298 0.1450195 0.9537163 0.1450195 0.9110298 0.1450195 0.9550781 0.1157227 0.9101563 0.1157227 0.9091797 0.6791992 0.8657227 0.6791992 0.8647461 0.1210938 0.8647461 0.1157227 0.8200684 0.1157227 0.8200684 0.1210938 0.9992676 0.7089844 0.9543457 0.7089844 0.9543457 0.6895646 0.9995117 0.1157227 0.9550781 0.1157227 0.8200684 0.1455078 0.8647461 0.1455078 0.9101563 0.1157227 0.8647461 0.1157227 0.8200684 0.1401367 0.8200684 0.1357422 0.8200684 0.1450195 0.8200684 0.1401367 0.8652344 0.1401367 0.8652344 0.1450195 0.8652344 0.1450195 0.8652344 0.1401367 0.9099121 0.1401367 0.9099121 0.1450195 0.8200684 0.1499023 0.8200684 0.1450195 0.8657227 0.6895646 0.8657227 0.7089844 0.8198242 0.7089844 0.8198242 0.6895646 0.9992676 0.6791992 0.9992676 0.6874043 0.9543457 0.6874043 0.9543457 0.6791992 0.9091797 0.6791992 0.9992676 0.6885425 0.9543457 0.6885425 0.9101563 0.6425781 0.8669434 0.6425781 0.8669434 0.3901367 0.9101563 0.3901367 0.8669434 0.6425781 0.8217773 0.6425781 0.8217773 0.3901367 0.8669434 0.3901367 0.9545898 0.1357422 0.9545898 0.1401367 0.9099121 0.1401367 0.9099121 0.1357422 0.9099121 0.1499023 0.9099121 0.1450195 0.9545898 0.1450195 0.9545898 0.1499023 0.9550781 0.1210938 0.9101563 0.1210938 0.9995117 0.1210938 0.9550781 0.1210938 0.8200684 0.1210938 0.8647461 0.1210938 0.9101563 0.1210938 0.8647461 0.1210938 0.8652344 0.1357422 0.8652344 0.1401367 0.8652344 0.1450195 0.8652344 0.1499023  
			<TextureCoords1>: 214 0.3479309 0.1399388 0.3440239 0.06551731 0.5160369 0.1399388 0.00390636 0.05448049 0.3479309 0.3080441 0.1759187 0.06551731 0.5160369 0.3080441 0.1720116 0.05448049 0.09624396 0.6730758 0.09624387 0.3290528 0.09624387 0.4629532 0.8419278 0.8450909 0.6626658 0.01088381 0.5281917 0.01086146 0.5281954 0.145335 0.6626695 0.1453574 0.3440246 0.1399388 0.1759186 0.1399388 0.3440246 0.3080441 0.1759186 0.3080441 0.8266876 0.1653315 0.8266913 0.299805 0.6922172 0.2997826 0.6922135 0.1653092 0.683965 0.1570701 0.6709051 0.002635419 0.5199431 0.002622366 0.5199562 0.1535834 0.6709181 0.1535965 0.8349267 0.1570832 0.8349398 0.3080441 0.6839781 0.308031 0.07051032 0.3119503 0.07366437 0.3130867 0.07051032 0.4800554 0.07366437 0.478919 0.8676615 0.6520671 0.8645074 0.6509308 0.8645072 0.4850984 0.8676612 0.483962 0.4919232 0.05737329 0.683965 0.1521121 0.6839652 0.008094728 0.008242768 0.03226346 0.6742538 0.1619965 0.4947883 0.0836547 0.006057684 0.0262295 0.4976283 0.09459424 0.005452497 0.02112561 0.4976283 0.08957464 0.3507709 0.0836547 0.4917024 0.04071516 0.3479309 0.08957464 0.4936433 0.04678798 0.493694 0.05148214 0.3479309 0.09459424 0.5291666 0.1602836 0.5321288 0.1575027 0.3509478 0.04030448 0.5247304 0.3005881 0.1486014 0.03250951 0.8300856 0.009916246 0.3479309 0.06828022 0.1502579 0.02163285 0.3479635 0.07364619 0.1502924 0.02631557 0.8300855 0.1502908 0.3507763 0.05780292 0.3479309 0.04659188 0.4932826 0.0675872 0.3479394 0.05193526 0.4927505 0.07251906 0.06718017 0.8240794 0.06718017 0.6559734 0.8709959 0.9960938 0.8709916 0.6520671 0.8272126 0.1531639 0.8272128 0.007043421 0.6850168 0.007043183 0.6850165 0.1531637 0.4906837 0.07847238 0.3508372 0.07952267 0.9342654 0.4629571 0.9342654 0.3290568 0.02100884 0.1249958 0.1549091 0.1249958 0.1930212 0.1360326 0.3269215 0.1360326 0.09624387 0.3290528 0.09624387 0.4629532 0.07366447 0.6571097 0.07051039 0.6559733 0.07051039 0.8240793 0.07366444 0.822943 0.1759186 0.0306555 0.1759187 0.04450846 0.3260661 0.04450846 0.326066 0.0306555 0.00390625 0.6559735 0.00390625 0.8240795 0.3479309 0.1221796 0.347931 0.1360326 0.4980775 0.1360326 0.4980774 0.1221796 0.9342656 0.6520671 0.9342654 0.4839618 0.8709915 0.483962 0.00390636 0.2375288 0.02100885 0.3080441 0.1549099 0.3080441 0.1720124 0.2375288 0.9342658 0.8069766 0.9342658 0.6730756 0.09624395 0.8069769 0.527511 0.3035503 0.669636 0.3080441 0.6752715 0.1630807 0.6707202 0.3070263 0.1484328 0.01554042 0.008462857 0.01487935 0.004594584 0.02654886 0.006747875 0.03279805 0.00390625 0.02132952 0.4951128 0.0516938 0.4951364 0.04659188 0.6742538 0.1619965 0.6752715 0.1630807 0.6800587 0.158587 0.679041 0.1575028 0.493221 0.0402351 0.4933023 0.05778331 0.4947883 0.1005142 0.3507709 0.1005142 0.494536 0.07974845 0.4965982 0.07352275 0.497596 0.06828022 0.1527053 0.03347164 0.1542603 0.02683926 0.1543767 0.02132952 0.5199431 0.3050818 0.5227237 0.3080441 0.527511 0.3035503 0.5247304 0.3005881 0.1528299 0.01438057 0.4904282 0.06170917 0.3507291 0.06237525 0.1720123 0.2204262 0.00390625 0.2204262 0.09624396 0.6730758 0.09624395 0.8069769 0.1720124 0.1460046 0.1720123 0.128902 0.00390625 0.128902 0.00390636 0.1460046 0.9342698 0.9960917 0.9342647 0.8279858 0.8709909 0.8279877 0.1720114 0.03737789 0.00390625 0.03737789 0.02100887 0.21652 0.1549099 0.21652 0.3440238 0.04841471 0.1759186 0.04841471 0.8349398 0.3080441 0.8266913 0.299805 0.1759186 0.01289636 0.1759187 0.02674925 0.3260661 0.02674925 0.326066 0.01289636 0.3479309 0.1044205 0.347931 0.1182734 0.4980775 0.1182734 0.4980774 0.1044205 0.5281954 0.145335 0.5199562 0.1535834 0.0671801 0.3119503 0.00390625 0.3119505 0.00390625 0.4800555 0.0671801 0.4800553 0.8419318 0.978992 0.8645116 0.9949575 0.8645066 0.8291241 0.8419279 0.6349648 0.8419277 0.5010645 0.8676657 0.9960938 0.8676606 0.8279877 0.00390625 0.5010616 0.003906412 0.6349619 0.8419279 0.6349648 0.8419277 0.5010645 0.00390625 0.8451124 0.003910301 0.9790134 0.8419318 0.978992 0.8419278 0.8450909 0.8266876 0.1653315 0.8349267 0.1570832 0.683965 0.1570701 0.6922135 0.1653092 0.6626658 0.01088381 0.6709051 0.002635419 0.5199431 0.002622366 0.5281917 0.01086146 0.1720124 0.2375288 0.00390636 0.2375288 0.1720116 0.05448049 0.00390636 0.05448049 0.00390636 0.1460046 0.1720124 0.1460046 0.3440239 0.06551731 0.1759187 0.06551731 0.6922172 0.2997826 0.6839781 0.308031 0.6709181 0.1535965 0.6626695 0.1453574  
			<Normals>: 214 0 -1 0 0 -0.2425356 0.9701425 0 -1 0 0 -0.2425356 -0.9701425 0 -1 0 0 -0.2425356 0.9701425 0 -1 0 0 -0.2425356 -0.9701425 1 0 0 0 0 -1 0 0 -1 -0.7071068 0.7071068 0 0 0.6434955 0.7654499 0 0.6434955 -0.7654499 0 0.6434955 -0.7654499 0 0.6434955 0.7654499 0 1 0 0 1 0 0 1 0 0 1 0 0 -0.9805807 -0.1961161 0 -0.9805807 -0.1961161 0 -0.9805807 0.1961161 0 -0.9805807 0.1961161 0 -0.4115483 0.911388 0 0.4115483 0.911388 0 0.4115483 -0.911388 0 0.4115483 -0.911388 0 0.4115483 0.911388 0 -0.4115483 -0.911388 0 -0.4115483 -0.911388 0 -0.4115483 0.911388 0 0.1605277 -0.9870314 0 0.4849561 -0.8745385 0 0.1605277 -0.9870314 0 0.4849561 -0.8745385 0 0.1605277 0.9870314 0 0.4849561 0.8745385 0 0.4849561 0.8745385 0 0.1605277 0.9870314 -0.7808475 -0.5685217 0.2589599 0 -1 0 0 -1 0 0.7808475 -0.5685217 0.2589599 0 1 0 0.2589599 0.5685217 0.7808475 0.8769424 -0.2893232 0.38375 0.38375 -0.2893232 0.8769424 0.8769424 0.2893232 0.38375 0.38375 0.2893232 0.8769424 -0.2589599 0.5685217 0.7808475 -0.7808475 0.5685217 0.2589599 -0.38375 0.2893232 0.8769424 -0.8769424 0.2893232 0.38375 -0.8769424 -0.2893232 0.38375 -0.38375 -0.2893232 0.8769424 0 1 0 0 1 0 -0.7808475 0.5685217 -0.2589599 0 1 0 0.7808475 -0.5685217 -0.2589599 0 -1 0 0.38375 0.2893232 -0.8769424 0.8769424 0.2893232 -0.38375 0.38375 -0.2893232 -0.8769424 0.8769424 -0.2893232 -0.38375 0 -1 0 -0.7808475 -0.5685217 -0.2589599 -0.8769424 0.2893232 -0.38375 -0.38375 0.2893232 -0.8769424 -0.8769424 -0.2893232 -0.38375 -0.38375 -0.2893232 -0.8769424 1 0 0 1 0 0 -1 0 0 0 0 1 0 -1 0 0 -1 0 0 -1 0 0 -1 0 -0.2589599 -0.5685217 -0.7808475 0.2589599 -0.5685217 -0.7808475 0 0 -1 0 0 -1 0 0.6434955 -0.7654499 0 0.6434955 -0.7654499 0 0.6434955 0.7654499 0 0.6434955 0.7654499 0 0.7071068 -0.7071068 0 0.7071068 -0.7071068 0.8745385 0.4849561 0 0.9870314 0.1605277 0 0.9870314 0.1605277 0 0.8745385 0.4849561 0 0.911388 0.4115483 0 0.911388 -0.4115483 0 0.911388 -0.4115483 0 0.911388 0.4115483 0 1 0 0 1 0 0 0 0.4115483 -0.911388 0 -0.4115483 -0.911388 0 -0.4115483 -0.911388 0 0.4115483 -0.911388 0 0 1 0 0 1 0 0 1 0.9701425 -0.2425356 0 0.7654499 0.6434955 0 0.7654499 0.6434955 0 0.9701425 -0.2425356 0 1 0 0 1 0 0 1 0 0 0 1 0 0 1 0 0 1 0 0 1 0 0.7808475 0.5685217 -0.2589599 0.7808475 0.5685217 0.2589599 0.38375 -0.2893232 0.8769424 0.2589599 -0.5685217 0.7808475 0.38375 0.2893232 0.8769424 -0.38375 -0.2893232 0.8769424 -0.38375 0.2893232 0.8769424 0.7808475 0.5685217 0.2589599 0.2589599 0.5685217 0.7808475 0.38375 0.2893232 0.8769424 0.8769424 0.2893232 0.38375 -0.2589599 0.5685217 0.7808475 -0.2589599 -0.5685217 0.7808475 0.2589599 -0.5685217 0.7808475 -0.2589599 -0.5685217 0.7808475 -0.7808475 -0.5685217 -0.2589599 -0.8769424 -0.2893232 -0.38375 -0.8769424 0.2893232 -0.38375 0.2589599 -0.5685217 -0.7808475 0.38375 -0.2893232 -0.8769424 0.38375 0.2893232 -0.8769424 -0.38375 0.2893232 -0.8769424 -0.8769424 0.2893232 -0.38375 -0.7808475 0.5685217 -0.2589599 -0.2589599 0.5685217 -0.7808475 0.2589599 0.5685217 -0.7808475 -0.2589599 0.5685217 -0.7808475 0.2589599 0.5685217 -0.7808475 1 0 0 1 0 0 0.7071068 0.7071068 0 0.7071068 0.7071068 0 -1 0 0 -1 0 0 -1 0 0 -1 0 0 -1 0 0 -1 0 0 -1 0 0 0 0 -1 0 0 -1 -0.7654499 0.6434955 0 -0.7654499 0.6434955 0 0 0 1 0 0 1 -0.911388 -0.4115483 0 -0.1961161 -0.9805807 0 -0.911388 0.4115483 0 -0.911388 -0.4115483 0 -0.911388 -0.4115483 0 -0.911388 0.4115483 0 0 0.4115483 0.911388 0 -0.4115483 0.911388 0 -0.4115483 0.911388 0 0.4115483 0.911388 -0.7654499 0.6434955 0 -0.911388 0.4115483 0 0 0 -1 0 0 -1 0 0 -1 0 0 -1 -0.7071068 0.7071068 0 -0.8745457 0.4849432 0 -0.8745457 0.4849432 0 0 0.7071068 0.7071068 0 0.7071068 0.7071068 -0.9870314 0.1605277 0 -0.9870314 0.1605277 0 0 0 1 0 0 1 0 0 1 0 0 1 -1 0 0 -1 0 0 -1 0 0 -1 0 0 0.1961161 -0.9805807 0 0.911388 -0.4115483 0 0.911388 -0.4115483 0 0.1961161 -0.9805807 0 0.7654499 0.6434955 0 0.911388 0.4115483 0 0.911388 0.4115483 0 0.7654499 0.6434955 0 1 0 0 1 0 0 0 0 -1 0 0 -1 -0.9701425 -0.2425356 0 -0.9701425 -0.2425356 0 0 0 1 0 0 1 -0.1961161 -0.9805807 0 -0.911388 -0.4115483 0 -0.911388 0.4115483 0 -0.7654499 0.6434955 0  
			<Tangents>: 214 -1 0 -6.063984E-08 1 0 0 -1 0 -3.031983E-08 -1 0 0 -1 0 -3.032001E-08 1 0 0 -1 0 0 -1 0 0 0 0 -1 -1 0 0 -1 0 0 -1.903248E-08 -1.903248E-08 -1 1 0 0 -1 0 0 -1 0 0 1 0 0 -1 0 0 -1 0 0 -1 0 0 -1 0 0 -1 0 0 -1 0 0 1 0 0 1 0 0 1 0 0 1 0 0 -1 0 0 -1 0 0 1 0 0 -1 0 0 -1 0 0 1 0 0 1 0 0 1 -3.261734E-07 -1.808723E-07 1 -2.201222E-07 -3.579997E-08 1 -1.448324E-07 -8.031363E-08 -1 -2.973848E-07 4.836572E-08 -1 3.364004E-07 -1.865435E-07 -1 1.49267E-07 -8.277273E-08 -1 2.223482E-07 -3.616199E-08 0.2096609 0.1519961 0.9658879 -1 0 0 -1 0 0 0.2122378 -0.1484516 -0.9658764 -1 0 1.767775E-08 0.9658881 -0.1524238 -0.2093495 0.3656071 -0.116652 -0.9234304 0.923437 0.1202337 -0.3644282 0.365168 0.1179879 -0.9234344 0.923437 -0.1202332 -0.3644284 0.9658881 0.1524238 0.2093495 0.2096642 -0.1519916 0.9658879 0.923437 0.1202327 0.3644286 0.3646688 -0.1195042 0.9234368 0.3646686 0.1195048 0.9234368 0.923437 -0.1202338 0.3644282 -1 0 3.630949E-08 -1 0 3.489513E-08 -0.2093496 0.1524238 0.9658881 -1 0 3.489343E-08 -0.2169105 0.1420026 -0.965808 -1 0 3.429951E-08 -0.923437 0.1202332 -0.3644284 -0.3675293 -0.1107737 -0.9233913 -0.923437 -0.1202332 -0.3644284 -0.3675133 0.1108228 -0.9233918 -1 0 -3.630949E-08 -0.2093495 -0.1524238 0.9658881 -0.3644284 0.1202332 0.923437 -0.9234177 -0.1140899 0.3664468 -0.3644284 -0.1202332 0.923437 -0.9233891 0.1105594 0.3675991 0 6.063957E-08 1 0 6.063956E-08 1 0 -6.063956E-08 -1 -1 -1.546428E-07 0 -1 0 1.664259E-08 -1 0 3.488175E-08 -1 0 1.767869E-08 -1 0 0 -0.9658034 0.1417063 0.2171247 -0.9658881 -0.1524238 -0.2093496 -1 0 0 -1 0 0 -1 0 0 -1 0 0 1 0 0 1 0 0 1 -3.257829E-07 -3.257829E-07 1 0 0 -2.032438E-08 3.665168E-08 1 -9.608088E-09 5.907694E-08 1 -9.305888E-09 5.721881E-08 1 -1.706171E-08 3.076799E-08 1 0 0 -1 0 0 -1 0 0 -1 0 0 -1 0 6.063956E-08 1 0 6.063957E-08 1 -1 0 0 -1 0 0 -1 0 0 -1 0 0 -1 0 0 -1 -4.452503E-07 0 -1 -5.491137E-07 0 0 0 -1 0 0 -1 0 0 -1 0 0 -1 0 0 -1 0 0 -1 0 0 -1 -1 0 1.731608E-08 -1 0 0 -1 0 0 -1 0 0 -0.2170163 -0.1418563 -0.9658057 0.2093496 0.1524238 -0.9658881 0.897276 -0.1076152 -0.4281527 0.8636287 -0.2257332 -0.450766 0.8972665 0.1076565 -0.4281622 0.8521596 0.2548987 0.4570019 0.8522878 -0.2545659 0.4569483 0.4507675 -0.2257359 -0.8636273 0.8636286 0.2257334 -0.4507661 0.8972665 0.1076565 -0.4281622 0.4281625 -0.107658 -0.8972661 0.6382601 -0.5060498 0.5801186 0.6380215 0.5062633 0.5801948 0.9658881 0.1524251 -0.2093486 0.9658881 -0.1524238 0.2093495 -0.4507665 0.2257342 0.8636282 -0.4281589 0.107642 0.8972698 -0.4281624 -0.1076573 0.8972663 -0.8636282 0.2257342 -0.4507665 -0.8972664 0.107657 -0.4281623 -0.8972664 -0.1076568 -0.4281622 -0.8972663 0.1076573 0.4281624 -0.4281624 -0.1076573 0.8972663 -0.4507667 -0.2257346 0.8636279 -0.8636279 0.2257346 0.4507667 -0.8636281 -0.2257343 -0.4507666 -0.9658881 -0.1524238 0.2093496 -0.9658881 0.1524238 -0.2093495 0 0 -1 0 0 -1 -1.561832E-08 1.561833E-08 1 -1.903248E-08 1.903248E-08 1 0 0 1 0 0 1 0 0 1 0 0 1 0 -6.063956E-08 -1 0 -6.063957E-08 -1 0 -6.063957E-08 -1 -1 0 0 -1 0 0 0 0 1 0 0 1 1 0 0 1 0 0 0 0 1 0 0 1 0 0 1 0 0 1 0 0 1 0 0 1 1 0 0 1 0 0 1 0 0 1 0 0 0 0 1 0 0 1 1 0 0 1 0 0 1 0 0 1 0 0 -2.993486E-08 -2.993486E-08 -1 -2.599402E-08 -4.687756E-08 -1 -1.952025E-08 -3.520278E-08 -1 -1 3.400987E-07 -3.400987E-07 -1 0 0 -9.608088E-09 -5.907694E-08 -1 -9.668349E-09 -5.944747E-08 -1 1 0 0 1 0 0 1 0 0 1 0 0 0 0 1 0 0 1 0 0 1 0 0 1 0 0 -1 0 0 -1 0 0 -1 0 0 -1 0 0 -1 0 0 -1 0 0 -1 0 0 -1 0 0 -1 0 0 -1 -1 0 0 -1 0 0 0 0 1 0 0 1 1 0 0 1 0 0 0 0 1 0 0 1 0 0 1 0 0 1  
			<BiTangents>: 214 6.063984E-08 0 -1 0 0.9701425 0.2425356 3.031983E-08 0 -1 0 0.9701425 -0.2425356 3.032001E-08 0 -1 0 0.9701425 0.2425356 0 0 -1 0 0.9701425 -0.2425356 0 -1 0 0 -1 0 0 -1 0 0.7071068 0.7071068 -2.691599E-08 0 -0.7654499 0.6434955 0 -0.7654499 -0.6434955 0 -0.7654499 -0.6434955 0 -0.7654499 0.6434955 0 0 -1 0 0 -1 0 0 -1 0 0 -1 0 -0.1961161 0.9805807 0 -0.1961161 0.9805807 0 -0.1961161 -0.9805807 0 -0.1961161 -0.9805807 0 -0.911388 -0.4115483 0 -0.911388 0.4115483 0 -0.911388 -0.4115483 0 -0.911388 -0.4115483 0 -0.911388 0.4115483 0 -0.911388 0.4115483 0 -0.911388 0.4115483 0 -0.911388 -0.4115483 0 0.9870314 0.1605277 3.729663E-07 0.8745385 0.4849561 2.230144E-07 0.9870314 0.1605277 1.656101E-07 0.8745385 0.4849561 -3.012921E-07 0.9870314 -0.1605277 3.846605E-07 0.8745385 -0.4849561 1.706809E-07 0.8745385 -0.4849561 2.252696E-07 0.9870314 -0.1605277 0.5884892 -0.808505 -0.0005110509 0 0 -1 0 0 -1 -0.5875647 -0.8091633 -0.004743708 -1.767775E-08 0 -1 9.816388E-10 -0.8084244 0.5886 -0.3119351 -0.950097 -0.003481568 4.679854E-07 -0.9496504 -0.3133115 0.3124489 -0.949932 0.002183026 1.90836E-09 -0.9496505 0.3133113 -9.816388E-10 -0.8084244 0.5886 -0.588488 -0.8085058 0.0005163566 -5.371394E-07 -0.9496505 0.3133111 -0.3130315 -0.9497425 0.0007088438 0.3130317 -0.9497424 -0.0007082608 -5.267889E-07 -0.9496504 -0.3133115 -3.630949E-08 0 -1 -3.489513E-08 0 -1 -0.5886 -0.8084244 -2.108881E-08 -3.489343E-08 0 -1 -0.5858558 -0.81032 0.01243599 -3.429951E-08 0 -1 1.90836E-09 -0.9496505 -0.3133113 0.309668 -0.9508004 -0.009192608 -8.44209E-09 -0.9496505 0.3133113 -0.309687 -0.9507946 0.009144882 3.630949E-08 0 -1 0.5886 -0.8084244 9.816388E-10 -0.3133113 -0.9496505 -8.44209E-09 -0.005971302 -0.9504081 -0.3109482 0.3133113 -0.9496505 2.150955E-08 0.009400752 -0.9508253 0.3095851 0 1 -6.063957E-08 0 1 -6.063956E-08 0 1 -6.063956E-08 -1.546428E-07 1 0 -1.664259E-08 0 -1 -3.488175E-08 0 -1 -1.767869E-08 0 -1 0 0 -1 0.01278907 -0.8103718 0.5857764 -2.108881E-08 -0.8084244 0.5886 0 -1 0 0 -1 0 0 0.7654499 0.6434955 0 0.7654499 0.6434955 0 0.7654499 -0.6434955 0 0.7654499 -0.6434955 4.607266E-07 0.7071068 0.7071068 0 0.7071068 0.7071068 -0.4849561 0.8745385 -4.190973E-08 -0.1605277 0.9870314 -5.985316E-08 -0.1605277 0.9870314 -5.797061E-08 -0.4849561 0.8745385 -3.518197E-08 0.4115483 -0.911388 0 -0.4115483 -0.911388 0 -0.4115483 -0.911388 0 0.4115483 -0.911388 0 0 1 -6.063956E-08 0 1 -6.063957E-08 0 -0.911388 -0.4115483 0 -0.911388 0.4115483 0 -0.911388 0.4115483 0 -0.911388 -0.4115483 0 1 0 -4.452503E-07 1 0 -5.491137E-07 1 0 0.2425356 0.9701425 0 -0.6434955 0.7654499 0 -0.6434955 0.7654499 0 0.2425356 0.9701425 0 0 -1 0 0 -1 0 0 -1 0 -1.731608E-08 0 -1 0 0 -1 0 0 -1 0 0 -1 0.5858166 -0.8103455 -0.01261038 0.5886 -0.8084244 2.108881E-08 -0.2182469 -0.951163 -0.2183055 -0.4325334 -0.7910927 -0.4325358 0.2182858 -0.9511583 0.2182869 0.3557528 -0.9226694 -0.1487322 -0.3554454 -0.9227612 0.148897 0.4325343 -0.7910919 0.4325364 0.4325336 -0.7910926 0.4325357 0.2182858 -0.9511583 0.2182869 0.2182862 -0.9511582 0.2182873 -0.7249578 -0.6486114 0.2318181 0.7251678 -0.6484447 -0.2316272 1.56513E-06 -0.8084242 -0.5886003 9.816388E-10 -0.8084244 -0.5886 0.4325353 -0.7910924 0.4325345 0.2182934 -0.95116 0.2182722 -0.2182865 -0.9511582 -0.2182865 -0.4325345 -0.7910924 0.4325353 -0.2182863 -0.9511583 0.2182867 0.2182861 -0.9511583 -0.2182868 -0.2182865 -0.9511582 -0.2182865 -0.2182865 -0.9511582 -0.2182865 -0.432535 -0.7910923 -0.432535 -0.432535 -0.7910923 -0.432535 0.4325346 -0.7910923 -0.4325351 -2.108881E-08 -0.8084244 -0.5886 9.816388E-10 -0.8084244 -0.5886 0 1 0 0 1 0 -0.7071068 0.7071068 -2.208765E-08 -0.7071068 0.7071068 -2.691599E-08 0 1 0 0 1 0 0 1 0 0 1 0 0 1 -6.063956E-08 0 1 -6.063957E-08 0 1 -6.063957E-08 0 1 0 0 1 0 0.6434955 0.7654499 0 0.6434955 0.7654499 0 0 1 0 0 1 0 0.4115483 -0.911388 0 0.9805807 -0.1961161 0 -0.4115483 -0.911388 0 0.4115483 -0.911388 0 0.4115483 -0.911388 0 -0.4115483 -0.911388 0 0 -0.911388 0.4115483 0 -0.911388 -0.4115483 0 -0.911388 -0.4115483 0 -0.911388 0.4115483 -0.6434955 -0.7654499 0 -0.4115483 -0.911388 0 0 1 0 0 1 0 0 1 0 0 1 0 0.7071068 0.7071068 -4.233428E-08 0.4849432 0.8745457 -5.360219E-08 0.4849432 0.8745457 -4.025265E-08 4.809721E-07 0.7071068 -0.7071068 0 0.7071068 -0.7071068 0.1605277 0.9870314 -5.985316E-08 0.1605277 0.9870314 -6.022855E-08 0 -1 0 0 -1 0 0 -1 0 0 -1 0 0 -1 0 0 -1 0 0 -1 0 0 -1 0 -0.9805807 -0.1961161 0 -0.4115483 -0.911388 0 -0.4115483 -0.911388 0 -0.9805807 -0.1961161 0 0.6434955 -0.7654499 0 0.4115483 -0.911388 0 0.4115483 -0.911388 0 0.6434955 -0.7654499 0 0 1 0 0 1 0 0 1 0 0 1 0 -0.2425356 0.9701425 0 -0.2425356 0.9701425 0 0 1 0 0 1 0 0.9805807 -0.1961161 0 0.4115483 -0.911388 0 -0.4115483 -0.911388 0 -0.6434955 -0.7654499 0  
			<SubMeshes>: 1
				<SubMesh>: 0 432 71 69 62 71 62 64 53 51 58 53 58 68 60 65 46 60 46 43 40 54 70 40 70 67 65 63 48 65 48 46 49 45 50 49 50 52 76 66 61 61 77 76 77 78 76 78 79 76 78 41 79 78 42 41 80 71 64 80 64 81 54 53 68 54 68 70 16 17 19 16 19 18 33 32 34 33 34 35 2 0 4 2 4 6 37 36 39 37 39 38 15 28 25 15 25 12 13 26 27 13 27 14 23 24 31 23 31 22 21 30 29 21 29 20 82 83 9 82 9 10 3 84 85 3 85 7 5 86 87 5 87 1 88 33 35 88 35 89 90 91 92 90 92 93 94 95 96 94 96 97 194 195 196 194 196 197 73 98 99 73 99 72 100 101 102 100 102 103 75 104 105 75 105 106 107 108 109 107 109 110 111 112 8 111 8 113 57 56 59 59 114 57 114 44 57 114 115 44 115 116 44 115 117 116 63 118 119 63 119 48 47 49 52 47 52 55 46 120 121 46 121 43 48 122 120 48 120 46 54 123 124 54 124 53 125 126 127 125 127 128 53 124 129 53 129 51 40 130 123 40 123 54 131 47 55 131 55 132 80 133 134 80 134 71 71 134 135 71 135 69 60 136 137 60 137 65 65 137 138 65 138 63 139 140 141 139 141 142 63 138 143 63 143 118 69 144 145 69 145 62 198 199 200 198 200 201 202 146 147 202 147 203 148 90 93 148 93 149 150 151 152 150 152 153 74 154 155 74 155 156 204 157 158 204 158 205 206 159 160 206 160 207 208 161 162 208 162 209 210 211 163 210 163 164 165 166 167 165 167 168 169 170 171 169 171 172 173 174 212 173 212 213 175 176 177 175 177 178 179 180 181 179 181 11 182 37 38 182 38 183 180 184 185 180 185 181 32 175 178 32 178 34 184 74 156 184 156 185 91 73 72 91 72 92 36 75 106 36 106 39 186 187 188 186 188 189 190 191 192 190 192 193  
		</Mesh>
		<Materials>: 1
			<Material>: 0
				<AlbedoColor>: 1 1 1 1
				<EmissiveColor>: 0 0 0 0
				<Glossiness>: 0.04
				<Metallic>: 0
				<SpecularHighlight>: 1
				<GlossyReflection>: 1
				<AlbedoMap>: BLD_Villa2_A
				<MetallicMap>: BLD_Villa2_MS
				<NormalMap>: BLD_Villa2_N
				<EmissionMap>: null
				<DetailAlbedoMap>: DET_Concrete1_A
				<DetailNormalMap>: DET_Concrete1_N
		</Materials>
		<Children>: 0
	</Frame>
</Hierarchy>
