<Hierarchy>:
	<Frame>: 0 5 Villa2_Base_Stairs_A
		<Transform>: 0 0 0 0 0 0 1 1 1 0 0 0 1  
		<TransformMatrix>: 1 0 0 0 0 1 0 0 0 0 1 0 0 0 0 1  
		<BoxCollider>: 1 3.330617 1.997515 1.154891 6.779342 4.000001 2.710547  
		<Mesh>: 364 Villa2_Base_Stairs_A
			<Bounds>: 3.330617 1.997515 1.154891 3.389671 2 1.355274
			<Positions>: 364 6.720288 0.2575148 2.080637 0.01028806 3.997516 2.080637 6.720288 0.2575148 2.510164 0.01028806 3.997516 2.510152 6.665403 0.162187 2.080637 -0.04459685 3.902188 2.080637 6.665403 0.162187 2.510164 -0.04459685 3.902188 2.510152 3.365288 2.127515 2.080637 3.365288 2.127515 2.510158 3.310403 2.032187 2.080637 3.310403 2.032187 2.510158 6.708048 0.2362559 2.080637 -0.001951764 3.976256 2.080637 6.708048 0.2362559 2.510164 -0.001951764 3.976256 2.510152 3.353048 2.106256 2.510158 3.353048 2.106256 2.080637 6.705579 0.2657131 2.080637 6.705579 0.2657131 2.510164 6.650694 0.1703852 2.080637 6.650694 0.1703852 2.510164 6.693339 0.2444541 2.510164 6.693339 0.2444541 2.080637 0.04427421 3.978572 2.080637 0.04427421 3.978572 2.510152 -0.01061082 3.883245 2.080637 -0.01061082 3.883245 2.510152 0.0320344 3.957314 2.080637 0.0320344 3.957314 2.510152 6.720288 0.2575148 2.104919 0.01028806 3.997516 2.104918 6.665403 0.162187 2.104919 -0.04459685 3.902188 2.104918 3.310403 2.032187 2.104918 3.365288 2.127515 2.104918 -0.001951764 3.976256 2.104918 6.708048 0.2362559 2.104919 6.705579 0.2657131 2.104919 6.650694 0.1703852 2.104919 -0.01061082 3.883245 2.104918 0.04427421 3.978572 2.104918 6.720288 0.2575148 2.488864 0.01028806 3.997516 2.488852 6.665403 0.162187 2.488864 -0.04459685 3.902188 2.488852 3.365288 2.127515 2.488858 -0.001951764 3.976256 2.488852 6.705579 0.2657131 2.488864 0.04427421 3.978572 2.488852 3.310403 2.032187 2.488858 6.708048 0.2362559 2.488864 6.650694 0.1703852 2.488864 -0.01061082 3.883245 2.488852 6.669075 0.1685655 2.080637 -0.04092441 3.908566 2.080637 6.669075 0.1685655 2.510164 -0.04092441 3.908566 2.510152 3.314075 2.038566 2.510158 3.314075 2.038566 2.080637 6.654367 0.1767638 2.510164 6.654367 0.1767638 2.080637 -0.00693837 3.889623 2.080637 -0.00693837 3.889623 2.510152 -0.04092441 3.908566 2.104918 6.669075 0.1685655 2.104919 -0.04092441 3.908566 2.488852 6.669075 0.1685655 2.488864 6.610287 -0.002485275 2.492063 0.01028806 -0.002485275 2.492063 6.610287 0.1975143 2.492063 0.01028806 3.897515 2.492063 6.610287 -0.002485274 2.112558 0.01028806 -0.002485274 2.112558 6.610287 0.1975143 2.112558 0.01028806 3.897515 2.112571 6.520751 -6.151199E-05 2.1 6.520751 -6.152485E-05 -0.2003827 6.222236 0.2 2.1 6.222236 0.2 -0.2003827 6.026612 0.3713667 2.1 6.026612 0.3713665 -0.2003827 5.722236 0.5427332 2.1 5.722236 0.5427332 -0.2003827 5.422237 0.7140996 2.1 5.422237 0.7140996 -0.2003827 5.122238 0.8854661 2.1 5.122238 0.8854661 -0.2003827 4.822237 1.056833 2.1 4.822237 1.056833 -0.2003827 4.522238 1.228199 2.1 4.522238 1.228199 -0.2003827 4.222237 1.399566 2.1 4.222237 1.399566 -0.2003827 3.922237 1.570932 2.1 3.922237 1.570932 -0.2003828 3.622237 1.742299 2.1 3.622237 1.742299 -0.2003828 3.322237 1.913665 2.1 3.322237 1.913665 -0.2003828 3.120752 2.085032 2.1 3.120752 2.085032 -0.2003828 2.822237 2.256398 2.1 2.822237 2.256398 -0.2003828 2.522238 2.427765 2.1 2.522238 2.427765 -0.2003828 2.222236 2.599131 2.1 2.222236 2.599131 -0.2003828 1.922237 2.770498 2.1 1.922237 2.770498 -0.2003828 1.622238 2.941864 2.1 1.622238 2.941864 -0.2003828 1.322237 3.113231 2.1 1.322237 3.113231 -0.2003828 1.022238 3.284598 2.1 1.022238 3.284598 -0.2003828 0.7222369 3.455964 2.1 0.7222369 3.455964 -0.2003828 0.4222377 3.627331 2.1 0.4222377 3.627331 -0.2003828 -0.05905408 3.798697 2.1 -0.05905408 3.798697 -0.2003829 6.516117 0.2 2.1 6.538806 0.1788046 2.1 6.538806 0.1788046 -0.2003827 6.516117 0.2 -0.2003827 6.216115 0.3713667 2.1 6.238451 0.3501997 2.1 6.238451 0.3501997 -0.2003827 6.216115 0.3713665 -0.2003827 6.016117 0.5427332 2.1 6.038452 0.5215664 2.1 6.038452 0.5215664 -0.2003827 6.016117 0.5427332 -0.2003827 5.716115 0.7140996 2.1 5.738451 0.6929328 2.1 5.738451 0.6929326 -0.2003827 5.716115 0.7140996 -0.2003827 5.416116 0.8854661 2.1 5.438451 0.8642993 2.1 5.438451 0.8642993 -0.2003827 5.416116 0.8854661 -0.2003827 5.116117 1.056833 2.1 5.138452 1.035666 2.1 5.138452 1.035666 -0.2003827 5.116117 1.056833 -0.2003827 4.816117 1.228199 2.1 4.838452 1.207032 2.1 4.838452 1.207032 -0.2003827 4.816117 1.228199 -0.2003827 4.516117 1.399566 2.1 4.538452 1.378399 2.1 4.538452 1.378399 -0.2003827 4.516117 1.399566 -0.2003827 4.216116 1.570932 2.1 4.238451 1.549766 2.1 4.238451 1.549766 -0.2003828 4.216116 1.570932 -0.2003828 3.916116 1.742299 2.1 3.938452 1.721132 2.1 3.938452 1.721132 -0.2003828 3.916116 1.742299 -0.2003828 3.616116 1.913665 2.1 3.638451 1.892498 2.1 3.638451 1.892498 -0.2003828 3.616116 1.913665 -0.2003828 3.316116 2.085032 2.1 3.338451 2.063865 2.1 3.338451 2.063865 -0.2003828 3.316116 2.085032 -0.2003828 3.116116 2.256398 2.1 3.138451 2.235231 2.1 3.138451 2.235231 -0.2003828 3.116116 2.256398 -0.2003828 2.816116 2.427765 2.1 2.838451 2.406598 2.1 2.838451 2.406598 -0.2003828 2.816116 2.427765 -0.2003828 2.516117 2.599131 2.1 2.538452 2.577964 2.1 2.538451 2.577964 -0.2003828 2.516117 2.599131 -0.2003828 2.216116 2.770498 2.1 2.238451 2.749331 2.1 2.238451 2.749331 -0.2003828 2.216116 2.770498 -0.2003828 1.916116 2.941864 2.1 1.938452 2.920697 2.1 1.938452 2.920697 -0.2003828 1.916116 2.941864 -0.2003828 1.616116 3.113231 2.1 1.638451 3.092064 2.1 1.638451 3.092064 -0.2003828 1.616116 3.113231 -0.2003828 1.316116 3.284598 2.1 1.338451 3.263431 2.1 1.338451 3.263431 -0.2003828 1.316116 3.284598 -0.2003828 1.016116 3.455964 2.1 1.038451 3.434797 2.1 1.038451 3.434797 -0.2003828 1.016116 3.455964 -0.2003828 0.7161162 3.627331 2.1 0.7384513 3.606164 2.1 0.7384513 3.606164 -0.2003828 0.7161162 3.627331 -0.2003828 0.416117 3.798697 2.1 0.4384521 3.77753 2.1 0.4384521 3.77753 -0.2003829 0.416117 3.798697 -0.2003829 -0.04459685 3.902188 2.080637 -0.04459685 3.902188 2.104918 -0.01061082 3.883245 2.080637 3.310403 2.032187 2.080637 6.650694 0.1703852 2.080637 6.705579 0.2657131 2.510164 3.365288 2.127515 2.510158 0.04427421 3.978572 2.510152 0.01028806 3.997516 2.510152 6.720288 0.2575148 2.510164 6.708048 0.2362559 2.510164 6.720288 0.2575148 2.488864 6.720288 0.2575148 2.510164 6.665403 0.162187 2.080637 6.669075 0.1685655 2.510164 6.665403 0.162187 2.510164 0.01028806 3.997516 2.080637 -0.001951764 3.976256 2.080637 -0.04092441 3.908566 2.080637 -0.04459685 3.902188 2.080637 3.365288 2.127515 2.080637 0.04427421 3.978572 2.080637 6.665403 0.162187 2.488864 6.720288 0.2575148 2.080637 6.705579 0.2657131 2.080637 6.720288 0.2575148 2.080637 6.720288 0.2575148 2.104919 6.708048 0.2362559 2.080637 0.01028806 3.997516 2.488852 6.669075 0.1685655 2.080637 6.665403 0.162187 2.104919 6.665403 0.162187 2.080637 -0.04459685 3.902188 2.488852 0.01028806 3.997516 2.080637 0.01028806 3.997516 2.104918 -0.01061082 3.883245 2.510152 -0.04459685 3.902188 2.510152 -0.04092441 3.908566 2.510152 -0.04459685 3.902188 2.510152 6.650694 0.1703852 2.510164 3.310403 2.032187 2.510158 0.01028806 3.997516 2.510152 -0.001951764 3.976256 2.510152 6.665403 0.162187 2.510164 6.610287 -0.002485275 2.492063 6.610287 -0.002485274 2.112558 6.610287 0.1975143 2.112558 6.610287 0.1975143 2.492063 0.01028806 3.897515 2.492063 0.01028806 3.897515 2.112571 0.01028806 -0.002485274 2.112558 0.01028806 -0.002485275 2.492063 3.120752 2.085032 2.1 3.120752 2.085032 -0.2003828 6.538806 0.1788046 2.1 6.538806 0.1788046 -0.2003827 5.416116 0.8854661 2.1 5.416116 0.8854661 -0.2003827 3.916116 1.742299 2.1 3.916116 1.742299 -0.2003828 3.138451 2.235231 2.1 3.138451 2.235231 -0.2003828 6.238451 0.3501997 2.1 6.222236 0.2 2.1 6.222236 0.2 -0.2003827 6.238451 0.3501997 -0.2003827 5.738451 0.6929328 2.1 5.722236 0.5427332 2.1 5.722236 0.5427332 -0.2003827 5.738451 0.6929326 -0.2003827 5.422237 0.7140996 2.1 5.422237 0.7140996 -0.2003827 5.138452 1.035666 2.1 5.122238 0.8854661 2.1 5.122238 0.8854661 -0.2003827 5.138452 1.035666 -0.2003827 4.838452 1.207032 2.1 4.822237 1.056833 2.1 4.822237 1.056833 -0.2003827 4.838452 1.207032 -0.2003827 4.538452 1.378399 2.1 4.522238 1.228199 2.1 4.522238 1.228199 -0.2003827 4.538452 1.378399 -0.2003827 4.238451 1.549766 2.1 4.222237 1.399566 2.1 4.222237 1.399566 -0.2003827 4.238451 1.549766 -0.2003828 3.922237 1.570932 2.1 3.922237 1.570932 -0.2003828 3.638451 1.892498 2.1 3.622237 1.742299 2.1 3.622237 1.742299 -0.2003828 3.638451 1.892498 -0.2003828 3.338451 2.063865 2.1 3.322237 1.913665 2.1 3.322237 1.913665 -0.2003828 3.338451 2.063865 -0.2003828 2.838451 2.406598 2.1 2.822237 2.256398 2.1 2.822237 2.256398 -0.2003828 2.838451 2.406598 -0.2003828 2.538452 2.577964 2.1 2.522238 2.427765 2.1 2.522238 2.427765 -0.2003828 2.538451 2.577964 -0.2003828 2.238451 2.749331 2.1 2.222236 2.599131 2.1 2.222236 2.599131 -0.2003828 2.238451 2.749331 -0.2003828 1.938452 2.920697 2.1 1.922237 2.770498 2.1 1.922237 2.770498 -0.2003828 1.938452 2.920697 -0.2003828 1.638451 3.092064 2.1 1.622238 2.941864 2.1 1.622238 2.941864 -0.2003828 1.638451 3.092064 -0.2003828 1.338451 3.263431 2.1 1.322237 3.113231 2.1 1.322237 3.113231 -0.2003828 1.338451 3.263431 -0.2003828 1.038451 3.434797 2.1 1.022238 3.284598 2.1 1.022238 3.284598 -0.2003828 1.038451 3.434797 -0.2003828 0.7384513 3.606164 2.1 0.7222369 3.455964 2.1 0.7222369 3.455964 -0.2003828 0.7384513 3.606164 -0.2003828 0.4384521 3.77753 2.1 0.4222377 3.627331 2.1 0.4222377 3.627331 -0.2003828 0.4384521 3.77753 -0.2003829 6.038452 0.5215664 2.1 6.026612 0.3713667 2.1 6.026612 0.3713665 -0.2003827 6.038452 0.5215664 -0.2003827 3.365288 2.127515 2.080637 3.353048 2.106256 2.080637 3.314075 2.038566 2.080637 3.310403 2.032187 2.080637 3.365288 2.127515 2.510158 3.353048 2.106256 2.510158 3.314075 2.038566 2.510158 3.310403 2.032187 2.510158 3.310403 2.032187 2.104918 3.310403 2.032187 2.080637 3.365288 2.127515 2.488858 3.365288 2.127515 2.510158 3.365288 2.127515 2.080637 3.365288 2.127515 2.104918 3.310403 2.032187 2.488858 3.310403 2.032187 2.510158  
			<Colors>: 0  
			<TextureCoords0>: 364 0.375 0.6914063 0.5673828 0.6943359 0.5356445 0.6767578 0.375 0.6782227 0.375 0.6948242 0.3754883 0.6748047 0.5356445 0.6855469 0.375 0.6748047 0.5991211 0.6914063 0.5991211 0.6782227 0.5991211 0.6948242 0.5991211 0.6748047 0.375 0.6921685 0.5673828 0.6923759 0.5356445 0.6787179 0.375 0.6774604 0.5991211 0.6774604 0.5991211 0.6921685 0.3759826 0.6914063 0.3759826 0.6782227 0.3759826 0.6948242 0.3759826 0.6748047 0.3759826 0.6774604 0.3759826 0.6921685 0.3772703 0.6914063 0.3772703 0.6782227 0.3774371 0.6748047 0.3772703 0.6748047 0.3772703 0.6921685 0.3772703 0.6774604 0.375 0.690661 0.5655887 0.6943359 0.3754883 0.6759365 0.3754883 0.6759364 0.5678711 0.6759364 0.5991211 0.690661 0.5655886 0.6923759 0.5655887 0.6787179 0.3759826 0.690661 0.3763317 0.6759364 0.3774371 0.6759364 0.3772703 0.690661 0.5372185 0.6767578 0.375 0.6788764 0.5372185 0.6855469 0.5372185 0.6855469 0.5991211 0.6788764 0.5372185 0.6923759 0.3759826 0.6788764 0.3772703 0.6788764 0.5678711 0.6938314 0.5372185 0.6787179 0.3763317 0.6938314 0.3774371 0.6938314 0.375 0.6945955 0.5673828 0.686135 0.5356445 0.6849588 0.375 0.6750334 0.5991211 0.6750333 0.5991211 0.6945955 0.3759825 0.6750335 0.3759825 0.6945955 0.3772703 0.6945955 0.3772703 0.6750334 0.5655886 0.686135 0.5655887 0.6849588 0.5372185 0.686135 0.5372185 0.6849588 0.6040039 0.9990234 0.8969727 0.9990234 0.6040039 0.9902344 0.8969727 0.8251953 0.621582 0.9990234 0.9155273 0.9990234 0.621582 0.9902344 0.9155273 0.8251953 0.7480469 0.6943359 0.6005859 0.6943359 0.7480469 0.6621094 0.6005859 0.6621094 0.8149414 0.6621094 0.6738281 0.6621094 0.8149414 0.6621094 0.6733398 0.6621094 0.8149414 0.6621094 0.6733398 0.6621094 0.8149414 0.6621094 0.6733398 0.6621094 0.8149414 0.6621094 0.6733398 0.6621094 0.7480469 0.6621094 0.6005859 0.6621094 0.8149414 0.6621094 0.6733398 0.6621094 0.7480469 0.6621094 0.6005859 0.6621094 0.8149414 0.6621094 0.6733398 0.6621094 0.7480469 0.6621094 0.6005859 0.6621094 0.7480469 0.6943359 0.6005859 0.6943359 0.7480469 0.6621094 0.6005859 0.6621094 0.8149414 0.6621094 0.6733398 0.6621094 0.7480469 0.6621094 0.6005859 0.6621094 0.8149414 0.6621094 0.6733398 0.6621094 0.7480469 0.6621094 0.6005859 0.6621094 0.8149414 0.6621094 0.6733398 0.6621094 0.7480469 0.6621094 0.6005859 0.6621094 0.8149414 0.6621094 0.6733398 0.6621094 0.7480469 0.6621094 0.6005859 0.6621094 0.7480469 0.6621094 0.6005859 0.6621094 0.7480469 0.6826172 0.7480469 0.6855469 0.6005859 0.6855469 0.6005859 0.6826172 0.8149414 0.6748047 0.8149414 0.6772461 0.6738281 0.6772461 0.6738281 0.6748047 0.8149414 0.6816406 0.8149414 0.6845703 0.6733398 0.6845703 0.6733398 0.6816406 0.8149414 0.6816406 0.8149414 0.6845703 0.6733398 0.6845703 0.6733398 0.6816406 0.8149414 0.6816406 0.8149414 0.6845703 0.6733398 0.6845703 0.6733398 0.6816406 0.8149414 0.6816406 0.8149414 0.6845703 0.6733398 0.6845703 0.6733398 0.6816406 0.7480469 0.6826172 0.7480469 0.6855469 0.6005859 0.6855469 0.6005859 0.6826172 0.8149414 0.6816406 0.8149414 0.6845703 0.6733398 0.6845703 0.6733398 0.6816406 0.7480469 0.6826172 0.7480469 0.6855469 0.6005859 0.6855469 0.6005859 0.6826172 0.8149414 0.6816406 0.8149414 0.6845703 0.6733398 0.6845703 0.6733398 0.6816406 0.7480469 0.6826172 0.7480469 0.6855469 0.6005859 0.6855469 0.6005859 0.6826172 0.8149414 0.675293 0.8149414 0.6777344 0.6738281 0.6777344 0.6738281 0.675293 0.7480469 0.6826172 0.7480469 0.6855469 0.6005859 0.6855469 0.6005859 0.6826172 0.8149414 0.6816406 0.8149414 0.6845703 0.6733398 0.6845703 0.6733398 0.6816406 0.7480469 0.6826172 0.7480469 0.6855469 0.6005859 0.6855469 0.6005859 0.6826172 0.8149414 0.6816406 0.8149414 0.6845703 0.6733398 0.6845703 0.6733398 0.6816406 0.7480469 0.6831055 0.7480469 0.6855469 0.6005859 0.6855469 0.6005859 0.6831055 0.8149414 0.6816406 0.8149414 0.6845703 0.6733398 0.6845703 0.6733398 0.6816406 0.7480469 0.6826172 0.7480469 0.6855469 0.6005859 0.6855469 0.6005859 0.6826172 0.8149414 0.6816406 0.8149414 0.6845703 0.6733398 0.6845703 0.6733398 0.6816406 0.7480469 0.6826172 0.7480469 0.6855469 0.6005859 0.6855469 0.6005859 0.6826172 0.7480469 0.6826172 0.7480469 0.684082 0.6005859 0.684082 0.6005859 0.6826172 0.5673828 0.6855469 0.5655886 0.6855469 0.3772703 0.6948242 0.5678711 0.6748047 0.3763317 0.6748047 0.3759826 0.6782227 0.5991211 0.6782227 0.3772703 0.6782227 0.375 0.6782227 0.375 0.6782227 0.375 0.6774604 0.375 0.6788764 0.375 0.6782227 0.3754883 0.6748047 0.375 0.6750335 0.375 0.6748047 0.375 0.6914063 0.375 0.6921685 0.375 0.6945955 0.375 0.6948242 0.5991211 0.6914063 0.3772703 0.6914063 0.3754883 0.6938314 0.375 0.6914063 0.3759826 0.6914063 0.5673828 0.6767578 0.5655886 0.6767578 0.5673828 0.6787179 0.5372185 0.6943359 0.5673828 0.6849588 0.5655887 0.6855469 0.5673828 0.6855469 0.3754883 0.6938314 0.375 0.6914063 0.375 0.690661 0.3774371 0.6948242 0.3754883 0.6948242 0.5356445 0.686135 0.5356445 0.6855469 0.3763317 0.6948242 0.5678711 0.6948242 0.5356445 0.6943359 0.5356445 0.6923759 0.3754883 0.6948242 0.4707031 0.6943359 0.4399414 0.6943359 0.4399414 0.675293 0.4707031 0.675293 0.8969727 0.8251953 0.9155273 0.8251953 0.9155273 0.9990234 0.8969727 0.9990234 0.8149414 0.6621094 0.6738281 0.6621094 0.7480469 0.6855469 0.6005859 0.6855469 0.8149414 0.6816406 0.6733398 0.6816406 0.8149414 0.6816406 0.6733398 0.6816406 0.7480469 0.6855469 0.6005859 0.6855469 0.8149414 0.6772461 0.8149414 0.6870117 0.6738281 0.6870117 0.6738281 0.6772461 0.8149414 0.6845703 0.8149414 0.6943359 0.6733398 0.6943359 0.6733398 0.6845703 0.8149414 0.6943359 0.6733398 0.6943359 0.8149414 0.6845703 0.8149414 0.6943359 0.6733398 0.6943359 0.6733398 0.6845703 0.7480469 0.6855469 0.7480469 0.6943359 0.6005859 0.6943359 0.6005859 0.6855469 0.8149414 0.6845703 0.8149414 0.6943359 0.6733398 0.6943359 0.6733398 0.6845703 0.7480469 0.6855469 0.7480469 0.6943359 0.6005859 0.6943359 0.6005859 0.6855469 0.8149414 0.6943359 0.6733398 0.6943359 0.7480469 0.6855469 0.7480469 0.6943359 0.6005859 0.6943359 0.6005859 0.6855469 0.8149414 0.6777344 0.8149414 0.6879883 0.6738281 0.6879883 0.6738281 0.6777344 0.8149414 0.6845703 0.8149414 0.6943359 0.6733398 0.6943359 0.6733398 0.6845703 0.7480469 0.6855469 0.7480469 0.6943359 0.6005859 0.6943359 0.6005859 0.6855469 0.8149414 0.6845703 0.8149414 0.6943359 0.6733398 0.6943359 0.6733398 0.6845703 0.7480469 0.6855469 0.7480469 0.6943359 0.6005859 0.6943359 0.6005859 0.6855469 0.8149414 0.6845703 0.8149414 0.6943359 0.6733398 0.6943359 0.6733398 0.6845703 0.7480469 0.6855469 0.7480469 0.6943359 0.6005859 0.6943359 0.6005859 0.6855469 0.8149414 0.6845703 0.8149414 0.6943359 0.6733398 0.6943359 0.6733398 0.6845703 0.7480469 0.6855469 0.7480469 0.6943359 0.6005859 0.6943359 0.6005859 0.6855469 0.7480469 0.684082 0.7480469 0.6943359 0.6005859 0.6943359 0.6005859 0.684082 0.8149414 0.6845703 0.8149414 0.6943359 0.6733398 0.6943359 0.6733398 0.6845703 0.5991211 0.6914063 0.5991211 0.6921685 0.5991211 0.6945955 0.5991211 0.6948242 0.5991211 0.6782227 0.5991211 0.6774604 0.5991211 0.6750333 0.5991211 0.6748047 0.5678711 0.6759364 0.5678711 0.6748047 0.5991211 0.6788764 0.5991211 0.6782227 0.5991211 0.6914063 0.5991211 0.690661 0.5678711 0.6938314 0.5678711 0.6948242  
			<TextureCoords1>: 364 0.00390625 0.9713891 0.9554862 0.9427771 0.9554862 0.9570831 0.003906405 0.9674829 0.004050706 0.9817879 0.003906253 0.9229658 0.9554862 0.9674829 0.00390625 0.9960938 0.3670459 0.9713892 0.367046 0.967482 0.3671901 0.981788 0.3670457 0.9960933 0.003938351 0.9737082 0.9554862 0.9450964 0.9554862 0.9594023 0.004018629 0.988014 0.3671581 0.9880136 0.3670779 0.9737083 0.005498341 0.9713892 0.7285938 0.9674813 0.005642538 0.981788 0.7285932 0.996093 0.7287056 0.9880132 0.005530376 0.9737082 0.7265068 0.9713892 0.007584993 0.9674828 0.007584853 0.9229658 0.007584845 0.9960938 0.7265388 0.9737082 0.007697225 0.988014 0.7301856 0.9291677 0.9577818 0.9427771 0.7301853 0.9206701 0.003906257 0.9206702 0.3670458 0.9206701 0.3670459 0.9291691 0.9577818 0.9450964 0.9937997 0.9594023 0.7285936 0.9291677 0.7285933 0.92067 0.007584854 0.9206702 0.007584853 0.9291704 0.9575 0.9570831 0.003906389 0.9654691 0.9575 0.9674829 0.9940805 0.9531769 0.367046 0.9654682 0.9940805 0.9450964 0.7285938 0.9654675 0.007584987 0.9654691 0.3670458 0.8843709 0.9575 0.9594023 0.7285933 0.8843703 0.007584859 0.8843714 0.004041037 0.9810922 0.9554862 0.952481 0.9554862 0.966787 0.003915942 0.9953979 0.3670554 0.9953976 0.3671806 0.9810922 0.7286029 0.9953972 0.005633079 0.9810922 0.7266416 0.9810922 0.007594506 0.9953979 0.9577818 0.952481 0.9937997 0.966787 0.9940805 0.952481 0.9575 0.966787 0.6278974 0.5058219 0.003906493 0.505822 0.6278974 0.4869131 0.00390625 0.1370998 0.003906441 0.8784502 0.6278976 0.8784502 0.00390625 0.8595414 0.6278976 0.5097283 0.6318038 0.1039965 0.8492914 0.1039965 0.8492916 0.6191096 0.631804 0.6191096 0.5940225 0.09859359 0.3765348 0.09859359 0.8492914 0.4366217 0.6318038 0.4366217 0.8492914 0.4020215 0.6318038 0.4020215 0.8492914 0.3357306 0.6318038 0.3357306 0.8492914 0.4712218 0.6318038 0.4712218 0.8492916 0.5844831 0.631804 0.5844831 0.8492914 0.505822 0.6318038 0.505822 0.221394 0.09340739 0.003906438 0.09340739 0.8492914 0.3674214 0.6318038 0.3674214 0.8492916 0.549883 0.631804 0.549883 0.6318038 0.08309358 0.8492914 0.08309358 0.9515794 0.9229658 0.7340918 0.9229658 0.221394 0.03352129 0.003906406 0.03352129 0.8492916 0.6537098 0.631804 0.6537098 0.8492916 0.79211 0.631804 0.79211 0.8492916 0.75751 0.631804 0.75751 0.8492916 0.6883099 0.631804 0.6883099 0.5940225 0.1331936 0.3765348 0.1331936 0.8492916 0.7229099 0.631804 0.7229099 0.8492916 0.82671 0.631804 0.82671 0.8492916 0.8784502 0.631804 0.8784502 0.8492914 0.5913249 0.6318037 0.08699983 0.8492913 0.08699983 0.6318039 0.5913249 0.5940223 0.08067715 0.5940225 0.07776785 0.3765348 0.07776791 0.3765347 0.08067715 0.8492913 0.408837 0.8492914 0.4059277 0.6318038 0.4059277 0.6318037 0.408837 0.8492913 0.3742369 0.8492914 0.3713277 0.6318038 0.3713277 0.6318037 0.3742369 0.8492913 0.3079461 0.7340921 0.9531999 0.9515797 0.9531999 0.6318037 0.3079461 0.8492913 0.4434372 0.8492914 0.4405279 0.6318038 0.4405279 0.6318037 0.4434372 0.8492914 0.5566986 0.8492914 0.5537893 0.6318038 0.5537893 0.6318039 0.5566986 0.8492913 0.4780374 0.8492914 0.4751281 0.6318038 0.4751281 0.6318037 0.4780374 0.2213939 0.06562287 0.2213938 0.06271356 0.00390625 0.06271356 0.003906283 0.06562287 0.8492913 0.3396369 0.7340921 0.9321014 0.9515797 0.9321014 0.6318037 0.3396369 0.8492914 0.5220984 0.8492914 0.5191892 0.6318038 0.5191892 0.6318039 0.5220984 0.2213939 0.04033679 0.2213938 0.03742754 0.00390625 0.03742754 0.003906283 0.04033679 0.9515792 0.8951812 0.6318037 0.06879491 0.8492913 0.06879491 0.7340916 0.8951812 0.2213939 0.005736768 0.221394 0.002827466 0.003906394 0.002827466 0.00390625 0.005736768 0.8492914 0.6259251 0.8492914 0.6230159 0.6318038 0.6230159 0.6318039 0.6259251 0.8492914 0.7643255 0.8492914 0.7614163 0.6318038 0.7614163 0.6318039 0.7643255 0.8492914 0.7297255 0.8492914 0.7268162 0.6318038 0.7268162 0.6318039 0.7297255 0.8492914 0.6605253 0.8492914 0.657616 0.6318038 0.657616 0.6318039 0.6605253 0.5940223 0.1054091 0.5940225 0.1024998 0.3765348 0.1024998 0.3765347 0.1054091 0.8492914 0.6951255 0.8492914 0.6922162 0.6318038 0.6922162 0.6318039 0.6951255 0.8492914 0.7989256 0.8492914 0.7960163 0.6318038 0.7960163 0.6318039 0.7989256 0.8492914 0.8335256 0.8492914 0.8306163 0.6318038 0.8306163 0.6318039 0.8335256 0.9554862 0.9531769 0.9577818 0.9531769 0.726651 0.9817879 0.3670458 0.9229658 0.7285933 0.9229658 0.7287378 0.9856942 0.3671904 0.9856946 0.00772948 0.985695 0.004050881 0.985695 0.7303299 0.9856942 0.7302976 0.9880132 0.7301857 0.9654675 0.7301857 0.9674813 0.7301853 0.9229658 0.7301949 0.9953972 0.7301852 0.996093 0.7301853 0.9713893 0.7302175 0.9737083 0.7303202 0.9810921 0.7303298 0.981788 0.3670459 0.9268734 0.007584847 0.9268748 0.7301853 0.8843703 0.7301856 0.926872 0.7285936 0.926872 0.9960955 0.9570831 0.9937997 0.9570831 0.9960954 0.9594023 0.9940805 0.9427771 0.9960954 0.966787 0.9937997 0.9674829 0.9960954 0.9674829 0.00390626 0.8843715 0.00390625 0.9268748 0.003906256 0.9291704 0.00758486 0.8823577 0.00390625 0.8823577 0.9960943 0.952481 0.9960943 0.9531769 0.7285933 0.8823565 0.3670458 0.8823571 0.9960943 0.9427771 0.9960943 0.9450964 0.7301854 0.8823565 0.9554856 0.9229658 0.9913656 0.9229657 0.9913656 0.9040569 0.9554856 0.904057 0.003906312 0.09731364 0.00390625 0.1331924 0.3726285 0.1331936 0.3726282 0.09731364 0.221394 0.05880731 0.003906415 0.05880731 0.8492914 0.5883894 0.6318038 0.5883894 0.7340922 0.9502906 0.9515799 0.9502906 0.734092 0.9291921 0.9515796 0.9291921 0.9515792 0.8922719 0.7340916 0.8922719 0.3765348 0.0595786 0.3765347 0.0738616 0.5940224 0.0738616 0.5940225 0.0595786 0.3765348 0.02320009 0.3765347 0.0374831 0.5940224 0.0374831 0.5940225 0.02320015 0.734092 0.9674829 0.9515797 0.9674829 0.6318037 0.2534167 0.6318038 0.2676997 0.8492913 0.2676997 0.8492914 0.2534167 0.6318038 0.271606 0.6318037 0.285889 0.8492914 0.285889 0.8492913 0.271606 0.6318037 0.03241634 0.6318038 0.04669935 0.8492914 0.04669935 0.8492913 0.03241634 0.6318037 0.0506056 0.6318038 0.06488866 0.8492914 0.06488866 0.8492913 0.0506056 0.7340922 0.9463843 0.9515797 0.9463843 0.6318037 0.01422715 0.6318038 0.02851009 0.8492914 0.02851009 0.8492913 0.01422715 0.3765348 0.04138935 0.3765347 0.05567235 0.5940224 0.05567235 0.5940225 0.04138935 0.6318037 0.1079028 0.6318038 0.1221858 0.8492914 0.1221858 0.8492913 0.1079028 0.3765347 0.005010903 0.3765348 0.01929384 0.5940224 0.01929384 0.5940225 0.005010903 0.6318037 0.2170382 0.6318038 0.2313212 0.8492914 0.2313212 0.8492913 0.2170382 0.6318037 0.1442813 0.6318038 0.1585642 0.8492914 0.1585642 0.8492913 0.1442813 0.6318037 0.1806597 0.6318038 0.1949427 0.8492914 0.1949427 0.8492913 0.1806597 0.6318037 0.198849 0.6318038 0.213132 0.8492914 0.213132 0.8492913 0.198849 0.6318037 0.1624705 0.6318038 0.1767535 0.8492914 0.1767535 0.8492913 0.1624705 0.6318037 0.126092 0.6318038 0.140375 0.8492914 0.140375 0.8492913 0.126092 0.6318037 0.2352275 0.6318038 0.2495105 0.8492914 0.2495105 0.8492913 0.2352275 0.6318038 0.2897953 0.6318037 0.3040398 0.8492914 0.3040398 0.8492913 0.2897953 0.3670459 0.9713892 0.3670779 0.9737083 0.3671806 0.9810922 0.3671901 0.981788 0.3671904 0.9856946 0.3671581 0.9880136 0.3670554 0.9953976 0.3670457 0.9960933 0.3670458 0.9206701 0.3670458 0.9229658 0.367046 0.9654682 0.367046 0.967482 0.3670459 0.9268734 0.3670459 0.9291691 0.3670458 0.8843709 0.3670458 0.8823571  
			<Normals>: 364 0.7874213 0.2178753 -0.5766264 -0.2176021 0.7864194 -0.5780951 0.7874213 0.2178753 0.5766264 -0.2176021 0.7864194 0.5780951 0.2176021 -0.7864194 -0.5780951 -0.7874213 -0.2178753 -0.5766264 0.2176021 -0.7864194 0.5780951 -0.7874213 -0.2178753 0.5766264 0.3442582 0.6176504 -0.7071027 0.3442582 0.6176504 0.7071027 -0.3442582 -0.6176504 -0.7071027 -0.3442582 -0.6176504 0.7071027 0.6128023 -0.3528061 -0.7071077 -0.6128023 0.3528061 -0.7071077 0.6128023 -0.3528061 0.7071077 -0.6128023 0.3528061 0.7071077 0 0 1 0 0 -1 0.3442582 0.6176504 -0.7071027 0.3442582 0.6176504 0.7071027 -0.3442582 -0.6176504 -0.7071027 -0.3442582 -0.6176504 0.7071027 0 0 1 0 0 -1 0.3442582 0.6176504 -0.7071027 0.3442582 0.6176504 0.7071027 -0.3442582 -0.6176504 -0.7071027 -0.3442582 -0.6176504 0.7071027 0 0 -1 0 0 1 0.9637867 0.2666741 0 -0.2666741 0.9637867 0 0.2666741 -0.9637867 0 -0.9637867 -0.2666741 0 -0.4868422 -0.87349 0 0.4868422 0.87349 0 -0.8666253 0.4989596 0 0.8666253 -0.4989596 0 0.4868422 0.87349 0 -0.4868422 -0.87349 0 -0.4868422 -0.87349 0 0.4868422 0.87349 0 0.9637867 0.2666741 0 -0.2666741 0.9637867 0 0.2666741 -0.9637867 0 -0.9637867 -0.2666741 0 0.4868422 0.87349 0 -0.8666253 0.4989596 0 0.4868422 0.87349 0 0.4868422 0.87349 0 -0.4868422 -0.87349 0 0.8666253 -0.4989596 0 -0.4868422 -0.87349 0 -0.4868656 -0.873477 0 0.6128023 -0.3528061 -0.7071077 -0.6128023 0.3528061 -0.7071077 0.6128023 -0.3528061 0.7071077 -0.6128023 0.3528061 0.7071077 0 0 1 0 0 -1 0 0 1 0 0 -1 0 0 -1 0 0 1 -0.8666253 0.4989596 0 0.8666253 -0.4989596 0 -0.8666253 0.4989596 0 0.8666253 -0.4989596 0 0 0 1 0 0 1 0 0 1 0 0 1 0 0 -1 0 0 -1 0 0 -1 0 0 -1 0.9949464 -0.1004072 0 0.9949464 -0.1004072 0 0 1 0 0 1 0 0 1 0 0 1 0 0 1 0 0 1 0 0 1 0 0 1 0 0 1 0 0 1 0 0 1 0 0 1 0 0 1 0 0 1 0 0 1 0 0 1 0 0 1 0 0 1 0 0 1 0 0 1 0 0 1 0 0 1 0 0.9931306 -0.1170112 0 0.9931306 -0.1170112 0 0 1 0 0 1 0 0 1 0 0 1 0 0 1 0 0 1 0 0 1 0 0 1 0 0 1 0 0 1 0 0 1 0 0 1 0 0 1 0 0 1 0 0 1 0 0 1 0 0 1 0 0 1 0 0 1 0 0 1 0 0.3669032 0.9302591 0 0.936102 0.3517287 0 0.936102 0.3517287 0 0.3669032 0.9302591 0 0.3702275 0.9289411 0 0.9385613 0.3451127 0 0.9385613 0.3451127 0 0.3702275 0.9289411 0 0.3702275 0.9289411 0 0.9334911 0.3586007 0 0.9334911 0.3586007 0 0.3702275 0.9289411 0 0.3702275 0.9289411 0 0.9385613 0.3451127 0 0.9385613 0.3451127 0 0.3702275 0.9289411 0 0.3702275 0.9289411 0 0.9385613 0.3451127 0 0.9385613 0.3451127 0 0.3702275 0.9289411 0 0.3702275 0.9289411 0 0.9385613 0.3451127 0 0.9385613 0.3451127 0 0.3702275 0.9289411 0 0.3702275 0.9289411 0 0.9385613 0.3451127 0 0.9385613 0.3451127 0 0.3702275 0.9289411 0 0.3702275 0.9289411 0 0.9385613 0.3451127 0 0.9385613 0.3451127 0 0.3702275 0.9289411 0 0.3702275 0.9289411 0 0.9385613 0.3451127 0 0.9385613 0.3451127 0 0.3702275 0.9289411 0 0.3702275 0.9289411 0 0.9385613 0.3451127 0 0.9385613 0.3451127 0 0.3702275 0.9289411 0 0.3702275 0.9289411 0 0.9385613 0.3451127 0 0.9385613 0.3451127 0 0.3702275 0.9289411 0 0.3702275 0.9289411 0 0.9385613 0.3451127 0 0.9385613 0.3451127 0 0.3702275 0.9289411 0 0.3702275 0.9289411 0 0.9402425 0.3405053 0 0.9402425 0.3405053 0 0.3702275 0.9289411 0 0.3702275 0.9289411 0 0.9385613 0.3451127 0 0.9385613 0.3451127 0 0.3702275 0.9289411 0 0.3702538 0.9289306 0 0.9385711 0.3450858 0 0.9385711 0.3450858 0 0.3702538 0.9289306 0 0.3702275 0.9289411 0 0.9385613 0.3451127 0 0.9385613 0.3451127 0 0.3702275 0.9289411 0 0.3702275 0.9289411 0 0.9385613 0.3451127 0 0.9385613 0.3451127 0 0.3702275 0.9289411 0 0.3702275 0.9289411 0 0.9385613 0.3451127 0 0.9385613 0.3451127 0 0.3702275 0.9289411 0 0.3702275 0.9289411 0 0.9385613 0.3451127 0 0.9385613 0.3451127 0 0.3702275 0.9289411 0 0.3702275 0.9289411 0 0.9385613 0.3451127 0 0.9385613 0.3451127 0 0.3702275 0.9289411 0 0.3702275 0.9289411 0 0.9385613 0.3451127 0 0.9385613 0.3451127 0 0.3702275 0.9289411 0 0.3702275 0.9289411 0 0.9385613 0.3451127 0 0.9385613 0.3451127 0 0.3702275 0.9289411 0 -0.7874213 -0.2178753 -0.5766264 -0.9637867 -0.2666741 0 -0.3442582 -0.6176504 -0.7071027 -0.3442582 -0.6176504 -0.7071027 -0.3442582 -0.6176504 -0.7071027 0.3442582 0.6176504 0.7071027 0.3442582 0.6176504 0.7071027 0.3442582 0.6176504 0.7071027 -0.2176021 0.7864194 0.5780951 0.7874213 0.2178753 0.5766264 0.6128023 -0.3528061 0.7071077 0.9637867 0.2666741 0 0.7874213 0.2178753 0.5766264 0.2176021 -0.7864194 -0.5780951 0.6128023 -0.3528061 0.7071077 0.2176021 -0.7864194 0.5780951 -0.2176021 0.7864194 -0.5780951 -0.6128023 0.3528061 -0.7071077 -0.6128023 0.3528061 -0.7071077 -0.7874213 -0.2178753 -0.5766264 0.3442582 0.6176504 -0.7071027 0.3442582 0.6176504 -0.7071027 0.2666741 -0.9637867 0 0.7874213 0.2178753 -0.5766264 0.3442582 0.6176504 -0.7071027 0.7874213 0.2178753 -0.5766264 0.9637867 0.2666741 0 0.6128023 -0.3528061 -0.7071077 -0.2666741 0.9637867 0 0.6128023 -0.3528061 -0.7071077 0.2666741 -0.9637867 0 0.2176021 -0.7864194 -0.5780951 -0.9637867 -0.2666741 0 -0.2176021 0.7864194 -0.5780951 -0.2666741 0.9637867 0 -0.3442582 -0.6176504 0.7071027 -0.7874213 -0.2178753 0.5766264 -0.6128023 0.3528061 0.7071077 -0.7874213 -0.2178753 0.5766264 -0.3442582 -0.6176504 0.7071027 -0.3442582 -0.6176504 0.7071027 -0.2176021 0.7864194 0.5780951 -0.6128023 0.3528061 0.7071077 0.2176021 -0.7864194 0.5780951 1 0 0 1 0 0 1 0 0 1 0 0 -1 0 0 -1 0 0 -1 0 0 -1 0 0 0 1 0 0 1 0 0.936102 0.3517287 0 0.936102 0.3517287 0 0.3702275 0.9289411 0 0.3702275 0.9289411 0 0.3702275 0.9289411 0 0.3702275 0.9289411 0 0.9402425 0.3405053 0 0.9402425 0.3405053 0 0.9385613 0.3451127 0 0.994226 -0.1073057 0 0.994226 -0.1073057 0 0.9385613 0.3451127 0 0.9385613 0.3451127 0 0.994226 -0.1073057 0 0.994226 -0.1073057 0 0.9385613 0.3451127 0 0.994226 -0.1073057 0 0.994226 -0.1073057 0 0.9385613 0.3451127 0 0.994226 -0.1073057 0 0.994226 -0.1073057 0 0.9385613 0.3451127 0 0.9385613 0.3451127 0 0.9942228 -0.1073359 0 0.9942228 -0.1073359 0 0.9385613 0.3451127 0 0.9385613 0.3451127 0 0.994226 -0.1073057 0 0.994226 -0.1073057 0 0.9385613 0.3451127 0 0.9385613 0.3451127 0 0.994226 -0.1073057 0 0.994226 -0.1073057 0 0.9385613 0.3451127 0 0.994226 -0.1073057 0 0.994226 -0.1073057 0 0.9385613 0.3451127 0 0.994226 -0.1073057 0 0.994226 -0.1073057 0 0.9385613 0.3451127 0 0.9385613 0.3451127 0 0.994226 -0.1073057 0 0.994226 -0.1073057 0 0.9385613 0.3451127 0 0.9385613 0.3451127 0 0.994226 -0.1073057 0 0.994226 -0.1073057 0 0.9385613 0.3451127 0 0.9385711 0.3450858 0 0.994226 -0.1073057 0 0.994226 -0.1073057 0 0.9385711 0.3450858 0 0.9385613 0.3451127 0 0.994226 -0.1073057 0 0.994226 -0.1073057 0 0.9385613 0.3451127 0 0.9385613 0.3451127 0 0.994226 -0.1073057 0 0.994226 -0.1073057 0 0.9385613 0.3451127 0 0.9385613 0.3451127 0 0.994226 -0.1073057 0 0.994226 -0.1073057 0 0.9385613 0.3451127 0 0.9385613 0.3451127 0 0.994226 -0.1073057 0 0.994226 -0.1073057 0 0.9385613 0.3451127 0 0.9385613 0.3451127 0 0.994226 -0.1073057 0 0.994226 -0.1073057 0 0.9385613 0.3451127 0 0.9385613 0.3451127 0 0.994226 -0.1073057 0 0.994226 -0.1073057 0 0.9385613 0.3451127 0 0.9385613 0.3451127 0 0.994226 -0.1073057 0 0.994226 -0.1073057 0 0.9385613 0.3451127 0 0.9334911 0.3586007 0 0.9969097 -0.07855643 0 0.9969097 -0.07855643 0 0.9334911 0.3586007 0 0.3442582 0.6176504 -0.7071027 0 0 -1 0 0 -1 -0.3442582 -0.6176504 -0.7071027 0.3442582 0.6176504 0.7071027 0 0 1 0 0 1 -0.3442582 -0.6176504 0.7071027 -0.4868422 -0.87349 0 -0.3442582 -0.6176504 -0.7071027 0.4868422 0.87349 0 0.3442582 0.6176504 0.7071027 0.3442582 0.6176504 -0.7071027 0.4868422 0.87349 0 -0.4868422 -0.87349 0 -0.3442582 -0.6176504 0.7071027  
			<Tangents>: 364 -0.5107273 0.7543803 -0.4123931 0.154166 -0.5571597 -0.8159693 0.5557448 0.1537717 -0.8170079 0.9136309 -0.04427123 0.4041269 -0.9136312 0.0442707 -0.4041263 0.5107265 -0.7543817 -0.4123915 0.154166 -0.5571597 -0.8159693 0.5107266 -0.7543815 0.4123916 0.8734828 -0.486855 -3.76466E-06 -0.8734824 0.4868557 -4.546759E-06 0.8734828 -0.486855 3.749388E-06 -0.8734831 0.4868546 3.205752E-06 -0.622483 0.3357216 -0.7069696 0.6128038 -0.352807 -0.7071059 0.6128038 -0.352807 -0.7071059 0.6224886 -0.3357115 0.7069694 -0.873481 0.4868583 0 0.8734809 -0.4868584 0 -0.8734828 0.4868551 3.775251E-06 -0.8734824 0.4868557 -4.582067E-06 -0.8734828 0.4868551 -3.773422E-06 -0.8734832 0.4868543 2.969652E-06 -0.8734808 0.4868587 0 -0.873481 0.4868583 0 0.8734828 -0.4868551 -3.848897E-06 0.8734824 -0.4868557 4.563793E-06 0.8734828 -0.4868551 3.842266E-06 0.8734832 -0.4868543 -2.8494E-06 0.873481 -0.4868583 0 0.8734809 -0.4868584 0 -0.2666742 0.9637867 -7.996558E-05 0 0 -1 -0.9637868 -0.2666741 5.210684E-05 0.2666742 -0.9637867 0 -0.8734899 0.4868422 -1.380001E-06 0.8734899 -0.4868422 1.395001E-06 0 0 -1 0 0 -1 -0.8734899 0.4868422 -1.620945E-06 -0.8734899 0.4868422 1.037189E-07 0.8734899 -0.4868422 1.38087E-06 0.8734899 -0.4868422 1.167911E-07 0 0 -1 0.9637868 0.2666741 0 0 0 -1 0 0 -1 -0.8734899 0.4868422 -2.31304E-07 0 0 -1 -0.8734899 0.4868422 -1.561753E-06 0.8734899 -0.4868422 2.858492E-07 0.8734899 -0.4868422 2.887741E-07 0 0 -1 -0.8734899 0.4868422 -2.302894E-07 0.8734769 -0.4868655 1.55507E-06 -0.622483 0.3357216 -0.7069696 0.6128038 -0.352807 -0.7071059 0.6128038 -0.352807 -0.7071059 0.6224836 -0.3357205 0.7069696 -0.873481 0.4868583 0 0.8734809 -0.4868584 0 -0.8734807 0.4868588 0 -0.873481 0.4868583 0 0.8734809 -0.4868583 0 0.8734809 -0.4868585 0 0 0 -1 0 0 -1 0 0 -1 0 0 -1 -0.9999997 -0.0007528964 0 -1 0 0 -0.9999646 -0.008415911 0 -1 -9.32763E-06 0 -1 0 0 -0.9999999 -0.000425116 0 -0.9999999 -0.0003720034 0 -0.9999999 -0.0004255386 0 6.471194E-10 6.412383E-09 1 3.21301E-11 3.18381E-10 1 0 0 1 0 0 1 0 0 1 0 0 1 0 0 1 0 0 1 0 0 1 0 0 1 0 0 1 0 0 1 0 0 1 0 0 1 0 0 1 0 0 1 0 0 1 0 0 1 0 0 1 0 0 1 0 0 1 0 0 1 0 0 1 0 0 1 0 0 1 0 0 1 0 0 1 0 0 1 0 0 1 0 0 1 0 0 1 0 0 1 0 0 1 0 0 1 0 0 1 0 0 1 0 0 1 0 0 1 0 0 1 0 0 1 0 0 1 0 0 1 0 0 1 0 0 1 0 0 1 0 0 1 0 0 1 -2.026908E-09 5.394479E-09 1 0 0 1 0 0 1 -2.994464E-08 1.193437E-08 1 0 0 1 -3.328507E-08 9.05214E-08 1 -3.564486E-08 1.420618E-08 1 0 0 1 0 0 1 0 0 1 0 0 1 -4.609738E-09 1.837201E-09 1 -3.357095E-08 9.129884E-08 1 -2.85869E-10 7.774433E-10 1 0 0 1 0 0 1 0 0 1 0 0 1 0 0 1 -3.564486E-08 1.420618E-08 1 -3.357095E-08 9.129884E-08 1 -3.357095E-08 9.129884E-08 1 -3.564486E-08 1.420618E-08 1 0 0 1 0 0 1 0 0 1 0 0 1 0 0 1 0 0 1 0 0 1 0 0 1 0 0 1 0 0 1 0 0 1 0 0 1 0 0 1 0 0 1 0 0 1 0 0 1 0 0 1 0 0 1 0 0 1 0 0 1 0 0 1 0 0 1 0 0 1 0 0 1 0 0 1 0 0 1 0 0 1 0 0 1 0 0 1 0 0 1 0 0 1 0 0 1 4.433663E-08 -1.767172E-08 1 4.936902E-08 -1.342747E-07 1 4.203976E-10 -1.143405E-09 1 0 0 1 0 0 1 0 0 1 0 0 1 0 0 1 0 0 1 0 0 1 0 0 1 0 0 1 0 0 1 0 0 1 0 0 1 0 0 1 0 0 1 0 0 1 0 0 1 0 0 1 0 0 1 0 0 1 0 0 1 0 0 1 0 0 1 0 0 1 0 0 1 0 0 1 0 0 1 0 0 1 0 0 1 0 0 1 0.5557448 0.1537717 -0.8170079 0 0 -1 0.8734828 -0.4868551 3.774599E-06 -0.8734828 0.4868551 -3.79836E-06 -0.8734828 0.486855 -3.74298E-06 -0.8734824 0.4868557 -4.541649E-06 -0.8734824 0.4868557 -4.577822E-06 0.8734824 -0.4868557 4.56E-06 0.9136309 -0.04427123 0.4041269 -0.5107273 0.7543803 0.4123931 -0.622483 0.3357216 0.7069696 -0.2666742 0.9637867 0 -0.5107273 0.7543803 0.4123931 -0.9136312 0.0442707 -0.4041263 -0.622483 0.3357216 0.7069696 -0.9136312 0.0442707 0.4041263 0.913633 -0.04426755 -0.4041227 0.6224878 -0.3357129 -0.7069694 0.6224813 -0.3357246 -0.7069696 0.5107265 -0.7543817 -0.4123915 0.8734828 -0.486855 -3.702206E-06 0.8734828 -0.4868551 -3.787764E-06 -0.9637868 -0.2666741 1.409878E-06 -0.510734 0.7543683 -0.4124067 -0.8734828 0.486855 3.744201E-06 -0.5557448 -0.1537717 -0.8170079 0 0 -1 -0.6128038 0.352807 -0.7071059 0 0 -1 -0.6128038 0.352807 -0.7071059 0 0 -1 -0.154166 0.5571597 -0.8159693 0.2666742 -0.9637867 0 0.9136309 -0.04427123 -0.4041269 0.9637868 0.2666741 0 0.8734832 -0.4868543 -2.97349E-06 0.5107265 -0.7543817 0.4123915 -0.6128038 0.352807 -0.7071059 -0.5557448 -0.1537717 -0.8170079 -0.8734832 0.4868544 2.999084E-06 -0.8734832 0.4868543 2.956804E-06 -0.154166 0.5571597 -0.8159693 -0.6128038 0.352807 -0.7071059 -0.9136312 0.0442707 0.4041263 0 -7.577355E-10 1 0 -2.454046E-09 1 0 -1.696311E-09 1 0 0 1 0 0 -1 0 0 -1 0 0 -1 0 0 -1 0 0 1 0 0 1 0 0 1 0 0 1 0 0 1 0 0 1 0 0 1 0 0 1 0 0 1 0 0 1 0 0 1 0 0 1 0 0 1 0 0 1 -1.401537E-09 3.811591E-09 1 0 0 1 1.059565E-08 9.817249E-08 1 -3.357095E-08 9.129884E-08 1 0 0 1 0 0 1 -1.401539E-09 3.811597E-09 1 0 0 1 1.059565E-08 9.817248E-08 1 -3.357095E-08 9.129884E-08 1 -3.21694E-08 8.748724E-08 1 1.106035E-08 1.024489E-07 1 4.617532E-10 4.277093E-09 1 0 0 1 0 0 1 0 0 1 0 0 1 0 0 1 0 0 1 0 0 1 0 0 1 0 0 1 0 0 1 0 0 1 0 0 1 0 0 1 0 0 1 0 0 1 0 0 1 0 0 1 0 0 1 0 0 1 0 0 1 0 0 1 0 0 1 0 0 1 2.061082E-09 -5.605766E-09 1 0 0 1 4.574333E-09 4.23826E-08 1 4.936902E-08 -1.342747E-07 1 0 0 1 0 0 1 0 0 1 0 0 1 0 0 1 0 0 1 0 0 1 0 0 1 0 0 1 0 0 1 0 0 1 0 0 1 0 0 1 0 0 1 0 0 1 0 0 1 0 0 1 0 0 1 0 0 1 0 0 1 0 0 1 0 0 1 0 0 1 0 0 1 0 0 1 0 0 1 0 0 1 0 0 1 -3.324999E-08 8.655469E-08 1 8.116664E-09 1.030034E-07 1 3.379495E-10 4.288702E-09 1 0 0 1 -0.8734828 0.486855 3.726635E-06 -0.873481 0.4868583 0 -0.873481 0.4868583 0 -0.8734828 0.4868551 -3.767313E-06 0.8734823 -0.4868558 4.634421E-06 0.873481 -0.4868582 0 0.8734811 -0.4868581 0 0.8734832 -0.4868543 -2.934182E-06 0.8734899 -0.4868422 1.179866E-07 0.8734828 -0.486855 3.749395E-06 0.8734899 -0.4868422 1.570984E-06 0.8734824 -0.4868557 4.579874E-06 -0.8734828 0.4868551 3.767313E-06 -0.8734899 0.4868422 -5.865261E-08 -0.8734899 0.4868422 -1.561917E-06 0.8734832 -0.4868543 -2.965425E-06  
			<BiTangents>: 364 0.3451453 0.619226 0.70529 -0.9637854 -0.2666792 2.85408E-09 -0.2666747 0.9637866 5.833316E-09 -0.3434062 -0.6161044 0.7088636 0.3434055 0.6161045 -0.7088639 0.3451464 0.6192243 -0.7052909 0.9637854 0.2666792 -2.85408E-09 -0.3451464 -0.6192244 -0.7052909 0.3442588 0.6176407 0.7071109 -0.3442598 -0.6176402 0.7071109 0.3442588 0.6176407 -0.7071109 -0.3442581 -0.6176411 -0.7071109 0.4868145 0.873395 -0.01388479 -0.4989438 -0.8666344 1.136996E-09 0.4989438 0.8666344 -1.136996E-09 -0.4868073 -0.8733989 0.01389296 -0.4868583 -0.873481 0 0.4868584 0.8734809 0 0.3442589 0.6176407 0.7071109 -0.3442598 -0.6176401 0.7071109 0.3442589 0.6176407 -0.7071109 -0.3442578 -0.6176413 -0.7071109 -0.4868587 -0.8734808 0 0.4868583 0.873481 0 0.3442589 0.6176407 0.7071109 -0.3442598 -0.6176401 0.7071109 0.3442589 0.6176407 -0.7071109 -0.3442577 -0.6176413 -0.7071109 0.4868583 0.873481 0 -0.4868584 -0.8734809 0 -2.132475E-05 7.706977E-05 1 -0.9637868 -0.2666742 0 -5.021988E-05 -1.389555E-05 -1 0 0 -1 1.205417E-06 -6.718427E-07 -1 -1.218519E-06 6.791452E-07 1 -0.4989596 -0.8666252 0 0.4989596 0.8666252 0 -1.415879E-06 7.891445E-07 1 -9.059745E-08 5.049476E-08 -1 1.206176E-06 -6.722659E-07 -1 -1.020159E-07 5.685886E-08 1 -0.2666742 0.9637868 0 0 0 1 0.9637868 0.2666742 0 0.2666742 -0.9637868 0 -2.020417E-07 1.126085E-07 1 -0.4989596 -0.8666252 0 -1.364176E-06 7.603273E-07 1 -2.496864E-07 1.391635E-07 1 2.522413E-07 -1.405874E-07 -1 0.4989596 0.8666252 0 2.011555E-07 -1.121146E-07 -1 1.358318E-06 -7.571099E-07 -1 0.4868145 0.873395 -0.01388479 -0.4989438 -0.8666344 1.136996E-09 0.4989438 0.8666344 -1.136996E-09 -0.4868137 -0.8733954 0.0138857 -0.4868583 -0.873481 0 0.4868584 0.8734809 0 -0.4868588 -0.8734807 0 0.4868583 0.873481 0 0.4868583 0.8734809 0 -0.4868585 -0.8734809 0 -0.4989596 -0.8666252 0 0.4989596 0.8666252 0 -0.4989596 -0.8666252 0 0.4989596 0.8666252 0 -0.0007528964 0.9999997 0 0 1 0 -0.008415911 0.9999646 0 -9.32763E-06 1 0 0 1 0 -0.000425116 0.9999999 0 -0.0003720034 0.9999999 0 -0.0004255386 0.9999999 0 0.1004072 0.9949464 -6.444953E-09 0.1004072 0.9949464 -3.199981E-10 -1 0 0 -1 0 0 -1 0 0 -1 0 0 -1 0 0 -1 0 0 -1 0 0 -1 0 0 -1 0 0 -1 0 0 -1 0 0 -1 0 0 -1 0 0 -1 0 0 -1 0 0 -1 0 0 -1 0 0 -1 0 0 -1 0 0 -1 0 0 -1 0 0 -1 0 0 0.1170112 0.9931306 0 0.1170112 0.9931306 0 -1 0 0 -1 0 0 -1 0 0 -1 0 0 -1 0 0 -1 0 0 -1 0 0 -1 0 0 -1 0 0 -1 0 0 -1 0 0 -1 0 0 -1 0 0 -1 0 0 -1 0 0 -1 0 0 -1 0 0 -1 0 0 -1 0 0 -1 0 0 -0.9302591 0.3669032 0 -0.3517287 0.936102 -5.762705E-09 -0.3517287 0.936102 0 -0.9302591 0.3669032 0 -0.9289411 0.3702275 -3.223525E-08 -0.3451127 0.9385613 0 -0.3451127 0.9385613 -9.644697E-08 -0.9289411 0.3702275 -3.837149E-08 -0.9289411 0.3702275 0 -0.3586007 0.9334911 0 -0.3586007 0.9334911 0 -0.9289411 0.3702275 0 -0.9289411 0.3702275 -4.962358E-09 -0.3451127 0.9385613 -9.727532E-08 -0.3451127 0.9385613 -8.283352E-10 -0.9289411 0.3702275 0 -0.9289411 0.3702275 0 -0.3451127 0.9385613 0 -0.3451127 0.9385613 0 -0.9289411 0.3702275 0 -0.9289411 0.3702275 -3.837149E-08 -0.3451127 0.9385613 -9.727532E-08 -0.3451127 0.9385613 -9.727532E-08 -0.9289411 0.3702275 -3.837149E-08 -0.9289411 0.3702275 0 -0.3451127 0.9385613 0 -0.3451127 0.9385613 0 -0.9289411 0.3702275 0 -0.9289411 0.3702275 0 -0.3451127 0.9385613 0 -0.3451127 0.9385613 0 -0.9289411 0.3702275 0 -0.9289411 0.3702275 0 -0.3451127 0.9385613 0 -0.3451127 0.9385613 0 -0.9289411 0.3702275 0 -0.9289411 0.3702275 0 -0.3451127 0.9385613 0 -0.3451127 0.9385613 0 -0.9289411 0.3702275 0 -0.9289411 0.3702275 0 -0.3451127 0.9385613 0 -0.3451127 0.9385613 0 -0.9289411 0.3702275 0 -0.9289411 0.3702275 0 -0.3451127 0.9385613 0 -0.3451127 0.9385613 0 -0.9289411 0.3702275 0 -0.9289411 0.3702275 0 -0.3405053 0.9402426 0 -0.3405053 0.9402426 0 -0.9289411 0.3702275 0 -0.9289411 0.3702275 0 -0.3451127 0.9385613 0 -0.3451127 0.9385613 0 -0.9289411 0.3702275 0 -0.9289306 0.3702538 4.772868E-08 -0.3450858 0.9385712 1.430629E-07 -0.3450858 0.9385712 1.21824E-09 -0.9289306 0.3702538 0 -0.9289411 0.3702275 0 -0.3451127 0.9385613 0 -0.3451127 0.9385613 0 -0.9289411 0.3702275 0 -0.9289411 0.3702275 0 -0.3451127 0.9385613 0 -0.3451127 0.9385613 0 -0.9289411 0.3702275 0 -0.9289411 0.3702275 0 -0.3451127 0.9385613 0 -0.3451127 0.9385613 0 -0.9289411 0.3702275 0 -0.9289411 0.3702275 0 -0.3451127 0.9385613 0 -0.3451127 0.9385613 0 -0.9289411 0.3702275 0 -0.9289411 0.3702275 0 -0.3451127 0.9385613 0 -0.3451127 0.9385613 0 -0.9289411 0.3702275 0 -0.9289411 0.3702275 0 -0.3451127 0.9385613 0 -0.3451127 0.9385613 0 -0.9289411 0.3702275 0 -0.9289411 0.3702275 0 -0.3451127 0.9385613 0 -0.3451127 0.9385613 0 -0.9289411 0.3702275 0 0.2666747 -0.9637866 -5.833316E-09 0.2666742 -0.9637868 0 0.3442589 0.6176407 -0.7071109 0.3442589 0.6176407 -0.7071109 0.3442588 0.6176407 -0.7071109 -0.3442598 -0.6176402 0.7071109 -0.3442598 -0.6176401 0.7071109 -0.3442598 -0.6176401 0.7071109 -0.3434062 -0.6161044 0.7088636 -0.3451453 -0.619226 0.70529 -0.4868145 -0.873395 -0.01388479 0 0 1 -0.3451453 -0.619226 0.70529 0.3434055 0.6161045 -0.7088639 -0.4868145 -0.873395 -0.01388479 -0.3434055 -0.6161045 -0.7088639 0.3434008 0.6161047 0.7088659 0.4868083 0.8733984 0.01389185 0.4868166 0.8733939 0.0138824 0.3451464 0.6192243 -0.7052909 0.3442588 0.6176407 0.7071109 0.3442589 0.6176407 0.7071109 -1.358822E-06 -3.759779E-07 -1 0.3451355 0.6192405 0.705282 0.3442588 0.6176407 0.7071109 -0.2666747 0.9637866 -5.833316E-09 -0.2666742 0.9637868 0 0.4989438 0.8666344 1.136996E-09 -0.9637868 -0.2666742 0 0.4989438 0.8666344 1.136996E-09 0.9637868 0.2666742 0 0.9637854 0.2666792 2.85408E-09 0 0 -1 0.3434062 0.6161044 0.7088636 0 0 1 -0.3442578 -0.6176413 -0.7071109 -0.3451464 -0.6192243 -0.7052909 -0.4989438 -0.8666344 -1.136996E-09 0.2666747 -0.9637866 5.833316E-09 -0.3442579 -0.6176413 -0.7071109 -0.3442578 -0.6176413 -0.7071109 -0.9637854 -0.2666792 -2.85408E-09 -0.4989438 -0.8666344 -1.136996E-09 -0.3434055 -0.6161045 -0.7088639 0 1 7.577355E-10 0 1 2.454046E-09 0 1 1.696311E-09 0 1 0 0 1 0 0 1 0 0 1 0 0 1 0 -1 0 0 -1 0 0 -0.3517287 0.936102 0 -0.3517287 0.936102 0 -0.9289411 0.3702275 0 -0.9289411 0.3702275 0 -0.9289411 0.3702275 0 -0.9289411 0.3702275 0 -0.3405053 0.9402426 0 -0.3405053 0.9402426 0 -0.3451127 0.9385613 0 0.1073057 0.9942261 0 0.1073057 0.9942261 0 -0.3451127 0.9385613 0 -0.3451127 0.9385613 -4.0611E-09 0.1073057 0.9942261 0 0.1073057 0.9942261 -9.874262E-08 -0.3451127 0.9385613 -9.727532E-08 0.1073057 0.9942261 0 0.1073057 0.9942261 0 -0.3451127 0.9385613 -4.061107E-09 0.1073057 0.9942261 0 0.1073057 0.9942261 -9.874262E-08 -0.3451127 0.9385613 -9.727532E-08 -0.3451127 0.9385613 -9.32142E-08 0.1073359 0.9942228 -1.030442E-07 0.1073359 0.9942228 -4.301946E-09 -0.3451127 0.9385613 0 -0.3451127 0.9385613 0 0.1073057 0.9942261 0 0.1073057 0.9942261 0 -0.3451127 0.9385613 0 -0.3451127 0.9385613 0 0.1073057 0.9942261 0 0.1073057 0.9942261 0 -0.3451127 0.9385613 0 0.1073057 0.9942261 0 0.1073057 0.9942261 0 -0.3451127 0.9385613 0 0.1073057 0.9942261 0 0.1073057 0.9942261 0 -0.3451127 0.9385613 0 -0.3451127 0.9385613 0 0.1073057 0.9942261 0 0.1073057 0.9942261 0 -0.3451127 0.9385613 0 -0.3451127 0.9385613 0 0.1073057 0.9942261 0 0.1073057 0.9942261 0 -0.3451127 0.9385613 0 -0.3450858 0.9385712 5.972661E-09 0.1073057 0.9942261 0 0.1073057 0.9942261 -4.262874E-08 -0.3450858 0.9385712 1.430629E-07 -0.3451127 0.9385613 0 0.1073057 0.9942261 0 0.1073057 0.9942261 0 -0.3451127 0.9385613 0 -0.3451127 0.9385613 0 0.1073057 0.9942261 0 0.1073057 0.9942261 0 -0.3451127 0.9385613 0 -0.3451127 0.9385613 0 0.1073057 0.9942261 0 0.1073057 0.9942261 0 -0.3451127 0.9385613 0 -0.3451127 0.9385613 0 0.1073057 0.9942261 0 0.1073057 0.9942261 0 -0.3451127 0.9385613 0 -0.3451127 0.9385613 0 0.1073057 0.9942261 0 0.1073057 0.9942261 0 -0.3451127 0.9385613 0 -0.3451127 0.9385613 0 0.1073057 0.9942261 0 0.1073057 0.9942261 0 -0.3451127 0.9385613 0 -0.3451127 0.9385613 0 0.1073057 0.9942261 0 0.1073057 0.9942261 0 -0.3451127 0.9385613 0 -0.3586007 0.9334911 -9.272149E-08 0.07855643 0.9969097 -1.033227E-07 0.07855643 0.9969097 -4.301997E-09 -0.3586007 0.9334911 0 0.3442588 0.6176407 0.7071109 0.4868583 0.873481 0 0.4868583 0.873481 0 0.3442589 0.6176407 -0.7071109 -0.3442599 -0.6176401 0.7071109 -0.4868582 -0.873481 0 -0.4868581 -0.8734811 0 -0.3442578 -0.6176413 -0.7071109 1.030601E-07 -5.744084E-08 -1 0.3442588 0.6176407 -0.7071109 -1.372239E-06 7.648214E-07 1 -0.3442598 -0.6176401 0.7071109 0.3442589 0.6176407 0.7071109 -5.123247E-08 2.855457E-08 1 1.364319E-06 -7.604073E-07 -1 -0.3442578 -0.6176413 -0.7071109  
			<SubMeshes>: 1
				<SubMesh>: 0 816 49 43 3 49 3 25 40 33 5 40 5 26 61 54 4 61 4 20 63 57 7 63 7 27 67 56 6 67 6 44 64 55 210 64 210 211 60 58 11 60 11 21 62 59 10 62 10 212 39 34 213 39 213 214 48 46 9 48 9 19 24 8 17 24 17 28 215 216 16 215 16 22 31 1 13 31 13 36 42 2 14 42 14 51 217 218 15 217 15 29 18 0 12 18 12 23 348 18 23 348 23 349 219 215 22 219 22 220 221 48 19 221 19 222 32 39 214 32 214 223 224 60 21 224 21 225 350 61 20 350 20 351 352 217 29 352 29 353 226 24 28 226 28 227 228 62 212 228 212 229 354 63 27 354 27 355 356 40 26 356 26 357 358 49 25 358 25 359 230 231 41 230 41 35 50 53 40 50 40 356 232 52 39 232 39 32 233 234 38 233 38 30 235 236 37 235 37 237 238 31 36 238 36 47 234 360 361 234 361 38 52 362 34 52 34 39 66 64 211 66 211 45 239 65 240 239 240 241 53 242 33 53 33 40 231 243 244 231 244 41 245 246 242 245 242 53 247 66 45 247 45 248 249 250 362 249 362 52 251 238 47 251 47 252 253 249 52 253 52 232 363 245 53 363 53 50 35 41 49 35 49 358 30 38 48 30 48 221 236 42 51 236 51 37 38 361 46 38 46 48 65 67 44 65 44 240 41 244 43 41 43 49 37 51 67 37 67 65 252 47 66 252 66 247 237 37 65 237 65 239 47 36 64 47 64 66 353 29 63 353 63 354 227 28 62 227 62 228 349 23 61 349 61 350 220 22 60 220 60 224 28 17 59 28 59 62 22 16 58 22 58 60 36 13 55 36 55 64 51 14 56 51 56 67 29 15 57 29 57 63 23 12 54 23 54 61 71 69 68 71 68 70 73 75 74 73 74 72 254 255 256 254 256 257 258 259 260 258 260 261 78 122 125 78 125 79 123 76 77 123 77 124 80 126 129 80 129 81 82 130 133 82 133 83 84 134 137 84 137 85 86 138 141 86 141 87 88 142 145 88 145 89 90 146 149 90 149 91 92 150 153 92 153 93 94 154 157 94 157 95 96 158 161 96 161 97 98 162 165 98 165 99 102 170 173 102 173 103 171 100 101 171 101 172 104 174 177 104 177 105 106 178 181 106 181 107 108 182 185 108 185 109 110 186 189 110 189 111 112 190 193 112 193 113 114 194 197 114 197 115 116 198 201 116 201 117 118 202 205 118 205 119 120 206 209 120 209 121 262 166 169 262 169 263 122 264 265 122 265 125 126 127 128 126 128 129 130 131 132 130 132 133 134 135 136 134 136 137 266 139 140 266 140 267 142 143 144 142 144 145 146 147 148 146 148 149 150 151 152 150 152 153 154 155 156 154 156 157 268 159 160 268 160 269 162 163 164 162 164 165 166 167 168 166 168 169 170 270 271 170 271 173 174 175 176 174 176 177 178 179 180 178 180 181 182 183 184 182 184 185 186 187 188 186 188 189 190 191 192 190 192 193 194 195 196 194 196 197 198 199 200 198 200 201 202 203 204 202 204 205 206 207 208 206 208 209 272 273 274 272 274 275 276 277 278 276 278 279 139 280 281 139 281 140 282 283 284 282 284 285 286 287 288 286 288 289 290 291 292 290 292 293 294 295 296 294 296 297 159 298 299 159 299 160 300 301 302 300 302 303 304 305 306 304 306 307 308 309 310 308 310 311 312 313 314 312 314 315 316 317 318 316 318 319 320 321 322 320 322 323 324 325 326 324 326 327 328 329 330 328 330 331 332 333 334 332 334 335 336 337 338 336 338 339 340 341 342 340 342 343 344 345 346 344 346 347  
		</Mesh>
		<Materials>: 1
			<Material>: 0
				<AlbedoColor>: 1 1 1 1
				<EmissiveColor>: 0 0 0 0
				<Glossiness>: 0.04
				<Metallic>: 0
				<SpecularHighlight>: 1
				<GlossyReflection>: 1
				<AlbedoMap>: BLD_Villa2_A
				<MetallicMap>: BLD_Villa2_MS
				<NormalMap>: BLD_Villa2_N
				<EmissionMap>: null
				<DetailAlbedoMap>: DET_Concrete1_A
				<DetailNormalMap>: DET_Concrete1_N
		</Materials>
		<Children>: 2
			<Frame>: 1 0 Villa2_Base_Stairs_A_bb
				<Transform>: 3.330617 1.44 1.154891 0 0 330.7344 1 1 1 0 0 -0.2526232 0.9675648  
				<TransformMatrix>: 0.8723631 -0.4888586 0 0 0.4888586 0.8723631 0 0 0 0 1 0 3.330617 1.44 1.154891 1  
				<BoxCollider>: 1 -0.1637003 8.170286E-06 -0.006103337 7.899177 1 2.672297  
				<Children>: 0
			</Frame>
			<Frame>: 2 0 Villa2_Base_Stairs_A_bb1
				<Transform>: 3.330617 1.44 1.154891 0 0 0 1 1 1 0 0 0 1  
				<TransformMatrix>: 1 0 0 0 0 1 0 0 0 0 1 0 3.330617 1.44 1.154891 1  
				<BoxCollider>: 1 -1.257685 -0.6352014 -0.006103277 4.173124 1.438075 2.672297  
				<Children>: 0
			</Frame>
	</Frame>
</Hierarchy>
