<Hierarchy>:
	<Frame>: 0 5 Villa2_Deco_RoofPiece_C
		<Transform>: 0 0 0 0 0 0 1 1 1 0 0 0 1  
		<TransformMatrix>: 1 0 0 0 0 1 0 0 0 0 1 0 0 0 0 1  
		<BoxCollider>: 1 0.04803348 0.9532523 2.096468 8.394447 2.506504 4.207064  
		<Mesh>: 171 Villa2_Deco_RoofPiece_C
			<Bounds>: 0.04803348 0.9532523 2.096468 4.197224 1.253252 2.103532
			<Positions>: 171 -3.9 0.2 3.999998 0.0346136 2.083559 3.999998 4 0.2 3.999998 -3.900001 0.21 0.0009986921 3.999999 0.21 0.0009974851 0.01730674 2.101779 0.0009979742 0.03461385 -0.2950001 3.999998 0.03461385 0.2 3.999998 0.03461456 0.21 0.000998091 0.03461456 -0.2950001 0.0009981409 -3.899673 -0.2999995 4.000215 -3.899585 -0.2999994 0.001148223 3.999398 -0.2999996 4.000215 3.999752 -0.2999992 -6.389698E-05 -0.1962536 1.906062 3.899963 -0.1962537 2.106062 3.899963 0.2037463 1.906062 3.899963 0.2037463 2.106062 3.899963 -0.1962535 1.906062 -0.007064452 -0.1962535 2.106062 -0.007064464 0.2037465 1.906062 -0.007064435 0.2037465 2.106062 -0.007064447 -0.1335428 2.141293 3.899963 0.1410354 2.141293 3.899963 0.003746322 2.181335 3.899963 -0.1335427 1.906062 3.899963 0.1410355 1.906062 3.899963 0.003746348 1.906062 3.899963 0.1410355 2.141293 -0.007064452 -0.1335426 2.141293 -0.007064464 0.003746493 2.181335 -0.00706446 0.1410356 1.906062 -0.007064438 -0.1335425 1.906062 -0.00706445 0.003746511 1.906062 -0.007064444 -4.14 0.1791359 4.2 4.748352E-07 2.189136 4.2 4.24 0.1791359 4.2 -4.14 0.1791359 3.900001 4.24 0.1791359 3.9 4.521859E-07 2.189136 3.9 -4.042862 -0.0328463 4.2 4.879486E-07 1.900001 4.2 4.152862 -0.01284629 4.2 -4.042862 -0.03284633 3.900001 4.152862 -0.01284629 3.9 4.652993E-07 1.9 3.9 -4 0.2000002 4 4.641068E-07 2.1 4 4.1 0.2000002 4 -4 0.2 6.027908E-07 4.1 0.2 -6.202752E-07 -1.398764E-07 2.1 -9.179391E-08 -3.962862 0.1071537 4 4.684779E-07 2 4 4.062862 0.1071537 4 -3.962862 0.1071535 6.040455E-07 4.062862 0.1071535 -6.13413E-07 -1.355053E-07 2 -8.742278E-08 4.245256 0.1903851 4.004888 4.245257 0.1903852 4.095112 -4.14919 0.1959952 4.094283 -4.14919 0.195995 4.005717 4.668254E-07 2.206504 4.094745 4.603062E-07 2.206504 4.005255 4.152862 -0.01284629 4.091083 4.152862 -0.01284629 4.008916 -4.042862 -0.0328463 4.009293 -4.042862 -0.0328463 4.090708 4.798781E-07 1.900001 4.091083 4.737823E-07 1.900001 4.008917 -3.946343 0.2254874 4 -3.946343 0.2254872 5.934734E-07 -3.909703 0.132545 4 -3.909703 0.1325448 5.947699E-07 4.035417 0.2299288 -6.119506E-07 4.035417 0.2299291 4 3.998864 0.1369697 -6.051276E-07 3.998864 0.13697 4 0.01730674 2.101779 0.0009979742 -3.900001 0.21 0.0009986921 -3.9 0.2 3.999998 -3.899585 -0.2999994 0.001148223 4 0.2 3.999998 3.999999 0.21 0.0009974851 3.999398 -0.2999996 4.000215 -3.899673 -0.2999995 4.000215 3.999752 -0.2999992 -6.389698E-05 0.2037465 2.106062 -0.007064447 0.2037465 1.906062 -0.007064435 -0.1962535 2.106062 -0.007064464 -0.1962537 2.106062 3.899963 -0.1962537 2.106062 3.899963 -0.1962536 1.906062 3.899963 -0.1335428 2.141293 3.899963 0.1410355 2.141293 -0.007064452 0.2037463 2.106062 3.899963 0.2037465 2.106062 -0.007064447 -0.1335426 2.141293 -0.007064464 -0.1962535 1.906062 -0.007064452 -0.1962535 2.106062 -0.007064464 0.003746493 2.181335 -0.00706446 0.1410354 2.141293 3.899963 0.003746322 2.181335 3.899963 0.003746322 2.181335 3.899963 0.003746348 1.906062 3.899963 0.2037463 1.906062 3.899963 0.2037463 2.106062 3.899963 4.035417 0.2299288 -6.119506E-07 3.998864 0.1369697 -6.051276E-07 -1.355053E-07 2 -8.742278E-08 4.1 0.2000002 4 4.1 0.2 -6.202752E-07 -4 0.2 6.027908E-07 -4 0.2000002 4 -3.946343 0.2254872 5.934734E-07 -3.909703 0.1325448 5.947699E-07 -3.962862 0.1071535 6.040455E-07 -4 0.2 6.027908E-07 -4.042862 -0.0328463 4.2 -4.14 0.1791359 4.2 4.24 0.1791359 4.2 4.152862 -0.01284629 4.2 4.152862 -0.01284629 3.9 4.24 0.1791359 3.9 4.152862 -0.01284629 4.008916 4.652993E-07 1.9 3.9 4.152862 -0.01284629 3.9 4.152862 -0.01284629 4.2 4.879486E-07 1.900001 4.2 4.152862 -0.01284629 4.091083 -4.042862 -0.03284633 3.900001 -4.042862 -0.0328463 4.009293 -4.042862 -0.0328463 4.090708 -4.042862 -0.0328463 4.2 -4.14919 0.1959952 4.094283 -4.14 0.1791359 4.2 4.748352E-07 2.189136 4.2 4.521859E-07 2.189136 3.9 -4.14 0.1791359 3.900001 -4.14919 0.195995 4.005717 4.24 0.1791359 4.2 4.245257 0.1903852 4.095112 4.245256 0.1903851 4.004888 4.24 0.1791359 3.9 -4.14 0.1791359 3.900001 -4.042862 -0.03284633 3.900001 -3.962862 0.1071535 6.040455E-07 -3.962862 0.1071537 4 -1.398764E-07 2.1 -9.179391E-08 4.1 0.2 -6.202752E-07 4.062862 0.1071535 -6.13413E-07 4.062862 0.1071537 4 4.062862 0.1071535 -6.13413E-07 4.652993E-07 1.9 3.9 4.521859E-07 2.189136 3.9 -1.355053E-07 2 -8.742278E-08 4.684779E-07 2 4 4.748352E-07 2.189136 4.2 4.879486E-07 1.900001 4.2 4.652993E-07 1.9 3.9 4.737823E-07 1.900001 4.008917 4.798781E-07 1.900001 4.091083 4.879486E-07 1.900001 4.2 4.748352E-07 2.189136 4.2 4.668254E-07 2.206504 4.094745 4.603062E-07 2.206504 4.005255 4.521859E-07 2.189136 3.9 -1.398764E-07 2.1 -9.179391E-08 -1.355053E-07 2 -8.742278E-08 4.641068E-07 2.1 4 -1.398764E-07 2.1 -9.179391E-08  
			<Colors>: 0  
			<TextureCoords0>: 171 0.7841797 0.9731445 0.6206337 0.8947275 0.4560547 0.9731445 0.7841797 0.9731445 0.4560547 0.9731445 0.6220703 0.894043 0.6207563 0.9941406 0.6207563 0.9731445 0.6207561 0.9731445 0.6207561 0.9941406 0.4072266 0.6948242 0.5683594 0.6948242 0.4072266 0.6948242 0.5683594 0.6948242 0.4155273 0.6210938 0.4155273 0.625 0.4155273 0.6201172 0.4155273 0.6152344 0.5234375 0.6210938 0.5234375 0.625 0.5234375 0.6201172 0.5234375 0.6152344 0.4155273 0.623469 0.4155273 0.6167654 0.4155273 0.6201172 0.3135545 0 0.6864456 0 0 0 0.4511719 0.6450195 0.5234375 0.623469 0.5234375 0.6201172 0.4511719 0.6552734 0.4389648 0.6552734 0.4458008 0.6552734 0.4047852 0.6386719 0.597168 0.6386719 0.4047852 0.6386719 0.4047852 0.6386719 0.4047852 0.6386719 0.597168 0.6386719 0.4047852 0.6289063 0.597168 0.6289063 0.4047852 0.6289063 0.4047852 0.6289063 0.4047852 0.6289063 0.597168 0.6289063 0.4472656 0.5678711 0.5766602 0.5678711 0.4472656 0.5678711 0.4472656 0.4404297 0.4472656 0.4404297 0.5991211 0.6523438 0.5864258 0.6318359 0.5854492 0.5673828 0.5864258 0.6411133 0.3994141 0.6318359 0.3994141 0.6411133 0.5854492 0.421875 0.5019531 0.6323242 0.5112305 0.6323242 0.484375 0.6489258 0.484375 0.6401367 0.5693359 0.6210938 0.5693359 0.6181641 0.5107422 0.6552734 0.5024414 0.6552734 0.5102539 0.6401367 0.5102539 0.6489258 0.5927734 0.6328125 0.5927734 0.6357422 0.4490014 0.5678711 0.4490014 0.4404297 0.4418933 0.5673828 0.4418933 0.421875 0.4493039 0.4404297 0.4493039 0.5678711 0.4422334 0.421875 0.4422334 0.5673828 0.6206337 0.8947275 0.5683594 0.6743164 0.4072266 0.6743164 0.7841797 0.9941406 0.4072266 0.6743164 0.5683594 0.6743164 0.4560547 0.9941406 0.7841797 0.9941406 0.4560547 0.9941406 0.4536133 0.6464844 0.4536133 0.6552734 0.5234375 0.625 0.4155273 0.625 0 1 0 0 0.3135547 1 0.5234375 0.6167654 0.4155273 0.6152344 0.5234375 0.6152344 0.4389648 0.6450195 0.4365234 0.6552734 0.4365234 0.6464844 0.4458008 0.6435547 0.6864453 1 0 0.8659635 1 0.8659635 1 0 1 0 1 1 0.4073658 0.6523438 0.4073658 0.6591797 0.5991211 0.6591797 0.5864258 0.6362305 0.3994141 0.6362305 0.3994141 0.6362305 0.5864258 0.6362305 0.4069103 0.6523438 0.4069103 0.6591797 0.4042969 0.6591797 0.4042969 0.6523438 0.5102539 0.6601563 0.4863281 0.6601563 0.5224609 0.6337891 0.5224609 0.6552734 0.4912109 0.6552734 0.4912109 0.6337891 0.4013672 0.6357422 0.5927734 0.6411133 0.4013672 0.6411133 0.4013672 0.6279297 0.5927734 0.6279297 0.4013672 0.6328125 0.4013672 0.6411133 0.4013672 0.6357422 0.4013672 0.6328125 0.4013672 0.6279297 0.3994141 0.6210938 0.3994141 0.625 0.5693359 0.625 0.5693359 0.6147461 0.3994141 0.6147461 0.3994141 0.6181641 0.3994141 0.625 0.3994141 0.6210938 0.3994141 0.6181641 0.3994141 0.6147461 0.4863281 0.6289063 0.5102539 0.6289063 0.4399414 0.421875 0.4399414 0.5673828 0.5766602 0.4404297 0.4042969 0.6523438 0.4042969 0.6591797 0.4399414 0.5673828 0.4399414 0.421875 0.597168 0.6289063 0.597168 0.6386719 0.5854492 0.421875 0.5854492 0.5673828 0.597168 0.6386719 0.597168 0.6289063 0.5927734 0.6411133 0.5927734 0.6357422 0.5927734 0.6328125 0.5927734 0.6279297 0.5693359 0.625 0.5693359 0.6210938 0.5693359 0.6181641 0.5693359 0.6147461 0.5991211 0.6523438 0.5991211 0.6591797 0.5766602 0.5678711 0.5766602 0.4404297  
			<TextureCoords1>: 171 0.513176 0.4312581 0.7504573 0.317668 0.989594 0.4312581 0.9895939 0.2830057 0.513176 0.2830057 0.7533565 0.1689197 0.7504572 0.4611095 0.7504573 0.431258 0.7523128 0.2830055 0.7523128 0.3134601 0.7885582 0.9170103 0.5473902 0.9170103 0.5473812 0.9516726 0.7886222 0.9516726 0.7829987 0.8525175 0.7829986 0.882348 0.5537857 0.9736728 0.5537857 0.9616116 0.5473812 0.8525175 0.5473812 0.8823479 0.7894032 0.9736728 0.7894033 0.9616116 0.7829986 0.8780102 0.7829989 0.8607615 0.7829987 0.8693858 0.8158285 0.9960938 0.8323872 0.9960938 0.8241079 0.9960938 0.8438572 0.9819079 0.5473812 0.8780102 0.5473812 0.8693858 0.8438572 0.9960938 0.8604159 0.9960938 0.8521366 0.9960938 0.00390625 0.448613 0.2538686 0.3280075 0.5092697 0.4498463 0.5092697 0.3113031 0.00390625 0.3125364 0.2593074 0.1906976 0.009733108 0.4614111 0.253826 0.345444 0.5039865 0.4614111 0.5034428 0.3241012 0.009189525 0.3241012 0.25935 0.2081341 0.5434749 0.710448 0.2764202 0.7104483 0.00390625 0.7104484 0.5434749 0.9516726 0.003906294 0.9516725 0.2511612 0.06661057 0.8081402 0.9861569 0.2687533 0.4653174 0.5669159 0.9960938 0.5669159 0.986157 0.8081403 0.9960938 0.2687533 0.7065418 0.9018694 0.9826305 0.8964283 0.9826305 0.8798208 0.9808757 0.8744797 0.9808759 0.2807886 0.9895501 0.2807932 0.9841818 0.8966713 0.9960938 0.9016264 0.9960938 0.8746958 0.9960933 0.8796057 0.9960932 0.2741463 0.9621493 0.2741463 0.9671044 0.5398925 0.7104481 0.5398926 0.9516725 0.007459003 0.4653175 0.007458999 0.7065418 0.008198931 0.9516726 0.008198917 0.7104484 0.5347967 0.7065416 0.5347967 0.4653174 0.7533565 0.1689197 0.5473812 0.8862543 0.7885451 0.8868573 0.9895689 0.3137617 0.5473941 0.9215196 0.788558 0.9209166 0.9895579 0.4614111 0.5131959 0.4614111 0.513191 0.3137618 0.8400753 0.9840326 0.8400753 0.9960938 0.5473812 0.8404562 0.7829986 0.8404562 0.8120466 0.9840325 0.8120466 0.9960938 0.8158285 0.9819078 0.5473813 0.8607615 0.7829989 0.8564237 0.5473813 0.8564237 0.8604159 0.9819079 0.8641977 0.9960938 0.8641977 0.9840326 0.8521366 0.9794931 0.8323872 0.9819079 0.8241079 0.9794931 0.8241079 0.9794931 0.8241079 0.9960938 0.8361691 0.9960938 0.8361691 0.9840326 0.007801011 0.1793872 0.01000537 0.1849932 0.2511612 0.07264113 0.566916 0.9900633 0.8081404 0.9900633 0.566916 0.9801264 0.8081403 0.9801264 0.4891496 0.1796551 0.48694 0.18526 0.4901458 0.1867913 0.4923855 0.1811921 0.8861967 0.9960929 0.8861967 0.9820309 0.8901029 0.9833793 0.8901029 0.9960938 0.9081948 0.9960938 0.9081947 0.9833792 0.5498793 0.9671023 0.2741463 0.9736727 0.5498793 0.9736707 0.5498794 0.9555789 0.2741463 0.9555809 0.5498794 0.9621472 0.00390625 0.9736728 0.00390625 0.9670818 0.003906413 0.962172 0.003906413 0.9555811 0.00390625 0.9894869 0.00396356 0.9960938 0.2807841 0.9959415 0.2807903 0.9777902 0.003967531 0.9775791 0.003908248 0.9840418 0.5630044 0.9960938 0.5630037 0.9897411 0.5630057 0.9841944 0.5630096 0.9777002 0.868104 0.9820316 0.8681049 0.9960938 0.00390625 0.7065418 0.00390625 0.4653174 0.2764203 0.9516726 0.00390625 0.1811921 0.006145887 0.1867913 0.5390545 0.4653176 0.5390545 0.7065418 0.25935 0.2081341 0.2593074 0.1906976 0.2687533 0.7065418 0.2687533 0.4653174 0.2538686 0.3280075 0.253826 0.345444 0.2741463 0.9736727 0.2741463 0.9671044 0.2741463 0.9621493 0.2741463 0.9555809 0.2807841 0.9959415 0.2807886 0.9895501 0.2807932 0.9841818 0.2807903 0.9777902 0.2511612 0.06661057 0.2511612 0.07264113 0.2764202 0.7104483 0.2764203 0.9516726  
			<Normals>: 171 0 0.0001525925 1 0 0 1 0 0.0001525925 1 0 -9.155553E-05 -1 -9.15583E-05 0.0007935053 -0.9999998 0 0 -1 0 0.0002136296 1 0 9.155553E-05 1 -3.051944E-05 0.0002136361 -1 -6.103887E-05 0.0004272721 -0.9999999 -0.9999998 -0.0007324664 0 -0.9999998 -0.0007324664 0 0.9999996 -0.0008240246 3.051943E-05 0.9999996 -0.0008240246 3.051943E-05 -1 0 0 -0.8630829 0.5050622 0 1 0 0 0.8630829 0.5050622 0 -1 0 0 -0.8630829 0.5050622 0 1 0 0 0.8630829 0.5050622 0 -0.3874047 0.9219097 0 0.3874047 0.9219097 0 0 1 0 0 0 1 0 0 1 0 0 1 0 0 -1 -0.3874047 0.9219097 0 0 1 0 0 0 -1 0 0 -1 0 0 -1 -0.2811088 0.5795829 0.7648931 -0.3315911 0.6836604 0.6501199 0.2807481 0.5917409 0.7556607 -0.2811088 0.5795829 -0.7648931 0.2807481 0.5917409 -0.7556607 -0.3315911 0.6836604 -0.6501199 0.306567 -0.6412727 0.7034101 0.2650256 -0.5543747 0.7889425 -0.2963457 -0.6433845 0.7058581 0.306567 -0.6412727 -0.7034101 -0.2963457 -0.6433845 -0.7058581 0.265032 -0.554388 -0.788931 -0.9310864 0.3647986 0 -0.4290425 0.9032843 0 0.9293414 0.3692218 0 -0.7580032 0.2969815 -0.5807177 0.7569202 0.300711 -0.5802109 0 0 -1 -0.3637905 -0.9314807 0 -0.4222973 -0.9064574 0 0.3682683 -0.9297196 0 -0.2978992 -0.7627392 -0.5740077 0.3014347 -0.7609876 -0.5744869 -0.2602976 -0.5587136 -0.7874544 0.910402 -0.4137248 -0.0002746771 0.910402 -0.4137248 0.0002746771 -0.9073914 -0.4202774 0.002807749 -0.9073914 -0.4202774 -0.002807749 -0.434841 0.8969665 0.07977783 -0.434841 0.8969665 -0.07977783 0.9104072 -0.4137133 0.0003051883 0.9104072 -0.4137133 -0.0003051883 -0.9074026 -0.420252 -0.002929862 -0.9074026 -0.420252 0.002929862 -0.4183574 -0.9082825 0 -0.4183574 -0.9082825 0 -0.4290425 0.9032843 0 -0.4290425 0.9032843 0 0.43099 -0.9023567 0 0.304765 -0.6380656 -0.7071001 0.4204647 0.9073089 0 0.4204647 0.9073089 0 -0.2986019 -0.6409685 -0.7071041 -0.4222973 -0.9064574 0 0 0 -1 -0.9999998 -0.0007324664 0 -0.9999998 -0.0007324664 0 0 -0.000122074 -1 0.9999996 -0.0008240246 3.051943E-05 0.9999996 -0.0008240246 3.051943E-05 0 0.0002136361 1 0 0.0002136361 1 -0.0001220777 0.001037661 -0.9999995 0 0 -1 0 0 -1 -0.8630829 0.5050622 0 -0.8630829 0.5050622 0 0 0 1 0 0 1 0 0 1 0.3874047 0.9219097 0 0.8630829 0.5050622 0 0.8630829 0.5050622 0 0 0 -1 0 0 -1 0 0 -1 0 0 -1 0 0 1 0 0 1 0 0 1 0 0 1 0 0 1 0 0 1 0 0 -1 -0.2986019 -0.6409685 -0.7071041 -0.2602976 -0.5587136 -0.7874544 0.9293414 0.3692218 0 0.7569202 0.300711 -0.5802109 -0.7580032 0.2969815 -0.5807177 -0.9310864 0.3647986 0 0 0 -1 0.304765 -0.6380656 -0.7071001 -0.2978992 -0.7627392 -0.5740077 -0.7580032 0.2969815 -0.5807177 -0.9079238 -0.4190934 0.005920778 -0.9079238 -0.4190934 0.005920778 0.9104635 -0.413589 0.0006103734 0.9104635 -0.413589 0.0006103734 0.9104582 -0.4136005 -0.0006103903 0.9104582 -0.4136005 -0.0006103903 -0.4183574 -0.9082825 0 -0.2581939 -0.56058 -0.7868201 -0.2963457 -0.6433845 -0.7058581 -0.2963457 -0.6433845 0.7058581 -0.2581939 -0.56058 0.7868201 -0.4183574 -0.9082825 0 0.306567 -0.6412727 -0.7034101 0.4313227 -0.9021977 0 0.4313227 -0.9021977 0 0.306567 -0.6412727 0.7034101 -0.4347814 0.8968472 0.08142614 -0.2811088 0.5795829 0.7648931 -0.3315911 0.6836604 0.6501199 -0.3315911 0.6836604 -0.6501199 -0.2811088 0.5795829 -0.7648931 -0.4347814 0.8968472 -0.08142614 0.2807481 0.5917409 0.7556607 0.4278815 0.9013895 0.06644066 0.4278815 0.9013895 -0.06644066 0.2807481 0.5917409 -0.7556607 -0.9079238 -0.4190934 -0.005920778 -0.9079238 -0.4190934 -0.005920778 -0.2978992 -0.7627392 -0.5740077 -0.3637905 -0.9314807 0 -0.4290425 0.9032843 0 0.7569202 0.300711 -0.5802109 0.3014347 -0.7609876 -0.5744869 0.3682683 -0.9297196 0 0.3014347 -0.7609876 -0.5744869 -0.2581939 -0.56058 -0.7868201 0.3302456 0.6960456 -0.6375408 0.264874 -0.5545294 -0.7888845 0.43099 -0.9023567 0 0.3302456 0.6960456 0.6375408 -0.2581939 -0.56058 0.7868201 0.265032 -0.554388 -0.788931 0.4313227 -0.9021977 0 0.4313227 -0.9021977 0 0.2650256 -0.5543747 0.7889425 0.3302456 0.6960456 0.6375408 0.4279389 0.9014735 0.06491414 0.4279389 0.9014735 -0.06491414 0.3302456 0.6960456 -0.6375408 0 0 -1 0.264874 -0.5545294 -0.7888845 0.4204647 0.9073089 0 0.4204647 0.9073089 0  
			<Tangents>: 171 -0.9999998 -0.0005671423 8.654111E-08 -1 0 0 -1 -9.174618E-12 0 -1 -1.398874E-11 0 -0.9999998 0.0005641184 9.200593E-05 -1 0 0 -0.9999998 0.0005820472 -1.243413E-07 -1 0.0001230015 -1.126143E-08 -1 -0.0001222813 3.049332E-05 -0.9999998 -0.0005813962 6.079045E-05 -1.683676E-06 0.002298639 -0.9999974 -2.226138E-11 2.860019E-08 -1 3.051956E-05 1.371345E-07 -1 3.241657E-05 0.002302376 -0.9999974 0 0 -1 1.070178E-08 1.828789E-08 -1 0 0 -1 1.070179E-08 -1.828789E-08 -1 0 0 -1 1.454774E-08 2.48601E-08 -1 0 0 -1 1.070179E-08 -1.828789E-08 -1 3.693055E-08 1.551895E-08 -1 2.269073E-08 -9.535094E-09 -1 3.544138E-08 0 -1 0.990854 0.1349386 0 1 0 0 0.9867397 -0.1623108 0 0.9990951 -0.0425311 0 4.862299E-08 2.043235E-08 -1 5.133129E-08 0 -1 0.9999428 -0.01069737 0 1 0 0 0.9999672 0.008097893 0 0.9011265 0.4335481 0.002663829 0.8996801 0.4365497 -0.0001935828 -0.9035494 0.4284839 0.0001565751 0.899653 0.4366057 0.0001945039 -0.9061227 0.4229802 -0.005422471 0.9007351 0.4343607 -0.00264639 0.9021997 0.4313185 1.163431E-05 0.9006138 0.4346109 0.002853961 -0.906037 0.4231649 0.005323467 0.900954 0.4339049 -0.002912414 -0.9082811 0.4183604 -2.024711E-06 0.9021981 0.4313218 -1.051211E-05 0.3647987 0.9310864 -2.03404E-09 0.9032843 0.4290425 0 -0.3692217 0.9293414 0 0.5791265 0.7160416 -0.3897395 -0.5833701 0.7110655 -0.3925113 -0.9073106 0.4204611 0 8.832451E-08 -3.449519E-08 1 -0.9064574 0.4222973 1.080883E-07 1.157968E-07 4.586792E-08 1 -0.2088251 -0.5346746 0.8188499 0.2115668 -0.5341111 0.8185138 -0.9064531 0.4223064 -9.758619E-07 -0.002429021 -0.006008964 0.999979 0.003608998 0.00860549 0.9999565 0.4202829 -0.9073914 0.001782359 0.4202008 -0.9073206 0.01416394 0.8998324 0.4362358 -6.047123E-05 0.8998385 0.4362232 -0.0001147888 0.0009349642 0.002795137 0.9999956 0.0002778457 -0.0001262605 0.9999999 0.4202574 -0.9074038 -0.001489728 0.420174 -0.907333 -0.01416369 -0.9082825 0.4183574 4.009702E-08 -0.9082825 0.4183574 1.0429E-07 0.9032843 0.4290425 -8.171319E-08 0.9032843 0.4290425 -1.568308E-07 0.9023567 0.43099 -1.980158E-11 0.9023512 0.4310015 -2.992059E-06 -0.9073089 0.4204647 1.055218E-07 -0.9073089 0.4204647 1.055218E-07 -0.9064579 0.4222962 -1.20717E-05 -0.9064574 0.4222973 1.063857E-07 -1 0 0 -1.452643E-07 0.0001983204 -1 -1.831616E-06 0.002500614 -0.9999969 -1 -0.0001032878 1.260871E-08 3.068564E-05 0.0002016906 -1 3.257989E-05 0.002500588 -0.9999969 -1 9.969636E-05 -2.129855E-08 -0.9999992 -0.001270744 2.714743E-07 -0.9999992 0.001260897 0.000123386 0.9997441 -0.02262284 0 1 0 0 1.070178E-08 1.828789E-08 -1 1.070178E-08 1.828789E-08 -1 0.9051048 0.4251885 0 1 0 0 0.8837259 0.4680047 0 3.757523E-08 -1.578986E-08 -1 6.855832E-09 -1.171568E-08 -1 1.070179E-08 -1.828789E-08 -1 0.9995736 0.02919983 0 0.9999903 0.004405562 0 0.9995423 0.0302528 0 0.99993 0.01183048 0 0.9299018 -0.3678078 0 0.8567327 -0.5157607 0 0.9477054 0.3191465 0 1 0 0 0.9965729 -0.08271885 0 0.8718339 -0.4898016 0 -0.906476 0.4222573 0 -0.9064608 0.4222901 -5.309567E-06 -0.9069791 0.4211746 0.0009759504 3.427777E-09 -8.627847E-09 1 0.539216 0.214221 0.8144663 -0.5406991 0.2118431 0.814105 3.104809E-08 7.924496E-08 1 0.9032736 0.429065 0 0.9028019 0.4300554 0.001045038 0.9035631 -0.03132437 -0.4273085 0.5791265 0.7160416 -0.3897395 0.4190184 -0.9079137 -0.01078718 0.4191007 -0.9079398 -1.640501E-05 0.004657453 0.01172847 0.9999204 -0.0005557227 0.0002524438 0.9999998 -0.001436248 -0.004637391 0.9999882 -0.007167178 -0.01725264 0.9998255 -0.9082825 0.4183574 1.0429E-07 -0.9082836 0.418355 -1.030681E-05 -0.9082811 0.4183604 -2.018791E-06 -0.908281 0.4183605 2.146696E-06 -0.9082836 0.418355 1.036988E-05 -0.9082825 0.4183574 1.0429E-07 0.9021819 0.4313557 -5.331893E-05 0.9021977 0.4313227 -8.385088E-05 0.9021977 0.4313227 -2.990288E-05 0.9021997 0.4313185 1.163731E-05 0.8998393 0.4362215 0.0001149393 0.8998682 0.4361619 0.0002208074 0.8996801 0.4365497 -0.0001935594 0.8998417 0.4362167 -0.0002390188 0.899653 0.4366057 0.0001945039 0.899833 0.4362345 6.177364E-05 -0.9035494 0.4284839 0.0001565751 -0.903387 0.4288263 4.605923E-05 -0.9033831 0.4288345 8.978263E-05 -0.9033648 0.4288729 0.0002166519 0.4190181 -0.9079134 0.01081622 0.4191007 -0.9079398 1.640501E-05 0.9033584 -0.03089545 -0.4277723 0.9314808 -0.3637904 0 0.9032843 0.4290425 -7.402644E-08 -0.5831724 0.7114919 -0.3920323 -0.9044808 -0.03753795 -0.4248593 -0.9297195 -0.3682685 0 -0.9044808 -0.03753788 -0.4248593 -0.9054582 0.4244031 -0.005246541 -0.9035239 0.4285377 -0.0001615374 0.9023487 0.4310068 3.559974E-06 0.9023567 0.43099 -8.272534E-08 -0.9053485 0.4246354 0.005367035 -0.9082836 0.418355 1.037046E-05 0.9021981 0.4313218 -1.052436E-05 0.9021977 0.4313227 2.789295E-05 0.9021977 0.4313227 8.374447E-05 0.902181 0.4313578 4.159242E-05 -0.9033878 0.4288243 -0.0002219117 -0.9033763 0.4288486 -8.829295E-05 -0.9033802 0.4288406 -4.803265E-05 -0.9035239 0.4285377 -0.0001615378 0.9023687 0.4309648 0 0.9023487 0.4310068 3.560185E-06 -0.9073089 0.4204647 1.072106E-07 -0.9073089 0.4204647 1.072106E-07  
			<BiTangents>: 171 -0.0005671423 0.9999998 -0.0001525925 0 1 0 -9.174618E-12 1 -0.0001525925 -1.398874E-11 1 -9.155553E-05 0.0005641913 0.9999996 0.0007934535 0 1 0 0.0005820472 0.9999998 -0.0002136295 0.0001230015 1 -9.155553E-05 -0.0001222748 1 0.0002136398 -0.0005813703 0.9999998 0.0004273076 -0.0007324645 0.9999971 0.00229864 -0.0007324664 0.9999998 2.86002E-08 0.0008240246 0.9999996 1.622833E-07 0.0008239522 0.999997 0.002302402 0 -1 0 0.5050623 0.8630829 2.118904E-08 0 1 0 -0.5050623 0.8630829 -2.118904E-08 0 -1 0 0.5050623 0.8630829 2.880384E-08 0 1 0 -0.5050623 0.8630829 -2.118904E-08 0.9219097 0.3874047 4.005875E-08 0.9219097 -0.3874047 2.461275E-08 1 0 3.544138E-08 0.1349386 -0.990854 0 0 -1 0 -0.1623108 -0.9867397 0 0.0425311 0.9990951 0 0.9219097 0.3874047 5.27416E-08 1 0 5.133129E-08 0.01069737 0.9999428 0 0 1 0 -0.008097893 0.9999672 0 0.3300741 -0.6900143 0.6441517 0.283942 -0.5848357 0.7598316 -0.3236958 -0.6828208 0.6549633 0.3340694 -0.6880837 -0.6441572 -0.3164208 -0.6862437 -0.6549408 0.2805773 -0.5864633 -0.759827 0.3034013 -0.634613 -0.7107841 0.3444652 -0.7097761 -0.6144605 -0.3021194 -0.637956 -0.7083333 0.3070808 -0.6328474 0.7107782 -0.2953044 -0.641117 0.7083532 0.3402889 -0.7117692 0.6144819 -7.420149E-10 -1.893867E-09 -1 0 0 -1 0 0 -1 0.3000726 -0.6317328 -0.7147517 -0.2945355 -0.6355775 -0.7136457 0.4204611 0.9073106 0 0.9314808 -0.3637905 -9.48216E-08 -9.797744E-08 4.564539E-08 -1 0.9297195 0.3682683 -1.245503E-07 0.9314763 -0.363802 -9.427657E-08 0.9297186 0.3682708 -1.225751E-07 0.3325476 0.7137902 -0.616373 0.4137177 0.9103822 0.006475518 0.413709 0.9103613 -0.009327587 -0.001798642 -0.002797346 -0.9999945 0.008500311 -0.01167242 -0.9998958 -0.03485619 0.07176038 -0.9968127 0.03469798 -0.07183708 -0.9968127 0.4137123 0.9104029 -0.002931519 0.4137132 0.9104072 -7.192703E-12 0.002032506 0.002583079 -0.9999946 -0.008610682 0.01162112 -0.9998954 3.641943E-08 -1.677489E-08 1 9.472475E-08 -4.363049E-08 1 -7.381024E-08 -3.505843E-08 -1 -1.416628E-07 -6.728708E-08 -1 -1.786809E-11 -8.534284E-12 -1 -0.3047631 0.6380517 -0.7071135 -9.574086E-08 4.436819E-08 -1 -9.574087E-08 4.436819E-08 -1 0.2986151 0.6409565 -0.7071095 -9.64341E-08 4.492639E-08 -1 0 1 0 -0.0007324664 0.9999998 0.0001983204 -0.0007324641 0.9999967 0.002500615 -0.0001032878 1 -0.000122074 0.0008240184 0.9999996 0.0002017158 0.0008239457 0.9999965 0.002500614 9.969636E-05 1 -0.0002136361 -0.001270744 0.9999992 -0.0002136359 0.001261025 0.9999986 0.001037506 0.02262284 0.9997441 0 0 1 0 -0.5050623 -0.8630829 -2.118904E-08 -0.5050623 -0.8630829 -2.118904E-08 0.4251885 -0.9051048 0 0 -1 0 0.4680047 -0.8837259 0 0.9219097 -0.3874047 4.075804E-08 0.5050623 -0.8630829 1.357423E-08 0.5050623 -0.8630829 2.118904E-08 -0.02919983 0.9995736 0 -0.004405562 0.9999903 0 -0.0302528 0.9995423 0 -0.01183048 0.99993 0 -0.3678078 -0.9299018 0 -0.5157607 -0.8567327 0 0.3191465 -0.9477054 0 0 -1 0 -0.08271885 -0.9965729 0 -0.4898016 -0.8718339 0 0.4222573 0.906476 0 0.2986065 0.6409606 -0.7071095 0.3311105 0.7144587 -0.6163722 -0.3692218 0.9293414 9.283825E-09 -0.3692124 0.9293451 -2.077579E-09 -0.3647951 -0.9310878 7.930763E-08 -0.3647986 -0.9310864 8.511021E-08 -0.429065 0.9032736 0 -0.3034254 0.6386898 -0.7071127 -0.3079446 0.645947 -0.6985145 -0.3000726 0.6317328 0.7147517 -0.009896392 0.007313025 -0.9999243 -0.005382585 -0.002466507 -0.9999825 0.4135633 0.9103881 -0.01260461 0.4135891 0.9104636 5.740131E-13 0.4135985 0.9104466 0.004816184 0.4135389 0.910295 0.01867216 9.472475E-08 -4.363049E-08 1 -0.3291759 -0.7146532 0.6171823 -0.2953044 -0.641117 0.7083532 0.2953046 0.6411169 0.7083532 0.329176 0.7146532 0.6171824 9.472475E-08 -4.363049E-08 1 0.3034542 -0.6345876 0.7107841 7.565008E-05 3.616679E-05 1 2.697831E-05 1.289779E-05 1 -0.3034013 0.634613 0.7107841 -0.03541675 0.07332042 -0.9966794 -0.3334893 0.688365 -0.6441572 -0.283942 0.5848358 -0.7598317 0.2834297 -0.5850842 -0.7598316 0.3340694 -0.6880837 -0.6441572 0.03557629 -0.07324307 -0.9966794 0.3236958 0.6828208 -0.6549633 0.02844999 0.06004134 -0.9977904 -0.02857298 -0.05998296 -0.9977904 -0.3242106 -0.6825765 -0.6549632 0.009908562 -0.007339394 -0.9999239 0.005382585 0.002466507 -0.9999825 -0.3085445 0.6459677 -0.6982306 0 0 -1 -6.686692E-08 -3.176049E-08 -1 0.2949269 0.6351001 0.7139089 0.3017476 0.6476796 -0.6996139 0 0 -1 0.3017476 0.6476796 -0.6996138 -0.33687 -0.7110781 0.61716 -0.2730978 -0.5760867 -0.7704166 -0.3400126 0.7118499 -0.6145415 -7.464777E-08 -3.565379E-08 -1 -0.2669867 -0.5789691 0.7703979 -0.329176 -0.7146532 -0.6171824 0.340289 -0.7117692 0.6144819 -2.516495E-05 -1.203086E-05 1 -7.555408E-05 -3.612089E-05 1 -0.3403395 0.7117578 0.6144671 0.2735475 0.5758734 -0.7704166 0.02791793 0.05860412 -0.9978908 -0.02779452 -0.05866271 -0.9978908 -0.2730978 -0.5760867 -0.7704166 -0.4309648 0.9023687 0 -0.3400126 0.7118499 -0.6145415 -9.727312E-08 4.507826E-08 -1 -9.727311E-08 4.507826E-08 -1  
			<SubMeshes>: 1
				<SubMesh>: 0 348 5 8 3 78 4 8 1 7 2 1 0 7 79 11 10 79 10 80 8 9 81 8 81 3 82 12 13 82 13 83 7 6 84 7 84 2 0 85 6 0 6 7 4 86 9 4 9 8 19 15 22 19 22 29 17 16 20 17 20 21 87 88 31 87 31 28 89 18 14 89 14 90 91 92 25 91 25 93 94 23 95 94 95 96 97 32 98 97 98 99 94 30 24 94 24 23 30 29 22 30 22 24 97 100 33 97 33 32 100 28 31 100 31 33 101 102 27 101 27 26 103 93 25 103 25 104 101 26 105 101 105 106 39 45 43 39 43 37 38 44 153 38 153 154 34 40 41 34 41 35 75 48 50 75 50 74 71 49 46 71 46 70 77 53 57 77 57 76 73 155 156 73 156 72 107 108 109 107 109 51 110 54 56 110 56 111 112 55 52 112 52 113 114 115 116 114 116 117 157 158 42 157 42 36 60 67 118 60 118 119 120 121 64 120 64 59 60 61 66 60 66 67 58 65 122 58 122 123 124 69 125 124 125 126 58 59 64 58 64 65 127 128 68 127 68 129 130 159 160 130 160 131 124 129 68 124 68 69 132 161 162 132 162 133 62 134 135 62 135 136 132 131 160 132 160 161 137 138 139 137 139 63 163 140 141 163 141 164 62 63 139 62 139 134 165 142 143 165 143 166 165 164 141 165 141 142 144 145 66 144 66 61 167 168 115 167 115 114 146 73 72 146 72 147 148 71 70 148 70 47 149 150 108 149 108 107 151 77 76 151 76 152 169 75 74 169 74 170  
		</Mesh>
		<Materials>: 1
			<Material>: 0
				<AlbedoColor>: 1 1 1 1
				<EmissiveColor>: 0 0 0 0
				<Glossiness>: 0.04
				<Metallic>: 0
				<SpecularHighlight>: 1
				<GlossyReflection>: 1
				<AlbedoMap>: BLD_Villa2_A
				<MetallicMap>: BLD_Villa2_MS
				<NormalMap>: BLD_Villa2_N
				<EmissionMap>: null
				<DetailAlbedoMap>: DET_Concrete1_A
				<DetailNormalMap>: DET_Concrete1_N
		</Materials>
		<Children>: 0
	</Frame>
</Hierarchy>
