<Hierarchy>:
	<Frame>: 0 5 Villa1_Deco_Column_Mid_A
		<Transform>: 0 0 0 0 0 0 1 1 1 0 0 0 1  
		<TransformMatrix>: 1 0 0 0 0 1 0 0 0 0 1 0 0 0 0 1  
		<BoxCollider>: 1 -3.576279E-07 3.5 0.09999967 1.165335 7 1.183499  
		<Mesh>: 226 Villa1_Deco_Column_Mid_A
			<Bounds>: -3.576279E-07 3.488675 0.09999967 0.5826676 3.488675 0.5917493
			<Positions>: 226 0.4999995 2.622683E-08 0.6 0.4999995 -1.748456E-08 -0.4 -0.5000005 2.622683E-08 0.6 -0.5000005 -1.748456E-08 -0.4 0.3999996 6.400001 -0.3000003 -0.4000003 6.400001 -0.3000003 -0.4000003 6.400001 0.4999997 0.3999996 6.400001 0.4999997 0.4830537 6.649163 0.666108 0.4775641 6.744871 0.6551288 0.4775641 6.744871 -0.4551294 0.4830537 6.649163 -0.4661086 -0.477565 6.744871 -0.4551294 -0.4830546 6.649163 -0.4661086 -0.477565 6.744871 0.6551288 -0.4830546 6.649163 0.666108 0.4264903 6.644747 -0.3839579 -0.4264911 6.644747 -0.3839579 0.4264903 6.644747 0.5839573 -0.4264912 6.644747 0.5839573 -0.4274678 6.595089 -0.3433028 -0.4598454 6.515101 -0.3968074 -0.4598455 6.515101 0.5955289 -0.4274679 6.595089 0.6052647 0.427467 6.595089 -0.3433028 0.4598447 6.515101 -0.3968074 0.4598447 6.515101 0.5955289 0.427467 6.595089 0.6052647 -0.4590071 6.5702 0.6185397 -0.4590071 6.5702 -0.3862267 0.4590063 6.5702 0.6185397 0.4590063 6.5702 -0.3862267 0.3999997 6.338927 -0.3000003 -0.4000002 6.338927 -0.3000003 -0.4000002 6.338927 0.4999997 0.3999997 6.338927 0.4999997 0.5826672 6.946738 0.6917489 0.5680916 6.97735 0.6680916 0.5680916 6.97735 -0.4680923 0.5826672 6.946738 -0.4917496 -0.5680923 6.97735 -0.4680923 -0.5826679 6.946738 -0.4917496 -0.5680923 6.97735 0.6680917 -0.5826679 6.946738 0.6917489 0.3999999 0.405782 -0.3 -0.4000001 0.405782 -0.3 -0.4000001 0.405782 0.5 0.3999999 0.405782 0.5 0.5008138 0.3679997 -0.4008142 -0.5008144 0.3679997 -0.4008142 -0.5008144 0.3679998 0.6008142 0.5008138 0.3679998 0.6008142 0.5007731 0.3495997 -0.4007735 -0.5007737 0.3495997 -0.4007735 -0.5007737 0.3495998 0.6007735 0.5007731 0.3495998 0.6007735 0.5000769 0.03495996 -0.4000773 -0.5000778 0.03495996 -0.4000773 -0.5000778 0.03496 0.6000774 0.5000769 0.03496 0.6000774 0.3999999 0.4320602 0.5 -0.4000001 0.4320693 0.5 -0.4000001 0.4320679 -0.3 0.3999999 0.4320602 -0.3 0.3999999 1.908777 0.4999999 0.3999998 3.385494 0.4999999 0.3999998 4.86221 0.4999998 -0.4000002 4.862212 0.4999998 -0.4000002 3.385498 0.4999999 -0.4000001 1.908784 0.4999999 -0.4000002 4.862212 -0.3000002 -0.4000002 3.385497 -0.3000002 -0.4000001 1.908783 -0.3000001 0.3999998 4.86221 -0.3000002 0.3999998 3.385494 -0.3000002 0.3999999 1.908777 -0.3000001 -0.4000002 6.313522 0.4999997 -0.4000002 6.313522 -0.3000003 0.3999997 6.313515 0.4999997 0.3999997 6.313515 -0.3000003 0.4818516 6.67012 0.6637039 -0.4818521 6.670128 0.663703 -0.4818521 6.670128 -0.4637035 0.4818516 6.67012 -0.4637044 0.4828152 6.754957 0.6569584 -0.4828206 6.754965 -0.4569605 0.4828154 6.754957 -0.4569591 -0.4828204 6.754965 0.6569599 0.4999995 -1.748456E-08 -0.4 -0.5000005 -1.748456E-08 -0.4 -0.5000778 0.03496 0.6000774 0.4999995 2.622683E-08 0.6 0.4999995 -1.748456E-08 -0.4 -0.5000005 2.622683E-08 0.6 -0.5000005 -1.748456E-08 -0.4 -0.4274678 6.595089 -0.3433028 -0.4274679 6.595089 0.6052647 -0.5826679 6.946738 -0.4917496 0.4828152 6.754957 0.6569584 -0.477565 6.744871 0.6551288 -0.4818521 6.670128 -0.4637035 0.4775641 6.744871 -0.4551294 0.4818516 6.67012 -0.4637044 0.4598447 6.515101 0.5955289 0.3999996 6.400001 -0.3000003 0.4264903 6.644747 0.5839573 0.427467 6.595089 -0.3433028 0.4830537 6.649163 0.666108 -0.4264912 6.644747 0.5839573 0.4264903 6.644747 0.5839573 0.4830537 6.649163 -0.4661086 0.4264903 6.644747 0.5839573 0.4264903 6.644747 -0.3839579 -0.4830546 6.649163 -0.4661086 -0.4264912 6.644747 0.5839573 -0.4830546 6.649163 0.666108 -0.4274678 6.595089 -0.3433028 -0.4590071 6.5702 0.6185397 -0.4274678 6.595089 -0.3433028 0.427467 6.595089 -0.3433028 0.427467 6.595089 0.6052647 -0.4000003 6.400001 -0.3000003 -0.4000003 6.400001 0.4999997 0.4590063 6.5702 -0.3862267 0.4590063 6.5702 -0.3862267 0.4598447 6.515101 -0.3968074 -0.4598455 6.515101 0.5955289 0.4590063 6.5702 0.6185397 -0.4590071 6.5702 -0.3862267 -0.4598454 6.515101 -0.3968074 -0.4000002 6.338927 0.4999997 -0.4000002 6.338927 -0.3000003 0.3999997 6.338927 0.4999997 -0.5680923 6.97735 0.6680917 0.5826672 6.946738 0.6917489 0.5826672 6.946738 -0.4917496 -0.4000001 0.405782 0.5 -0.4000001 0.4320679 -0.3 0.3999999 1.908777 -0.3000001 -0.4000001 0.405782 0.5 0.3999999 0.405782 0.5 -0.4000001 0.405782 0.5 -0.5008144 0.3679997 -0.4008142 0.3999999 0.405782 0.5 0.5008138 0.3679997 -0.4008142 0.5008138 0.3679998 0.6008142 -0.5008144 0.3679998 0.6008142 -0.5007737 0.3495998 0.6007735 -0.5008144 0.3679997 -0.4008142 -0.5007737 0.3495997 -0.4007735 0.5008138 0.3679997 -0.4008142 0.5007731 0.3495998 0.6007735 0.5007731 0.3495997 -0.4007735 0.5000769 0.03495996 -0.4000773 0.5000769 0.03496 0.6000774 -0.4000001 1.908783 -0.3000001 0.3999999 0.4320602 -0.3 -0.4000001 0.405782 -0.3 0.3999999 0.405782 0.5 0.3999999 0.405782 -0.3 0.3999999 1.908777 0.4999999 -0.4000001 0.4320693 0.5 -0.4000001 1.908784 0.4999999 -0.4000002 4.862212 0.4999998 -0.4000002 3.385498 0.4999999 0.3999997 6.313515 0.4999997 0.3999998 3.385494 0.4999999 0.3999997 6.338927 -0.3000003 0.3999998 4.86221 -0.3000002 -0.4000002 3.385497 -0.3000002 -0.4000002 4.862212 -0.3000002 0.3999998 3.385494 -0.3000002 0.3999997 6.313515 -0.3000003 -0.4000002 6.313522 -0.3000003 -0.4000002 6.313522 0.4999997 0.4775641 6.744871 0.6551288 -0.4830546 6.649163 -0.4661086 -0.4818521 6.670128 0.663703 0.4830537 6.649163 -0.4661086 0.4830537 6.649163 0.666108 0.4828154 6.754957 -0.4569591 -0.477565 6.744871 -0.4551294 -0.4828204 6.754965 0.6569599 -0.5826679 6.946738 0.6917489 -0.5680923 6.97735 -0.4680923 0.5680916 6.97735 0.6680916 0.5680916 6.97735 -0.4680923 -0.5000778 0.03495996 -0.4000773 -0.5000005 2.622683E-08 0.6 0.4999995 2.622683E-08 0.6 -0.4264912 6.644747 0.5839573 0.4264903 6.644747 -0.3839579 -0.4264911 6.644747 -0.3839579 -0.4828206 6.754965 -0.4569605 0.4818516 6.67012 0.6637039 0.3999996 6.400001 0.4999997 -0.4830546 6.649163 0.666108 0.4830537 6.649163 0.666108 -0.4264911 6.644747 -0.3839579 -0.4274679 6.595089 0.6052647 -0.4590071 6.5702 -0.3862267 -0.4590071 6.5702 -0.3862267 -0.4590071 6.5702 0.6185397 -0.5680923 6.97735 -0.4680923 0.5680916 6.97735 -0.4680923 0.5680916 6.97735 0.6680916 -0.4000001 0.405782 -0.3 0.3999999 0.4320602 0.5 -0.5008144 0.3679998 0.6008142 -0.4000001 0.405782 -0.3 0.3999999 0.405782 -0.3 0.5008138 0.3679998 0.6008142 -0.5008144 0.3679998 0.6008142 -0.5008144 0.3679997 -0.4008142 0.5008138 0.3679997 -0.4008142 0.5008138 0.3679998 0.6008142 0.3999999 0.405782 -0.3 0.3999998 4.86221 0.4999998 -0.4830546 6.649163 0.666108 -0.4830546 6.649163 -0.4661086 0.4830537 6.649163 -0.4661086 -0.5680923 6.97735 0.6680917 -0.4818521 6.670128 0.663703 -0.4818521 6.670128 -0.4637035 0.4818516 6.67012 -0.4637044 0.4818516 6.67012 0.6637039  
			<Colors>: 0  
			<TextureCoords0>: 226 0.9951172 0.9941406 0.9555664 0.9941406 0.9042969 0.9975586 0.8554688 0.996582 0.9599609 0.746582 0.8603516 0.7490234 0.8408203 0.746582 0.8100586 0.746582 0.8061523 0.730957 0.9970703 0.7304688 0.9536133 0.7304688 0.8935547 0.7329102 0.9443359 0.7338867 0.8564453 0.7329102 0.8432617 0.7280273 0.8442383 0.730957 0.956543 0.7358398 0.8588867 0.7358398 0.8085938 0.7348633 0.9057617 0.7392578 0.8588867 0.7392578 0.8574219 0.7421875 0.9042969 0.7446289 0.8422852 0.7368164 0.8911133 0.7392578 0.9555664 0.7412109 0.8076172 0.7397461 0.8085938 0.7368164 0.902832 0.7421875 0.9423828 0.7421875 0.9951172 0.7387695 0.8920898 0.7402344 0.9599609 0.7490234 0.9394531 0.7524414 0.8408203 0.7490234 0.8100586 0.7490234 0.8037109 0.7202148 0.8037109 0.7177734 0.9536133 0.7197266 0.8984375 0.7202148 0.8540039 0.7197266 0.9472656 0.7236328 0.847168 0.7177734 0.9018555 0.7236328 0.9599609 0.9755859 0.8603516 0.9780273 0.8408203 0.9755859 0.8100586 0.9755859 0.8945313 0.9824219 0.9438477 0.9833984 0.9042969 0.9833984 0.8061523 0.9799805 0.8945313 0.9838867 0.9438477 0.9848633 0.8442383 0.9814453 0.8061523 0.9814453 0.9555664 0.9931641 0.8554688 0.9956055 0.9042969 0.996582 0.8061523 0.9931641 0.8100586 0.9741211 0.9086914 0.9775391 0.9394531 0.9775391 0.9599609 0.9741211 0.9902344 0.9179688 0.8100586 0.8623047 0.8100586 0.8051758 0.8408203 0.8051758 0.8408203 0.8623047 0.9086914 0.9213867 0.9394531 0.8085938 0.9394531 0.8657227 0.8603516 0.9204102 0.9599609 0.8051758 0.9599609 0.8623047 0.8901367 0.9204102 0.9086914 0.7529297 0.8603516 0.7519531 0.8100586 0.7495117 0.9599609 0.7495117 0.9970703 0.7329102 0.8432617 0.730957 0.9458008 0.7363281 0.8935547 0.7329102 0.9970703 0.7285156 0.9458008 0.7319336 0.8935547 0.7285156 0.8442383 0.7270508 0.8945313 0.996582 0.9438477 0.9975586 0.8442383 0.9931641 0.8061523 0.9941406 0.7548828 0.8710938 0.7944336 0.9101563 0.7548828 0.9101563 0.9414063 0.7412109 0.9042969 0.7412109 0.8520508 0.7202148 0.8061523 0.7270508 0.9023438 0.7338867 0.8564453 0.7329102 0.8935547 0.7294922 0.9536133 0.7329102 0.9936523 0.7412109 0.8901367 0.7490234 0.9936523 0.7358398 0.9580078 0.737793 0.8061523 0.730957 0.8422852 0.7348633 0.8085938 0.7348633 0.9536133 0.7333984 0.9936523 0.7358398 0.956543 0.7358398 0.9458008 0.7368164 0.9057617 0.7392578 0.9023438 0.7368164 0.9414063 0.7412109 0.8432617 0.737793 0.8588867 0.7392578 0.8911133 0.7392578 0.9951172 0.737793 0.9394531 0.75 0.9086914 0.75 0.956543 0.7387695 0.8920898 0.7402344 0.8920898 0.7421875 0.8432617 0.7397461 0.8076172 0.737793 0.9423828 0.7421875 0.9423828 0.7446289 0.9086914 0.7524414 0.8603516 0.7514648 0.9902344 0.7490234 0.9023438 0.7231445 0.9980469 0.7202148 0.953125 0.7202148 0.9086914 0.9790039 0.8603516 0.9765625 0.9599609 0.9179688 0.8408203 0.9755859 0.8100586 0.9755859 0.9086914 0.9790039 0.8554688 0.9824219 0.9902344 0.9755859 0.9555664 0.9799805 0.8061523 0.9799805 0.9042969 0.9833984 0.9042969 0.9848633 0.8554688 0.9824219 0.8554688 0.9838867 0.9555664 0.9799805 0.9951172 0.9814453 0.9555664 0.9814453 0.8945313 0.9956055 0.9951172 0.9931641 0.9394531 0.9213867 0.8901367 0.9765625 0.8603516 0.9780273 0.9902344 0.9755859 0.9599609 0.9755859 0.8100586 0.9179688 0.8408203 0.9741211 0.8408203 0.9179688 0.9086914 0.8085938 0.9086914 0.8657227 0.9902344 0.7495117 0.9902344 0.8623047 0.8901367 0.7514648 0.8901367 0.8076172 0.8603516 0.8647461 0.8603516 0.8076172 0.8901367 0.8647461 0.8901367 0.7519531 0.9394531 0.7529297 0.8408203 0.7495117 0.8061523 0.7280273 0.9458008 0.7368164 0.9023438 0.7363281 0.8935547 0.7329102 0.9970703 0.7333984 0.9536133 0.7285156 0.8564453 0.7294922 0.9023438 0.7319336 0.847168 0.7202148 0.7973633 0.9223633 0.7529297 0.965332 0.7529297 0.9223633 0.9438477 0.996582 0.8442383 0.9941406 0.7944336 0.8710938 0.8422852 0.7348633 0.8911133 0.7358398 0.9423828 0.7392578 0.8564453 0.7285156 0.8061523 0.730957 0.9902344 0.746582 0.8442383 0.730957 0.9970703 0.7333984 0.9423828 0.7392578 0.9042969 0.7412109 0.8574219 0.7402344 0.8574219 0.7402344 0.902832 0.7421875 0.9458008 0.7231445 0.8964844 0.7197266 0.9970703 0.7197266 0.9394531 0.9790039 0.9902344 0.9741211 0.8442383 0.9799805 0.9394531 0.9790039 0.8901367 0.9780273 0.9951172 0.9799805 0.8442383 0.9799805 0.9438477 0.9833984 0.8945313 0.9824219 0.9951172 0.9799805 0.8901367 0.9780273 0.9902344 0.8051758 0.9023438 0.7368164 0.8564453 0.7329102 0.9536133 0.7333984 0.7973633 0.965332 0.8432617 0.730957 0.8564453 0.7329102 0.8935547 0.7329102 0.8061523 0.730957  
			<TextureCoords1>: 226 0.4246502 0.2048019 0.5823724 0.2048019 0.5823725 0.08090562 0.5823725 0.1428537 0.9493358 0.8318645 0.949328 0.673642 0.04988775 0.9866548 0.04988775 0.860477 0.1719942 0.0884645 0.009682059 0.1911753 0.1847944 0.1911753 0.4200891 0.03449696 0.009682151 0.2514452 0.4200782 0.1869633 0.02048332 0.0732702 0.01961748 0.0884645 0.9926596 0.8451035 0.4071044 0.1780258 0.003906257 0.8562989 0.156568 0.02306831 0.3969779 0.1781791 0.9730487 0.6830822 0.01260463 0.3776071 0.01242896 0.9909871 0.3969881 0.04327923 0.9697979 0.8471318 0.02629577 0.8510381 0.01242896 0.8561448 0.2375079 0.274253 0.1112823 0.3700711 0.9784789 0.6869885 0.00390625 0.2729381 0.9397031 0.8318652 0.04269199 0.5188532 0.05952044 0.9866548 0.05952044 0.860477 0.1877055 0.04091161 0.1854066 0.03480965 0.186839 0.1499318 0.00390625 0.09847271 0.1854066 0.09237075 0.00390625 0.2155493 0.006205152 0.03480965 0.1905703 0.2155493 0.4412603 0.2254465 0.4413883 0.3533962 0.9953087 0.986656 0.9953087 0.8604782 0.4245218 0.2087081 0.4246355 0.3700711 0.5854418 0.369628 0.5858849 0.2088217 0.4245282 0.0877139 0.4245282 0.02576584 0.5897976 0.3149313 0.7477637 0.3149313 0.5823846 0.1992879 0.5823846 0.1373398 0.5823847 0.07539165 0.747654 0.3645571 0.991164 0.8604782 0.9743405 0.392718 0.974335 0.5188957 0.008059097 0.8319249 0.2409621 0.705732 0.5253422 0.8604776 0.2924313 0.8604773 0.292431 0.9866551 0.5253416 0.9866554 0.7414297 0.3927075 0.2756025 0.5188642 0.5085133 0.5188746 0.2409629 0.6736023 0.7067919 0.8318803 0.4738811 0.8318951 0.2409691 0.5474246 0.04670457 0.3926757 0.9356885 0.6736413 0.06352849 0.860477 0.9356951 0.8318654 0.008329579 0.2029846 0.01980715 0.08513618 0.008329811 0.2632532 0.0198071 0.1426985 0.009393495 0.189382 0.009393343 0.2496502 0.01965509 0.1292145 0.01965443 0.07165217 0.4246503 0.1428537 0.4246503 0.08090562 0.5899073 0.3645571 0.7476418 0.3700711 0.7475134 0.1504008 0.5897912 0.308123 0.7475134 0.308123 0.01031854 0.0309034 0.1599287 0.03090197 0.1877055 0.09847271 0.1719566 0.07165349 0.1847945 0.2514452 0.1718045 0.1426973 0.02048334 0.1308313 0.1861469 0.2029846 0.9697878 0.6906184 0.9493352 0.5474643 0.9926497 0.692442 0.9848256 0.8386918 0.2414141 0.03449696 0.2543875 0.178013 0.2543869 0.04343528 0.4200891 0.03449696 0.2543869 0.04343528 0.4071146 0.04343414 0.4200782 0.1869633 0.2543875 0.178013 0.2414142 0.1869497 0.1128432 0.3609304 0.01687802 0.9959615 0.1128432 0.3609304 0.01284523 0.2704716 0.9848158 0.6890819 0.03305931 0.5188528 0.03306505 0.3926751 0.9784892 0.8454625 0.981906 0.5381595 0.9730569 0.5380268 0.02629577 0.9960938 0.01687803 0.8511704 0.00390625 0.5324513 0.01259752 0.5341206 0.04269774 0.3926755 0.9396953 0.6736416 0.9396949 0.7056874 0.186839 0.2102017 0.00390625 0.1552794 0.1905703 0.1552794 0.9784866 0.3927181 0.008052112 0.6735892 0.2409703 0.8319098 0.5687655 0.3529518 0.56921 0.2255746 0.5687655 0.3529518 0.4246355 0.3700711 0.56921 0.2255746 0.4245218 0.2087081 0.7477701 0.3120292 0.5825008 0.02286375 0.5824943 0.02576584 0.5825009 0.08481187 0.5824944 0.0877139 0.5825009 0.14676 0.4245282 0.1496621 0.5824944 0.1496621 0.424638 0.1373397 0.424638 0.1992879 0.7414242 0.5188851 0.008058049 0.5474116 0.00390625 0.6735891 0.00390625 0.7057475 0.003914417 0.8319252 0.7582532 0.8604779 0.9911626 0.986656 0.7582521 0.9866557 0.2756082 0.3926864 0.508519 0.3926969 0.9356869 0.7056876 0.473873 0.7057173 0.9397025 0.5474638 0.7067913 0.5474508 0.4738737 0.6736154 0.7067845 0.6736284 0.4738802 0.5474377 0.9356944 0.5474637 0.04669883 0.5188534 0.06352727 0.9866548 0.1711284 0.0732702 0.007950488 0.2665653 0.1861468 0.2632532 0.01961751 0.1460256 0.007950389 0.2062955 0.185083 0.1893818 0.1711284 0.1308313 0.1850833 0.2496504 0.00390625 0.04091161 0.2414141 0.3700711 0.4206156 0.1908697 0.2414143 0.1908696 0.424638 0.07539165 0.5899195 0.3700711 0.5897912 0.1504008 0.00390625 0.990833 0.4071146 0.04343414 0.00390625 0.0230698 0.1719573 0.1292132 0.1718046 0.08513737 0.9493276 0.7056868 0.2414142 0.1869497 0.2414141 0.03449696 0.4071044 0.1780258 0.2320088 0.2704716 0.1112823 0.3700711 0.9818978 0.6829506 0.003913449 0.3739774 0.007637529 0.2102017 0.006205135 0.09237075 0.007637536 0.1499318 0.9784809 0.5188959 0.00805093 0.7057472 0.5854418 0.369628 0.4413883 0.3533962 0.4412603 0.2254465 0.5858849 0.2088217 0.5897912 0.3120292 0.4245218 0.02286381 0.4245218 0.08481187 0.4245218 0.14676 0.003913368 0.5474113 0.7067838 0.7057025 0.1865261 0.2665653 0.1719942 0.1460256 0.1865261 0.2062954 0.4206156 0.3700711 0.01980715 0.08513618 0.1718045 0.1426973 0.0198071 0.1426985 0.1718046 0.08513737  
			<Normals>: 226 0.5767596 -0.5785298 0.5767596 0.5767494 -0.5785196 -0.57678 -0.57678 -0.5785196 0.5767494 -0.57678 -0.5785196 -0.5767494 0.6794534 -0.4375261 -0.588994 -0.6794534 -0.4375261 -0.588994 -0.6787902 -0.4355781 0.5911984 0.6787902 -0.4355781 0.5911984 0.5934405 -0.519249 0.6149869 0.6526753 -0.1789318 0.7362053 0.6526753 -0.1789318 -0.7362053 0.5934207 -0.5192584 -0.614998 -0.6526753 -0.1789318 -0.7362053 -0.5934499 -0.5192267 -0.6149966 -0.6526753 -0.1789318 0.7362053 -0.5934302 -0.5192361 0.6150078 0.182078 -0.9569318 -0.2261173 -0.182078 -0.9569318 -0.2261173 0.4484538 -0.8324809 0.3253686 -0.4484538 -0.8324809 0.3253686 -0.7206123 0.5367664 -0.4388618 -0.6477 -0.2589213 -0.7165504 -0.6893373 -0.4342883 0.5798343 -0.4361835 0.60755 0.6637973 0.7205977 0.5367783 -0.4388714 0.6477 -0.2589213 -0.7165504 0.6893373 -0.4342883 0.5798343 0.4361835 0.60755 0.6637973 -0.6583253 0.2474175 0.7109095 -0.6324201 0.5071691 -0.585512 0.6583253 0.2474175 0.7109095 0.6324201 0.5071691 -0.585512 0.7071068 0 -0.7071068 -0.7071068 0 -0.7071068 -0.7071068 0 0.7071068 0.7071068 0 0.7071068 0.7171039 0.1034898 0.6892401 0.4421621 0.8286572 0.3432494 0.4421621 0.8286572 -0.3432494 0.7171039 0.1034898 -0.6892401 -0.4421667 0.8286658 -0.3432224 -0.7171039 0.1034898 -0.6892401 -0.4421621 0.8286572 0.3432494 -0.7171039 0.1034898 0.6892401 0.4333439 0.7902064 -0.4333439 -0.4333439 0.7902064 -0.4333439 -0.4333439 0.7902064 0.4333439 0.4333439 0.7902064 0.4333439 0.6113348 0.502533 -0.6113348 -0.6113348 0.502533 -0.6113348 -0.6113348 0.502533 0.6113348 0.6113348 0.502533 0.6113348 0.7071033 -0.003112976 -0.7071033 -0.7071033 -0.003112976 -0.7071033 -0.7071033 -0.003112976 0.7071033 0.7071033 -0.003112976 0.7071033 0.7071033 -0.003112976 -0.7071033 -0.7071033 -0.003112976 -0.7071033 -0.7071033 -0.003112976 0.7071033 0.7071033 -0.003112976 0.7071033 0.7071068 0 0.7071068 -0.7071068 0 0.7071068 -0.7071068 0 -0.7071068 0.7071068 0 -0.7071068 0.7071068 0 0.7071068 0.7071068 0 0.7071068 0.7071068 0 0.7071068 -0.7071068 0 0.7071068 -0.7071068 0 0.7071068 -0.7071068 0 0.7071068 -0.7071068 0 -0.7071068 -0.7071068 0 -0.7071068 -0.7071068 0 -0.7071068 0.7071068 0 -0.7071068 0.7071068 0 -0.7071068 0.7071068 0 -0.7071068 -0.7071068 0 0.7071068 -0.7071068 0 -0.7071068 0.7071068 0 0.7071068 0.7071068 0 -0.7071068 0.7036465 0.1206722 0.7002284 -0.7036465 0.1206722 0.7002284 -0.7036465 0.1206722 -0.7002284 0.7036465 0.1206722 -0.7002284 0.6028435 -0.4351716 0.6687341 -0.6028435 -0.4351716 -0.6687341 0.6028435 -0.4351716 -0.6687341 -0.6028435 -0.4351716 0.6687341 0.5767494 -0.5785196 -0.57678 -0.57678 -0.5785196 -0.5767494 -0.7071033 -0.003112976 0.7071033 0.5767596 -0.5785298 0.5767596 0.5767494 -0.5785196 -0.57678 -0.57678 -0.5785196 0.5767494 -0.57678 -0.5785196 -0.5767494 -0.7206123 0.5367664 -0.4388618 -0.4361835 0.60755 0.6637973 -0.7171039 0.1034898 -0.6892401 0.6028435 -0.4351716 0.6687341 -0.6526753 -0.1789318 0.7362053 -0.7036465 0.1206722 -0.7002284 0.6526753 -0.1789318 -0.7362053 0.7036465 0.1206722 -0.7002284 0.6893373 -0.4342883 0.5798343 0.6794534 -0.4375261 -0.588994 0.4484538 -0.8324809 0.3253686 0.7205977 0.5367783 -0.4388714 0.5934405 -0.519249 0.6149869 -0.4484538 -0.8324809 0.3253686 0.4484538 -0.8324809 0.3253686 0.5934207 -0.5192584 -0.614998 0.4484538 -0.8324809 0.3253686 0.182078 -0.9569318 -0.2261173 -0.5934499 -0.5192267 -0.6149966 -0.4484538 -0.8324809 0.3253686 -0.5934302 -0.5192361 0.6150078 -0.7206123 0.5367664 -0.4388618 -0.6583253 0.2474175 0.7109095 -0.7206123 0.5367664 -0.4388618 0.7205977 0.5367783 -0.4388714 0.4361835 0.60755 0.6637973 -0.6794534 -0.4375261 -0.588994 -0.6787902 -0.4355781 0.5911984 0.6324201 0.5071691 -0.585512 0.6324201 0.5071691 -0.585512 0.6477 -0.2589213 -0.7165504 -0.6893373 -0.4342883 0.5798343 0.6583253 0.2474175 0.7109095 -0.6324201 0.5071691 -0.585512 -0.6477 -0.2589213 -0.7165504 -0.7071068 0 0.7071068 -0.7071068 0 -0.7071068 0.7071068 0 0.7071068 -0.4421621 0.8286572 0.3432494 0.7171039 0.1034898 0.6892401 0.7171039 0.1034898 -0.6892401 -0.4333439 0.7902064 0.4333439 -0.7071068 0 -0.7071068 0.7071068 0 -0.7071068 -0.4333439 0.7902064 0.4333439 0.4333439 0.7902064 0.4333439 -0.4333439 0.7902064 0.4333439 -0.6113348 0.502533 -0.6113348 0.4333439 0.7902064 0.4333439 0.6113348 0.502533 -0.6113348 0.6113348 0.502533 0.6113348 -0.6113348 0.502533 0.6113348 -0.7071033 -0.003112976 0.7071033 -0.6113348 0.502533 -0.6113348 -0.7071033 -0.003112976 -0.7071033 0.6113348 0.502533 -0.6113348 0.7071033 -0.003112976 0.7071033 0.7071033 -0.003112976 -0.7071033 0.7071033 -0.003112976 -0.7071033 0.7071033 -0.003112976 0.7071033 -0.7071068 0 -0.7071068 0.7071068 0 -0.7071068 -0.4333439 0.7902064 -0.4333439 0.4333439 0.7902064 0.4333439 0.4333439 0.7902064 -0.4333439 0.7071068 0 0.7071068 -0.7071068 0 0.7071068 -0.7071068 0 0.7071068 -0.7071068 0 0.7071068 -0.7071068 0 0.7071068 0.7071068 0 0.7071068 0.7071068 0 0.7071068 0.7071068 0 -0.7071068 0.7071068 0 -0.7071068 -0.7071068 0 -0.7071068 -0.7071068 0 -0.7071068 0.7071068 0 -0.7071068 0.7071068 0 -0.7071068 -0.7071068 0 -0.7071068 -0.7071068 0 0.7071068 0.6526753 -0.1789318 0.7362053 -0.5934499 -0.5192267 -0.6149966 -0.7036465 0.1206722 0.7002284 0.5934207 -0.5192584 -0.614998 0.5934405 -0.519249 0.6149869 0.6028435 -0.4351716 -0.6687341 -0.6526753 -0.1789318 -0.7362053 -0.6028435 -0.4351716 0.6687341 -0.7171039 0.1034898 0.6892401 -0.4421667 0.8286658 -0.3432224 0.4421621 0.8286572 0.3432494 0.4421621 0.8286572 -0.3432494 -0.7071033 -0.003112976 -0.7071033 -0.57678 -0.5785196 0.5767494 0.5767596 -0.5785298 0.5767596 -0.4484538 -0.8324809 0.3253686 0.182078 -0.9569318 -0.2261173 -0.182078 -0.9569318 -0.2261173 -0.6028435 -0.4351716 -0.6687341 0.7036465 0.1206722 0.7002284 0.6787902 -0.4355781 0.5911984 -0.5934302 -0.5192361 0.6150078 0.5934405 -0.519249 0.6149869 -0.182078 -0.9569318 -0.2261173 -0.4361835 0.60755 0.6637973 -0.6324201 0.5071691 -0.585512 -0.6324201 0.5071691 -0.585512 -0.6583253 0.2474175 0.7109095 -0.4421667 0.8286658 -0.3432224 0.4421621 0.8286572 -0.3432494 0.4421621 0.8286572 0.3432494 -0.4333439 0.7902064 -0.4333439 0.7071068 0 0.7071068 -0.6113348 0.502533 0.6113348 -0.4333439 0.7902064 -0.4333439 0.4333439 0.7902064 -0.4333439 0.6113348 0.502533 0.6113348 -0.6113348 0.502533 0.6113348 -0.6113348 0.502533 -0.6113348 0.6113348 0.502533 -0.6113348 0.6113348 0.502533 0.6113348 0.4333439 0.7902064 -0.4333439 0.7071068 0 0.7071068 -0.5934302 -0.5192361 0.6150078 -0.5934499 -0.5192267 -0.6149966 0.5934207 -0.5192584 -0.614998 -0.4421621 0.8286572 0.3432494 -0.7036465 0.1206722 0.7002284 -0.7036465 0.1206722 -0.7002284 0.7036465 0.1206722 -0.7002284 0.7036465 0.1206722 0.7002284  
			<Tangents>: 226 -0.4072053 0.4084551 0.8169139 0.4072196 -0.4084694 0.8168995 -0.4072089 -0.4084371 -0.8169211 0.8168995 -0.4084694 -0.4072196 0.4952053 -0.3188817 0.8081374 0.7337186 -0.4051671 -0.5454325 -0.7343323 0.4026326 -0.5464824 -0.7343323 -0.4026326 0.5464824 0.3605607 0.854623 0.3736517 -0.710007 0.1946493 0.6767582 0.7100069 -0.1946497 0.6767582 0.8048924 0.3828321 0.4534178 0.7100069 0.1946497 -0.6767582 0.804871 -0.3828378 -0.4534512 -0.7576377 0.154146 -0.6342114 -0.3605421 0.8546309 0.3736516 0.04226566 -0.222132 0.9741001 0.9832841 -0.1771982 -0.04187089 -0.893806 -0.4176849 0.1632488 -0.1543092 -0.2864496 -0.9455873 0.6933383 0.5578814 -0.4561254 0.7618955 -0.2201133 -0.6091514 -0.490591 -0.3090765 -0.8147344 -0.8998577 -0.2944947 -0.3217592 0.6933534 -0.5578701 0.4561162 0.6653565 -0.2659796 0.6975354 -0.7244406 -0.4132445 0.551738 -0.8998577 0.2944947 0.3217592 -0.6654639 0.2501004 -0.7032834 0.4567734 -0.3663092 -0.8106637 -0.6654639 -0.2501004 0.7032834 0.7746256 -0.4140632 0.478024 0.7071068 0 0.7071068 0.7071068 0 -0.7071068 -0.7071068 0 -0.7071068 -0.7071068 2.202407E-06 0.7071068 -0.6969663 0.1064799 0.7091545 -0.8969352 0.4085031 0.1692117 0.1615894 0.302835 0.9392443 0.6969663 -0.1064799 0.7091545 0.8969329 0.4085127 -0.1692006 0.6821728 -0.09844866 -0.724533 -0.8969352 -0.4085031 -0.1692116 -0.6821728 0.09844911 -0.724533 0.2083677 0.3799603 0.9012287 0.9012287 0.3799603 -0.2083677 -0.9012287 -0.3799574 -0.2083729 -0.9012287 0.3799603 0.2083677 0.7913721 -0.3882067 0.472256 0.472256 -0.3882067 -0.7913721 -0.4722561 0.3882066 -0.7913721 -0.7913721 0.3882067 0.472256 0.7071103 0.003112946 0.7070964 0.7070964 0.003112877 -0.7071103 -0.7071103 0.003112946 -0.7070964 -0.7071103 -0.003112946 0.7070964 0.7070964 -0.003112863 0.7071103 0.7071103 -0.003112946 -0.7070964 -0.7070964 -0.003113024 -0.7071103 -0.7071103 -0.003112946 0.7070964 -0.7071068 1.561716E-05 0.7071068 -0.7071068 -2.269157E-06 -0.7071068 0.7071068 -2.467175E-06 -0.7071068 0.7071068 -3.38324E-08 0.7071068 -0.7071068 5.795367E-08 0.7071068 -0.7071068 7.888126E-06 0.7071068 -0.7071068 3.978995E-06 0.7071068 -0.7071068 4.972764E-06 -0.7071068 -0.7071068 6.557717E-06 -0.7071068 -0.7071068 -1.553242E-06 -0.7071068 0.7071068 -1.349437E-07 -0.7071068 0.7071068 -9.744206E-07 -0.7071068 0.7071068 -9.584715E-06 -0.7071068 0.7071068 6.747176E-08 0.7071068 0.7071068 3.557268E-07 0.7071068 0.7071068 -1.065043E-05 0.7071068 -0.7071068 0 -0.7071068 0.7071068 -1.337208E-05 -0.7071068 -0.7071068 1.027106E-05 0.7071068 0.7071068 0 0.7071068 -0.690153 -0.1183581 0.7139189 0.08553565 0.9926924 -0.08512013 0.690153 -0.1183581 -0.7139189 0.7105501 -0.1195108 0.6934232 -0.5422211 0.3914098 0.7435017 0.5422207 0.3914104 -0.7435017 0.7978595 0.3288047 0.5052798 -0.7978595 0.3288135 -0.5052741 0.8169211 0.4084371 0.4072089 0.4072089 0.408437 -0.8169211 -0.7071103 0.003112946 -0.7070964 -0.8169139 -0.4084551 0.4072053 0.4072196 -0.4084694 0.8168995 0.4072089 0.4084371 0.8169211 -0.4072089 -0.408437 0.8169211 0.3519533 -0.2621613 -0.8985546 -0.3871274 0.5392209 -0.7479125 0.6969663 0.1064714 -0.7091557 -0.7978595 -0.3288046 0.5052798 -0.710007 -0.1946494 -0.6767582 0.7105501 0.1194992 -0.6934251 0.7576377 0.154136 0.6342138 0.690153 0.1183581 0.7139189 -0.490591 0.3090765 0.8147344 0.7337186 0.4051671 0.5454325 -0.1543092 0.2864496 0.9455873 0.3519557 0.2621743 0.8985499 -0.8048778 -0.382845 0.4534329 -0.893806 0.4176849 -0.1632488 -0.893806 -0.4176849 0.1632488 0.4628273 -0.4049857 0.7885287 -0.1543092 0.2864496 0.9455873 0.04226566 -0.222132 0.9741001 0.4628484 0.4049596 -0.7885298 -0.1543092 -0.2864496 -0.9455873 -0.4628464 -0.4049787 -0.7885211 0.3519533 -0.2621613 -0.8985546 -0.7527335 -0.2163863 -0.6217469 0.6933383 0.5578814 -0.4561254 0.6933534 -0.5578701 0.4561162 -0.3871275 -0.5392209 0.7479125 0.4952054 0.3188817 -0.8081374 -0.4975656 -0.3192868 -0.8065261 0.4567734 0.3663092 0.8106637 0.7746256 -0.4140632 0.478024 0.7618955 0.2201133 0.6091514 -0.7244406 0.4132445 -0.551738 -0.7527335 0.2163863 0.6217469 0.4567734 -0.3663092 -0.8106637 0.6653565 0.2659795 -0.6975354 -0.7071068 0 -0.7071068 0.7071068 0 -0.7071068 -0.7071068 0 0.7071068 -0.1615893 0.302835 -0.9392443 -0.6821728 -0.0984491 0.724533 0.6821728 0.09844865 0.724533 -0.2083685 0.3799599 -0.9012287 0.7071068 -1.244838E-05 -0.7071068 0.7071068 0 0.7071068 -0.9012287 -0.3799603 -0.2083677 -0.9012287 0.3799603 0.2083677 -0.2083677 0.3799603 -0.9012287 0.7913721 0.3882067 -0.472256 -0.2083677 -0.3799603 0.9012287 0.472256 0.3882067 0.7913721 -0.7913721 0.3882067 0.472256 -0.4722561 0.3882066 -0.7913721 -0.7070964 -0.00311303 -0.7071103 0.7913721 0.3882067 -0.472256 0.7071103 -0.003112946 -0.7070964 0.472256 0.3882067 0.7913721 -0.7070964 0.00311303 0.7071103 0.7070964 -0.003112861 0.7071103 0.7071103 0.003112946 0.7070964 -0.7070964 0.003113028 0.7071103 0.7071068 -1.819669E-06 -0.7071068 0.7071068 -1.315127E-05 0.7071068 0.9012287 0.3799579 -0.2083721 -0.2083677 -0.3799603 0.9012287 0.2083677 0.3799603 0.9012287 -0.7071068 1.24701E-05 0.7071068 -0.7071068 1.471888E-05 -0.7071068 -0.7071068 1.107164E-05 -0.7071068 -0.7071068 0 -0.7071068 -0.7071068 -7.079933E-07 -0.7071068 -0.7071068 0 0.7071068 -0.7071068 3.539967E-07 0.7071068 0.7071068 -2.202407E-06 0.7071068 0.7071068 -3.911523E-06 0.7071068 0.7071068 -6.203721E-06 -0.7071068 0.7071068 -4.972764E-06 -0.7071068 0.7071068 -7.269432E-06 0.7071068 0.7071068 -1.027106E-05 0.7071068 0.7071068 0 -0.7071068 -0.7071068 1.337208E-05 -0.7071068 -0.7576377 -0.1541363 0.6342137 0.4628483 0.4049596 -0.7885298 -0.690153 0.1183581 -0.7139189 0.3605575 0.8546174 -0.3736677 -0.4628293 0.4049667 0.7885373 0.5422207 -0.3914103 0.7435017 0.7576377 -0.1541456 -0.6342115 -0.5422211 -0.3914098 -0.7435017 -0.6969663 -0.1064734 -0.7091554 -0.8969329 -0.4085127 0.1692006 -0.8969352 0.4085031 0.1692116 -0.8969352 0.4085031 -0.1692117 0.7070964 0.003112882 -0.7071103 -0.8168995 0.4084694 -0.4072196 -0.4072053 0.4084551 0.8169139 -0.893806 0.4176849 -0.1632488 0.9832841 0.1771982 0.04187089 0.04226572 0.222132 -0.9741001 0.7978595 -0.3288135 -0.5052741 -0.08553565 0.9926924 -0.08512013 -0.4975656 0.3192868 0.8065261 -0.8048855 0.3828251 -0.4534361 -0.4628293 0.4049667 0.7885373 0.04226572 0.222132 -0.9741001 -0.3871274 0.5392209 -0.7479125 0.7746256 0.4140632 -0.478024 0.7746256 0.4140632 -0.478024 -0.6654639 0.2501004 -0.7032834 0.1615766 -0.3028112 -0.9392542 0.8969352 -0.4085031 0.1692117 -0.1615893 -0.302835 0.9392443 0.2083677 -0.3799603 -0.9012287 -0.7071068 -5.268356E-08 0.7071068 -0.7913721 -0.3882067 -0.472256 0.2083677 -0.3799603 -0.9012287 0.9012287 -0.3799603 0.2083677 -0.4722561 -0.3882066 0.7913721 -0.7913721 -0.3882067 -0.472256 0.472256 -0.3882067 -0.7913721 0.7913721 -0.3882067 0.472256 -0.4722561 -0.3882066 0.7913721 0.9012287 -0.3799603 0.2083677 -0.7071068 0 0.7071068 -0.4628464 -0.4049787 -0.7885211 -0.3605451 0.8546365 -0.3736356 0.4628272 -0.4049858 0.7885287 -0.8969352 -0.4085031 -0.1692116 -0.7105501 -0.1194992 -0.6934251 0.08553565 0.9926924 0.08512013 -0.08553565 0.9926924 0.08512013 -0.7105501 0.1195108 0.6934232  
			<BiTangents>: 226 0.7081894 0.7060225 -3.587736E-08 0.7081894 0.7060225 -3.666579E-08 -0.7081707 0.7060412 -1.967566E-08 -2.236085E-09 0.7060225 -0.7081894 0.5414007 0.8407647 -1.02235E-09 -1.655737E-08 0.8027518 -0.5963132 1.744374E-09 0.805083 0.5931622 -1.744374E-09 0.805083 0.5931622 0.7196002 1.077683E-08 -0.6943887 0.2643954 0.9644144 1.292398E-08 0.2643957 0.9644143 2.2237E-07 2.567831E-09 0.7640748 -0.6451277 -0.2643957 0.9644143 2.126444E-07 -7.042681E-09 0.7640935 -0.6451056 2.54867E-06 0.9717111 0.2361728 0.719618 1.998349E-08 0.6943702 0.9823753 0.1869192 -8.569014E-10 -7.036347E-10 0.2299613 -0.9731998 -1.391994E-09 -0.364026 -0.9313888 -0.880385 0.4742596 -1.831835E-08 -5.229261E-09 -0.6329693 -0.7741769 7.280562E-09 0.9404839 -0.3398384 -0.5330428 0.8460883 -2.318204E-08 3.656037E-09 0.7376692 -0.6751623 -1.268897E-08 -0.6329693 -0.7741769 0.3711945 0.9285551 7.17262E-09 3.603844E-09 0.8003891 0.5994809 -3.656037E-09 0.7376692 -0.6751623 0.3518035 0.9360739 1.479944E-08 0.625622 0.7801263 3.315795E-08 -0.3518035 0.9360739 1.479944E-08 -1.056578E-08 0.7558646 0.654728 0 1 0 0 1 0 0 1 0 1.557337E-06 1 -1.557337E-06 -5.116429E-09 0.9889145 -0.1484861 -5.226168E-08 0.3826914 -0.9238763 -0.8822593 0.4707636 4.632529E-08 -5.116429E-09 0.9889145 0.1484861 2.780216E-09 0.3826624 0.9238883 0.1428365 0.9897463 4.968284E-10 -7.359759E-09 0.3826913 -0.9238762 0.1428368 0.9897463 3.315849E-07 -0.8768101 0.4808368 -1.948774E-08 4.062245E-09 0.4808368 0.8768101 5.353341E-06 0.480839 -0.8768089 -4.062245E-09 0.4808368 -0.8768101 9.184769E-09 0.7724999 0.6350149 0.6350149 0.7724999 -2.740397E-08 0.6350148 0.7724999 -5.720693E-08 9.184769E-09 0.7724999 -0.6350149 -1.209565E-10 0.9999903 -0.004402392 -0.004402343 0.9999903 -4.877574E-08 1.209565E-10 0.9999903 0.004402392 -1.209565E-10 0.9999903 0.004402392 0.004402333 0.9999903 -5.832458E-08 1.209565E-10 0.9999903 -0.004402392 -0.004402447 0.9999903 -5.57677E-08 -1.209565E-10 0.9999903 0.004402392 1.1043E-05 1 -1.1043E-05 -1.604536E-06 1 -1.604536E-06 1.744556E-06 1 -1.744556E-06 2.392312E-08 1 2.392312E-08 4.097944E-08 1 -4.097944E-08 5.577747E-06 1 -5.577747E-06 2.813574E-06 1 -2.813574E-06 3.516275E-06 1 3.516275E-06 4.637006E-06 1 4.637006E-06 -1.098308E-06 1 -1.098308E-06 9.541959E-08 1 -9.541959E-08 6.890194E-07 1 -6.890194E-07 6.777417E-06 1 -6.777417E-06 -4.770974E-08 1 -4.770974E-08 -2.515368E-07 1 -2.515368E-07 7.530989E-06 1 7.530989E-06 0 1 0 9.455491E-06 1 -9.455491E-06 7.262734E-06 1 -7.262734E-06 0 1 0 -0.1690279 0.9856113 -1.639813E-09 0.7053831 2.784128E-10 0.7088264 0.1690279 0.9856113 1.639813E-09 7.955467E-06 0.9854722 0.169837 0.5852999 0.8108169 3.985716E-07 -0.5853003 0.8108166 1.243527E-07 5.459822E-07 0.8381606 -0.5454236 7.889189E-06 0.8381571 0.5454289 -2.434433E-09 0.7060412 -0.7081707 -0.7081707 0.7060413 -3.199618E-08 1.209565E-10 0.9999903 0.004402392 -1.447057E-09 0.7060225 0.7081894 0.7081894 0.7060225 -3.666579E-08 0.7081707 -0.7060412 1.967566E-08 0.7081707 -0.7060413 3.199618E-08 0.5973666 0.8019683 2.760281E-08 0.8123277 0.5832013 1.549063E-08 6.009368E-06 0.9889154 0.14848 5.858419E-07 0.8381606 0.5454236 -0.2643955 0.9644144 3.198362E-09 4.101442E-07 0.9854736 0.1698288 5.238713E-06 0.9717126 -0.2361663 -0.1690279 0.9856113 -3.602763E-09 0.5330427 0.8460883 -2.638188E-09 1.655737E-08 0.8027518 -0.5963132 0.880385 0.4742596 -5.913416E-09 -0.5973828 0.8019562 -1.544688E-08 -1.607346E-08 0.7640748 0.6451277 -1.391994E-09 0.364026 0.9313888 1.391994E-09 0.364026 0.9313888 0.6585156 0.7525672 -5.213061E-09 0.880385 0.4742596 1.889645E-08 0.9823753 0.1869192 -8.569014E-10 -0.6584745 0.7526031 -3.689093E-08 -0.880385 0.4742596 -1.831835E-08 -0.6584936 0.7525863 -1.777041E-08 0.5973666 0.8019683 2.760281E-08 -9.866037E-10 0.9444371 -0.328692 5.229261E-09 0.6329693 0.7741769 1.268897E-08 0.6329693 0.7741769 -0.8123277 0.5832013 -2.615774E-09 -0.5414007 0.8407648 -5.456023E-08 -0.540067 0.8416221 -1.661945E-09 -0.625622 0.7801263 -8.044534E-10 -1.056578E-08 0.7558646 0.654728 -7.280562E-09 0.9404839 -0.3398384 -3.603844E-09 0.8003891 0.5994809 9.866037E-10 0.9444371 -0.328692 0.625622 0.7801264 6.712035E-08 -0.3711945 0.9285551 -4.686622E-08 0 1 0 0 1 0 0 1 0 0.8822593 0.4707636 -9.281437E-09 -0.1428368 0.9897463 3.262421E-07 -0.1428365 0.9897463 5.839669E-09 0.8768099 0.4808372 -8.454066E-07 8.802334E-06 1 -8.802334E-06 0 1 0 4.062245E-09 0.4808368 -0.8768101 -4.062245E-09 0.4808368 -0.8768101 0.8768101 0.4808368 -2.875189E-08 -9.184769E-09 0.7724999 0.6350149 -0.8768101 0.4808368 -2.875189E-08 -0.6350149 0.7724999 -2.740397E-08 9.184769E-09 0.7724999 -0.6350149 0.6350148 0.7724999 -5.720693E-08 -0.004402451 0.9999903 -5.955431E-08 -9.184769E-09 0.7724999 0.6350149 1.209565E-10 0.9999903 -0.004402392 -0.6350149 0.7724999 -4.238062E-08 0.004402451 0.9999903 -5.955431E-08 0.004402332 0.9999903 -5.947703E-08 -1.209565E-10 0.9999903 -0.004402392 0.00440245 0.9999903 -5.840186E-08 1.286701E-06 1 -1.286701E-06 9.299351E-06 1 9.299351E-06 4.487307E-06 0.4808387 0.8768091 -0.8768101 0.4808368 1.948774E-08 -0.8768101 0.4808368 -1.948774E-08 8.81769E-06 1 -8.81769E-06 1.040782E-05 1 1.040782E-05 7.828832E-06 1 7.828832E-06 0 1 0 -5.006268E-07 1 -5.006268E-07 0 1 0 2.503135E-07 1 -2.503135E-07 1.557337E-06 1 1.557337E-06 2.765865E-06 1 2.765865E-06 4.386693E-06 1 -4.386693E-06 3.516275E-06 1 -3.516275E-06 5.140264E-06 1 5.140264E-06 7.262734E-06 1 7.262734E-06 0 1 0 9.455491E-06 1 9.455491E-06 5.019612E-06 0.9717126 0.2361665 -0.6584745 0.7526031 -3.730587E-09 0.1690279 0.9856113 3.602763E-09 0.719618 -1.222626E-08 0.6943702 0.6584964 0.7525839 1.574348E-08 0.5853003 0.8108166 1.063866E-07 2.231141E-06 0.9717112 -0.2361725 -0.5852999 0.8108169 3.806055E-07 4.576605E-06 0.9889151 -0.1484814 -2.780216E-09 -0.3826624 -0.9238883 -4.988193E-09 0.3826913 -0.9238762 5.226168E-08 -0.3826914 -0.9238763 -0.004402347 0.9999903 -4.465985E-08 -2.236085E-09 0.7060225 0.7081894 0.7081894 0.7060225 -1.868859E-08 1.391994E-09 -0.364026 -0.9313888 7.036347E-10 0.2299613 -0.9731998 -0.9823753 0.1869192 -6.060765E-08 7.869259E-06 0.8381571 -0.5454289 -0.7053831 2.784128E-10 0.7088264 0.540067 0.8416221 -1.661945E-09 2.130967E-09 0.7640935 0.6451055 0.6584964 0.7525839 1.574348E-08 -0.9823753 0.1869192 -6.060765E-08 0.8123277 0.5832013 1.549063E-08 1.056578E-08 0.7558646 0.654728 1.056578E-08 0.7558646 0.654728 0.3518035 0.9360739 1.479944E-08 0.8822594 0.4707637 -4.895534E-08 -5.226168E-08 0.3826914 0.9238763 -0.8822593 0.4707636 3.896019E-09 0.8768101 0.4808368 -1.948774E-08 -3.72529E-08 1 3.72529E-08 -9.184769E-09 0.7724999 -0.6350149 0.8768101 0.4808368 -1.948774E-08 -4.062245E-09 0.4808368 0.8768101 -0.6350148 0.7724999 -5.720693E-08 -9.184769E-09 0.7724999 -0.6350149 0.6350149 0.7724999 -4.238062E-08 9.184769E-09 0.7724999 0.6350149 -0.6350148 0.7724999 -5.720693E-08 -4.062245E-09 0.4808368 0.8768101 0 1 0 -0.6584936 0.7525863 -1.777041E-08 0.7196002 -2.854405E-09 -0.6943887 0.6585156 0.7525671 2.794736E-08 -5.463324E-08 0.3826913 -0.9238762 4.101442E-07 0.9854736 -0.1698288 -0.7053831 -2.784128E-10 0.7088264 0.7053831 -2.784128E-10 0.7088264 7.955467E-06 0.9854722 -0.169837  
			<SubMeshes>: 1
				<SubMesh>: 0 516 56 0 1 57 88 3 58 89 2 90 91 59 92 93 94 18 23 27 26 6 7 10 84 9 85 43 41 17 24 20 19 95 96 86 97 39 14 98 87 8 81 15 82 99 12 100 101 83 102 9 80 103 4 25 21 104 5 105 106 16 107 108 109 11 17 13 110 111 112 113 114 115 28 116 29 117 27 23 31 118 119 30 106 120 22 121 122 103 123 30 21 124 125 126 127 117 22 128 129 7 34 35 122 33 130 104 131 5 4 132 32 42 36 37 133 41 43 40 39 97 38 134 135 60 46 47 62 136 61 75 137 72 64 63 138 139 51 140 141 49 50 45 48 142 143 144 44 145 54 55 146 53 147 148 52 149 150 151 152 54 59 55 53 58 147 149 153 57 152 154 56 155 61 69 156 157 137 63 158 159 160 161 60 78 67 66 66 68 65 65 162 160 76 70 163 70 164 163 71 69 164 32 165 79 73 166 74 74 64 138 167 77 131 168 169 170 171 72 169 172 170 77 165 73 79 130 173 76 35 174 78 222 175 14 176 177 82 178 223 224 179 102 80 180 134 84 181 86 101 12 182 85 98 183 87 184 185 186 154 0 56 153 88 57 187 89 58 188 91 90 189 93 92 190 23 18 126 6 26 180 84 10 182 43 85 191 24 17 192 95 19 193 97 86 175 98 14 194 81 8 177 99 82 181 101 100 10 9 102 195 4 103 125 104 21 120 106 105 196 108 107 191 17 11 197 111 110 198 114 113 199 116 28 127 27 117 200 118 31 123 106 30 129 121 22 25 123 103 201 124 21 26 127 126 202 128 22 6 34 7 121 33 122 167 131 104 195 132 4 183 36 42 203 41 133 204 39 40 205 134 38 161 46 60 206 136 62 156 137 75 207 63 64 208 51 139 209 49 141 210 48 45 211 144 143 212 54 145 213 53 146 214 52 148 215 151 150 90 59 54 187 58 53 52 153 149 151 154 152 62 61 155 216 157 156 207 158 63 162 161 160 174 67 78 67 68 66 68 162 65 173 70 76 71 164 70 155 69 71 132 165 32 217 166 73 166 64 74 172 77 167 171 169 168 75 72 171 168 170 172 217 73 165 33 173 130 34 174 35 225 175 222 218 177 176 219 223 178 220 102 179 135 134 180 193 86 181 99 182 12 36 183 98 221 185 184  
		</Mesh>
		<Materials>: 1
			<Material>: 0
				<AlbedoColor>: 1 1 1 1
				<EmissiveColor>: 0 0 0 0
				<Glossiness>: 0.04
				<Metallic>: 0
				<SpecularHighlight>: 1
				<GlossyReflection>: 1
				<AlbedoMap>: BLD_Villa1_A
				<MetallicMap>: BLD_Villa1_MS
				<NormalMap>: BLD_Villa1_N
				<EmissionMap>: null
				<DetailAlbedoMap>: DET_Concrete1_A
				<DetailNormalMap>: DET_Concrete1_N
		</Materials>
		<Children>: 0
	</Frame>
</Hierarchy>
