<Hierarchy>:
	<Frame>: 0 5 Villa1_Deco_Beam_A
		<Transform>: 0 0 0 0 0 0 1 1 1 0 0 0 1  
		<TransformMatrix>: 1 0 0 0 0 1 0 0 0 0 1 0 0 0 0 1  
		<BoxCollider>: 1 -2 0.04999999 1.490116E-08 4 0.2999999 0.3999999  
		<Mesh>: 42 Villa1_Deco_Beam_A
			<Bounds>: -2 0.04999999 1.490116E-08 2 0.15 0.2
			<Positions>: 42 0 -0.09999996 0.1629832 0 -0.06298319 0.2 0 0.1629832 0.2 0 0.2 0.1629832 0 -0.06298321 -0.2 0 -0.09999997 -0.1629832 0 0.2 -0.1629832 0 0.1629832 -0.2 -4 -0.06298319 0.2 -4 -0.09999996 0.1629832 -4 0.2 0.1629832 -4 0.1629832 0.2 -4 -0.09999997 -0.1629832 -4 -0.06298321 -0.2 -4 0.1629832 -0.2 -4 0.2 -0.1629832 -4 -0.09999997 -0.1629832 -4 -0.09999996 0.1629832 -4 0.2 0.1629832 -4 0.2 -0.1629832 -4 0.1629832 0.2 -4 -0.06298319 0.2 -4 -0.06298321 -0.2 -4 0.1629832 -0.2 0 0.2 -0.1629832 -4 0.2 -0.1629832 -4 -0.06298321 -0.2 0 -0.06298321 -0.2 -4 0.2 0.1629832 -4 0.1629832 0.2 0 0.1629832 0.2 0 0.2 0.1629832 0 -0.06298319 0.2 -4 -0.06298319 0.2 0 -0.09999996 0.1629832 0 -0.09999997 -0.1629832 0 -0.06298321 -0.2 0 -0.06298319 0.2 0 0.1629832 -0.2 0 0.1629832 0.2 0 0.2 -0.1629832 0 0.2 0.1629832  
			<Colors>: 0  
			<TextureCoords0>: 42 0.0004882813 0.8164063 0.0004882813 0.8134766 0.0004882813 0.8041992 0.0004882813 0.8588867 0.0004882813 0.8334961 0.0004882813 0.8300781 0.0004882813 0.8457031 0.0004882813 0.8422852 0.2998047 0.8046875 0.2666016 0.815918 0.296875 0.824707 0.2998047 0.8217773 0.2666016 0.8300781 0.269043 0.8046875 0.269043 0.8217773 0.2719727 0.824707 0.2719727 0.8017578 0.296875 0.8017578 0.2666016 0.8583984 0.2666016 0.8452148 0.2666016 0.8041992 0.2666016 0.8134766 0.2666016 0.8330078 0.2666016 0.8422852 0.0004882813 0.8457031 0.2666016 0.8452148 0.2666016 0.8330078 0.0004882813 0.8334961 0.2666016 0.8007813 0.2666016 0.8041992 0.0004882813 0.8041992 0.0004882813 0.8007813 0.0004882813 0.8134766 0.2666016 0.8134766 0.296875 0.824707 0.2719727 0.824707 0.269043 0.8217773 0.2998047 0.8217773 0.269043 0.8046875 0.2998047 0.8046875 0.2719727 0.8017578 0.296875 0.8017578  
			<TextureCoords1>: 42 0.9961534 0.6715877 0.9961536 0.8253933 0.9961531 0.7693397 0.00390627 0.915234 0.003906875 0.8983418 0.9961534 0.7524475 0.00390625 0.9960938 0.00390625 0.8422881 0.103131 0.5671883 0.003906397 0.6715877 0.09394848 0.5019522 0.1031309 0.5111346 0.003906383 0.7524475 0.003906315 0.5671883 0.00390625 0.5111346 0.01308869 0.5019522 0.01308889 0.5763707 0.09394854 0.5763707 0.9961537 0.915234 0.9961537 0.9960938 0.00390625 0.7693397 0.003906726 0.8253933 0.9961538 0.8983392 0.9961532 0.8422855 0.003906875 0.8293022 0.9961538 0.8292996 0.00390653 0.7654334 0.9961535 0.7654334 0.9961537 0.915234 0.9961543 0.902248 0.00390693 0.902248 0.00390627 0.915234 0.9961532 0.6586018 0.00390625 0.6586018 0.01308874 0.6546955 0.09394858 0.6546955 0.103131 0.645513 0.003906266 0.6455131 0.103131 0.5894594 0.00390625 0.5894594 0.09394852 0.580277 0.0130887 0.580277  
			<Normals>: 42 0 -0.9238803 0.3826815 0 -0.3826815 0.9238803 0 0.3826815 0.9238803 0 0.9238803 0.3826815 0 -0.3826815 -0.9238803 0 -0.9238803 -0.3826815 0 0.9238803 -0.3826815 0 0.3826815 -0.9238803 -1 0 0 0 -0.9238803 0.3826815 -1 0 0 -1 0 0 0 -0.9238803 -0.3826815 -1 0 0 -1 0 0 -1 0 0 -1 0 0 -1 0 0 0 0.9238803 0.3826815 0 0.9238803 -0.3826815 0 0.3826815 0.9238803 0 -0.3826815 0.9238803 0 -0.3826815 -0.9238803 0 0.3826815 -0.9238803 0 0.9238803 -0.3826815 0 0.9238803 -0.3826815 0 -0.3826815 -0.9238803 0 -0.3826815 -0.9238803 0 0.9238803 0.3826815 0 0.3826815 0.9238803 0 0.3826815 0.9238803 0 0.9238803 0.3826815 0 -0.3826815 0.9238803 0 -0.3826815 0.9238803 1 0 0 1 0 0 1 0 0 1 0 0 1 0 0 1 0 0 1 0 0 1 0 0  
			<Tangents>: 42 -1 -4.494157E-05 -0.0001084992 -1 0 0 -1 0 0 -0.9999961 -0.001067089 0.002576196 -0.9999958 0.002678804 -0.001109591 -1 0 0 -0.9999961 0.001067089 0.002576196 -0.999998 0.001856781 0.0007690995 0 6.03323E-08 1 -0.9999967 -0.0009834846 -0.002374355 0 0 1 0 7.030532E-08 1 -0.9999971 0.0009128046 -0.002203718 0 3.772992E-08 1 0 5.142642E-08 1 0 7.188278E-08 1 0 4.571379E-08 1 0 3.755078E-08 1 -0.9999961 -0.001067089 0.002576196 -0.9999961 0.001067089 0.002576196 -1 0 0 -1 0 0 -1 9.134488E-05 -3.783607E-05 -0.9999999 0.0004429608 0.0001834793 -1 5.513568E-06 1.331101E-05 -0.999998 0.0007711764 0.001861795 -0.999998 0.001861796 -0.0007711765 -1 1.331101E-05 -5.513569E-06 -1 0 0 -1 0 0 -1 0 0 -1 0 0 -1 0 0 -0.9999971 -0.002211854 -0.0009161746 0 3.755078E-08 1 0 4.571379E-08 1 0 3.772992E-08 1 0 6.03323E-08 1 0 5.142642E-08 1 0 7.030532E-08 1 0 7.188278E-08 1 0 0 1  
			<BiTangents>: 42 -0.0001174385 0.3826815 0.9238803 0 0.9238803 0.3826815 0 0.9238803 -0.3826815 -0.002788452 0.3826801 -0.9238768 -0.002899514 -0.9238764 0.3826799 0 -0.3826815 0.9238803 -0.002788452 -0.3826801 -0.9238768 -0.002009764 -0.9238785 -0.3826808 0 -1 6.03323E-08 -0.002569982 0.3826803 0.9238773 0 -1 0 0 -1 7.030532E-08 -0.002385285 -0.3826804 0.9238777 0 -1 3.772992E-08 0 -1 5.142642E-08 0 -1 7.188278E-08 0 -1 4.571379E-08 0 -1 3.755078E-08 -0.002788452 0.3826801 -0.9238768 -0.002788452 -0.3826801 -0.9238768 0 0.9238803 -0.3826815 0 0.9238803 0.3826815 -9.887091E-05 -0.9238803 0.3826815 -0.0004794569 -0.9238802 -0.3826815 -1.440772E-05 -0.3826815 -0.9238803 -0.002015191 -0.3826808 -0.9238785 -0.002015191 -0.9238785 0.3826808 -1.440772E-05 -0.9238803 0.3826815 0 0.3826815 -0.9238803 0 0.9238803 -0.3826815 0 0.9238803 -0.3826815 0 0.3826815 -0.9238803 0 0.9238803 0.3826815 -0.002394092 0.9238777 0.3826804 0 1 -3.755078E-08 0 1 -4.571379E-08 0 1 -3.772992E-08 0 1 -6.03323E-08 0 1 -5.142642E-08 0 1 -7.030532E-08 0 1 -7.188278E-08 0 1 0  
			<SubMeshes>: 1
				<SubMesh>: 0 84 0 9 12 0 12 5 13 16 17 17 8 13 8 14 13 8 11 14 11 15 14 11 10 15 18 3 6 18 6 19 20 21 1 20 1 2 7 4 22 7 22 23 24 7 23 24 23 25 12 26 27 12 27 5 28 29 30 28 30 31 0 32 33 0 33 9 34 35 36 36 37 34 36 38 37 38 39 37 38 40 39 40 41 39  
		</Mesh>
		<Materials>: 1
			<Material>: 0
				<AlbedoColor>: 1 1 1 1
				<EmissiveColor>: 0 0 0 0
				<Glossiness>: 0.04
				<Metallic>: 0
				<SpecularHighlight>: 1
				<GlossyReflection>: 1
				<AlbedoMap>: BLD_Villa1_A
				<MetallicMap>: BLD_Villa1_MS
				<NormalMap>: BLD_Villa1_N
				<EmissionMap>: null
				<DetailAlbedoMap>: DET_Concrete1_A
				<DetailNormalMap>: DET_Concrete1_N
		</Materials>
		<Children>: 0
	</Frame>
</Hierarchy>
