<Hierarchy>:
	<Frame>: 0 5 Villa2_Wall_Mid_D
		<Transform>: 0 0 0 0 0 0 1 1 1 0 0 0 1  
		<TransformMatrix>: 1 0 0 0 0 1 0 0 0 0 1 0 0 0 0 1  
		<Mesh>: 500 Villa2_Wall_Mid_D
			<Bounds>: 2 2.998507 0.0008251965 2 3.001493 0.3228882
			<Positions>: 500 0.8194798 4.690432 0.3237134 0.8194798 4.705487 0.3067589 0.8194798 4.616686 0.3067589 0.8194798 4.631742 0.3237134 3.17948 4.705487 0.3067589 3.17948 4.690432 0.3237134 3.17948 4.631742 0.3237134 3.17948 4.616686 0.3067589 3.17948 4.751909 -0.3051085 3.17948 4.766965 -0.322063 3.17948 4.825655 -0.322063 3.17948 4.84071 -0.3051085 0.8194798 4.766965 -0.322063 0.8194798 4.751909 -0.3051085 0.8194798 4.84071 -0.3051085 0.8194798 4.825655 -0.322063 0.8194798 4.690432 -0.322063 0.8194798 4.705488 -0.3051085 0.8194798 4.616687 -0.3051085 0.8194798 4.631742 -0.322063 3.17948 4.705488 -0.3051085 3.17948 4.690432 -0.322063 3.17948 4.631742 -0.322063 3.17948 4.616687 -0.3051085 3.17948 4.751909 0.3067589 3.17948 4.766964 0.3237134 3.17948 4.825654 0.3237134 3.17948 4.84071 0.3067589 0.8194798 4.766964 0.3237134 0.8194798 4.751909 0.3067589 0.8194798 4.84071 0.3067589 0.8194798 4.825654 0.3237134 3.001329 4.530274 0.2357838 3.001329 4.530274 -0.239992 1.001329 4.530274 -0.239992 1.001329 4.530274 0.2357838 3.165706 4.630275 0.2607838 3.165706 4.630275 -0.264992 0.8369541 4.630275 -0.264992 0.8369541 4.630275 0.2607838 3.165706 4.830275 0.2607838 3.165706 4.830275 -0.264992 0.8369541 4.830275 -0.264992 0.8369541 4.830275 0.2607838 2.00133 4.630275 -0.264992 2.001329 4.530274 -0.239992 2.00133 4.630275 0.2607838 2.001329 4.530274 0.2357838 2.00133 4.830275 -0.264992 2.00133 4.830275 0.2607838 0.8324218 4.84071 -0.3051085 0.8324218 4.825655 -0.322063 0.8324218 4.751909 -0.3051085 0.8324218 4.766965 -0.322063 0.8324218 4.84071 0.3067589 0.8324218 4.825654 0.3237134 0.8324218 4.751909 0.3067589 0.8324218 4.766964 0.3237134 3.149224 4.84071 -0.3051085 3.149224 4.766965 -0.322063 3.149224 4.84071 0.3067589 3.149224 4.766964 0.3237134 3.149224 4.825655 -0.322063 3.149224 4.751909 -0.3051085 3.149224 4.825654 0.3237134 3.149224 4.751909 0.3067589 0.8324218 4.705488 -0.3051085 0.8324218 4.690432 -0.322063 0.8324218 4.616687 -0.3051085 0.8324218 4.631742 -0.322063 0.8324218 4.705487 0.3067589 0.8324218 4.690432 0.3237134 0.8324218 4.616686 0.3067589 0.8324218 4.631742 0.3237134 3.149224 4.705488 -0.3051085 3.149224 4.631742 -0.322063 3.149224 4.705487 0.3067589 3.149224 4.631742 0.3237134 3.149224 4.690432 -0.322063 3.149224 4.616687 -0.3051085 3.149224 4.690432 0.3237134 3.149224 4.616686 0.3067589 0.9302979 -0.002986896 0.2282066 3.081757 -0.002986896 0.2282066 0.9302979 -0.002986923 -0.3085801 3.081757 -0.002986923 -0.3085801 2.992816 -0.002986896 0.2282066 1.019238 -0.002986923 -0.3085801 2.992816 -0.002986923 -0.3085801 1.019238 -0.002986896 0.2282066 3.081757 4.568919 0.2282064 3.065282 4.585678 0.2282064 3.065282 4.585678 -0.3085803 3.081757 4.568919 -0.3085803 2.992816 4.477771 0.2282064 2.97634 4.49453 0.2282064 2.97634 4.49453 -0.3085803 2.992816 4.477771 -0.3085803 0.9379816 4.585678 0.2282064 0.9302979 4.577862 0.2282064 0.9302979 4.577862 -0.3085803 0.9379807 4.585678 -0.3085803 1.026922 4.49453 0.2282064 1.019238 4.486714 0.2282064 1.019238 4.486714 -0.3085803 1.026922 4.49453 -0.3085803 0.19 0 0.26 0.19 5.7 0.2599998 0.2 0 0.19 0.2 5.7 0.1899998 0.02 0 0.26 0.02 5.7 0.2599998 0.01 0 0.19 0.01 5.7 0.1899998 4 8.742271E-09 0.2000002 4 6 0.2000002 0 6 0.2000002 0 8.742271E-09 0.2000002 3 6 0.2000002 3 8.742271E-09 0.2000002 1 6 0.2000002 1 8.742271E-09 0.2000002 4 1 0.2000002 0 1 0.2000002 2.999147 1 0.2000002 0.9991472 1 0.2000002 4 4.5 0.2000002 0 4.5 0.2000002 2.999147 4.5 0.2000002 0.9991472 4.5 0.2000002 4 -8.742304E-09 -0.2 4 6 -0.2 0 6 -0.2 0 -8.742304E-09 -0.2 3 6 -0.2 3 -8.742304E-09 -0.2 1 6 -0.2 1 -8.742304E-09 -0.2 4 1 -0.2 0 1 -0.2 2.999147 1 -0.2 0.9991472 1 -0.2 4 4.5 -0.2 0 4.5 -0.2 2.999147 4.5 -0.2 0.9991472 4.5 -0.2 4 5.6 0.2000002 0 5.6 0.2000002 3 5.6 0.2000002 1 5.6 0.2000002 4 5.6 -0.2 0 5.6 -0.2 3 5.6 -0.2 1 5.6 -0.2 4 5.7 0.2999996 4 6 0.2999996 1 6 0.2999996 0 6 0.2999996 3 6 0.2999996 4 5.7 -0.3000004 4 6 -0.3000004 1 6 -0.3000004 0 6 -0.3000004 3 6 -0.3000004 0 5.7 0.2999996 3 5.7 0.2999996 1 5.7 0.2999996 0 5.7 -0.3000004 3 5.7 -0.3000004 1 5.7 -0.3000004 0 0.2 0.2000002 3 0.2 0.2000002 1 0.2 0.2000002 4 0.2 0.2000002 0 0.2 -0.2 3 0.2 -0.2 1 0.2 -0.2 4 0.2 -0.2 4 -1.311345E-08 -0.3000004 0 -1.311345E-08 -0.3000004 3 -1.311345E-08 -0.3000004 1 -1.311345E-08 -0.3000004 0 0.18 -0.3000004 0 0.2 -0.2799999 3 0.2 -0.2799999 3 0.18 -0.3000004 1 0.2 -0.2799999 1 0.18 -0.3000004 4 0.2 -0.2799999 4 0.18 -0.3000004 0 0.02608696 0.2000002 3 0.02608696 0.2000002 1 0.02608696 0.2000002 0 0.02608695 -0.2 4 0.02608696 0.2000002 4 0.02608695 -0.2 4 5.96875 0.2000002 4 5.96875 -0.2 0 5.96875 0.2000002 0 5.96875 -0.2 4 5.976563 0.2999996 4 5.976563 -0.3000004 0 5.976563 0.2999996 3 5.976563 0.2999996 1 5.976563 0.2999996 0 5.976563 -0.3000004 3 5.976563 -0.3000004 1 5.976563 -0.3000004 0 5.7 -0.2 0 5.7 0.2000002 4 5.7 -0.2 4 5.7 0.2000002 0 0.02784134 -0.3000004 1 0.02784134 -0.3000004 3 0.02784134 -0.3000004 4 0.02784134 -0.3000004 4 0.2418118 0.2000002 4 0.2418118 -0.2 0 0.2418118 0.2000002 2.994729 0.2418118 0.2000002 1.005182 0.2418118 0.2000002 0 0.2418118 -0.2 2.994729 0.2418118 -0.2 1.005182 0.2418118 -0.2 3.17948 4.825655 -0.322063 3.149224 4.825655 -0.322063 0.8194798 4.705488 -0.3051085 0.8194798 4.705487 0.3067589 0.8194798 4.616686 0.3067589 3.17948 4.705487 0.3067589 3.17948 4.616687 -0.3051085 3.17948 4.616686 0.3067589 3.149224 4.690432 0.3237134 3.17948 4.690432 0.3237134 0.8194798 4.631742 0.3237134 3.17948 4.766964 0.3237134 3.17948 4.825654 0.3237134 3.17948 4.751909 0.3067589 3.149224 4.825654 0.3237134 3.17948 4.825654 0.3237134 3.17948 4.84071 0.3067589 0.8194798 4.766964 0.3237134 0.8194798 4.751909 0.3067589 0.8194798 4.84071 0.3067589 0.8369541 4.630275 -0.264992 1.001329 4.530274 -0.239992 3.001329 4.530274 0.2357838 3.165706 4.630275 0.2607838 2.001329 4.530274 0.2357838 2.001329 4.530274 -0.239992 2.00133 4.630275 0.2607838 0.8369541 4.630275 0.2607838 0.8369541 4.630275 0.2607838 0.8369541 4.830275 0.2607838 0.8369541 4.630275 -0.264992 2.00133 4.630275 -0.264992 3.165706 4.630275 -0.264992 3.165706 4.630275 -0.264992 3.165706 4.830275 -0.264992 3.165706 4.630275 0.2607838 0.8369541 4.630275 -0.264992 0.8369541 4.830275 -0.264992 3.165706 4.630275 0.2607838 3.165706 4.830275 0.2607838 3.001329 4.530274 0.2357838 3.001329 4.530274 -0.239992 0.8369541 4.630275 0.2607838 1.001329 4.530274 0.2357838 3.165706 4.630275 -0.264992 3.001329 4.530274 -0.239992 0.8194798 4.84071 -0.3051085 0.8194798 4.751909 -0.3051085 0.8194798 4.616687 -0.3051085 0.8194798 4.631742 -0.322063 0.8194798 4.766965 -0.322063 3.17948 4.705488 -0.3051085 3.17948 4.690432 -0.322063 3.17948 4.766965 -0.322063 3.17948 4.825655 -0.322063 3.17948 4.84071 -0.3051085 3.17948 4.751909 -0.3051085 3.149224 4.690432 -0.322063 3.17948 4.690432 -0.322063 3.17948 4.631742 -0.322063 3.17948 4.690432 0.3237134 3.17948 4.631742 0.3237134 3.149224 4.84071 -0.3051085 3.149224 4.84071 0.3067589 3.149224 4.751909 0.3067589 3.149224 4.766964 0.3237134 0.8194798 4.84071 0.3067589 0.8194798 4.825654 0.3237134 0.8324218 4.84071 0.3067589 0.8194798 4.751909 -0.3051085 0.8324218 4.751909 -0.3051085 0.8324218 4.751909 0.3067589 0.8194798 4.751909 0.3067589 0.8194798 4.825654 0.3237134 0.8194798 4.766964 0.3237134 0.8324218 4.766964 0.3237134 0.8324218 4.825654 0.3237134 3.149224 4.751909 -0.3051085 3.149224 4.766965 -0.322063 0.8194798 4.84071 -0.3051085 0.8324218 4.84071 -0.3051085 0.8194798 4.825655 -0.322063 0.8194798 4.825655 -0.322063 0.8324218 4.825655 -0.322063 0.8324218 4.766965 -0.322063 0.8194798 4.766965 -0.322063 3.17948 4.751909 -0.3051085 3.17948 4.766965 -0.322063 3.17948 4.751909 0.3067589 3.17948 4.766964 0.3237134 3.17948 4.84071 -0.3051085 3.17948 4.84071 0.3067589 3.149224 4.705488 -0.3051085 3.149224 4.705487 0.3067589 3.149224 4.616686 0.3067589 3.149224 4.631742 0.3237134 0.8194798 4.705487 0.3067589 0.8194798 4.690432 0.3237134 0.8324218 4.705487 0.3067589 0.8194798 4.616687 -0.3051085 0.8324218 4.616687 -0.3051085 0.8324218 4.616686 0.3067589 0.8194798 4.616686 0.3067589 0.8194798 4.690432 0.3237134 0.8194798 4.631742 0.3237134 0.8324218 4.631742 0.3237134 0.8324218 4.690432 0.3237134 3.149224 4.616687 -0.3051085 3.149224 4.631742 -0.322063 0.8194798 4.705488 -0.3051085 0.8324218 4.705488 -0.3051085 0.8194798 4.690432 -0.322063 0.8194798 4.690432 -0.322063 0.8324218 4.690432 -0.322063 0.8324218 4.631742 -0.322063 0.8194798 4.631742 -0.322063 3.17948 4.616687 -0.3051085 3.17948 4.631742 -0.322063 3.17948 4.616686 0.3067589 3.17948 4.631742 0.3237134 3.17948 4.705488 -0.3051085 3.17948 4.705487 0.3067589 1.019238 -0.002986923 -0.3085801 1.019238 4.486714 -0.3085803 2.992816 4.477771 -0.3085803 2.992816 -0.002986923 -0.3085801 1.026922 4.49453 0.2282064 1.026922 4.49453 -0.3085803 2.97634 4.49453 -0.3085803 2.97634 4.49453 0.2282064 2.97634 4.49453 -0.3085803 2.97634 4.49453 0.2282064 3.065282 4.585678 0.2282064 2.97634 4.49453 0.2282064 2.992816 4.477771 0.2282064 3.065282 4.585678 -0.3085803 2.97634 4.49453 -0.3085803 2.992816 -0.002986896 0.2282066 1.026922 4.49453 -0.3085803 1.026922 4.49453 0.2282064 1.019238 4.486714 0.2282064 1.026922 4.49453 0.2282064 0.9379816 4.585678 0.2282064 0.9379807 4.585678 -0.3085803 1.026922 4.49453 -0.3085803 1.019238 -0.002986896 0.2282066 3.081757 4.568919 0.2282064 3.081757 -0.002986896 0.2282066 3.081757 -0.002986923 -0.3085801 3.081757 4.568919 -0.3085803 0.9379816 4.585678 0.2282064 3.065282 4.585678 0.2282064 3.065282 4.585678 -0.3085803 0.9379807 4.585678 -0.3085803 0.9302979 -0.002986896 0.2282066 0.9302979 4.577862 0.2282064 0.9302979 4.577862 -0.3085803 0.9302979 -0.002986923 -0.3085801 0.9379816 4.585678 0.2282064 0.9379807 4.585678 -0.3085803 3.065282 4.585678 0.2282064 3.065282 4.585678 -0.3085803 1.019238 -0.002986923 -0.3085801 1.019238 -0.002986896 0.2282066 0.9302979 -0.002986896 0.2282066 0.9302979 -0.002986923 -0.3085801 2.992816 -0.002986896 0.2282066 2.992816 -0.002986923 -0.3085801 3.081757 -0.002986923 -0.3085801 3.081757 -0.002986896 0.2282066 0.02 5.7 0.2599998 0.02 0 0.26 0.19 0 0.26 0.19 5.7 0.2599998 0.19 0 0.26 0.02 0 0.26 0.01 0 0.19 0.2 0 0.19 0 8.742271E-09 0.2000002 1 8.742271E-09 0.2000002 0 0.02608696 0.2000002 0 -8.742304E-09 -0.2 0 8.742271E-09 0.2000002 4 6 0.2000002 4 6 -0.2 3 8.742271E-09 0.2000002 4 8.742271E-09 0.2000002 4 0.2418118 -0.2 4 1 -0.2 4 1 0.2000002 0 4.5 0.2000002 0 4.5 -0.2 0 1 -0.2 0 1 0.2000002 4 4.5 -0.2 4 4.5 0.2000002 0 5.6 0.2000002 0 5.6 -0.2 4 5.6 0.2000002 4 5.6 -0.2 3 6 -0.3000004 4 6 -0.3000004 4 5.976563 -0.3000004 1 6 -0.3000004 4 5.7 0.2999996 0 6 -0.3000004 0 5.7 -0.3000004 4 6 -0.3000004 4 0.02608696 0.2000002 0 0.2418118 -0.2 0 0.02608695 -0.2 0 -8.742304E-09 -0.2 4 0.2 -0.2 4 0.02608695 -0.2 4 0.02784134 -0.3000004 4 0.18 -0.3000004 0 0.2418118 0.2000002 0 0.2 0.2000002 4 0.2 0.2000002 4 0.2418118 0.2000002 0 0.2 -0.2 4 0.2 -0.2 4 0.2 -0.2799999 0 -1.311345E-08 -0.3000004 1 0.2 -0.2799999 0 0.2 -0.2799999 4 0.2 -0.2799999 3 0.2 -0.2799999 0 0.02784134 -0.3000004 0 0.18 -0.3000004 1 0.18 -0.3000004 4 8.742271E-09 0.2000002 4 -8.742304E-09 -0.2 0 5.976563 0.2999996 0 6 0.2999996 0 6 0.2000002 0 6 -0.2 0 6 -0.3000004 0 5.976563 -0.3000004 3 6 0.2999996 4 6 0.2999996 1 6 0.2999996 0 6 0.2999996 4 5.7 -0.3000004 0 5.7 0.2999996 4 6 0.2999996 4 5.976563 0.2999996 0 -1.311345E-08 -0.3000004 1 -1.311345E-08 -0.3000004 3 -1.311345E-08 -0.3000004 4 -1.311345E-08 -0.3000004 0 0.2 -0.2 0 0.18 -0.3000004 0 0.2 -0.2799999 4 -8.742304E-09 -0.2 4 -1.311345E-08 -0.3000004 0 0.2 -0.2 1 0.2 -0.2 3 0.2 -0.2 4 0.2 -0.2 2.992816 4.477771 -0.3085803 2.992816 4.477771 0.2282064 1.019238 4.486714 -0.3085803 1.019238 4.486714 0.2282064 0.9302979 4.577862 0.2282064 0.9302979 4.577862 -0.3085803 3.081757 4.568919 0.2282064 3.081757 4.568919 -0.3085803 0 5.6 -0.2 1 5.6 -0.2 1 5.6 0.2000002 0 5.6 0.2000002 4 5.6 0.2000002 3 5.6 0.2000002 3 5.6 -0.2 4 5.6 -0.2  
			<Colors>: 0  
			<TextureCoords0>: 500 0.6254883 0.6811523 0.6269531 0.6801758 0.6269531 0.6855469 0.6264648 0.6987305 0.6269531 0.6801758 0.5258789 0.6962891 0.5258789 0.6987305 0.6269531 0.6855469 0.4086914 0.7148438 0.5258789 0.6987305 0.5258789 0.6962891 0.5258789 0.6953125 0.6264648 0.6987305 0.6264648 0.699707 0.5419922 0.7148438 0.6665039 0.6811523 0.6665039 0.6811523 0.6655273 0.6801758 0.6655273 0.6855469 0.6665039 0.6845703 0.6655273 0.6801758 0.6665039 0.6811523 0.6665039 0.6845703 0.6655273 0.6855469 0.6269531 0.6855469 0.6254883 0.6845703 0.6254883 0.6811523 0.6269531 0.6801758 0.6254883 0.6845703 0.6269531 0.6855469 0.6269531 0.6801758 0.6254883 0.6811523 0.6772461 0.7114258 0.6772461 0.7260742 0.6181641 0.7094727 0.5834961 0.7114258 0.6708984 0.7104492 0.6708984 0.7270508 0.6264648 0.7045898 0.5898438 0.7104492 0.5522461 0.6953125 0.7729492 0.6953125 0.6748047 0.6953125 0.6518555 0.6953125 0.5761719 0.7045898 0.5761719 0.7094727 0.5761719 0.7045898 0.5761719 0.7094727 0.7241211 0.6953125 0.6015625 0.6953125 0.5411935 0.7148438 0.6258622 0.6962891 0.6258622 0.699707 0.6258622 0.6987305 0.5411935 0.7524414 0.6258622 0.6962891 0.6258622 0.699707 0.6258622 0.6987305 0.5272878 0.6953125 0.5272878 0.6987305 0.5272878 0.6953125 0.5272878 0.6987305 0.5272878 0.6962891 0.4105586 0.7148438 0.5272878 0.6962891 0.4105586 0.7524414 0.5411935 0.7148438 0.6258622 0.6962891 0.6258622 0.699707 0.6258622 0.6987305 0.5411935 0.7524414 0.6258622 0.6962891 0.6258622 0.699707 0.6258622 0.6987305 0.5272878 0.6953125 0.5272878 0.6987305 0.5272878 0.6953125 0.5272878 0.6987305 0.5272878 0.6962891 0.4105586 0.7148438 0.5272878 0.6962891 0.4105586 0.7524414 0.802593 0.6591595 0.802593 0.6591595 0.802593 0.659159 0.8026367 0.6591595 0.06739596 0.4182722 0.8182086 0.6591595 0.8182086 0.659159 0.06739591 0.6148669 0.8025931 0.1297846 0.802593 0.6591595 0.8026142 0.412849 0.802593 0.1298046 0.06739591 0.547159 0.8182086 0.6488613 0.8182086 0.4231477 0.8182086 0.1403575 0.802593 0.4128474 0.8025952 0.1286839 0.8026412 0.1286831 0.802593 0.6591595 0.8182086 0.4231453 0.06739591 0.4861347 0.8182086 0.1392372 0.8182086 0.648862 0.4038086 0.309082 0.7900391 0.309082 0.4038086 0.3022461 0.7900391 0.3022461 0.4038086 0.315918 0.7900391 0.315918 0.4038086 0.3232422 0.7900391 0.3232422 0.0002441406 0.4143066 0.7402344 0.06201172 0.3991699 0.01611328 0.199707 0.4143066 0.2504883 0.01611328 0.05004883 0.4143066 0.3496094 0.01611328 0.1496582 0.4143066 0.0002441406 0.364502 0.199707 0.364502 0.05517578 0.364502 0.1447754 0.364502 0.0002441406 0.1896973 0.199707 0.1896973 0.05517578 0.1896973 0.1447754 0.1896973 0.4614258 0.7392578 0.7402344 0.08251953 0.3991699 0.003662109 0.6865234 0.7392578 0.2504883 0.003662109 0.5175781 0.7392578 0.3496094 0.003662109 0.6303711 0.7392578 0.2004395 0.3642578 0.3999023 0.3642578 0.2553711 0.3642578 0.3449707 0.3642578 0.2004395 0.1899414 0.3999023 0.1899414 0.2553711 0.1899414 0.3449707 0.1899414 0.0002441406 0.1352539 0.199707 0.1352539 0.05004883 0.1352539 0.1496582 0.1352539 0.7197266 0.08251953 0.3999023 0.1347656 0.25 0.1347656 0.3500977 0.1347656 0.7250977 0.05664063 0.2009277 0.01953125 0.3496094 0.01953125 0.3991699 0.01953125 0.2504883 0.01953125 0.2004395 0.130127 0.7402344 0.08789063 0.3496094 0.0004882813 0.3999023 0.1162109 0.2504883 0.0004882813 0.199707 0.1303711 0.05004883 0.1303711 0.1496582 0.1303711 0.3999023 0.130127 0.25 0.130127 0.3500977 0.130127 0.4414063 0.06201172 0.05004883 0.4042969 0.1496582 0.4042969 0.4414063 0.06201172 0.4414063 0.08251953 0.4345703 0.6679688 0.5429688 0.6679688 0.4414063 0.08251953 0.4614258 0.7338867 0.3793945 0.6733398 0.5175781 0.7338867 0.6303711 0.7338867 0.3999023 0.4055176 0.597168 0.6635742 0.4345703 0.6635742 0.25 0.4055176 0.5429688 0.6635742 0.3500977 0.4055176 0.4023438 0.6645508 0.2004395 0.4055176 0.199707 0.4130859 0.05004883 0.4130859 0.1496582 0.4130859 0.4326172 0.08251953 0.0002441406 0.4130859 0.4326172 0.08251953 0.7387695 0.06201172 0.7387695 0.08251953 0.7387695 0.06201172 0.7387695 0.08251953 0.0002441406 0.1164551 0.7392578 0.08789063 0.199707 0.1164551 0.05004883 0.1164551 0.1496582 0.1164551 0.3999023 0.1171875 0.25 0.1171875 0.3500977 0.1171875 0.7250977 0.08251953 0.7250977 0.06201172 0.7250977 0.08251953 0.7250977 0.06201172 0.3828125 0.6733398 0.3500977 0.4129472 0.25 0.4129472 0.2004395 0.4129472 0.4435755 0.06201172 0.2004395 0.4019728 0.4435754 0.06201172 0.05031679 0.402217 0.149403 0.402217 0.3999023 0.4019729 0.2502807 0.4019729 0.3498297 0.4019729 0.5258789 0.6962891 0.5272878 0.6962891 0.5419922 0.7148438 0.5419922 0.7524414 0.6264648 0.699707 0.5258789 0.6953125 0.4086914 0.7148438 0.4086914 0.7524414 0.5272878 0.6962891 0.5258789 0.6962891 0.6254883 0.6845703 0.5258789 0.6987305 0.5258789 0.6962891 0.4086914 0.7524414 0.5272878 0.6962891 0.5258789 0.6962891 0.5258789 0.6953125 0.6264648 0.6987305 0.6264648 0.699707 0.5419922 0.7524414 0.5898438 0.7270508 0.5834961 0.7260742 0.5336914 0.7094727 0.5253906 0.7045898 0.5551758 0.7114258 0.5551758 0.7260742 0.6015625 0.7060547 0.6518555 0.7060547 0.6518555 0.7060547 0.6518555 0.6953125 0.6748047 0.7060547 0.7241211 0.7060547 0.7729492 0.7060547 0.5263672 0.7060547 0.5263672 0.6953125 0.5522461 0.7060547 0.6748047 0.7060547 0.6748047 0.6953125 0.5522461 0.7060547 0.5522461 0.6953125 0.5268555 0.7114258 0.5268555 0.7260742 0.6264648 0.7045898 0.6181641 0.7094727 0.5253906 0.7045898 0.5336914 0.7094727 0.6655273 0.6801758 0.6655273 0.6855469 0.6264648 0.699707 0.6264648 0.6987305 0.6665039 0.6845703 0.5258789 0.6953125 0.5258789 0.6962891 0.6665039 0.6845703 0.6665039 0.6811523 0.6655273 0.6801758 0.6655273 0.6855469 0.5272878 0.6962891 0.5258789 0.6962891 0.5258789 0.6987305 0.6254883 0.6811523 0.6254883 0.6845703 0.4105586 0.7148438 0.4105586 0.7524414 0.5272878 0.699707 0.5272878 0.6987305 0.6264648 0.6953125 0.6264648 0.6962891 0.6258622 0.6953125 0.5419922 0.7148438 0.5411935 0.7148438 0.5411935 0.7524414 0.5419922 0.7524414 0.6264648 0.6962891 0.6264648 0.6987305 0.6258622 0.6987305 0.6258622 0.6962891 0.5272878 0.699707 0.5272878 0.6987305 0.6264648 0.6953125 0.6258622 0.6953125 0.6264648 0.6962891 0.6264648 0.6962891 0.6258622 0.6962891 0.6258622 0.6987305 0.6264648 0.6987305 0.5258789 0.699707 0.5258789 0.6987305 0.5258789 0.699707 0.5258789 0.6987305 0.4086914 0.7148438 0.4086914 0.7524414 0.4105586 0.7148438 0.4105586 0.7524414 0.5272878 0.699707 0.5272878 0.6987305 0.6264648 0.6953125 0.6264648 0.6962891 0.6258622 0.6953125 0.5419922 0.7148438 0.5411935 0.7148438 0.5411935 0.7524414 0.5419922 0.7524414 0.6264648 0.6962891 0.6264648 0.6987305 0.6258622 0.6987305 0.6258622 0.6962891 0.5272878 0.699707 0.5272878 0.6987305 0.6264648 0.6953125 0.6258622 0.6953125 0.6264648 0.6962891 0.6264648 0.6962891 0.6258622 0.6962891 0.6258622 0.6987305 0.6264648 0.6987305 0.5258789 0.699707 0.5258789 0.6987305 0.5258789 0.699707 0.5258789 0.6987305 0.4086914 0.7148438 0.4086914 0.7524414 0.08848409 0.6148669 0.08848409 0.4861347 0.08848409 0.547159 0.08848409 0.4182722 0.0673959 0.4865898 0.08848409 0.4865898 0.08848409 0.5466637 0.06739591 0.5466637 0.08848409 0.5466637 0.06739591 0.5466637 0.8055325 0.1278442 0.8182086 0.1383978 0.8182086 0.1403382 0.8055322 0.1278644 0.8182086 0.1384172 0.8182086 0.6591595 0.08848409 0.4865898 0.0673959 0.4865898 0.8182086 0.1392374 0.8182086 0.1383326 0.803966 0.1277789 0.804012 0.1277782 0.8182086 0.1383324 0.8182086 0.6591595 0.06739606 0.4861347 0.06739594 0.6148672 0.08848409 0.6148673 0.08848409 0.4861347 0.06739606 0.5466637 0.06739604 0.4865898 0.08848409 0.4865898 0.08848409 0.5466637 0.0673959 0.4182951 0.06739606 0.547159 0.08848409 0.547159 0.08848409 0.4182951 0.06739606 0.5466637 0.08848409 0.5466637 0.06739604 0.4865898 0.08848409 0.4865898 0.8023284 0.6589179 0.8023283 0.5644453 0.8179816 0.5644453 0.8179816 0.6589179 0.8179816 0.5644453 0.8179816 0.6589179 0.8023283 0.6589179 0.8023284 0.5644453 0.7900391 0.315918 0.4038086 0.315918 0.4038086 0.309082 0.7900391 0.309082 0.6142578 0.3701172 0.6274414 0.3701172 0.6279297 0.3754883 0.6132813 0.3754883 0.6865234 0.762207 0.6303711 0.762207 0.4326172 0.06201172 0.4311523 0.08251953 0.4311523 0.06201172 0.2009277 0.01611328 0.2009277 0.003662109 0.5175781 0.762207 0.4614258 0.762207 0.4435754 0.08251953 0.4829102 0.08251953 0.4829102 0.06201172 0.6630859 0.06201172 0.6630859 0.08251953 0.4829102 0.08251953 0.4829102 0.06201172 0.6630859 0.08251953 0.6630859 0.06201172 0.7197266 0.06201172 0.7197266 0.08251953 0.7197266 0.06201172 0.2004395 0.1347656 0.25 0.1162109 0.2006836 0.1162109 0.2006836 0.1171875 0.3500977 0.1162109 0.0002441406 0.1303711 0.3991699 0.0004882813 0.7250977 0.08789063 0.2009277 0.0004882813 0.4326172 0.06201172 0.4435755 0.08251953 0.3823242 0.6611328 0.3793945 0.6611328 0.4023438 0.6738281 0.3813477 0.6738281 0.3818359 0.6621094 0.3999023 0.6621094 0.199707 0.402217 0.199707 0.4042969 0.0002441406 0.4042969 0.0002441406 0.402217 0.597168 0.6679688 0.3798828 0.6679688 0.3798828 0.6635742 0.6865234 0.7338867 0.3500977 0.4040527 0.3999023 0.4040527 0.2004395 0.4040527 0.25 0.4040527 0.3999023 0.4129472 0.3999023 0.4055176 0.3500977 0.4055176 0.4311523 0.06201172 0.4311523 0.08251953 0.7392578 0.05664063 0.7402344 0.05664063 0.7402344 0.06201172 0.7402344 0.08251953 0.7402344 0.08789063 0.7392578 0.08789063 0.05004883 0.1152344 0.0002441406 0.1152344 0.1496582 0.1152344 0.199707 0.1152344 0.7250977 0.08789063 0.7250977 0.05664063 0.7402344 0.05664063 0.7392578 0.05664063 0.3999023 0.4143066 0.3500977 0.4143066 0.25 0.4143066 0.2004395 0.4143066 0.4033203 0.6611328 0.4008789 0.6733398 0.4033203 0.6708984 0.378418 0.6738281 0.378418 0.6621094 0.3999023 0.4040527 0.3500977 0.4040527 0.25 0.4040527 0.2004395 0.4040527 0.08848409 0.547159 0.06739591 0.547159 0.08848409 0.4861347 0.06739591 0.4861347 0.06739606 0.547159 0.08848409 0.547159 0.06739606 0.4861347 0.08848409 0.4861347 0.3999023 0.1347656 0.3500977 0.1347656 0.1496582 0.1352539 0.199707 0.1352539 0.0002441406 0.1352539 0.05004883 0.1352539 0.25 0.1347656 0.2004395 0.1347656  
			<TextureCoords1>: 500 0.5315871 0.06197244 0.5300259 0.06058609 0.5300259 0.06876296 0.7669147 0.2430224 0.4736846 0.08475238 0.5456962 0.2430223 0.7814233 0.6340642 0.4736846 0.09292924 0.7630072 0.2370238 0.00390625 0.01515335 0.003906253 0.009749115 0.5456963 0.1726004 0.5456962 0.2391117 0.5456962 0.2370238 0.7630072 0.1726004 0.4721234 0.04988927 0.4721234 0.06197238 0.4736846 0.06058609 0.4736846 0.06876296 0.4721234 0.06737661 0.5300258 0.08475238 0.5315871 0.08613867 0.5315871 0.0915429 0.5300259 0.09292924 0.4736846 0.08084613 0.4721234 0.07945979 0.4721234 0.07405561 0.4736846 0.07266927 0.5315871 0.0552935 0.5300259 0.05667984 0.5300259 0.04850292 0.5315871 0.04988927 0.7621765 0.5185969 0.7621765 0.5624068 0.744994 0.110265 0.5780146 0.518597 0.7798933 0.516295 0.7798933 0.5647088 0.7601298 0.1007735 0.5602978 0.516295 0.4721234 0.003858089 0.5456962 0.08235729 0.4721234 0.02618051 0.5456962 0.05054331 0.652913 0.1007735 0.652913 0.110265 0.652913 0.06895947 0.652913 0.07845104 0.652913 0.08235729 0.6529129 0.05054331 0.7618155 0.1726004 0.7618155 0.1746883 0.5468879 0.2370238 0.5468879 0.2391117 0.7618155 0.1162592 0.7618154 0.1141713 0.5468879 0.1806825 0.5468879 0.1785946 0.5484822 0.1726005 0.006692185 0.01515335 0.5484822 0.1162592 0.2184313 0.0337742 0.006692187 0.009749115 0.7602212 0.2370238 0.2184314 0.02837002 0.7602212 0.1806825 0.7618166 0.3014471 0.7618167 0.303535 0.7681066 0.3014515 0.7681066 0.3035394 0.7618155 0.2451059 0.7618154 0.243018 0.7681063 0.2451103 0.7681063 0.2430224 0.5484833 0.3014515 0.006692184 0.02446377 0.5484822 0.2451102 0.7786373 0.6340641 0.5484833 0.3035394 0.9814399 0.3014505 0.5484822 0.2430223 0.9814397 0.2451092 0.9866465 0.8894129 0.9866407 0.6913046 0.5456962 0.505554 0.5456962 0.3074456 0.9788684 0.6379704 0.5456963 0.4973642 0.5456962 0.3156354 0.5602979 0.5744361 0.5656554 0.6913173 0.5641123 0.6928343 0.9682246 0.3089626 0.9666815 0.3074456 0.5662763 0.6379705 0.5725055 0.7010239 0.9598317 0.3171526 0.9582886 0.3156354 0.5641183 0.8887181 0.5648379 0.8894256 0.9675053 0.505554 0.9682246 0.5048465 0.572511 0.8805279 0.9737137 0.5744361 0.9591117 0.4973642 0.9598317 0.4966567 0.003906254 0.1072529 0.5287673 0.1072529 0.00390625 0.113764 0.5287673 0.113764 0.5287671 0.09683549 0.003906254 0.09683555 0.5287671 0.1033466 0.00390625 0.1033466 0.5602061 0.6277702 0.5563914 0.5186682 0.3722298 0.04688865 0.5602059 0.9960937 0.09598717 0.04688859 0.560206 0.719851 0.2801489 0.04688877 0.560206 0.9040127 0.4681252 0.6277703 0.468125 0.9960937 0.4681252 0.7199297 0.4681251 0.9040913 0.145842 0.6277701 0.1458416 0.9960936 0.1458419 0.7199295 0.1458417 0.9040912 0.8589944 0.1765695 0.5563915 0.5555006 0.3722298 0.08372104 0.3761362 0.08372116 0.09598728 0.08372098 0.7669135 0.1765695 0.280149 0.08372116 0.4682171 0.08372116 0.0775713 0.1372305 0.07757097 0.505554 0.07757129 0.2293898 0.077571 0.4135515 0.3998545 0.1372305 0.3998545 0.505554 0.3998545 0.2293898 0.3998545 0.4135516 0.04455293 0.6277702 0.04455262 0.9960935 0.04455288 0.719851 0.04455267 0.9040127 0.5195592 0.5555007 0.5011435 0.5055539 0.5011435 0.2293113 0.5011435 0.413473 0.5287671 0.5094603 0.00390625 0.03768063 0.2801488 0.03768075 0.3722298 0.03768063 0.0959872 0.03768057 0.5141656 0.1372304 0.5563916 0.5647088 0.280149 0.09292924 0.5417899 0.5055538 0.09598733 0.09292912 0.0315305 0.9960936 0.03153072 0.719851 0.03153049 0.9040127 0.5141657 0.5055538 0.5141657 0.2293112 0.5141657 0.4134731 0.5379753 0.5778234 0.5417898 0.7198511 0.5417898 0.9040128 0.02232241 0.5186682 0.5379754 0.6146557 0.3172044 0.003322542 0.3761362 0.01253074 0.02232257 0.5555006 0.8589944 0.1857777 0.5563917 0.6238638 0.7669136 0.1857777 0.4682171 0.09292924 0.468217 0.02250165 0.4682171 0.01989722 0.3172045 0.01068902 0.3172044 0.01719975 0.3761362 0.01989722 0.3761362 0.02250165 0.02232259 0.562867 0.2251236 0.01719975 0.5578039 0.9960937 0.5578039 0.719851 0.5578039 0.9040127 0.5539895 0.6146557 0.557804 0.6277702 0.006308499 0.5555006 0.5535139 0.5186682 0.553514 0.5555006 0.006783822 0.5778233 0.006783979 0.6146556 0.006064706 0.6277702 0.5542334 0.5647088 0.006064443 0.9960936 0.00606464 0.719851 0.0060644 0.9040128 0.5396317 0.5055538 0.5396318 0.2293112 0.5396318 0.4134731 0.03153069 0.6146555 0.03153054 0.5778232 0.5287673 0.5555007 0.5287672 0.5186684 0.553828 0.6238638 0.3761362 0.04041886 0.3172045 0.03121066 0.2251236 0.03121066 0.02617248 0.5186682 0.00775669 0.1372305 0.5341252 0.5778234 0.5379398 0.7203364 0.5379397 0.9035357 0.007756315 0.5055539 0.007756677 0.2297966 0.007756341 0.4129959 0.5456962 0.1746883 0.5484822 0.1746884 0.7630084 0.3014471 0.7630072 0.2451059 0.7669147 0.2451102 0.5456962 0.2451103 0.9842259 0.3014505 0.9842256 0.2451091 0.7786375 0.62866 0.7814234 0.62866 0.5315871 0.06737661 0.2212172 0.03377426 0.2212173 0.02837008 0.7630072 0.1806825 0.5484823 0.1141713 0.5456963 0.1141713 0.5456963 0.1162592 0.5456962 0.1785946 0.5456962 0.1806825 0.7630072 0.1162592 0.5602978 0.5647088 0.5780146 0.5624069 0.7449938 0.07845104 0.7601297 0.06895947 0.6700956 0.518597 0.6700956 0.5624068 0.652913 0.06895947 0.5456962 0.06895947 0.5205373 0.04459667 0.5205373 0.02618051 0.4721234 0.04459667 0.652913 0.1007735 0.5456963 0.1007735 0.5205373 0.02227426 0.5205373 0.003858089 0.4721234 0.02227426 0.7601298 0.1007735 0.7601297 0.08235729 0.7601297 0.06895947 0.7601296 0.05054331 0.7621765 0.5185969 0.7621765 0.5624068 0.5456962 0.06895947 0.560832 0.07845104 0.5456963 0.1007735 0.5608322 0.110265 0.4736846 0.04850292 0.4736846 0.05667979 0.766915 0.3014516 0.766915 0.3035394 0.4721234 0.05529344 0.5456974 0.3014515 0.5456974 0.3035394 0.5315871 0.07945973 0.5315871 0.07405555 0.5300258 0.07266921 0.5300259 0.08084607 0.006692187 0.0190596 0.003906253 0.0190596 0.00390625 0.02446377 0.4721234 0.08613873 0.4721234 0.09154296 0.5484822 0.1726005 0.5484822 0.1162592 0.7602212 0.1806825 0.7602214 0.1785946 0.7630072 0.1162592 0.7630072 0.1141713 0.7618155 0.1162592 0.5456962 0.2370238 0.5468879 0.2370238 0.5468879 0.1806825 0.5456962 0.1806825 0.003906365 0.02837008 0.00390625 0.03377426 0.005097953 0.03377432 0.005098068 0.02837014 0.7602212 0.2370238 0.7602212 0.2391117 0.7630072 0.1726004 0.7618155 0.1726004 0.7630072 0.1746883 0.2212171 0.009749115 0.2200254 0.009749115 0.2200254 0.01515335 0.2212171 0.01515335 0.7630072 0.2370238 0.7630072 0.2391117 0.7630072 0.1806825 0.7630072 0.1785947 0.5456963 0.1726004 0.5456963 0.1162592 0.5484833 0.3014515 0.5484822 0.2451102 0.9814397 0.2451092 0.9814398 0.2430213 0.7630072 0.2451059 0.7630072 0.243018 0.7618155 0.2451059 0.766915 0.3014516 0.7681066 0.3014515 0.7681063 0.2451103 0.7669147 0.2451102 0.5641124 0.62866 0.5641123 0.6340642 0.565304 0.6340642 0.5653042 0.62866 0.9814399 0.3014505 0.9814399 0.3035384 0.7630084 0.3014471 0.7618166 0.3014471 0.7630084 0.303535 0.2212172 0.0190596 0.2200254 0.0190596 0.2200254 0.02446377 0.2212172 0.02446377 0.9842259 0.3014505 0.9842259 0.3035384 0.9842256 0.2451091 0.9842256 0.2430214 0.5456974 0.3014515 0.5456962 0.2451103 0.5602979 0.6238638 0.9737137 0.6238639 0.5662766 0.6873983 0.9788687 0.6873983 0.7669135 0.1896839 0.7669136 0.2391117 0.9464177 0.2391117 0.9464176 0.1896839 0.5641126 0.6873983 0.5641123 0.6379704 0.5641123 0.6928343 0.5725055 0.7010239 0.5740486 0.6995068 0.9682246 0.3089626 0.9598317 0.3171526 0.986641 0.6994943 0.9747229 0.6238639 0.9747229 0.5744361 0.5732306 0.8812356 0.572511 0.8805279 0.5641183 0.8887181 0.9682246 0.5048465 0.9598317 0.4966567 0.9866465 0.8812231 0.9850976 0.9466659 0.5641124 0.9466659 0.5641123 0.9960937 0.9850976 0.9960938 0.9796833 0.5152811 0.7837995 0.5152811 0.7837995 0.5647088 0.9796834 0.5647088 0.9869302 0.8933318 0.5651215 0.8933319 0.5651215 0.9427597 0.9869302 0.9427596 0.5641123 0.8933319 0.5641124 0.9427596 0.9872616 0.9466659 0.9872616 0.9960938 0.3705386 0.02558458 0.3211108 0.02558458 0.3211108 0.03377432 0.3705386 0.03377432 0.3211108 0.02167833 0.3705386 0.02167833 0.3705386 0.01348859 0.3211108 0.01348859 0.00390625 0.133324 0.5287673 0.133324 0.5287674 0.1176702 0.003906258 0.1176702 0.9952037 0.6174182 0.9795499 0.6174182 0.9786292 0.6238639 0.9961245 0.6238639 0.3761362 0.04688877 0.468217 0.04688877 0.5539894 0.5778233 0.5563916 0.6146557 0.5563915 0.5778233 0.003906316 0.04688865 0.003906345 0.08372104 0.7669135 0.1397371 0.8589943 0.1397371 0.02617263 0.5555005 0.09598725 0.5555004 0.0959871 0.5186679 0.1420276 0.5778229 0.1420277 0.6146553 0.4643107 0.614656 0.4643106 0.5778236 0.4182703 0.555501 0.4182701 0.5186686 0.04073863 0.5778231 0.04073878 0.6146555 0.519559 0.5186684 0.5011435 0.1372305 0.5417899 0.2293112 0.5417899 0.1372303 0.5396317 0.1372303 0.5417899 0.4134731 0.03153078 0.6277702 0.3722299 0.09292918 0.03153075 0.6238637 0.003906414 0.09292918 0.006308357 0.5186682 0.5341254 0.6146557 0.5539895 0.6146557 0.5563916 0.6146557 0.02232257 0.5555006 0.006308499 0.5555006 0.006470072 0.5647087 0.02048099 0.5647087 0.5379397 0.9960937 0.5417898 0.9960938 0.5417899 0.6277703 0.5379398 0.6277703 0.468217 0.01253074 0.2251236 0.003322542 0.2251236 0.01068902 0.3761363 0.09292924 0.3761362 0.01989722 0.4682171 0.01989722 0.2251236 0.01459527 0.3172045 0.01459527 0.4682171 0.04041886 0.468217 0.02640796 0.3761362 0.0264079 0.00390625 0.5186683 0.003906393 0.5555006 0.006064401 0.5686152 0.00390625 0.5686152 0.003906289 0.5778233 0.003906448 0.6146556 0.003906488 0.6238638 0.006064638 0.6238638 0.003906492 0.719851 0.003906559 0.6277702 0.00390625 0.9040128 0.003906297 0.9960936 0.5287673 0.5647088 0.0315305 0.5686151 0.5563914 0.5094602 0.5542332 0.5094602 0.4682171 0.04298252 0.3761362 0.04298252 0.3172045 0.03377432 0.2251236 0.03377432 0.5379754 0.6146557 0.5398171 0.6238639 0.5379754 0.6220222 0.003906393 0.5555006 0.003906429 0.5647087 0.00390625 0.505554 0.003906277 0.4134731 0.003906613 0.2293113 0.003906627 0.1372305 0.5662766 0.6873983 0.5662763 0.6379705 0.9737137 0.6238639 0.9737137 0.5744361 0.5651215 0.8933319 0.5651215 0.9427597 0.9850976 0.9466659 0.9850976 0.9960938 0.5011435 0.5055539 0.5011435 0.413473 0.04455267 0.9040127 0.04455262 0.9960935 0.04455293 0.6277702 0.04455288 0.719851 0.5011435 0.2293113 0.5011435 0.1372305  
			<Normals>: 500 -0.6254395 0.3198156 0.7117186 -0.6352223 0.7219878 0.2742742 -0.6352223 -0.7219878 0.2742742 -0.6254395 -0.3198156 0.7117186 0.6352223 0.7219878 0.2742742 0.6254395 0.3198156 0.7117186 0.6254395 -0.3198156 0.7117186 0.6352223 -0.7219878 0.2742742 0.6352223 -0.7219878 -0.2742742 0.6254395 -0.3198156 -0.7117186 0.6254395 0.3198156 -0.7117186 0.6352223 0.7219878 -0.2742742 -0.6254395 -0.3198156 -0.7117186 -0.6352223 -0.7219878 -0.2742742 -0.6352223 0.7219878 -0.2742742 -0.6254395 0.3198156 -0.7117186 -0.6254395 0.3198156 -0.7117186 -0.6352223 0.7219878 -0.2742742 -0.6352223 -0.7219878 -0.2742742 -0.6254395 -0.3198156 -0.7117186 0.6352223 0.7219878 -0.2742742 0.6254395 0.3198156 -0.7117186 0.6254395 -0.3198156 -0.7117186 0.6352223 -0.7219878 -0.2742742 0.6352223 -0.7219878 0.2742742 0.6254395 -0.3198156 0.7117186 0.6254395 0.3198156 0.7117186 0.6352223 0.7219878 0.2742742 -0.6254395 -0.3198156 0.7117186 -0.6352223 -0.7219878 0.2742742 -0.6352223 0.7219878 0.2742742 -0.6254395 0.3198156 0.7117186 0.1957523 -0.8085542 0.5549063 0.1957523 -0.8085542 -0.5549063 -0.1957523 -0.8085542 -0.5549063 -0.1957523 -0.8085542 0.5549063 0.6776294 -0.3993811 0.6175056 0.6776294 -0.3993811 -0.6175056 -0.6776294 -0.3993811 -0.6175056 -0.6776294 -0.3993811 0.6175056 0.7071068 0 0.7071068 0.7071068 0 -0.7071068 -0.7071068 0 -0.7071068 -0.7071068 0 0.7071068 0 -0.1221677 -0.9925095 0 -0.7882071 -0.6154101 0 -0.1221677 0.9925095 0 -0.7882071 0.6154101 0 0 -1 0 0 1 0 0.9348079 -0.3551537 0 0.4098672 -0.9121452 0 -0.9348079 -0.3551537 0 -0.4098672 -0.9121452 0 0.9348079 0.3551537 0 0.4098672 0.9121452 0 -0.9348079 0.3551537 0 -0.4098672 0.9121452 0 0.9348079 -0.3551537 0 -0.4098672 -0.9121452 0 0.9348079 0.3551537 0 -0.4098672 0.9121452 0 0.4098672 -0.9121452 0 -0.9348079 -0.3551537 0 0.4098672 0.9121452 0 -0.9348079 0.3551537 0 0.9348079 -0.3551537 0 0.4098672 -0.9121452 0 -0.9348079 -0.3551537 0 -0.4098672 -0.9121452 0 0.9348079 0.3551537 0 0.4098672 0.9121452 0 -0.9348079 0.3551537 0 -0.4098672 0.9121452 0 0.9348079 -0.3551537 0 -0.4098672 -0.9121452 0 0.9348079 0.3551537 0 -0.4098672 0.9121452 0 0.4098672 -0.9121452 0 -0.9348079 -0.3551537 0 0.4098672 0.9121452 0 -0.9348079 0.3551537 0 0 1 0 0 1 0 0 -1 0 0 -1 -1 0 0 0 0 -1 0 0 -1 1 0 0 0 0 1 0 0 1 0 0 -1 0 0 -1 -0.9255008 -0.3787458 0 0 0 1 0 0 -1 0 0 -1 0 0 1 0 0 1 0 0 -1 0 0 -1 0 0 1 0.9255008 -0.3787458 0 0 0 -1 0 0 -1 0.9899532 0 0.1413957 0.9899532 0 0.1413957 0.9899532 0 0.1413957 0.9899532 0 0.1413957 -0.9899532 0 0.1413957 -0.9899532 0 0.1413957 -0.9899532 0 0.1413957 -0.9899532 0 0.1413957 0 -0.7071068 0.7071068 1 0 0 0 1 0 0 -0.7071068 0.7071068 0 1 0 0 -0.7071068 0.7071068 0 1 0 0 -0.7071068 0.7071068 0 0 1 0 0 1 0 0 1 0 0 1 0 0 1 0 0 1 0 0 1 0 0 1 0 -1 0 1 0 0 0 1 0 0 -1 0 0 1 0 0 -1 0 0 1 0 0 -1 0 0 0 -1 0 0 -1 0 0 -1 0 0 -1 0 0 -1 0 0 -1 0 0 -1 0 0 -1 0 0 1 0 0 1 0 0 1 0 0 1 1 0 0 0 -0.7071068 -0.7071068 0 0 -1 0 -0.7071068 -0.7071068 1 0 0 0 0.7071068 0.7071068 0 0.7071068 0.7071068 0 0.7071068 0.7071068 0 0.7071068 0.7071068 0 -0.3826815 -0.9238803 1 0 0 0 0.7071068 -0.7071068 0 0.7071068 -0.7071068 0 0.7071068 -0.7071068 0 -0.3826815 0.9238803 0 -0.3826815 0.9238803 0 -0.3826815 0.9238803 0 -0.3826815 -0.9238803 0 -0.3826815 -0.9238803 0 -0.3826815 -0.9238803 -1 0 0 0 0 1 0 0 1 1 0 0 -1 0 0 0 0.6794707 -0.7337027 0 0.6799136 -0.7332922 1 0 0 0 -0.7071068 -0.7071068 -1 0 0 0 -0.7071068 -0.7071068 0 -0.7071068 -0.7071068 0 0.3826815 -0.9238803 0 0.9238803 -0.3826815 0 0.9238803 -0.3826815 0 0.3826815 -0.9238803 0 0.9238803 -0.3826815 0 0.3826815 -0.9238803 1 0 0 0 0.3826815 -0.9238803 0 0 1 0 0 1 0 0 1 -1 0 0 0 0 1 1 0 0 1 0 0 1 0 0 -1 0 0 -1 0 0 0 0 1 1 0 0 0 0 1 0 0 1 0 0 1 0 0 -1 0 0 -1 0 0 -1 -1 0 0 -1 0 0 1 0 0 1 0 0 -1 0 0 0 0 -1 0 0 -1 0 0 -1 1 0 0 0 0 -1 -1 0 0 0 0 1 0 0 1 0 0 -1 0 0 -1 0 0 -1 0.6254395 0.3198156 -0.7117186 0 0.4098672 -0.9121452 -0.6352223 0.7219878 -0.2742742 -0.6352223 0.7219878 0.2742742 -0.6352223 -0.7219878 0.2742742 0.6352223 0.7219878 0.2742742 0.6352223 -0.7219878 -0.2742742 0.6352223 -0.7219878 0.2742742 0 0.4098672 0.9121452 0.6254395 0.3198156 0.7117186 -0.6254395 -0.3198156 0.7117186 0.6254395 -0.3198156 0.7117186 0.6254395 0.3198156 0.7117186 0.6352223 -0.7219878 0.2742742 0 0.4098672 0.9121452 0.6254395 0.3198156 0.7117186 0.6352223 0.7219878 0.2742742 -0.6254395 -0.3198156 0.7117186 -0.6352223 -0.7219878 0.2742742 -0.6352223 0.7219878 0.2742742 -0.6776294 -0.3993811 -0.6175056 -0.1957523 -0.8085542 -0.5549063 0.1957523 -0.8085542 0.5549063 0.6776294 -0.3993811 0.6175056 0 -0.7882071 0.6154101 0 -0.7882071 -0.6154101 0 -0.1221677 0.9925095 -0.6776294 -0.3993811 0.6175056 -0.6776294 -0.3993811 0.6175056 -0.7071068 0 0.7071068 -0.6776294 -0.3993811 -0.6175056 0 -0.1221677 -0.9925095 0.6776294 -0.3993811 -0.6175056 0.6776294 -0.3993811 -0.6175056 0.7071068 0 -0.7071068 0.6776294 -0.3993811 0.6175056 -0.6776294 -0.3993811 -0.6175056 -0.7071068 0 -0.7071068 0.6776294 -0.3993811 0.6175056 0.7071068 0 0.7071068 0.1957523 -0.8085542 0.5549063 0.1957523 -0.8085542 -0.5549063 -0.6776294 -0.3993811 0.6175056 -0.1957523 -0.8085542 0.5549063 0.6776294 -0.3993811 -0.6175056 0.1957523 -0.8085542 -0.5549063 -0.6352223 0.7219878 -0.2742742 -0.6352223 -0.7219878 -0.2742742 -0.6352223 -0.7219878 -0.2742742 -0.6254395 -0.3198156 -0.7117186 -0.6254395 -0.3198156 -0.7117186 0.6352223 0.7219878 -0.2742742 0.6254395 0.3198156 -0.7117186 0.6254395 -0.3198156 -0.7117186 0.6254395 0.3198156 -0.7117186 0.6352223 0.7219878 -0.2742742 0.6352223 -0.7219878 -0.2742742 0 0.4098672 -0.9121452 0.6254395 0.3198156 -0.7117186 0.6254395 -0.3198156 -0.7117186 0.6254395 0.3198156 0.7117186 0.6254395 -0.3198156 0.7117186 0 0.9348079 -0.3551537 0 0.9348079 0.3551537 0 -0.9348079 0.3551537 0 -0.4098672 0.9121452 -0.6352223 0.7219878 0.2742742 -0.6254395 0.3198156 0.7117186 0 0.9348079 0.3551537 -0.6352223 -0.7219878 -0.2742742 0 -0.9348079 -0.3551537 0 -0.9348079 0.3551537 -0.6352223 -0.7219878 0.2742742 -0.6254395 0.3198156 0.7117186 -0.6254395 -0.3198156 0.7117186 0 -0.4098672 0.9121452 0 0.4098672 0.9121452 0 -0.9348079 -0.3551537 0 -0.4098672 -0.9121452 -0.6352223 0.7219878 -0.2742742 0 0.9348079 -0.3551537 -0.6254395 0.3198156 -0.7117186 -0.6254395 0.3198156 -0.7117186 0 0.4098672 -0.9121452 0 -0.4098672 -0.9121452 -0.6254395 -0.3198156 -0.7117186 0.6352223 -0.7219878 -0.2742742 0.6254395 -0.3198156 -0.7117186 0.6352223 -0.7219878 0.2742742 0.6254395 -0.3198156 0.7117186 0.6352223 0.7219878 -0.2742742 0.6352223 0.7219878 0.2742742 0 0.9348079 -0.3551537 0 0.9348079 0.3551537 0 -0.9348079 0.3551537 0 -0.4098672 0.9121452 -0.6352223 0.7219878 0.2742742 -0.6254395 0.3198156 0.7117186 0 0.9348079 0.3551537 -0.6352223 -0.7219878 -0.2742742 0 -0.9348079 -0.3551537 0 -0.9348079 0.3551537 -0.6352223 -0.7219878 0.2742742 -0.6254395 0.3198156 0.7117186 -0.6254395 -0.3198156 0.7117186 0 -0.4098672 0.9121452 0 0.4098672 0.9121452 0 -0.9348079 -0.3551537 0 -0.4098672 -0.9121452 -0.6352223 0.7219878 -0.2742742 0 0.9348079 -0.3551537 -0.6254395 0.3198156 -0.7117186 -0.6254395 0.3198156 -0.7117186 0 0.4098672 -0.9121452 0 -0.4098672 -0.9121452 -0.6254395 -0.3198156 -0.7117186 0.6352223 -0.7219878 -0.2742742 0.6254395 -0.3198156 -0.7117186 0.6352223 -0.7219878 0.2742742 0.6254395 -0.3198156 0.7117186 0.6352223 0.7219878 -0.2742742 0.6352223 0.7219878 0.2742742 1 0 0 0.9255008 -0.3787458 0 -0.9255008 -0.3787458 0 -1 0 0 0.3865843 -0.922254 0 0.3865843 -0.922254 0 -0.3866103 -0.9222432 0 -0.3866103 -0.9222432 0 -0.3866103 -0.9222432 0 -0.3866103 -0.9222432 0 0 0 1 0 0 1 0 0 1 0 0 -1 0 0 -1 0 0 1 0.3865843 -0.922254 0 0.3865843 -0.922254 0 0 0 1 0 0 1 0 0 1 0 0 -1 0 0 -1 0 0 1 0.9255052 0.3787351 0 1 0 0 1 0 0 0.9255052 0.3787351 0 -0.3866103 0.9222432 0 0.3866212 0.9222386 0 0.3866212 0.9222386 0 -0.3866103 0.9222432 0 -1 0 0 -0.9255008 0.3787458 0 -0.9255008 0.3787458 0 -1 0 0 -0.3866103 0.9222432 0 -0.3866103 0.9222432 0 0.3866212 0.9222386 0 0.3866212 0.9222386 0 0 -1 0 0 -1 0 0 -1 0 0 -1 0 0 -1 0 0 -1 0 0 -1 0 0 -1 0 0 0 1 0 0 1 0 0 1 0 0 1 0 -1 0 0 -1 0 0 -1 0 0 -1 0 0 -0.7071068 0.7071068 0 -0.7071068 0.7071068 -1 0 0 -1 0 0 -1 0 0 0 1 0 0 1 0 0 -0.7071068 0.7071068 0 -0.7071068 0.7071068 1 0 0 1 0 0 1 0 0 -1 0 0 -1 0 0 -1 0 0 -1 0 0 1 0 0 1 0 0 -1 0 0 -1 0 0 1 0 0 0 0 -1 0 0.7071068 -0.7071068 0 0.7071068 -0.7071068 0 0 -1 0 0.7071068 -0.7071068 0 -0.3826815 0.9238803 0 0.7071068 -0.7071068 -1 0 0 0 0.7071068 -0.7071068 1 0 0 -1 0 0 -1 0 0 -1 0 0 1 0 0 1 0 0 1 0 0 1 0 0 0 0 1 0 0 1 0 0 1 0 0 1 0 0.7071068 -0.7071068 0 0.7071068 -0.7071068 0 0.9238803 -0.3826815 0 -0.7071068 -0.7071068 0 0.9238803 -0.3826815 0 0.9238803 -0.3826815 0 0.9238803 -0.3826815 0 0.9238803 -0.3826815 0 0 -1 0 0.3826815 -0.9238803 0 0.3826815 -0.9238803 1 0 0 1 0 0 -1 0 0 -1 0 0 -1 0 0 -1 0 0 -1 0 0 -1 0 0 0 0.7071068 0.7071068 0 0.7071068 0.7071068 0 0.7071068 0.7071068 0 0.7071068 0.7071068 1 0 0 -1 0 0 1 0 0 1 0 0 0 -0.7071068 -0.7071068 0 -0.7071068 -0.7071068 0 -0.7071068 -0.7071068 0 -0.7071068 -0.7071068 -1 0 0 -1 0 0 -1 0 0 1 0 0 1 0 0 0 0.7071068 -0.7071068 0 0.6799136 -0.7332922 0 0.6794707 -0.7337027 0 0.7071068 -0.7071068 -0.9255008 -0.3787458 0 -0.9255008 -0.3787458 0 0.9255008 -0.3787458 0 0.9255008 -0.3787458 0 -0.9255008 0.3787458 0 -0.9255008 0.3787458 0 0.9255052 0.3787351 0 0.9255052 0.3787351 0 0 0 -1 0 0 -1 0 -0.7071068 0.7071068 0 -0.7071068 0.7071068 0 -0.7071068 0.7071068 0 -0.7071068 0.7071068 0 -0.7071068 -0.7071068 0 -0.7071068 -0.7071068  
			<Tangents>: 500 -0.6886404 0.2026339 -0.696214 -0.1814804 0.2056486 -0.9616514 -0.1818354 -0.2053362 -0.9616511 -0.7802727 0.2563531 -0.570489 0.1818346 0.2053369 -0.9616511 -0.7802727 0.256373 0.57048 -0.7802727 -0.2563378 0.5704958 0.1814812 -0.2056479 -0.9616514 -0.7723294 -0.5938175 -0.2255839 -0.7802727 -0.2563378 -0.5704958 -0.7802727 0.2564036 -0.5704663 -0.7723294 0.5938175 -0.2255839 -0.7802727 0.2563719 0.5704805 -0.7723294 0.5938405 0.2255234 -0.7723294 -0.5938175 0.2255839 0.6637754 -0.2613943 -0.7007676 0.6637754 -0.2613943 -0.7007676 0.1816176 -0.2055279 -0.9616514 0.1813787 0.2057381 -0.9616515 0.6886404 0.2026339 -0.696214 -0.1813795 -0.2057374 -0.9616515 -0.6886404 -0.2026339 -0.696214 -0.6637754 0.2613943 -0.7007676 -0.1816168 0.2055286 -0.9616514 0.1814812 -0.2056479 -0.9616514 0.6886404 -0.2026339 -0.696214 0.6637754 0.2613943 -0.7007676 0.1818346 0.2053369 -0.9616511 -0.6637754 -0.2613943 -0.7007676 -0.1818354 -0.2053362 -0.9616511 -0.1814804 0.2056486 -0.9616514 -0.6886404 0.2026339 -0.696214 -0.9426886 -0.3110724 -0.1207148 -0.9386841 -0.3182598 0.1326002 -0.9806533 0.1613989 0.1107672 -0.9788396 0.1955003 -0.06043825 -0.6536383 -0.7118858 0.2568573 -0.6574033 -0.705315 -0.2652388 -0.7354035 0.3680052 0.5689936 -0.6574026 0.7053162 -0.2652371 -0.7071068 0 0.7071068 0.7071068 0 0.7071068 0.7071068 0 -0.7071068 -0.7071068 0 -0.7071068 -1 0 0 -1 0 0 -1 1.562182E-09 1.922883E-10 -1 6.38427E-09 8.176868E-09 1 0 0 -1 0 0 -1 0 0 -1 -4.939712E-07 -2.219631E-07 -1 -2.630726E-08 6.92439E-08 -1 -2.454542E-07 1.102934E-07 -1 0 0 -1 -4.04705E-07 1.818518E-07 -1 0 0 -1 0 0 -1 1.263745E-07 3.32633E-07 -1 -4.991461E-07 2.242884E-07 -1 2.861748E-08 -7.53247E-08 -1 -4.991461E-07 -2.242884E-07 -1 -1.203161E-07 -5.406335E-08 -1 0 0 -1 -1.203161E-07 5.406335E-08 -1 0 0 -1 0 0 -1 -4.939712E-07 -2.219631E-07 -1 -2.630726E-08 6.92439E-08 -1 -2.454542E-07 1.102934E-07 -1 0 0 -1 -4.04705E-07 1.818518E-07 -1 0 0 -1 0 0 -1 1.263745E-07 3.32633E-07 -1 -4.991461E-07 2.242884E-07 -1 2.861748E-08 -7.53247E-08 -1 -4.991461E-07 -2.242884E-07 -1 5.332046E-07 2.395924E-07 -1 0 0 -1 2.897518E-07 -1.301983E-07 -1 0 0 1 -1.991651E-06 0 -1 0 0 1 5.287545E-05 0 -1 -5.209221E-05 0 0 0 -1 1 5.497718E-05 0 -1 -5.218368E-05 0 0 0 -1 -1 -2.838502E-05 0 3.66043E-06 -1 0 5.000809E-05 -1 0 -1 -5.849733E-05 0 0 0 -1 3.955059E-06 -1 0 5.008994E-05 -1 0 -1 -5.949926E-05 0 1.947376E-05 -1 0 1 -0.0001538424 0 1 -0.0001078447 0 5.439626E-05 -1 0 2.049787E-05 -1 0 0 0 -1 1 -0.0001073524 0 5.468008E-05 -1 0 5.854857E-09 1 -4.099157E-08 5.854857E-09 1 -4.099157E-08 5.854857E-09 1 -4.099157E-08 5.854857E-09 1 -4.099157E-08 -5.854857E-09 1 -4.099157E-08 -5.854857E-09 1 -4.099157E-08 -5.854857E-09 1 -4.099157E-08 -5.854857E-09 1 -4.099157E-08 -1 0 0 0 1 0 -1 0 0 -1 0 0 -1 0 0 -1 0 0 -1 0 0 -1 0 0 -1 0 0 -1 -1.093173E-07 0 -1 -1.14944E-07 0 -1 0 0 -1 0 0 -1 0 0 -1 0 0 -1 0 0 -1 0 0 0 1 0 -1 0 0 -1 0 0 -1 0 0 -1 0 0 -1 0 0 -1 0 0 -1 1.143432E-07 0 -1 0 0 -1 0 0 -1 2.869152E-09 0 -1 0 0 -1 0 0 -1 0 0 -1 0 0 -1 0 0 -1 0 0 -1 0 0 -1 0 0 0 1 0 -1 0 0 -1 0 0 -1 1.165308E-09 -1.165308E-09 0 1 0 -1 0 0 -1 0 0 -1 0 0 -1 0 0 -1 0 0 0 1 0 -1 0 0 -1 0 0 -1 0 0 -1 0 0 -1 0 0 -1 0 0 -1 0 0 -1 0 0 -1 0 0 0 1 0 -1 0 0 -1 -2.314611E-07 0 0 1 0 0 1 0 -1 0 0 -1 0 0 0 1 0 -1 0 0 0 1 0 -1 0 0 -1 0 0 -1 0 0 -1 0 0 -1 0 0 -1 0 0 -1 0 0 -1 0 0 0 0.9986191 -0.05253506 -1 0 0 -1 0 0 -1 0 0 -1 0 0 0 1 0 -1 0 0 0 1 0 0 1 0 0 1 0 0 1 0 0 1 0 -1 0 0 0 1 0 -1 0 0 -1 0 0 -1 0 0 -1 0 0 -1 0 0 -1 0 0 0 1 0 0 1 0 0 1 0 0 1 0 0 1 0 -1 0 0 -1 0 0 -1 0 0 0 1 0 -1 1.131638E-06 0 0 1 0 -1 -1.136133E-06 0 -1 -4.77607E-07 0 -1 1.248767E-08 0 -1 4.976895E-07 0 -1 2.825645E-08 0 -0.7802727 0.256373 -0.57048 -1 5.332046E-07 2.395924E-07 -0.7723294 -0.5938175 0.2255839 -0.7723294 -0.5938175 -0.2255839 -0.7723294 0.5938175 -0.2255839 -0.7723294 0.5938175 0.2255839 -0.7723294 -0.5938175 -0.2255839 -0.7723294 -0.5938175 0.2255839 -1 -1.203161E-07 5.406335E-08 -0.7802727 0.2564036 0.5704663 -0.6637754 -0.2613943 -0.7007676 -0.7802727 -0.2563378 0.5704958 -0.7802727 0.2564036 0.5704663 -0.7723294 -0.5938175 0.2255839 -1 2.897518E-07 -1.301983E-07 -0.7802727 0.256373 0.57048 -0.7723294 0.5938175 0.2255839 -0.7802727 0.2563531 -0.570489 -0.7723294 0.5938175 -0.2255839 -0.7723294 -0.5938175 -0.2255839 -0.6536377 0.7118867 0.2568561 -0.9792595 0.1913287 0.06666468 -0.9806533 -0.1613989 0.1107672 -0.7354035 -0.3680053 0.5689936 -1 0 0 -1 0 0 -1 3.042621E-11 3.745147E-12 -0.7354035 0.3680053 -0.5689936 -0.5319829 -0.31354 -0.7865666 -0.7071068 0 -0.7071068 0.5319829 0.31354 -0.7865666 1 0 0 0.7354035 0.3680052 0.5689936 0.5319829 -0.31354 0.7865666 0.7071068 0 0.7071068 -0.5319829 0.31354 0.7865666 0.7354035 -0.3680052 -0.5689936 0.7071068 0 -0.7071068 -0.7354035 -0.3680053 0.5689936 -0.7071068 0 0.7071068 -0.9806533 -0.1613989 0.1107672 -0.9806533 -0.1613989 -0.1107672 -0.7354035 0.3680052 -0.5689936 -0.9806533 0.1613989 -0.1107672 -0.7354035 -0.3680052 -0.5689936 -0.9806533 -0.1613989 -0.1107672 0.1816176 -0.2055279 -0.9616514 0.1813787 0.2057381 -0.9616515 -0.7723294 0.5938405 0.2255234 -0.7802727 0.2563719 0.5704805 0.6886404 0.2026339 -0.696214 -0.7723294 0.5938175 -0.2255839 -0.7802727 0.256373 -0.57048 -0.6637754 0.2613943 -0.7007676 -0.6886404 -0.2026339 -0.696214 -0.1813795 -0.2057374 -0.9616515 -0.1816168 0.2055286 -0.9616514 -1 -1.203161E-07 -5.406335E-08 -0.7802727 0.2564036 -0.5704663 -0.7802727 -0.2563378 -0.5704958 0.6637754 0.2613943 -0.7007676 0.6886404 -0.2026339 -0.696214 -1 0 0 -1 0 0 -1 0 0 -1 0 0 -0.7723294 -0.5938021 -0.2256244 -0.7802727 -0.2563531 -0.570489 -1 -8.863131E-08 2.332884E-07 -0.7723294 0.5938175 0.2255839 -1 0 0 -1 0 0 -0.7723294 0.5938175 -0.2255839 -0.7802727 -0.2563531 -0.570489 -0.7802727 0.2563531 -0.570489 -1 0 0 -1 -8.246174E-09 3.705371E-09 -1 -6.090988E-10 1.603222E-09 -1 0 0 -0.7723294 -0.5938175 0.2255839 -1 -1.958873E-07 -5.155991E-07 -0.7802727 -0.2563531 0.570489 -0.7802727 -0.2563531 0.570489 -1 -8.246174E-09 -3.705371E-09 -1 0 0 -0.7802727 0.2563531 0.570489 -0.7723294 -0.5938175 -0.2255839 -0.7802727 -0.2563531 -0.570489 -0.7723294 -0.5938175 0.2255839 -0.7802727 -0.2563531 0.570489 -0.7723294 0.5938175 -0.2255839 -0.7723294 0.5938175 0.2255839 -1 0 0 -1 0 0 -1 0 0 -1 0 0 -0.7723294 -0.5938021 -0.2256244 -0.7802727 -0.2563531 -0.570489 -1 -8.863131E-08 2.332884E-07 -0.7723294 0.5938175 0.2255839 -1 0 0 -1 0 0 -0.7723294 0.5938175 -0.2255839 -0.7802727 -0.2563531 -0.570489 -0.7802727 0.2563531 -0.570489 -1 0 0 -1 -8.246174E-09 3.705371E-09 -1 -6.090988E-10 1.603222E-09 -1 0 0 -0.7723294 -0.5938175 0.2255839 -1 -1.958873E-07 -5.155991E-07 -0.7802727 -0.2563531 0.570489 -0.7802727 -0.2563531 0.570489 -1 -8.246174E-09 -3.705371E-09 -1 0 0 -0.7802727 0.2563531 0.570489 -0.7723294 -0.5938175 -0.2255839 -0.7802727 -0.2563531 -0.570489 -0.7723294 -0.5938175 0.2255839 -0.7802727 -0.2563531 0.570489 -0.7723294 0.5938175 -0.2255839 -0.7723294 0.5938175 0.2255839 0 0 -1 0 0 -1 0 0 -1 0 0 -1 0 0 -1 0 0 -1 0 0 -1 0 0 -1 0 0 -1 0 0 -1 -1 -1.206796E-05 0 -1 -1.206773E-05 0 -1 -2.931443E-05 0 -1 -5.612261E-07 0 -1 -1.818718E-05 0 -1 -3.563647E-07 0 0 0 -1 0 0 -1 1 -0.0001533683 0 1 6.290895E-05 0 1 -8.233795E-06 0 1 5.234867E-05 0 1 8.002512E-05 0 1 0 0 -5.12439E-08 1.252234E-07 -1 0 1.971775E-06 -1 0 1.825067E-06 -1 0 0 -1 -1.27331E-06 -5.337795E-07 -1 0 0 -1 -2.377744E-07 9.967988E-08 -1 -1.511086E-06 -6.334571E-07 -1 0 -4.657848E-08 -1 -9.630983E-10 -2.353423E-09 -1 -1.304722E-09 -3.18821E-09 -1 0 -5.031488E-08 -1 -1.511086E-06 -6.334571E-07 -1 -1.963878E-08 -8.232704E-09 -1 0 0 -1 0 0 -1 -1 0 0 -1 0 0 -1 0 0 -1 0 0 -1 0 0 -1 0 0 -1 0 0 -1 0 0 0 1 0 0 1 0 0 1 0 0 1 0 -1 0 0 -1 0 0 -1 0 0 -1 0 0 -1 0 0 -1 0 0 0 1 0 0 1 0 0 1 0 -1 0 0 -1 0 0 -1 0 0 -1 0 0 0 1 0 0 1 0 0 1 0 0 1 0 0 1 0 0 1 0 0 1 0 0 1 0 0 1 0 0 1 0 0 1 0 0 1 0 -1 0 0 -1 0 0 -1 0 0 -1 0 0 -1 0 0 -1 0 0 -1 0 0 0 1 0 -1 0 0 0 1 0 0 1 0 0 1 0 0 1 0 0 0.9999997 -0.000749696 0 1 0 0 1 0 0 0.9999984 -0.001804845 -1 -1.075452E-06 0 -1 0 0 -1 -2.230273E-07 0 -1 -5.014541E-07 0 -1 0 0 -1 0 0 -1 0 0 -1 0 0 -1 0 0 -1 0 0 -1 0 0 -1 0 0 -1 0 0 -1 0 0 -1 0 0 0 1 0 0 1 0 0 1 0 0 1 0 0 1 0 0 1 0 0 1 0 0 1 0 -1 0 0 -1 0 0 -1 0 0 -1 0 0 0 1 0 0 1 0 0 1 0 0 1 0 -1 0 0 -1 0 0 -1 0 0 -1 0 0 0 1 3.437559E-07 0 1 8.273736E-07 0 1 2.384187E-05 0 1 0 0 1 0 -1 1.443405E-08 1.443405E-08 -1 0 0 -1 6.259394E-07 5.796729E-07 -1 0 0 0 0 -1 0 0 -1 0 0 -1 0 0 -1 -9.630983E-10 -2.353423E-09 -1 -1.304722E-09 -3.18821E-09 -1 -5.12439E-08 1.252234E-07 -1 0 0 -1 -1 0 0 -1 0 0 -1 0 0 -1 0 0 -1 0 0 -1 0 0 -1 0 0 -1 -3.416537E-09 3.416537E-09  
			<BiTangents>: 500 0.3668784 0.9255579 -0.09350266 0.7507047 0.6606378 -0.0003940583 -0.7506188 0.660735 0.0008487997 -4.54061E-09 0.912141 0.4098767 -0.750619 0.6607347 -0.0008477846 1.706612E-05 0.9121354 -0.4098892 1.30779E-05 0.9121453 0.4098671 0.7507045 0.660638 0.0003950734 -4.545013E-09 0.3551259 -0.9348185 1.30779E-05 0.9121453 -0.4098671 4.321069E-05 0.9121267 0.4099083 4.545013E-09 0.3551259 0.9348185 1.61076E-05 0.9121357 -0.4098885 4.997786E-05 0.3550875 -0.934833 4.545013E-09 -0.3551259 -0.9348185 0.4101556 0.9107091 0.04879939 0.4101556 0.9107091 0.04879939 0.7506716 0.6606753 0.0005697798 -0.7507293 0.66061 -0.0002638222 -0.3668784 0.9255579 -0.09350266 -0.7507291 0.6606101 0.0002648373 -0.3668784 0.9255579 0.09350266 0.4101556 0.9107091 -0.04879939 0.7506717 0.6606752 -0.0005687647 0.7507045 0.660638 0.0003950734 0.3668784 0.9255579 0.09350266 -0.4101556 0.9107091 -0.04879939 -0.750619 0.6607347 -0.0008477846 -0.4101556 0.9107091 0.04879939 -0.7506188 0.660735 0.0008487997 0.7507047 0.6606378 -0.0003940583 0.3668784 0.9255579 -0.09350266 -0.2702205 0.4994737 0.8231081 0.2838189 -0.494925 0.8212771 -1.51767E-09 0.5658537 -0.8245057 0.05961673 0.5549952 0.8297145 -0.3370095 0.5776793 0.7434455 0.3296046 -0.5856838 0.7404966 -2.811399E-09 0.8396826 -0.5430775 0.329606 0.5856823 0.7404972 0 1 0 0 1 0 0 1 0 0 1 0 0 0.9925095 -0.1221677 0 0.6154101 -0.7882071 1.573972E-09 0.9925095 0.1221677 1.037401E-08 0.6154101 0.7882071 0 1 0 0 1 0 0 -0.3551537 -0.9348079 -5.415488E-07 0.9121452 0.4098672 -7.407287E-08 0.3551537 -0.9348079 -2.690956E-07 0.9121452 -0.4098672 0 0.3551537 -0.9348079 -4.436848E-07 0.9121452 -0.4098672 0 0.3551537 0.9348079 0 0.9121452 0.4098672 3.558304E-07 0.3551537 0.9348079 -5.472222E-07 0.9121452 -0.4098672 8.057773E-08 0.3551537 -0.9348079 -5.472222E-07 0.9121452 0.4098672 -1.319046E-07 0.9121452 0.4098672 0 0.3551537 -0.9348079 -1.319046E-07 0.9121452 -0.4098672 0 -0.3551537 -0.9348079 0 -0.3551537 -0.9348079 -5.415488E-07 0.9121452 0.4098672 -7.407287E-08 0.3551537 -0.9348079 -2.690956E-07 0.9121452 -0.4098672 0 0.3551537 -0.9348079 -4.436848E-07 0.9121452 -0.4098672 0 0.3551537 0.9348079 0 0.9121452 0.4098672 3.558304E-07 0.3551537 0.9348079 -5.472222E-07 0.9121452 -0.4098672 8.057773E-08 0.3551537 -0.9348079 -5.472222E-07 0.9121452 0.4098672 5.845611E-07 0.9121452 0.4098672 0 0.3551537 -0.9348079 3.176598E-07 0.9121452 -0.4098672 0 -0.3551537 -0.9348079 1.991651E-06 1 0 0 1 0 -5.287545E-05 1 0 -5.209221E-05 1 0 0 -1 0 -5.497718E-05 1 0 -5.218368E-05 1 0 0 1 0 -2.838502E-05 1 0 -1 -3.66043E-06 0 1 5.000809E-05 0 -5.849733E-05 1 0 0.3787458 -0.9255008 0 -1 -3.955059E-06 0 1 5.008994E-05 0 -5.949926E-05 1 0 -1 -1.947376E-05 0 0.0001538424 1 0 0.0001078447 1 0 1 5.439626E-05 0 -1 -2.049787E-05 0 0.3787458 0.9255008 0 0.0001073524 1 0 1 5.468008E-05 0 0.1413957 -4.140758E-08 -0.9899531 0.1413957 -4.140758E-08 -0.9899531 0.1413957 -4.140758E-08 -0.9899531 0.1413957 -4.140758E-08 -0.9899531 0.1413957 4.140758E-08 0.9899531 0.1413957 4.140758E-08 0.9899531 0.1413957 4.140758E-08 0.9899531 0.1413957 4.140758E-08 0.9899531 0 0.7071068 0.7071068 0 0 1 0 0 -1 0 0.7071068 0.7071068 0 0 -1 0 0.7071068 0.7071068 0 0 -1 0 0.7071068 0.7071068 0 1 0 -1.093173E-07 1 0 -1.14944E-07 1 0 0 1 0 0 1 0 0 1 0 0 1 0 0 1 0 0 0 -1 0 0 1 0 0 -1 0 0 -1 0 0 -1 0 0 -1 0 0 -1 0 0 -1 1.143432E-07 1 0 0 1 0 0 1 0 2.869152E-09 1 0 0 1 0 0 1 0 0 1 0 0 1 0 0 1 0 0 1 0 0 1 0 0 1 0 0 0 1 0 0.7071068 -0.7071068 0 1 0 1.647995E-09 0.7071068 -0.7071068 0 0 1 0 0.7071068 -0.7071068 0 0.7071068 -0.7071068 0 0.7071068 -0.7071068 0 0.7071068 -0.7071068 0 0.9238803 -0.3826815 0 0 1 0 -0.7071068 -0.7071068 0 0.7071068 0.7071068 0 -0.7071068 -0.7071068 0 0.9238803 0.3826815 0 0.9238803 0.3826815 0 0.9238803 0.3826815 0 0.9238803 -0.3826815 0 0.9238803 -0.3826815 0 0.9238803 -0.3826815 0 0 1 0 1 0 -2.314611E-07 1 0 0 0 1 0 0 1 0 -0.7337027 -0.6794707 0 -0.7332922 -0.6799136 0 0 1 0 0.7071068 -0.7071068 0 0 1 0 0.7071068 -0.7071068 0 0.7071068 -0.7071068 0 0.9238803 0.3826815 0 -0.3826815 -0.9238803 0 -0.3826815 -0.9238803 0 0.9238803 0.3826815 0 -0.3826815 -0.9238803 0 0.9238803 0.3826815 0 -0.05253506 -0.9986191 0 0.9238803 0.3826815 0 1 0 0 1 0 0 1 0 0 0 1 0 1 0 0 0 1 0 0 1 0 0 1 0 0 1 0 0 1 0 1 0 0 0 1 0 1 0 0 1 0 0 1 0 0 1 0 0 1 0 0 1 0 0 0 1 0 0 1 0 0 1 0 0 1 0 0 1 0 1 0 0 1 0 0 1 0 0 0 1 1.131638E-06 1 0 0 0 1 -1.136133E-06 1 0 -4.77607E-07 1 0 1.248767E-08 1 0 4.976895E-07 1 0 2.825645E-08 1 0 1.706612E-05 0.9121354 0.4098892 5.845611E-07 0.9121452 0.4098672 4.545013E-09 -0.3551259 -0.9348185 -4.545013E-09 0.3551259 -0.9348185 4.545013E-09 0.3551259 0.9348185 4.545013E-09 0.3551259 -0.9348185 -4.545013E-09 0.3551259 -0.9348185 4.545013E-09 -0.3551259 -0.9348185 -1.319046E-07 0.9121452 -0.4098672 4.321069E-05 0.9121267 -0.4099083 -0.4101556 0.9107091 0.04879939 1.30779E-05 0.9121453 0.4098671 4.321069E-05 0.9121267 -0.4099083 4.545013E-09 -0.3551259 -0.9348185 3.176598E-07 0.9121452 -0.4098672 1.706612E-05 0.9121354 -0.4098892 4.545013E-09 0.3551259 -0.9348185 -4.54061E-09 0.912141 0.4098767 4.545013E-09 0.3551259 0.9348185 -4.545013E-09 0.3551259 -0.9348185 -0.3370106 -0.5776782 0.7434459 -0.05226752 -0.556447 0.8292375 -1.879948E-08 0.5658537 0.8245057 -1.55917E-08 0.8396826 0.5430775 0 0.6154101 0.7882071 0 -0.6154101 0.7882071 3.065584E-11 0.9925095 0.1221677 1.55917E-08 0.8396826 0.5430775 -0.5077525 0.861503 6.921637E-09 0 1 0 -0.5077525 0.861503 -6.921637E-09 0 0.9925095 -0.1221677 2.811399E-09 0.8396826 -0.5430775 0.5077525 0.861503 -6.921637E-09 0 1 0 0.5077525 0.861503 6.921637E-09 -2.811399E-09 0.8396826 -0.5430775 0 1 0 -1.55917E-08 0.8396826 0.5430775 0 1 0 1.51767E-09 0.5658537 0.8245057 -1.51767E-09 -0.5658537 0.8245057 -2.811399E-09 0.8396826 0.5430775 -1.51767E-09 0.5658537 0.8245057 2.811399E-09 0.8396826 -0.5430775 1.51767E-09 0.5658537 -0.8245057 0.7506716 0.6606753 0.0005697798 -0.7507293 0.66061 -0.0002638222 4.997786E-05 0.3550875 -0.934833 1.61076E-05 0.9121357 -0.4098885 -0.3668784 0.9255579 -0.09350266 4.545013E-09 0.3551259 0.9348185 1.706612E-05 0.9121354 0.4098892 0.4101556 0.9107091 -0.04879939 -0.3668784 0.9255579 0.09350266 -0.7507291 0.6606101 0.0002648373 0.7506717 0.6606752 -0.0005687647 -1.319046E-07 0.9121452 0.4098672 4.321069E-05 0.9121267 0.4099083 1.30779E-05 0.9121453 -0.4098671 -0.4101556 0.9107091 -0.04879939 0.3668784 0.9255579 0.09350266 0 -0.3551537 -0.9348079 0 0.3551537 -0.9348079 0 0.3551537 0.9348079 0 0.9121452 0.4098672 3.348183E-05 0.3551517 -0.9348087 4.54061E-09 0.912141 -0.4098767 -2.495576E-07 0.3551537 -0.9348079 4.545013E-09 0.3551259 -0.9348185 0 0.3551537 -0.9348079 0 -0.3551537 -0.9348079 -4.545013E-09 -0.3551259 -0.9348185 4.54061E-09 0.912141 -0.4098767 -4.54061E-09 0.912141 0.4098767 0 0.9121452 0.4098672 -9.040418E-09 0.9121452 -0.4098672 -1.715029E-09 0.3551537 -0.9348079 0 0.9121452 -0.4098672 -4.545013E-09 0.3551259 0.9348185 -5.515562E-07 0.3551537 0.9348079 4.54061E-09 0.912141 0.4098767 4.54061E-09 0.912141 0.4098767 -9.040418E-09 0.9121452 0.4098672 0 0.9121452 -0.4098672 -4.54061E-09 0.912141 -0.4098767 -4.545013E-09 0.3551259 -0.9348185 4.54061E-09 0.912141 -0.4098767 -4.545013E-09 0.3551259 0.9348185 4.54061E-09 0.912141 0.4098767 -4.545013E-09 -0.3551259 -0.9348185 4.545013E-09 0.3551259 -0.9348185 0 -0.3551537 -0.9348079 0 0.3551537 -0.9348079 0 0.3551537 0.9348079 0 0.9121452 0.4098672 3.348183E-05 0.3551517 -0.9348087 4.54061E-09 0.912141 -0.4098767 -2.495576E-07 0.3551537 -0.9348079 4.545013E-09 0.3551259 -0.9348185 0 0.3551537 -0.9348079 0 -0.3551537 -0.9348079 -4.545013E-09 -0.3551259 -0.9348185 4.54061E-09 0.912141 -0.4098767 -4.54061E-09 0.912141 0.4098767 0 0.9121452 0.4098672 -9.040418E-09 0.9121452 -0.4098672 -1.715029E-09 0.3551537 -0.9348079 0 0.9121452 -0.4098672 -4.545013E-09 0.3551259 0.9348185 -5.515562E-07 0.3551537 0.9348079 4.54061E-09 0.912141 0.4098767 4.54061E-09 0.912141 0.4098767 -9.040418E-09 0.9121452 0.4098672 0 0.9121452 -0.4098672 -4.54061E-09 0.912141 -0.4098767 -4.545013E-09 0.3551259 -0.9348185 4.54061E-09 0.912141 -0.4098767 -4.545013E-09 0.3551259 0.9348185 4.54061E-09 0.912141 0.4098767 -4.545013E-09 -0.3551259 -0.9348185 4.545013E-09 0.3551259 -0.9348185 0 1 0 0.3787458 0.9255008 0 0.3787458 -0.9255008 0 0 -1 0 -0.922254 -0.3865843 0 -0.922254 -0.3865843 0 -0.9222432 0.3866103 0 -0.9222432 0.3866103 0 -0.9222432 0.3866103 0 -0.9222432 0.3866103 0 -1.206796E-05 1 0 -1.206773E-05 1 0 -2.931443E-05 1 0 -5.612261E-07 1 0 -1.818718E-05 1 0 -3.563647E-07 1 0 -0.922254 -0.3865843 0 -0.922254 -0.3865843 0 0.0001533683 1 0 -6.290895E-05 1 0 8.233795E-06 1 0 -5.234867E-05 1 0 -8.002512E-05 1 0 0 1 0 -0.378735 0.9255051 1.353027E-07 0 1 1.971775E-06 0 1 1.825067E-06 -0.378735 0.9255051 0 0.9222432 0.3866103 -1.380666E-06 0.9222386 -0.3866212 0 0.9222386 -0.3866212 -2.578231E-07 0.9222432 0.3866103 -1.63849E-06 0 -1 4.657848E-08 -0.3787458 -0.9255008 2.542864E-09 -0.3787458 -0.9255008 3.444849E-09 0 -1 5.031488E-08 0.9222432 0.3866103 -1.63849E-06 0.9222432 0.3866103 -2.129458E-08 0.9222386 -0.3866212 0 0.9222386 -0.3866212 0 0 0 1 0 0 1 0 0 1 0 0 1 0 0 1 0 0 1 0 0 1 0 0 1 1 0 0 1 0 0 1 0 0 1 0 0 0 0 1 0 0 1 0 0 1 0 0 1 0 -0.7071068 -0.7071068 0 -0.7071068 -0.7071068 0 0 1 0 0 1 0 0 1 0 0 -1 0 0 -1 0 -0.7071068 -0.7071068 0 -0.7071068 -0.7071068 0 0 1 0 0 1 0 0 1 0 0 1 0 0 1 0 0 1 0 0 1 0 0 1 0 0 1 0 0 1 0 0 1 0 0 1 0 1 0 0 0.7071068 0.7071068 0 0.7071068 0.7071068 0 1 0 0 0.7071068 0.7071068 0 0.9238803 0.3826815 0 -0.7071068 -0.7071068 0 0 1 0 -0.7071068 -0.7071068 0 0 1 0 0 1 0 0 1 0 0 1 0 -0.000749696 -0.9999997 0 0 -1 0 0 -1 0 -0.001804845 -0.9999984 -1.075452E-06 1 0 0 1 0 -2.230273E-07 1 0 -5.014541E-07 1 0 0 -0.7071068 -0.7071068 0 -0.7071068 -0.7071068 0 -0.3826815 -0.9238803 0 0.7071068 -0.7071068 0 0.3826815 0.9238803 0 0.3826815 0.9238803 0 0.3826815 0.9238803 0 0.3826815 0.9238803 0 1 0 0 0.9238803 0.3826815 0 0.9238803 0.3826815 0 0 1 0 0 1 0 0 1 0 0 1 0 0 1 0 0 1 0 0 1 0 0 1 0 0.7071068 -0.7071068 0 0.7071068 -0.7071068 0 0.7071068 -0.7071068 0 0.7071068 -0.7071068 0 0 1 0 0 1 0 0 1 0 0 1 0 0.7071068 -0.7071068 0 0.7071068 -0.7071068 0 0.7071068 -0.7071068 0 0.7071068 -0.7071068 0 -3.437559E-07 1 0 -8.273736E-07 1 0 -2.384187E-05 1 0 0 -1 0 0 -1 2.041283E-08 0.7071068 0.7071068 0 0.7332922 0.6799136 8.531242E-07 0.7337027 0.6794707 0 0.7071068 0.7071068 -0.3787458 0.9255008 0 -0.3787458 0.9255008 0 -0.3787458 -0.9255008 0 -0.3787458 -0.9255008 0 0.3787458 0.9255008 -2.542864E-09 0.3787458 0.9255008 -3.444849E-09 0.378735 -0.9255051 -1.353027E-07 0.378735 -0.9255051 0 0 1 0 0 1 0 0 0.7071068 0.7071068 0 0.7071068 0.7071068 0 0.7071068 0.7071068 0 0.7071068 0.7071068 0 0.7071068 -0.7071068 -4.831712E-09 0.7071068 -0.7071068  
			<SubMeshes>: 1
				<SubMesh>: 0 1164 23 20 4 23 4 7 22 21 20 22 20 23 16 19 18 16 18 17 17 18 2 17 2 1 24 27 26 24 26 25 62 10 9 62 9 59 58 11 224 58 224 225 52 13 12 52 12 53 66 226 227 66 227 70 72 73 3 72 3 228 76 80 5 76 5 229 79 230 231 79 231 81 232 77 6 232 6 233 1 2 234 1 234 0 30 29 28 30 28 31 64 61 235 64 235 236 63 8 237 63 237 65 60 238 239 60 239 240 56 57 241 56 241 242 50 14 243 50 243 54 36 32 33 36 33 37 44 45 34 44 34 38 244 245 35 244 35 39 46 47 246 46 246 247 248 35 245 248 245 249 250 49 43 250 43 251 252 253 42 252 42 254 255 48 41 255 41 256 257 258 40 257 40 259 260 261 48 260 48 255 262 263 49 262 49 250 264 248 249 264 249 265 266 267 47 266 47 46 268 269 45 268 45 44 270 271 29 270 29 30 68 272 273 68 273 69 15 274 271 15 271 270 74 275 276 74 276 78 277 278 279 277 279 280 281 282 283 281 283 75 280 279 27 280 27 24 7 4 284 7 284 285 286 50 54 286 54 287 288 289 57 288 57 56 290 291 55 290 55 292 293 294 295 293 295 296 297 298 299 297 299 300 301 52 53 301 53 302 303 304 51 303 51 305 306 307 308 306 308 309 310 301 302 310 302 311 312 313 289 312 289 288 314 286 287 314 287 315 292 55 238 292 238 60 294 63 65 294 65 295 300 299 61 300 61 64 304 58 225 304 225 51 307 62 59 307 59 308 316 66 70 316 70 317 318 319 73 318 73 72 320 321 71 320 71 322 323 324 325 323 325 326 327 328 329 327 329 330 331 68 69 331 69 332 333 334 67 333 67 335 336 337 338 336 338 339 340 331 332 340 332 341 342 343 319 342 319 318 344 316 317 344 317 345 322 71 80 322 80 76 324 79 81 324 81 325 330 329 77 330 77 232 334 74 78 334 78 67 337 281 75 337 75 338 101 92 96 101 96 105 84 100 104 84 104 87 93 85 88 93 88 97 103 89 346 103 346 347 98 102 95 98 95 91 94 348 349 94 349 86 350 351 352 350 352 353 354 484 485 354 485 355 90 356 357 90 357 358 359 93 97 359 97 360 90 358 361 90 361 83 486 362 363 486 363 487 364 365 366 364 366 99 100 367 368 100 368 104 82 369 364 82 364 99 370 371 372 370 372 373 374 375 376 374 376 377 378 379 380 378 380 381 488 382 383 488 383 489 384 490 491 384 491 385 386 387 388 386 388 389 390 391 392 390 392 393 107 106 108 107 108 109 113 112 110 113 110 111 394 395 396 394 396 397 398 399 400 398 400 401 191 119 114 191 114 194 190 117 121 190 121 192 127 123 125 127 125 129 128 124 122 128 122 126 148 128 126 148 126 146 149 129 128 149 128 148 147 127 129 147 129 149 222 140 138 222 138 217 221 139 141 221 141 223 139 143 145 139 145 141 140 144 142 140 142 138 134 163 161 134 161 136 151 167 169 151 169 153 196 197 131 196 131 115 120 136 132 120 132 116 402 133 137 402 137 403 404 193 405 404 405 406 407 408 134 407 134 118 409 135 130 409 130 410 118 134 136 118 136 120 216 411 412 216 412 413 414 415 416 414 416 417 413 412 418 413 418 419 420 421 415 420 415 414 209 208 421 209 421 420 419 418 150 419 150 422 143 492 493 143 493 145 145 493 152 145 152 144 144 152 423 144 423 142 494 166 164 494 164 495 197 201 160 197 160 131 211 154 422 206 424 425 206 425 426 207 427 424 207 424 206 205 162 427 205 427 207 202 164 166 202 166 204 204 166 165 204 165 203 203 165 428 203 428 200 118 158 155 118 155 407 136 161 429 136 429 132 208 430 421 120 156 158 120 158 118 496 428 165 496 165 497 116 157 156 116 156 120 153 169 168 153 168 498 498 168 159 498 159 499 408 431 163 408 163 134 432 195 177 432 177 173 218 433 174 218 174 170 434 212 179 434 179 435 214 185 189 214 189 215 436 437 438 438 439 436 439 188 436 440 441 172 440 172 220 219 171 442 219 442 443 176 186 183 176 183 444 445 446 184 445 184 175 135 180 178 135 178 130 133 447 181 133 181 137 448 187 182 448 182 449 450 189 185 450 185 451 452 453 454 452 454 213 455 456 195 455 195 432 170 174 193 170 193 404 441 190 192 441 192 172 171 191 194 171 194 442 198 457 458 198 458 459 460 461 462 460 462 199 463 203 200 463 200 464 465 204 203 465 203 463 466 202 204 466 204 465 167 205 207 167 207 169 169 207 206 169 206 168 168 206 426 168 426 159 210 467 201 210 201 197 459 460 199 459 199 198 211 210 197 211 197 196 209 468 457 209 457 198 198 199 208 198 208 209 199 462 430 199 430 208 115 469 470 115 470 196 422 150 210 422 210 211 150 467 210 420 468 209 196 470 154 196 154 211 497 165 166 497 166 494 471 452 213 471 213 472 473 214 215 473 215 474 212 434 475 475 476 212 475 477 476 478 479 438 478 438 437 124 219 443 124 443 122 123 440 220 123 220 125 417 416 433 417 433 218 173 177 411 173 411 216 480 221 223 480 223 481 482 222 217 482 217 483  
		</Mesh>
		<Materials>: 1
			<Material>: 0
				<AlbedoColor>: 1 1 1 1
				<EmissiveColor>: 0 0 0 0
				<Glossiness>: 0.04
				<Metallic>: 0
				<SpecularHighlight>: 1
				<GlossyReflection>: 1
				<AlbedoMap>: BLD_Villa2_A
				<MetallicMap>: BLD_Villa2_MS
				<NormalMap>: BLD_Villa2_N
				<EmissionMap>: null
				<DetailAlbedoMap>: DET_Concrete1_A
				<DetailNormalMap>: DET_Concrete1_N
		</Materials>
		<Children>: 3
			<Frame>: 1 0 Villa2_Wall_Mid_D_bb
				<Transform>: 2 2.998507 0.0008251965 0 0 0 1 1 1 0 0 0 1  
				<TransformMatrix>: 1 0 0 0 0 1 0 0 0 0 1 0 2 2.998507 0.0008251965 1  
				<BoxCollider>: 1 1.504111 -0.005675793 -0.01135179 0.9659448 5.960728 0.5686323  
				<Children>: 0
			</Frame>
			<Frame>: 2 0 Villa2_Wall_Mid_D_bb1
				<Transform>: -1.02 2.998507 0.0008251965 0 0 0 1 1 1 0 0 0 1  
				<TransformMatrix>: 1 0 0 0 0 1 0 0 0 0 1 0 -1.02 2.998507 0.0008251965 1  
				<BoxCollider>: 1 1.504111 -0.005675793 -0.01135179 0.9659448 5.960728 0.5686323  
				<Children>: 0
			</Frame>
			<Frame>: 3 0 Villa2_Wall_Mid_D_bb2
				<Transform>: 0.43 2.998507 0.0008251965 0 0 0 1 1 1 0 0 0 1  
				<TransformMatrix>: 1 0 0 0 0 1 0 0 0 0 1 0 0.43 2.998507 0.0008251965 1  
				<BoxCollider>: 1 1.504111 2.26468 -0.01135179 2.646008 1.420016 0.5686323  
				<Children>: 0
			</Frame>
	</Frame>
</Hierarchy>
