<Hierarchy>:
	<Frame>: 0 5 Villa2_Floor_Mid_A_4x
		<Transform>: 0 0 0 0 0 0 1 1 1 0 0 0 1  
		<TransformMatrix>: 1 0 0 0 0 1 0 0 0 0 1 0 0 0 0 1  
		<BoxCollider>: 1 4 -0.1450001 -4 8 0.3100002 8  
		<Mesh>: 208 Villa2_Floor_Mid_A_4x
			<Bounds>: 4 -0.1450001 -4 4 0.1550001 4
			<Positions>: 208 8 -0.3 1.311342E-08 8 0.009999985 -4.371134E-10 8 0.00999981 -4 4 0.00999981 -4 7.829714 0.009999977 -0.1702862 7.829714 0.009999817 -3.829714 4.170286 0.009999817 -3.829714 4.170286 0.009999977 -0.1702862 4 -0.3 -2.719423E-08 7.829714 -0.3 -0.1702863 7.829714 -0.3000002 -3.829714 4.170286 -0.3000002 -3.829714 4.170286 -0.3 -0.1702863 4 0.009999985 -4.371134E-10 0 0.009999985 -4.371134E-10 0 -0.3000002 -4 0 0.009999814 -4 3.829714 0.009999977 -0.1702862 3.829714 0.009999821 -3.829714 0.1702862 0.009999821 -3.829714 0.1702862 0.009999977 -0.1702862 0 -0.3 -2.719423E-08 3.829714 -0.3 -0.1702863 3.829714 -0.3000002 -3.829714 0.1702862 -0.3000002 -3.829714 0.1702862 -0.3 -0.1702863 1.065814E-15 -0.3000002 -8 -3.55271E-17 0.00999981 -8 3.829714 0.009999977 -4.170286 3.829714 0.009999817 -7.829714 0.1702862 0.009999817 -7.829714 0.1702862 0.009999977 -4.170286 4 -0.3000002 -8 3.829714 -0.3 -4.170286 3.829714 -0.3000002 -7.829714 0.1702862 -0.3000002 -7.829714 0.1702862 -0.3 -4.170286 8 -0.3 -4 8 0.00999981 -8 4 0.00999981 -8 7.829714 0.009999977 -4.170286 7.829714 0.009999817 -7.829714 4.170286 0.009999817 -7.829714 4.170286 0.009999977 -4.170286 8 -0.3000002 -8 4 -0.3 -4 7.829714 -0.3 -4.170286 7.829714 -0.3000002 -7.829714 4.170286 -0.3000002 -7.829714 4.170286 -0.3 -4.170286 7.829714 0.009999977 -0.1702862 7.829714 0.009999817 -3.829714 7.829714 0.009999817 -3.829714 8 0.00999981 -4 4.170286 0.009999817 -3.829714 4.170286 -0.3000002 -3.829714 4.170286 -0.3 -0.1702863 4.170286 -0.3 -0.1702863 7.829714 -0.3 -0.1702863 4 -0.3 -2.719423E-08 3.829714 0.009999977 -0.1702862 3.829714 0.009999821 -3.829714 0.1702862 0.009999821 -3.829714 0.1702862 0.009999977 -0.1702862 0.1702862 0.009999977 -0.1702862 0 0.009999985 -4.371134E-10 4 0.009999985 -4.371134E-10 3.829714 0.009999977 -0.1702862 7.829714 -0.3000002 -3.829714 4.170286 -0.3000002 -3.829714 4 -0.3 -4 7.829714 -0.3 -0.1702863 7.829714 -0.3000002 -3.829714 8 -0.3 -4 8 -0.3 1.311342E-08 0 0.009999814 -4 0 0.009999985 -4.371134E-10 0.1702862 -0.3000002 -3.829714 0.1702862 -0.3 -0.1702863 0 -0.3 -2.719423E-08 0 -0.3000002 -4 4 0.009999985 -4.371134E-10 4 -0.3 -2.719423E-08 8 -0.3 1.311342E-08 8 0.009999985 -4.371134E-10 8 0.009999985 -4.371134E-10 8 -0.3 1.311342E-08 8 -0.3 -4 8 0.00999981 -4 3.829714 -0.3000002 -7.829714 0.1702862 -0.3000002 -7.829714 7.829714 0.009999817 -7.829714 4.170286 0.009999817 -7.829714 4.170286 0.009999977 -0.1702862 4 0.009999985 -4.371134E-10 8 0.009999985 -4.371134E-10 7.829714 0.009999977 -0.1702862 4.170286 0.009999817 -3.829714 4 0.00999981 -4 4.170286 0.009999977 -0.1702862 7.829714 -0.3 -4.170286 7.829714 -0.3000002 -7.829714 4.170286 -0.3 -4.170286 7.829714 -0.3 -4.170286 8 -0.3 -4 3.829714 0.009999821 -3.829714 4 0.00999981 -4 0 0.009999814 -4 0.1702862 0.009999821 -3.829714 0 0.009999985 -4.371134E-10 0 -0.3 -2.719423E-08 4 -0.3 -2.719423E-08 4 0.009999985 -4.371134E-10 3.829714 -0.3 -0.1702863 3.829714 -0.3000002 -3.829714 4 -0.3 -2.719423E-08 3.829714 -0.3000002 -3.829714 0.1702862 -0.3000002 -3.829714 0 -0.3000002 -4 4 -0.3 -4 0.1702862 -0.3 -0.1702863 3.829714 -0.3 -0.1702863 0 -0.3 -2.719423E-08 3.829714 0.009999977 -4.170286 3.829714 0.009999817 -7.829714 3.829714 0.009999817 -7.829714 4 0.00999981 -8 0.1702862 0.009999817 -7.829714 0.1702862 0.009999817 -7.829714 -3.55271E-17 0.00999981 -8 0 0.009999814 -4 0.1702862 0.009999977 -4.170286 0.1702862 0.009999977 -4.170286 4 0.00999981 -4 3.829714 0.009999977 -4.170286 4 0.00999981 -8 4 -0.3000002 -8 1.065814E-15 -0.3000002 -8 -3.55271E-17 0.00999981 -8 -3.55271E-17 0.00999981 -8 1.065814E-15 -0.3000002 -8 0 -0.3000002 -4 0 0.009999814 -4 3.829714 -0.3 -4.170286 3.829714 -0.3000002 -7.829714 4 -0.3000002 -8 0.1702862 -0.3000002 -7.829714 0.1702862 -0.3 -4.170286 0 -0.3000002 -4 1.065814E-15 -0.3000002 -8 0.1702862 -0.3 -4.170286 3.829714 -0.3 -4.170286 4 -0.3 -4 7.829714 0.009999977 -4.170286 8 0.00999981 -8 7.829714 0.009999817 -7.829714 4.170286 0.009999817 -7.829714 4 0.00999981 -8 4.170286 0.009999977 -4.170286 4.170286 0.009999977 -4.170286 8 0.00999981 -4 7.829714 0.009999977 -4.170286 8 0.00999981 -4 8 -0.3 -4 8 -0.3000002 -8 8 0.00999981 -8 8 0.00999981 -8 8 -0.3000002 -8 4 -0.3000002 -8 4 0.00999981 -8 7.829714 -0.3000002 -7.829714 4.170286 -0.3000002 -7.829714 8 -0.3000002 -8 4.170286 -0.3000002 -7.829714 4.170286 -0.3 -4.170286 4 -0.3000002 -8 4 0.00999981 -4 4 0.00999981 -4 4 0.00999981 -4 4 -0.3 -2.719423E-08 4 0.009999985 -4.371134E-10 4 -0.3 -4 4 0.00999981 -8 4 0.009999985 -4.371134E-10 4 0.009999985 -4.371134E-10 8 -0.3 -4 4 -0.3 -4 4 -0.3 -4 4 -0.3 -4 4 -0.3 -2.719423E-08 4 -0.3 -2.719423E-08 4 0.00999981 -4 4 0.00999981 -8 4 0.00999981 -8 0 0.009999814 -4 4 0.00999981 -4 4 -0.3000002 -8 4 -0.3 -4 4 -0.3 -4 0 -0.3000002 -4 8 0.00999981 -4 4 0.00999981 -4 4 0.00999981 -4 4 0.00999981 -4 4 -0.3000002 -8 4 -0.3000002 -8 4 -0.3 -4 4 -0.3 -4  
			<Colors>: 0  
			<TextureCoords0>: 208 0.1396484 0.4165039 0.1083984 0.4165039 0.1083984 0.6123047 0.1083984 0.6123047 0.01123047 0.6064453 0.01123047 0.4238281 0.1899414 0.4238281 0.1899414 0.6064453 0.1396484 0.4165039 0.01123047 0.6064453 0.01123047 0.4238281 0.1899414 0.4238281 0.1899414 0.6064453 0.1083984 0.4165039 0.1396484 0.4165039 0.2006836 0.02001953 0.1396484 0.6123047 0.09863281 0.4248047 0.09863281 0.6044922 0.1899414 0.4238281 0.1899414 0.6064453 0.3999023 0.02001953 0.01123047 0.6064453 0.01123047 0.4238281 0.1899414 0.4238281 0.1899414 0.6064453 0.1083984 0.6123047 0.1083984 0.6123047 0.01123047 0.6064453 0.01123047 0.4238281 0.1899414 0.4238281 0.1899414 0.6064453 0.1083984 0.4165039 0.01123047 0.6064453 0.01123047 0.4238281 0.1899414 0.4238281 0.1899414 0.6064453 0.1083984 0.4165039 0.1083984 0.4165039 0.1083984 0.6123047 0.01123047 0.6064453 0.01123047 0.4238281 0.1899414 0.4238281 0.1899414 0.6064453 0.1083984 0.6123047 0.1396484 0.6123047 0.01123047 0.6064453 0.01123047 0.4238281 0.1899414 0.4238281 0.1899414 0.6064453 0.09863281 0.4248047 0.09863281 0.6044922 0.09863281 0.4248047 0.1083984 0.4165039 0.09863281 0.6044922 0.1494141 0.6044922 0.1494141 0.4248047 0.1494141 0.6044922 0.1494141 0.4248047 0.1396484 0.6123047 0.01123047 0.6064453 0.01123047 0.4238281 0.1494141 0.6044922 0.1494141 0.4248047 0.1494141 0.6044922 0.1396484 0.6123047 0.1396484 0.4165039 0.1494141 0.4248047 0.09863281 0.4248047 0.09863281 0.6044922 0.1083984 0.6123047 0.09863281 0.4248047 0.09863281 0.6044922 0.1083984 0.6123047 0.1083984 0.4165039 0.2006836 0 0.3999023 0 0.1494141 0.6044922 0.1494141 0.4248047 0.1396484 0.4165039 0.1396484 0.6123047 0.3999023 0 0.3999023 0.02001953 0.2006836 0.02001953 0.2006836 0 0.2006836 0 0.2006836 0.02001953 0.3999023 0.02001953 0.3999023 0 0.09863281 0.4248047 0.09863281 0.6044922 0.09863281 0.4248047 0.09863281 0.6044922 0.1494141 0.6044922 0.1396484 0.6123047 0.1396484 0.4165039 0.1494141 0.4248047 0.1494141 0.6044922 0.1396484 0.6123047 0.1494141 0.4248047 0.09863281 0.4248047 0.09863281 0.6044922 0.1494141 0.6044922 0.1494141 0.4248047 0.1396484 0.4165039 0.09863281 0.4248047 0.1083984 0.4165039 0.1083984 0.6123047 0.09863281 0.6044922 0.3999023 0 0.3999023 0.02001953 0.2006836 0.02001953 0.2006836 0 0.09863281 0.4248047 0.09863281 0.6044922 0.1083984 0.4165039 0.09863281 0.4248047 0.09863281 0.6044922 0.1083984 0.6123047 0.1083984 0.4165039 0.1494141 0.6044922 0.1494141 0.4248047 0.1396484 0.6123047 0.09863281 0.4248047 0.09863281 0.6044922 0.09863281 0.4248047 0.1083984 0.4165039 0.09863281 0.6044922 0.1494141 0.6044922 0.1396484 0.6123047 0.1396484 0.4165039 0.1494141 0.4248047 0.1494141 0.6044922 0.1396484 0.4165039 0.1494141 0.4248047 0.3999023 0 0.3999023 0.02001953 0.2006836 0.02001953 0.2006836 0 0.2006836 0 0.2006836 0.02001953 0.3999023 0.02001953 0.3999023 0 0.09863281 0.4248047 0.09863281 0.6044922 0.1083984 0.6123047 0.1494141 0.6044922 0.1494141 0.4248047 0.1396484 0.4165039 0.1396484 0.6123047 0.1494141 0.6044922 0.1494141 0.4248047 0.1396484 0.4165039 0.09863281 0.4248047 0.1083984 0.6123047 0.09863281 0.6044922 0.1494141 0.6044922 0.1396484 0.6123047 0.1494141 0.4248047 0.1494141 0.6044922 0.1396484 0.4165039 0.1494141 0.4248047 0.2006836 0 0.2006836 0.02001953 0.3999023 0.02001953 0.3999023 0 0.3999023 0 0.3999023 0.02001953 0.2006836 0.02001953 0.2006836 0 0.09863281 0.4248047 0.09863281 0.6044922 0.1083984 0.4165039 0.1494141 0.6044922 0.1494141 0.4248047 0.1396484 0.6123047 0.1083984 0.6123047 0.1083984 0.6123047 0.1083984 0.6123047 0.1396484 0.4165039 0.1396484 0.4165039 0.1083984 0.6123047 0.1083984 0.6123047 0.1396484 0.4165039 0.1396484 0.4165039 0.1083984 0.4165039 0.1396484 0.6123047 0.1083984 0.6123047 0.1083984 0.6123047 0.1396484 0.4165039 0.1396484 0.4165039 0.1083984 0.4165039 0.1083984 0.6123047 0.1083984 0.6123047 0.1396484 0.6123047 0.1396484 0.4165039 0.1083984 0.6123047 0.1083984 0.4165039 0.1396484 0.4165039 0.1396484 0.6123047 0.1083984 0.4165039 0.1396484 0.4165039 0.1396484 0.4165039 0.1396484 0.6123047 0.1083984 0.6123047 0.1083984 0.6123047 0.1396484 0.4165039 0.1396484 0.4165039  
			<TextureCoords1>: 208 0.003906314 0.02552235 0.4872395 0.5127614 0.2455729 0.5127614 0.2455729 0.7544276 0.4769514 0.5230495 0.255861 0.5230495 0.255861 0.7441394 0.4769514 0.7441394 0.003906283 0.2671887 0.01419451 0.03581047 0.2352846 0.03581059 0.2352845 0.2569007 0.0141944 0.2569005 0.4872395 0.7544276 0.4872395 0.9960938 0.7328122 0.9281875 0.2455729 0.9960938 0.4769514 0.7647157 0.255861 0.7647157 0.255861 0.9858056 0.4769514 0.9858056 0.9744785 0.9281875 0.01419448 0.2774768 0.2352846 0.277477 0.2352845 0.498567 0.01419436 0.4985669 0.4872391 0.5088552 0.00390625 0.9960938 0.2352848 0.7647157 0.01419436 0.7647157 0.01419436 0.9858056 0.2352848 0.9858056 0.4872392 0.2671888 0.2558609 0.2774768 0.476951 0.277477 0.4769509 0.498567 0.2558608 0.4985669 0.2455727 0.02552241 0.00390625 0.5127614 0.00390625 0.7544276 0.2352848 0.5230495 0.01419436 0.5230495 0.01419436 0.7441394 0.2352848 0.7441394 0.4872392 0.02552247 0.2455727 0.2671888 0.255861 0.03581053 0.4769511 0.03581065 0.4769509 0.2569007 0.2558608 0.2569005 0.4769514 0.5230495 0.255861 0.5230495 0.255861 0.5230495 0.2455729 0.5127614 0.255861 0.7441394 0.2352845 0.2569007 0.0141944 0.2569005 0.0141944 0.2569005 0.01419451 0.03581047 0.003906283 0.2671887 0.4769514 0.7647157 0.255861 0.7647157 0.255861 0.9858056 0.4769514 0.9858056 0.4769514 0.9858056 0.4872395 0.9960938 0.4872395 0.7544276 0.4769514 0.7647157 0.2352846 0.03581059 0.2352845 0.2569007 0.2455727 0.2671888 0.01419451 0.03581047 0.2352846 0.03581059 0.2455727 0.02552241 0.003906314 0.02552235 0.732812 0.9094584 0.9744784 0.9094583 0.2352845 0.498567 0.01419436 0.4985669 0.00390625 0.5088551 0.2455727 0.5088551 0.732812 0.9320937 0.7328121 0.9508229 0.9744785 0.9508229 0.9744784 0.9320938 0.4911457 0.9773646 0.4911458 0.9960938 0.732812 0.9960938 0.7328121 0.9773646 0.476951 0.277477 0.4769509 0.498567 0.01419436 0.5230495 0.01419436 0.7441394 0.4769514 0.7441394 0.4872395 0.7544276 0.4872395 0.5127614 0.4769514 0.5230495 0.255861 0.7441394 0.2455729 0.7544276 0.4769514 0.7441394 0.255861 0.03581053 0.4769511 0.03581065 0.2558608 0.2569005 0.255861 0.03581053 0.2455727 0.02552241 0.255861 0.7647157 0.2455729 0.7544276 0.2455729 0.9960938 0.255861 0.9858056 0.4911457 0.9320938 0.4911459 0.9508229 0.7328121 0.9508229 0.732812 0.9320937 0.01419448 0.2774768 0.2352846 0.277477 0.003906283 0.2671887 0.2352846 0.277477 0.2352845 0.498567 0.2455727 0.5088551 0.2455727 0.2671888 0.01419436 0.4985669 0.01419448 0.2774768 0.00390625 0.5088551 0.2352848 0.7647157 0.01419436 0.7647157 0.01419436 0.7647157 0.00390625 0.7544276 0.01419436 0.9858056 0.01419436 0.9858056 0.00390625 0.9960938 0.2455729 0.9960938 0.2352848 0.9858056 0.2352848 0.9858056 0.2455729 0.7544276 0.2352848 0.7647157 0.732812 0.9547292 0.7328122 0.9734583 0.9744785 0.9734583 0.9744784 0.9547292 0.4911457 0.9094583 0.4911458 0.9281875 0.7328122 0.9281875 0.732812 0.9094584 0.2558609 0.2774768 0.476951 0.277477 0.4872392 0.2671888 0.4769509 0.498567 0.2558608 0.4985669 0.2455727 0.5088551 0.4872391 0.5088552 0.2558608 0.4985669 0.2558609 0.2774768 0.2455727 0.2671888 0.2352848 0.5230495 0.00390625 0.5127614 0.01419436 0.5230495 0.01419436 0.7441394 0.00390625 0.7544276 0.2352848 0.7441394 0.2352848 0.7441394 0.2455729 0.5127614 0.2352848 0.5230495 0.7328121 0.9773646 0.732812 0.9960938 0.9744786 0.9960938 0.9744785 0.9773646 0.4911457 0.9547292 0.4911459 0.9734583 0.7328122 0.9734583 0.732812 0.9547292 0.4769511 0.03581065 0.4769509 0.2569007 0.4872392 0.02552247 0.4769509 0.2569007 0.2558608 0.2569005 0.4872392 0.2671888 0.2455729 0.7544276 0.2455729 0.7544276 0.2455729 0.7544276 0.003906283 0.2671887 0.4872395 0.7544276 0.2455727 0.2671888 0.00390625 0.7544276 0.4872395 0.7544276 0.4872395 0.7544276 0.2455727 0.02552241 0.2455727 0.2671888 0.2455727 0.2671888 0.2455727 0.2671888 0.003906283 0.2671887 0.003906283 0.2671887 0.2455729 0.7544276 0.00390625 0.7544276 0.00390625 0.7544276 0.2455729 0.9960938 0.2455729 0.7544276 0.4872392 0.2671888 0.2455727 0.2671888 0.2455727 0.2671888 0.2455727 0.5088551 0.2455729 0.5127614 0.2455729 0.7544276 0.2455729 0.7544276 0.2455729 0.7544276 0.4872392 0.2671888 0.4872392 0.2671888 0.2455727 0.2671888 0.2455727 0.2671888  
			<Normals>: 208 0 -1 0 0 1 0 0 1 0 0 1 0 0 1 0 0 1 0 0 1 0 0 1 0 0 -1 0 0 -1 0 0 -1 0 0 -1 0 0 -1 0 0 1 0 0 1 0 -1 0 0 0 1 0 0 1 0 0 1 0 0 1 0 0 1 0 -1 0 0 0 -1 0 0 -1 0 0 -1 0 0 -1 0 0 -1 0 0 1 0 0 1 0 0 1 0 0 1 0 0 1 0 0 -1 0 0 -1 0 0 -1 0 0 -1 0 0 -1 0 0 -1 0 0 1 0 0 1 0 0 1 0 0 1 0 0 1 0 0 1 0 0 -1 0 0 -1 0 0 -1 0 0 -1 0 0 -1 0 0 -1 0 0 1 0 0 1 0 0 1 0 0 1 0 0 1 0 0 -1 0 0 -1 0 0 -1 0 0 -1 0 0 -1 0 0 1 0 0 1 0 0 1 0 0 1 0 0 1 0 0 1 0 0 1 0 0 1 0 0 -1 0 0 -1 0 0 -1 0 0 -1 0 0 -1 0 0 -1 0 0 -1 0 -1 0 0 -1 0 0 0 -1 0 0 -1 0 0 -1 0 0 -1 0 0 0 1 0 0 1 0 0 1 0 0 1 1 0 0 1 0 0 1 0 0 1 0 0 0 -1 0 0 -1 0 0 1 0 0 1 0 0 1 0 0 1 0 0 1 0 0 1 0 0 1 0 0 1 0 0 1 0 0 -1 0 0 -1 0 0 -1 0 0 -1 0 0 -1 0 0 1 0 0 1 0 0 1 0 0 1 0 0 0 1 0 0 1 0 0 1 0 0 1 0 -1 0 0 -1 0 0 -1 0 0 -1 0 0 -1 0 0 -1 0 0 -1 0 0 -1 0 0 -1 0 0 -1 0 0 1 0 0 1 0 0 1 0 0 1 0 0 1 0 0 1 0 0 1 0 0 1 0 0 1 0 0 1 0 0 1 0 0 1 0 0 0 -1 0 0 -1 0 0 -1 0 0 -1 -1 0 0 -1 0 0 -1 0 0 -1 0 0 0 -1 0 0 -1 0 0 -1 0 0 -1 0 0 -1 0 0 -1 0 0 -1 0 0 -1 0 0 -1 0 0 -1 0 0 1 0 0 1 0 0 1 0 0 1 0 0 1 0 0 1 0 0 1 0 0 1 0 0 1 0 1 0 0 1 0 0 1 0 0 1 0 0 0 0 -1 0 0 -1 0 0 -1 0 0 -1 0 -1 0 0 -1 0 0 -1 0 0 -1 0 0 -1 0 0 -1 0 0 1 0 0 1 0 0 1 0 0 -1 0 0 1 0 0 -1 0 0 1 0 0 1 0 0 1 0 0 -1 0 0 -1 0 0 -1 0 0 -1 0 0 -1 0 0 -1 0 0 1 0 0 1 0 0 1 0 0 1 0 0 1 0 0 -1 0 0 -1 0 0 -1 0 0 -1 0 0 1 0 0 1 0 0 1 0 0 1 0 0 -1 0 0 -1 0 0 -1 0 0 -1 0  
			<Tangents>: 208 -0.002974957 0 -0.9999956 0.9999913 0 0.004170364 0.9981224 0 -0.06125085 0.6369588 0 -0.7708979 -1 0 0 -1 0 0 -1 0 0 -1 0 0 0.997961 0 -0.06382626 -1 0 0 -1 0 0 -1 0 0 -1 0 0 0.9999913 0 0.004170364 0.9999956 0 -0.002974957 0 4.470348E-08 1 0.9980371 0 0.06262519 0.9999956 0 0.002962543 0.9978515 0 -0.06551681 -1 0 0 -1 0 0 0 4.293256E-08 1 -1 0 0 -1 0 0 -1 0 0 -1 0 0 -0.06125086 0 -0.9981224 -0.06125086 0 -0.9981224 -1 0 0 -1 0 0 -1 0 0 -1 0 0 0.004170113 0 -0.9999913 -1 0 0 -1 0 0 -1 0 0 -1 0 0 0.004170113 0 -0.9999913 0.004170113 0 -0.9999913 0.6369588 0 -0.7708979 -1 0 0 -1 0 0 -1 0 0 -1 0 0 0.9981224 0 -0.06125086 0.9980371 0 0.06262521 -1 0 0 -1 0 0 -1 0 0 -1 0 0 0.9999956 0 0.002962543 0.9978515 0 -0.06551681 0.002962296 0 -0.9999956 0.004170113 0 -0.9999913 -0.06551681 0 -0.9978515 0.9981123 0 0.06141637 0.9999737 0 -0.007261302 0.06141635 0 -0.9981123 -0.007261299 0 -0.9999737 0.06262519 0 -0.9980371 -1 0 0 -1 0 0 0.9981123 0 0.06141635 0.9999737 0 -0.0072613 0.0614166 0 -0.9981122 0.06262545 0 -0.9980371 0.680801 0 -0.7324684 -0.0072613 0 -0.9999737 0.002962296 0 -0.9999956 -0.06551681 0 -0.9978515 -0.06125086 0 -0.9981224 0.9999956 0 0.00296279 0.9978515 0 -0.06551681 0.9981224 0 -0.06125083 0.9999913 0 0.004170616 0 4.461177E-08 1 0 4.284084E-08 1 0.9981123 0 0.06141635 0.9999737 0 -0.0072613 0.9999956 0 -0.002974957 0.9980371 0 0.06262519 -1 0 0 -1 0 0 -1 0 0 -1 0 0 0 -2.155323E-09 -1 0 0 -1 0 -4.161684E-08 -1 0 -4.377216E-08 -1 0.002962296 0 -0.9999956 -0.06551681 0 -0.9978515 0.002962296 0 -0.9999956 -0.06551681 0 -0.9978515 0.06141635 0 -0.9981123 0.06262519 0 -0.9980371 -0.002974958 0 -0.9999956 -0.0072613 0 -0.9999737 0.9981123 0 0.06141637 0.9980371 0 0.06262521 0.9999737 0 -0.007261302 0.9999956 0 0.002962296 0.9978515 0 -0.06551681 0.06141637 0 -0.9981123 -0.007261302 0 -0.9999737 -0.00297496 0 -0.9999956 0.002962296 0 -0.9999956 0.004170113 0 -0.9999913 -0.06125086 0 -0.9981224 -0.06551681 0 -0.9978515 -1 0 0 -1 0 0 -1 0 0 -1 0 0 0.9999956 0 0.002962543 0.9978515 0 -0.06551681 0.9999913 0 0.004170364 0.002962296 0 -0.9999956 -0.06551681 0 -0.9978515 -0.06125086 0 -0.9981224 0.004170113 0 -0.9999913 0.0614166 0 -0.9981122 -0.0072613 0 -0.9999737 0.06262545 0 -0.9980371 0.9999956 0 0.002962296 0.9978515 0 -0.06551681 0.002962296 0 -0.9999956 0.004170113 0 -0.9999913 -0.06551681 0 -0.9978515 0.9981123 0 0.06141635 0.9980371 0 0.06262519 0.9999956 0 -0.002974958 0.9999737 0 -0.0072613 0.06141661 0 -0.9981122 0.6808012 0 -0.7324683 -0.007261302 0 -0.9999737 1 0 0 1 0 0 1 0 0 1 0 0 0 4.585796E-11 1 0 0 1 0 8.854646E-10 1 0 9.313226E-10 1 0.9999956 0 0.002962296 0.9978515 0 -0.06551681 0.9925447 0 -0.1218815 0.9981123 0 0.06141635 0.9999737 0 -0.0072613 0.9999956 0 -0.002974958 0.9980371 0 0.06262519 0.06141661 0 -0.9981122 -0.007261302 0 -0.9999737 -0.002974944 0 -0.9999956 0.9999956 0 0.002962296 0.9981224 0 -0.06125086 0.9978515 0 -0.06551681 0.9981123 0 0.06141637 0.9980371 0 0.06262521 0.9999737 0 -0.007261302 0.06141637 0 -0.9981123 -0.00297496 0 -0.9999956 -0.007261302 0 -0.9999737 0 -4.25023E-08 -1 0 -4.470348E-08 -1 0 -2.201181E-09 -1 0 0 -1 1 0 0 1 0 0 1 0 0 1 0 0 0.002962296 0 -0.9999956 -0.06551681 0 -0.9978515 0.004170113 0 -0.9999913 0.9981123 0 0.06141637 0.9999737 0 -0.007261302 0.9980371 0 0.06262521 -0.06125086 0 -0.9981224 0.9981224 0 -0.06125085 0.9925447 0 -0.1218815 0.9999956 0 -0.002974959 -0.002974943 0 -0.9999956 0.6369588 0 -0.7708979 -0.06125086 0 -0.9981224 0.9999956 0 -0.002974959 0.997961 0 -0.06382626 0.9999913 0 0.004170113 0.06262521 0 -0.9980371 0.9925447 0 -0.1218815 0.9981224 0 -0.06125085 -0.002974943 0 -0.9999956 0.680801 0 -0.7324684 0.9999913 0 0.004170113 0.9981224 0 -0.06125086 0.9925447 0 -0.1218815 0.06262546 0 -0.9980371 -0.002974944 0 -0.9999956 0.9981224 0 -0.06125086 0.9999913 0 0.004170113 0.6808012 0 -0.7324683 0.06262546 0 -0.9980371 0.9999913 0 0.004170113 0.9999956 0 -0.00297496 0.997961 0 -0.06382623 0.06262521 0 -0.9980371 -0.06125086 0 -0.9981224 0.6369588 0 -0.7708979 0.997961 0 -0.06382623 0.9999956 0 -0.00297496  
			<BiTangents>: 208 0.9999956 0 -0.002974957 -0.004170364 0 0.9999913 0.06125085 0 0.9981224 0.7708979 0 0.6369588 0 0 -1 0 0 -1 0 0 -1 0 0 -1 0.06382626 0 0.997961 0 0 -1 0 0 -1 0 0 -1 0 0 -1 -0.004170364 0 0.9999913 0.002974957 0 0.9999956 0 1 -4.470348E-08 -0.06262519 0 0.9980371 -0.002962543 0 0.9999956 0.06551681 0 0.9978515 0 0 -1 0 0 -1 0 1 -4.293256E-08 0 0 -1 0 0 -1 0 0 -1 0 0 -1 0.9981224 0 -0.06125086 0.9981224 0 -0.06125086 0 0 -1 0 0 -1 0 0 -1 0 0 -1 0.9999913 0 0.004170113 0 0 -1 0 0 -1 0 0 -1 0 0 -1 0.9999913 0 0.004170113 0.9999913 0 0.004170113 0.7708979 0 0.6369588 0 0 -1 0 0 -1 0 0 -1 0 0 -1 0.06125086 0 0.9981224 -0.06262521 0 0.9980371 0 0 -1 0 0 -1 0 0 -1 0 0 -1 -0.002962543 0 0.9999956 0.06551681 0 0.9978515 0.9999956 0 0.002962296 0.9999913 0 0.004170113 0.9978515 0 -0.06551681 -0.06141637 0 0.9981123 0.007261302 0 0.9999737 0.9981123 0 0.06141635 0.9999737 0 -0.007261299 0.9980371 0 0.06262519 0 0 -1 0 0 -1 -0.06141635 0 0.9981123 0.0072613 0 0.9999737 0.9981122 0 0.0614166 0.9980371 0 0.06262545 0.7324684 0 0.680801 0.9999737 0 -0.0072613 0.9999956 0 0.002962296 0.9978515 0 -0.06551681 0.9981224 0 -0.06125086 -0.00296279 0 0.9999956 0.06551681 0 0.9978515 0.06125083 0 0.9981224 -0.004170616 0 0.9999913 0 1 -4.461177E-08 0 1 -4.284084E-08 -0.06141635 0 0.9981123 0.0072613 0 0.9999737 0.002974957 0 0.9999956 -0.06262519 0 0.9980371 0 1 0 0 1 0 0 1 0 0 1 0 0 1 -2.155323E-09 0 1 0 0 1 -4.161684E-08 0 1 -4.377216E-08 0.9999956 0 0.002962296 0.9978515 0 -0.06551681 0.9999956 0 0.002962296 0.9978515 0 -0.06551681 0.9981123 0 0.06141635 0.9980371 0 0.06262519 0.9999956 0 -0.002974958 0.9999737 0 -0.0072613 -0.06141637 0 0.9981123 -0.06262521 0 0.9980371 0.007261302 0 0.9999737 -0.002962296 0 0.9999956 0.06551681 0 0.9978515 0.9981123 0 0.06141637 0.9999737 0 -0.007261302 0.9999956 0 -0.00297496 0.9999956 0 0.002962296 0.9999913 0 0.004170113 0.9981224 0 -0.06125086 0.9978515 0 -0.06551681 0 1 0 0 1 0 0 1 0 0 1 0 -0.002962543 0 0.9999956 0.06551681 0 0.9978515 -0.004170364 0 0.9999913 0.9999956 0 0.002962296 0.9978515 0 -0.06551681 0.9981224 0 -0.06125086 0.9999913 0 0.004170113 0.9981122 0 0.0614166 0.9999737 0 -0.0072613 0.9980371 0 0.06262545 -0.002962296 0 0.9999956 0.06551681 0 0.9978515 0.9999956 0 0.002962296 0.9999913 0 0.004170113 0.9978515 0 -0.06551681 -0.06141635 0 0.9981123 -0.06262519 0 0.9980371 0.002974958 0 0.9999956 0.0072613 0 0.9999737 0.9981122 0 0.06141661 0.7324683 0 0.6808012 0.9999737 0 -0.007261302 0 1 0 0 1 0 0 1 0 0 1 0 0 1 -4.585796E-11 0 1 0 0 1 -8.854646E-10 0 1 -9.313226E-10 -0.002962296 0 0.9999956 0.06551681 0 0.9978515 0.1218815 0 0.9925447 -0.06141635 0 0.9981123 0.0072613 0 0.9999737 0.002974958 0 0.9999956 -0.06262519 0 0.9980371 0.9981122 0 0.06141661 0.9999737 0 -0.007261302 0.9999956 0 -0.002974944 -0.002962296 0 0.9999956 0.06125086 0 0.9981224 0.06551681 0 0.9978515 -0.06141637 0 0.9981123 -0.06262521 0 0.9980371 0.007261302 0 0.9999737 0.9981123 0 0.06141637 0.9999956 0 -0.00297496 0.9999737 0 -0.007261302 0 1 -4.25023E-08 0 1 -4.470348E-08 0 1 -2.201181E-09 0 1 0 0 1 0 0 1 0 0 1 0 0 1 0 0.9999956 0 0.002962296 0.9978515 0 -0.06551681 0.9999913 0 0.004170113 -0.06141637 0 0.9981123 0.007261302 0 0.9999737 -0.06262521 0 0.9980371 0.9981224 0 -0.06125086 0.06125085 0 0.9981224 0.1218815 0 0.9925447 0.002974959 0 0.9999956 0.9999956 0 -0.002974943 0.7708979 0 0.6369588 0.9981224 0 -0.06125086 0.002974959 0 0.9999956 0.06382626 0 0.997961 -0.004170113 0 0.9999913 0.9980371 0 0.06262521 0.1218815 0 0.9925447 0.06125085 0 0.9981224 0.9999956 0 -0.002974943 0.7324684 0 0.680801 -0.004170113 0 0.9999913 0.06125086 0 0.9981224 0.1218815 0 0.9925447 0.9980371 0 0.06262546 0.9999956 0 -0.002974944 0.06125086 0 0.9981224 -0.004170113 0 0.9999913 0.7324683 0 0.6808012 0.9980371 0 0.06262546 -0.004170113 0 0.9999913 0.00297496 0 0.9999956 0.06382623 0 0.997961 0.9980371 0 0.06262521 0.9981224 0 -0.06125086 0.7708979 0 0.6369588 0.06382623 0 0.997961 0.00297496 0 0.9999956  
			<SubMeshes>: 1
				<SubMesh>: 0 288 7 4 5 7 5 6 50 1 2 50 2 51 52 53 3 52 176 54 12 11 10 12 10 9 17 13 177 17 178 18 55 56 8 55 179 45 57 58 0 57 0 59 20 60 61 20 61 19 62 16 14 62 14 63 64 65 66 64 180 67 25 24 23 25 23 22 68 69 70 68 181 37 71 72 73 71 73 74 75 15 21 75 21 76 77 78 79 77 79 80 31 28 29 31 29 30 36 35 34 36 34 33 81 82 83 81 83 84 85 86 87 85 87 88 89 90 26 89 26 32 43 40 41 43 41 42 91 38 39 91 182 92 49 48 47 49 47 46 93 94 95 93 95 96 97 98 183 97 184 99 100 101 44 100 44 185 102 103 104 102 104 186 105 106 107 105 107 108 109 110 111 109 111 112 113 114 187 113 188 115 116 117 118 116 118 119 120 121 189 120 190 122 123 191 192 123 193 124 125 126 27 125 27 127 128 129 130 128 130 131 132 194 133 132 195 134 135 136 137 135 137 138 139 140 141 139 141 142 143 144 145 143 196 197 146 147 148 146 148 149 150 151 152 150 198 199 153 200 154 153 154 155 156 157 201 156 202 158 159 203 160 159 160 161 162 163 164 162 164 165 166 167 168 166 168 169 170 171 204 170 205 172 173 174 206 173 207 175  
		</Mesh>
		<Materials>: 1
			<Material>: 0
				<AlbedoColor>: 1 1 1 1
				<EmissiveColor>: 0 0 0 0
				<Glossiness>: 0.04
				<Metallic>: 0
				<SpecularHighlight>: 1
				<GlossyReflection>: 1
				<AlbedoMap>: BLD_Villa2_A
				<MetallicMap>: BLD_Villa2_MS
				<NormalMap>: BLD_Villa2_N
				<EmissionMap>: null
				<DetailAlbedoMap>: DET_Concrete1_A
				<DetailNormalMap>: DET_Concrete1_N
		</Materials>
		<Children>: 0
	</Frame>
</Hierarchy>
