<Hierarchy>:
	<Frame>: 0 5 Villa1_Floor_Mid_A_4x
		<Transform>: 0 0 0 0 0 0 1 1 1 0 0 0 1  
		<TransformMatrix>: 1 0 0 0 0 1 0 0 0 0 1 0 0 0 0 1  
		<BoxCollider>: 1 4 -0.09649982 4 8.000002 0.2130008 8  
		<Mesh>: 196 Villa1_Floor_Mid_A_4x
			<Bounds>: 4 -0.09649982 4 4.000001 0.1065004 4
			<Positions>: 196 4.000001 0.01000057 8 -9.536743E-07 -0.2029999 8 9.536743E-07 0.01000057 8 -9.536743E-07 -0.203 4 3.840001 0.01000056 7.84 3.840001 0.0100004 4.16 0.1600008 0.0100004 4.16 0.1600008 0.01000056 7.84 3.839999 -0.2029999 7.84 3.839999 -0.203 4.16 0.1599989 -0.203 4.16 0.1599989 -0.2029999 7.84 7.999999 -0.2029999 8 8.000001 0.01000057 8 3.999999 -0.2029999 8 7.840001 0.01000056 7.84 7.840001 0.0100004 4.16 4.160001 0.0100004 4.16 4.160001 0.01000056 7.84 7.839999 -0.2029999 7.84 7.839999 -0.203 4.16 4.159999 -0.203 4.16 4.159999 -0.2029999 7.84 4.000001 0.01000039 4 3.999999 -0.2030002 8.873421E-09 9.536743E-07 0.01000039 4 -9.536743E-07 -0.2030002 8.873421E-09 9.536743E-07 0.01000022 -4.371234E-10 3.840001 0.01000039 3.84 3.840001 0.01000022 0.1599998 0.1600008 0.01000022 0.1599998 0.1600008 0.01000039 3.84 3.839999 -0.203 3.84 3.839999 -0.2030002 0.1599999 0.1599989 -0.2030002 0.1599999 0.1599989 -0.203 3.84 7.999999 -0.203 4 8.000001 0.01000039 4 7.999999 -0.2030002 2.47292E-07 8.000001 0.01000022 2.379815E-07 3.999999 -0.203 4 4.000001 0.01000022 -4.370665E-10 7.840001 0.01000039 3.84 7.840001 0.01000022 0.1600001 4.160001 0.01000022 0.1599999 4.160001 0.01000039 3.84 7.839999 -0.203 3.84 7.839999 -0.2030002 0.1600001 4.159999 -0.2030002 0.1599999 4.159999 -0.203 3.84 0.1599989 -0.2029999 7.84 0.1599989 -0.203 4.16 3.839999 -0.203 4.16 3.839999 -0.2029999 7.84 0.1600008 0.01000056 7.84 3.840001 0.01000056 7.84 3.839999 -0.2029999 7.84 3.839999 -0.203 4.16 3.999999 -0.203 4 3.999999 -0.2029999 8 0.1600008 0.0100004 4.16 4.159999 -0.2029999 7.84 7.839999 -0.2029999 7.84 3.840001 0.0100004 4.16 3.840001 0.01000056 7.84 4.000001 0.01000057 8 4.000001 0.01000039 4 3.840001 0.0100004 4.16 0.1600008 0.01000022 0.1599998 9.536743E-07 0.01000039 4 0.1600008 0.01000039 3.84 3.840001 0.01000039 3.84 3.839999 -0.2030002 0.1599999 0.1599989 -0.2030002 0.1599999 9.536743E-07 0.01000057 8 -9.536743E-07 -0.2029999 8 3.999999 -0.2029999 8 4.000001 0.01000057 8 9.536743E-07 0.01000039 4 -9.536743E-07 -0.203 4 -9.536743E-07 -0.2029999 8 9.536743E-07 0.01000057 8 7.840001 0.01000039 3.84 8.000001 0.01000039 4 8.000001 0.01000022 2.379815E-07 7.840001 0.01000022 0.1600001 7.840001 0.01000022 0.1600001 8.000001 0.01000022 2.379815E-07 4.160001 0.01000022 0.1599999 7.839999 -0.203 3.84 7.839999 -0.2030002 0.1600001 7.999999 -0.2030002 2.47292E-07 7.999999 -0.203 4 4.159999 -0.203 3.84 7.839999 -0.203 3.84 7.999999 -0.203 4 7.999999 -0.2029999 8 7.999999 -0.203 4 8.000001 0.01000039 4 4.000001 0.01000057 8 3.999999 -0.2029999 8 7.999999 -0.2029999 8 8.000001 0.01000057 8 7.840001 0.01000056 7.84 8.000001 0.01000057 8 8.000001 0.01000039 4 7.840001 0.0100004 4.16 7.840001 0.0100004 4.16 4.160001 0.0100004 4.16 4.160001 0.01000056 7.84 8.000001 0.01000057 8 7.840001 0.01000056 7.84 7.839999 -0.2029999 7.84 7.839999 -0.203 4.16 7.999999 -0.2029999 8 7.839999 -0.203 4.16 4.159999 -0.203 4.16 4.000001 0.01000022 -4.370665E-10 3.999999 -0.2030002 8.873421E-09 -9.536743E-07 -0.2030002 8.873421E-09 9.536743E-07 0.01000022 -4.371234E-10 9.536743E-07 0.01000022 -4.371234E-10 -9.536743E-07 -0.2030002 8.873421E-09 -9.536743E-07 -0.203 4 9.536743E-07 0.01000039 4 3.840001 0.01000039 3.84 3.840001 0.01000022 0.1599998 3.840001 0.01000022 0.1599998 4.000001 0.01000022 -4.370665E-10 3.839999 -0.203 3.84 3.839999 -0.2030002 0.1599999 3.999999 -0.2030002 8.873421E-09 0.1599989 -0.203 3.84 -9.536743E-07 -0.203 4 3.839999 -0.203 3.84 8.000001 0.01000022 2.379815E-07 7.999999 -0.2030002 2.47292E-07 3.999999 -0.2030002 8.873421E-09 4.000001 0.01000022 -4.370665E-10 4.160001 0.01000039 3.84 7.840001 0.01000039 3.84 7.839999 -0.2030002 0.1600001 4.159999 -0.2030002 0.1599999 7.999999 -0.2030002 2.47292E-07 0.1599989 -0.203 4.16 0.1599989 -0.2029999 7.84 -9.536743E-07 -0.2029999 8 -9.536743E-07 -0.203 4 3.999999 -0.203 4 9.536743E-07 0.01000057 8 0.1600008 0.01000056 7.84 3.999999 -0.2029999 8 9.536743E-07 0.01000039 4 0.1600008 0.0100004 4.16 4.000001 0.01000039 4 0.1600008 0.01000039 3.84 9.536743E-07 0.01000039 4 4.000001 0.01000039 4 3.999999 -0.203 4 8.000001 0.01000039 4 4.000001 0.01000039 4 4.160001 0.0100004 4.16 4.000001 0.01000039 4 4.000001 0.01000057 8 4.160001 0.01000056 7.84 4.000001 0.01000057 8 7.999999 -0.203 4 3.999999 -0.203 4 7.999999 -0.203 4 4.159999 -0.203 4.16 4.159999 -0.2029999 7.84 3.999999 -0.2029999 8 3.999999 -0.203 4 4.000001 0.01000039 4 4.000001 0.01000022 -4.370665E-10 4.000001 0.01000022 -4.370665E-10 9.536743E-07 0.01000022 -4.371234E-10 0.1600008 0.01000022 0.1599998 3.999999 -0.2030002 8.873421E-09 3.999999 -0.203 4 0.1599989 -0.2030002 0.1599999 -9.536743E-07 -0.2030002 8.873421E-09 0.1599989 -0.203 3.84 3.999999 -0.203 4 -9.536743E-07 -0.203 4 4.160001 0.01000022 0.1599999 4.000001 0.01000022 -4.370665E-10 4.000001 0.01000039 4 4.160001 0.01000039 3.84 4.000001 0.01000039 4 8.000001 0.01000039 4 3.999999 -0.2030002 8.873421E-09 4.159999 -0.2030002 0.1599999 4.159999 -0.203 3.84 3.999999 -0.203 4 3.999999 -0.2030002 8.873421E-09  
			<Colors>: 0  
			<TextureCoords0>: 196 0.4213867 0.001464844 0.4213867 0.1865234 0.4213867 0.1865234 0.4213867 0.001464844 0.4108519 0.0280019 0.4108519 0.1919421 0.5781655 0.191942 0.5781655 0.02800184 0.4316406 0.008789063 0.4316406 0.1787109 0.4316406 0.008789063 0.4316406 0.1791992 0.4213867 0.001464844 0.5996094 0.4501953 0.4213867 0.001464844 0.4182936 0.175476 0.4182936 0.01153576 0.5826828 0.01153588 0.5826828 0.175476 0.4182936 0.175476 0.4182936 0.01153576 0.5826828 0.01153588 0.5826828 0.175476 0.4213867 0.1865234 0.4213867 0.1865234 0.4213867 0.001464844 0.4213867 0.001464844 0.4213867 0.001464844 0.4182936 0.175476 0.4182936 0.01153576 0.5826828 0.01153588 0.5826828 0.175476 0.4182936 0.175476 0.4182936 0.01153576 0.5826828 0.01153588 0.5826828 0.175476 0.5996094 0.4648438 0.5996094 0.4501953 0.4003906 0.4648438 0.4003906 0.4501953 0.4213867 0.1865234 0.4213867 0.001464844 0.4108519 0.0280019 0.4108519 0.1919421 0.5781655 0.191942 0.5781655 0.02800184 0.5898033 0.175476 0.5898033 0.01153576 0.4206988 0.01153588 0.4206989 0.175476 0.4206989 0.175476 0.4206988 0.01153588 0.5898033 0.01153576 0.5898033 0.175476 0.4316406 0.1791992 0.4316406 0.008789063 0.4316406 0.1782227 0.4316406 0.008789063 0.4213867 0.001464844 0.4213867 0.1860352 0.4316406 0.008789063 0.4316406 0.1791992 0.4316406 0.008789063 0.4316406 0.1787109 0.4316406 0.1782227 0.4213867 0.1860352 0.4213867 0.001464844 0.4316406 0.008789063 0.4316406 0.008789063 0.4213867 0.1860352 0.4316406 0.1782227 0.4316406 0.008789063 0.4316406 0.1787109 0.4316406 0.008789063 0.4003906 0.4648438 0.4003906 0.4501953 0.5996094 0.4501953 0.5996094 0.4648438 0.5996094 0.4501953 0.5996094 0.4648438 0.4003906 0.4648438 0.4003906 0.4501953 0.4316406 0.1782227 0.4213867 0.1860352 0.4213867 0.001464844 0.4316406 0.008789063 0.4316406 0.1787109 0.4213867 0.1865234 0.4316406 0.008789063 0.4316406 0.1782227 0.4316406 0.008789063 0.4213867 0.001464844 0.4213867 0.1860352 0.4316406 0.1791992 0.4316406 0.008789063 0.4213867 0.001464844 0.5996094 0.4648438 0.4003906 0.4648438 0.4003906 0.4501953 0.4003906 0.4648438 0.4003906 0.4501953 0.5996094 0.4501953 0.5996094 0.4648438 0.4316406 0.1782227 0.4213867 0.1860352 0.4213867 0.001464844 0.4316406 0.008789063 0.4316406 0.1787109 0.4316406 0.008789063 0.4316406 0.1782227 0.4213867 0.001464844 0.4316406 0.008789063 0.4316406 0.1782227 0.4316406 0.008789063 0.4213867 0.1860352 0.4316406 0.1787109 0.4316406 0.008789063 0.5996094 0.4501953 0.5996094 0.4648438 0.4003906 0.4648438 0.4003906 0.4501953 0.5996094 0.4501953 0.5996094 0.4648438 0.4003906 0.4648438 0.4003906 0.4501953 0.4316406 0.1782227 0.4316406 0.008789063 0.4316406 0.1787109 0.4213867 0.1865234 0.4316406 0.1782227 0.4316406 0.008789063 0.4213867 0.001464844 0.4316406 0.1782227 0.4213867 0.1860352 0.4316406 0.008789063 0.5996094 0.4501953 0.5996094 0.4648438 0.4003906 0.4648438 0.4003906 0.4501953 0.4316406 0.1782227 0.4316406 0.008789063 0.4316406 0.1787109 0.4316406 0.008789063 0.4213867 0.1865234 0.4316406 0.008789063 0.4316406 0.1782227 0.4213867 0.1860352 0.4213867 0.001464844 0.4213867 0.001464844 0.4213867 0.1860352 0.4316406 0.1782227 0.4213867 0.1865234 0.4213867 0.001464844 0.4316406 0.008789063 0.4213867 0.001464844 0.4316406 0.1791992 0.4213867 0.1865234 0.4213867 0.001464844 0.4213867 0.1865234 0.4213867 0.1865234 0.4213867 0.001464844 0.4316406 0.008789063 0.4213867 0.001464844 0.4213867 0.1860352 0.4316406 0.1791992 0.4213867 0.1865234 0.4213867 0.001464844 0.4213867 0.001464844 0.4213867 0.1865234 0.4316406 0.008789063 0.4316406 0.1782227 0.4213867 0.1860352 0.4213867 0.001464844 0.4213867 0.1860352 0.4213867 0.001464844 0.4213867 0.001464844 0.4213867 0.001464844 0.4316406 0.008789063 0.4213867 0.001464844 0.4213867 0.1860352 0.4316406 0.008789063 0.4213867 0.001464844 0.4316406 0.1791992 0.4213867 0.001464844 0.4213867 0.1865234 0.4316406 0.008789063 0.4213867 0.001464844 0.4213867 0.1860352 0.4316406 0.1791992 0.4213867 0.1865234 0.4213867 0.001464844 0.4213867 0.001464844 0.4316406 0.008789063 0.4316406 0.1782227 0.4213867 0.1860352 0.4213867 0.001464844  
			<TextureCoords1>: 196 0.4926518 0.751721 0.00390625 0.5034421 0.4926516 0.9960935 0.248279 0.5034418 0.4828769 0.7614961 0.258054 0.7614959 0.2580542 0.9863186 0.4828767 0.9863186 0.01368139 0.268844 0.238504 0.2688442 0.2385041 0.4936669 0.01368116 0.4936671 0.003906423 0.01469654 0.4965582 0.9492426 0.003906351 0.2590691 0.4828768 0.5171235 0.258054 0.5171235 0.2580539 0.741946 0.4828769 0.7419461 0.01368141 0.0244714 0.2385042 0.02447164 0.2385041 0.2492943 0.0136812 0.2492942 0.248279 0.7517211 0.4926516 0.2590693 0.2482793 0.9960937 0.4926516 0.5034418 0.003906297 0.9960938 0.2385042 0.761496 0.01368112 0.7614958 0.0136812 0.9863188 0.2385042 0.9863188 0.258054 0.2688442 0.4828767 0.2688442 0.4828766 0.4936669 0.2580539 0.4936668 0.7409307 0.9622555 0.7409306 0.9492426 0.9853033 0.9622555 0.9853033 0.9492426 0.248279 0.2590693 0.00390625 0.7517209 0.2385042 0.5171234 0.01368154 0.5171232 0.01368119 0.7419459 0.2385041 0.7419462 0.258054 0.02447146 0.4828766 0.0244714 0.4828765 0.2492943 0.258054 0.2492943 0.01368116 0.4936671 0.2385041 0.4936669 0.238504 0.2688442 0.01368139 0.268844 0.4828767 0.9863186 0.4828769 0.7614961 0.01368139 0.268844 0.238504 0.2688442 0.248279 0.2590693 0.003906351 0.2590691 0.2580542 0.9863186 0.0136812 0.2492942 0.01368141 0.0244714 0.258054 0.7614959 0.4828769 0.7614961 0.4926518 0.751721 0.248279 0.7517211 0.258054 0.7614959 0.0136812 0.9863188 0.2482793 0.9960937 0.2385042 0.9863188 0.2385042 0.761496 0.4828767 0.2688442 0.4828766 0.4936669 0.4965581 0.9323235 0.4965581 0.9453363 0.7409307 0.9453363 0.7409307 0.9323235 0.7409307 0.9661617 0.7409307 0.9791746 0.9853034 0.9791746 0.9853035 0.9661617 0.2385042 0.5171234 0.2482791 0.5073485 0.003906647 0.5073484 0.01368154 0.5171232 0.01368154 0.5171232 0.003906647 0.5073484 0.01368119 0.7419459 0.258054 0.02447146 0.4828766 0.0244714 0.4926515 0.01469642 0.2482791 0.0146966 0.258054 0.2492943 0.258054 0.02447146 0.2482791 0.0146966 0.4965581 0.9622555 0.7409307 0.9622555 0.7409306 0.9492426 0.7409307 0.9323235 0.7409307 0.9453363 0.9853032 0.9453363 0.9853032 0.9323235 0.4828768 0.5171235 0.4926517 0.5073486 0.2482791 0.5073485 0.258054 0.5171235 0.258054 0.5171235 0.2580539 0.741946 0.4828769 0.7419461 0.4926517 0.5073486 0.4828768 0.5171235 0.01368141 0.0244714 0.2385042 0.02447164 0.003906423 0.01469654 0.2385042 0.02447164 0.2385041 0.2492943 0.7409307 0.9830809 0.7409308 0.9960938 0.9853035 0.9960938 0.9853035 0.9830809 0.4965581 0.9661618 0.4965582 0.9791746 0.7409307 0.9791746 0.7409307 0.9661617 0.2385042 0.761496 0.01368112 0.7614958 0.01368112 0.7614958 0.00390625 0.7517209 0.258054 0.2688442 0.4828767 0.2688442 0.4926516 0.2590693 0.2580539 0.4936668 0.248279 0.5034418 0.258054 0.2688442 0.4965581 0.9830809 0.4965581 0.9960938 0.7409308 0.9960938 0.7409307 0.9830809 0.2385041 0.7419462 0.2385042 0.5171234 0.4828766 0.0244714 0.4828765 0.2492943 0.4926515 0.01469642 0.2385041 0.4936669 0.01368116 0.4936671 0.00390625 0.5034421 0.248279 0.5034418 0.248279 0.2590693 0.4926516 0.9960935 0.4828767 0.9863186 0.003906351 0.2590691 0.2482793 0.9960937 0.2580542 0.9863186 0.248279 0.7517211 0.2385042 0.9863188 0.2482793 0.9960937 0.248279 0.7517211 0.248279 0.2590693 0.2482791 0.5073485 0.248279 0.7517211 0.2580539 0.741946 0.248279 0.7517211 0.4926518 0.751721 0.4828769 0.7419461 0.4926518 0.751721 0.2482791 0.0146966 0.248279 0.2590693 0.2482791 0.0146966 0.2385041 0.2492943 0.0136812 0.2492942 0.003906351 0.2590691 0.248279 0.2590693 0.248279 0.7517211 0.00390625 0.7517209 0.00390625 0.7517209 0.003906297 0.9960938 0.0136812 0.9863188 0.4926516 0.2590693 0.248279 0.2590693 0.4828766 0.4936669 0.4926516 0.5034418 0.2580539 0.4936668 0.248279 0.2590693 0.248279 0.5034418 0.01368119 0.7419459 0.00390625 0.7517209 0.248279 0.7517211 0.2385041 0.7419462 0.248279 0.7517211 0.2482791 0.5073485 0.4926516 0.2590693 0.4828765 0.2492943 0.258054 0.2492943 0.248279 0.2590693 0.4926516 0.2590693  
			<Normals>: 196 0 1 0 0 -1 0 0 1 0 0 -1 0 0 1 0 0 1 0 0 1 0 0 1 0 0 -1 0 0 -1 0 0 -1 0 0 -1 0 0 -1 0 1 0 0 0 -1 0 0 1 0 0 1 0 0 1 0 0 1 0 0 -1 0 0 -1 0 0 -1 0 0 -1 0 0 1 0 0 -1 0 0 1 0 0 -1 0 0 1 0 0 1 0 0 1 0 0 1 0 0 1 0 0 -1 0 0 -1 0 0 -1 0 0 -1 0 1 0 0 1 0 0 1 0 0 1 0 0 0 -1 0 0 1 0 0 1 0 0 1 0 0 1 0 0 1 0 0 -1 0 0 -1 0 0 -1 0 0 -1 0 0 -1 0 0 -1 0 0 -1 0 0 -1 0 0 1 0 0 1 0 0 -1 0 0 -1 0 0 -1 0 0 -1 0 0 1 0 0 -1 0 0 -1 0 0 1 0 0 1 0 0 1 0 0 1 0 0 1 0 0 1 0 0 1 0 0 1 0 0 1 0 0 -1 0 0 -1 0 0 0 1 0 0 1 0 0 1 0 0 1 -1 0 0 -1 0 0 -1 0 0 -1 0 0 0 1 0 0 1 0 0 1 0 0 1 0 0 1 0 0 1 0 0 1 0 0 -1 0 0 -1 0 0 -1 0 0 -1 0 0 -1 0 0 -1 0 0 -1 0 1 0 0 1 0 0 1 0 0 0 0 1 0 0 1 0 0 1 0 0 1 0 1 0 0 1 0 0 1 0 0 1 0 0 1 0 0 1 0 0 1 0 0 1 0 0 1 0 0 -1 0 0 -1 0 0 -1 0 0 -1 0 0 -1 0 0 0 -1 0 0 -1 0 0 -1 0 0 -1 -1 0 0 -1 0 0 -1 0 0 -1 0 0 0 1 0 0 1 0 0 1 0 0 1 0 0 -1 0 0 -1 0 0 -1 0 0 -1 0 0 -1 0 0 -1 0 0 0 -1 0 0 -1 0 0 -1 0 0 -1 0 1 0 0 1 0 0 -1 0 0 -1 0 0 -1 0 0 -1 0 0 -1 0 0 -1 0 0 -1 0 0 -1 0 0 1 0 0 1 0 0 -1 0 0 1 0 0 1 0 0 1 0 0 1 0 0 1 0 0 1 0 0 -1 0 0 1 0 0 1 0 0 1 0 0 1 0 0 1 0 0 1 0 0 1 0 0 -1 0 0 -1 0 0 -1 0 0 -1 0 0 -1 0 0 -1 0 0 -1 0 0 1 0 0 1 0 0 1 0 0 1 0 0 1 0 0 -1 0 0 -1 0 0 -1 0 0 -1 0 0 -1 0 0 -1 0 0 -1 0 0 1 0 0 1 0 0 1 0 0 1 0 0 1 0 0 1 0 0 -1 0 0 -1 0 0 -1 0 0 -1 0 0 -1 0  
			<Tangents>: 196 -0.010198 0 -0.999948 0.01055256 0 -0.9999443 0.01055256 0 -0.9999443 0.7347652 0 0.6783215 -1 0 -4.931509E-07 -1 0 -6.10151E-07 -1 0 -7.271512E-07 -1 0 -6.101511E-07 -0.01145954 0 -0.9999343 0.05456702 0 0.9985101 0.7346696 0 0.6784251 0.01019386 0 -0.999948 -0.010198 0 -0.999948 0 4.467194E-08 1 -0.010198 0 -0.999948 -1 0 -4.931509E-07 -1 0 -6.101511E-07 -1 0 -7.271512E-07 -1 0 -6.101511E-07 -1 0 -3.635755E-07 -1 0 -5.453634E-07 -1 0 -7.271514E-07 -1 0 -5.453634E-07 0.6795018 0 0.7336739 0.05532511 0 0.9984684 0.7347628 0 0.678324 0.7347652 0 0.6783215 0.7347652 0 0.6783215 -1 0 -3.635755E-07 -1 0 -5.453634E-07 -1 0 -7.271512E-07 -1 0 -5.453634E-07 -1 0 -3.635755E-07 -1 0 -5.453634E-07 -1 0 -7.271514E-07 -1 0 -5.453634E-07 0 4.470349E-08 1 0 4.466406E-08 1 0 4.357876E-08 1 0 4.353933E-08 1 0.6795024 0 0.7336733 0.7347651 0 0.6783216 -1 0 -4.283632E-07 -1 0 -6.10151E-07 -1 0 -7.919389E-07 -1 0 -6.10151E-07 1 0 4.283632E-07 1 0 6.101511E-07 1 0 7.91939E-07 1 0 6.101511E-07 1 0 5.453634E-07 1 0 7.271514E-07 1 0 5.453634E-07 1 0 3.635755E-07 0.01019386 0 -0.999948 -0.01145954 0 -0.9999343 -0.9983596 0 0.05725456 -0.9999834 0 0.005762563 -0.9999615 0 0.008772066 -0.9983106 0 0.05810374 0.7346689 0 0.6784258 0.01019386 0 -0.999948 -0.01145954 0 -0.9999343 0.05456686 0 0.9985101 -0.9983596 0 0.05725474 -0.9983106 0 0.05810386 -0.720696 0 0.6932512 -0.9999834 0 0.005765542 0.7346695 0 0.6784251 0.9983515 0 0.05739698 0.9981737 0 0.06040917 -0.01145954 0 -0.9999343 0.05456702 0 0.9985101 0.7346696 0 0.6784251 1 0 0 1 0 0 1 0 0 1 0 0 0 -4.467194E-08 -1 0 -4.470348E-08 -1 0 -4.38037E-08 -1 0 -4.377216E-08 -1 -0.9983596 0 0.05725444 -0.9983106 0 0.05810361 -0.9999615 0 0.00877218 -0.9999834 0 0.005762691 0.05456702 0 0.9985101 0.05532511 0 0.9984684 0.7346695 0 0.6784252 -0.9983596 0 0.05725596 -0.9999834 0 0.005762563 -0.9999615 0 0.008772148 -0.9983104 0 0.05810516 0.01019386 0 -0.999948 -0.01145956 0 -0.9999343 -0.01019801 0 -0.999948 0 4.470348E-08 1 0 4.38037E-08 1 0 4.377216E-08 1 1 0 0 1 0 0 1 0 0 1 0 0 -0.9983596 0 0.05725465 -0.9983106 0 0.0581038 -0.9999615 0 0.008773477 -0.9999834 0 0.005764052 0.05456693 0 0.9985101 0.734669 0 0.6784257 0.9981739 0 0.0604062 -0.010198 0 -0.999948 -0.01145954 0 -0.9999343 -0.9983596 0 0.05725456 -0.9999834 0 0.005762563 -0.9983106 0 0.05810374 0.05456702 0 0.9985101 0.7346696 0 0.6784251 1 0 0 1 0 0 1 0 0 1 0 0 0 -4.466406E-08 -1 0 -4.470348E-08 -1 0 -4.357876E-08 -1 0 -4.353933E-08 -1 -0.9983596 0 0.05725444 -0.9999834 0 0.005762691 0.05456702 0 0.9985101 0.05532511 0 0.9984684 -0.9983596 0 0.05725456 -0.9999834 0 0.005762563 -0.9999615 0 0.008772066 0.9981737 0 0.0604093 0.9983515 0 0.0573971 -0.01145954 0 -0.9999343 1 0 0 1 0 0 1 0 0 1 0 0 0.9981737 0 0.06040917 -0.01145954 0 -0.9999343 0.05456702 0 0.9985101 0.7346696 0 0.6784251 0.05532511 0 0.9984684 0.7346696 0 0.6784251 0.9981737 0 0.0604093 0.9983515 0 0.0573971 0.7347652 0 0.6783215 -0.7206984 0 0.6932488 0.9983515 0 0.05739715 0.9981737 0 0.06040917 0.01055256 0 -0.9999443 0.7347628 0 0.678324 0.7346689 0 0.6784258 -0.9999615 0 0.008774888 0.01019386 0 -0.999948 0.01055256 0 -0.9999443 -0.010198 0 -0.999948 0.01055256 0 -0.9999443 0.05532502 0 0.9984684 0.734763 0 0.678324 0.734669 0 0.6784257 0.734763 0 0.678324 0.9983516 0 0.05739434 0.01019383 0 -0.999948 0.01055253 0 -0.9999443 -0.9999615 0 0.008772066 0.7151298 0 0.6989917 0.05532511 0 0.9984684 0.7346696 0 0.6784251 0.9981737 0 0.0604093 0.9983515 0 0.0573971 0.7347652 0 0.6783215 -0.9983106 0 0.05810361 -0.7206983 0 0.6932488 -0.9999615 0 0.00877218 0.7347652 0 0.6783215 0.7346695 0 0.6784251 -0.7206984 0 0.6932488 -0.9983106 0 0.05810374 0.7346696 0 0.6784251 0.7347652 0 0.6783215 0.01019386 0 -0.999948 -0.010198 0 -0.999948 0.01055256 0 -0.9999443 0.7346695 0 0.6784252 0.7347651 0 0.6783216 0.6795018 0 0.7336739 0.01019386 0 -0.999948 0.01055256 0 -0.9999443 -0.010198 0 -0.999948 0.7151297 0 0.6989917 0.7346696 0 0.6784251 0.9981737 0 0.0604093 0.6795024 0 0.7336733 0.7347652 0 0.6783215  
			<BiTangents>: 196 0.999948 0 -0.010198 0.9999443 0 0.01055256 0.9999443 0 0.01055256 -0.6783215 0 0.7347652 -4.931509E-07 0 1 -6.10151E-07 0 1 -7.271512E-07 0 1 -6.101511E-07 0 1 0.9999343 0 -0.01145954 -0.9985101 0 0.05456702 -0.6784251 0 0.7346696 0.999948 0 0.01019386 0.999948 0 -0.010198 0 1 -4.467194E-08 0.999948 0 -0.010198 4.931509E-07 0 -1 6.101511E-07 0 -1 7.271512E-07 0 -1 6.101511E-07 0 -1 3.635755E-07 0 -1 5.453634E-07 0 -1 7.271514E-07 0 -1 5.453634E-07 0 -1 -0.7336739 0 0.6795018 -0.9984684 0 0.05532511 0.678324 0 -0.7347628 -0.6783215 0 0.7347652 0.6783215 0 -0.7347652 3.635755E-07 0 -1 5.453634E-07 0 -1 7.271512E-07 0 -1 5.453634E-07 0 -1 3.635755E-07 0 -1 5.453634E-07 0 -1 7.271514E-07 0 -1 5.453634E-07 0 -1 0 1 -4.470349E-08 0 1 -4.466406E-08 0 1 -4.357876E-08 0 1 -4.353933E-08 -0.7336733 0 0.6795024 -0.6783216 0 0.7347651 -4.283632E-07 0 1 -6.10151E-07 0 1 -7.919389E-07 0 1 -6.10151E-07 0 1 4.283632E-07 0 -1 6.101511E-07 0 -1 7.91939E-07 0 -1 6.101511E-07 0 -1 5.453634E-07 0 -1 7.271514E-07 0 -1 5.453634E-07 0 -1 3.635755E-07 0 -1 0.999948 0 0.01019386 0.9999343 0 -0.01145954 -0.05725456 0 -0.9983596 -0.005762563 0 -0.9999834 -0.008772066 0 -0.9999615 -0.05810374 0 -0.9983106 0.6784258 0 -0.7346689 0.999948 0 0.01019386 0.9999343 0 -0.01145954 -0.9985101 0 0.05456686 -0.05725474 0 -0.9983596 -0.05810386 0 -0.9983106 -0.6932512 0 -0.720696 -0.005765542 0 -0.9999834 0.6784251 0 -0.7346695 0.05739698 0 -0.9983515 0.06040917 0 -0.9981737 0.9999343 0 -0.01145954 -0.9985101 0 0.05456702 -0.6784251 0 0.7346696 0 -1 0 0 -1 0 0 -1 0 0 -1 0 0 1 -4.467194E-08 0 1 -4.470348E-08 0 1 -4.38037E-08 0 1 -4.377216E-08 -0.05725444 0 -0.9983596 -0.05810361 0 -0.9983106 -0.00877218 0 -0.9999615 -0.005762691 0 -0.9999834 -0.9985101 0 0.05456702 -0.9984684 0 0.05532511 -0.6784252 0 0.7346695 -0.05725596 0 -0.9983596 -0.005762563 0 -0.9999834 -0.008772148 0 -0.9999615 -0.05810516 0 -0.9983104 0.999948 0 0.01019386 0.9999343 0 -0.01145956 0.999948 0 -0.01019801 0 1 -4.470348E-08 0 1 -4.38037E-08 0 1 -4.377216E-08 0 -1 0 0 -1 0 0 -1 0 0 -1 0 -0.05725465 0 -0.9983596 -0.0581038 0 -0.9983106 -0.008773477 0 -0.9999615 -0.005764052 0 -0.9999834 -0.9985101 0 0.05456693 -0.6784257 0 0.734669 0.0604062 0 -0.9981739 0.999948 0 -0.010198 0.9999343 0 -0.01145954 -0.05725456 0 -0.9983596 -0.005762563 0 -0.9999834 -0.05810374 0 -0.9983106 -0.9985101 0 0.05456702 -0.6784251 0 0.7346696 0 1 0 0 1 0 0 1 0 0 1 0 0 1 -4.466406E-08 0 1 -4.470348E-08 0 1 -4.357876E-08 0 1 -4.353933E-08 -0.05725444 0 -0.9983596 -0.005762691 0 -0.9999834 -0.9985101 0 0.05456702 -0.9984684 0 0.05532511 -0.05725456 0 -0.9983596 -0.005762563 0 -0.9999834 -0.008772066 0 -0.9999615 0.0604093 0 -0.9981737 0.0573971 0 -0.9983515 0.9999343 0 -0.01145954 0 1 0 0 1 0 0 1 0 0 1 0 0.06040917 0 -0.9981737 0.9999343 0 -0.01145954 -0.9985101 0 0.05456702 -0.6784251 0 0.7346696 -0.9984684 0 0.05532511 0.6784251 0 -0.7346696 0.0604093 0 -0.9981737 0.0573971 0 -0.9983515 0.6783215 0 -0.7347652 -0.6932488 0 -0.7206984 0.05739715 0 -0.9983515 0.06040917 0 -0.9981737 0.9999443 0 0.01055256 -0.678324 0 0.7347628 -0.6784258 0 0.7346689 -0.008774888 0 -0.9999615 0.999948 0 0.01019386 0.9999443 0 0.01055256 0.999948 0 -0.010198 0.9999443 0 0.01055256 -0.9984684 0 0.05532502 -0.678324 0 0.734763 0.6784257 0 -0.734669 0.678324 0 -0.734763 0.05739434 0 -0.9983516 0.999948 0 0.01019383 0.9999443 0 0.01055253 -0.008772066 0 -0.9999615 -0.6989917 0 0.7151298 -0.9984684 0 0.05532511 0.6784251 0 -0.7346696 0.0604093 0 -0.9981737 0.0573971 0 -0.9983515 0.6783215 0 -0.7347652 -0.05810361 0 -0.9983106 -0.6932488 0 -0.7206983 -0.00877218 0 -0.9999615 -0.6783215 0 0.7347652 -0.6784251 0 0.7346695 -0.6932488 0 -0.7206984 -0.05810374 0 -0.9983106 0.6784251 0 -0.7346696 0.6783215 0 -0.7347652 0.999948 0 0.01019386 0.999948 0 -0.010198 0.9999443 0 0.01055256 0.6784252 0 -0.7346695 0.6783216 0 -0.7347651 0.7336739 0 -0.6795018 0.999948 0 0.01019386 0.9999443 0 0.01055256 0.999948 0 -0.010198 -0.6989917 0 0.7151297 0.6784251 0 -0.7346696 0.0604093 0 -0.9981737 0.7336733 0 -0.6795024 0.6783215 0 -0.7347652  
			<SubMeshes>: 1
				<SubMesh>: 0 288 11 8 14 11 14 1 9 10 3 9 3 40 50 51 52 50 52 53 7 4 5 7 5 6 54 2 0 54 0 55 144 145 146 144 146 147 56 57 58 56 148 59 60 25 149 60 149 150 22 21 20 22 20 19 18 15 16 18 16 17 61 62 12 61 12 151 63 23 152 63 152 153 64 65 66 64 154 67 35 34 33 35 33 32 31 28 29 31 29 30 68 27 69 68 69 70 155 156 157 155 157 71 72 73 26 72 26 24 37 36 38 37 38 39 74 75 76 74 76 77 78 79 80 78 80 81 49 48 47 49 47 46 45 42 43 45 43 44 82 83 84 82 84 85 86 87 41 86 41 88 89 90 91 89 91 92 93 94 95 93 95 158 13 96 97 13 97 98 99 100 101 99 101 102 103 104 105 103 105 106 107 159 160 107 160 108 161 162 163 161 163 109 164 165 110 164 110 111 112 113 166 112 166 114 115 116 167 115 167 168 169 170 171 169 171 172 117 118 119 117 119 120 121 122 123 121 123 124 125 173 174 125 175 126 127 128 176 127 176 177 129 130 131 129 178 179 180 132 133 180 133 181 182 134 183 182 183 184 135 136 137 135 137 138 185 186 187 185 187 139 188 189 190 188 190 140 141 142 191 141 191 143 192 193 194 192 194 195  
		</Mesh>
		<Materials>: 1
			<Material>: 0
				<AlbedoColor>: 1 1 1 1
				<EmissiveColor>: 0 0 0 0
				<Glossiness>: 0.04
				<Metallic>: 0
				<SpecularHighlight>: 1
				<GlossyReflection>: 1
				<AlbedoMap>: BLD_Villa1_A
				<MetallicMap>: BLD_Villa1_MS
				<NormalMap>: BLD_Villa1_N
				<EmissionMap>: null
				<DetailAlbedoMap>: DET_Concrete1_A
				<DetailNormalMap>: DET_Concrete1_N
		</Materials>
		<Children>: 0
	</Frame>
</Hierarchy>
