<Hierarchy>:
	<Frame>: 0 5 Villa2_Deco_Column_Top_A
		<Transform>: 0 0 0 0 0 0 1 1 1 0 0 0 1  
		<TransformMatrix>: 1 0 0 0 0 1 0 0 0 0 1 0 0 0 0 1  
		<BoxCollider>: 1 7.629395E-06 0.9374504 1.788139E-07 1.049414 1.874901 1.049414  
		<Mesh>: 231 Villa2_Deco_Column_Top_A
			<Bounds>: 7.629395E-06 0.9374504 1.788139E-07 0.5247069 0.9374504 0.5247068
			<Positions>: 231 0.4539191 1.490116E-08 0.4539173 0.4914681 1.7749 0.4914665 0.4539191 -1.490116E-08 -0.4539173 0.4914681 1.7749 -0.4914668 -0.4539114 1.490116E-08 0.4539173 -0.4914605 1.7749 0.4914665 -0.4539114 -1.490116E-08 -0.4539173 -0.4914605 1.7749 -0.4914668 0.3914682 0.3749008 0.3914666 0.3914682 0.3749008 -0.3914667 -0.3914605 0.3749008 -0.3914667 -0.3914605 0.3749008 0.3914666 0.3914682 1.274901 0.3914666 0.3914682 1.274901 -0.3914667 -0.3914605 1.274901 -0.3914667 -0.3914605 1.274901 0.3914666 0.4914681 1.874901 0.4914665 0.4914681 1.874901 -0.4914668 -0.4914605 1.874901 0.4914665 -0.4914605 1.874901 -0.4914668 0.4539191 0.2643417 -0.4539173 0.4477823 0.2815453 -0.4477805 -0.4539101 0.2643417 -0.4539173 -0.4477733 0.2815453 -0.4477805 -0.4539101 0.2643417 0.4539173 -0.4477733 0.2815453 0.4477805 0.4477823 0.2815453 0.4477805 0.4539191 0.2643417 0.4539173 -0.4271831 0.3798543 0.4210424 -0.4210348 0.3798543 0.4271907 0.42105 0.3798543 0.4271907 0.4271984 0.3798543 0.4210424 0.4271984 0.4699472 0.4210424 0.42105 0.4699472 0.4271907 0.4438041 0.4102257 0.4376482 0.4376558 0.4102257 0.4437965 0.4438041 0.4395758 0.4376482 0.4376558 0.4395758 0.4437965 -0.4210348 0.4699472 0.4271907 -0.4271831 0.4699472 0.4210424 -0.4376405 0.4395758 0.4437965 -0.4437889 0.4395758 0.4376482 -0.4437889 0.4102257 0.4376482 -0.4376405 0.4102257 0.4437965 0.4104006 0.4699472 -0.4271907 0.4271984 0.4699472 -0.410393 -0.4271831 0.4699472 -0.4103929 -0.4103853 0.4699472 -0.4271907 0.4271984 0.3798543 -0.410393 0.4104006 0.3798543 -0.4271907 0.4270064 0.4395758 -0.4437965 0.4438041 0.4395758 -0.4269988 0.4270064 0.4102257 -0.4437965 0.4438041 0.4102257 -0.4269988 -0.4103853 0.3798543 -0.4271907 -0.4271831 0.3798543 -0.4103929 -0.4437889 0.4395758 -0.4269988 -0.4269911 0.4395758 -0.4437965 -0.4437889 0.4102257 -0.4269988 -0.4269911 0.4102257 -0.4437965 -0.505066 1.573346 0.4978045 -0.4977967 1.573346 0.5050737 0.497812 1.573346 0.5050737 0.5050813 1.573346 0.4978045 0.5050813 1.679864 0.4978045 0.497812 1.679864 0.5050737 0.5247145 1.609255 0.5174379 0.5174453 1.609255 0.524707 0.5247145 1.643956 0.5174379 0.5174453 1.643956 0.524707 -0.4977967 1.679864 0.5050737 -0.505066 1.679864 0.4978045 -0.51743 1.643956 0.524707 -0.5246993 1.643956 0.5174379 -0.5246992 1.609255 0.5174379 -0.51743 1.609255 0.524707 0.4852211 1.679864 -0.5050735 0.5050813 1.679864 -0.4852132 -0.505066 1.679864 -0.4852132 -0.4852058 1.679864 -0.5050734 0.5050813 1.573346 -0.4852132 0.4852211 1.573346 -0.5050734 0.5048543 1.643956 -0.5247067 0.5247145 1.643956 -0.5048465 0.5048543 1.609255 -0.5247067 0.5247145 1.609255 -0.5048465 -0.4852058 1.573346 -0.5050735 -0.505066 1.573346 -0.4852132 -0.5246992 1.643956 -0.5048465 -0.504839 1.643956 -0.5247067 -0.5246992 1.609255 -0.5048465 -0.504839 1.609255 -0.5247067 0.4539191 0.2379075 -0.4539173 0.4539191 0.2379076 0.4539173 -0.4539102 0.2379075 -0.4539173 -0.4539102 0.2379076 0.4539173 -0.4271831 0.3798543 -0.4103929 0.4271984 0.3798543 -0.410393 0.4271984 0.3798543 0.4210424 -0.4271831 0.3798543 0.4210424 -0.4103853 0.3798543 -0.4271907 0.4104006 0.3798543 -0.4271907 0.3914682 1.274901 -0.3914667 -0.3914605 1.274901 -0.3914667 -0.3914605 1.274901 0.3914666 0.3914682 1.274901 0.3914666 -0.4477733 0.2815453 -0.4477805 -0.4539101 0.2643417 -0.4539173 -0.4539101 0.2643417 0.4539173 -0.4477733 0.2815453 0.4477805 -0.3914605 0.3749008 0.3914666 0.3914682 0.3749008 0.3914666 -0.3914605 0.3749008 -0.3914667 -0.3914605 0.3749008 0.3914666 0.4539191 -1.490116E-08 -0.4539173 -0.4539114 -1.490116E-08 -0.4539173 -0.3914605 1.274901 -0.3914667 -0.3914605 0.3749008 -0.3914667 -0.3914605 0.3749008 0.3914666 -0.3914605 1.274901 0.3914666 -0.4914605 1.7749 -0.4914668 -0.3914605 1.274901 -0.3914667 -0.3914605 1.274901 0.3914666 -0.4914605 1.7749 0.4914665 -0.4271831 0.4699472 -0.4103929 -0.4271831 0.4699472 0.4210424 0.42105 0.4699472 0.4271907 -0.4210348 0.4699472 0.4271907 0.4271984 0.4699472 -0.410393 0.4271984 0.4699472 0.4210424 0.4376558 0.4102257 0.4437965 0.42105 0.3798543 0.4271907 0.4376558 0.4395758 0.4437965 -0.4437889 0.4102257 0.4376482 -0.4376405 0.4102257 0.4437965 -0.4376405 0.4395758 0.4437965 -0.4437889 0.4395758 0.4376482 0.42105 0.4699472 0.4271907 -0.4210348 0.4699472 0.4271907 -0.4271831 0.4699472 0.4210424 -0.4271831 0.3798543 0.4210424 -0.4210348 0.3798543 0.4271907 -0.4376405 0.4102257 0.4437965 -0.4437889 0.4102257 0.4376482 0.42105 0.3798543 0.4271907 -0.4210348 0.3798543 0.4271907 -0.4103853 0.3798543 -0.4271907 -0.4271831 0.3798543 -0.4103929 -0.4437889 0.4102257 -0.4269988 -0.4269911 0.4102257 -0.4437965 -0.4269911 0.4102257 -0.4437965 -0.4269911 0.4395758 -0.4437965 0.4104006 0.3798543 -0.4271907 0.4270064 0.4102257 -0.4437965 0.4270064 0.4395758 -0.4437965 -0.4103853 0.4699472 -0.4271907 0.4104006 0.4699472 -0.4271907 -0.4103853 0.4699472 -0.4271907 0.4104006 0.4699472 -0.4271907 -0.505066 1.573346 -0.4852132 0.5050813 1.573346 -0.4852132 0.5050813 1.573346 0.4978045 -0.505066 1.573346 0.4978045 -0.4852058 1.573346 -0.5050735 0.4852211 1.573346 -0.5050734 -0.505066 1.679864 -0.4852132 -0.505066 1.679864 0.4978045 0.497812 1.679864 0.5050737 -0.4977967 1.679864 0.5050737 0.5050813 1.679864 -0.4852132 0.5050813 1.679864 0.4978045 0.5174453 1.609255 0.524707 0.497812 1.573346 0.5050737 0.5174453 1.643956 0.524707 -0.51743 1.609255 0.524707 -0.51743 1.643956 0.524707 0.5050813 1.679864 0.4978045 0.497812 1.679864 0.5050737 0.5174453 1.643956 0.524707 0.5247145 1.643956 0.5174379 -0.4977967 1.679864 0.5050737 -0.4977967 1.573346 0.5050737 0.497812 1.573346 0.5050737 -0.4977967 1.573346 0.5050737 -0.505066 1.573346 -0.4852132 -0.5246992 1.609255 -0.5048465 -0.5246992 1.643956 -0.5048465 0.4852211 1.573346 -0.5050734 0.5048543 1.609255 -0.5247067 0.5048543 1.643956 -0.5247067 -0.504839 1.643956 -0.5247067 -0.5246992 1.643956 -0.5048465 -0.505066 1.679864 -0.4852132 -0.4852058 1.679864 -0.5050734 0.4852211 1.679864 -0.5050735 -0.4852058 1.679864 -0.5050734 0.4852211 1.679864 -0.5050735 0.4914681 1.874901 0.4914665 -0.4914605 1.874901 0.4914665 -0.4539102 0.2379075 -0.4539173 -0.4539114 -1.490116E-08 -0.4539173 -0.4539114 1.490116E-08 0.4539173 -0.4914605 1.874901 0.4914665 -0.4914605 1.874901 -0.4914668 0.3914682 0.3749008 0.3914666 0.4477823 0.2815453 0.4477805 0.4477823 0.2815453 -0.4477805 0.3914682 0.3749008 -0.3914667 0.4914681 1.7749 -0.4914668 0.4914681 1.874901 -0.4914668 0.4914681 1.874901 0.4914665 0.4914681 1.7749 0.4914665 -0.4914605 1.874901 -0.4914668 0.4914681 1.874901 -0.4914668 -0.4539102 0.2379076 0.4539173 -0.4539114 1.490116E-08 0.4539173 0.4539191 1.490116E-08 0.4539173 0.3914682 1.274901 0.3914666 0.3914682 1.274901 -0.3914667 0.4539191 0.2379076 0.4539173 0.4539191 1.490116E-08 0.4539173 0.4539191 -1.490116E-08 -0.4539173 0.4539191 0.2379075 -0.4539173 0.3914682 0.3749008 -0.3914667 -0.3914605 0.3749008 -0.3914667 0.4539191 0.2643417 0.4539173 0.4539191 0.2643417 -0.4539173 0.3914682 1.274901 0.3914666 0.3914682 0.3749008 0.3914666 0.3914682 0.3749008 -0.3914667 0.3914682 1.274901 -0.3914667  
			<Colors>: 0  
			<TextureCoords0>: 231 0.8652344 0.5493164 0.9101563 0.1210938 0.8652344 0.5053711 0.9550781 0.1210938 0.9091797 0.5493164 0.8647461 0.1210938 0.9091797 0.5053711 0.9995117 0.1210938 0.9101563 0.6025391 0.9545898 0.6025391 0.9995117 0.6025391 0.8669434 0.6025391 0.9101563 0.6425781 0.9545898 0.6425781 0.9995117 0.6425781 0.8669434 0.6425781 0.8652344 0.5493164 0.8652344 0.5053711 0.9091797 0.5493164 0.9091797 0.5053711 0.8657227 0.6885425 0.8657227 0.6874043 0.8198242 0.6885425 0.8198242 0.6874043 0.9543457 0.6885425 0.9543457 0.6874043 0.9091797 0.6874043 0.9091797 0.6885425 0.9991885 0.1396484 0.909833 0.5102539 0.8655577 0.5102539 0.8650728 0.1396484 0.8652344 0.5099306 0.8644193 0.1450195 0.8650606 0.1411133 0.8644316 0.1411133 0.8650606 0.1435547 0.8644316 0.1435547 0.8196627 0.1450195 0.9991885 0.1450195 0.8196505 0.1435547 0.9992006 0.1435547 0.9992006 0.1411133 0.8196505 0.1411133 0.8661176 0.465332 0.8652344 0.4662153 0.955473 0.1450195 0.909273 0.465332 0.9092634 0.1396484 0.8661176 0.465332 0.9109972 0.1435547 0.9092969 0.1435547 0.9109972 0.1411133 0.9092969 0.1411133 0.909273 0.465332 0.955473 0.1396484 0.95544 0.1435547 0.9537489 0.1435547 0.95544 0.1411133 0.9537489 0.1411133 0.9991885 0.1396484 0.909833 0.5102539 0.8655577 0.5102539 0.8650728 0.1396484 0.8652344 0.5099306 0.8644193 0.1450195 0.8650606 0.1411133 0.8644316 0.1411133 0.8650606 0.1435547 0.8644316 0.1435547 0.8196627 0.1450195 0.9991885 0.1450195 0.8196505 0.1435547 0.9992006 0.1435547 0.9992006 0.1411133 0.8196505 0.1411133 0.8661176 0.465332 0.8652344 0.4662153 0.955473 0.1450195 0.909273 0.465332 0.9092634 0.1396484 0.8661176 0.465332 0.9109972 0.1435547 0.9092969 0.1435547 0.9109972 0.1411133 0.9092969 0.1411133 0.909273 0.465332 0.955473 0.1396484 0.95544 0.1435547 0.9537489 0.1435547 0.95544 0.1411133 0.9537489 0.1411133 0.8657227 0.6905867 0.9091797 0.6905867 0.8198242 0.6905867 0.9543457 0.6905867 0.9101563 0.4662153 0.8652344 0.4662153 0.8652344 0.5099306 0.9101563 0.5099306 0.9537163 0.1396484 0.9110298 0.1396484 0.9550781 0.1455078 0.9995117 0.1455078 0.8647461 0.1455078 0.9101563 0.1455078 0.9992676 0.6874043 0.9992676 0.6885425 0.9543457 0.6885425 0.9543457 0.6874043 0.9543457 0.6791992 0.9091797 0.6791992 0.9992676 0.6791992 0.9543457 0.6791992 0.8657227 0.7089844 0.8198242 0.7089844 0.8217773 0.6425781 0.8217773 0.6025391 0.8669434 0.6025391 0.8669434 0.6425781 0.8200684 0.1210938 0.8200684 0.1455078 0.8647461 0.1455078 0.8647461 0.1210938 0.9101563 0.4662153 0.9101563 0.5099306 0.8655577 0.5102539 0.909833 0.5102539 0.9092634 0.1450195 0.8650728 0.1450195 0.8644315 0.1411133 0.8644193 0.1396484 0.8644315 0.1435547 0.9992006 0.1411133 0.9995117 0.1411133 0.9995117 0.1435547 0.9992006 0.1435547 0.8644193 0.1450195 0.9995782 0.1451443 0.9991885 0.1450195 0.9991885 0.1396484 0.9995784 0.1395235 0.9995843 0.1409885 0.9992006 0.1411133 0.8644193 0.1396484 0.8196627 0.1396484 0.9537163 0.1396484 0.955473 0.1396484 0.95544 0.1411133 0.9537489 0.1411133 0.9537489 0.1411133 0.9537489 0.1435547 0.9110298 0.1396484 0.9109972 0.1411133 0.9109972 0.1435547 0.9537163 0.1450195 0.9110298 0.1450195 0.9537163 0.1450195 0.9110298 0.1450195 0.9101563 0.4662153 0.8652344 0.4662153 0.8652344 0.5099306 0.9101563 0.5099306 0.9537163 0.1396484 0.9110298 0.1396484 0.9101563 0.4662153 0.9101563 0.5099306 0.8655577 0.5102539 0.909833 0.5102539 0.9092634 0.1450195 0.8650728 0.1450195 0.8644315 0.1411133 0.8644193 0.1396484 0.8644315 0.1435547 0.9995117 0.1411133 0.9995117 0.1435547 0.8650728 0.1450195 0.8644193 0.1450195 0.8644316 0.1435547 0.8650606 0.1435547 0.9995782 0.1451443 0.9995784 0.1395235 0.8644193 0.1396484 0.8196627 0.1396484 0.955473 0.1396484 0.95544 0.1411133 0.95544 0.1435547 0.9110298 0.1396484 0.9109972 0.1411133 0.9109972 0.1435547 0.9537489 0.1435547 0.95544 0.1435547 0.955473 0.1450195 0.9537163 0.1450195 0.9110298 0.1450195 0.9537163 0.1450195 0.9110298 0.1450195 0.9101563 0.1157227 0.8647461 0.1157227 0.9992676 0.6905867 0.9992676 0.7089844 0.9543457 0.7089844 0.8647461 0.1157227 0.8200684 0.1157227 0.9091797 0.6791992 0.9091797 0.6874043 0.8657227 0.6874043 0.8657227 0.6791992 0.9550781 0.1210938 0.9550781 0.1157227 0.9101563 0.1157227 0.9101563 0.1210938 0.9995117 0.1157227 0.9550781 0.1157227 0.9543457 0.6905867 0.9543457 0.7089844 0.9091797 0.7089844 0.9101563 0.1455078 0.9550781 0.1455078 0.9091797 0.6905867 0.9091797 0.7089844 0.8657227 0.7089844 0.8657227 0.6905867 0.8657227 0.6791992 0.8198242 0.6791992 0.9091797 0.6885425 0.8657227 0.6885425 0.9101563 0.6425781 0.9101563 0.6025391 0.9545898 0.6025391 0.9545898 0.6425781  
			<TextureCoords1>: 231 0.4802991 0.004974782 0.5051468 0.751859 0.7058747 0.004975021 0.4515449 0.5037171 0.4802989 0.2305491 0.5051468 0.9960936 0.7058746 0.2305493 0.4515449 0.7479517 0.8554741 0.7767066 0.1012176 0.5285648 0.1012176 0.7231041 0.8554741 0.9712459 0.6318452 0.7767066 0.3248465 0.5285648 0.3248465 0.7231041 0.6318452 0.9712459 0.9794388 0.2412192 0.7352031 0.2412192 0.9794388 0.4854537 0.7352031 0.4854537 0.06958888 0.5130472 0.07412738 0.514572 0.06958888 0.7386214 0.07412738 0.7370965 0.8871028 0.9867632 0.8825643 0.9852383 0.8825643 0.7627138 0.8871028 0.761189 0.2199278 0.1118829 0.7659885 0.7396786 0.7659885 0.5304404 0.009100997 0.05244148 0.9459693 0.02501911 0.2185193 0.05800706 0.006168858 0.04350984 0.2226745 0.07435971 0.006072427 0.03637803 0.2226591 0.06656259 0.0100489 0.05870706 0.2197341 0.08697033 0.007015383 0.06733406 0.2239214 0.09550166 0.2239804 0.1032978 0.006214777 0.0745067 0.7352036 0.02919292 0.7393774 0.02501875 0.01392735 0.08881617 0.7352031 0.2331386 0.2119598 0.05264544 0.978282 0.5330865 0.7592431 0.5091127 0.214388 0.03651726 0.7592432 0.5164055 0.214447 0.04357606 0.9782822 0.7370321 0.01433439 0.1131703 0.01093716 0.09746993 0.9714413 0.5091127 0.01017458 0.1046367 0.9714414 0.5164055 0.2512458 0.1465153 0.4802989 0.483647 0.4802993 0.2362618 0.01135528 0.2495932 0.7453653 0.4970791 0.2561699 0.1860082 0.007601847 0.2392283 0.2610484 0.2047996 0.006562308 0.2304612 0.2610483 0.1961772 0.008784658 0.1860082 0.2508705 0.1179008 0.00390625 0.1961772 0.2542031 0.1283329 0.254289 0.1363962 0.003906335 0.2047996 0.4961424 0.4941365 0.5012307 0.4893602 0.009090085 0.1171621 0.4885222 0.7351443 0.2524557 0.2500158 0.7312968 0.2393907 0.00390625 0.1627982 0.2553011 0.2313325 0.003976866 0.1720154 0.2553605 0.2393761 0.7312967 0.4805185 0.008791406 0.14722 0.00390625 0.1279615 0.2535814 0.1612154 0.003919658 0.13714 0.2526807 0.1696885 0.06302061 0.5130472 0.8936711 0.7611891 0.06302061 0.7386212 0.4172781 0.264905 0.9741083 0.7412063 0.9741081 0.5289127 0.7675162 0.5289127 0.7675163 0.7412063 0.9673153 0.5250064 0.7633693 0.5250064 0.3248465 0.5285648 0.3248465 0.7231041 0.6318452 0.9712459 0.6318452 0.7767066 0.4061714 0.4889555 0.4107099 0.4904804 0.4107099 0.2649049 0.4061714 0.2664297 0.8554741 0.9712459 0.8554741 0.7767066 0.3790813 0.4749628 0.3790813 0.2804224 0.00390625 0.5130475 0.00390625 0.7386215 0.1554524 0.4749629 0.3790813 0.4749628 0.3790813 0.2804224 0.1554524 0.2804224 0.02875401 0.4998105 0.1554524 0.4749629 0.1554524 0.2804224 0.02875401 0.2555748 0.7393769 0.2373124 0.9459689 0.2373129 0.9474971 0.02654684 0.9474966 0.2357852 0.2116604 0.02756792 0.008792636 0.02734751 0.003933535 0.04381526 0.006864895 0.05317664 0.00390625 0.03606218 0.00390625 0.07420868 0.006214777 0.0745067 0.007015383 0.06733406 0.004960062 0.06682903 0.006676805 0.02672005 0.0100489 0.05870706 0.008050837 0.05800706 0.7675163 0.7412063 0.7659885 0.7396786 0.7592431 0.746424 0.7607708 0.7479517 0.2185737 0.0829227 0.01032718 0.08306408 0.9782822 0.7370321 0.9741083 0.7412063 0.9808543 0.7479517 0.9850281 0.7437775 0.00390625 0.103639 0.005344654 0.09601992 0.2180013 0.05410081 0.2203533 0.04433703 0.2205142 0.03606218 0.008327737 0.08697033 0.2181599 0.02580118 0.9673152 0.5005117 0.7633693 0.5005117 0.7263619 0.4854537 0.7263621 0.2344559 0.4821055 0.2344555 0.4821051 0.4854533 0.2491465 0.1799204 0.00892884 0.182102 0.4932985 0.7402325 0.7374331 0.7479517 0.7471136 0.4989415 0.7392955 0.7462034 0.2521661 0.2208672 0.01173335 0.2197316 0.005088613 0.2397768 0.008787427 0.2505114 0.00390625 0.2308115 0.2567261 0.1367601 0.2567678 0.1279963 0.7453653 0.4970791 0.7471136 0.4989415 0.7553369 0.4912224 0.7535886 0.48936 0.2534792 0.1170766 0.2536148 0.14722 0.25617 0.2149686 0.008784742 0.2149686 0.2557672 0.182102 0.2592928 0.1714022 0.2609924 0.1623942 0.2595052 0.2516685 0.2621762 0.2402757 0.2623762 0.2308115 0.4802989 0.7428634 0.4850753 0.7479517 0.4932985 0.7402325 0.4885222 0.7351443 0.2597192 0.2188749 0.2486624 0.1511262 0.00869697 0.1526474 0.4802991 0.7518592 0.4802991 0.9960938 0.4172781 0.4904803 0.4763925 0.4904801 0.4763925 0.264905 0.00390625 0.2555749 0.00390625 0.4998107 0.1012177 0.7767059 0.07412747 0.7627132 0.07412745 0.9852389 0.1012177 0.9712462 0.451545 0.9960938 0.4763928 0.9960936 0.4763928 0.7518579 0.451545 0.7518581 0.4763927 0.7479515 0.4763927 0.5037169 0.8936711 0.9867631 0.9527854 0.9867632 0.9527854 0.7611891 0.3248467 0.7767057 0.3248467 0.9712461 0.06302068 0.7611884 0.00390625 0.7611886 0.00390625 0.986764 0.06302068 0.9867638 0.1012176 0.5285648 0.1012176 0.7231041 0.06958895 0.7611884 0.06958895 0.9867638 0.3248467 0.7767057 0.1012177 0.7767059 0.1012177 0.9712462 0.3248467 0.9712461  
			<Normals>: 231 0 -1 0 0 -0.09204635 0.9957547 0 -1 0 0 -0.09204635 -0.9957547 0 -1 0 0 -0.09204635 0.9957547 0 -1 0 0 -0.09204635 -0.9957547 0 0 1 0 0 -1 0 0 -1 0 0 1 0 -0.1042527 0.9945509 0 -0.1042527 -0.9945509 0 -0.1042527 -0.9945509 0 -0.1042527 0.9945509 0 1 0 0 1 0 0 1 0 0 1 0 0 0.1508233 -0.9885607 0 0.4039257 -0.9147918 0 0.1508233 -0.9885607 0 0.4039257 -0.9147918 0 0.1508233 0.9885607 0 0.4039257 0.9147918 0 0.4039257 0.9147918 0 0.1508233 0.9885607 -0.7808475 -0.5685217 0.2589599 0 -1 0 0 -1 0 0.7808475 -0.5685217 0.2589599 0 1 0 0.2589599 0.5685217 0.7808475 0.8769424 -0.2893232 0.38375 0.38375 -0.2893232 0.8769424 0.8769424 0.2893232 0.38375 0.38375 0.2893232 0.8769424 -0.2589599 0.5685217 0.7808475 -0.7808475 0.5685217 0.2589599 -0.38375 0.2893232 0.8769424 -0.8769424 0.2893232 0.38375 -0.8769424 -0.2893232 0.38375 -0.38375 -0.2893232 0.8769424 0 1 0 0 1 0 -0.7808475 0.5685217 -0.2589599 0 1 0 0.7808475 -0.5685217 -0.2589599 0 -1 0 0.38375 0.2893232 -0.8769424 0.8769424 0.2893232 -0.38375 0.38375 -0.2893232 -0.8769424 0.8769424 -0.2893232 -0.38375 0 -1 0 -0.7808475 -0.5685217 -0.2589599 -0.8769424 0.2893232 -0.38375 -0.38375 0.2893232 -0.8769424 -0.8769424 -0.2893232 -0.38375 -0.38375 -0.2893232 -0.8769424 -0.7808475 -0.5685217 0.2589599 0 -1 0 0 -1 0 0.7808475 -0.5685217 0.2589599 0 1 0 0.2589599 0.5685217 0.7808475 0.8769424 -0.2893232 0.38375 0.38375 -0.2893232 0.8769424 0.8769424 0.2893232 0.38375 0.38375 0.2893232 0.8769424 -0.2589599 0.5685217 0.7808475 -0.7808475 0.5685217 0.2589599 -0.38375 0.2893232 0.8769424 -0.8769424 0.2893232 0.38375 -0.8769424 -0.2893232 0.38375 -0.38375 -0.2893232 0.8769424 0 1 0 0 1 0 -0.7808475 0.5685217 -0.2589599 0 1 0 0.7808475 -0.5685217 -0.2589599 0 -1 0 0.38375 0.2893232 -0.8769424 0.8769424 0.2893232 -0.38375 0.38375 -0.2893232 -0.8769424 0.8769424 -0.2893232 -0.38375 0 -1 0 -0.7808475 -0.5685217 -0.2589599 -0.8769424 0.2893232 -0.38375 -0.38375 0.2893232 -0.8769424 -0.8769424 -0.2893232 -0.38375 -0.38375 -0.2893232 -0.8769424 0 0 -1 0 0 1 0 0 -1 -1 0 0 0 -1 0 0 -1 0 0 -1 0 0 -1 0 -0.2589599 -0.5685217 -0.7808475 0.2589599 -0.5685217 -0.7808475 0 -0.1042527 -0.9945509 0 -0.1042527 -0.9945509 0 -0.1042527 0.9945509 0 -0.1042527 0.9945509 -0.9147918 0.4039257 0 -0.9885607 0.1508233 0 -0.9885607 0.1508233 0 -0.9147918 0.4039257 0 0 0.5165095 0.8562815 0 0.5165095 0.8562815 -0.8562815 0.5165095 0 -0.8562815 0.5165095 0 0 0 -1 0 0 -1 -0.9945509 -0.1042527 0 -1 0 0 -1 0 0 -0.9945509 -0.1042527 0 -0.9957547 -0.09204635 0 -0.9945509 -0.1042527 0 -0.9945509 -0.1042527 0 -0.9957547 -0.09204635 0 0 1 0 0 1 0 0 1 0 0 1 0 0.7808475 0.5685217 -0.2589599 0.7808475 0.5685217 0.2589599 0.38375 -0.2893232 0.8769424 0.2589599 -0.5685217 0.7808475 0.38375 0.2893232 0.8769424 -0.8769424 -0.2893232 0.38375 -0.38375 -0.2893232 0.8769424 -0.38375 0.2893232 0.8769424 -0.8769424 0.2893232 0.38375 0.2589599 0.5685217 0.7808475 -0.2589599 0.5685217 0.7808475 -0.7808475 0.5685217 0.2589599 -0.7808475 -0.5685217 0.2589599 -0.2589599 -0.5685217 0.7808475 -0.38375 -0.2893232 0.8769424 -0.8769424 -0.2893232 0.38375 0.2589599 -0.5685217 0.7808475 -0.2589599 -0.5685217 0.7808475 -0.2589599 -0.5685217 -0.7808475 -0.7808475 -0.5685217 -0.2589599 -0.8769424 -0.2893232 -0.38375 -0.38375 -0.2893232 -0.8769424 -0.38375 -0.2893232 -0.8769424 -0.38375 0.2893232 -0.8769424 0.2589599 -0.5685217 -0.7808475 0.38375 -0.2893232 -0.8769424 0.38375 0.2893232 -0.8769424 -0.2589599 0.5685217 -0.7808475 0.2589599 0.5685217 -0.7808475 -0.2589599 0.5685217 -0.7808475 0.2589599 0.5685217 -0.7808475 0 -1 0 0 -1 0 0 -1 0 0 -1 0 -0.2589599 -0.5685217 -0.7808475 0.2589599 -0.5685217 -0.7808475 0 1 0 0 1 0 0 1 0 0 1 0 0.7808475 0.5685217 -0.2589599 0.7808475 0.5685217 0.2589599 0.38375 -0.2893232 0.8769424 0.2589599 -0.5685217 0.7808475 0.38375 0.2893232 0.8769424 -0.38375 -0.2893232 0.8769424 -0.38375 0.2893232 0.8769424 0.7808475 0.5685217 0.2589599 0.2589599 0.5685217 0.7808475 0.38375 0.2893232 0.8769424 0.8769424 0.2893232 0.38375 -0.2589599 0.5685217 0.7808475 -0.2589599 -0.5685217 0.7808475 0.2589599 -0.5685217 0.7808475 -0.2589599 -0.5685217 0.7808475 -0.7808475 -0.5685217 -0.2589599 -0.8769424 -0.2893232 -0.38375 -0.8769424 0.2893232 -0.38375 0.2589599 -0.5685217 -0.7808475 0.38375 -0.2893232 -0.8769424 0.38375 0.2893232 -0.8769424 -0.38375 0.2893232 -0.8769424 -0.8769424 0.2893232 -0.38375 -0.7808475 0.5685217 -0.2589599 -0.2589599 0.5685217 -0.7808475 0.2589599 0.5685217 -0.7808475 -0.2589599 0.5685217 -0.7808475 0.2589599 0.5685217 -0.7808475 0 0 1 0 0 1 -1 0 0 -1 0 0 -1 0 0 -1 0 0 -1 0 0 0.8562815 0.5165095 0 0.9147918 0.4039257 0 0.9147918 0.4039257 0 0.8562815 0.5165095 0 0.9957547 -0.09204635 0 1 0 0 1 0 0 0.9957547 -0.09204635 0 0 0 -1 0 0 -1 0 0 1 0 0 1 0 0 1 0.9945509 -0.1042527 0 0.9945509 -0.1042527 0 1 0 0 1 0 0 1 0 0 1 0 0 0 0.5165095 -0.8562815 0 0.5165095 -0.8562815 0.9885607 0.1508233 0 0.9885607 0.1508233 0 0.9945509 -0.1042527 0 1 0 0 1 0 0 0.9945509 -0.1042527 0  
			<Tangents>: 231 -1 0 0 1 0 0 -1 0 0 -1 0 0 -1 0 0 1 0 0 -1 0 0 -1 0 0 1 0 0 -1 0 0 -1 0 0 1 0 0 1 0 0 -1 0 0 -1 0 0 1 0 0 -1 0 0 -1 0 0 -1 0 0 -1 0 0 1 0 0 1 -3.245221E-07 -1.432925E-07 1 -1.562628E-07 -2.384079E-08 1 -1.325873E-07 -5.854384E-08 -1 -2.665678E-07 4.066986E-08 -1 3.268484E-07 -1.443197E-07 -1 1.325879E-07 -5.85441E-08 -1 1.596788E-07 -2.436196E-08 0.2093486 0.1524251 0.9658881 -1 0 0 -1 0 0 0.2122378 -0.1484516 -0.9658764 -1 0 1.767775E-08 0.9658881 -0.1524238 -0.2093495 0.3656071 -0.116652 -0.9234304 0.923437 0.1202337 -0.3644282 0.365604 0.1166612 -0.9234305 0.923437 -0.1202332 -0.3644284 0.9658881 0.1524238 0.2093495 0.2093495 -0.1524238 0.9658881 0.923437 0.1202327 0.3644286 0.3644284 -0.1202332 0.923437 0.3644282 0.1202337 0.923437 0.923437 -0.1202338 0.3644282 -1 0 3.630949E-08 -1 0 3.489513E-08 -0.2169499 0.1419482 0.9658071 -1 0 3.489343E-08 -0.2169105 0.1420026 -0.965808 -1 0 3.429951E-08 -0.923437 0.1202332 -0.3644284 -0.3675293 -0.1107737 -0.9233913 -0.923437 -0.1202332 -0.3644284 -0.3675133 0.1108228 -0.9233918 -1 0 -3.630949E-08 -0.2093495 -0.1524238 0.9658881 -0.3675291 0.1107743 0.9233913 -0.923437 -0.1202332 0.3644284 -0.3664013 -0.1142288 0.9234186 -0.923437 0.1202332 0.3644284 0.2096609 0.1519961 0.9658879 -1 0 0 -1 0 0 0.2122378 -0.1484516 -0.9658764 -1 0 1.495182E-08 0.9658881 -0.1524238 -0.2093495 0.3656071 -0.116652 -0.9234304 0.923437 0.1202337 -0.3644282 0.365168 0.1179879 -0.9234344 0.923437 -0.1202332 -0.3644284 0.9658881 0.1524238 0.2093495 0.2096642 -0.1519916 0.9658879 0.923437 0.1202327 0.3644286 0.3646688 -0.1195042 0.9234368 0.3646686 0.1195048 0.9234368 0.923437 -0.1202338 0.3644282 -1 0 1.228421E-07 -1 0 3.037716E-08 -0.2093496 0.1524238 0.9658881 -1 0 3.026633E-08 -0.2169106 0.1420025 -0.965808 -1 0 2.825698E-08 -0.923437 0.1202332 -0.3644284 -0.3675293 -0.1107737 -0.9233913 -0.923437 -0.1202332 -0.3644284 -0.3675133 0.1108228 -0.9233918 -1 0 -1.228421E-07 -0.2093495 -0.1524238 0.9658881 -0.3644284 0.1202332 0.923437 -0.9234177 -0.1140899 0.3664468 -0.3644284 -0.1202332 0.923437 -0.9233891 0.1105594 0.3675991 1 0 0 -1 -3.680461E-07 0 1 0 0 0 -6.565584E-08 -1 -1 0 1.664259E-08 -1 0 3.488175E-08 -1 0 1.767869E-08 -1 0 0 -0.9658881 0.1524238 0.2093495 -0.9658881 -0.1524238 -0.2093496 -1 0 0 -1 0 0 1 0 0 1 0 0 -2.452912E-08 -5.555237E-08 -1 -9.789152E-09 -6.416233E-08 -1 -9.829601E-09 -6.442745E-08 -1 -1.71071E-08 -3.874334E-08 -1 -1 3.54744E-07 -2.139818E-07 -1 0 0 -2.864107E-08 -4.748182E-08 -1 -1.683528E-08 -2.790991E-08 -1 1 0 0 1 0 0 0 0 1 0 0 1 0 0 1 0 0 1 0 0 1 0 0 1 0 0 1 0 0 1 -1 0 1.731608E-08 -1 0 0 -1 0 0 -1 0 0 -0.2170163 -0.1418563 -0.9658057 0.2122198 0.1484764 -0.9658766 0.897276 -0.1076152 -0.4281527 0.8636287 -0.2257332 -0.450766 0.8972665 0.1076565 -0.4281622 0.4281626 -0.1076582 0.8972661 0.8972665 0.1076565 0.4281622 0.8522878 -0.2545659 0.4569483 0.3905009 -0.03648819 0.9198791 0.8636286 0.2257334 -0.4507661 0.6382601 -0.5060498 0.5801186 0.2555436 -0.08758131 0.9628224 0.2553945 0.08779519 0.9628425 0.6380215 0.5062633 0.5801948 0.7535723 0.4507615 0.4784797 0.3286685 0.2215366 0.9180951 0.9658881 0.1524251 -0.2093486 0.9658881 -0.1524238 0.2093495 -0.8636172 -0.2257542 0.4507774 -0.4507665 0.2257342 0.8636282 -0.4281531 0.107617 0.8972756 -0.8972519 -0.1077201 0.4281768 -0.8972663 -0.1076573 0.4281624 -0.8972663 0.1076573 0.4281624 -0.8636282 0.2257342 -0.4507665 -0.8972664 0.107657 -0.4281623 -0.8972664 -0.1076568 -0.4281622 -0.8636279 0.2257346 0.4507667 -0.8636281 -0.2257343 -0.4507666 -0.9658881 -0.1524238 0.2093496 -0.9658881 0.1524238 -0.2093495 -1 0 1.321338E-08 -1 0 2.950295E-08 -1 0 1.495262E-08 -1 0 0 -0.9658034 0.1417063 0.2171247 -0.9658881 -0.1524238 -0.2093496 -1 0 1.464592E-08 -1 0 0 -1 0 0 -1 0 0 -0.2170163 -0.1418562 -0.9658057 0.2093496 0.1524238 -0.9658881 0.8972762 -0.1076142 -0.4281525 0.8636293 -0.2257322 -0.4507654 0.8972666 0.107656 -0.4281621 0.8521594 0.2548991 0.457002 0.8522878 -0.2545659 0.4569483 0.4507679 -0.2257368 -0.8636268 0.8636291 0.2257325 -0.4507656 0.8972666 0.107656 -0.4281621 0.4281627 -0.1076585 -0.897266 0.6382608 -0.5060492 0.5801184 0.6380223 0.5062626 0.5801946 0.9658881 0.1524251 -0.2093486 0.9658881 -0.1524238 0.2093495 -0.4507665 0.2257342 0.8636281 -0.428159 0.1076425 0.8972697 -0.4281625 -0.1076577 0.8972663 -0.8636288 0.2257331 -0.4507659 -0.8972664 0.1076567 -0.4281622 -0.8972665 -0.1076564 -0.4281622 -0.8972664 0.1076567 0.4281622 -0.4281625 -0.1076577 0.8972663 -0.4507673 -0.2257356 0.8636274 -0.8636286 0.2257334 0.4507661 -0.8636282 -0.2257341 -0.4507665 -0.9658881 -0.1524238 0.2093496 -0.9658881 0.1524238 -0.2093495 1 0 0 1 0 0 0 -4.093139E-08 -1 0 -3.282792E-08 -1 0 -6.029951E-08 -1 0 0 1 0 0 1 -2.864106E-08 4.748181E-08 1 -2.247598E-08 5.090252E-08 1 -1.710715E-08 3.874344E-08 1 -1.683528E-08 2.790991E-08 1 0 0 -1 0 0 -1 0 0 -1 0 0 -1 -1 0 0 -1 0 0 -1 -1.007383E-07 0 -1 0 0 -1 -3.415126E-07 0 0 0 -1 0 0 -1 0 1.416692E-07 1 0 3.282792E-08 1 0 4.0181E-07 1 0 4.336997E-07 1 1 -3.54745E-07 -2.139824E-07 1 0 0 -4.971125E-08 3.25829E-07 1 -8.786392E-09 5.75898E-08 1 0 0 -1 0 0 -1 0 0 -1 0 0 -1  
			<BiTangents>: 231 0 0 -1 0 0.9957547 0.09204635 0 0 -1 0 0.9957547 -0.09204635 0 0 -1 0 0.9957547 0.09204635 0 0 -1 0 0.9957547 -0.09204635 0 -1 0 0 -1 0 0 -1 0 0 -1 0 0 -0.9945509 -0.1042527 0 -0.9945509 0.1042527 0 -0.9945509 0.1042527 0 -0.9945509 -0.1042527 0 0 -1 0 0 -1 0 0 -1 0 0 -1 0 0.9885607 0.1508233 3.547497E-07 0.9147918 0.4039257 1.58071E-07 0.9885607 0.1508233 1.449371E-07 0.9147918 0.4039257 -2.696524E-07 0.9885607 -0.1508233 3.572927E-07 0.9147918 -0.4039257 1.449378E-07 0.9147918 -0.4039257 1.615265E-07 0.9885607 -0.1508233 0.5886003 -0.8084242 1.585237E-06 0 0 -1 0 0 -1 -0.5875647 -0.8091633 -0.004743708 -1.767775E-08 0 -1 9.816388E-10 -0.8084244 0.5886 -0.3119351 -0.950097 -0.003481568 4.679854E-07 -0.9496504 -0.3133115 0.3119386 -0.9500959 0.003472593 1.90836E-09 -0.9496505 0.3133113 -9.816388E-10 -0.8084244 0.5886 -0.5886 -0.8084244 9.816388E-10 -5.371394E-07 -0.9496505 0.3133111 -0.3133113 -0.9496505 -4.62537E-09 0.3133115 -0.9496504 4.875866E-07 -5.267889E-07 -0.9496504 -0.3133115 -3.630949E-08 0 -1 -3.489513E-08 0 -1 -0.5858412 -0.8103294 -0.01250084 -3.489343E-08 0 -1 -0.5858558 -0.81032 0.01243599 -3.429951E-08 0 -1 1.90836E-09 -0.9496505 -0.3133113 0.309668 -0.9508004 -0.009192608 -8.44209E-09 -0.9496505 0.3133113 -0.309687 -0.9507946 0.009144882 3.630949E-08 0 -1 0.5886 -0.8084244 9.816388E-10 -0.3096682 -0.9508002 -0.009192027 -8.44209E-09 -0.9496505 -0.3133113 0.3110017 -0.9503914 0.005836358 1.90836E-09 -0.9496505 0.3133113 0.5884892 -0.808505 -0.0005110509 0 0 -1 0 0 -1 -0.5875647 -0.8091633 -0.004743708 -1.495182E-08 0 -1 9.816388E-10 -0.8084244 0.5886 -0.3119351 -0.950097 -0.003481575 4.679854E-07 -0.9496504 -0.3133115 0.3124489 -0.949932 0.002183026 1.90836E-09 -0.9496505 0.3133113 -9.816388E-10 -0.8084244 0.5886 -0.588488 -0.8085058 0.0005163566 -5.371394E-07 -0.9496505 0.3133111 -0.3130315 -0.9497425 0.0007088438 0.3130317 -0.9497424 -0.0007082542 -5.267889E-07 -0.9496504 -0.3133115 -1.228421E-07 0 -1 -3.037716E-08 0 -1 -0.5886 -0.8084244 -4.119597E-08 -3.026633E-08 0 -1 -0.5858558 -0.81032 0.01243604 -2.825698E-08 0 -1 1.90836E-09 -0.9496505 -0.3133113 0.309668 -0.9508004 -0.009192602 -1.497582E-08 -0.9496505 0.3133113 -0.309687 -0.9507946 0.009144882 1.228421E-07 0 -1 0.5886 -0.8084244 9.816388E-10 -0.3133113 -0.9496505 -8.44209E-09 -0.005971296 -0.9504081 -0.3109482 0.3133113 -0.9496505 2.150955E-08 0.009400739 -0.9508253 0.3095851 0 1 0 -3.680461E-07 1 0 0 1 0 0 1 -6.565584E-08 -1.664259E-08 0 -1 -3.488175E-08 0 -1 -1.767869E-08 0 -1 0 0 -1 9.816388E-10 -0.8084244 0.5886 -2.108881E-08 -0.8084244 0.5886 0 0.9945509 -0.1042527 0 0.9945509 -0.1042527 0 0.9945509 0.1042527 0 0.9945509 0.1042527 0.4039257 0.9147918 -6.07268E-08 0.1508233 0.9885607 -6.490479E-08 0.1508233 0.9885607 -6.517298E-08 0.4039257 0.9147918 -4.235209E-08 4.142843E-07 0.8562814 -0.5165095 0 0.8562814 -0.5165095 0.5165095 0.8562814 -5.545118E-08 0.5165095 0.8562814 -3.259431E-08 0 1 0 0 1 0 0.1042527 -0.9945509 0 0 -1 0 0 -1 0 0.1042527 -0.9945509 0 -0.09204635 0.9957547 0 -0.1042527 0.9945509 0 -0.1042527 0.9945509 0 -0.09204635 0.9957547 0 -1.731608E-08 0 -1 0 0 -1 0 0 -1 0 0 -1 0.5858166 -0.8103455 -0.01261038 0.5875712 -0.8091587 0.004714093 -0.2182469 -0.951163 -0.2183055 -0.4325334 -0.7910927 -0.4325358 0.2182858 -0.9511583 0.2182869 0.2182861 -0.9511581 -0.2182874 0.2182858 -0.9511583 -0.2182869 -0.3554454 -0.9227612 0.148897 -0.2801448 -0.9565358 0.08098294 0.4325336 -0.7910926 0.4325357 -0.7249578 -0.6486114 0.2318181 -0.5700655 -0.817993 0.07689443 0.5701323 -0.8179701 -0.07664268 0.7251678 -0.6484447 -0.2316272 0.5337272 -0.8444561 -0.04504624 0.3506409 -0.931243 0.09918344 1.56513E-06 -0.8084242 -0.5886003 9.816388E-10 -0.8084244 -0.5886 0.4325563 -0.7910867 0.4325238 0.4325353 -0.7910924 0.4325345 0.2183046 -0.9511628 0.2182486 0.2183458 -0.9511511 0.2182583 0.2182865 -0.9511582 0.2182865 -0.2182865 -0.9511582 -0.2182865 -0.4325345 -0.7910924 0.4325353 -0.2182863 -0.9511583 0.2182867 0.2182861 -0.9511583 -0.2182868 -0.432535 -0.7910923 -0.432535 0.4325346 -0.7910923 -0.4325351 -2.108881E-08 -0.8084244 -0.5886 9.816388E-10 -0.8084244 -0.5886 -1.321338E-08 0 -1 -2.950295E-08 0 -1 -1.495262E-08 0 -1 0 0 -1 0.01278906 -0.8103718 0.5857764 -7.293868E-08 -0.8084245 0.5886 -1.464592E-08 0 -1 0 0 -1 0 0 -1 0 0 -1 0.5858166 -0.8103455 -0.0126104 0.5886 -0.8084244 4.119597E-08 -0.218246 -0.9511631 -0.2183059 -0.4325323 -0.7910929 -0.4325364 0.2182853 -0.9511583 0.2182871 0.3557531 -0.9226692 -0.148732 -0.3554454 -0.9227613 0.148897 0.4325338 -0.7910916 0.4325373 0.4325326 -0.7910929 0.4325362 0.2182853 -0.9511583 0.2182871 0.218286 -0.9511581 0.2182878 -0.7249572 -0.6486118 0.2318187 0.7251671 -0.6484452 -0.2316278 1.56513E-06 -0.8084242 -0.5886003 9.816388E-10 -0.8084244 -0.5886 0.4325352 -0.7910924 0.4325346 0.2182932 -0.9511599 0.2182726 -0.2182863 -0.9511582 -0.218287 -0.4325333 -0.7910927 0.4325359 -0.218286 -0.9511583 0.2182868 0.2182858 -0.9511583 -0.2182869 -0.218286 -0.9511583 -0.2182868 -0.2182863 -0.9511582 -0.218287 -0.4325344 -0.791092 -0.4325361 -0.4325337 -0.7910926 -0.4325356 0.4325344 -0.7910925 -0.4325353 -7.293868E-08 -0.8084245 -0.5886 9.816388E-10 -0.8084244 -0.5886 0 1 0 0 1 0 0 1 -4.093139E-08 0 1 -3.282792E-08 0 1 -6.029951E-08 0 1 0 0 1 0 -0.5165095 0.8562814 -5.545117E-08 -0.4039257 0.9147918 -5.564384E-08 -0.4039257 0.9147918 -4.23522E-08 -0.5165095 0.8562814 -3.259431E-08 0.09204635 0.9957547 0 0 1 0 0 1 0 0.09204635 0.9957547 0 0 1 0 0 1 0 -1.007383E-07 1 0 0 1 0 -3.415126E-07 1 0 0.1042527 0.9945509 0 0.1042527 0.9945509 0 0 1 -1.416692E-07 0 1 -3.282792E-08 0 1 -4.0181E-07 0 1 -4.336997E-07 4.142855E-07 0.8562814 0.5165095 0 0.8562814 0.5165095 -0.1508233 0.9885607 -3.295993E-07 -0.1508233 0.9885607 -5.825621E-08 -0.1042527 -0.9945509 0 0 -1 0 0 -1 0 -0.1042527 -0.9945509 0  
			<SubMeshes>: 1
				<SubMesh>: 0 540 59 57 50 59 50 52 41 39 46 41 46 56 48 53 34 48 34 31 28 42 58 28 58 55 53 51 36 53 36 34 37 33 38 37 38 40 96 54 49 49 97 96 97 98 96 98 99 96 98 29 99 98 30 29 100 59 52 100 52 101 42 41 56 42 56 58 16 17 19 16 19 18 21 20 22 21 22 23 25 24 27 25 27 26 0 4 6 0 6 2 15 11 8 15 8 12 13 9 10 13 10 14 3 102 103 3 103 7 5 104 105 5 105 1 106 107 108 106 108 109 110 25 26 110 26 111 112 106 109 112 109 113 92 114 115 92 115 94 116 117 118 116 118 119 120 121 122 120 122 123 45 44 47 47 124 45 124 32 45 124 125 32 125 126 32 125 127 126 51 128 129 51 129 36 35 37 40 35 40 43 34 130 131 34 131 31 36 132 130 36 130 34 133 134 135 133 135 136 129 137 132 129 132 36 136 135 138 136 138 139 140 141 142 140 142 143 144 35 43 144 43 145 146 147 148 146 148 149 150 58 56 150 56 151 48 152 153 48 153 53 53 153 154 53 154 51 151 56 46 151 46 155 51 154 156 51 156 128 57 157 158 57 158 50 91 89 82 91 82 84 73 71 78 73 78 88 80 85 66 80 66 63 60 74 90 60 90 87 85 83 68 85 68 66 69 65 70 69 70 72 159 86 81 81 160 159 160 161 159 161 162 159 161 61 162 161 62 61 163 91 84 163 84 164 74 73 88 74 88 90 77 76 79 79 165 77 165 64 77 165 166 64 166 167 64 166 168 167 83 169 170 83 170 68 67 69 72 67 72 75 66 171 172 66 172 63 68 173 171 68 171 66 74 174 175 74 175 73 176 177 178 176 178 179 73 175 180 73 180 71 60 181 174 60 174 74 182 67 75 182 75 183 163 184 185 163 185 91 91 185 186 91 186 89 80 187 188 80 188 85 85 188 189 85 189 83 190 191 192 190 192 193 83 189 194 83 194 169 89 195 196 89 196 82 1 197 198 1 198 5 199 200 201 199 201 95 123 202 203 123 203 120 204 205 206 204 206 207 208 209 210 208 210 211 7 212 213 7 213 3 214 215 216 214 216 93 211 217 218 211 218 208 219 220 221 219 221 222 223 21 23 223 23 224 205 225 226 205 226 206 227 228 229 227 229 230 225 219 222 225 222 226 24 214 93 24 93 27 107 199 95 107 95 108 20 92 94 20 94 22  
		</Mesh>
		<Materials>: 1
			<Material>: 0
				<AlbedoColor>: 1 1 1 1
				<EmissiveColor>: 0 0 0 0
				<Glossiness>: 0.04
				<Metallic>: 0
				<SpecularHighlight>: 1
				<GlossyReflection>: 1
				<AlbedoMap>: BLD_Villa2_A
				<MetallicMap>: BLD_Villa2_MS
				<NormalMap>: BLD_Villa2_N
				<EmissionMap>: null
				<DetailAlbedoMap>: DET_Concrete1_A
				<DetailNormalMap>: DET_Concrete1_N
		</Materials>
		<Children>: 0
	</Frame>
</Hierarchy>
