<Hierarchy>:
	<Frame>: 0 5 Villa2_Roof_Mid_A_4x
		<Transform>: 0 0 0 0 0 0 1 1 1 0 0 0 1  
		<TransformMatrix>: 1 0 0 0 0 1 0 0 0 0 1 0 0 0 0 1  
		<BoxCollider>: 1 4 -0.1499998 -4 8 0.700001 8  
		<Mesh>: 132 Villa2_Roof_Mid_A_4x
			<Bounds>: 4 -0.1499998 -4 4 0.3500005 4
			<Positions>: 132 0 -0.5 2.185569E-08 0 -0.5000002 -4 2 0.2000007 -2 0 0 0 0.0999999 -0.5 -0.09999845 0.0999999 -0.5000002 -3.900002 3.9 -0.5 -0.09999845 3.9 -0.5000002 -3.900002 4 -0.5 2.18557E-08 8 -0.5000002 2.185571E-08 6 0.2000006 -2 4 0 0 8 -2.384186E-07 1.042161E-14 4.1 -0.5 -0.09999845 4.1 -0.5000001 -3.900002 7.9 -0.5000002 -0.09999845 7.9 -0.5000004 -3.900002 0 -0.5000001 -8 4 -0.5000002 -4 2 0.2000006 -6 0 0 -4 0 -1.192093E-07 -8 4 -3.576279E-07 -8 0.0999999 -0.5 -4.099998 0.0999999 -0.5000001 -7.900002 3.9 -0.5000002 -4.099998 3.9 -0.5000004 -7.900002 4 -0.5000001 -8 8 -0.5000002 -4 8 -0.5000004 -8 6 0.2000006 -6 4 0 -4 8 -2.384186E-07 -4 8 -3.576279E-07 -8 4.1 -0.5 -4.099998 4.1 -0.5000001 -7.900002 7.9 -0.5000002 -4.099998 7.9 -0.5000004 -7.900002 3.9 -0.5 -0.09999845 0.0999999 -0.5 -0.09999845 0 -0.5 2.185569E-08 0.0999999 -0.5 -0.09999845 0 -0.5 2.185569E-08 0 -0.5000002 -4 0.0999999 -0.5000002 -3.900002 4 -0.5 2.18557E-08 0 0 0 4 0 0 4 0 0 8 -2.384186E-07 1.042161E-14 0 0 -4 7.9 -0.5000002 -0.09999845 8 -0.5000002 2.185571E-08 4 -0.5 2.18557E-08 4.1 -0.5 -0.09999845 4 0 0 0 0 0 0 -0.5 2.185569E-08 4 -0.5 2.18557E-08 4.1 -0.5000001 -7.900002 7.9 -0.5000004 -7.900002 8 -0.5000004 -8 8 -2.384186E-07 -4 8 -3.576279E-07 -8 4 0 -4 0.0999999 -0.5000002 -3.900002 0 -0.5000002 -4 3.9 -0.5000002 -3.900002 7.9 -0.5000004 -7.900002 8 -0.5000004 -8 8 -0.5000002 -4 7.9 -0.5000002 -4.099998 3.9 -0.5000002 -3.900002 4 -0.5000002 -4 4 -0.5 2.18557E-08 3.9 -0.5 -0.09999845 4.1 -0.5000001 -3.900002 4 -0.5000002 -4 8 -0.5000002 -4 7.9 -0.5000004 -3.900002 8 -2.384186E-07 -4 8 -2.384186E-07 1.042161E-14 8 -0.5000002 2.185571E-08 8 -0.5000002 -4 7.9 -0.5000004 -3.900002 8 -0.5000002 -4 8 -0.5000002 2.185571E-08 7.9 -0.5000002 -0.09999845 4.1 -0.5 -0.09999845 4 -0.5 2.18557E-08 4 -0.5000002 -4 4.1 -0.5000001 -3.900002 0.0999999 -0.5000001 -7.900002 4 -0.5000001 -8 3.9 -0.5000004 -7.900002 0 -1.192093E-07 -8 4 -3.576279E-07 -8 4 -0.5000001 -8 0 -0.5000001 -8 0 0 -4 0 -1.192093E-07 -8 0 -0.5000001 -8 0 -0.5000002 -4 3.9 -0.5000002 -4.099998 4 -0.5000002 -4 0 -0.5000002 -4 0.0999999 -0.5 -4.099998 3.9 -0.5000004 -7.900002 4 -0.5000001 -8 4 -0.5000002 -4 3.9 -0.5000002 -4.099998 0.0999999 -0.5 -4.099998 0 -0.5000002 -4 0 -0.5000001 -8 0.0999999 -0.5000001 -7.900002 4 -3.576279E-07 -8 4 -3.576279E-07 -8 8 -3.576279E-07 -8 8 -0.5000004 -8 4 -0.5000001 -8 7.9 -0.5000002 -4.099998 8 -0.5000002 -4 4 -0.5000002 -4 4.1 -0.5 -4.099998 4.1 -0.5 -4.099998 4 -0.5000002 -4 4 -0.5000001 -8 4.1 -0.5000001 -7.900002 0 0 -4 4 0 -4 8 -2.384186E-07 -4 4 0 -4  
			<Colors>: 0  
			<TextureCoords0>: 132 0.3103027 0.440918 0.4017706 0.659668 0.6998373 0.5157197 0.5369462 0.6276938 0.3901367 0.5964355 0.3898926 0.4174805 0.2111816 0.5964355 0.2111816 0.4174805 0.3103027 0.5966797 0.536706 0.6259766 0.7001196 0.5148355 0.4015304 0.6579508 0.536706 0.6579508 0.3901367 0.5964355 0.3898926 0.4174805 0.2111816 0.5964355 0.2111816 0.4174805 0.2678223 0.4423828 0.2678223 0.5966797 0.7001196 0.5148355 0.4017706 0.6276938 0.7999654 0.4149895 0.6002736 0.4149895 0.3901367 0.5964355 0.3898926 0.4174805 0.2111816 0.5964355 0.2111816 0.4174805 0.2678223 0.4423828 0.536706 0.659668 0.2678223 0.5966797 0.6998373 0.5157197 0.7996833 0.4158737 0.536706 0.6276938 0.4017706 0.6276938 0.3901367 0.5964355 0.3898926 0.4174805 0.2111816 0.5964355 0.2111816 0.4174805 0.298584 0.5917969 0.298584 0.4467773 0.5369462 0.659668 0.3100586 0.5922852 0.3195801 0.5976563 0.3195801 0.4423828 0.3100586 0.4472656 0.4015304 0.6259766 0.5999913 0.6155655 0.5999913 0.4158738 0.7999654 0.6146815 0.6002736 0.6146815 0.7996833 0.6155655 0.298584 0.5917969 0.3103027 0.5966797 0.3103027 0.440918 0.298584 0.4467773 0.536706 0.6579508 0.4015304 0.6579508 0.4015304 0.6259766 0.536706 0.6259766 0.2788086 0.4467773 0.2788086 0.5908203 0.4017706 0.659668 0.5999913 0.4158738 0.7996833 0.4158737 0.5999913 0.6155655 0.2788086 0.4467773 0.2678223 0.4423828 0.2788086 0.5908203 0.2409668 0.5917969 0.2504883 0.5966797 0.2504883 0.4423828 0.2409668 0.4467773 0.2409668 0.5917969 0.2504883 0.5966797 0.2504883 0.4423828 0.2409668 0.4467773 0.2788086 0.4467773 0.2678223 0.4423828 0.2678223 0.5966797 0.2788086 0.5908203 0.4017706 0.6276938 0.536706 0.6276938 0.536706 0.659668 0.4017706 0.659668 0.2409668 0.5917969 0.2504883 0.5966797 0.2504883 0.4423828 0.2409668 0.4467773 0.3100586 0.5922852 0.3195801 0.5976563 0.3195801 0.4423828 0.3100586 0.4472656 0.2788086 0.4467773 0.2678223 0.5966797 0.2788086 0.5908203 0.4017706 0.6276938 0.536706 0.6276938 0.536706 0.659668 0.4017706 0.659668 0.5369462 0.6276938 0.4017706 0.6276938 0.4017706 0.659668 0.5369462 0.659668 0.298584 0.5917969 0.3103027 0.5966797 0.3103027 0.440918 0.298584 0.4467773 0.2409668 0.5917969 0.2504883 0.5966797 0.2504883 0.4423828 0.2409668 0.4467773 0.3100586 0.5922852 0.3195801 0.5976563 0.3195801 0.4423828 0.3100586 0.4472656 0.7996833 0.6155655 0.4017706 0.6276938 0.536706 0.6276938 0.536706 0.659668 0.4017706 0.659668 0.298584 0.5917969 0.3103027 0.5966797 0.3103027 0.440918 0.298584 0.4467773 0.3100586 0.5922852 0.3195801 0.5976563 0.3195801 0.4423828 0.3100586 0.4472656 0.7999654 0.6146815 0.7999654 0.4149895 0.6002736 0.4149895 0.6002736 0.6146815  
			<TextureCoords1>: 132 0.494873 0.9960938 0.2468311 0.4365836 0.3692011 0.8743288 0.489756 0.4062181 0.500946 0.9900206 0.7317249 0.9900206 0.500946 0.7592422 0.7317249 0.7592422 0.4948728 0.7531691 0.4897561 0.4708555 0.3692014 0.6307989 0.2468312 0.4404899 0.4897561 0.4404899 0.5009459 0.7470961 0.7317247 0.747096 0.5009459 0.5163177 0.7317247 0.5163177 0.9807232 0.9960938 0.7377979 0.7531692 0.1256713 0.8743286 0.2468311 0.4062181 0.00390625 0.9960938 0.003906283 0.7525637 0.7438712 0.9900206 0.97465 0.9900206 0.7438712 0.7592423 0.97465 0.7592423 0.980723 0.7531691 0.2468312 0.5051274 0.9807228 0.5102445 0.1256714 0.6307987 0.2474363 0.7525637 0.2468312 0.4747618 0.4897561 0.4747618 0.743871 0.7470961 0.9746498 0.747096 0.743871 0.5163177 0.9746498 0.5163177 0.500946 0.7592422 0.500946 0.9900206 0.489756 0.4365836 0.500946 0.9900206 0.494873 0.9960938 0.7377981 0.9960938 0.7317249 0.9900206 0.2468312 0.4708555 0.4909659 0.9960938 0.4909661 0.7525639 0.4909661 0.7525639 0.4909664 0.509034 0.2474362 0.9960935 0.5009459 0.5163177 0.4948727 0.5102445 0.4948728 0.7531691 0.5009459 0.7470961 0.2468312 0.4404899 0.003906254 0.4404899 0.00390625 0.4708555 0.2468312 0.4708555 0.9746498 0.747096 0.9746498 0.5163177 0.4897561 0.5051274 0.2474363 0.5090338 0.003906349 0.5090337 0.2474363 0.7525637 0.7317249 0.9900206 0.7377981 0.9960938 0.7317249 0.7592422 0.9746498 0.5163177 0.9807228 0.5102445 0.7377977 0.5102445 0.743871 0.5163177 0.7317249 0.7592422 0.7377979 0.7531692 0.4948728 0.7531691 0.500946 0.7592422 0.7317247 0.747096 0.7377979 0.7531692 0.7377977 0.5102445 0.7317247 0.5163177 0.2468312 0.4747618 0.003906257 0.4747618 0.00390625 0.5051274 0.2468312 0.5051274 0.7317247 0.5163177 0.7377977 0.5102445 0.4948727 0.5102445 0.5009459 0.5163177 0.5009459 0.7470961 0.4948728 0.7531691 0.7377979 0.7531692 0.7317247 0.747096 0.97465 0.9900206 0.980723 0.7531691 0.97465 0.7592423 0.489756 0.3719462 0.2468311 0.3719462 0.2468311 0.4023118 0.489756 0.4023117 0.2468311 0.4062181 0.003906252 0.4062181 0.00390625 0.4365836 0.2468311 0.4365836 0.7438712 0.7592423 0.7377979 0.7531692 0.7377981 0.9960938 0.7438712 0.9900206 0.97465 0.7592423 0.980723 0.7531691 0.7377979 0.7531692 0.7438712 0.7592423 0.7438712 0.9900206 0.7377981 0.9960938 0.9807232 0.9960938 0.97465 0.9900206 0.003906283 0.7525637 0.2468311 0.3719462 0.003906252 0.3719462 0.00390625 0.4023118 0.2468311 0.4023118 0.743871 0.5163177 0.7377977 0.5102445 0.7377979 0.7531692 0.743871 0.7470961 0.743871 0.7470961 0.7377979 0.7531692 0.980723 0.7531691 0.9746498 0.747096 0.2474362 0.9960935 0.2474363 0.7525637 0.2474363 0.5090338 0.2474363 0.7525637  
			<Normals>: 132 0 -1 0 -1 0 0 0 1 0 -1 0 0 0 -1 0 0 -1 0 0 -1 0 0 -1 0 0 -1 0 0 0 1 0 1 0 0 0 1 0 0 1 0 -1 0 0 -1 0 0 -1 0 0 -1 0 0 -1 0 0 -1 0 0 1 0 -1 0 0 -0.04986787 0.9975101 -0.04986787 0 0.9987528 -0.04992849 0 -1 0 0 -1 0 0 -1 0 0 -1 0 0 -1 0 1 0 0 0 -1 0 0 1 0 0 1 0 1 0 0 1 0 0 0 -1 0 0 -1 0 0 -1 0 0 -1 0 0 -1 0 0 -1 0 -1 0 0 0 -1 0 0 -1 0 0 -1 0 0 -1 0 0 0 1 -0.04986787 0.9975101 0.04986787 0 0.9987528 0.04992849 0 0.9987528 0.04992849 0.04986787 0.9975101 0.04986787 -0.04992849 0.9987528 0 0 -1 0 0 -1 0 0 -1 0 0 -1 0 0 0 1 0 0 1 0 0 1 0 0 1 0 -1 0 0 -1 0 1 0 0 0.04992849 0.9987528 0 0.04986787 0.9975101 -0.04986787 0 1 0 0 -1 0 0 -1 0 0 -1 0 0 -1 0 0 -1 0 0 -1 0 0 -1 0 0 -1 0 0 -1 0 0 -1 0 0 -1 0 0 -1 0 0 -1 0 0 -1 0 0 -1 0 1 0 0 1 0 0 1 0 0 1 0 0 0 -1 0 0 -1 0 0 -1 0 0 -1 0 0 -1 0 0 -1 0 0 -1 0 0 -1 0 0 -1 0 0 -1 0 0 -1 0 0 0 -1 0 0 -1 0 0 -1 0 0 -1 -1 0 0 -1 0 0 -1 0 0 -1 0 0 0 -1 0 0 -1 0 0 -1 0 0 -1 0 0 -1 0 0 -1 0 0 -1 0 0 -1 0 0 -1 0 0 -1 0 0 -1 0 0 -1 0 0 0.9987528 -0.04992849 0 0 -1 0 0 -1 0 0 -1 0 0 -1 0 -1 0 0 -1 0 0 -1 0 0 -1 0 0 -1 0 0 -1 0 0 -1 0 0 -1 0 -0.04992849 0.9987528 0 0 1 0 0.04992849 0.9987528 0 0 1 0  
			<Tangents>: 132 0.4508662 0 0.8925916 0 3.539036E-09 1 -1.492415E-07 0 -1 0 4.116445E-08 1 -1 0 0 -1 0 0 -1 0 0 -1 0 0 -0.2461129 0 0.9692411 1 -5.960464E-08 0 -1 0 -6.529708E-16 1 -5.960464E-08 0 1 -5.960464E-08 0 -1 0 0 -1 0 0 -1 0 0 -1 0 0 -0.1379131 0 0.9904444 0.4606068 0 0.8876043 -1 0 0 0 0 1 -0.9987527 -0.0499297 5.793164E-06 -0.9999969 0.0001243291 0.002487112 -1 0 0 -1 0 0 -1 0 0 -1 0 0 -0.137913 0 0.9904444 0 2.980232E-08 1 0.4606019 0 0.8876069 -1.641798E-07 0 -1 -3.729182E-07 0 -1 0 2.980232E-08 1 0 2.980232E-08 1 -1 0 0 -1 0 0 -1 0 0 -1 0 0 -0.2394631 0 0.9709055 0.4719806 0 0.881609 0 4.470348E-08 1 -0.9358022 0 -0.3525256 -0.9336431 0 -0.3582047 -0.9685171 0 0.2489469 -0.9630945 0 0.2691635 1 -5.960464E-08 0 -5.716267E-06 0.04992971 -0.9987527 -7.508429E-08 0.04992849 -0.9987528 -0.9999969 -0.0001243288 0.002487106 -0.9987527 0.0499297 5.78728E-06 -0.002487332 -0.0001243401 -0.9999969 -0.2394588 0 0.9709065 -0.2461086 0 0.9692423 0.4508661 0 0.8925916 0.4719805 0 0.881609 1 0 0 1 0 0 1 0 0 1 0 0 -0.1319032 0 0.9912626 0.4790636 0 0.8777802 0 2.980232E-08 1 -0.002487184 0.0001243327 -0.9999969 -6.159756E-06 -0.04992969 -0.9987527 4.455873E-08 0 -1 -0.1319031 0 0.9912626 -0.137913 0 0.9904444 0.4790685 0 0.8777775 0.9674755 0 0.2529647 0.9664342 0 0.256914 0.9906946 0 -0.1361032 0.9887132 0 -0.1498205 0.9674751 0 0.2529664 0.9664338 0 0.2569157 0.9906946 0 -0.1361039 0.9887131 0 -0.1498212 -0.131901 0 0.9912629 -0.1379108 0 0.9904447 0.4606019 0 0.8876068 0.4790636 0 0.8777802 0 0 1 0 0 1 0 0 1 0 0 1 0.9674755 0 0.2529647 0.9664342 0 0.256914 0.9906946 0 -0.1361032 0.9887132 0 -0.1498205 -0.9358022 0 -0.3525256 -0.9336431 0 -0.3582047 -0.9685173 0 0.2489463 -0.9630947 0 0.269163 -0.1319033 0 0.9912626 0.4606035 0 0.887606 0.4790652 0 0.8777793 1 -4.71871E-09 0 1 -5.960465E-08 0 1 -5.488593E-08 0 1 0 0 0 -1.136213E-08 1 0 2.980232E-08 1 0 2.626329E-08 1 0 -1.490116E-08 1 -0.2394631 0 0.9709055 -0.2461129 0 0.9692412 0.4508661 0 0.8925916 0.4719805 0 0.881609 0.9674754 0 0.2529653 0.9664341 0 0.2569146 0.9906946 0 -0.1361038 0.9887131 0 -0.1498212 -0.9358022 0 -0.3525257 -0.933643 0 -0.3582047 -0.9685171 0 0.2489469 -0.9630945 0 0.2691636 -2.528676E-07 -0.04992849 -0.9987528 1 -5.488593E-08 0 1 0 0 1 -4.71871E-09 0 1 -5.960464E-08 0 -0.2394589 0 0.9709065 -0.2461087 0 0.9692422 0.4508645 0 0.8925924 0.4719788 0 0.8816099 -0.9358025 0 -0.3525249 -0.9336433 0 -0.358204 -0.9685171 0 0.2489468 -0.9630945 0 0.2691635 -0.9987528 -0.04992849 0 -1 0 0 -0.9987528 0.04992849 0 -1 0 0  
			<BiTangents>: 132 -0.8925916 0 0.4508662 0 1 -3.539036E-09 1 0 -1.492415E-07 0 1 -4.116445E-08 0 0 -1 0 0 -1 0 0 -1 0 0 -1 -0.9692411 0 -0.2461129 -5.960464E-08 -1 0 6.529708E-16 0 -1 -5.960464E-08 -1 0 -5.960464E-08 -1 0 0 0 -1 0 0 -1 0 0 -1 0 0 -1 -0.9904444 0 -0.1379131 -0.8876043 0 0.4606068 0 0 -1 0 1 0 0.00248411 -0.04980597 -0.9987558 -0.002490218 -0.04992833 -0.9987497 0 0 -1 0 0 -1 0 0 -1 0 0 -1 -0.9904444 0 -0.137913 0 1 -2.980232E-08 -0.8876069 0 0.4606019 1 0 -1.641798E-07 1 0 -3.729182E-07 0 1 -2.980232E-08 0 1 -2.980232E-08 0 0 -1 0 0 -1 0 0 -1 0 0 -1 -0.9709055 0 -0.2394631 -0.881609 0 0.4719806 0 1 -4.470348E-08 0.3525256 0 -0.9358022 0.3582047 0 -0.9336431 -0.2489469 0 -0.9685171 -0.2691635 0 -0.9630945 -5.960464E-08 -1 0 0.9987558 0.04980596 0.002484187 1 3.748845E-09 -7.499065E-08 -0.002490212 0.04992833 -0.9987497 0.002484116 0.04980597 -0.9987558 0.9987497 0.04992833 -0.002490438 -0.9709065 0 -0.2394588 -0.9692423 0 -0.2461086 -0.8925916 0 0.4508661 -0.881609 0 0.4719805 0 -1 0 0 -1 0 0 -1 0 0 -1 0 -0.9912626 0 -0.1319032 -0.8777802 0 0.4790636 0 1 -2.980232E-08 0.9987497 -0.04992833 -0.00249029 0.9987558 -0.04980598 0.002483743 1 0 4.455873E-08 -0.9912626 0 -0.1319031 -0.9904444 0 -0.137913 -0.8777775 0 0.4790685 -0.2529647 0 0.9674755 -0.256914 0 0.9664342 0.1361032 0 0.9906946 0.1498205 0 0.9887132 -0.2529664 0 0.9674751 -0.2569157 0 0.9664338 0.1361039 0 0.9906946 0.1498212 0 0.9887131 -0.9912629 0 -0.131901 -0.9904447 0 -0.1379108 -0.8876068 0 0.4606019 -0.8777802 0 0.4790636 0 1 0 0 1 0 0 1 0 0 1 0 -0.2529647 0 0.9674755 -0.256914 0 0.9664342 0.1361032 0 0.9906946 0.1498205 0 0.9887132 0.3525256 0 -0.9358022 0.3582047 0 -0.9336431 -0.2489463 0 -0.9685173 -0.269163 0 -0.9630947 -0.9912626 0 -0.1319033 -0.887606 0 0.4606035 -0.8777793 0 0.4790652 4.71871E-09 1 0 5.960465E-08 1 0 5.488593E-08 1 0 0 1 0 0 1 1.136213E-08 0 1 -2.980232E-08 0 1 -2.626329E-08 0 1 1.490116E-08 -0.9709055 0 -0.2394631 -0.9692412 0 -0.2461129 -0.8925916 0 0.4508661 -0.881609 0 0.4719805 -0.2529653 0 0.9674754 -0.2569146 0 0.9664341 0.1361038 0 0.9906946 0.1498212 0 0.9887131 0.3525257 0 -0.9358022 0.3582047 0 -0.933643 -0.2489469 0 -0.9685171 -0.2691636 0 -0.9630945 1 -1.26253E-08 -2.525522E-07 5.488593E-08 1 0 0 1 0 4.71871E-09 1 0 5.960464E-08 1 0 -0.9709065 0 -0.2394589 -0.9692422 0 -0.2461087 -0.8925924 0 0.4508645 -0.8816099 0 0.4719788 0.3525249 0 -0.9358025 0.358204 0 -0.9336433 -0.2489468 0 -0.9685171 -0.2691635 0 -0.9630945 0 0 -1 0 0 -1 0 0 -1 0 0 -1  
			<SubMeshes>: 1
				<SubMesh>: 0 216 5 7 6 5 6 4 38 8 0 38 0 39 3 20 1 3 1 40 41 42 43 41 43 44 14 16 15 14 15 13 12 11 45 12 45 9 46 47 2 48 49 10 31 50 2 51 52 53 51 53 54 24 26 25 24 25 23 21 128 19 47 31 2 55 56 57 55 57 58 22 21 19 35 37 36 35 36 34 59 27 29 59 29 60 50 46 2 33 32 28 33 28 61 62 63 30 64 62 30 65 66 18 65 18 67 68 69 70 68 70 71 72 73 74 72 74 75 76 77 78 76 78 79 129 48 10 80 81 82 80 82 83 49 130 10 130 129 10 84 85 86 84 86 87 88 89 90 88 90 91 92 17 93 92 93 94 95 96 97 95 97 98 131 22 19 128 131 19 99 100 101 99 101 102 103 104 105 103 105 106 107 108 109 107 109 110 111 112 113 111 113 114 115 64 30 116 117 118 116 118 119 63 115 30 120 121 122 120 122 123 124 125 126 124 126 127  
		</Mesh>
		<Materials>: 1
			<Material>: 0
				<AlbedoColor>: 1 1 1 1
				<EmissiveColor>: 0 0 0 0
				<Glossiness>: 0.04
				<Metallic>: 0
				<SpecularHighlight>: 1
				<GlossyReflection>: 1
				<AlbedoMap>: BLD_Villa2_A
				<MetallicMap>: BLD_Villa2_MS
				<NormalMap>: BLD_Villa2_N
				<EmissionMap>: null
				<DetailAlbedoMap>: DET_Concrete1_A
				<DetailNormalMap>: DET_Concrete1_N
		</Materials>
		<Children>: 0
	</Frame>
</Hierarchy>
